
[259667.022721] [AOA] Measurement: 0,1627215794.333572,b8:69:f4:d5:81:5e,2,1,1,0,128,357,80,957,402,979,981,326,167,366,975,607,251,752,711,63,118,74,1015,996,132,615,3,206,24,365,931,291,491,651,611,490,552,11,12,7,11,23,18,15,12,17,15,12,18,15,15,14,13,17,18,18,7,10,9,11,15,7,10,12,13,25,21,27,4
[259667.042917] [AOA] Measurement: 0,1627215794.353764,b8:69:f4:d5:81:5e,2,1,1,0,128,110,550,907,958,470,826,869,790,684,402,420,643,3,243,350,722,351,877,55,154,615,31,898,994,39,654,524,696,291,61,532,76,15,8,14,12,19,21,14,18,15,16,8,15,15,16,13,11,20,13,26,12,18,9,10,8,8,13,9,9,13,17,17,5
[259667.073522] [AOA] Measurement: 0,1627215794.384368,b8:69:f4:d5:81:5e,2,1,1,0,128,404,141,438,239,456,808,809,18,805,891,613,355,717,660,59,114,24,5,76,160,640,30,260,36,805,839,766,474,87,371,589,708,10,13,8,6,26,17,19,18,16,15,16,17,17,16,15,15,17,20,27,10,12,17,12,17,8,14,18,15,29,24,35,4
[259667.099534] [AOA] Measurement: 0,1627215794.410381,b8:69:f4:d5:81:5e,2,1,1,0,128,869,290,405,221,433,778,782,1006,335,0,508,348,811,742,635,330,521,191,592,401,90,846,755,909,781,839,210,570,582,581,324,383,13,10,10,9,22,16,17,17,16,18,17,17,18,17,17,13,16,21,28,8,14,17,17,18,15,17,19,17,24,26,31,9
[259667.121059] [AOA] Measurement: 0,1627215794.431912,b8:69:f4:d5:81:5e,2,1,1,0,128,368,187,446,279,439,823,826,72,365,110,205,630,279,899,661,349,576,244,76,198,77,880,298,41,256,1006,233,634,622,640,509,640,12,12,9,12,23,18,20,16,18,16,18,15,17,15,15,11,16,21,29,11,15,18,15,16,14,17,20,18,26,23,34,7
[259667.152514] [AOA] Measurement: 0,1627215794.463360,b8:69:f4:d5:81:5e,2,1,1,0,128,590,722,963,966,426,770,841,708,675,386,334,683,528,459,819,907,223,766,126,216,518,31,907,921,549,476,516,651,358,4,1005,595,10,16,7,10,25,19,18,17,23,15,18,17,15,16,16,13,12,17,25,9,17,17,12,18,11,14,18,17,28,29,36,10
[259667.177207] [AOA] Measurement: 0,1627215794.488060,b8:69:f4:d5:81:5e,2,1,1,0,128,118,592,984,988,463,830,858,752,184,568,413,676,967,169,914,974,303,821,58,101,576,996,935,987,582,532,498,699,316,1006,67,640,10,11,8,8,21,21,19,15,18,14,17,17,18,14,17,13,15,22,30,12,15,13,17,17,15,19,20,14,25,24,36,9
[259667.203825] [AOA] Measurement: 0,1627215794.514671,b8:69:f4:d5:81:5e,2,1,1,0,128,109,610,969,1001,975,1003,849,723,619,340,199,659,976,224,344,709,726,678,569,12,586,46,890,998,4,701,35,820,235,994,367,851,13,13,13,11,26,22,19,20,17,17,20,20,19,19,16,16,17,23,29,12,16,17,17,17,20,21,22,22,33,34,38,9
[259667.227263] [AOA] Measurement: 0,1627215794.538116,b8:69:f4:d5:81:5e,2,1,1,0,128,363,148,439,292,457,814,787,1023,841,892,600,359,781,764,75,135,1016,17,1015,181,590,24,738,859,808,838,773,471,636,620,105,238,14,11,10,7,21,17,17,18,17,19,17,18,16,16,16,11,13,21,26,12,13,15,14,18,12,18,18,21,25,23,34,8
[259667.253886] [AOA] Measurement: 0,1627215794.564739,b8:69:f4:d5:81:5e,2,1,1,0,128,340,168,476,276,9,6,279,223,835,885,564,417,734,705,99,155,574,242,652,465,669,23,726,869,797,846,797,465,37,377,700,933,10,9,12,7,24,18,18,15,17,15,16,17,13,15,14,11,22,11,21,16,11,17,13,13,20,21,18,17,23,24,31,6
[259667.283982] [AOA] Measurement: 0,1627215794.594835,b8:69:f4:d5:81:5e,2,1,1,0,128,352,162,976,503,940,984,311,219,366,88,607,396,307,925,96,158,624,204,628,419,684,1021,209,32,262,973,237,637,632,619,976,1014,13,15,8,9,24,18,16,20,21,15,15,16,19,18,18,13,12,21,22,5,14,12,15,16,12,16,15,18,28,22,32,6
[259667.306710] [AOA] Measurement: 0,1627215794.617562,b8:69:f4:d5:81:5e,2,1,1,0,128,335,221,383,229,437,773,735,23,765,879,558,386,809,748,97,62,7,57,157,254,625,47,245,1011,797,836,762,456,23,420,561,800,11,10,9,9,23,19,21,16,17,12,20,19,15,13,15,13,13,16,23,15,11,14,14,18,13,20,20,15,28,23,34,8
[259667.336174] [AOA] Measurement: 0,1627215794.647022,b8:69:f4:d5:81:5e,2,1,1,0,128,889,355,930,445,465,814,787,1,335,27,576,438,740,705,630,320,1010,74,644,450,646,985,293,69,296,17,274,683,653,672,666,779,13,8,11,10,23,19,21,17,25,20,20,15,20,14,15,15,24,19,26,20,18,19,15,19,19,21,24,16,25,27,40,13
[259667.363848] [AOA] Measurement: 0,1627215794.674694,b8:69:f4:d5:81:5e,2,1,1,0,128,316,101,929,409,956,5,821,956,816,857,697,366,695,692,39,44,562,146,437,236,113,879,267,87,404,98,381,674,638,589,438,535,12,16,12,12,25,20,21,22,21,17,20,20,17,20,18,18,16,15,30,13,14,12,15,16,16,19,25,16,29,27,34,7
[259667.389165] [AOA] Measurement: 0,1627215794.700017,b8:69:f4:d5:81:5e,2,1,1,0,128,344,154,406,274,475,808,776,983,820,833,654,424,757,764,55,112,1001,28,95,133,581,1009,758,886,841,819,703,454,83,398,672,919,11,8,14,9,20,19,14,15,14,19,6,18,16,13,12,8,14,12,22,11,16,13,13,7,12,11,6,13,14,17,16,10
[259667.413281] [AOA] Measurement: 0,1627215794.724127,b8:69:f4:d5:81:5e,2,1,1,0,128,859,251,413,278,977,1,777,1007,786,865,553,292,818,791,596,345,565,304,599,348,105,887,339,103,324,48,262,642,665,628,177,187,8,8,12,7,21,18,18,15,17,13,21,12,13,14,13,11,19,16,25,17,9,14,15,14,17,23,22,17,22,30,34,8
[259667.440321] [AOA] Measurement: 0,1627215794.751171,b8:69:f4:d5:81:5e,2,1,1,0,128,311,125,437,277,466,834,298,209,333,74,183,617,765,718,637,370,43,97,1022,143,85,853,329,61,253,1011,240,601,87,424,247,399,13,7,12,15,21,21,16,17,14,19,6,16,15,18,13,9,19,12,29,10,16,14,16,14,15,11,7,16,15,18,17,9
[259667.469686] [AOA] Measurement: 0,1627215794.780539,b8:69:f4:d5:81:5e,2,1,1,0,128,117,636,970,986,387,783,862,763,652,446,969,846,15,252,871,906,747,625,528,40,555,1020,414,808,537,436,602,661,346,25,69,522,6,8,10,8,29,21,22,16,21,17,21,14,13,16,15,12,26,19,34,19,15,20,17,17,20,26,20,17,25,27,35,12
[259667.491071] [AOA] Measurement: 0,1627215794.801892,b8:69:f4:d5:81:5e,2,1,1,0,128,71,586,967,1019,390,816,888,853,707,399,394,653,903,165,251,614,725,593,560,974,52,846,400,786,633,523,626,671,311,1012,650,299,10,8,17,15,17,19,18,16,16,19,10,19,16,16,14,10,16,16,28,10,12,17,17,14,11,14,14,16,17,22,20,9
[259667.528288] [AOA] Measurement: 0,1627215794.839133,b8:69:f4:d5:81:5e,2,1,1,0,128,192,214,701,153,404,752,838,964,852,855,665,795,9,487,365,1014,33,501,372,326,786,264,269,184,597,27,485,1000,600,892,407,574,14,8,12,10,18,19,13,17,15,20,6,18,10,12,12,12,15,14,24,12,15,16,14,13,13,14,8,16,7,15,17,12
[259667.554824] [AOA] Measurement: 0,1627215794.865669,b8:69:f4:d5:81:5e,2,1,1,0,128,388,126,516,296,40,33,300,218,322,68,124,579,265,976,92,172,592,274,692,452,93,785,738,806,874,909,749,509,50,401,979,96,6,8,6,7,24,19,17,12,17,13,18,14,12,9,12,9,22,17,25,22,14,19,19,15,17,20,24,15,20,27,26,9
[259667.579516] [AOA] Measurement: 0,1627215794.890367,b8:69:f4:d5:81:5e,2,1,1,0,128,371,110,374,287,473,829,828,82,379,83,180,607,264,931,664,319,570,327,610,389,625,0,778,868,322,87,187,602,616,622,291,383,9,6,6,10,22,18,16,12,19,14,20,17,12,15,14,7,26,20,28,23,19,19,20,17,19,18,25,17,26,31,32,7
[259667.602999] [AOA] Measurement: 0,1627215794.913845,b8:69:f4:d5:81:5e,2,1,1,0,128,388,137,484,280,425,818,833,17,843,913,618,413,757,743,71,94,998,47,50,255,156,932,738,820,859,892,741,449,61,411,235,411,7,4,7,5,17,19,18,13,13,12,17,13,10,10,11,6,20,13,21,17,15,17,15,14,19,14,20,12,21,24,29,6
[259667.632419] [AOA] Measurement: 0,1627215794.943267,b8:69:f4:d5:81:5e,2,1,1,0,128,965,388,981,543,921,953,832,15,347,94,205,535,712,704,19,128,980,1007,71,126,649,78,274,46,747,858,811,475,571,601,787,23,10,6,7,7,19,17,17,13,16,13,15,13,14,14,13,8,23,16,22,13,13,16,18,18,16,19,23,14,20,22,35,7
[259667.658444] [AOA] Measurement: 0,1627215794.969295,b8:69:f4:d5:81:5e,2,1,1,0,128,365,124,39,545,404,830,787,33,813,862,615,422,246,957,604,369,40,158,64,194,81,823,737,869,846,845,730,462,54,387,20,233,8,7,9,10,18,19,18,14,17,12,20,15,13,13,11,6,26,17,24,23,14,16,16,16,19,20,16,14,22,26,34,10
[259667.679207] [AOA] Measurement: 0,1627215794.990058,b8:69:f4:d5:81:5e,2,1,1,0,128,348,145,370,210,429,829,841,20,797,863,616,300,741,766,66,118,629,317,566,357,622,1002,276,66,301,1020,163,458,989,323,689,896,13,6,19,11,18,19,15,18,14,22,8,21,18,17,12,9,18,15,25,12,15,13,14,11,15,10,10,16,14,18,20,5
[259667.707821] [AOA] Measurement: 0,1627215795.018668,b8:69:f4:d5:81:5e,2,1,1,0,128,401,157,339,302,1010,984,786,75,797,903,134,617,758,779,603,296,19,40,134,236,605,991,739,888,815,824,775,444,591,611,1007,96,8,13,6,7,15,13,13,13,20,13,17,13,15,12,13,9,11,15,20,6,13,10,13,12,11,9,17,14,20,19,27,1
[259667.737119] [AOA] Measurement: 0,1627215795.047967,b8:69:f4:d5:81:5e,2,1,1,0,128,961,353,992,544,994,980,315,244,369,58,571,366,292,959,677,316,919,20,83,240,60,806,778,856,811,816,266,639,591,583,980,128,13,6,16,12,18,19,17,18,18,20,9,20,18,15,12,11,16,18,24,14,18,13,12,11,13,10,14,15,13,17,17,11
[259667.763590] [AOA] Measurement: 0,1627215795.074436,b8:69:f4:d5:81:5e,2,1,1,0,128,126,642,981,975,991,18,815,695,678,340,335,639,951,166,294,702,712,570,87,164,601,61,937,971,118,694,5,810,950,260,113,621,13,9,13,14,17,20,20,17,10,20,8,21,15,16,12,11,17,11,22,13,15,11,13,12,12,11,12,13,10,13,21,9
[259667.788899] [AOA] Measurement: 0,1627215795.099750,b8:69:f4:d5:81:5e,2,1,1,0,128,321,102,399,275,472,834,801,52,790,863,567,278,754,743,32,116,53,1022,1017,136,5,823,746,901,355,932,664,381,5,317,7,128,12,6,16,13,19,19,19,19,15,18,11,13,13,16,13,9,14,16,25,12,15,16,13,11,13,10,9,14,14,17,21,9
[259667.812237] [AOA] Measurement: 0,1627215795.123084,b8:69:f4:d5:81:5e,2,1,1,0,128,626,794,903,972,352,765,886,781,590,346,279,601,993,238,334,653,735,654,61,164,614,48,873,978,570,501,92,856,842,187,734,216,5,4,6,8,21,13,16,14,17,9,15,14,10,11,11,8,24,18,22,17,14,16,17,15,15,16,19,15,17,19,30,5
[259667.841770] [AOA] Measurement: 0,1627215795.152617,b8:69:f4:d5:81:5e,2,1,1,0,128,421,123,471,269,412,774,797,96,790,804,647,398,755,743,38,133,52,126,554,384,9,795,782,855,783,838,732,367,27,368,311,489,11,5,19,12,14,24,17,19,14,21,10,17,15,17,11,13,19,16,26,12,16,11,14,14,14,16,9,15,12,18,23,9
[259667.862945] [AOA] Measurement: 0,1627215795.173796,b8:69:f4:d5:81:5e,2,1,1,0,128,365,130,972,444,489,823,792,1,807,874,556,326,691,723,46,102,44,75,609,401,598,31,277,10,756,768,657,334,17,388,721,0,12,9,17,8,19,15,13,17,17,16,3,18,16,14,14,8,15,15,27,13,14,14,12,12,13,12,12,17,13,18,18,9
[259667.888384] [AOA] Measurement: 0,1627215795.199234,b8:69:f4:d5:81:5e,2,1,1,0,128,433,156,385,248,1001,2,809,59,794,844,556,360,708,759,79,162,86,65,38,156,38,800,679,860,748,744,729,408,527,496,458,716,14,9,8,7,23,20,19,17,17,16,20,14,13,16,15,14,17,18,26,11,10,17,17,18,12,16,15,16,22,24,34,3
[259667.914460] [AOA] Measurement: 0,1627215795.225310,b8:69:f4:d5:81:5e,2,1,1,0,128,352,55,364,185,408,758,781,23,834,921,567,272,777,728,621,326,88,28,563,284,588,987,174,980,815,801,197,577,547,502,216,383,7,9,9,9,21,14,17,15,17,16,18,19,14,14,14,11,18,22,25,13,13,21,16,17,13,13,18,17,21,20,32,5
[259667.948325] [AOA] Measurement: 0,1627215795.259175,b8:69:f4:d5:81:5e,2,1,1,0,128,60,564,942,946,953,1014,375,988,220,573,992,885,583,417,813,895,803,704,27,228,601,36,890,991,131,639,75,905,984,312,173,480,10,6,12,12,17,17,14,16,12,18,7,17,14,13,12,7,13,15,18,11,15,12,13,10,13,12,7,12,10,15,17,9
[259667.972164] [AOA] Measurement: 0,1627215795.283010,b8:69:f4:d5:81:5e,2,1,1,0,128,95,573,883,951,389,812,394,948,250,676,913,808,523,386,833,892,244,780,497,942,73,759,394,859,482,371,123,851,859,185,375,837,10,7,13,12,15,17,15,16,11,17,5,16,13,14,8,8,11,14,23,11,13,11,10,8,8,7,9,12,13,13,20,4
[259668.001208] [AOA] Measurement: 0,1627215795.312054,b8:69:f4:d5:81:5e,2,1,1,0,128,618,724,467,127,980,21,435,1020,200,582,812,790,588,466,839,877,806,609,99,184,531,3,904,978,148,735,149,894,903,235,633,40,14,11,15,13,19,23,16,20,13,21,6,21,20,17,13,9,15,20,26,13,13,11,13,9,14,12,6,12,14,20,15,12
[259668.026399] [AOA] Measurement: 0,1627215795.337250,b8:69:f4:d5:81:5e,2,1,1,0,128,138,589,980,941,348,729,916,743,227,615,1006,833,456,328,228,633,750,618,489,971,976,834,294,710,547,444,547,682,375,35,427,880,13,10,17,11,18,25,17,17,16,21,10,19,18,17,14,11,15,20,22,11,19,14,19,14,12,12,8,14,14,20,23,9
[259668.050701] [AOA] Measurement: 0,1627215795.361552,b8:69:f4:d5:81:5e,2,1,1,0,128,695,704,484,142,1023,978,452,1001,532,300,293,680,29,328,853,869,132,813,518,959,13,808,893,4,123,733,60,872,794,129,224,699,13,9,16,11,24,23,14,15,16,19,6,15,15,14,15,10,18,15,23,6,13,9,16,10,11,6,7,14,12,18,24,9
[259668.079175] [AOA] Measurement: 0,1627215795.390022,b8:69:f4:d5:81:5e,2,1,1,0,128,681,730,1021,1021,952,996,894,766,721,430,865,877,982,257,869,853,686,578,575,1017,555,998,355,836,98,696,132,965,888,193,188,570,16,5,16,12,17,17,19,18,14,17,6,13,17,17,11,8,10,13,21,9,13,10,10,11,13,8,10,13,11,17,20,9
[259668.106965] [AOA] Measurement: 0,1627215795.417817,b8:69:f4:d5:81:5e,2,1,1,0,128,114,631,1005,1023,873,978,901,778,696,364,912,895,996,307,335,757,733,625,491,944,138,922,445,889,548,397,588,650,441,32,528,992,7,10,6,7,23,18,16,12,15,16,13,18,13,14,15,10,15,21,20,10,17,10,13,17,14,11,17,18,22,21,37,5
[259668.128553] [AOA] Measurement: 0,1627215795.439404,b8:69:f4:d5:81:5e,2,1,1,0,128,145,516,986,15,433,798,829,742,671,399,904,885,543,434,906,822,698,591,573,895,9,834,396,860,579,486,570,633,356,69,73,552,11,11,12,11,14,19,16,14,13,14,5,13,16,14,10,8,16,10,22,8,12,9,11,9,9,6,1,9,10,15,19,5
[259668.157802] [AOA] Measurement: 0,1627215795.468650,b8:69:f4:d5:81:5e,2,1,1,0,128,163,613,953,1023,434,812,911,718,655,391,322,598,10,278,408,742,669,573,490,921,8,895,430,764,564,525,584,696,303,990,243,757,1,0,3,1,11,13,14,3,4,10,8,2,5,4,2,7,11,9,10,3,6,15,1,14,11,9,7,2,5,9,9,5
[259668.184675] [AOA] Measurement: 0,1627215795.495522,b8:69:f4:d5:81:5e,2,1,1,0,128,622,758,882,11,919,961,917,737,698,437,300,652,53,293,349,704,707,587,542,881,58,791,320,820,574,545,554,689,293,61,35,578,11,10,14,9,17,17,12,13,9,20,5,17,12,13,10,10,15,16,25,9,13,11,11,8,16,11,8,13,11,17,17,7
[259668.211424] [AOA] Measurement: 0,1627215795.522271,b8:69:f4:d5:81:5e,2,1,1,0,128,656,735,983,25,451,825,841,758,577,334,428,617,979,178,299,745,776,676,496,0,62,886,375,796,108,705,24,825,376,33,63,512,14,7,14,11,20,21,14,13,13,19,7,18,14,14,13,13,22,17,22,11,15,13,15,10,10,15,12,11,9,16,21,7
[259668.236353] [AOA] Measurement: 0,1627215795.547205,b8:69:f4:d5:81:5e,2,1,1,0,128,688,687,947,1018,987,990,833,769,696,417,385,657,532,466,910,940,277,795,107,169,633,99,950,997,85,657,122,867,940,256,915,299,6,5,12,6,13,13,12,8,11,13,2,11,14,13,7,8,18,11,13,3,12,11,12,12,10,7,13,12,8,17,19,6
[259668.258780] [AOA] Measurement: 0,1627215795.569629,b8:69:f4:d5:81:5e,2,1,1,0,128,633,748,959,17,14,36,819,737,597,332,935,880,512,425,964,919,652,597,538,903,1021,778,378,786,512,519,111,874,295,1023,228,812,9,12,6,5,17,15,17,13,15,11,19,17,13,9,13,8,15,20,23,10,13,14,15,17,13,9,18,11,25,24,28,1
[259668.289198] [AOA] Measurement: 0,1627215795.600044,b8:69:f4:d5:81:5e,2,1,1,0,128,649,776,555,253,974,1015,356,924,201,608,780,812,487,373,978,950,714,617,499,778,1020,824,416,874,614,444,145,880,275,998,588,1006,2,2,8,3,11,12,8,5,5,6,3,1,2,0,4,4,1,2,9,10,2,7,8,5,5,5,6,3,4,4,10,8
[259668.310032] [AOA] Measurement: 0,1627215795.620883,b8:69:f4:d5:81:5e,2,1,1,0,128,62,543,1000,40,487,817,814,675,690,359,456,710,948,222,265,689,329,844,493,988,61,882,387,834,550,598,582,710,1005,253,226,768,13,7,14,12,21,19,17,14,15,19,5,21,16,16,14,11,14,15,21,5,18,17,16,10,15,11,13,14,13,15,22,8
[259668.342346] [AOA] Measurement: 0,1627215795.653197,b8:69:f4:d5:81:5e,2,1,1,0,128,996,386,367,273,461,816,772,19,762,857,593,393,826,835,625,329,625,355,629,444,645,24,315,43,304,990,724,369,0,328,802,96,5,0,3,4,11,13,6,5,4,6,5,4,2,1,4,5,2,3,6,11,2,5,4,6,6,7,7,1,7,5,7,5
[259668.362059] [AOA] Measurement: 0,1627215795.672906,b8:69:f4:d5:81:5e,2,1,1,0,128,121,533,974,1003,440,818,908,722,639,343,402,686,953,225,329,644,676,598,537,918,50,857,397,801,560,514,471,603,344,48,27,683,2,3,6,2,8,12,11,3,6,11,4,2,3,3,4,8,6,7,12,7,5,17,3,11,11,13,14,5,7,6,9,3
[259668.389466] [AOA] Measurement: 0,1627215795.700317,b8:69:f4:d5:81:5e,2,1,1,0,128,967,167,401,921,534,849,799,719,577,768,517,799,403,100,365,211,901,1001,953,559,333,808,418,878,573,883,19,614,286,174,512,216,13,7,13,16,18,16,14,15,14,18,6,17,13,13,10,6,14,9,17,11,13,10,9,7,7,9,5,7,6,10,13,8
[259668.415724] [AOA] Measurement: 0,1627215795.726570,b8:69:f4:d5:81:5e,2,1,1,0,128,646,801,555,240,919,977,934,820,221,571,947,850,520,428,939,873,707,609,503,980,1008,788,478,894,555,511,601,671,898,156,165,741,12,8,16,13,18,18,13,15,16,15,4,18,15,21,15,13,18,15,21,8,15,11,13,13,13,10,11,12,12,20,18,9
[259668.443759] [AOA] Measurement: 0,1627215795.754608,b8:69:f4:d5:81:5e,2,1,1,0,128,176,691,991,1,993,0,381,918,674,388,883,841,536,468,879,867,253,808,38,148,616,29,910,990,117,767,479,628,415,28,272,866,6,5,12,5,8,15,6,5,3,6,1,5,1,4,4,2,6,5,7,11,2,5,13,3,10,7,7,4,9,11,14,7
[259668.463594] [AOA] Measurement: 0,1627215795.774441,b8:69:f4:d5:81:5e,2,1,1,0,128,482,178,458,327,426,791,806,63,309,2,175,593,345,1017,627,340,598,287,551,413,38,860,784,905,379,14,308,565,652,628,128,256,9,8,9,6,24,14,20,14,14,14,18,18,14,13,16,11,15,20,28,12,13,16,19,15,20,11,21,15,24,16,33,3
[259668.495240] [AOA] Measurement: 0,1627215795.806087,b8:69:f4:d5:81:5e,2,1,1,0,128,564,784,533,221,410,826,898,741,724,396,934,891,497,382,867,930,216,821,44,224,564,1019,399,822,73,733,93,813,405,10,480,71,10,6,17,11,15,16,11,14,10,16,6,12,12,12,9,4,13,9,20,5,13,11,12,4,7,8,4,9,13,12,13,6
[259668.522122] [AOA] Measurement: 0,1627215795.832969,b8:69:f4:d5:81:5e,2,1,1,0,128,191,604,987,1015,979,1022,427,2,195,587,1003,822,567,475,864,880,269,842,64,153,644,126,893,976,38,689,81,874,986,235,968,459,9,10,8,6,18,14,19,14,12,13,17,17,13,10,13,6,10,20,26,10,12,10,12,13,17,10,17,11,19,19,30,1
[259668.549619] [AOA] Measurement: 0,1627215795.860471,b8:69:f4:d5:81:5e,2,1,1,0,128,664,779,506,159,958,985,382,972,243,598,920,823,551,447,869,855,623,589,517,51,69,921,960,68,112,752,40,894,981,259,415,912,12,7,13,11,20,19,17,17,15,19,7,22,13,17,13,8,16,13,28,9,16,17,13,10,12,12,10,15,16,19,16,10
[259668.571846] [AOA] Measurement: 0,1627215795.882693,b8:69:f4:d5:81:5e,2,1,1,0,128,63,542,943,30,355,776,840,741,631,430,310,646,1000,262,903,865,329,814,6,65,610,22,860,974,152,762,157,894,877,192,579,962,12,6,14,11,16,19,17,14,13,16,6,14,16,12,10,6,12,10,21,11,11,8,12,7,9,9,8,8,12,12,15,8
[259668.599982] [AOA] Measurement: 0,1627215795.910834,b8:69:f4:d5:81:5e,2,1,1,0,128,127,531,910,968,366,732,841,713,633,346,296,580,906,145,392,649,737,635,400,709,974,744,164,665,532,501,427,595,182,977,715,308,12,10,11,11,16,15,14,11,13,11,7,11,14,12,5,6,16,12,23,6,10,9,6,6,10,5,4,13,9,10,10,6
[259668.626807] [AOA] Measurement: 0,1627215795.937652,b8:69:f4:d5:81:5e,2,1,1,0,128,140,540,485,177,403,807,914,863,671,381,974,829,512,368,299,692,755,592,526,968,51,786,314,767,119,736,60,778,270,956,962,480,12,8,18,13,21,20,15,15,10,17,7,14,16,15,7,7,15,12,29,12,14,6,12,7,9,10,8,11,12,10,17,7
[259668.653724] [AOA] Measurement: 0,1627215795.964575,b8:69:f4:d5:81:5e,2,1,1,0,128,921,318,454,351,500,816,335,319,368,60,202,604,349,973,578,261,563,240,620,408,636,118,361,71,418,7,237,584,65,396,772,1001,18,13,20,17,20,22,18,21,24,19,10,21,16,18,13,12,17,12,29,15,19,16,17,16,12,17,9,17,14,21,21,13
[259668.676161] [AOA] Measurement: 0,1627215795.987010,b8:69:f4:d5:81:5e,2,1,1,0,128,616,756,510,203,957,990,903,799,695,371,371,650,582,441,887,924,315,827,34,87,601,30,846,1015,102,784,105,823,945,202,971,499,12,8,12,8,17,14,14,14,15,21,7,17,15,20,11,12,15,14,29,13,12,14,13,12,13,9,11,13,15,18,22,8
[259668.705524] [AOA] Measurement: 0,1627215796.016368,b8:69:f4:d5:81:5e,2,1,1,0,128,756,477,258,231,368,793,939,951,798,447,769,740,938,465,874,153,7,164,315,246,21,832,704,881,637,1,755,692,929,173,716,194,12,8,11,8,10,13,13,13,10,11,8,6,10,9,3,3,5,2,15,10,15,5,9,5,5,6,4,6,9,4,11,4
[259668.732824] [AOA] Measurement: 0,1627215796.043669,b8:69:f4:d5:81:5e,2,1,1,0,128,91,565,980,18,934,968,395,932,212,628,304,641,544,435,959,930,291,788,27,30,562,1001,421,817,186,730,173,908,898,188,854,303,13,6,16,12,14,17,17,17,15,17,12,17,15,13,13,11,16,11,25,6,19,14,9,10,9,10,8,12,16,16,19,9
[259668.759152] [AOA] Measurement: 0,1627215796.070003,b8:69:f4:d5:81:5e,2,1,1,0,128,377,152,402,243,508,768,779,31,843,882,122,559,282,944,20,121,78,55,32,189,148,927,746,852,310,907,718,393,20,365,948,128,8,10,9,11,20,14,18,10,18,14,14,17,14,17,15,8,11,17,22,10,8,14,10,16,9,10,15,14,25,21,33,3
[259668.782660] [AOA] Measurement: 0,1627215796.093504,b8:69:f4:d5:81:5e,2,1,1,0,128,355,101,367,304,454,789,806,80,730,903,584,361,770,766,113,103,570,261,50,151,35,809,820,927,434,1014,269,601,61,356,168,489,11,11,17,13,24,14,15,15,16,19,6,16,12,17,10,10,12,13,24,12,11,9,13,10,8,7,9,12,10,21,18,7
[259668.813085] [AOA] Measurement: 0,1627215796.123930,b8:69:f4:d5:81:5e,2,1,1,0,128,400,150,989,542,484,859,815,85,385,76,88,604,244,907,77,145,37,105,76,260,636,56,280,2,295,1014,209,605,584,627,634,768,9,4,8,7,20,16,18,16,16,12,15,16,14,14,16,10,14,17,26,10,13,10,13,15,16,10,18,15,23,19,36,4
[259668.840255] [AOA] Measurement: 0,1627215796.151105,b8:69:f4:d5:81:5e,2,1,1,0,128,681,804,442,180,927,963,844,764,642,343,263,640,954,198,272,673,267,822,87,136,499,978,899,14,126,622,936,755,855,193,1002,581,11,6,19,16,17,20,15,19,14,25,6,17,16,17,13,9,12,12,28,9,14,12,16,10,10,13,9,13,10,15,18,4
[259668.862364] [AOA] Measurement: 0,1627215796.173212,b8:69:f4:d5:81:5e,2,1,1,0,128,128,543,925,974,426,811,970,793,181,567,310,559,1023,272,330,741,719,627,524,989,514,935,389,793,578,524,623,718,935,261,128,692,13,10,18,14,16,16,14,16,14,20,9,15,16,15,10,6,16,17,24,11,11,11,11,11,7,12,12,12,14,19,18,7
[259668.889783] [AOA] Measurement: 0,1627215796.200633,b8:69:f4:d5:81:5e,2,1,1,0,128,937,365,982,562,983,976,804,47,407,96,86,598,720,735,47,97,618,286,616,423,665,52,762,896,336,1012,238,604,603,565,102,383,11,10,17,13,19,19,15,14,16,21,6,21,15,17,14,12,16,15,25,14,15,13,12,14,10,12,9,12,10,18,21,8
[259668.920973] [AOA] Measurement: 0,1627215796.231818,b8:69:f4:d5:81:5e,2,1,1,0,128,954,177,365,793,437,821,831,890,304,775,697,595,202,764,584,108,353,956,29,603,786,701,991,664,70,796,121,165,314,160,13,768,8,8,15,11,11,15,11,13,12,16,6,12,14,12,8,4,10,11,15,6,14,6,10,10,10,8,6,10,7,15,16,10
[259668.946814] [AOA] Measurement: 0,1627215796.257664,b8:69:f4:d5:81:5e,2,1,1,0,128,636,715,934,941,407,795,818,740,702,404,346,648,1,208,376,691,700,616,33,140,559,37,899,7,136,720,50,854,887,215,983,512,12,6,15,11,14,14,13,15,15,14,7,13,14,13,9,7,9,10,20,10,11,9,9,6,6,7,5,7,11,11,12,3
[259668.968099] [AOA] Measurement: 0,1627215796.278948,b8:69:f4:d5:81:5e,2,1,1,0,128,49,572,543,184,979,993,820,725,597,335,914,831,1008,243,348,737,728,635,59,139,574,986,915,981,161,696,22,852,942,223,738,336,13,5,16,14,14,18,18,16,15,17,7,18,17,19,12,7,15,16,21,10,14,16,15,11,12,14,13,15,10,20,22,10
[259668.994827] [AOA] Measurement: 0,1627215796.305678,b8:69:f4:d5:81:5e,2,1,1,0,128,1,525,962,977,1021,35,337,911,572,332,367,651,42,282,818,895,254,835,58,161,524,996,405,822,584,521,520,602,404,22,249,932,10,11,17,12,24,18,17,19,18,20,6,17,16,14,11,9,16,14,19,11,16,14,13,10,12,15,6,15,14,19,20,9
[259669.026788] [AOA] Measurement: 0,1627215796.337634,b8:69:f4:d5:81:5e,2,1,1,0,128,664,824,941,20,928,958,358,902,613,381,353,699,984,255,356,681,239,790,118,250,661,22,899,5,125,701,80,875,943,199,485,60,7,6,15,11,21,19,12,16,13,19,6,14,13,14,12,9,13,13,19,11,12,11,14,15,12,12,13,11,6,11,24,5
[259669.054660] [AOA] Measurement: 0,1627215796.365506,b8:69:f4:d5:81:5e,2,1,1,0,128,597,691,910,997,493,805,855,801,616,325,912,888,27,268,854,875,733,624,535,988,58,849,897,0,504,516,617,705,418,1008,68,578,10,9,16,12,17,15,13,15,17,16,8,16,17,15,10,6,9,18,25,12,15,9,9,8,5,11,8,8,6,13,16,6
[259669.077988] [AOA] Measurement: 0,1627215796.388839,b8:69:f4:d5:81:5e,2,1,1,0,128,65,531,1000,50,880,964,839,729,644,363,885,821,509,403,286,707,275,842,96,218,603,991,871,977,576,503,58,806,290,33,278,848,10,10,12,9,19,17,11,16,14,17,5,18,15,14,13,9,16,20,21,10,15,13,13,17,12,12,10,15,11,21,21,11
[259669.108323] [AOA] Measurement: 0,1627215796.419172,b8:69:f4:d5:81:5e,2,1,1,0,128,55,466,1002,998,485,828,871,757,653,436,232,613,936,209,338,766,777,644,539,976,1005,871,254,697,612,515,578,652,283,942,383,1001,12,6,15,11,14,18,16,13,13,16,8,14,12,14,11,6,11,11,23,9,15,9,9,6,7,10,6,9,8,16,15,10
[259669.132364] [AOA] Measurement: 0,1627215796.443209,b8:69:f4:d5:81:5e,2,1,1,0,128,20,411,919,996,397,840,768,750,639,396,419,643,951,192,325,732,283,867,593,28,578,56,860,967,541,460,48,848,322,1012,877,416,11,9,14,11,18,20,13,18,15,22,6,18,13,16,11,12,18,14,23,14,17,16,14,12,13,8,10,16,10,20,24,6
[259669.163127] [AOA] Measurement: 0,1627215796.473971,b8:69:f4:d5:81:5e,2,1,1,0,128,283,228,258,366,939,972,880,830,898,820,731,703,13,437,344,1022,651,534,805,359,88,1007,293,136,521,4,264,901,546,746,613,670,11,10,10,5,19,18,17,13,23,17,17,18,16,15,17,14,12,14,24,10,18,15,14,13,13,18,18,18,27,22,39,6
[259669.192101] [AOA] Measurement: 0,1627215796.502946,b8:69:f4:d5:81:5e,2,1,1,0,128,111,590,934,998,383,736,902,777,148,566,481,693,541,492,287,715,681,659,503,886,67,797,371,803,555,481,575,703,915,315,76,625,6,0,5,6,19,14,7,1,1,5,1,2,1,0,3,2,6,3,7,12,6,5,8,10,6,8,9,1,6,3,9,8
[259669.218676] [AOA] Measurement: 0,1627215796.529520,b8:69:f4:d5:81:5e,2,1,1,0,128,792,527,236,349,936,999,368,86,402,836,281,824,893,502,278,968,129,316,378,385,641,105,337,68,571,97,243,766,581,627,128,613,11,8,7,8,18,18,19,14,19,15,17,22,15,16,13,12,17,21,24,18,15,19,19,15,18,22,21,19,21,21,34,7
[259669.247425] [AOA] Measurement: 0,1627215796.558270,b8:69:f4:d5:81:5e,2,1,1,0,128,61,524,1008,27,985,15,429,966,238,600,928,851,1004,254,352,716,748,660,539,991,4,820,422,834,584,483,489,605,289,1014,0,544,14,9,16,10,21,15,14,14,15,18,7,19,15,18,12,13,13,18,28,8,14,17,16,11,13,14,7,13,11,20,21,9
[259669.275010] [AOA] Measurement: 0,1627215796.585861,b8:69:f4:d5:81:5e,2,1,1,0,128,12,492,903,1014,365,799,860,752,637,387,913,820,1021,236,316,702,760,673,551,919,570,983,339,788,600,528,514,635,355,18,230,750,8,8,12,11,17,21,13,19,17,21,4,17,13,15,10,9,14,18,24,7,13,17,14,14,10,13,6,13,14,20,20,6
[259669.297563] [AOA] Measurement: 0,1627215796.608414,b8:69:f4:d5:81:5e,2,1,1,0,128,640,770,495,212,1005,2,398,948,125,526,360,670,2,264,880,873,201,762,75,126,604,103,910,12,83,707,104,812,877,191,395,828,12,6,14,13,20,13,14,14,13,11,6,14,12,13,8,8,13,6,18,9,14,12,12,12,8,10,3,10,10,13,12,4
[259669.326874] [AOA] Measurement: 0,1627215796.637719,b8:69:f4:d5:81:5e,2,1,1,0,128,71,711,968,5,429,810,916,770,692,383,478,661,17,247,355,761,743,602,98,194,561,40,945,991,152,699,94,814,348,1004,103,745,11,14,9,11,21,17,18,14,18,18,17,16,16,14,14,13,7,21,24,9,11,13,14,15,11,12,15,11,26,22,28,5
[259669.355038] [AOA] Measurement: 0,1627215796.665884,b8:69:f4:d5:81:5e,2,1,1,0,128,688,760,472,159,45,1022,820,779,695,351,362,636,13,220,343,676,713,621,42,126,612,41,952,990,136,703,82,855,918,224,26,592,4,7,8,10,16,14,17,7,7,3,10,1,3,6,6,3,14,7,21,13,8,8,13,9,7,8,6,6,7,8,4,11
[259669.382594] [AOA] Measurement: 0,1627215796.693446,b8:69:f4:d5:81:5e,2,1,1,0,128,104,657,877,921,435,783,972,786,704,421,384,652,494,456,870,856,692,588,113,180,614,1004,937,1019,101,683,100,887,941,159,107,583,13,8,16,13,20,20,14,15,11,19,5,18,14,15,8,6,14,15,27,13,11,14,11,10,11,10,10,12,13,15,14,6
[259669.409868] [AOA] Measurement: 0,1627215796.720716,b8:69:f4:d5:81:5e,2,1,1,0,128,140,614,951,955,352,764,797,792,658,402,399,674,963,276,278,717,720,555,592,1021,657,42,901,994,513,458,613,696,422,0,480,997,12,16,7,14,24,16,17,17,21,22,17,19,17,18,17,15,12,20,20,11,14,14,13,17,11,17,22,16,27,26,35,6
[259669.438275] [AOA] Measurement: 0,1627215796.749126,b8:69:f4:d5:81:5e,2,1,1,0,128,214,217,649,136,984,27,382,147,852,726,312,933,493,671,853,146,591,542,292,281,177,6,765,930,579,1016,722,657,18,496,800,88,12,7,16,17,19,20,18,15,19,15,11,18,14,14,14,7,13,13,23,11,11,8,10,10,14,10,4,9,13,14,18,6
[259669.462439] [AOA] Measurement: 0,1627215796.773284,b8:69:f4:d5:81:5e,2,1,1,0,128,44,582,886,976,361,821,818,745,147,574,316,635,991,219,287,674,759,582,457,977,989,774,389,763,562,404,555,670,370,19,194,622,12,16,8,9,23,17,14,17,20,21,19,24,17,18,15,17,12,19,29,9,14,17,17,17,13,14,16,22,28,22,35,4
[259669.493602] [AOA] Measurement: 0,1627215796.804451,b8:69:f4:d5:81:5e,2,1,1,0,128,572,704,444,166,367,741,401,943,734,412,354,629,1012,215,355,705,228,799,534,1006,525,968,838,905,565,516,62,891,897,211,224,805,10,10,16,12,14,17,18,18,14,20,4,17,16,15,10,9,14,12,23,14,18,17,13,13,10,15,8,12,12,18,20,7
[259669.522514] [AOA] Measurement: 0,1627215796.833367,b8:69:f4:d5:81:5e,2,1,1,0,128,643,787,469,151,389,768,885,803,648,418,101,915,938,211,861,860,309,839,54,209,490,1014,939,1022,92,701,25,837,395,7,594,180,10,7,17,10,15,20,12,22,16,17,2,17,13,14,9,7,16,11,24,10,13,11,12,9,13,14,6,13,13,14,22,6
[259669.546770] [AOA] Measurement: 0,1627215796.857615,b8:69:f4:d5:81:5e,2,1,1,0,128,340,127,471,262,429,817,406,273,318,44,117,618,765,744,74,146,1005,81,635,458,104,866,693,821,778,827,691,442,73,426,519,608,12,11,17,12,18,19,15,21,16,22,9,19,18,16,11,11,17,18,24,12,16,9,16,8,12,10,6,11,10,18,20,7
[259669.573195] [AOA] Measurement: 0,1627215796.884046,b8:69:f4:d5:81:5e,2,1,1,0,128,71,506,481,173,974,18,362,916,174,568,9,867,40,254,852,874,269,811,140,265,590,13,916,0,550,487,34,853,952,201,180,676,10,10,10,7,24,18,21,15,24,16,18,18,11,14,12,10,24,20,27,22,12,17,16,15,18,21,24,16,24,23,29,9
[259669.598233] [AOA] Measurement: 0,1627215796.909085,b8:69:f4:d5:81:5e,2,1,1,0,128,322,86,431,254,361,807,798,36,855,883,116,593,320,928,692,412,613,285,629,404,609,986,324,1017,318,6,229,676,663,560,844,27,8,13,9,6,20,18,15,14,14,15,13,14,11,17,14,10,13,19,18,8,10,12,15,13,14,11,15,13,24,22,28,5
[259669.627988] [AOA] Measurement: 0,1627215796.938839,b8:69:f4:d5:81:5e,2,1,1,0,128,833,452,151,413,890,994,930,933,862,773,201,891,508,687,814,172,576,403,802,416,641,114,222,56,691,18,317,841,548,655,820,535,12,11,9,11,18,16,17,11,17,15,16,17,14,14,14,12,16,18,23,12,13,14,14,16,13,18,20,17,22,20,33,7
[259669.654241] [AOA] Measurement: 0,1627215796.965088,b8:69:f4:d5:81:5e,2,1,1,0,128,442,229,504,336,376,772,723,15,801,871,542,302,734,687,66,102,42,65,28,153,70,828,763,871,740,838,765,428,20,348,888,0,11,9,13,12,15,18,14,18,14,17,4,13,12,15,12,10,19,14,23,6,12,13,12,10,10,9,8,11,12,17,17,8
[259669.677840] [AOA] Measurement: 0,1627215796.988691,b8:69:f4:d5:81:5e,2,1,1,0,128,238,224,178,284,377,809,853,890,783,709,658,391,869,465,331,950,634,452,357,241,38,909,736,898,971,773,839,684,499,521,460,779,11,9,19,13,21,19,14,17,17,20,8,20,17,15,12,9,19,12,24,12,17,9,11,9,10,11,6,11,9,17,20,10
[259669.708568] [AOA] Measurement: 0,1627215797.019419,b8:69:f4:d5:81:5e,2,1,1,0,128,75,506,959,1000,307,718,890,758,650,427,32,917,484,391,826,876,271,793,567,11,19,808,889,1010,612,463,29,842,910,231,704,352,13,11,16,11,16,20,13,16,15,18,8,14,16,15,12,9,16,10,23,10,16,11,10,3,10,10,6,13,11,17,16,6
[259669.733083] [AOA] Measurement: 0,1627215797.043928,b8:69:f4:d5:81:5e,2,1,1,0,128,921,349,962,474,418,780,751,52,804,876,139,622,747,706,81,136,15,54,112,228,25,820,779,911,355,28,284,683,47,411,13,147,5,10,8,3,13,10,12,6,6,4,10,4,6,8,8,5,10,4,15,10,6,8,9,8,3,9,3,10,6,4,2,9
[259669.762438] [AOA] Measurement: 0,1627215797.073286,b8:69:f4:d5:81:5e,2,1,1,0,128,350,119,441,253,443,843,788,30,833,833,587,376,715,694,63,104,39,84,73,179,133,813,692,832,355,21,214,570,624,593,193,383,10,9,17,12,14,17,17,14,19,18,8,20,19,16,11,10,18,14,28,9,16,15,14,10,10,13,10,12,12,18,20,6
[259669.785854] [AOA] Measurement: 0,1627215797.096706,b8:69:f4:d5:81:5e,2,1,1,0,128,896,310,945,427,387,802,801,25,786,843,571,322,742,724,982,56,1012,41,633,416,584,999,733,873,842,869,742,355,567,638,398,608,12,9,9,9,26,21,17,17,21,20,20,18,17,14,14,12,18,22,27,13,15,17,17,20,16,18,24,19,23,20,38,5
[259669.816572] [AOA] Measurement: 0,1627215797.127424,b8:69:f4:d5:81:5e,2,1,1,0,128,584,702,429,48,955,1006,899,810,639,363,337,642,943,183,884,898,274,791,1012,156,584,39,929,1001,122,696,72,927,865,197,215,617,9,10,10,9,25,19,22,17,22,12,25,15,15,16,19,13,21,19,23,15,15,15,19,18,13,17,24,15,23,26,36,6
[259669.842663] [AOA] Measurement: 0,1627215797.153510,b8:69:f4:d5:81:5e,2,1,1,0,128,72,547,998,1014,961,979,365,916,161,606,857,848,963,188,238,676,778,666,566,989,521,995,861,951,121,711,81,840,875,193,420,795,13,6,20,15,21,21,14,19,19,18,9,18,16,17,13,8,17,13,25,10,13,13,17,12,12,13,8,16,16,16,21,7
[259669.873032] [AOA] Measurement: 0,1627215797.183883,b8:69:f4:d5:81:5e,2,1,1,0,128,99,509,934,982,399,762,865,770,587,324,425,621,1022,231,268,625,688,643,522,950,1,861,452,830,127,681,109,905,308,982,526,83,12,3,19,12,19,22,19,21,13,18,6,18,15,14,11,10,19,15,25,13,13,15,14,9,14,12,10,17,12,21,24,10
[259669.896413] [AOA] Measurement: 0,1627215797.207263,b8:69:f4:d5:81:5e,2,1,1,0,128,135,628,975,1004,434,791,387,928,631,382,364,649,533,447,911,894,272,835,81,169,558,50,1002,65,67,721,55,824,380,23,268,866,6,4,8,4,17,15,12,11,15,9,14,11,8,10,9,8,20,14,17,13,8,16,12,13,19,17,16,15,17,21,25,5
[259669.924399] [AOA] Measurement: 0,1627215797.235248,b8:69:f4:d5:81:5e,2,1,1,0,128,372,99,419,295,422,774,763,2,765,865,624,314,732,739,100,146,56,124,576,319,70,789,224,28,775,873,723,373,59,383,886,155,11,10,6,8,22,18,20,13,16,17,15,13,14,15,14,9,16,17,29,12,11,14,11,15,18,15,16,17,23,24,36,5
[259669.954540] [AOA] Measurement: 0,1627215797.265394,b8:69:f4:d5:81:5e,2,1,1,0,128,362,160,402,301,448,821,766,1,785,873,605,345,768,711,591,254,539,233,48,188,107,840,229,8,324,20,227,532,622,579,620,786,13,12,11,10,25,22,21,15,19,11,17,18,19,14,18,13,16,15,22,6,12,16,14,17,14,8,14,11,26,19,35,6
[259669.978061] [AOA] Measurement: 0,1627215797.288912,b8:69:f4:d5:81:5e,2,1,1,0,128,928,301,915,475,1000,5,264,129,800,833,616,275,710,695,632,306,599,262,506,357,619,75,212,18,883,810,773,390,607,578,911,0,13,11,11,9,30,22,24,18,19,15,19,17,17,15,18,12,17,17,31,11,14,15,15,18,13,13,21,18,28,20,36,6
[259670.006701] [AOA] Measurement: 0,1627215797.317546,b8:69:f4:d5:81:5e,2,1,1,0,128,311,64,398,202,360,796,343,211,749,811,614,257,712,716,39,16,65,930,1010,217,606,12,260,28,364,12,274,542,518,548,363,608,12,13,6,8,27,23,22,17,16,13,14,18,17,19,16,14,15,16,27,11,12,17,17,18,19,15,22,17,26,24,41,9
[259670.031595] [AOA] Measurement: 0,1627215797.342444,b8:69:f4:d5:81:5e,2,1,1,0,128,368,133,446,332,482,834,731,5,884,904,192,616,226,957,604,283,600,279,629,436,640,71,248,14,325,1015,735,419,96,421,966,128,14,5,15,14,22,17,13,18,18,18,9,19,13,16,12,8,14,11,29,14,11,15,12,9,9,10,4,10,14,12,16,8
[259670.061335] [AOA] Measurement: 0,1627215797.372186,b8:69:f4:d5:81:5e,2,1,1,0,128,902,393,1019,624,18,980,760,62,813,863,564,330,766,736,110,135,612,258,71,267,674,47,240,991,824,846,753,425,634,637,467,667,7,6,3,8,20,16,14,13,13,11,15,14,14,17,8,10,9,7,7,3,9,7,6,13,11,2,15,9,18,15,17,3
[259670.085147] [AOA] Measurement: 0,1627215797.395990,b8:69:f4:d5:81:5e,2,1,1,0,128,381,216,300,299,494,829,788,70,867,900,570,392,730,767,129,142,621,229,83,250,652,14,242,3,750,836,722,439,74,411,927,76,11,16,14,5,30,24,18,20,17,15,21,17,20,14,18,14,17,17,27,12,13,19,13,19,15,14,23,18,27,22,35,0
[259670.112324] [AOA] Measurement: 0,1627215797.423173,b8:69:f4:d5:81:5e,2,1,1,0,128,968,390,944,423,950,986,780,5,388,44,111,517,251,959,24,133,682,337,635,412,684,94,342,88,376,30,272,603,726,661,338,424,9,3,3,7,20,14,17,12,18,11,13,14,13,12,9,8,16,14,24,12,8,17,13,16,16,16,20,14,18,20,29,6
[259670.140142] [AOA] Measurement: 0,1627215797.450979,b8:69:f4:d5:81:5e,2,1,1,0,128,393,204,500,315,492,807,779,72,846,889,163,594,334,973,667,349,557,273,699,451,691,7,311,52,284,984,733,419,74,414,621,800,6,5,8,5,26,17,17,13,15,10,14,12,14,11,12,10,24,13,20,19,10,17,15,17,25,20,17,14,19,21,27,6
[259670.167429] [AOA] Measurement: 0,1627215797.478280,b8:69:f4:d5:81:5e,2,1,1,0,128,95,541,1,1023,405,799,825,724,672,404,319,633,947,224,250,674,683,610,513,950,31,828,367,791,603,518,548,682,301,1007,354,896,10,12,4,8,24,18,17,16,15,13,14,17,17,18,14,13,7,12,18,1,13,15,14,16,13,7,16,13,22,18,24,1
[259670.193768] [AOA] Measurement: 0,1627215797.504612,b8:69:f4:d5:81:5e,2,1,1,0,128,592,668,975,17,917,949,437,17,712,416,944,820,13,256,315,717,740,627,468,972,43,959,430,858,124,693,92,964,926,259,84,480,11,6,16,10,17,22,11,17,12,19,6,22,18,15,14,9,16,18,26,8,16,12,12,12,15,12,11,12,12,17,21,7
[259670.223536] [AOA] Measurement: 0,1627215797.534381,b8:69:f4:d5:81:5e,2,1,1,0,128,328,121,343,158,414,785,765,989,954,904,699,392,694,681,68,58,689,270,26,158,568,1011,710,877,404,1021,285,554,600,620,195,640,8,7,7,12,24,19,16,14,16,13,17,19,13,16,13,11,16,17,27,13,12,16,21,19,19,17,20,17,25,26,40,9
[259670.251652] [AOA] Measurement: 0,1627215797.562501,b8:69:f4:d5:81:5e,2,1,1,0,128,406,158,439,246,425,794,777,1016,837,857,605,289,719,745,37,69,150,115,589,450,135,911,309,53,374,1005,782,423,89,383,430,578,10,6,3,5,20,22,16,14,14,14,16,15,13,12,13,8,23,15,21,17,11,17,16,17,17,18,22,12,19,19,32,6
[259670.278781] [AOA] Measurement: 0,1627215797.589626,b8:69:f4:d5:81:5e,2,1,1,0,128,635,700,476,184,982,998,373,970,203,524,885,843,507,402,864,866,724,653,631,63,541,976,944,994,64,712,30,842,973,260,788,348,12,9,14,12,19,18,17,16,11,22,4,18,14,14,11,8,17,13,22,13,15,14,12,11,19,10,11,14,13,21,18,9
[259670.308152] [AOA] Measurement: 0,1627215797.619001,b8:69:f4:d5:81:5e,2,1,1,0,128,487,162,1020,514,430,799,277,200,309,24,609,386,294,911,11,21,44,97,69,250,660,37,289,45,356,44,326,593,614,612,1007,66,12,9,6,10,23,22,18,16,17,17,16,17,14,16,16,10,15,20,28,8,15,15,16,18,15,12,21,11,22,21,33,5
[259670.333096] [AOA] Measurement: 0,1627215797.643941,b8:69:f4:d5:81:5e,2,1,1,0,128,660,798,481,194,1010,1015,389,900,621,399,328,676,6,231,891,892,260,774,51,78,558,1017,910,977,101,698,40,836,367,39,839,383,13,8,19,11,24,24,17,17,13,22,7,17,18,19,12,15,20,18,30,16,20,15,19,13,11,14,16,16,12,22,24,9
[259670.364353] [AOA] Measurement: 0,1627215797.675199,b8:69:f4:d5:81:5e,2,1,1,0,128,54,557,960,971,404,758,863,816,722,425,336,628,931,158,289,649,730,584,476,989,44,880,395,780,676,556,87,878,335,91,928,460,9,12,6,7,24,19,20,15,17,15,15,17,11,15,12,8,14,21,26,8,13,18,13,19,15,14,22,18,22,20,34,3
[259670.388093] [AOA] Measurement: 0,1627215797.698943,b8:69:f4:d5:81:5e,2,1,1,0,128,125,648,974,29,939,970,350,943,616,385,439,688,520,416,895,927,266,664,107,198,525,76,376,727,519,469,539,647,351,1014,286,941,10,8,17,14,18,23,17,19,17,17,8,14,16,16,12,7,10,13,19,11,11,10,11,11,12,13,6,13,9,15,22,6
[259670.415843] [AOA] Measurement: 0,1627215797.726688,b8:69:f4:d5:81:5e,2,1,1,0,128,632,819,502,167,1018,983,848,684,680,409,936,810,491,379,804,911,704,601,488,959,613,1014,976,21,81,673,32,888,875,189,712,288,10,8,18,12,21,22,18,17,14,17,7,18,15,15,9,9,16,12,22,9,16,10,14,8,10,11,10,12,12,18,19,6
[259670.446661] [AOA] Measurement: 0,1627215797.757505,b8:69:f4:d5:81:5e,2,1,1,0,128,152,624,908,976,358,789,880,763,151,587,925,800,569,455,833,968,186,748,509,1004,596,999,928,950,63,652,508,658,935,251,0,339,9,11,7,7,20,12,18,13,13,17,19,17,11,15,13,10,16,17,17,2,11,12,13,16,8,6,18,15,24,10,34,2
[259670.476798] [AOA] Measurement: 0,1627215797.787642,b8:69:f4:d5:81:5e,2,1,1,0,128,22,397,971,581,1011,6,849,92,339,94,72,558,271,953,66,141,589,259,641,390,571,984,273,7,344,59,217,574,674,651,483,588,11,8,15,12,15,17,19,19,15,23,9,15,15,16,14,12,14,11,24,13,11,13,14,12,12,12,11,13,14,15,21,11
[259670.508315] [AOA] Measurement: 0,1627215797.819161,b8:69:f4:d5:81:5e,2,1,1,0,128,50,555,972,1001,415,756,823,738,688,412,872,803,38,255,332,752,722,560,64,228,1,792,332,755,556,525,574,717,355,5,676,112,10,9,13,9,16,16,15,15,14,18,9,16,14,16,11,9,10,16,23,11,12,9,15,11,13,11,10,11,13,17,19,6
[259670.536799] [AOA] Measurement: 0,1627215797.847647,b8:69:f4:d5:81:5e,2,1,1,0,128,66,577,943,986,431,821,817,721,626,420,388,629,964,250,292,648,787,550,472,975,12,835,396,769,632,545,40,871,332,969,204,725,6,1,6,5,10,15,6,6,1,9,0,1,2,1,1,3,5,4,10,11,4,10,11,7,7,5,12,1,10,8,12,9
[259670.558797] [AOA] Measurement: 0,1627215797.869647,b8:69:f4:d5:81:5e,2,1,1,0,128,22,415,987,533,43,26,346,277,356,104,234,689,279,950,548,328,56,156,638,437,596,1009,312,36,829,880,210,575,582,543,999,105,11,8,15,13,16,11,10,11,14,12,9,14,12,11,9,4,13,9,19,6,9,12,11,7,9,5,5,9,12,12,15,6
[259670.587658] [AOA] Measurement: 0,1627215797.898503,b8:69:f4:d5:81:5e,2,1,1,0,128,101,557,963,987,376,762,910,782,619,369,337,616,8,243,916,899,683,634,421,993,43,849,850,967,523,400,494,607,266,977,350,964,13,8,18,13,20,21,15,17,16,22,7,16,17,17,13,11,17,19,22,12,18,12,12,15,14,14,9,15,14,22,20,9
[259670.617537] [AOA] Measurement: 0,1627215797.928387,b8:69:f4:d5:81:5e,2,1,1,0,128,417,105,365,268,434,790,793,1013,332,80,534,305,741,745,988,51,55,5,43,195,999,860,167,1022,785,837,742,299,553,515,161,383,12,10,14,12,16,21,14,20,13,18,7,17,16,13,11,6,11,13,22,10,13,12,9,9,11,10,6,12,13,13,14,9
[259670.642646] [AOA] Measurement: 0,1627215797.953490,b8:69:f4:d5:81:5e,2,1,1,0,128,716,789,470,162,931,965,927,821,186,619,970,870,524,430,852,888,294,829,43,235,1022,841,306,767,561,532,72,907,352,999,690,194,9,6,10,8,3,13,10,3,6,17,9,24,7,8,6,12,16,11,17,6,12,12,11,6,12,4,5,12,4,5,5,10
[259670.673146] [AOA] Measurement: 0,1627215797.983991,b8:69:f4:d5:81:5e,2,1,1,0,128,159,496,921,1015,370,808,902,697,598,277,484,595,967,230,362,760,741,630,596,835,588,50,397,929,159,813,109,917,322,998,143,768,9,6,12,8,13,15,12,13,14,19,4,17,16,15,11,11,17,14,25,9,15,14,12,14,9,7,7,12,13,19,21,8
[259670.697226] [AOA] Measurement: 0,1627215798.008078,b8:69:f4:d5:81:5e,2,1,1,0,128,49,498,887,981,449,794,924,837,673,388,142,655,574,422,389,704,785,627,6,31,584,967,856,1014,74,689,511,695,270,993,682,101,11,7,11,14,18,16,14,13,16,16,8,19,15,15,13,11,18,14,24,11,15,17,11,12,10,15,11,13,15,21,20,8
[259670.725158] [AOA] Measurement: 0,1627215798.036004,b8:69:f4:d5:81:5e,2,1,1,0,128,21,641,942,949,457,769,876,795,200,517,910,876,473,392,348,716,166,733,595,989,40,835,930,44,76,618,517,613,295,991,629,271,0,3,2,5,3,13,15,1,8,13,8,1,1,2,4,6,14,3,7,4,1,13,5,13,9,13,11,0,8,11,10,6
[259670.751085] [AOA] Measurement: 0,1627215798.061935,b8:69:f4:d5:81:5e,2,1,1,0,128,40,658,979,982,935,946,361,906,667,367,384,588,992,231,240,674,763,593,64,218,647,100,988,42,148,729,60,857,965,229,648,147,14,12,18,16,21,21,18,21,19,21,6,21,18,17,11,10,19,21,31,11,15,15,19,11,12,13,9,15,13,15,22,6
[259670.780438] [AOA] Measurement: 0,1627215798.091287,b8:69:f4:d5:81:5e,2,1,1,0,128,145,603,528,217,1018,1018,860,755,197,589,293,621,1015,231,372,727,360,771,0,203,554,1020,928,1019,197,771,1,817,881,205,728,233,2,6,5,2,6,15,13,2,4,12,5,4,1,1,3,7,13,0,5,4,5,14,6,13,12,8,9,1,9,4,3,6
[259670.803865] [AOA] Measurement: 0,1627215798.114709,b8:69:f4:d5:81:5e,2,1,1,0,128,665,855,528,174,349,781,912,796,684,397,336,654,948,199,404,761,690,581,52,113,581,32,878,974,37,571,138,887,817,252,731,196,10,8,17,9,18,20,16,17,13,23,6,19,18,16,11,10,16,17,27,15,15,15,12,13,14,12,13,12,9,19,20,8
[259670.845828] [AOA] Measurement: 0,1627215798.156678,b8:69:f4:d5:81:5e,2,1,1,0,128,524,248,895,41,971,976,817,852,525,646,608,827,601,416,632,40,39,78,618,690,242,911,529,874,563,892,118,152,940,403,314,856,14,11,15,12,21,21,19,18,18,19,10,16,19,18,13,8,16,16,20,14,19,10,14,10,13,13,11,9,15,17,22,7
[259670.872576] [AOA] Measurement: 0,1627215798.183420,b8:69:f4:d5:81:5e,2,1,1,0,128,122,572,1004,4,371,787,845,751,694,375,380,658,997,263,910,893,260,846,92,179,0,832,339,834,590,482,561,661,855,200,983,522,7,6,8,4,2,10,13,5,10,19,14,22,6,11,6,11,20,11,19,8,15,12,9,8,15,1,4,17,4,1,2,14
[259670.902084] [AOA] Measurement: 0,1627215798.212933,b8:69:f4:d5:81:5e,2,1,1,0,128,174,555,892,971,449,784,971,779,209,632,980,871,534,453,837,796,706,636,569,1002,51,817,909,1,532,478,1014,817,919,274,128,667,11,11,19,15,16,18,13,18,18,14,7,14,17,13,13,5,12,13,21,7,11,9,11,5,8,10,11,8,11,16,13,8
[259670.925988] [AOA] Measurement: 0,1627215798.236838,b8:69:f4:d5:81:5e,2,1,1,0,128,116,621,944,1021,382,820,811,722,627,384,453,648,985,253,388,736,308,802,67,146,545,63,350,818,57,651,501,611,375,39,881,429,13,8,15,8,14,17,10,16,15,19,8,17,17,13,10,12,15,18,21,12,14,11,13,12,10,10,13,15,15,17,20,7
[259670.955125] [AOA] Measurement: 0,1627215798.265969,b8:69:f4:d5:81:5e,2,1,1,0,128,648,301,476,934,97,1004,337,938,950,994,322,830,545,653,9,283,108,88,581,770,457,851,496,812,738,897,621,904,891,252,171,834,12,6,16,11,16,18,17,15,14,13,1,15,14,16,8,5,13,6,22,6,10,9,8,7,11,9,6,10,12,11,13,3
[259670.985235] [AOA] Measurement: 0,1627215798.296080,b8:69:f4:d5:81:5e,2,1,1,0,128,89,148,388,778,368,810,944,475,944,722,777,514,743,313,112,933,467,716,168,1023,580,69,246,918,99,691,919,173,862,413,446,987,12,7,13,10,22,16,13,15,14,16,7,16,15,13,9,8,15,12,24,11,13,11,9,12,12,7,6,16,7,21,20,7
[259671.013602] [AOA] Measurement: 0,1627215798.324452,b8:69:f4:d5:81:5e,2,1,1,0,128,132,517,944,981,437,820,866,764,678,374,282,671,11,259,297,637,767,698,530,940,981,734,347,857,571,494,27,907,336,1006,332,873,14,11,18,14,25,20,13,21,20,16,3,19,17,24,16,12,17,18,25,13,20,11,8,10,14,12,9,15,11,18,23,5
[259671.039076] [AOA] Measurement: 0,1627215798.349925,b8:69:f4:d5:81:5e,2,1,1,0,128,650,863,506,243,1010,10,430,955,254,644,898,866,557,470,923,920,302,805,537,904,5,837,915,989,152,669,124,901,905,231,817,348,9,9,12,10,15,15,10,13,13,14,4,18,14,16,12,14,20,10,21,13,15,12,15,12,9,11,10,16,9,16,20,9
[259671.069622] [AOA] Measurement: 0,1627215798.380474,b8:69:f4:d5:81:5e,2,1,1,0,128,141,480,935,961,356,779,986,854,638,416,985,824,577,497,909,925,240,744,1008,81,60,933,871,1022,525,480,528,698,880,220,640,76,13,9,16,12,17,19,11,19,15,19,7,20,16,13,12,11,19,13,31,6,14,9,17,14,11,12,10,13,8,20,18,11
[259671.095236] [AOA] Measurement: 0,1627215798.406082,b8:69:f4:d5:81:5e,2,1,1,0,128,55,565,952,30,466,804,886,760,205,571,927,809,11,233,349,754,634,555,473,943,37,841,915,983,61,744,1,913,423,37,97,558,10,5,14,10,10,11,8,10,6,9,4,11,9,8,7,3,8,10,20,10,8,9,5,3,2,3,1,4,6,6,6,1
[259671.122640] [AOA] Measurement: 0,1627215798.433490,b8:69:f4:d5:81:5e,2,1,1,0,128,111,556,961,979,917,970,864,800,704,429,413,673,954,206,291,696,726,583,529,986,55,821,395,889,597,515,540,641,397,51,49,640,14,8,16,13,14,15,11,12,10,17,8,16,15,16,9,8,11,12,26,9,13,12,7,6,5,7,3,10,10,15,13,5
[259671.150807] [AOA] Measurement: 0,1627215798.461652,b8:69:f4:d5:81:5e,2,1,1,0,128,674,773,571,193,22,1007,456,919,695,431,890,847,957,205,386,752,743,640,141,180,611,58,937,1010,44,669,541,672,436,21,299,860,13,6,16,9,17,19,13,18,16,19,8,20,17,16,14,11,11,15,28,12,12,16,14,12,11,12,8,12,12,18,21,8
[259671.179204] [AOA] Measurement: 0,1627215798.490053,b8:69:f4:d5:81:5e,2,1,1,0,128,529,51,472,956,427,817,819,180,980,669,802,854,728,342,996,987,496,736,151,971,878,13,291,851,171,690,1000,560,360,566,564,52,11,9,14,13,17,25,13,16,17,18,8,20,14,16,14,11,15,12,24,12,16,14,18,11,13,13,13,18,9,16,25,5
[259671.207338] [AOA] Measurement: 0,1627215798.518182,b8:69:f4:d5:81:5e,2,1,1,0,128,573,750,948,3,416,807,868,734,719,445,953,786,505,457,299,680,708,534,537,12,95,885,319,796,560,504,105,831,434,56,798,402,12,8,18,13,20,21,16,17,13,17,6,19,15,13,10,9,13,16,19,9,13,13,11,10,10,10,9,13,13,18,15,9
[259671.231440] [AOA] Measurement: 0,1627215798.542286,b8:69:f4:d5:81:5e,2,1,1,0,128,642,720,461,154,23,31,430,975,235,690,829,860,490,392,829,883,211,834,485,37,538,35,889,966,84,648,75,871,877,181,533,23,12,8,18,14,18,18,13,17,15,17,8,16,15,16,12,11,17,14,26,12,14,12,16,13,10,13,8,16,14,18,24,7
[259671.261430] [AOA] Measurement: 0,1627215798.572279,b8:69:f4:d5:81:5e,2,1,1,0,128,671,780,958,988,1013,20,454,993,216,599,937,858,602,472,891,852,153,828,502,951,595,8,951,4,142,754,106,926,946,167,856,256,11,9,13,11,19,17,15,17,14,19,12,18,18,15,13,10,14,14,25,12,22,20,14,12,13,14,9,13,12,17,25,10
[259671.290066] [AOA] Measurement: 0,1627215798.600910,b8:69:f4:d5:81:5e,2,1,1,0,128,74,536,1017,5,415,828,977,840,639,399,384,584,988,223,274,673,649,502,520,1003,27,829,348,872,542,546,546,582,234,980,674,332,12,10,17,15,18,18,16,19,15,20,9,17,17,13,8,5,19,13,25,9,13,13,11,9,9,8,9,13,13,11,17,4
[259671.319746] [AOA] Measurement: 0,1627215798.630595,b8:69:f4:d5:81:5e,2,1,1,0,128,591,770,993,1018,423,795,890,743,626,406,423,695,960,171,246,646,638,567,496,0,17,832,394,841,559,485,67,846,276,1007,948,565,7,8,6,5,17,10,11,8,11,12,16,12,15,9,14,9,5,9,17,4,6,9,3,11,8,6,12,12,15,14,24,3
[259671.345674] [AOA] Measurement: 0,1627215798.656522,b8:69:f4:d5:81:5e,2,1,1,0,128,96,564,930,989,424,835,967,801,706,441,923,858,529,455,858,842,249,848,13,156,654,60,886,974,22,639,118,834,934,239,493,958,12,8,13,12,17,19,19,15,11,20,3,19,17,14,10,12,18,13,24,11,14,15,11,10,14,13,10,16,11,18,21,9
[259671.377224] [AOA] Measurement: 0,1627215798.688074,b8:69:f4:d5:81:5e,2,1,1,0,128,607,771,468,120,19,1013,416,959,205,608,1003,882,503,415,876,920,248,786,94,205,560,60,922,1002,109,657,560,711,444,57,680,105,7,12,5,5,17,16,16,10,10,11,10,16,14,15,8,6,5,10,16,3,8,7,6,15,12,7,14,13,15,16,24,2
[259671.402771] [AOA] Measurement: 0,1627215798.713616,b8:69:f4:d5:81:5e,2,1,1,0,128,118,560,951,1010,972,1007,433,926,662,425,972,859,26,273,302,718,138,724,539,996,2,825,386,827,631,550,513,687,358,1023,82,608,12,12,15,13,18,21,13,18,13,19,8,19,17,19,15,13,15,11,27,8,17,16,12,11,11,11,9,11,12,21,21,8
[259671.434731] [AOA] Measurement: 0,1627215798.745579,b8:69:f4:d5:81:5e,2,1,1,0,128,652,791,965,6,363,724,909,774,668,478,391,621,1023,252,876,900,193,711,87,215,3,864,355,816,596,515,20,848,419,58,793,322,12,7,15,10,13,16,11,14,11,16,5,17,13,10,7,6,10,15,18,5,12,7,9,7,11,6,3,10,8,14,13,9
[259671.464931] [AOA] Measurement: 0,1627215798.775780,b8:69:f4:d5:81:5e,2,1,1,0,128,90,518,914,935,399,786,879,749,671,348,895,812,1011,259,377,718,768,595,543,930,22,789,343,817,597,516,502,553,281,955,505,101,10,7,14,12,16,20,13,16,17,16,9,18,19,15,15,10,12,17,24,11,17,12,14,16,7,15,10,16,13,17,22,5
[259671.489796] [AOA] Measurement: 0,1627215798.800646,b8:69:f4:d5:81:5e,2,1,1,0,128,0,512,967,962,387,789,930,752,640,393,424,605,988,236,334,678,637,559,549,18,18,868,377,793,569,514,24,870,977,204,692,128,15,10,16,14,18,22,17,21,20,20,9,20,16,14,13,11,23,16,30,9,16,16,17,12,19,14,8,15,12,20,20,13
[259671.521494] [AOA] Measurement: 0,1627215798.832338,b8:69:f4:d5:81:5e,2,1,1,0,128,609,695,943,992,1021,2,388,973,215,627,973,865,1018,293,956,890,228,741,52,253,615,10,890,932,129,710,973,784,457,98,640,128,10,6,17,13,17,14,16,15,13,16,8,16,12,13,8,6,10,9,22,12,11,8,11,7,8,8,5,6,10,12,14,6
[259671.552363] [AOA] Measurement: 0,1627215798.863207,b8:69:f4:d5:81:5e,2,1,1,0,128,674,754,978,991,1022,993,847,783,632,401,251,662,976,197,344,702,691,634,40,132,556,998,845,919,536,473,535,600,297,1012,369,958,10,9,21,14,20,19,13,18,13,17,6,18,15,14,13,11,12,8,25,11,10,10,10,11,12,12,6,13,15,17,16,6
[259671.583608] [AOA] Measurement: 0,1627215798.894457,b8:69:f4:d5:81:5e,2,1,1,0,128,136,578,905,975,431,837,840,744,585,385,259,580,957,221,390,722,761,640,471,907,67,855,940,1003,81,643,81,891,885,203,446,15,10,6,14,9,12,11,12,13,15,14,6,14,11,11,6,3,8,8,19,10,10,8,9,10,6,10,2,11,8,13,10,6
[259671.607860] [AOA] Measurement: 0,1627215798.918709,b8:69:f4:d5:81:5e,2,1,1,0,128,554,1,428,821,410,819,915,206,371,873,836,608,173,499,982,874,340,827,667,918,486,938,333,891,714,895,962,421,787,389,844,146,12,4,18,12,16,18,16,14,15,19,6,17,16,17,10,10,16,13,22,9,13,14,13,10,10,12,7,12,9,16,17,8
[259671.636720] [AOA] Measurement: 0,1627215798.947564,b8:69:f4:d5:81:5e,2,1,1,0,128,667,771,971,30,369,792,848,776,596,303,339,665,955,215,326,733,777,670,81,279,557,24,893,965,572,510,54,811,899,195,352,800,11,10,6,21,10,11,21,19,11,17,18,13,17,15,18,17,15,15,26,18,22,21,11,19,23,14,19,12,16,8,27,11
[259671.662246] [AOA] Measurement: 0,1627215798.973096,b8:69:f4:d5:81:5e,2,1,1,0,128,158,149,614,57,302,740,838,877,948,676,800,778,958,413,891,91,24,210,275,230,3,917,721,883,150,841,630,698,927,492,424,66,6,12,8,3,11,9,7,1,8,10,8,4,6,5,8,6,12,7,18,13,6,8,5,3,3,11,3,1,3,5,4,6
[259671.692824] [AOA] Measurement: 0,1627215799.003671,b8:69:f4:d5:81:5e,2,1,1,0,128,161,627,908,989,434,804,872,756,696,381,288,662,974,213,283,708,738,591,555,1009,556,1011,396,827,523,507,587,668,388,1014,295,831,12,6,15,11,19,19,18,19,17,18,9,17,15,15,16,11,15,12,26,10,16,17,13,13,9,11,11,13,15,14,15,10
[259671.725320] [AOA] Measurement: 0,1627215799.036166,b8:69:f4:d5:81:5e,2,1,1,0,128,357,160,420,358,459,761,763,74,837,896,567,405,809,845,694,426,579,293,603,360,55,794,792,934,862,869,783,475,74,427,836,972,12,10,16,12,20,16,17,19,17,20,5,17,15,15,11,11,15,15,23,10,11,13,11,8,9,11,7,14,12,18,21,8
[259671.757246] [AOA] Measurement: 0,1627215799.068089,b8:69:f4:d5:81:5e,2,1,1,0,128,102,594,884,938,428,812,825,729,618,375,326,569,1000,224,306,642,623,522,470,957,34,879,337,716,547,463,445,573,405,991,426,953,9,8,6,8,23,15,17,13,15,16,14,18,14,17,13,10,11,17,25,7,14,12,10,15,15,10,17,12,25,17,30,4
[259671.788916] [AOA] Measurement: 0,1627215799.099764,b8:69:f4:d5:81:5e,2,1,1,0,128,59,538,1021,1020,415,827,853,784,197,569,875,888,991,203,381,779,709,581,558,953,24,904,381,768,544,398,545,650,334,990,1018,595,12,9,17,14,21,18,20,19,13,20,3,19,15,17,12,8,21,17,21,8,15,8,15,12,10,11,8,10,6,11,23,6
[259671.818428] [AOA] Measurement: 0,1627215799.129279,b8:69:f4:d5:81:5e,2,1,1,0,128,393,138,16,538,16,1016,332,246,335,108,132,583,807,752,76,208,9,84,107,174,637,44,189,1021,305,6,220,631,72,417,445,640,11,13,8,10,17,18,19,12,15,14,23,13,10,16,13,11,13,13,26,9,14,14,14,17,13,11,19,16,21,21,31,2
[259671.846119] [AOA] Measurement: 0,1627215799.156964,b8:69:f4:d5:81:5e,2,1,1,0,128,726,786,564,228,930,964,477,999,206,621,816,854,494,424,924,937,252,813,96,177,612,1003,928,15,118,732,85,864,830,168,210,672,14,8,13,12,18,17,18,15,15,22,9,18,17,16,13,6,15,17,23,13,16,12,16,11,12,13,11,14,11,17,22,10
[259671.877234] [AOA] Measurement: 0,1627215799.188082,b8:69:f4:d5:81:5e,2,1,1,0,128,407,183,413,246,489,822,836,79,822,900,562,401,767,778,54,109,31,74,67,246,626,4,291,41,414,41,225,615,641,616,813,830,6,11,7,9,19,13,15,11,13,14,16,14,13,10,15,9,16,20,18,14,13,15,13,14,12,11,19,15,19,20,34,5
[259671.901478] [AOA] Measurement: 0,1627215799.212328,b8:69:f4:d5:81:5e,2,1,1,0,128,35,565,913,997,421,816,863,758,626,333,337,629,0,226,855,875,208,738,99,70,619,36,920,996,95,706,137,901,892,163,286,706,11,8,8,7,20,15,15,14,16,12,12,15,12,14,12,10,16,18,21,10,13,14,14,15,13,10,15,12,18,21,29,4
[259671.932251] [AOA] Measurement: 0,1627215799.243099,b8:69:f4:d5:81:5e,2,1,1,0,128,1010,402,1010,513,5,968,776,33,819,893,629,410,290,964,620,400,663,325,609,335,628,35,303,39,341,1016,283,648,616,586,31,256,12,6,15,13,15,18,16,17,18,18,5,18,15,16,10,10,14,17,24,11,18,14,15,13,13,13,6,10,10,17,17,10
[259671.957600] [AOA] Measurement: 0,1627215799.268449,b8:69:f4:d5:81:5e,2,1,1,0,128,122,610,930,986,315,761,855,784,649,358,279,627,979,218,318,711,730,580,529,983,545,11,936,24,83,653,32,823,364,1022,1019,472,10,8,17,11,17,19,17,17,15,19,8,17,13,16,11,11,13,19,27,11,11,13,11,13,15,13,12,14,19,17,21,7
[259671.986574] [AOA] Measurement: 0,1627215799.297419,b8:69:f4:d5:81:5e,2,1,1,0,128,359,128,972,436,420,790,788,998,787,836,118,470,740,768,986,74,73,11,3,275,71,831,250,83,385,9,275,533,1002,427,283,224,12,12,4,7,23,16,19,15,20,15,19,18,17,13,13,13,17,20,21,13,14,16,13,19,13,14,19,17,22,22,34,4
[259672.017990] [AOA] Measurement: 0,1627215799.328835,b8:69:f4:d5:81:5e,2,1,1,0,128,364,132,403,252,438,838,805,26,770,839,630,354,788,765,80,88,26,30,34,208,115,849,312,58,342,989,300,611,549,541,253,564,12,7,16,14,16,20,14,18,17,18,8,18,18,16,11,8,19,15,26,16,15,12,12,10,9,13,8,11,15,20,23,12
[259672.047570] [AOA] Measurement: 0,1627215799.358420,b8:69:f4:d5:81:5e,2,1,1,0,128,337,83,431,347,406,729,822,40,813,894,594,312,762,751,57,98,63,71,579,401,87,873,279,32,370,999,251,604,577,571,630,640,11,12,6,9,20,20,23,15,18,18,19,18,15,15,15,13,17,17,23,9,14,15,14,20,9,11,17,15,23,20,37,6
[259672.075643] [AOA] Measurement: 0,1627215799.386487,b8:69:f4:d5:81:5e,2,1,1,0,128,989,337,444,346,46,1,316,214,311,38,137,560,248,921,632,311,635,305,611,413,695,92,263,33,802,807,721,414,33,379,13,128,15,11,17,12,21,20,14,15,16,18,10,19,16,18,14,11,17,14,30,14,19,11,16,12,12,15,8,13,13,23,18,8
[259672.106459] [AOA] Measurement: 0,1627215799.417309,b8:69:f4:d5:81:5e,2,1,1,0,128,378,127,354,217,495,800,340,305,842,862,647,370,873,747,57,91,621,261,603,383,607,54,681,855,785,732,798,452,51,346,909,128,12,2,8,8,27,23,25,16,22,15,17,20,13,15,16,13,32,17,23,21,15,17,20,16,18,16,21,19,23,25,34,8
[259672.134242] [AOA] Measurement: 0,1627215799.445086,b8:69:f4:d5:81:5e,2,1,1,0,128,364,127,14,508,5,1021,382,261,289,22,640,367,337,923,578,351,561,202,3,149,85,839,739,852,891,861,259,600,657,614,230,332,10,9,13,14,20,18,17,19,15,17,7,21,15,16,12,12,13,15,24,14,19,13,14,11,11,12,9,15,10,19,18,8
[259672.160616] [AOA] Measurement: 0,1627215799.471466,b8:69:f4:d5:81:5e,2,1,1,0,128,685,761,957,3,383,717,847,764,663,404,357,606,1002,231,364,751,700,649,547,1005,94,844,974,984,58,671,80,904,887,166,836,403,12,10,17,18,15,18,17,20,14,19,11,20,16,15,12,12,14,13,25,14,16,14,11,12,11,14,11,13,15,16,17,9
[259672.191763] [AOA] Measurement: 0,1627215799.502614,b8:69:f4:d5:81:5e,2,1,1,0,128,442,96,391,222,388,797,880,41,802,828,584,336,749,730,1,111,36,14,16,87,110,826,762,875,796,728,740,303,46,352,293,544,11,8,13,11,13,17,12,13,13,15,6,17,13,13,10,8,12,13,23,9,12,8,11,7,8,7,7,11,6,16,18,10
[259672.219121] [AOA] Measurement: 0,1627215799.529966,b8:69:f4:d5:81:5e,2,1,1,0,128,417,128,1001,432,941,1005,765,37,848,860,619,323,735,763,22,89,625,275,576,419,649,24,237,19,368,65,229,505,603,596,344,383,12,7,18,13,19,18,18,15,11,19,5,14,15,15,11,6,10,11,26,6,15,15,11,9,10,8,9,9,6,15,15,6
[259672.251001] [AOA] Measurement: 0,1627215799.561853,b8:69:f4:d5:81:5e,2,1,1,0,128,572,613,542,245,953,960,835,781,726,420,416,657,1022,282,349,724,227,839,631,1008,655,57,929,6,57,678,72,859,969,268,97,708,9,11,6,9,21,17,17,13,17,13,19,15,14,17,13,11,15,16,23,9,15,16,15,18,14,15,17,18,23,21,33,6
[259672.276435] [AOA] Measurement: 0,1627215799.587286,b8:69:f4:d5:81:5e,2,1,1,0,128,132,532,1021,977,405,755,929,773,646,337,377,675,969,223,919,965,312,902,91,163,573,1,411,877,578,556,500,639,374,1015,188,856,11,9,13,13,16,16,14,14,16,20,7,14,14,16,11,8,12,9,21,9,11,12,11,9,12,9,5,13,12,13,15,4
[259672.305427] [AOA] Measurement: 0,1627215799.616272,b8:69:f4:d5:81:5e,2,1,1,0,128,648,672,983,6,971,987,377,956,205,644,985,865,537,449,894,929,228,823,32,113,8,845,948,956,105,714,68,853,976,270,162,797,15,5,14,12,17,20,14,16,19,16,6,17,16,17,10,12,18,12,27,8,18,13,14,11,10,13,6,13,13,22,20,13
[259672.335973] [AOA] Measurement: 0,1627215799.646823,b8:69:f4:d5:81:5e,2,1,1,0,128,61,524,958,14,406,760,861,730,634,407,356,625,493,428,860,937,233,828,85,171,27,880,347,772,518,429,610,712,373,1013,775,411,9,9,7,8,19,16,15,12,19,12,15,18,13,16,11,9,12,13,17,7,10,10,10,15,7,7,16,11,22,17,24,2
[259672.360878] [AOA] Measurement: 0,1627215799.671729,b8:69:f4:d5:81:5e,2,1,1,0,128,164,580,964,989,57,1019,827,754,666,384,293,658,947,217,310,707,706,618,578,954,1018,838,398,840,569,489,101,900,326,1020,427,978,15,9,20,13,22,19,15,18,17,22,3,19,19,17,13,10,19,15,28,9,17,15,15,13,13,13,14,13,14,24,21,9
[259672.392294] [AOA] Measurement: 0,1627215799.703138,b8:69:f4:d5:81:5e,2,1,1,0,128,393,166,410,240,437,836,821,42,845,906,521,337,741,733,33,108,59,56,152,291,651,41,234,52,318,27,315,644,544,558,6,109,9,7,7,6,13,12,13,4,9,9,7,1,5,5,7,4,12,7,19,9,7,9,12,8,2,9,4,5,4,1,3,6
[259672.416244] [AOA] Measurement: 0,1627215799.727089,b8:69:f4:d5:81:5e,2,1,1,0,128,442,211,388,260,460,826,718,1022,780,871,564,355,701,665,19,57,29,77,1018,254,119,816,771,884,892,863,728,389,3,318,685,955,12,11,14,12,20,18,12,19,15,18,10,16,18,17,12,12,20,18,23,11,20,16,11,12,12,10,6,15,14,25,24,12
[259672.449211] [AOA] Measurement: 0,1627215799.760055,b8:69:f4:d5:81:5e,2,1,1,0,128,397,176,380,271,476,823,722,42,318,39,93,536,386,985,659,366,58,79,621,388,669,77,296,999,265,6,168,543,57,377,754,932,11,9,7,9,20,21,18,15,14,13,15,17,14,14,14,10,12,14,14,7,10,11,12,13,8,8,15,9,17,21,23,2
[259672.474746] [AOA] Measurement: 0,1627215799.785596,b8:69:f4:d5:81:5e,2,1,1,0,128,618,681,962,28,893,950,862,760,661,410,950,827,510,415,895,959,229,842,71,194,590,980,931,992,31,643,36,909,897,239,881,402,12,11,7,6,23,18,15,17,17,18,15,18,17,18,16,9,15,12,16,11,14,11,14,16,12,12,14,12,28,19,27,3
[259672.502069] [AOA] Measurement: 0,1627215799.812914,b8:69:f4:d5:81:5e,2,1,1,0,128,364,128,407,322,476,796,766,47,297,1023,566,349,303,970,550,275,54,37,680,438,579,1003,208,66,389,1006,767,415,5,346,233,450,12,14,7,7,26,22,21,16,18,15,19,18,17,19,15,14,18,20,22,9,11,15,16,17,13,11,17,16,24,23,36,2
[259672.534870] [AOA] Measurement: 0,1627215799.845717,b8:69:f4:d5:81:5e,2,1,1,0,128,443,231,435,297,467,780,788,0,828,885,522,313,760,693,64,114,9,40,49,184,102,881,765,875,807,833,780,399,19,351,942,110,13,8,14,12,17,21,17,17,15,19,7,23,15,13,13,13,17,14,22,14,16,13,14,10,10,15,12,15,14,18,22,6
[259672.564883] [AOA] Measurement: 0,1627215799.875733,b8:69:f4:d5:81:5e,2,1,1,0,128,429,96,999,584,1008,1009,354,233,348,53,101,499,307,938,50,92,1017,34,626,512,668,1013,318,59,364,982,730,361,21,406,636,981,6,6,5,6,20,14,23,10,19,13,14,18,11,12,14,11,21,13,24,15,11,14,9,16,17,14,20,12,21,25,28,6
[259672.590318] [AOA] Measurement: 0,1627215799.901168,b8:69:f4:d5:81:5e,2,1,1,0,128,694,780,899,973,420,792,409,917,237,649,353,656,1004,202,330,688,709,691,32,184,621,29,843,912,55,664,536,618,878,160,791,110,13,9,16,11,14,21,11,18,12,20,10,18,16,17,11,6,16,8,18,10,15,10,13,11,8,11,2,11,13,12,20,7
[259672.623727] [AOA] Measurement: 0,1627215799.934571,b8:69:f4:d5:81:5e,2,1,1,0,128,82,510,956,996,439,850,865,748,633,378,859,790,461,371,768,834,274,853,66,188,568,2,846,955,109,643,576,662,344,36,752,302,12,11,10,9,26,18,18,16,17,13,19,15,17,17,15,13,14,16,21,4,14,13,15,17,15,13,15,16,24,18,31,4
[259672.659255] [AOA] Measurement: 0,1627215799.970106,b8:69:f4:d5:81:5e,2,1,1,0,128,894,313,993,481,467,872,762,977,808,920,169,534,344,890,595,273,546,274,659,484,583,24,306,73,305,994,316,604,642,616,982,216,12,6,15,11,19,17,17,18,16,23,11,19,15,17,11,9,13,13,28,15,15,13,14,11,12,7,9,11,12,19,18,6
[259672.686751] [AOA] Measurement: 0,1627215799.997596,b8:69:f4:d5:81:5e,2,1,1,0,128,135,616,920,975,361,758,951,803,599,356,286,593,998,220,301,694,287,817,7,98,1004,863,332,784,566,525,99,898,841,218,608,256,8,4,7,6,21,17,16,14,13,11,16,15,13,12,12,12,18,16,21,14,12,17,14,13,16,17,24,15,17,22,28,3
[259672.719768] [AOA] Measurement: 0,1627215800.030614,b8:69:f4:d5:81:5e,2,1,1,0,128,65,547,974,10,987,969,867,750,627,368,403,672,993,192,346,740,256,827,94,127,532,1020,400,743,558,484,57,901,413,1005,235,808,12,7,15,12,18,20,14,17,14,17,6,15,18,16,13,12,18,13,24,10,18,16,15,13,11,15,12,15,11,17,20,9
[259672.747617] [AOA] Measurement: 0,1627215800.058460,b8:69:f4:d5:81:5e,2,1,1,0,128,924,358,969,426,442,825,828,46,826,899,642,349,208,911,72,92,59,93,580,335,653,31,237,20,857,837,779,422,551,625,768,896,15,11,15,15,20,22,17,15,10,18,7,15,17,14,12,10,13,17,25,12,15,10,14,10,14,12,10,14,10,19,21,5
[259672.781140] [AOA] Measurement: 0,1627215800.091989,b8:69:f4:d5:81:5e,2,1,1,0,128,605,693,431,149,924,973,411,985,215,632,76,876,531,426,894,937,216,707,90,146,43,875,902,971,53,692,25,814,962,263,831,357,14,9,18,11,21,23,18,16,12,24,6,18,15,18,14,11,13,16,23,14,16,13,11,11,13,9,9,15,14,22,21,10
[259672.807164] [AOA] Measurement: 0,1627215800.118011,b8:69:f4:d5:81:5e,2,1,1,0,128,49,574,1017,4,386,740,860,758,606,350,412,652,19,245,351,694,219,788,532,977,61,853,414,798,563,566,554,672,976,277,852,407,15,8,18,12,19,15,19,16,12,17,6,17,17,17,10,12,20,17,25,12,17,12,14,11,13,13,10,12,11,15,20,9
[259672.836759] [AOA] Measurement: 0,1627215800.147604,b8:69:f4:d5:81:5e,2,1,1,0,128,962,405,983,533,976,978,772,6,836,891,517,415,750,778,632,307,593,284,609,407,661,19,737,857,831,856,712,422,179,470,47,325,10,11,13,11,22,21,16,17,17,14,23,13,12,16,13,13,15,19,25,17,14,13,15,18,19,19,22,15,27,23,30,0
[259672.863461] [AOA] Measurement: 0,1627215800.174312,b8:69:f4:d5:81:5e,2,1,1,0,128,656,816,889,945,456,827,375,959,175,551,901,820,976,235,376,759,739,646,537,15,576,58,983,6,40,691,544,666,396,16,576,83,12,7,16,12,18,17,15,13,12,21,6,17,18,17,13,13,17,17,25,14,18,14,17,10,12,15,11,14,9,24,15,9
[259672.888881] [AOA] Measurement: 0,1627215800.199732,b8:69:f4:d5:81:5e,2,1,1,0,128,442,219,961,493,2,967,317,247,317,58,609,404,770,740,57,113,98,170,593,359,662,1000,328,1009,337,1016,659,348,625,629,230,608,10,7,9,9,20,18,17,13,16,14,15,17,11,15,12,10,20,18,30,16,11,14,14,16,21,18,23,14,24,26,30,7
[259672.919667] [AOA] Measurement: 0,1627215800.230512,b8:69:f4:d5:81:5e,2,1,1,0,128,401,146,396,313,478,845,743,20,794,851,564,344,781,792,622,355,569,236,35,171,26,804,710,840,845,849,713,410,98,444,583,830,10,13,8,10,20,19,19,15,19,15,17,16,17,20,14,14,15,19,26,6,13,15,9,16,15,8,17,16,21,20,30,3
[259672.946152] [AOA] Measurement: 0,1627215800.256997,b8:69:f4:d5:81:5e,2,1,1,0,128,342,120,438,250,485,843,781,1022,843,887,586,337,676,703,8,103,1011,1021,31,194,107,836,750,893,786,804,740,394,42,391,803,168,14,11,9,10,23,19,16,21,17,15,20,18,14,14,13,10,20,22,24,14,11,13,14,18,21,15,18,16,18,22,34,6
[259672.979778] [AOA] Measurement: 0,1627215800.290622,b8:69:f4:d5:81:5e,2,1,1,0,128,130,599,953,1023,403,764,387,955,629,351,222,614,967,195,885,881,782,660,507,891,101,784,340,789,594,494,594,670,241,1010,274,936,9,6,10,8,20,17,15,12,12,14,12,14,13,15,11,10,15,17,26,4,10,14,11,14,15,13,18,9,17,19,31,4
[259673.006744] [AOA] Measurement: 0,1627215800.317594,b8:69:f4:d5:81:5e,2,1,1,0,128,675,748,936,7,451,759,864,755,659,385,403,707,6,275,382,690,267,805,101,14,571,80,893,929,120,652,203,838,920,225,550,147,6,4,8,7,11,19,11,13,10,16,6,10,12,14,12,11,15,15,15,8,11,13,9,13,11,9,13,14,10,15,17,9
[259673.033432] [AOA] Measurement: 0,1627215800.344279,b8:69:f4:d5:81:5e,2,1,1,0,128,965,388,6,548,990,987,877,89,287,70,630,344,361,953,589,334,57,102,62,228,11,829,724,797,780,814,761,376,124,440,654,896,6,6,14,10,15,19,14,17,13,16,6,19,14,16,10,11,17,16,23,10,15,14,12,12,8,10,12,17,8,19,16,10
[259673.068821] [AOA] Measurement: 0,1627215800.379670,b8:69:f4:d5:81:5e,2,1,1,0,128,700,727,495,183,1008,993,905,788,717,428,397,605,33,281,880,957,253,832,77,187,608,18,934,994,161,638,112,916,894,202,44,512,13,8,15,9,20,19,15,18,15,21,9,17,18,17,13,9,18,16,22,16,16,17,16,15,16,10,7,13,13,18,20,7
[259673.097389] [AOA] Measurement: 0,1627215800.408237,b8:69:f4:d5:81:5e,2,1,1,0,128,82,493,943,948,359,742,889,743,735,446,888,810,542,497,912,871,716,566,62,168,512,19,407,791,571,511,54,833,275,18,806,365,12,9,18,12,16,21,14,17,14,21,12,19,16,13,10,8,19,17,26,10,13,13,15,9,13,10,11,11,10,14,18,12
[259673.124738] [AOA] Measurement: 0,1627215800.435587,b8:69:f4:d5:81:5e,2,1,1,0,128,118,544,1006,1010,427,777,852,757,625,339,367,610,991,253,373,707,759,646,529,1017,94,876,889,978,166,768,96,898,902,160,808,269,10,9,17,11,12,21,13,20,16,18,8,18,17,12,12,10,15,13,23,13,14,9,14,12,12,13,8,12,11,16,20,9
[259673.158689] [AOA] Measurement: 0,1627215800.469534,b8:69:f4:d5:81:5e,2,1,1,0,128,380,81,366,190,454,792,333,223,351,84,147,500,279,936,535,241,727,236,555,416,702,998,323,0,343,40,209,502,576,564,211,383,12,11,14,11,18,17,16,16,11,16,4,15,13,11,12,7,18,15,22,15,9,12,14,12,14,13,10,11,9,12,14,7
[259673.191843] [AOA] Measurement: 0,1627215800.502692,b8:69:f4:d5:81:5e,2,1,1,0,128,98,176,679,81,414,818,929,978,357,864,805,789,1010,444,924,173,529,597,927,485,821,283,326,145,690,99,321,984,533,795,896,539,9,4,12,8,9,10,10,8,11,7,5,8,9,9,7,4,9,7,15,7,6,5,3,3,4,6,0,6,3,6,8,5
[259673.215998] [AOA] Measurement: 0,1627215800.526847,b8:69:f4:d5:81:5e,2,1,1,0,128,612,711,935,985,384,809,892,747,652,425,324,611,914,198,310,696,723,618,578,13,26,867,911,1012,136,724,47,862,905,236,690,279,14,12,18,14,23,21,21,20,18,21,8,15,16,18,12,11,16,15,29,16,13,15,16,13,12,15,8,15,16,20,21,12
[259673.245856] [AOA] Measurement: 0,1627215800.556701,b8:69:f4:d5:81:5e,2,1,1,0,128,33,559,930,1019,379,820,819,748,599,349,335,642,994,303,862,943,723,651,91,237,9,826,876,997,500,502,586,628,380,41,136,640,11,8,17,9,19,14,13,13,12,17,6,17,14,12,10,6,14,10,23,11,11,8,6,8,9,10,8,10,10,14,20,7
[259673.277176] [AOA] Measurement: 0,1627215800.588025,b8:69:f4:d5:81:5e,2,1,1,0,128,696,717,484,204,1018,949,837,766,255,595,936,850,544,455,922,932,283,829,33,151,589,987,895,1002,23,695,464,679,351,1015,613,85,1,3,5,1,8,16,7,3,4,12,6,4,4,4,0,7,13,8,9,0,5,13,3,13,9,15,6,0,8,14,12,7
[259673.304768] [AOA] Measurement: 0,1627215800.615613,b8:69:f4:d5:81:5e,2,1,1,0,128,678,826,979,26,396,790,405,970,620,391,877,806,988,221,301,625,659,625,538,942,561,1016,294,846,590,474,77,874,846,217,366,928,15,11,14,16,19,19,18,17,16,20,11,17,17,17,14,11,19,21,29,13,14,12,17,10,9,13,7,13,10,19,19,11
[259673.337945] [AOA] Measurement: 0,1627215800.648795,b8:69:f4:d5:81:5e,2,1,1,0,128,70,496,988,1010,387,802,944,821,682,384,883,773,561,423,955,894,688,648,504,999,1016,824,332,823,537,520,112,892,866,182,708,196,9,2,17,11,19,14,14,16,13,14,7,18,14,15,12,12,17,12,18,7,15,12,12,13,11,14,11,16,12,15,20,5
[259673.367278] [AOA] Measurement: 0,1627215800.678127,b8:69:f4:d5:81:5e,2,1,1,0,128,619,673,20,1010,917,960,479,952,174,588,855,832,16,279,910,913,237,799,548,1015,1022,886,373,813,58,681,969,879,447,22,957,400,13,7,13,10,19,18,16,17,14,15,5,16,16,17,15,12,12,14,29,8,13,14,15,13,12,12,11,17,12,26,19,8
[259673.402026] [AOA] Measurement: 0,1627215800.712871,b8:69:f4:d5:81:5e,2,1,1,0,128,632,660,540,168,938,987,333,945,212,601,968,891,557,440,810,832,250,791,114,227,569,22,927,11,19,593,120,891,1022,268,79,640,14,14,18,11,20,22,17,17,20,21,8,21,17,18,12,10,16,15,37,18,17,14,15,9,11,15,9,14,13,19,18,8
[259673.435757] [AOA] Measurement: 0,1627215800.746602,b8:69:f4:d5:81:5e,2,1,1,0,128,63,874,430,989,477,827,710,784,342,785,138,562,750,865,477,81,563,571,1020,549,814,769,36,641,129,710,103,960,341,57,276,992,5,1,6,5,11,14,3,6,6,10,1,1,2,0,4,4,5,3,6,3,6,9,6,6,6,7,5,4,6,4,13,6
[259673.466050] [AOA] Measurement: 0,1627215800.776900,b8:69:f4:d5:81:5e,2,1,1,0,128,108,537,508,171,950,1003,392,975,123,562,855,839,478,399,888,889,255,784,23,216,595,52,877,971,106,659,140,898,925,195,119,640,15,4,16,13,18,19,18,17,15,17,9,15,13,13,11,8,17,13,25,8,13,14,13,9,6,10,12,11,9,10,12,12
[259673.495499] [AOA] Measurement: 0,1627215800.806343,b8:69:f4:d5:81:5e,2,1,1,0,128,634,786,926,989,377,820,871,750,611,369,426,661,13,266,929,907,334,850,14,251,543,37,899,14,129,676,67,826,915,126,391,11,9,5,6,7,7,12,11,6,10,8,11,1,7,8,5,7,7,16,13,7,4,9,8,6,11,7,7,3,9,8,15,6
[259673.520889] [AOA] Measurement: 0,1627215800.831735,b8:69:f4:d5:81:5e,2,1,1,0,128,695,813,473,143,964,1002,357,914,212,634,938,880,569,467,897,919,278,835,72,231,599,56,973,34,126,706,20,837,933,168,798,267,12,6,13,10,19,22,15,21,15,19,7,19,15,17,12,12,16,18,24,9,16,13,12,11,12,8,9,9,13,16,17,11
[259673.554804] [AOA] Measurement: 0,1627215800.865649,b8:69:f4:d5:81:5e,2,1,1,0,128,985,175,382,849,495,824,856,738,560,809,983,768,658,827,631,61,551,680,1014,512,900,573,531,846,638,990,994,417,862,151,667,308,14,11,15,11,21,20,14,16,18,20,6,18,14,15,7,8,17,14,24,12,13,5,13,12,13,10,7,14,11,17,19,8
[259673.587361] [AOA] Measurement: 0,1627215800.898210,b8:69:f4:d5:81:5e,2,1,1,0,128,664,726,468,93,923,971,844,771,608,377,376,638,962,236,873,935,232,812,1020,75,574,17,414,849,35,688,94,808,937,155,512,80,8,6,12,9,15,15,8,15,11,17,5,14,12,10,13,12,12,17,19,9,14,10,15,10,10,12,9,9,9,12,16,10
[259673.616546] [AOA] Measurement: 0,1627215800.927391,b8:69:f4:d5:81:5e,2,1,1,0,128,681,787,956,932,400,738,895,690,693,348,843,848,986,265,358,621,775,679,479,853,997,730,965,152,22,612,34,889,783,184,692,173,8,9,12,11,12,16,13,16,12,12,6,14,13,14,10,7,13,9,21,11,14,6,15,13,8,11,6,10,6,18,24,5
[259673.648598] [AOA] Measurement: 0,1627215800.959448,b8:69:f4:d5:81:5e,2,1,1,0,128,620,817,551,202,945,958,447,1001,212,620,320,637,974,281,899,916,210,723,520,56,943,872,453,822,87,708,17,843,957,233,336,731,4,3,7,4,11,10,2,1,3,8,3,3,1,1,5,6,8,10,9,8,3,9,11,8,10,4,6,3,8,4,10,5
[259673.676184] [AOA] Measurement: 0,1627215800.987029,b8:69:f4:d5:81:5e,2,1,1,0,128,670,781,488,186,32,28,323,977,669,400,506,667,999,269,908,890,261,799,122,186,608,9,964,71,156,690,53,857,969,298,228,597,14,10,17,14,21,19,18,19,17,18,7,21,20,19,17,12,11,21,28,13,18,17,15,14,15,10,9,16,12,23,21,12
[259673.710056] [AOA] Measurement: 0,1627215801.020901,b8:69:f4:d5:81:5e,2,1,1,0,128,84,613,959,1007,997,992,903,776,159,574,1007,839,1022,281,330,666,729,583,492,972,576,80,811,990,119,690,476,613,381,6,428,1009,12,8,12,11,15,18,19,12,15,20,3,16,15,14,12,14,14,15,21,11,14,14,12,11,14,9,12,14,13,17,16,7
[259673.744626] [AOA] Measurement: 0,1627215801.055470,b8:69:f4:d5:81:5e,2,1,1,0,128,437,949,456,37,781,807,663,595,177,667,400,804,231,275,573,721,808,719,801,514,233,1007,570,884,19,819,257,871,29,323,0,141,0,6,5,0,8,9,13,6,7,13,6,1,3,3,3,10,16,3,9,0,5,19,6,12,8,6,9,1,11,11,8,8
[259673.775832] [AOA] Measurement: 0,1627215801.086684,b8:69:f4:d5:81:5e,2,1,1,0,128,669,714,456,143,964,993,373,911,160,563,921,835,550,427,826,841,297,833,19,169,574,65,895,971,46,618,127,896,420,89,844,318,3,3,9,7,9,13,9,3,0,9,6,4,3,0,4,3,0,2,11,5,1,10,10,8,7,6,8,3,4,8,11,7
[259673.803151] [AOA] Measurement: 0,1627215801.113995,b8:69:f4:d5:81:5e,2,1,1,0,128,947,83,494,802,344,793,927,395,924,698,818,851,832,418,67,913,504,576,245,959,364,991,494,874,126,742,38,654,373,603,826,322,10,11,18,9,15,19,14,16,14,17,8,19,17,13,12,10,15,13,23,6,9,14,13,6,10,10,9,11,14,18,17,8
[259673.835968] [AOA] Measurement: 0,1627215801.146819,b8:69:f4:d5:81:5e,2,1,1,0,128,79,557,924,944,402,787,902,781,586,343,343,561,11,238,281,623,642,556,500,2,32,839,378,793,616,461,535,646,290,16,146,768,7,2,7,7,8,17,6,4,1,3,2,2,1,2,6,7,5,8,11,12,4,9,11,8,4,6,6,4,8,9,8,8
[259673.863216] [AOA] Measurement: 0,1627215801.174065,b8:69:f4:d5:81:5e,2,1,1,0,128,355,741,358,81,713,841,186,485,583,546,450,774,726,468,10,900,423,994,307,376,690,94,169,1004,910,750,628,1007,11,344,640,836,11,8,14,10,19,16,19,13,12,17,6,16,16,12,11,9,13,18,24,6,17,10,11,8,10,8,8,13,14,18,21,7
[259673.895929] [AOA] Measurement: 0,1627215801.206779,b8:69:f4:d5:81:5e,2,1,1,0,128,43,510,972,989,426,833,836,745,622,360,441,660,920,215,219,560,828,581,566,992,52,865,407,795,505,440,636,705,385,994,84,601,6,5,7,7,6,11,11,1,6,17,14,24,5,7,5,9,17,14,17,7,16,14,11,8,12,5,2,11,5,6,1,11
[259673.921644] [AOA] Measurement: 0,1627215801.232495,b8:69:f4:d5:81:5e,2,1,1,0,128,666,773,434,181,906,947,324,879,165,601,937,788,1005,172,895,941,273,820,46,103,595,1017,928,973,560,516,6,819,953,229,1009,489,12,8,21,12,18,15,17,23,18,19,10,16,16,17,12,12,21,15,28,9,15,13,18,15,11,17,9,16,13,25,19,10
[259673.954009] [AOA] Measurement: 0,1627215801.264859,b8:69:f4:d5:81:5e,2,1,1,0,128,945,41,538,334,356,757,843,339,985,743,743,29,534,251,959,951,59,761,632,109,816,184,816,84,723,927,558,870,353,697,1001,446,5,3,5,3,10,13,7,7,0,6,3,0,0,0,2,5,5,6,9,12,0,4,8,8,7,7,9,2,6,6,10,13
[259673.978625] [AOA] Measurement: 0,1627215801.289476,b8:69:f4:d5:81:5e,2,1,1,0,128,116,586,484,141,942,990,315,949,661,398,903,839,505,370,887,899,690,590,501,5,571,7,910,1002,122,700,51,881,454,17,596,168,12,10,18,13,13,19,11,15,13,17,4,11,14,9,9,4,13,11,21,10,11,6,9,5,9,9,8,8,12,11,13,6
[259674.007549] [AOA] Measurement: 0,1627215801.318398,b8:69:f4:d5:81:5e,2,1,1,0,128,625,733,469,180,393,817,904,743,238,645,877,826,534,440,949,868,242,756,543,945,95,856,941,37,149,691,44,832,938,210,128,574,15,9,14,11,20,21,19,18,20,23,11,18,18,18,14,12,16,19,31,14,20,13,14,12,10,14,10,15,16,24,24,9
[259674.042776] [AOA] Measurement: 0,1627215801.353624,b8:69:f4:d5:81:5e,2,1,1,0,128,1006,71,938,27,1019,963,805,800,906,906,813,652,313,285,607,141,315,828,76,519,885,621,920,628,109,771,78,990,339,186,109,731,11,8,15,13,17,20,15,18,14,19,6,17,17,13,12,11,15,15,25,12,14,13,13,13,10,15,10,12,10,17,17,8
[259674.077701] [AOA] Measurement: 0,1627215801.388546,b8:69:f4:d5:81:5e,2,1,1,0,128,114,518,979,2,382,797,877,746,711,387,903,833,1007,241,334,662,754,612,519,1012,53,855,370,846,85,702,47,803,883,249,992,640,15,8,16,12,22,23,14,22,15,18,7,20,15,18,15,10,13,22,25,10,11,13,18,12,12,10,14,17,8,23,19,8
[259674.105930] [AOA] Measurement: 0,1627215801.416776,b8:69:f4:d5:81:5e,2,1,1,0,128,107,575,995,10,472,824,866,740,649,387,371,643,986,212,314,729,748,604,582,997,27,794,372,806,574,548,591,690,274,43,753,383,13,9,14,12,16,22,16,15,16,18,6,16,16,11,13,9,17,16,28,10,18,14,14,11,11,10,14,14,12,21,20,12
[259674.140617] [AOA] Measurement: 0,1627215801.451463,b8:69:f4:d5:81:5e,2,1,1,0,128,55,549,988,110,958,995,365,979,692,377,421,648,1018,220,857,897,276,804,494,995,571,50,904,993,576,453,31,836,369,1006,535,180,14,6,17,13,17,19,11,17,16,19,9,21,15,17,12,9,15,15,27,8,14,16,14,10,9,11,4,15,12,18,18,13
[259674.175258] [AOA] Measurement: 0,1627215801.486106,b8:69:f4:d5:81:5e,2,1,1,0,128,689,789,452,180,345,797,905,797,643,343,910,831,579,478,867,895,169,779,484,24,635,60,925,946,37,676,79,811,376,973,144,768,3,0,7,1,12,12,8,4,4,6,4,1,3,0,4,5,6,4,10,12,3,6,6,8,3,10,6,1,8,6,10,9
[259674.201776] [AOA] Measurement: 0,1627215801.512627,b8:69:f4:d5:81:5e,2,1,1,0,128,140,554,985,988,367,768,831,745,693,448,908,861,67,280,300,673,234,823,46,131,593,1,938,1005,136,658,91,840,883,187,804,236,11,9,18,14,19,20,18,17,17,18,6,14,17,13,12,9,11,15,27,11,11,8,16,10,10,10,9,9,13,15,18,8
[259674.233526] [AOA] Measurement: 0,1627215801.544376,b8:69:f4:d5:81:5e,2,1,1,0,128,60,498,926,1011,440,809,845,775,682,417,915,842,477,420,850,892,239,759,89,127,514,25,884,991,593,436,544,643,379,39,1020,512,13,10,13,9,12,17,13,19,15,22,10,13,16,14,11,10,16,16,21,10,16,10,9,9,14,11,8,9,9,15,22,6
[259674.260602] [AOA] Measurement: 0,1627215801.571453,b8:69:f4:d5:81:5e,2,1,1,0,128,59,566,533,228,996,1002,433,939,162,627,988,847,483,415,921,970,292,784,67,193,644,47,976,20,99,766,76,917,921,209,686,204,14,7,15,12,24,18,16,15,11,21,7,20,18,16,14,9,22,17,24,10,16,12,11,9,12,12,11,14,11,17,19,9
[259674.297934] [AOA] Measurement: 0,1627215801.608780,b8:69:f4:d5:81:5e,2,1,1,0,128,652,808,962,30,983,985,368,959,174,590,341,607,1009,261,280,732,770,595,130,241,634,121,935,1014,182,758,148,906,918,222,326,896,12,5,15,8,17,17,15,16,15,18,5,18,17,18,13,14,15,13,21,10,16,12,13,7,11,17,8,15,13,19,17,11
[259674.332942] [AOA] Measurement: 0,1627215801.643793,b8:69:f4:d5:81:5e,2,1,1,0,128,77,525,924,963,465,836,893,776,759,483,981,907,563,431,881,818,755,617,491,973,70,873,894,1021,86,692,103,911,372,35,701,256,13,6,15,13,17,19,16,17,14,18,11,21,13,16,12,9,15,13,29,10,16,10,14,13,14,14,12,12,11,13,17,9
[259674.362977] [AOA] Measurement: 0,1627215801.673823,b8:69:f4:d5:81:5e,2,1,1,0,128,603,719,866,975,409,794,913,818,209,634,942,822,6,231,881,940,236,774,556,88,524,41,954,1012,100,717,525,675,428,6,506,945,13,10,16,13,17,15,16,19,15,22,6,15,16,17,13,11,14,12,24,11,13,13,14,14,11,12,6,12,13,19,15,8
[259674.399672] [AOA] Measurement: 0,1627215801.710523,b8:69:f4:d5:81:5e,2,1,1,0,128,622,754,1022,16,422,856,472,945,684,351,363,694,13,255,810,914,249,843,51,156,496,4,928,14,42,641,8,846,321,941,453,60,12,6,20,11,18,17,15,16,13,21,7,18,15,17,13,12,13,12,22,10,14,13,17,13,14,15,11,11,16,28,18,9
[259674.429986] [AOA] Measurement: 0,1627215801.740831,b8:69:f4:d5:81:5e,2,1,1,0,128,87,592,971,1008,418,838,920,768,681,432,974,818,995,222,292,736,726,575,535,1010,946,846,326,783,601,487,543,690,432,38,416,948,9,11,5,7,20,16,21,10,10,11,17,15,14,12,11,9,16,9,10,5,7,10,8,12,10,4,12,12,20,11,19,0
[259674.457871] [AOA] Measurement: 0,1627215801.768715,b8:69:f4:d5:81:5e,2,1,1,0,128,19,515,887,960,387,801,969,730,619,351,327,630,963,171,329,665,731,677,526,952,931,721,353,762,486,421,582,696,285,954,978,535,5,8,10,8,16,13,8,4,10,6,11,6,6,8,7,6,11,10,24,15,3,8,13,8,6,9,1,5,8,6,2,6
[259674.491395] [AOA] Measurement: 0,1627215801.802240,b8:69:f4:d5:81:5e,2,1,1,0,128,5,462,964,983,410,744,948,839,590,348,298,655,1006,179,877,876,290,803,64,139,564,3,890,1004,241,759,472,667,353,1018,742,332,13,9,17,11,11,20,16,17,14,12,6,11,10,13,8,4,14,13,19,10,9,8,6,6,10,9,5,11,7,15,14,5
[259674.518842] [AOA] Measurement: 0,1627215801.829686,b8:69:f4:d5:81:5e,2,1,1,0,128,1005,344,925,448,962,979,349,323,360,70,164,580,338,1002,44,78,98,107,581,348,87,906,267,30,407,32,365,617,600,640,669,844,13,9,19,14,21,15,14,17,18,18,10,19,15,17,12,8,16,14,23,13,18,13,14,9,10,8,8,11,11,14,17,12
[259674.553616] [AOA] Measurement: 0,1627215801.864460,b8:69:f4:d5:81:5e,2,1,1,0,128,108,521,952,972,368,815,876,771,552,324,333,619,50,274,305,698,683,631,528,1004,96,871,382,791,98,641,488,659,365,22,120,812,13,11,16,11,19,20,17,19,18,17,9,16,17,16,10,8,17,11,21,7,13,11,12,5,11,13,6,10,11,15,13,4
[259674.586708] [AOA] Measurement: 0,1627215801.897556,b8:69:f4:d5:81:5e,2,1,1,0,128,93,513,962,1003,439,798,892,805,668,349,281,615,929,228,394,746,730,624,92,115,565,45,933,1021,155,753,549,691,367,1015,727,341,13,7,19,12,17,17,12,20,14,17,6,20,17,17,13,8,17,14,26,7,16,13,12,8,10,11,6,17,11,22,18,11
[259674.613771] [AOA] Measurement: 0,1627215801.924622,b8:69:f4:d5:81:5e,2,1,1,0,128,643,789,973,965,409,802,874,788,695,380,386,647,1013,235,271,633,679,595,483,906,32,847,397,829,617,539,56,927,927,232,413,820,11,8,13,12,18,15,17,14,14,18,10,21,16,14,13,11,16,16,21,14,16,16,13,8,10,9,11,11,11,18,17,11
[259674.643070] [AOA] Measurement: 0,1627215801.953918,b8:69:f4:d5:81:5e,2,1,1,0,128,440,216,502,330,12,970,360,263,792,920,579,375,726,740,100,151,1014,99,610,449,573,55,299,59,408,43,757,438,670,644,100,224,12,11,16,12,17,16,16,18,15,17,9,18,17,15,14,11,13,14,21,13,17,17,15,14,11,13,14,16,11,21,22,11
[259674.679119] [AOA] Measurement: 0,1627215801.989968,b8:69:f4:d5:81:5e,2,1,1,0,128,159,604,922,7,352,755,889,795,652,396,281,638,1017,228,348,654,659,550,591,52,566,14,930,1023,74,659,57,761,445,42,708,409,10,7,6,6,20,16,14,15,18,14,17,17,15,16,12,14,13,13,18,5,14,9,9,13,10,9,17,14,23,21,24,0
[259674.714369] [AOA] Measurement: 0,1627215802.025216,b8:69:f4:d5:81:5e,2,1,1,0,128,963,362,982,467,17,18,314,205,393,101,179,514,375,15,620,307,713,322,595,505,701,20,220,38,416,57,278,562,584,621,109,128,11,7,17,13,15,18,13,18,17,21,6,20,16,16,12,8,16,14,19,11,16,14,13,13,11,13,5,14,13,21,18,10
[259674.742475] [AOA] Measurement: 0,1627215802.053322,b8:69:f4:d5:81:5e,2,1,1,0,128,621,755,483,222,1005,1001,413,990,176,596,912,863,481,435,922,916,305,757,6,199,43,856,937,992,512,473,112,870,959,203,37,512,12,8,10,6,23,15,14,13,16,16,14,18,16,15,16,9,16,19,24,13,12,16,17,14,16,18,19,15,22,22,30,4
[259674.774542] [AOA] Measurement: 0,1627215802.085393,b8:69:f4:d5:81:5e,2,1,1,0,128,872,285,965,439,0,16,270,200,347,92,115,532,327,949,533,317,629,304,551,465,619,40,258,41,382,33,722,350,658,634,476,530,5,7,8,9,19,19,17,14,18,16,16,16,13,13,14,14,12,18,19,8,12,14,12,14,12,13,20,14,18,20,30,6
[259674.801653] [AOA] Measurement: 0,1627215802.112505,b8:69:f4:d5:81:5e,2,1,1,0,128,640,760,492,159,372,808,820,756,667,412,911,820,506,450,846,905,705,592,555,1001,40,865,396,843,145,769,46,827,931,207,827,399,11,6,16,13,18,19,13,17,15,18,9,16,13,13,10,9,17,15,27,13,12,14,12,7,10,10,8,11,7,17,18,7
[259674.834643] [AOA] Measurement: 0,1627215802.145493,b8:69:f4:d5:81:5e,2,1,1,0,128,391,97,353,206,420,797,840,91,338,42,641,368,760,730,37,82,125,108,76,203,623,39,742,829,844,910,716,390,2,339,828,83,13,11,15,12,18,18,17,13,15,20,4,18,17,15,11,11,17,12,28,9,13,14,15,10,12,11,9,11,10,19,19,10
[259674.862009] [AOA] Measurement: 0,1627215802.172859,b8:69:f4:d5:81:5e,2,1,1,0,128,880,287,431,261,397,794,788,76,831,869,644,425,739,772,120,130,597,262,24,225,48,823,787,914,824,812,714,390,140,425,588,640,10,9,5,7,23,17,19,12,16,13,20,17,13,13,14,10,21,19,21,16,14,17,13,16,15,15,21,17,19,24,32,7
[259674.895231] [AOA] Measurement: 0,1627215802.206079,b8:69:f4:d5:81:5e,2,1,1,0,128,602,769,1009,1006,401,748,869,797,653,386,365,646,1021,242,890,971,199,764,102,193,57,864,932,1009,108,779,90,906,988,187,888,411,12,13,6,7,23,21,21,16,18,15,17,18,17,17,14,13,13,16,29,10,13,16,15,16,11,12,20,18,25,21,32,3
[259674.928888] [AOA] Measurement: 0,1627215802.239740,b8:69:f4:d5:81:5e,2,1,1,0,128,117,528,994,9,423,802,899,768,630,323,367,631,994,202,301,677,719,594,561,987,1018,800,367,850,660,539,124,834,311,8,218,820,14,8,16,11,20,16,16,15,14,16,5,17,16,15,9,8,14,19,24,8,17,13,13,10,11,16,11,13,10,16,18,6
[259674.958939] [AOA] Measurement: 0,1627215802.269785,b8:69:f4:d5:81:5e,2,1,1,0,128,309,123,328,215,468,798,825,67,880,879,590,334,759,752,56,146,57,89,25,169,96,929,277,0,404,54,261,597,38,329,521,716,12,12,6,10,23,17,15,17,22,18,21,15,19,19,14,10,9,19,24,12,13,13,15,12,14,16,19,19,28,21,30,3
[259674.993677] [AOA] Measurement: 0,1627215802.304528,b8:69:f4:d5:81:5e,2,1,1,0,128,749,893,530,262,986,45,329,920,209,615,920,842,454,388,840,881,704,621,561,24,95,929,916,29,126,722,75,936,908,174,442,978,10,13,10,9,25,18,19,15,20,17,17,17,15,15,14,13,17,21,29,9,14,12,16,16,14,19,21,17,26,26,33,6
[259675.024485] [AOA] Measurement: 0,1627215802.335333,b8:69:f4:d5:81:5e,2,1,1,0,128,174,206,91,277,397,844,943,970,759,563,719,577,1007,438,382,77,552,382,844,463,597,101,663,848,972,766,803,595,942,509,613,147,10,9,16,12,22,18,16,12,11,19,10,18,15,14,12,7,13,18,21,12,14,13,15,12,12,10,10,17,13,20,18,9
[259675.059366] [AOA] Measurement: 0,1627215802.370217,b8:69:f4:d5:81:5e,2,1,1,0,128,121,543,936,1001,437,833,858,765,665,416,309,602,1009,279,297,699,723,608,547,1004,81,882,333,776,581,478,538,732,358,2,397,13,13,10,16,11,16,14,15,17,14,20,7,15,18,14,10,9,15,16,22,11,13,10,13,11,14,14,6,13,11,17,20,6
[259675.090916] [AOA] Measurement: 0,1627215802.401761,b8:69:f4:d5:81:5e,2,1,1,0,128,55,554,928,940,446,833,935,813,253,658,853,841,497,407,881,921,743,602,532,6,11,859,937,980,98,694,148,864,1023,248,274,912,10,8,12,11,14,17,12,13,11,13,3,16,12,12,7,6,15,10,18,10,11,9,10,8,10,8,6,10,8,14,10,8
[259675.118418] [AOA] Measurement: 0,1627215802.429268,b8:69:f4:d5:81:5e,2,1,1,0,128,103,527,0,5,400,781,840,765,664,355,366,634,998,246,296,627,212,848,102,79,600,65,381,778,536,471,153,886,370,39,168,659,10,7,17,11,19,19,14,19,17,20,10,17,13,15,11,9,15,14,24,12,17,8,14,11,12,12,9,12,11,19,17,9
[259675.148831] [AOA] Measurement: 0,1627215802.459675,b8:69:f4:d5:81:5e,2,1,1,0,128,404,240,387,313,467,799,833,46,855,861,632,393,731,747,128,167,563,255,639,430,61,849,770,839,815,830,713,456,78,411,330,494,10,5,13,9,17,21,10,18,12,16,6,16,15,15,13,9,16,11,22,12,15,14,10,14,12,10,10,16,10,17,18,13
[259675.184964] [AOA] Measurement: 0,1627215802.495810,b8:69:f4:d5:81:5e,2,1,1,0,128,403,186,342,281,449,775,833,27,804,876,647,399,795,786,621,359,23,85,585,364,649,38,687,826,388,96,286,668,618,616,136,403,13,6,17,11,18,20,15,16,15,17,6,15,15,16,11,9,13,14,24,17,16,10,18,9,10,10,12,11,11,18,16,6
[259675.221053] [AOA] Measurement: 0,1627215802.531899,b8:69:f4:d5:81:5e,2,1,1,0,128,113,568,934,1008,417,818,436,1000,147,566,859,820,1021,263,966,995,161,792,512,1015,16,835,884,985,538,451,571,610,340,22,692,144,12,11,14,8,17,18,14,14,14,19,7,17,15,19,12,9,14,9,19,10,15,14,12,13,12,10,9,15,9,18,16,12
[259675.253434] [AOA] Measurement: 0,1627215802.564283,b8:69:f4:d5:81:5e,2,1,1,0,128,665,742,486,169,1012,8,345,945,661,379,466,684,1014,252,310,674,796,665,530,4,592,1012,967,1023,540,513,489,628,438,1000,734,245,9,9,9,10,22,17,16,15,14,16,16,17,15,17,13,10,11,17,23,9,13,9,13,13,10,12,16,12,23,21,30,6
[259675.282035] [AOA] Measurement: 0,1627215802.592880,b8:69:f4:d5:81:5e,2,1,1,0,128,378,196,400,350,447,814,762,10,344,47,132,596,331,958,642,303,586,261,608,453,578,39,717,858,827,856,729,484,67,391,237,341,14,6,16,10,19,20,13,13,16,18,9,18,15,16,11,10,18,16,25,6,15,13,14,10,12,10,9,15,12,18,18,12
[259675.314598] [AOA] Measurement: 0,1627215802.625447,b8:69:f4:d5:81:5e,2,1,1,0,128,100,565,948,976,969,1016,909,742,584,409,357,648,1023,259,824,899,247,810,551,1022,597,1014,897,1013,46,670,622,722,358,1015,12,588,12,8,11,11,17,19,12,13,16,15,7,16,14,12,9,6,12,13,20,12,14,11,10,7,9,9,6,9,11,14,14,6
[259675.342840] [AOA] Measurement: 0,1627215802.653691,b8:69:f4:d5:81:5e,2,1,1,0,128,386,178,1010,517,5,994,341,253,272,17,87,517,808,762,13,74,17,20,49,173,95,867,310,48,742,825,683,369,134,423,367,640,9,8,7,7,21,20,18,15,14,11,12,15,15,17,14,12,14,17,24,13,11,16,14,15,17,16,19,16,20,24,36,5
[259675.375143] [AOA] Measurement: 0,1627215802.685992,b8:69:f4:d5:81:5e,2,1,1,0,128,43,562,931,1022,956,987,895,750,664,378,524,663,997,213,867,924,705,655,456,914,1017,886,301,695,580,474,649,689,337,994,439,1001,13,11,7,8,24,23,22,15,19,16,16,21,18,19,17,14,12,14,24,14,15,17,15,18,11,18,19,16,30,24,34,6
[259675.409683] [AOA] Measurement: 0,1627215802.720532,b8:69:f4:d5:81:5e,2,1,1,0,128,369,110,394,287,26,7,325,213,848,879,531,274,671,760,113,124,1021,60,33,179,627,70,273,20,339,23,288,582,631,576,204,160,14,8,19,13,17,18,15,17,16,20,6,14,14,13,10,10,18,20,25,12,16,10,12,11,14,12,8,9,13,20,21,9
[259675.441348] [AOA] Measurement: 0,1627215802.752193,b8:69:f4:d5:81:5e,2,1,1,0,128,425,196,407,321,1013,994,780,50,341,32,83,587,299,980,46,121,523,189,623,412,49,878,768,901,796,852,298,652,608,638,806,0,11,9,7,7,25,22,20,16,16,12,17,16,13,16,15,13,20,17,28,12,12,19,14,18,17,17,22,18,24,25,35,7
[259675.470918] [AOA] Measurement: 0,1627215802.781766,b8:69:f4:d5:81:5e,2,1,1,0,128,287,128,459,334,982,981,832,1013,313,991,645,295,707,710,55,88,63,63,1009,232,607,18,783,914,773,816,840,423,67,413,948,128,9,8,18,10,15,17,14,14,12,15,9,13,13,15,8,6,12,13,24,9,13,7,10,11,10,9,6,9,11,16,12,4
[259675.506730] [AOA] Measurement: 0,1627215802.817581,b8:69:f4:d5:81:5e,2,1,1,0,128,200,208,662,46,442,848,852,990,410,911,728,644,469,598,301,996,1016,258,263,193,1008,11,704,888,119,828,764,500,814,697,180,896,14,13,17,11,20,20,17,18,17,16,6,18,16,17,12,7,19,13,29,8,16,12,12,8,15,13,12,15,14,19,20,8
[259675.537589] [AOA] Measurement: 0,1627215802.848435,b8:69:f4:d5:81:5e,2,1,1,0,128,113,564,912,998,494,823,847,776,678,382,389,636,1,282,337,735,736,618,512,978,575,22,911,1012,623,488,73,844,316,980,419,1013,13,9,17,9,18,19,16,23,13,13,4,16,15,14,11,8,13,14,24,8,17,11,14,9,13,11,9,11,13,15,20,8
[259675.567249] [AOA] Measurement: 0,1627215802.878100,b8:69:f4:d5:81:5e,2,1,1,0,128,928,352,975,500,17,28,265,238,241,989,604,345,694,724,642,347,646,256,588,382,611,2,330,65,403,979,238,594,632,561,739,856,7,6,9,9,22,20,16,18,18,13,16,16,14,12,12,12,19,18,23,20,13,15,16,18,19,17,17,17,22,23,37,10
