
[ 302.350905] [AOA] Measurement: 0,1579857577.842258,04:d6:aa:ab:45:40,2,1,2,0,128,417,435,801,441,462,789,767,182,128,336,742,7,455,280,811,657,12,310,383,298,809,675,700,670,878,241,888,943,601,804,72,47,76,62,51,67,67,77,62,40,69,84,58,96,67,55,65,59,100,54,55,61,55,33,30,70,105,96,107,87,82,100,55,79
[ 302.375534] [AOA] Measurement: 0,1579857577.866889,04:d6:aa:ab:45:40,2,1,2,0,128,62,667,354,651,432,750,738,147,99,326,773,47,23,494,863,695,1019,284,397,317,812,632,668,648,886,288,886,945,696,835,194,128,62,47,41,52,55,60,51,32,55,65,44,78,58,44,56,52,81,44,40,45,44,28,26,57,88,80,85,78,68,81,49,63
[ 302.400353] [AOA] Measurement: 0,1579857577.891707,04:d6:aa:ab:45:40,2,1,2,0,128,556,467,810,423,447,773,747,188,77,294,757,14,511,312,833,662,99,334,342,265,821,686,668,635,848,258,909,970,642,853,401,409,63,48,41,54,55,65,51,34,56,69,45,77,61,45,55,54,83,44,44,49,45,28,25,59,88,83,88,78,67,82,47,66
[ 302.427139] [AOA] Measurement: 0,1579857577.918496,04:d6:aa:ab:45:40,2,1,2,0,128,549,518,825,421,450,792,703,155,69,291,685,985,471,229,765,633,5,297,369,286,820,657,691,659,848,307,466,150,98,996,594,596,77,59,51,67,70,75,63,40,68,83,58,97,70,55,68,65,100,52,54,62,53,35,30,71,109,97,112,93,82,100,58,80
[ 302.457487] [AOA] Measurement: 0,1579857577.948844,04:d6:aa:ab:45:40,2,1,2,0,128,57,652,845,477,1000,1005,283,395,102,319,753,1015,477,273,895,729,67,302,966,498,741,557,757,664,784,198,902,977,698,879,708,603,66,53,44,58,60,68,53,35,61,72,47,83,64,48,60,55,86,46,48,51,48,29,26,63,93,86,96,82,72,87,50,70
[ 302.479552] [AOA] Measurement: 0,1579857577.970903,04:d6:aa:ab:45:40,2,1,2,0,128,501,478,366,693,15,1022,304,405,639,510,326,259,68,537,444,967,554,492,1001,522,321,819,210,840,889,263,476,174,171,8,464,374,62,49,41,56,57,62,52,33,56,68,46,80,59,47,54,51,82,45,46,50,46,29,27,57,87,82,87,77,67,83,48,65
[ 302.510841] [AOA] Measurement: 0,1579857578.002194,04:d6:aa:ab:45:40,2,1,2,0,128,516,433,804,411,465,788,774,177,110,349,732,6,475,337,817,652,19,265,340,246,851,661,709,674,839,242,884,949,599,802,179,249,64,51,42,55,58,65,51,34,56,69,46,78,58,45,55,51,83,45,44,49,45,28,24,58,88,80,90,76,66,85,46,67
[ 302.537348] [AOA] Measurement: 0,1579857578.028701,04:d6:aa:ab:45:40,2,1,2,0,128,463,460,811,459,463,797,720,167,34,253,725,1017,520,295,839,645,52,337,366,284,815,659,657,648,883,258,894,957,672,844,771,792,77,59,52,69,68,78,62,40,67,82,55,96,70,56,65,61,99,54,54,58,54,34,30,69,106,98,108,91,83,101,58,78
[ 302.559473] [AOA] Measurement: 0,1579857578.050831,04:d6:aa:ab:45:40,2,1,2,0,128,515,475,859,486,474,787,754,153,128,354,694,1003,468,314,869,677,572,476,382,298,792,670,703,668,812,254,922,998,623,830,1011,949,75,58,51,64,67,74,63,38,69,83,58,94,72,55,68,64,100,54,51,56,54,36,31,71,104,96,107,93,83,100,61,81
[ 302.591866] [AOA] Measurement: 0,1579857578.083217,04:d6:aa:ab:45:40,2,1,2,0,128,36,674,393,748,9,10,733,152,143,333,323,234,46,514,357,860,47,315,990,529,336,854,687,668,831,249,948,1000,170,3,290,196,78,60,51,65,67,74,65,41,68,80,56,92,70,55,66,63,96,53,55,59,55,34,32,70,107,97,108,91,84,102,59,79
[ 302.616294] [AOA] Measurement: 0,1579857578.107654,04:d6:aa:ab:45:40,2,1,2,0,128,31,675,377,672,998,996,277,340,619,503,757,12,46,506,388,869,613,518,874,447,849,670,725,741,863,255,956,1002,681,866,559,490,65,55,44,56,56,66,54,36,60,74,51,82,62,46,55,52,90,48,48,56,48,30,27,61,92,84,94,75,70,87,49,67
[ 302.643558] [AOA] Measurement: 0,1579857578.134911,04:d6:aa:ab:45:40,2,1,2,0,128,553,493,846,477,509,827,708,150,710,553,238,176,469,274,892,740,562,464,355,252,754,644,713,650,854,295,897,979,200,1011,66,34,76,62,48,67,66,75,62,40,66,82,56,95,68,54,65,61,101,53,53,62,55,35,29,68,103,95,106,85,84,99,55,77
[ 302.671294] [AOA] Measurement: 0,1579857578.162652,04:d6:aa:ab:45:40,2,1,2,0,128,476,485,843,514,420,799,286,362,610,532,753,8,553,319,840,676,26,316,390,290,824,646,686,669,895,301,468,164,182,8,608,464,76,59,49,63,67,77,62,41,69,82,55,96,72,55,65,61,97,52,53,59,55,32,28,67,101,92,103,84,78,96,55,74
[ 302.693618] [AOA] Measurement: 0,1579857578.184976,04:d6:aa:ab:45:40,2,1,2,0,128,34,676,376,693,0,1015,285,360,604,511,769,39,76,539,416,924,543,473,1009,522,314,845,265,887,394,482,414,175,143,6,979,845,74,57,49,65,66,74,61,40,68,81,57,95,71,55,66,62,101,54,51,58,55,33,31,69,103,94,103,88,82,99,56,78
[ 302.723648] [AOA] Measurement: 0,1579857578.214999,04:d6:aa:ab:45:40,2,1,2,0,128,550,509,827,502,462,816,268,362,683,548,340,245,83,561,377,876,571,497,917,463,367,880,700,653,848,272,930,993,632,821,670,526,77,62,49,69,69,78,64,40,69,82,55,94,70,54,66,62,103,54,53,61,55,34,29,68,105,98,107,93,81,100,57,81
[ 302.753198] [AOA] Measurement: 0,1579857578.244551,04:d6:aa:ab:45:40,2,1,2,0,128,563,505,368,648,12,974,790,205,108,348,746,43,69,528,811,664,14,319,945,481,327,828,271,903,391,485,485,177,170,6,216,109,76,58,51,66,68,79,63,42,68,82,57,95,71,56,68,63,101,52,53,59,55,34,30,71,104,96,110,91,82,102,56,77
[ 302.779164] [AOA] Measurement: 0,1579857578.270519,04:d6:aa:ab:45:40,2,1,2,0,128,527,461,872,474,469,822,284,375,664,544,307,226,2,513,397,897,593,550,1003,545,362,859,276,902,423,493,393,106,667,853,293,238,63,49,42,55,55,62,50,33,55,67,43,78,60,45,55,53,80,43,41,48,45,28,24,59,87,79,90,77,66,83,47,65
[ 302.803669] [AOA] Measurement: 0,1579857578.295020,04:d6:aa:ab:45:40,2,1,2,0,128,570,528,361,672,996,986,361,429,642,510,285,212,501,297,851,693,65,307,959,509,301,828,229,852,876,318,874,952,649,839,968,990,65,51,42,56,55,65,53,33,57,68,46,78,58,45,56,53,83,44,46,51,46,29,24,58,86,80,89,76,68,82,47,67
[ 302.833301] [AOA] Measurement: 0,1579857578.324653,04:d6:aa:ab:45:40,2,1,2,0,128,495,464,828,473,548,846,736,160,80,298,719,1003,462,248,876,700,35,285,378,300,865,668,686,649,895,283,861,951,665,836,976,1010,67,53,44,58,60,67,55,37,59,73,50,82,62,50,58,56,88,46,46,51,48,29,26,61,93,85,94,81,71,86,50,68
[ 302.858787] [AOA] Measurement: 0,1579857578.350145,04:d6:aa:ab:45:40,2,1,2,0,128,87,700,338,704,4,1010,724,176,57,283,793,14,472,320,862,699,621,490,407,323,770,616,789,712,883,282,933,1000,655,851,22,3,62,49,41,55,57,63,53,34,58,69,46,79,60,45,54,52,84,45,44,50,45,28,25,58,88,80,88,73,67,82,46,64
[ 302.882831] [AOA] Measurement: 0,1579857578.374183,04:d6:aa:ab:45:40,2,1,2,0,128,53,679,811,478,484,804,682,107,117,361,761,39,527,308,877,716,7,260,401,308,846,645,241,866,871,306,493,187,170,1023,705,530,72,54,46,64,66,75,61,37,66,81,54,93,70,53,65,63,96,51,51,55,53,34,30,68,103,94,102,91,80,95,56,79
[ 302.909496] [AOA] Measurement: 0,1579857578.400854,04:d6:aa:ab:45:40,2,1,2,0,128,511,479,746,422,999,988,821,224,158,405,720,18,443,231,811,600,20,287,342,269,895,713,276,886,869,264,918,1010,137,1006,969,937,76,58,48,63,68,74,63,41,69,84,54,94,72,55,67,65,99,53,52,55,52,35,30,69,105,98,108,92,81,100,56,77
[ 302.940249] [AOA] Measurement: 0,1579857578.431601,04:d6:aa:ab:45:40,2,1,2,0,128,522,450,812,461,503,811,745,187,173,344,347,227,17,497,471,921,626,526,951,491,336,852,237,872,379,458,445,152,179,1019,362,269,63,48,39,53,55,61,50,32,56,67,44,77,59,46,57,53,83,44,45,49,46,29,25,58,86,79,89,76,68,82,48,66
[ 302.965362] [AOA] Measurement: 0,1579857578.456720,04:d6:aa:ab:45:40,2,1,2,0,128,484,473,869,479,1019,976,762,185,134,369,702,1010,517,271,862,677,59,339,394,308,784,646,698,680,853,294,479,169,122,4,953,935,78,59,49,64,67,75,61,41,68,81,53,94,71,54,66,63,99,54,53,58,54,33,31,70,105,96,108,93,81,99,56,79
[ 302.991991] [AOA] Measurement: 0,1579857578.483343,04:d6:aa:ab:45:40,2,1,2,0,128,20,662,812,470,479,786,750,177,122,321,801,65,55,514,416,878,567,489,921,473,372,904,182,838,881,274,416,111,201,24,60,975,67,53,43,58,59,67,54,35,59,72,49,83,62,47,59,55,86,47,46,53,47,29,27,61,92,86,93,80,72,86,51,69
[ 303.015539] [AOA] Measurement: 0,1579857578.506896,04:d6:aa:ab:45:40,2,1,2,0,128,492,456,840,421,465,810,714,158,174,413,276,234,23,531,425,901,629,473,967,508,282,806,252,828,377,444,437,148,157,1014,848,756,67,55,44,60,60,67,56,36,61,72,48,84,61,49,58,56,87,46,48,54,47,29,28,61,92,83,93,78,70,87,47,65
[ 303.042312] [AOA] Measurement: 0,1579857578.533670,04:d6:aa:ab:45:40,2,1,2,0,128,495,479,829,450,456,799,753,198,83,300,767,1023,464,296,394,890,614,539,930,482,397,894,263,878,416,487,415,161,179,20,930,819,77,57,49,66,70,74,61,41,68,82,57,94,72,56,67,66,100,53,55,63,54,35,32,69,106,95,108,88,79,98,55,76
[ 303.073441] [AOA] Measurement: 0,1579857578.564801,04:d6:aa:ab:45:40,2,1,2,0,128,76,652,330,655,985,960,791,208,701,531,354,257,1018,492,817,659,56,285,363,289,773,655,689,648,867,268,877,956,656,824,870,796,63,50,40,56,57,65,51,33,57,68,45,79,60,46,54,52,82,44,44,46,45,28,24,59,87,79,89,76,67,82,46,65
[ 303.095689] [AOA] Measurement: 0,1579857578.587046,04:d6:aa:ab:45:40,2,1,2,0,128,513,484,866,493,481,847,750,153,109,315,750,26,546,300,893,708,44,321,385,299,807,640,671,662,817,269,856,942,682,840,831,776,58,41,35,49,53,57,48,30,52,63,41,72,58,44,54,50,76,40,37,42,43,29,23,55,85,76,84,73,61,79,46,63
[ 303.127201] [AOA] Measurement: 0,1579857578.618553,04:d6:aa:ab:45:40,2,1,2,0,128,27,667,843,466,420,760,724,150,76,343,770,32,32,553,403,902,629,543,956,510,338,837,293,901,357,430,442,140,142,7,212,168,76,59,48,67,67,79,62,41,67,80,55,94,71,54,67,62,99,53,52,59,54,35,31,72,103,97,107,95,81,99,58,78
[ 303.154950] [AOA] Measurement: 0,1579857578.646301,04:d6:aa:ab:45:40,2,1,2,0,128,22,701,310,648,449,788,699,140,163,354,275,211,1004,478,383,890,586,497,334,230,802,638,749,699,855,248,906,1001,238,58,762,666,78,59,48,66,68,76,65,41,68,81,56,96,73,55,66,64,97,53,53,58,54,34,31,71,106,97,109,96,82,101,59,81
[ 303.180808] [AOA] Measurement: 0,1579857578.672164,04:d6:aa:ab:45:40,2,1,2,0,128,491,455,405,684,1003,997,308,414,675,553,774,71,56,528,391,916,544,442,957,527,370,833,195,870,815,273,945,1000,160,8,22,950,75,61,49,66,69,75,61,42,68,81,57,95,71,57,67,63,101,55,52,61,56,33,30,68,104,97,105,88,80,99,57,78
[ 303.207268] [AOA] Measurement: 0,1579857578.698620,04:d6:aa:ab:45:40,2,1,2,0,128,458,430,778,412,424,749,737,180,104,314,719,23,561,307,837,659,78,333,975,510,339,852,214,865,424,471,403,120,170,24,131,75,64,48,41,55,58,64,51,34,56,68,45,79,59,46,56,54,81,44,43,49,44,27,24,60,85,79,88,75,66,83,48,64
[ 303.231277] [AOA] Measurement: 0,1579857578.722636,04:d6:aa:ab:45:40,2,1,2,0,128,533,491,817,475,511,866,285,349,39,302,783,35,17,518,379,895,553,466,392,313,860,704,202,860,825,229,441,151,210,27,886,699,61,49,38,53,55,63,51,33,55,65,44,77,57,45,55,53,81,42,42,47,44,28,24,58,88,82,87,77,66,82,48,67
[ 303.270407] [AOA] Measurement: 0,1579857578.761765,04:d6:aa:ab:45:40,2,1,2,0,128,515,458,800,405,451,776,768,192,104,357,700,2,512,304,394,874,39,295,435,336,341,860,235,840,390,494,434,176,236,50,652,504,66,52,43,57,57,67,53,36,60,70,50,82,62,48,57,54,86,48,49,52,48,28,26,60,90,85,92,79,73,86,50,68
[ 303.297784] [AOA] Measurement: 0,1579857578.789136,04:d6:aa:ab:45:40,2,1,2,0,128,503,451,859,481,489,817,760,207,696,564,774,36,486,274,456,920,564,479,962,492,349,871,252,867,384,503,420,156,572,808,688,679,76,59,49,65,68,76,63,39,70,83,56,96,70,55,66,66,99,53,52,60,55,35,31,69,105,96,106,90,83,101,57,81
[ 303.325588] [AOA] Measurement: 0,1579857578.816945,04:d6:aa:ab:45:40,2,1,2,0,128,502,441,854,454,435,810,708,139,59,293,823,66,125,593,417,913,598,521,972,533,368,866,212,853,404,494,927,958,166,1008,809,692,75,61,49,65,66,76,63,39,68,82,53,95,71,55,69,63,99,53,53,60,54,33,29,70,103,97,107,92,81,99,58,79
[ 303.347987] [AOA] Measurement: 0,1579857578.839343,04:d6:aa:ab:45:40,2,1,2,0,128,479,446,778,408,433,794,828,217,635,510,744,33,451,267,821,632,2,281,415,311,839,676,702,665,831,228,939,991,164,1017,970,942,75,61,50,64,66,76,63,40,67,82,55,92,68,51,64,60,101,54,55,63,53,33,30,68,103,94,105,87,80,97,54,76
[ 303.374741] [AOA] Measurement: 0,1579857578.866097,04:d6:aa:ab:45:40,2,1,2,0,128,560,517,836,427,479,810,791,190,115,383,740,23,80,544,838,675,70,334,379,286,372,863,230,849,396,508,451,133,161,11,958,867,63,48,40,55,58,64,52,34,55,67,44,77,58,46,56,53,81,44,41,46,45,29,24,56,88,79,90,79,68,82,49,67
[ 303.401348] [AOA] Measurement: 0,1579857578.892707,04:d6:aa:ab:45:40,2,1,2,0,128,506,458,840,475,421,782,767,189,121,328,766,35,464,254,806,683,11,282,361,267,778,654,759,688,832,238,470,183,162,1010,1022,933,78,63,50,65,68,75,62,40,67,82,56,95,71,57,67,63,98,53,54,57,54,34,29,69,105,97,107,89,80,99,56,78
[ 303.440587] [AOA] Measurement: 0,1579857578.931945,04:d6:aa:ab:45:40,2,1,2,0,128,500,465,399,725,996,970,766,187,684,569,265,227,101,547,433,942,609,525,976,536,359,883,224,911,409,487,434,184,157,1002,409,373,77,59,49,64,69,75,62,40,69,82,54,95,68,55,66,63,100,52,52,58,55,33,31,70,105,99,108,91,82,100,57,79
[ 303.467652] [AOA] Measurement: 0,1579857578.959003,04:d6:aa:ab:45:40,2,1,2,0,128,504,511,847,451,471,823,799,231,136,405,762,27,523,311,875,745,595,487,944,504,351,862,167,813,883,312,460,146,178,1019,181,115,62,52,41,53,55,62,51,34,54,66,46,77,57,43,54,50,82,44,45,51,46,27,24,57,85,80,86,73,67,83,44,63
[ 303.496288] [AOA] Measurement: 0,1579857578.987645,04:d6:aa:ab:45:40,2,1,2,0,128,516,495,742,392,414,742,742,193,184,402,277,230,2,466,835,665,51,306,419,354,339,799,728,649,873,290,461,150,150,0,65,968,75,60,51,65,67,77,61,41,67,82,56,93,70,53,66,62,98,54,54,60,56,36,30,71,105,97,104,90,82,99,55,76
[ 303.518343] [AOA] Measurement: 0,1579857579.009699,04:d6:aa:ab:45:40,2,1,2,0,128,488,449,824,459,494,807,325,382,99,331,783,34,518,293,932,727,632,572,1014,500,378,881,734,676,388,472,476,156,144,1002,468,324,75,61,48,65,68,77,62,40,68,82,55,94,72,54,67,64,96,53,53,59,55,34,31,70,107,97,108,91,84,101,58,79
[ 303.549380] [AOA] Measurement: 0,1579857579.040731,04:d6:aa:ab:45:40,2,1,2,0,128,536,520,311,659,499,803,715,186,104,314,259,193,46,501,860,676,48,326,359,278,776,653,744,671,842,286,888,937,635,804,332,283,80,63,52,67,68,79,63,40,69,83,59,95,71,55,68,63,101,54,57,61,57,34,29,70,105,99,107,91,82,101,56,75
[ 303.572310] [AOA] Measurement: 0,1579857579.063667,04:d6:aa:ab:45:40,2,1,2,0,128,498,479,376,660,989,985,266,355,705,550,815,54,509,311,867,675,45,289,377,333,854,680,200,850,380,459,493,210,105,992,400,340,64,51,43,57,60,64,56,35,61,73,48,82,63,50,59,57,87,48,46,53,48,30,25,60,92,85,94,78,71,88,50,69
[ 303.603357] [AOA] Measurement: 0,1579857579.094715,04:d6:aa:ab:45:40,2,1,2,0,128,498,434,849,475,455,792,729,178,83,286,750,15,502,316,858,658,3,290,339,260,778,641,738,707,830,251,926,977,648,832,873,896,75,56,46,66,67,74,61,38,65,77,53,91,69,54,66,61,96,51,50,55,54,33,29,71,105,96,104,93,80,100,59,81
[ 303.627796] [AOA] Measurement: 0,1579857579.119148,04:d6:aa:ab:45:40,2,1,2,0,128,100,735,406,728,4,1006,287,398,721,560,294,246,39,533,392,890,35,286,973,528,361,885,259,868,356,462,438,138,144,1006,885,725,74,55,48,64,66,74,61,41,65,79,52,91,70,55,66,63,98,51,51,57,51,35,30,68,103,95,104,93,78,99,56,78
[ 303.658327] [AOA] Measurement: 0,1579857579.149678,04:d6:aa:ab:45:40,2,1,2,0,128,501,455,857,526,1013,3,344,428,599,506,775,29,71,525,413,893,53,340,413,335,326,828,259,889,446,532,433,141,165,1014,174,190,65,52,43,57,58,66,53,34,59,71,48,81,61,47,59,54,89,48,46,53,49,29,26,60,91,83,90,76,70,84,48,68
[ 303.685302] [AOA] Measurement: 0,1579857579.176659,04:d6:aa:ab:45:40,2,1,2,0,128,23,670,338,637,37,1009,264,335,670,527,773,43,528,343,842,692,25,312,976,557,331,843,312,922,425,513,474,161,134,0,653,606,73,56,48,65,65,73,60,41,66,79,54,92,71,54,67,64,97,52,50,57,53,34,28,68,103,95,105,93,80,98,56,78
[ 303.707405] [AOA] Measurement: 0,1579857579.198763,04:d6:aa:ab:45:40,2,1,2,0,128,533,523,822,463,498,834,760,138,158,382,750,60,410,235,838,648,6,278,432,294,819,646,683,652,842,235,925,949,613,807,261,285,73,55,47,62,66,76,60,39,68,80,54,92,70,55,67,62,95,52,50,56,53,33,31,68,103,97,106,93,81,98,58,74
[ 303.737836] [AOA] Measurement: 0,1579857579.229189,04:d6:aa:ab:45:40,2,1,2,0,128,511,502,347,719,28,1022,225,353,694,572,302,248,25,459,374,861,534,449,1006,563,341,877,268,902,390,457,458,168,149,1020,401,269,75,58,49,65,66,72,62,38,68,78,54,90,70,55,66,63,97,52,50,56,53,33,30,69,105,96,108,92,80,99,60,77
[ 303.766125] [AOA] Measurement: 0,1579857579.257483,04:d6:aa:ab:45:40,2,1,2,0,128,556,525,844,449,493,847,764,175,115,357,809,51,500,289,840,696,19,307,351,231,847,683,710,677,452,547,416,113,645,831,563,477,63,48,39,53,55,62,49,33,56,69,46,75,59,45,53,51,84,45,46,50,45,30,25,58,87,80,88,73,66,82,46,64
[ 303.790014] [AOA] Measurement: 0,1579857579.281366,04:d6:aa:ab:45:40,2,1,2,0,128,524,489,829,487,1012,968,287,380,663,549,257,196,475,283,393,893,972,273,923,489,404,897,191,839,415,486,440,160,116,1010,868,830,65,53,44,58,57,66,55,36,58,73,49,84,61,49,58,55,89,48,46,55,48,30,27,61,95,84,92,77,72,87,48,68
[ 303.821136] [AOA] Measurement: 0,1579857579.312488,04:d6:aa:ab:45:40,2,1,2,0,128,474,467,825,434,436,771,738,164,120,353,792,33,78,531,355,865,1016,258,439,328,822,666,718,681,815,261,446,180,140,1017,43,934,74,57,48,63,67,73,61,39,66,83,55,94,70,56,66,62,96,50,49,54,53,35,31,67,105,95,105,90,81,100,58,79
[ 303.848874] [AOA] Measurement: 0,1579857579.340231,04:d6:aa:ab:45:40,2,1,2,0,128,591,548,833,503,426,770,799,205,687,503,281,214,62,512,414,911,567,509,380,294,381,844,671,645,374,472,889,967,645,852,866,695,75,59,49,66,66,79,63,40,71,85,55,94,70,54,68,63,103,55,55,60,53,32,29,68,104,96,107,90,80,99,55,73
[ 303.873119] [AOA] Measurement: 0,1579857579.364472,04:d6:aa:ab:45:40,2,1,2,0,128,26,692,322,624,15,1003,308,387,595,491,765,41,503,331,890,699,59,276,405,307,378,865,233,866,468,518,462,170,171,1019,657,541,75,60,49,67,66,76,62,42,68,79,55,93,69,54,65,62,100,54,53,60,55,33,29,69,103,97,104,90,81,99,59,79
[ 303.900392] [AOA] Measurement: 0,1579857579.391750,04:d6:aa:ab:45:40,2,1,2,0,128,491,482,833,480,485,804,813,209,621,510,765,50,96,542,326,865,29,259,450,315,822,670,704,685,789,225,869,935,626,819,332,311,76,60,48,65,67,75,63,40,68,83,55,94,69,53,66,60,98,54,54,61,54,35,31,72,104,99,107,92,82,97,57,78
[ 303.930660] [AOA] Measurement: 0,1579857579.422011,04:d6:aa:ab:45:40,2,1,2,0,128,540,495,768,444,471,780,306,420,701,557,775,43,60,530,402,924,553,487,410,325,828,664,259,902,323,439,880,961,173,2,535,392,76,61,49,65,68,76,62,40,68,82,56,94,71,53,66,62,102,55,53,64,56,35,31,69,104,96,106,89,81,98,55,75
[ 303.957242] [AOA] Measurement: 0,1579857579.448601,04:d6:aa:ab:45:40,2,1,2,0,128,47,674,354,672,17,1008,742,170,84,327,747,1010,88,542,787,618,33,318,395,330,808,656,693,703,422,503,433,163,171,18,835,730,76,63,49,65,66,77,63,39,67,81,56,94,70,55,65,58,101,54,56,63,56,34,29,66,104,94,105,86,81,97,53,77
[ 303.982367] [AOA] Measurement: 0,1579857579.473719,04:d6:aa:ab:45:40,2,1,2,0,128,463,460,907,536,416,759,693,148,13,259,769,7,549,348,899,716,619,498,943,513,774,622,659,616,841,258,900,955,147,984,495,474,75,59,46,66,67,73,60,40,65,80,54,92,70,55,64,63,95,53,51,56,55,35,31,68,106,96,105,93,79,97,60,80
[ 304.008974] [AOA] Measurement: 0,1579857579.500330,04:d6:aa:ab:45:40,2,1,2,0,128,531,494,817,436,454,807,300,377,720,575,770,51,558,355,843,701,23,284,428,360,783,663,686,671,372,484,448,132,180,1018,69,979,66,51,45,56,57,65,55,37,60,72,50,81,62,46,58,53,88,47,48,55,48,30,25,59,90,81,91,75,70,84,47,66
[ 304.038444] [AOA] Measurement: 0,1579857579.529800,04:d6:aa:ab:45:40,2,1,2,0,128,489,485,829,449,1004,981,805,227,641,513,802,36,499,304,405,921,84,348,356,290,351,893,202,887,354,466,505,208,192,12,552,397,78,60,48,67,68,78,60,40,67,82,58,97,70,53,67,62,100,54,53,60,53,34,30,70,102,94,104,90,80,98,53,78
[ 304.062722] [AOA] Measurement: 0,1579857579.554074,04:d6:aa:ab:45:40,2,1,2,0,128,118,734,351,724,998,957,255,345,650,565,288,247,6,497,372,912,565,466,422,318,809,639,221,839,419,499,874,949,178,20,680,548,77,61,52,64,68,78,60,40,69,81,56,92,70,56,65,63,100,53,53,60,54,35,32,70,106,94,106,91,80,98,59,80
[ 304.090121] [AOA] Measurement: 0,1579857579.581480,04:d6:aa:ab:45:40,2,1,2,0,128,533,480,859,462,480,824,789,257,685,553,286,214,18,507,405,878,37,303,414,307,808,655,704,688,903,279,930,986,653,856,658,641,73,59,48,65,67,75,62,39,67,82,58,93,70,53,66,62,99,53,54,61,55,34,31,69,105,96,109,90,81,98,57,78
[ 304.119980] [AOA] Measurement: 0,1579857579.611338,04:d6:aa:ab:45:40,2,1,2,0,128,64,720,394,690,11,1003,268,384,618,510,306,271,4,462,411,873,633,562,942,499,406,933,201,858,420,484,463,148,120,988,412,399,76,61,49,66,69,75,62,42,69,81,54,96,70,53,67,64,101,55,55,61,56,35,32,69,105,99,111,91,83,101,58,77
[ 304.144648] [AOA] Measurement: 0,1579857579.635999,04:d6:aa:ab:45:40,2,1,2,0,128,28,653,332,623,444,806,750,185,682,596,337,255,31,520,343,839,27,324,1001,518,833,704,198,844,365,438,936,989,142,989,426,344,71,53,44,63,65,74,62,38,66,77,53,89,69,53,66,62,92,53,49,49,51,34,29,65,102,91,102,91,77,94,57,77
[ 304.171269] [AOA] Measurement: 0,1579857579.662628,04:d6:aa:ab:45:40,2,1,2,0,128,537,500,837,452,444,751,750,165,57,272,815,40,417,221,795,629,6,260,331,261,847,678,671,650,868,288,906,993,655,844,852,856,74,60,50,67,68,75,62,39,66,82,56,92,70,54,65,59,101,51,53,58,53,33,30,68,105,95,105,87,81,99,56,77
[ 304.201521] [AOA] Measurement: 0,1579857579.692880,04:d6:aa:ab:45:40,2,1,2,0,128,458,439,868,508,465,808,700,141,46,298,780,25,460,273,895,736,17,313,391,294,879,683,226,852,798,233,908,975,646,852,655,567,75,59,50,67,66,74,63,41,68,81,55,93,69,55,67,62,99,53,54,60,53,33,30,70,105,98,106,93,80,100,57,78
[ 304.225079] [AOA] Measurement: 0,1579857579.716437,04:d6:aa:ab:45:40,2,1,2,0,128,103,698,338,670,33,985,283,373,130,333,744,12,493,280,859,705,54,321,319,291,836,687,179,827,908,275,477,166,200,10,762,638,60,48,42,55,56,65,50,33,55,67,45,77,59,45,56,53,82,42,44,50,45,28,25,58,85,79,89,74,67,83,47,65
[ 304.254919] [AOA] Measurement: 0,1579857579.746271,04:d6:aa:ab:45:40,2,1,2,0,128,56,692,357,689,12,7,264,353,703,564,250,155,98,534,386,875,675,569,975,549,419,913,206,879,416,489,515,191,153,15,879,723,75,63,51,65,64,74,61,38,70,80,55,90,69,53,62,61,98,53,53,63,56,33,28,66,101,92,100,83,76,95,53,76
[ 304.277793] [AOA] Measurement: 0,1579857579.769150,04:d6:aa:ab:45:40,2,1,2,0,128,508,462,810,482,479,797,771,189,127,358,723,7,550,334,437,918,632,484,953,515,412,855,222,862,426,523,482,175,103,992,207,130,75,58,50,65,66,75,61,40,66,81,54,93,69,57,66,63,98,54,52,57,54,33,31,71,104,96,105,91,82,101,58,79
[ 304.309953] [AOA] Measurement: 0,1579857579.801310,04:d6:aa:ab:45:40,2,1,2,0,128,461,422,814,434,423,772,707,161,100,326,728,1016,565,332,872,665,28,312,451,345,819,670,721,646,819,250,966,997,186,39,489,458,72,60,48,62,65,77,60,40,66,83,55,93,66,54,65,61,101,51,54,62,56,33,30,68,104,95,106,88,77,94,54,75
[ 304.334621] [AOA] Measurement: 0,1579857579.825973,04:d6:aa:ab:45:40,2,1,2,0,128,539,462,848,481,483,821,791,179,154,354,801,37,1013,474,378,857,1017,298,372,303,874,702,693,650,872,285,893,972,593,838,505,519,75,59,46,65,68,76,62,40,69,81,53,93,69,55,66,61,97,52,52,57,52,32,30,67,101,94,105,90,80,99,58,77
[ 304.366477] [AOA] Measurement: 0,1579857579.857830,04:d6:aa:ab:45:40,2,1,2,0,128,555,472,801,434,417,765,760,177,30,263,775,49,562,357,805,663,955,233,358,270,806,644,697,633,862,291,923,979,189,31,448,365,76,59,48,66,67,75,63,40,68,83,55,95,71,55,66,61,101,55,53,59,54,33,31,68,105,96,107,92,77,99,55,79
[ 304.394287] [AOA] Measurement: 0,1579857579.885645,04:d6:aa:ab:45:40,2,1,2,0,128,501,464,848,498,444,805,762,190,92,347,746,37,500,307,405,908,581,492,943,512,395,843,693,645,849,242,909,957,597,813,204,182,73,56,46,65,68,73,63,38,66,78,53,92,70,52,65,63,97,53,50,56,52,34,28,68,103,94,108,90,78,96,56,77
[ 304.420053] [AOA] Measurement: 0,1579857579.911404,04:d6:aa:ab:45:40,2,1,2,0,128,481,451,773,469,511,830,275,382,646,540,293,207,20,501,385,867,24,277,381,298,796,673,702,686,831,245,918,1013,182,38,180,960,73,58,47,64,68,76,61,39,69,82,56,93,71,55,67,61,96,54,53,58,55,33,29,70,103,95,107,90,80,98,56,73
[ 304.450043] [AOA] Measurement: 0,1579857579.941401,04:d6:aa:ab:45:40,2,1,2,0,128,44,709,354,694,48,25,290,375,632,548,304,229,1021,471,932,727,60,320,946,518,364,857,278,892,408,505,483,187,180,22,186,969,76,58,49,66,67,75,63,39,66,82,56,94,70,55,66,62,96,53,53,61,56,34,30,71,104,97,106,91,83,98,57,78
[ 304.472903] [AOA] Measurement: 0,1579857579.964260,04:d6:aa:ab:45:40,2,1,2,0,128,429,415,817,444,484,790,846,270,636,529,332,242,24,496,452,949,5,245,404,306,837,651,679,672,387,483,459,207,196,33,725,566,77,58,48,65,67,73,61,41,67,82,55,94,70,56,67,62,97,51,54,59,53,32,30,71,104,97,107,91,79,99,55,78
[ 304.502632] [AOA] Measurement: 0,1579857579.993983,04:d6:aa:ab:45:40,2,1,2,0,128,468,415,746,449,463,803,693,115,73,344,721,4,527,331,377,885,1020,273,368,254,868,669,669,617,817,209,956,1015,611,840,548,547,62,51,42,54,56,63,53,32,54,67,44,77,58,46,53,51,81,45,45,49,46,28,24,58,89,81,88,77,68,82,47,66
[ 304.532685] [AOA] Measurement: 0,1579857580.024043,04:d6:aa:ab:45:40,2,1,2,0,128,496,421,891,494,442,830,707,178,121,366,740,27,524,309,807,662,1,255,440,319,796,614,730,668,875,294,871,952,636,804,461,540,67,53,43,55,59,64,54,35,59,72,48,82,60,48,55,55,84,45,47,53,47,29,25,59,90,84,92,76,71,84,47,66
[ 304.555874] [AOA] Measurement: 0,1579857580.047232,04:d6:aa:ab:45:40,2,1,2,0,128,5,659,389,705,25,986,368,443,641,524,305,231,41,505,391,887,3,267,985,535,267,801,262,850,367,472,394,118,225,29,161,1012,66,52,42,58,61,66,55,36,59,70,49,82,62,47,57,55,86,47,47,52,48,28,26,59,90,84,92,79,70,85,49,69
[ 304.584975] [AOA] Measurement: 0,1579857580.076326,04:d6:aa:ab:45:40,2,1,2,0,128,560,513,802,461,1015,981,307,421,636,522,280,214,966,470,849,693,63,327,395,307,859,688,228,868,873,308,414,146,208,7,395,366,67,53,43,58,59,68,55,35,60,72,49,83,64,48,61,56,88,47,45,52,47,31,26,59,88,83,93,79,73,86,51,68
[ 304.610081] [AOA] Measurement: 0,1579857580.101440,04:d6:aa:ab:45:40,2,1,2,0,128,42,682,792,472,525,853,720,164,109,363,778,44,522,322,842,684,601,485,978,532,390,907,245,857,423,503,453,134,177,9,801,679,67,52,43,57,59,66,54,35,57,72,51,83,61,48,58,53,89,47,48,53,47,28,25,59,90,82,90,74,72,85,47,66
[ 304.640619] [AOA] Measurement: 0,1579857580.131977,04:d6:aa:ab:45:40,2,1,2,0,128,538,477,788,460,485,812,790,182,125,372,783,57,397,237,840,651,28,289,360,262,819,642,694,625,839,247,900,974,694,853,941,909,75,61,52,68,69,76,61,40,66,79,55,93,68,55,64,61,101,53,54,60,54,34,29,68,106,98,107,89,79,100,58,78
[ 304.665874] [AOA] Measurement: 0,1579857580.157226,04:d6:aa:ab:45:40,2,1,2,0,128,555,505,315,634,461,829,754,165,101,371,710,1002,470,312,861,696,25,291,427,332,369,877,726,676,858,297,984,8,167,1017,800,821,74,58,47,66,67,75,63,40,67,82,55,91,69,53,66,62,100,53,53,57,55,34,28,70,104,97,107,93,80,98,57,78
[ 304.697069] [AOA] Measurement: 0,1579857580.188421,04:d6:aa:ab:45:40,2,1,2,0,128,514,475,841,499,457,768,751,147,139,352,795,32,513,295,422,903,66,297,949,495,844,673,683,643,885,278,462,174,195,1013,680,613,76,59,49,62,67,76,61,40,69,80,53,94,70,55,67,63,103,53,52,59,53,34,32,72,107,97,107,93,80,97,58,80
[ 304.725748] [AOA] Measurement: 0,1579857580.217107,04:d6:aa:ab:45:40,2,1,2,0,128,489,444,791,479,458,765,714,161,110,373,782,50,454,268,758,617,1017,231,374,294,763,624,685,621,920,314,480,204,167,15,153,72,77,62,49,66,67,75,61,42,67,83,56,96,71,53,67,62,100,53,54,60,54,35,32,70,106,97,106,88,81,100,56,77
[ 304.751051] [AOA] Measurement: 0,1579857580.242404,04:d6:aa:ab:45:40,2,1,2,0,128,479,481,829,461,470,772,785,206,65,317,784,1022,23,501,845,674,50,297,341,246,821,676,754,700,851,291,867,936,665,869,167,130,76,59,48,66,68,77,62,40,67,79,53,92,69,57,65,61,93,52,51,53,52,34,30,68,103,94,104,92,81,99,57,79
[ 304.782365] [AOA] Measurement: 0,1579857580.273717,04:d6:aa:ab:45:40,2,1,2,0,128,574,539,395,687,970,963,701,146,43,326,727,1021,489,276,829,665,32,306,425,325,837,659,650,616,850,282,872,976,691,836,202,169,73,63,51,63,67,77,61,41,69,82,55,93,70,56,66,62,100,51,53,59,53,33,29,69,105,97,106,89,80,99,54,73
[ 304.806131] [AOA] Measurement: 0,1579857580.297489,04:d6:aa:ab:45:40,2,1,2,0,128,487,461,823,493,1001,968,753,169,154,369,795,36,517,336,403,889,6,279,374,268,813,658,666,680,868,294,945,969,658,845,844,784,75,60,50,65,66,74,61,40,68,81,56,96,70,54,66,61,98,54,53,61,54,32,31,68,104,94,105,89,81,98,56,79
[ 304.842787] [AOA] Measurement: 0,1579857580.334146,04:d6:aa:ab:45:40,2,1,2,0,128,511,461,839,447,462,827,693,162,117,318,777,32,491,293,889,747,1020,301,439,311,333,869,190,809,812,252,928,1004,640,862,869,888,73,56,46,63,68,73,62,39,65,82,55,92,69,54,67,62,96,52,51,56,52,33,29,69,104,95,104,93,79,98,57,78
[ 304.880636] [AOA] Measurement: 0,1579857580.371995,04:d6:aa:ab:45:40,2,1,2,0,128,494,439,890,469,954,981,265,366,645,502,277,217,32,490,398,914,580,506,357,279,796,627,721,645,833,255,943,985,608,819,419,344,71,55,45,61,63,71,60,37,63,77,49,89,70,53,64,62,92,51,50,54,52,33,30,69,104,91,104,93,79,96,59,77
[ 304.908898] [AOA] Measurement: 0,1579857580.400250,04:d6:aa:ab:45:40,2,1,2,0,128,477,485,821,421,484,808,730,175,125,371,761,8,458,299,838,684,18,306,371,258,801,640,695,672,855,263,928,990,227,37,56,960,74,60,50,65,67,75,61,42,68,81,55,93,67,55,66,61,99,53,55,61,54,33,31,69,102,90,103,85,77,95,53,74
[ 304.932457] [AOA] Measurement: 0,1579857580.423813,04:d6:aa:ab:45:40,2,1,2,0,128,565,536,358,659,51,11,249,355,731,576,243,202,522,328,409,885,544,472,362,289,822,659,271,921,343,482,906,986,149,18,772,676,75,59,48,65,68,74,61,39,67,80,54,93,70,56,65,61,99,54,54,58,54,35,30,69,103,96,108,93,79,99,60,82
[ 304.966023] [AOA] Measurement: 0,1579857580.457375,04:d6:aa:ab:45:40,2,1,2,0,128,2,646,787,470,446,807,302,364,642,523,772,48,103,539,403,911,589,495,1013,555,351,880,247,857,438,530,451,139,215,53,530,363,75,59,49,65,67,74,61,41,68,85,58,93,67,55,62,58,100,53,53,61,55,33,31,68,102,96,105,87,80,98,56,77
[ 304.995920] [AOA] Measurement: 0,1579857580.487272,04:d6:aa:ab:45:40,2,1,2,0,128,543,458,804,480,515,805,766,193,85,347,772,10,5,487,881,685,71,305,363,299,356,856,243,872,417,512,449,172,151,2,14,3,74,58,50,63,67,75,60,41,70,84,54,93,68,56,67,63,101,53,53,60,55,34,31,67,103,94,104,89,80,98,57,77
[ 305.025019] [AOA] Measurement: 0,1579857580.516370,04:d6:aa:ab:45:40,2,1,2,0,128,484,462,818,447,496,810,730,192,92,337,742,12,96,504,361,826,57,288,374,255,784,632,657,647,866,297,843,932,667,831,367,429,77,62,50,64,69,77,63,40,69,83,56,95,69,53,66,62,102,53,52,61,53,35,30,71,105,98,105,90,78,98,57,78
[ 305.054840] [AOA] Measurement: 0,1579857580.546191,04:d6:aa:ab:45:40,2,1,2,0,128,449,420,863,472,408,766,786,182,85,328,762,5,507,320,379,859,1022,267,366,271,814,631,744,695,830,277,895,941,682,873,125,39,75,59,49,63,68,77,61,43,67,81,56,91,69,52,64,61,99,54,54,61,56,34,31,70,104,93,105,91,80,96,53,76
[ 305.078517] [AOA] Measurement: 0,1579857580.569870,04:d6:aa:ab:45:40,2,1,2,0,128,482,448,843,465,464,811,792,215,121,352,718,26,28,507,851,675,11,276,390,284,795,628,704,675,858,269,845,951,616,839,474,457,74,60,50,66,68,75,63,40,68,83,57,93,70,56,66,61,102,52,53,61,56,34,31,68,103,97,106,91,79,98,56,78
[ 305.111764] [AOA] Measurement: 0,1579857580.603117,04:d6:aa:ab:45:40,2,1,2,0,128,501,439,823,456,523,845,756,176,126,343,751,18,522,300,814,698,37,296,387,300,831,644,242,852,396,487,466,160,168,16,720,656,60,47,39,52,56,60,48,32,54,66,42,74,57,45,53,51,80,43,41,46,45,27,24,58,86,80,85,77,66,82,47,65
[ 305.141665] [AOA] Measurement: 0,1579857580.633015,04:d6:aa:ab:45:40,2,1,2,0,128,545,486,808,411,419,781,735,175,69,312,720,8,480,304,879,665,34,311,420,323,845,672,679,632,894,291,865,908,580,762,119,207,66,50,45,56,59,66,54,36,60,71,47,83,62,49,59,55,85,45,44,53,48,30,25,60,91,83,95,79,69,87,48,66
[ 305.170040] [AOA] Measurement: 0,1579857580.661399,04:d6:aa:ab:45:40,2,1,2,0,128,532,526,832,484,21,984,773,185,150,351,731,8,552,365,343,888,37,296,401,320,791,630,772,689,385,490,891,959,125,990,814,742,72,59,48,65,67,75,60,40,65,82,52,91,70,55,66,61,97,51,50,56,52,34,30,69,104,95,105,92,81,100,57,77
[ 305.196569] [AOA] Measurement: 0,1579857580.687920,04:d6:aa:ab:45:40,2,1,2,0,128,569,496,793,419,448,809,773,170,94,350,760,20,519,317,340,850,600,470,921,470,826,662,220,821,870,281,935,1005,138,975,29,4,65,51,42,58,59,67,54,36,58,71,49,80,61,48,59,55,85,47,47,51,46,29,27,61,90,84,93,80,70,86,49,67
[ 305.222062] [AOA] Measurement: 0,1579857580.713421,04:d6:aa:ab:45:40,2,1,2,0,128,537,479,781,387,469,791,695,140,106,332,791,59,515,319,358,851,1016,279,414,302,766,623,716,658,851,261,903,982,623,818,756,705,66,51,41,55,56,64,52,34,57,72,47,82,62,48,58,55,85,46,45,52,48,28,25,60,90,83,93,80,72,86,49,68
[ 305.247089] [AOA] Measurement: 0,1579857580.738448,04:d6:aa:ab:45:40,2,1,2,0,128,498,457,824,462,434,777,744,224,125,338,827,79,57,497,447,929,603,487,984,536,406,923,230,866,398,479,432,142,142,1006,51,964,77,60,50,63,66,77,61,42,69,83,57,94,69,54,68,63,99,53,53,59,54,35,30,71,102,95,106,93,80,98,57,80
[ 305.277722] [AOA] Measurement: 0,1579857580.769081,04:d6:aa:ab:45:40,2,1,2,0,128,63,689,318,653,11,988,243,379,642,560,319,219,505,328,884,735,550,452,958,532,323,870,185,872,358,428,907,985,607,814,208,108,76,57,50,64,66,73,63,40,68,83,56,95,70,55,65,63,97,51,53,59,54,34,30,70,105,96,108,94,82,101,58,79
[ 305.306054] [AOA] Measurement: 0,1579857580.797405,04:d6:aa:ab:45:40,2,1,2,0,128,522,480,873,476,425,819,315,397,672,571,306,243,112,569,333,872,92,357,963,502,307,836,236,885,856,267,959,1021,138,1023,748,686,75,59,48,64,69,75,62,40,68,80,55,93,70,53,66,59,99,53,53,61,56,34,31,69,105,96,106,89,84,98,56,78
[ 305.330352] [AOA] Measurement: 0,1579857580.821705,04:d6:aa:ab:45:40,2,1,2,0,128,52,684,380,657,36,1018,292,396,709,561,375,268,59,566,364,883,553,499,853,455,339,871,211,870,866,304,950,1019,182,21,295,225,77,61,49,67,68,76,60,41,68,83,58,95,69,55,62,61,98,54,55,63,56,33,30,67,104,96,106,88,80,99,54,74
[ 305.363585] [AOA] Measurement: 0,1579857580.854937,04:d6:aa:ab:45:40,2,1,2,0,128,528,516,852,484,952,980,277,394,113,351,794,69,0,462,836,676,31,342,376,318,345,844,242,841,384,481,910,1007,147,1009,560,400,65,52,43,57,58,67,53,35,59,73,49,81,62,47,55,53,88,49,47,53,48,29,25,60,89,83,89,74,71,84,48,66
[ 305.389167] [AOA] Measurement: 0,1579857580.880522,04:d6:aa:ab:45:40,2,1,2,0,128,499,432,824,474,462,807,707,169,129,348,721,1018,499,261,879,669,76,342,927,469,320,816,663,617,827,218,884,936,655,815,364,382,77,60,51,67,68,77,62,41,68,81,55,93,72,55,67,62,99,50,53,58,53,33,28,68,104,95,105,88,82,97,54,77
[ 305.419945] [AOA] Measurement: 0,1579857580.911304,04:d6:aa:ab:45:40,2,1,2,0,128,471,424,876,478,421,791,778,198,86,300,744,1020,503,298,867,667,1009,249,417,298,813,697,641,642,880,301,886,1020,159,1020,338,306,74,58,47,66,67,76,62,41,64,79,54,89,70,52,64,60,99,51,51,58,52,34,32,69,103,94,107,91,83,98,55,78
[ 305.447105] [AOA] Measurement: 0,1579857580.938456,04:d6:aa:ab:45:40,2,1,2,0,128,526,485,824,456,434,762,806,218,58,327,764,34,541,317,787,636,92,322,873,465,326,873,170,810,824,224,899,953,213,24,232,200,60,47,38,53,55,62,50,33,54,66,45,77,58,46,56,51,80,42,43,47,44,27,24,57,86,78,87,77,68,83,48,64
[ 305.472427] [AOA] Measurement: 0,1579857580.963785,04:d6:aa:ab:45:40,2,1,2,0,128,560,476,842,479,477,822,724,172,117,340,792,60,53,526,363,895,1002,307,918,475,755,606,689,659,864,267,899,961,150,1018,847,768,74,58,49,66,66,75,62,41,67,81,54,94,72,55,68,62,98,54,53,55,54,34,30,70,105,97,102,90,82,97,55,75
[ 305.503910] [AOA] Measurement: 0,1579857580.995263,04:d6:aa:ab:45:40,2,1,2,0,128,60,691,374,674,444,788,722,172,135,381,276,251,39,540,866,692,12,277,385,295,881,687,292,870,342,452,421,180,212,19,722,546,76,59,50,65,68,76,60,42,67,82,54,91,68,54,64,62,99,52,53,58,55,32,29,69,103,95,107,88,81,99,57,76
[ 305.534590] [AOA] Measurement: 0,1579857581.025941,04:d6:aa:ab:45:40,2,1,2,0,128,553,505,800,494,467,823,749,172,708,579,319,233,506,326,826,669,1004,265,304,224,820,646,700,656,424,496,438,129,171,1016,524,457,75,57,48,64,67,75,61,39,67,81,54,93,70,55,67,61,96,52,52,55,52,35,31,68,103,92,102,92,79,98,59,79
[ 305.559650] [AOA] Measurement: 0,1579857581.051002,04:d6:aa:ab:45:40,2,1,2,0,128,500,443,830,461,464,806,726,147,110,380,341,223,51,519,393,859,1010,250,396,264,804,666,669,652,849,279,934,997,139,5,198,173,76,60,51,65,67,75,65,40,67,82,55,93,68,55,65,63,102,54,54,61,54,36,32,70,105,94,107,92,82,100,59,78
[ 305.589730] [AOA] Measurement: 0,1579857581.081086,04:d6:aa:ab:45:40,2,1,2,0,128,512,478,757,413,416,760,719,160,150,366,775,7,534,271,822,698,1004,251,397,297,820,649,706,686,830,250,878,936,636,848,940,818,72,55,46,64,67,74,62,40,66,80,52,92,70,55,66,62,96,49,50,55,53,32,29,67,102,96,104,91,79,97,56,79
[ 305.618939] [AOA] Measurement: 0,1579857581.110291,04:d6:aa:ab:45:40,2,1,2,0,128,600,532,345,667,446,791,767,175,106,310,766,25,441,286,386,858,39,304,413,317,364,845,637,604,786,184,873,939,630,850,339,246,58,45,39,52,54,60,48,32,55,66,44,72,59,44,53,50,80,43,40,45,42,27,23,57,86,78,87,74,67,82,47,66
[ 305.648342] [AOA] Measurement: 0,1579857581.139698,04:d6:aa:ab:45:40,2,1,2,0,128,990,631,371,666,977,982,283,347,65,305,792,54,525,332,854,672,9,296,942,506,818,672,214,848,851,296,868,944,641,855,346,401,60,49,41,55,58,64,55,34,57,68,47,80,60,45,59,54,85,46,44,49,47,28,26,61,93,84,90,80,71,86,51,67
[ 305.675005] [AOA] Measurement: 0,1579857581.166357,04:d6:aa:ab:45:40,2,1,2,0,128,483,471,804,432,433,775,753,168,105,384,765,25,498,293,822,645,53,325,954,495,375,882,210,828,823,268,927,961,613,815,236,272,74,59,48,64,67,73,62,39,66,78,52,93,70,53,65,63,96,52,49,53,51,33,30,68,102,94,103,90,79,95,59,78
[ 305.701043] [AOA] Measurement: 0,1579857581.192401,04:d6:aa:ab:45:40,2,1,2,0,128,15,656,846,475,453,798,763,167,118,347,682,1018,481,277,840,687,613,556,957,511,335,877,216,859,845,245,884,971,647,846,539,515,64,50,42,56,59,66,53,35,58,69,49,81,62,49,56,54,87,44,46,50,47,29,24,59,88,84,91,78,69,83,50,69
[ 305.731555] [AOA] Measurement: 0,1579857581.222913,04:d6:aa:ab:45:40,2,1,2,0,128,988,626,844,478,416,798,783,196,713,566,310,230,59,525,406,856,654,531,19,533,352,843,239,898,321,416,463,168,159,34,631,527,71,54,46,63,65,73,61,39,65,80,50,92,69,55,68,63,95,50,49,54,52,33,29,68,105,94,104,92,81,98,56,77
[ 305.755686] [AOA] Measurement: 0,1579857581.247045,04:d6:aa:ab:45:40,2,1,2,0,128,508,502,388,665,1014,986,744,143,90,343,828,85,61,528,386,921,538,480,425,351,374,859,244,832,408,477,500,194,109,999,266,223,73,58,46,64,66,75,61,40,64,78,56,92,70,54,65,63,98,52,51,58,50,34,30,69,103,95,105,90,80,97,58,78
[ 305.782778] [AOA] Measurement: 0,1579857581.274134,04:d6:aa:ab:45:40,2,1,2,0,128,453,421,863,513,463,817,718,148,141,346,760,9,509,310,845,689,20,285,408,270,859,705,180,847,377,483,880,987,175,16,770,754,67,51,42,55,58,65,54,35,58,69,49,81,59,47,57,54,84,45,44,48,46,29,25,60,91,84,95,81,71,86,50,68
[ 305.823246] [AOA] Measurement: 0,1579857581.314602,04:d6:aa:ab:45:40,2,1,2,0,128,551,490,807,430,465,778,734,145,120,344,762,28,495,305,822,656,0,299,370,283,770,624,728,657,853,280,951,1001,186,17,839,733,75,57,46,64,65,74,60,38,67,79,57,93,69,53,65,62,95,51,51,54,53,34,29,67,105,95,106,90,81,97,59,78
[ 305.853399] [AOA] Measurement: 0,1579857581.344751,04:d6:aa:ab:45:40,2,1,2,0,128,509,484,781,454,443,786,699,127,75,311,778,44,542,309,788,654,79,318,920,488,876,748,655,634,849,250,827,900,723,863,507,434,74,60,49,66,66,75,61,42,66,81,54,92,69,54,66,61,100,53,55,62,54,34,31,70,105,97,105,91,80,99,56,78
[ 305.884396] [AOA] Measurement: 0,1579857581.375748,04:d6:aa:ab:45:40,2,1,2,0,128,494,465,829,435,445,805,734,150,99,326,734,7,467,261,851,658,1,261,384,256,825,674,767,706,431,527,415,150,146,10,304,249,74,58,46,66,67,75,62,40,66,82,57,92,69,52,65,59,97,50,52,60,51,31,28,67,99,93,105,86,76,94,53,74
[ 305.914683] [AOA] Measurement: 0,1579857581.406035,04:d6:aa:ab:45:40,2,1,2,0,128,64,656,782,409,426,764,790,192,135,365,289,216,17,505,329,846,34,333,920,502,354,878,215,850,412,485,436,134,152,18,274,189,72,58,47,60,66,74,59,39,66,80,54,93,70,57,66,63,99,53,52,59,52,33,27,65,99,93,107,88,81,96,54,77
[ 305.945717] [AOA] Measurement: 0,1579857581.437068,04:d6:aa:ab:45:40,2,1,2,0,128,446,442,849,477,493,803,782,175,153,374,777,47,27,512,870,677,82,355,922,473,769,655,704,673,906,294,444,148,699,878,997,991,61,48,37,54,55,63,50,30,54,66,45,76,57,43,55,51,81,43,42,48,43,28,25,58,87,81,88,74,68,83,47,66
[ 305.975186] [AOA] Measurement: 0,1579857581.466543,04:d6:aa:ab:45:40,2,1,2,0,128,492,440,845,461,495,844,728,195,67,317,808,32,515,318,948,725,81,341,356,266,779,611,769,707,846,224,918,982,645,843,77,55,74,60,49,65,66,74,59,38,67,83,57,97,70,55,66,63,98,52,52,60,53,32,30,67,104,94,110,90,77,97,55,76
[ 306.002190] [AOA] Measurement: 0,1579857581.493542,04:d6:aa:ab:45:40,2,1,2,0,128,515,487,363,658,1011,977,733,191,142,392,734,16,628,420,845,706,1001,293,939,488,369,890,218,850,451,498,914,995,178,47,653,482,73,58,50,65,65,74,60,40,69,82,54,93,69,53,64,61,102,54,54,62,54,33,30,66,105,95,108,86,82,99,56,76
[ 306.033406] [AOA] Measurement: 0,1579857581.524758,04:d6:aa:ab:45:40,2,1,2,0,128,511,487,885,514,1003,956,693,170,702,543,750,1021,22,471,413,934,581,495,985,500,761,625,777,731,411,490,439,155,97,980,580,558,74,58,49,64,67,76,62,40,67,80,56,93,69,53,65,63,98,51,52,57,54,34,29,67,103,94,104,93,80,96,58,77
[ 306.064567] [AOA] Measurement: 0,1579857581.555919,04:d6:aa:ab:45:40,2,1,2,0,128,550,489,863,458,464,817,773,199,158,383,778,69,528,306,861,703,101,309,945,473,334,876,219,851,876,294,459,146,589,802,260,269,76,60,51,67,66,76,62,41,68,83,56,93,70,53,66,60,99,51,52,60,55,33,29,69,101,93,103,87,79,96,54,75
[ 306.096081] [AOA] Measurement: 0,1579857581.587440,04:d6:aa:ab:45:40,2,1,2,0,128,554,532,363,684,42,24,328,425,668,535,338,253,30,492,353,847,597,487,982,506,377,869,240,890,327,483,415,142,159,1020,82,29,75,57,48,64,67,75,60,38,66,82,54,91,70,54,67,62,100,53,53,58,56,34,30,69,104,96,106,92,82,101,57,78
[ 306.122401] [AOA] Measurement: 0,1579857581.613753,04:d6:aa:ab:45:40,2,1,2,0,128,508,458,819,474,467,799,714,155,106,319,801,53,522,347,418,897,28,338,958,523,341,879,241,867,383,473,470,163,186,33,78,0,74,64,50,67,65,77,63,42,68,80,55,92,70,53,67,61,98,53,53,59,52,34,29,68,103,96,102,89,81,97,57,78
[ 306.153781] [AOA] Measurement: 0,1579857581.645133,04:d6:aa:ab:45:40,2,1,2,0,128,1015,629,844,463,467,821,739,166,94,345,773,27,526,315,866,696,557,484,950,461,804,648,734,697,440,511,457,147,138,27,337,271,73,55,49,62,64,74,60,39,64,78,53,93,70,54,64,62,95,52,50,55,51,33,31,69,102,94,103,92,81,99,58,79
[ 306.183639] [AOA] Measurement: 0,1579857581.674997,04:d6:aa:ab:45:40,2,1,2,0,128,29,688,395,718,26,18,294,385,660,538,304,237,35,482,412,907,579,484,404,314,848,662,248,893,429,508,460,147,197,37,433,318,73,59,50,64,66,75,61,41,67,82,57,94,70,56,68,61,103,54,53,59,56,32,31,70,104,96,106,87,80,99,55,77
[ 306.211033] [AOA] Measurement: 0,1579857581.702385,04:d6:aa:ab:45:40,2,1,2,0,128,1013,651,345,671,1019,996,755,202,138,402,328,241,34,561,351,882,669,602,882,509,367,897,216,865,381,479,397,124,198,7,219,114,62,48,42,55,57,62,52,35,58,68,48,81,62,46,57,53,86,45,43,47,46,31,26,61,92,81,91,80,68,85,50,69
[ 306.242351] [AOA] Measurement: 0,1579857581.733709,04:d6:aa:ab:45:40,2,1,2,0,128,504,478,862,494,439,818,733,167,25,292,748,1011,498,255,835,668,51,310,362,303,810,675,722,685,834,271,890,925,599,800,575,608,62,52,41,55,55,63,51,33,54,67,46,77,56,43,53,48,81,44,45,51,44,28,25,57,89,81,86,72,66,83,44,62
[ 306.266870] [AOA] Measurement: 0,1579857581.758226,04:d6:aa:ab:45:40,2,1,2,0,128,1022,666,351,683,446,809,792,165,111,368,281,180,483,286,842,639,42,333,389,316,361,872,258,857,419,479,420,98,652,849,879,883,63,48,40,57,57,64,52,34,58,69,47,79,60,46,56,53,83,44,43,49,47,30,27,58,91,84,91,79,70,85,50,69
[ 306.297016] [AOA] Measurement: 0,1579857581.788368,04:d6:aa:ab:45:40,2,1,2,0,128,502,507,845,473,46,1022,766,192,665,510,708,1006,509,288,819,668,60,279,421,289,826,663,290,866,377,451,428,135,633,820,371,328,76,58,50,63,67,74,60,41,69,82,59,94,69,53,65,62,95,52,52,60,56,35,31,69,104,96,101,89,80,99,55,78
[ 306.322394] [AOA] Measurement: 0,1579857581.813750,04:d6:aa:ab:45:40,2,1,2,0,128,495,453,826,458,1018,1009,798,220,44,306,752,25,470,311,827,644,984,267,411,313,768,619,735,630,866,270,874,951,650,854,983,991,74,57,48,62,63,73,63,40,64,77,55,92,69,54,66,61,98,53,54,57,52,35,30,70,103,95,107,91,81,100,57,79
[ 306.350931] [AOA] Measurement: 0,1579857581.842283,04:d6:aa:ab:45:40,2,1,2,0,128,512,488,853,482,442,794,744,170,89,338,796,37,493,290,905,715,17,298,406,304,737,609,643,605,893,273,914,973,630,791,570,563,72,56,48,63,65,70,60,40,65,80,53,92,69,53,65,61,96,51,52,57,53,33,29,68,106,95,107,92,77,97,55,78
[ 306.382734] [AOA] Measurement: 0,1579857581.874086,04:d6:aa:ab:45:40,2,1,2,0,128,553,504,812,459,431,780,776,224,120,357,743,10,484,315,878,701,38,326,406,292,828,623,244,865,838,305,892,971,190,43,82,54,74,60,49,65,66,75,61,38,68,79,55,94,69,55,66,62,100,54,54,60,53,34,31,70,106,96,106,90,80,96,59,78
[ 306.407731] [AOA] Measurement: 0,1579857581.899090,04:d6:aa:ab:45:40,2,1,2,0,128,539,476,819,431,474,809,750,158,99,331,765,23,508,309,881,700,28,312,312,241,801,650,748,720,427,488,381,121,164,1022,189,192,66,52,43,55,61,65,54,36,59,71,50,83,62,47,58,54,85,46,47,53,47,28,26,60,91,84,96,79,71,87,48,67
[ 306.435746] [AOA] Measurement: 0,1579857581.927097,04:d6:aa:ab:45:40,2,1,2,0,128,542,557,825,452,474,790,688,157,70,307,798,36,505,320,842,674,66,333,369,281,810,668,702,661,846,250,931,983,85,996,887,822,63,48,39,54,58,66,51,34,57,69,43,78,60,48,58,54,82,45,41,46,47,30,26,60,90,83,90,82,67,85,49,67
[ 306.467497] [AOA] Measurement: 0,1579857581.958848,04:d6:aa:ab:45:40,2,1,2,0,128,496,474,855,502,60,1002,347,414,637,522,310,230,518,300,413,931,71,315,1003,532,320,853,277,902,390,487,457,170,182,21,953,766,63,51,44,55,55,66,54,36,58,70,49,82,60,48,56,55,88,47,46,53,47,29,26,60,91,83,94,77,71,88,46,66
[ 306.492500] [AOA] Measurement: 0,1579857581.983858,04:d6:aa:ab:45:40,2,1,2,0,128,513,480,855,485,458,803,759,187,50,349,718,12,441,272,852,682,87,377,358,284,836,672,692,645,825,257,940,990,626,844,322,317,74,58,50,63,67,77,63,42,67,83,56,94,71,55,66,61,101,54,53,61,55,32,29,68,103,94,104,88,81,99,55,77
[ 306.520966] [AOA] Measurement: 0,1579857582.012317,04:d6:aa:ab:45:40,2,1,2,0,128,538,512,842,440,425,769,711,138,9,221,788,56,395,235,817,640,24,282,370,264,766,611,702,642,911,312,964,1017,175,26,402,294,71,55,47,64,67,74,60,41,67,80,53,92,69,55,65,63,98,51,52,56,54,35,30,69,106,99,106,93,78,99,58,76
[ 306.552852] [AOA] Measurement: 0,1579857582.044203,04:d6:aa:ab:45:40,2,1,2,0,128,1020,657,397,712,1012,967,353,403,647,536,347,277,38,509,432,920,612,526,980,545,324,890,289,925,327,438,425,148,658,828,530,550,74,57,49,64,67,73,60,41,65,79,53,93,70,56,65,62,97,50,52,57,54,33,29,67,103,96,107,91,79,99,54,77
[ 306.584963] [AOA] Measurement: 0,1579857582.076314,04:d6:aa:ab:45:40,2,1,2,0,128,84,716,318,616,404,746,757,186,93,327,703,18,460,291,812,649,0,285,431,334,897,697,294,884,348,391,940,996,152,1021,703,607,77,61,50,66,67,73,64,41,68,81,56,94,69,54,67,62,99,52,53,61,55,34,29,70,104,93,105,87,81,97,57,77
[ 306.626010] [AOA] Measurement: 0,1579857582.117368,04:d6:aa:ab:45:40,2,1,2,0,128,509,474,884,495,426,785,735,169,138,340,793,26,506,321,858,677,66,319,363,292,369,856,703,663,404,518,423,154,173,3,379,269,60,47,37,53,54,63,51,32,55,67,43,75,58,44,55,51,82,44,43,49,44,29,27,57,84,79,90,74,67,82,47,65
[ 306.654826] [AOA] Measurement: 0,1579857582.146178,04:d6:aa:ab:45:40,2,1,2,0,128,28,635,866,483,987,971,760,198,66,302,755,4,471,246,837,689,22,310,394,287,776,645,695,636,830,262,895,969,131,982,261,192,64,47,40,57,58,66,53,35,58,69,45,79,61,47,57,53,83,45,41,46,46,30,26,60,91,82,92,82,69,85,50,68
[ 306.679997] [AOA] Measurement: 0,1579857582.171356,04:d6:aa:ab:45:40,2,1,2,0,128,82,708,376,681,5,986,742,187,650,541,772,18,507,317,405,905,640,545,976,500,813,699,707,679,350,468,440,146,187,1014,1018,928,75,58,47,65,68,72,62,40,67,82,55,92,69,54,64,62,98,52,52,57,54,33,29,67,101,96,104,88,78,95,57,76
[ 306.706460] [AOA] Measurement: 0,1579857582.197818,04:d6:aa:ab:45:40,2,1,2,0,128,55,683,339,656,45,1019,690,147,110,368,760,15,515,313,868,742,546,476,402,338,348,880,203,821,344,477,883,1004,137,977,773,845,75,61,47,65,68,76,62,41,69,82,54,94,71,53,67,60,98,52,53,59,54,32,29,68,101,95,105,89,82,98,54,78
[ 306.737153] [AOA] Measurement: 0,1579857582.228506,04:d6:aa:ab:45:40,2,1,2,0,128,513,490,357,685,1020,989,752,207,132,369,765,55,1021,469,886,736,570,471,345,315,829,681,691,611,896,286,905,965,173,1020,221,237,77,62,48,64,68,76,63,42,69,80,55,92,70,55,65,63,101,51,54,58,54,35,28,67,102,98,105,89,82,97,56,80
[ 306.768371] [AOA] Measurement: 0,1579857582.259728,04:d6:aa:ab:45:40,2,1,2,0,128,562,555,794,416,440,792,692,145,85,333,773,24,501,292,789,630,20,294,366,272,788,624,710,677,859,268,917,976,653,800,125,99,75,60,47,66,68,76,63,39,67,79,55,95,68,55,64,61,99,54,51,59,56,34,30,70,108,99,108,90,80,102,57,78
[ 306.796301] [AOA] Measurement: 0,1579857582.287653,04:d6:aa:ab:45:40,2,1,2,0,128,526,480,870,465,476,799,816,208,89,314,836,65,1015,449,824,672,979,269,417,323,759,607,778,706,902,374,457,143,167,1021,259,120,74,60,50,64,65,74,61,39,67,81,57,94,71,56,66,62,99,54,53,60,54,32,29,68,103,95,105,88,81,96,54,73
[ 306.822589] [AOA] Measurement: 0,1579857582.313947,04:d6:aa:ab:45:40,2,1,2,0,128,502,434,852,499,442,784,802,196,135,362,755,36,25,489,863,720,605,480,384,308,340,853,321,942,391,525,439,167,133,988,551,437,74,58,47,65,66,75,62,39,66,78,54,91,67,55,65,63,98,52,50,54,52,33,29,69,101,94,103,89,78,96,58,77
[ 306.849073] [AOA] Measurement: 0,1579857582.340425,04:d6:aa:ab:45:40,2,1,2,0,128,481,438,862,461,450,780,720,164,138,348,782,50,500,296,801,634,62,312,376,275,882,704,708,653,887,249,957,1014,165,7,871,815,78,58,48,66,66,76,61,40,67,79,53,92,70,53,66,61,97,52,52,55,54,32,29,68,104,97,103,91,81,96,58,78
[ 306.879303] [AOA] Measurement: 0,1579857582.370661,04:d6:aa:ab:45:40,2,1,2,0,128,25,662,350,672,988,966,784,201,72,341,767,28,486,346,822,682,74,329,903,471,327,852,258,882,346,427,870,926,651,827,982,1020,59,44,38,53,54,61,48,31,53,65,41,73,59,42,52,49,77,42,39,44,42,27,23,57,84,76,82,76,65,79,47,63
[ 306.909780] [AOA] Measurement: 0,1579857582.401136,04:d6:aa:ab:45:40,2,1,2,0,128,498,471,829,515,423,803,775,197,617,504,259,194,534,329,896,715,621,549,998,544,392,869,199,878,383,497,433,153,123,1014,334,287,73,57,50,61,63,74,62,39,65,81,54,94,71,55,66,63,96,53,52,58,53,32,30,69,104,95,108,90,80,97,54,76
[ 306.935509] [AOA] Measurement: 0,1579857582.426867,04:d6:aa:ab:45:40,2,1,2,0,128,54,676,319,639,975,966,766,200,172,382,778,15,27,485,885,724,614,513,394,308,790,639,752,710,814,271,936,972,160,1016,654,567,73,55,48,66,64,72,59,41,66,80,54,88,70,54,66,61,97,52,50,56,53,31,29,67,103,97,106,89,79,99,54,76
[ 306.965977] [AOA] Measurement: 0,1579857582.457330,04:d6:aa:ab:45:40,2,1,2,0,128,572,513,841,474,438,781,691,129,75,284,766,44,489,311,841,672,50,323,339,253,777,619,717,671,868,250,448,145,182,1019,267,300,77,59,50,65,70,74,61,41,69,83,56,94,72,56,66,61,101,53,52,60,55,33,30,69,105,95,107,87,81,98,55,77
[ 306.991761] [AOA] Measurement: 0,1579857582.483119,04:d6:aa:ab:45:40,2,1,2,0,128,428,414,808,451,443,797,739,174,180,379,783,61,490,320,833,641,46,299,397,314,827,674,684,617,858,324,895,950,626,826,741,604,67,52,42,57,57,66,54,35,59,69,50,83,60,46,58,54,85,46,46,52,48,30,26,60,95,83,94,80,71,86,49,68
[ 307.019867] [AOA] Measurement: 0,1579857582.511218,04:d6:aa:ab:45:40,2,1,2,0,128,510,483,848,474,512,831,307,350,652,535,266,205,545,353,371,864,566,472,398,300,789,643,724,671,914,318,460,136,196,7,40,7,74,61,47,68,67,76,62,39,64,79,54,93,66,51,66,59,98,51,52,59,56,33,28,68,102,96,104,86,79,95,52,76
[ 307.052344] [AOA] Measurement: 0,1579857582.543698,04:d6:aa:ab:45:40,2,1,2,0,128,50,682,348,662,1016,1003,347,406,689,564,283,193,45,446,908,720,6,277,431,360,353,839,723,655,393,462,450,162,172,28,451,331,73,57,48,62,65,74,61,39,66,79,54,93,70,53,66,60,100,53,53,60,54,33,29,67,103,97,107,91,81,101,54,77
[ 307.079682] [AOA] Measurement: 0,1579857582.571039,04:d6:aa:ab:45:40,2,1,2,0,128,403,426,862,482,422,797,740,195,113,320,720,986,493,287,853,698,10,270,437,303,799,648,669,600,818,210,868,929,676,852,222,124,74,61,50,64,66,75,61,40,68,81,56,93,69,53,66,60,98,53,53,58,52,34,29,69,104,96,105,90,82,99,57,75
[ 307.108040] [AOA] Measurement: 0,1579857582.599392,04:d6:aa:ab:45:40,2,1,2,0,128,496,438,823,450,425,793,749,167,50,288,826,77,521,297,864,705,26,326,422,298,850,668,661,626,857,241,966,1019,610,820,985,969,76,56,47,62,67,72,60,38,66,80,53,90,70,53,66,61,95,51,50,56,53,35,29,69,103,95,103,92,79,98,58,79
[ 307.140572] [AOA] Measurement: 0,1579857582.631929,04:d6:aa:ab:45:40,2,1,2,0,128,483,481,361,685,391,734,790,216,122,366,349,234,508,296,850,687,33,261,396,289,789,670,749,686,838,260,943,987,196,36,460,307,77,60,50,65,68,76,61,39,66,82,55,91,70,53,66,62,99,53,51,58,54,34,30,68,104,97,105,89,79,98,57,77
[ 307.166252] [AOA] Measurement: 0,1579857582.657610,04:d6:aa:ab:45:40,2,1,2,0,128,489,437,841,466,445,790,717,163,86,309,745,17,465,283,816,659,37,321,353,270,820,638,705,673,831,225,907,972,599,818,311,382,65,53,43,57,56,67,53,35,58,72,49,80,61,47,56,53,87,46,45,53,48,28,26,60,89,81,87,75,69,84,47,67
[ 307.196359] [AOA] Measurement: 0,1579857582.687711,04:d6:aa:ab:45:40,2,1,2,0,128,49,690,309,629,7,1008,273,348,657,523,788,78,114,582,390,899,1002,269,398,297,825,679,214,829,399,473,924,982,178,35,712,563,62,46,39,52,52,60,48,32,54,64,43,73,57,45,53,50,79,42,40,45,45,28,24,56,86,79,86,75,65,81,48,64
[ 307.222173] [AOA] Measurement: 0,1579857582.713529,04:d6:aa:ab:45:40,2,1,2,0,128,573,561,807,435,447,779,760,180,160,353,758,1009,542,343,836,666,976,237,433,329,834,656,748,666,835,270,895,961,614,839,621,572,64,49,40,56,59,66,51,34,58,69,47,80,61,48,57,54,85,46,46,49,47,28,26,58,89,83,91,79,69,84,50,67
[ 307.250493] [AOA] Measurement: 0,1579857582.741844,04:d6:aa:ab:45:40,2,1,2,0,128,501,458,866,505,434,798,761,189,678,560,312,222,62,513,399,880,27,282,445,349,362,876,230,838,363,448,892,976,215,44,1010,892,74,57,47,63,66,73,60,38,66,80,52,92,69,54,65,61,97,53,50,55,52,32,29,66,101,95,100,91,78,98,56,78
[ 307.284520] [AOA] Measurement: 0,1579857582.775872,04:d6:aa:ab:45:40,2,1,2,0,128,49,695,334,658,1018,977,284,399,735,600,313,251,42,515,472,952,622,513,10,599,346,884,196,836,866,315,469,168,189,17,285,149,74,62,50,64,66,74,61,41,68,80,55,95,69,54,64,58,99,52,53,60,55,32,30,67,103,91,102,86,77,94,51,74
[ 307.317118] [AOA] Measurement: 0,1579857582.808468,04:d6:aa:ab:45:40,2,1,2,0,128,71,684,804,452,30,982,709,154,216,412,713,983,574,317,901,729,615,507,930,487,357,850,201,852,381,490,432,138,638,842,988,933,75,60,49,65,66,74,62,40,68,78,56,94,70,55,66,61,98,53,54,60,55,33,30,68,102,94,104,90,79,96,54,74
[ 307.344823] [AOA] Measurement: 0,1579857582.836180,04:d6:aa:ab:45:40,2,1,2,0,128,32,686,376,638,1016,980,221,369,102,338,781,19,516,320,390,882,1014,231,368,266,798,629,746,707,869,325,453,167,187,19,573,391,73,54,46,62,66,71,60,38,66,79,54,93,70,54,66,62,95,52,50,53,52,33,28,68,101,94,107,90,80,97,57,78
[ 307.371740] [AOA] Measurement: 0,1579857582.863091,04:d6:aa:ab:45:40,2,1,2,0,128,81,709,795,455,410,796,698,163,66,327,748,61,509,322,401,882,570,472,959,470,364,883,215,833,435,500,427,144,187,14,778,669,65,50,43,54,58,66,53,35,59,72,47,82,61,49,56,54,84,44,42,50,48,29,27,60,90,84,93,79,69,86,49,68
[ 307.401013] [AOA] Measurement: 0,1579857582.892369,04:d6:aa:ab:45:40,2,1,2,0,128,472,434,819,433,433,773,706,120,57,304,796,79,453,264,873,706,1010,250,407,298,769,612,313,882,877,298,419,107,183,19,842,828,74,58,47,62,66,74,61,39,66,78,54,92,69,54,64,63,97,54,50,56,53,34,28,67,100,94,101,90,78,93,56,77
[ 307.427114] [AOA] Measurement: 0,1579857582.918472,04:d6:aa:ab:45:40,2,1,2,0,128,94,697,372,703,11,1013,263,365,696,607,308,228,1,495,379,934,548,483,991,552,315,864,211,871,430,523,361,112,144,990,117,67,74,63,48,64,64,74,60,40,68,81,55,92,69,53,62,59,97,52,54,62,53,31,29,66,102,91,99,82,79,97,52,73
[ 307.453716] [AOA] Measurement: 0,1579857582.945072,04:d6:aa:ab:45:40,2,1,2,0,128,524,533,379,677,0,978,283,383,701,567,720,1020,37,521,428,929,562,511,931,490,380,872,295,850,400,446,463,169,167,11,1008,808,74,55,49,64,67,76,64,38,66,80,55,92,69,57,65,60,97,53,53,59,55,34,29,69,107,97,108,91,79,97,56,79
[ 307.481858] [AOA] Measurement: 0,1579857582.973210,04:d6:aa:ab:45:40,2,1,2,0,128,527,496,796,420,462,796,730,149,88,315,821,71,41,533,379,891,611,528,923,460,438,908,268,892,375,467,403,127,167,1021,589,546,73,55,46,64,65,72,60,39,67,78,52,91,69,55,65,62,93,50,47,53,50,34,29,66,102,92,101,91,77,93,57,77
[ 307.515478] [AOA] Measurement: 0,1579857583.006827,04:d6:aa:ab:45:40,2,1,2,0,128,532,467,856,521,492,802,790,202,90,345,260,196,511,292,891,707,15,273,331,273,802,618,769,698,831,286,903,965,621,802,37,1012,74,58,47,62,66,71,60,38,65,80,55,91,68,54,66,62,99,53,50,58,54,33,30,68,105,96,106,91,81,98,57,78
[ 307.543348] [AOA] Measurement: 0,1579857583.034699,04:d6:aa:ab:45:40,2,1,2,0,128,547,485,830,476,417,756,723,144,115,329,734,20,521,311,860,696,627,532,945,517,823,699,243,854,846,245,943,957,662,828,589,494,76,57,50,63,65,75,61,39,68,82,55,92,68,55,65,61,101,53,56,63,54,34,29,67,102,96,104,87,77,97,54,76
[ 307.572105] [AOA] Measurement: 0,1579857583.063462,04:d6:aa:ab:45:40,2,1,2,0,128,506,483,850,502,1018,998,357,430,695,539,322,227,91,512,378,909,35,291,997,525,330,829,268,884,369,512,411,134,145,1018,816,673,66,52,43,56,58,67,53,35,57,70,48,80,61,49,58,53,85,44,44,49,49,30,26,60,91,82,92,77,71,85,49,67
[ 307.603796] [AOA] Measurement: 0,1579857583.095153,04:d6:aa:ab:45:40,2,1,2,0,128,537,488,808,399,483,810,829,211,93,322,765,30,492,276,854,676,19,285,365,263,774,616,705,659,887,288,930,992,661,850,0,951,75,58,48,63,68,73,59,39,67,81,54,93,69,56,64,62,97,51,51,57,54,34,30,68,103,94,105,89,79,98,57,76
[ 307.633862] [AOA] Measurement: 0,1579857583.125214,04:d6:aa:ab:45:40,2,1,2,0,128,474,447,745,395,405,774,711,144,123,344,737,39,537,312,849,665,99,334,963,520,784,666,718,680,789,173,944,1000,162,31,662,609,74,59,50,65,67,77,60,40,66,82,57,95,68,54,66,61,97,53,52,61,54,33,31,70,105,98,107,91,80,100,56,78
[ 307.665271] [AOA] Measurement: 0,1579857583.156627,04:d6:aa:ab:45:40,2,1,2,0,128,1012,637,841,490,465,785,751,181,133,338,818,66,99,542,377,892,561,485,927,499,379,871,213,869,389,461,434,155,162,990,949,748,64,47,40,55,57,63,52,32,57,68,46,79,60,48,57,54,84,45,42,46,48,28,24,60,91,83,92,81,68,84,48,67
[ 307.695496] [AOA] Measurement: 0,1579857583.186847,04:d6:aa:ab:45:40,2,1,2,0,128,540,488,856,439,421,778,745,170,91,330,714,1010,498,313,815,649,994,254,378,278,818,635,683,641,869,271,901,947,657,828,949,931,73,58,47,61,65,74,62,40,66,78,52,93,69,54,66,64,94,51,48,52,52,33,29,66,100,92,102,92,77,95,58,77
[ 307.722151] [AOA] Measurement: 0,1579857583.213508,04:d6:aa:ab:45:40,2,1,2,0,128,82,700,379,706,990,975,757,193,104,332,832,79,539,362,369,881,607,513,903,459,773,653,753,689,386,456,480,174,127,1004,77,963,74,57,48,63,64,75,62,38,66,80,53,91,70,54,66,60,98,54,54,60,54,33,30,70,105,97,106,88,81,100,57,79
[ 307.750474] [AOA] Measurement: 0,1579857583.241828,04:d6:aa:ab:45:40,2,1,2,0,128,505,484,413,695,38,7,271,363,55,334,721,37,543,317,890,714,30,307,456,375,846,672,255,879,352,469,896,985,626,826,542,476,62,49,39,55,56,61,51,33,55,65,43,76,59,46,56,50,79,42,41,47,43,26,24,58,85,79,86,73,65,79,47,64
[ 307.783527] [AOA] Measurement: 0,1579857583.274876,04:d6:aa:ab:45:40,2,1,2,0,128,516,506,367,654,16,1015,736,179,640,497,714,21,540,288,823,701,43,318,376,263,807,638,695,643,796,250,877,941,655,836,0,991,75,57,49,66,68,77,62,39,67,80,55,94,69,55,68,62,99,52,52,59,55,34,30,68,104,97,106,89,80,96,55,76
[ 307.809442] [AOA] Measurement: 0,1579857583.300798,04:d6:aa:ab:45:40,2,1,2,0,128,65,725,387,696,1002,958,330,380,694,587,255,191,523,303,338,866,599,498,957,466,858,683,261,852,437,503,410,164,212,28,81,966,75,59,48,66,68,76,62,40,66,81,56,94,69,53,66,61,98,54,55,59,56,35,32,71,103,94,106,92,79,98,57,81
[ 307.840451] [AOA] Measurement: 0,1579857583.331805,04:d6:aa:ab:45:40,2,1,2,0,128,510,502,824,505,491,800,759,157,126,370,738,1020,514,316,376,838,39,307,915,465,396,892,187,824,425,508,438,123,171,36,925,812,74,59,49,62,64,74,60,39,68,82,55,93,70,55,66,62,97,52,53,60,52,33,30,66,103,93,101,85,77,96,52,75
[ 307.872680] [AOA] Measurement: 0,1579857583.364038,04:d6:aa:ab:45:40,2,1,2,0,128,556,533,319,639,476,782,771,183,119,347,781,1023,523,300,852,670,12,295,966,537,363,853,211,864,813,236,902,963,644,826,564,522,61,49,40,55,55,63,52,35,56,67,44,78,59,43,55,50,79,45,44,49,44,26,24,57,88,80,89,74,66,82,47,66
[ 307.899041] [AOA] Measurement: 0,1579857583.390400,04:d6:aa:ab:45:40,2,1,2,0,128,1023,655,357,664,39,4,296,416,662,544,779,34,143,579,344,882,624,549,994,527,309,866,223,868,408,506,471,154,155,1000,776,640,76,59,49,66,67,76,62,41,65,81,55,95,70,53,66,61,99,51,51,60,55,34,29,71,105,97,104,90,80,98,55,75
[ 307.931158] [AOA] Measurement: 0,1579857583.422516,04:d6:aa:ab:45:40,2,1,2,0,128,32,667,351,707,989,988,309,419,690,549,269,204,495,305,384,867,12,267,389,333,819,647,689,671,835,265,883,985,128,1000,509,392,67,52,41,57,59,65,54,36,58,70,47,78,61,48,57,54,83,44,45,52,45,29,25,61,89,85,91,74,69,85,46,67
[ 307.960162] [AOA] Measurement: 0,1579857583.451514,04:d6:aa:ab:45:40,2,1,2,0,128,536,545,767,449,474,782,304,399,735,589,711,11,533,349,842,681,982,244,320,221,774,619,704,653,827,257,953,956,683,848,431,471,65,49,42,57,59,64,54,34,59,69,47,80,61,48,58,54,85,45,44,50,46,28,27,60,92,84,93,80,68,85,48,68
[ 307.993886] [AOA] Measurement: 0,1579857583.485244,04:d6:aa:ab:45:40,2,1,2,0,128,458,427,800,434,405,763,770,191,66,284,732,1014,532,281,835,667,1008,266,341,230,823,642,684,656,829,251,907,999,630,820,566,524,61,47,38,52,54,62,50,32,55,66,45,75,57,45,56,50,80,43,42,47,45,28,25,58,86,79,87,74,65,83,48,64
[ 308.022055] [AOA] Measurement: 0,1579857583.513407,04:d6:aa:ab:45:40,2,1,2,0,128,530,461,841,438,470,789,789,176,130,367,776,42,527,328,902,717,46,292,968,506,365,848,264,864,850,263,880,946,684,899,968,978,74,58,49,64,69,74,59,39,66,82,54,93,69,53,67,61,98,53,52,59,53,34,31,68,105,97,107,88,80,97,56,76
[ 308.055809] [AOA] Measurement: 0,1579857583.547160,04:d6:aa:ab:45:40,2,1,2,0,128,482,475,763,444,406,776,784,176,99,331,732,992,495,286,848,712,59,328,397,313,366,885,291,891,378,501,410,159,167,39,33,968,63,49,39,55,56,63,51,34,55,67,45,79,59,45,55,53,82,42,43,49,45,27,26,56,86,79,86,77,66,81,48,63
[ 308.083799] [AOA] Measurement: 0,1579857583.575151,04:d6:aa:ab:45:40,2,1,2,0,128,80,702,389,704,29,1021,269,383,645,524,296,199,27,481,404,902,678,562,2,544,293,841,222,840,406,511,454,168,191,8,131,993,74,58,48,65,68,73,62,40,67,81,55,96,70,53,65,62,96,53,53,59,51,34,30,69,104,94,108,91,80,96,57,79
[ 308.112505] [AOA] Measurement: 0,1579857583.603863,04:d6:aa:ab:45:40,2,1,2,0,128,528,500,345,650,475,814,724,179,681,515,299,229,99,582,368,900,664,545,942,533,385,902,242,889,384,480,395,125,164,2,134,76,64,48,39,54,57,61,53,34,56,68,44,78,60,48,57,55,81,44,41,46,45,29,24,59,88,82,91,80,68,82,50,68
[ 308.144127] [AOA] Measurement: 0,1579857583.635483,04:d6:aa:ab:45:40,2,1,2,0,128,564,514,386,669,984,970,295,355,49,300,812,101,532,317,843,702,73,356,917,505,360,876,716,701,834,273,932,980,683,861,830,786,73,58,48,64,69,75,63,41,68,83,54,93,69,55,65,62,97,52,52,57,53,34,30,68,102,94,105,88,81,98,56,78
[ 308.174917] [AOA] Measurement: 0,1579857583.666268,04:d6:aa:ab:45:40,2,1,2,0,128,599,516,789,445,387,798,740,161,139,387,730,1004,538,329,814,654,20,297,943,529,336,847,239,881,411,516,396,133,179,993,242,223,74,55,48,63,66,75,61,39,66,79,54,92,69,54,65,63,98,53,52,58,55,34,31,69,102,96,104,90,81,100,58,77
[ 308.207281] [AOA] Measurement: 0,1579857583.698640,04:d6:aa:ab:45:40,2,1,2,0,128,71,701,349,668,32,42,346,433,708,569,300,253,52,510,393,912,583,479,999,545,371,886,213,878,366,443,454,168,185,12,313,121,75,55,46,64,68,72,62,39,65,81,57,94,69,54,67,62,96,53,50,54,53,34,29,67,105,97,106,91,82,101,59,81
[ 308.237132] [AOA] Measurement: 0,1579857583.728484,04:d6:aa:ab:45:40,2,1,2,0,128,524,493,846,463,453,807,736,197,140,371,753,19,514,307,896,702,1011,283,340,260,351,857,262,861,407,475,903,983,144,10,196,36,76,62,51,66,68,77,63,42,68,84,55,94,69,55,65,61,100,53,53,60,55,34,30,69,102,93,103,89,81,97,55,75
[ 308.271250] [AOA] Measurement: 0,1579857583.762602,04:d6:aa:ab:45:40,2,1,2,0,128,40,617,331,662,1019,1012,246,369,714,573,271,198,88,529,334,838,66,337,378,328,335,868,235,891,380,486,492,207,105,994,950,972,76,61,50,64,65,77,62,39,66,78,56,93,69,53,65,59,101,54,54,63,55,34,30,67,99,92,101,84,78,94,53,71
[ 308.308567] [AOA] Measurement: 0,1579857583.799918,04:d6:aa:ab:45:40,2,1,2,0,128,54,734,374,678,1006,969,743,174,154,412,335,268,30,490,416,883,615,546,968,510,411,918,211,842,457,537,455,170,223,38,540,413,62,47,41,54,56,63,52,33,54,70,46,78,61,47,57,53,84,44,45,48,46,30,27,61,89,82,92,80,68,85,48,67
[ 308.339467] [AOA] Measurement: 0,1579857583.830826,04:d6:aa:ab:45:40,2,1,2,0,128,77,688,333,627,2,969,804,243,153,366,317,233,11,505,392,886,21,305,387,270,345,858,688,648,903,290,425,158,209,38,843,735,77,61,49,65,68,74,62,40,67,80,56,93,69,54,63,60,98,50,54,58,54,33,30,68,103,95,104,89,79,99,54,77
[ 308.365802] [AOA] Measurement: 0,1579857583.857161,04:d6:aa:ab:45:40,2,1,2,0,128,77,716,374,660,17,4,236,358,673,535,753,4,15,508,879,676,618,550,903,458,775,658,299,882,865,285,430,142,699,867,913,939,73,60,49,66,66,77,61,40,65,78,56,91,69,52,66,60,96,53,53,59,56,33,30,69,102,95,104,88,82,98,55,78
[ 308.399527] [AOA] Measurement: 0,1579857583.890878,04:d6:aa:ab:45:40,2,1,2,0,128,496,487,429,755,1022,992,278,388,659,524,727,1009,42,498,815,687,613,517,979,543,380,859,271,929,361,460,417,144,218,37,643,478,73,55,48,64,66,74,62,37,66,76,51,91,71,56,65,63,94,51,47,52,50,33,29,67,101,92,103,92,79,98,59,79
[ 308.433814] [AOA] Measurement: 0,1579857583.925166,04:d6:aa:ab:45:40,2,1,2,0,128,27,680,805,471,425,767,727,116,65,293,786,51,70,521,437,939,541,469,3,579,329,855,253,860,326,458,399,119,155,991,195,164,61,47,39,52,55,61,50,33,55,67,45,77,58,46,55,51,82,43,44,49,44,28,26,57,86,79,88,74,67,81,46,63
[ 308.467253] [AOA] Measurement: 0,1579857583.958605,04:d6:aa:ab:45:40,2,1,2,0,128,479,450,423,716,965,965,800,231,633,545,789,34,511,300,411,909,563,474,978,538,752,619,664,641,843,229,844,904,674,871,46,74,76,60,49,65,67,74,63,40,67,79,55,93,68,53,67,62,96,53,52,59,55,35,31,66,103,92,105,90,79,98,55,79
[ 308.494709] [AOA] Measurement: 0,1579857583.986068,04:d6:aa:ab:45:40,2,1,2,0,128,502,468,865,484,403,759,707,148,74,276,650,1018,488,276,871,664,12,299,393,308,840,681,179,848,817,271,879,966,629,829,676,751,71,59,47,62,66,70,61,40,68,79,55,92,71,55,65,61,98,50,53,60,54,33,29,68,102,92,106,87,80,98,54,76
[ 308.523126] [AOA] Measurement: 0,1579857584.014478,04:d6:aa:ab:45:40,2,1,2,0,128,527,475,396,734,968,984,765,199,639,535,350,269,97,535,408,905,630,544,1008,551,396,852,224,844,850,292,480,183,152,2,764,609,74,59,50,65,67,75,62,38,67,79,51,93,70,54,68,63,98,50,51,58,52,33,30,69,103,93,104,90,79,96,56,78
[ 308.552556] [AOA] Measurement: 0,1579857584.043913,04:d6:aa:ab:45:40,2,1,2,0,128,560,471,821,479,425,787,782,182,104,341,762,14,495,280,411,870,16,306,425,311,838,691,704,705,365,482,452,140,169,36,352,289,66,52,41,56,58,64,53,35,59,72,47,82,63,47,58,55,87,46,45,51,46,29,26,60,91,84,94,79,72,85,48,64
[ 308.586685] [AOA] Measurement: 0,1579857584.078037,04:d6:aa:ab:45:40,2,1,2,0,128,472,421,753,376,510,832,819,238,662,575,282,199,36,476,393,866,24,303,382,281,779,627,707,658,782,242,888,956,667,827,372,401,76,58,49,65,66,75,62,39,67,80,56,94,69,54,66,58,98,51,51,57,54,34,31,69,102,95,102,87,80,100,56,78
[ 308.621469] [AOA] Measurement: 0,1579857584.112822,04:d6:aa:ab:45:40,2,1,2,0,128,506,467,818,482,385,738,720,120,74,297,702,1012,514,310,767,641,6,242,407,308,775,643,702,647,871,250,911,932,600,801,616,688,74,58,51,65,64,75,62,40,67,81,55,95,70,55,65,62,99,53,53,58,54,34,29,69,103,97,107,92,79,99,54,75
[ 308.652752] [AOA] Measurement: 0,1579857584.144109,04:d6:aa:ab:45:40,2,1,2,0,128,71,709,388,675,2,968,776,177,77,326,813,55,39,518,420,919,559,517,933,504,343,892,648,639,906,300,916,982,635,861,364,271,74,61,49,66,67,77,63,40,69,82,56,95,69,58,64,62,98,55,52,61,54,32,29,68,105,95,108,88,81,100,57,75
[ 308.684777] [AOA] Measurement: 0,1579857584.176136,04:d6:aa:ab:45:40,2,1,2,0,128,132,736,369,709,12,1015,328,419,670,564,252,199,43,494,328,861,605,512,902,492,775,606,761,675,345,487,485,169,144,23,948,909,74,59,49,65,66,76,61,41,68,82,56,93,70,53,65,63,98,54,53,60,55,33,30,68,104,96,107,89,81,100,58,78
[ 308.718247] [AOA] Measurement: 0,1579857584.209599,04:d6:aa:ab:45:40,2,1,2,0,128,31,687,336,658,1017,960,255,380,630,492,787,20,462,276,831,682,50,334,439,346,367,858,670,653,392,479,440,172,170,8,49,991,73,59,48,66,66,73,61,39,66,80,55,93,67,54,64,58,99,52,54,60,54,33,28,67,102,92,104,85,78,96,54,75
[ 308.751427] [AOA] Measurement: 0,1579857584.242784,04:d6:aa:ab:45:40,2,1,2,0,128,525,508,834,467,466,824,781,197,674,548,271,192,472,302,842,685,33,281,390,248,815,662,693,671,874,291,868,972,663,856,737,738,72,58,48,66,67,77,62,39,67,82,54,91,69,53,65,60,98,53,54,59,54,34,30,71,104,96,105,91,81,98,56,78
[ 308.778731] [AOA] Measurement: 0,1579857584.270088,04:d6:aa:ab:45:40,2,1,2,0,128,481,438,825,453,470,799,757,181,106,368,748,12,66,507,348,874,604,496,930,469,383,871,216,864,394,498,417,145,164,24,46,21,75,59,49,67,66,74,61,40,68,80,57,96,72,55,65,63,100,54,53,62,56,34,30,70,104,96,106,91,83,100,57,78
[ 308.812861] [AOA] Measurement: 0,1579857584.304216,04:d6:aa:ab:45:40,2,1,2,0,128,77,686,372,694,1013,998,723,147,152,413,779,56,28,505,363,881,535,460,963,529,335,856,270,878,403,477,442,193,116,998,84,942,73,60,47,64,66,74,62,39,68,80,54,92,71,55,68,63,100,51,53,58,52,34,29,69,103,96,106,90,83,96,56,78
[ 308.848000] [AOA] Measurement: 0,1579857584.339358,04:d6:aa:ab:45:40,2,1,2,0,128,504,459,841,488,479,784,763,195,35,276,754,10,459,270,811,653,12,272,339,263,803,645,800,710,415,462,380,99,658,827,263,259,75,61,49,66,65,77,62,41,66,83,56,95,69,55,65,59,100,53,55,62,55,35,30,69,103,93,104,87,77,99,54,78
[ 308.874931] [AOA] Measurement: 0,1579857584.366287,04:d6:aa:ab:45:40,2,1,2,0,128,28,676,805,418,454,829,715,156,122,330,728,24,27,514,389,888,578,480,945,505,368,878,245,852,431,518,411,114,166,8,887,787,74,58,48,62,66,75,63,41,67,80,52,92,70,54,67,62,98,52,50,56,55,34,30,68,105,95,105,92,79,98,57,80
[ 308.905966] [AOA] Measurement: 0,1579857584.397321,04:d6:aa:ab:45:40,2,1,2,0,128,493,459,872,510,487,817,732,201,91,321,294,219,31,540,383,862,585,485,983,551,326,813,222,850,381,478,442,120,628,853,565,400,74,59,49,63,68,75,61,41,67,80,54,89,70,54,67,63,100,52,51,58,54,34,30,69,104,97,104,92,80,98,59,78
[ 308.941209] [AOA] Measurement: 0,1579857584.432563,04:d6:aa:ab:45:40,2,1,2,0,128,589,510,834,477,447,786,763,203,674,579,736,23,539,331,868,681,46,332,431,326,753,632,686,639,848,265,900,974,679,869,404,438,76,59,49,65,66,75,62,38,64,79,55,93,69,52,63,60,99,53,53,61,54,34,30,69,104,97,105,89,80,99,55,75
[ 308.975720] [AOA] Measurement: 0,1579857584.467076,04:d6:aa:ab:45:40,2,1,2,0,128,104,764,426,735,24,1006,230,364,615,566,284,201,515,294,820,647,77,318,384,298,827,659,709,637,830,232,910,986,616,835,1022,915,69,53,47,61,64,71,59,36,63,79,51,89,69,53,66,62,94,51,48,53,53,32,28,66,101,95,103,91,79,96,58,79
[ 309.006249] [AOA] Measurement: 0,1579857584.497603,04:d6:aa:ab:45:40,2,1,2,0,128,464,429,800,429,383,756,723,143,107,339,754,60,532,320,841,706,9,250,390,272,814,639,703,692,826,236,937,967,648,857,275,322,77,59,51,65,67,75,60,40,68,79,53,91,68,53,65,60,99,53,52,60,54,32,31,67,103,93,103,87,79,97,52,73
[ 309.040972] [AOA] Measurement: 0,1579857584.532324,04:d6:aa:ab:45:40,2,1,2,0,128,96,736,428,753,967,991,280,362,720,575,289,222,1021,481,403,910,575,477,997,531,380,886,257,865,401,490,410,124,220,21,192,118,72,53,43,64,66,74,62,38,65,78,53,93,70,55,65,63,96,51,49,55,52,33,28,68,103,93,105,93,81,97,58,77
[ 309.077332] [AOA] Measurement: 0,1579857584.568689,04:d6:aa:ab:45:40,2,1,2,0,128,502,440,838,482,422,758,709,154,115,314,778,3,584,348,834,625,55,325,988,527,338,891,253,883,404,473,432,126,113,1000,665,606,74,57,47,64,65,74,60,39,67,79,54,90,69,55,65,62,96,52,50,55,52,33,28,67,101,91,103,89,79,94,57,75
[ 309.106801] [AOA] Measurement: 0,1579857584.598155,04:d6:aa:ab:45:40,2,1,2,0,128,53,688,378,665,990,970,775,189,675,557,827,85,41,511,384,896,28,296,305,260,836,693,265,885,923,330,454,152,144,11,972,936,75,57,49,62,65,73,62,36,66,79,54,92,69,53,66,61,100,54,52,59,53,32,29,69,105,96,105,89,82,100,56,75
[ 309.141665] [AOA] Measurement: 0,1579857584.633017,04:d6:aa:ab:45:40,2,1,2,0,128,533,474,857,493,469,803,739,181,87,325,326,244,477,285,880,733,1019,298,375,272,813,641,667,642,873,294,890,982,174,29,922,848,72,56,48,63,65,74,60,39,66,80,54,93,69,54,66,61,97,51,53,58,55,33,31,70,103,94,107,92,82,98,56,78
[ 309.172615] [AOA] Measurement: 0,1579857584.663974,04:d6:aa:ab:45:40,2,1,2,0,128,1010,648,852,450,435,817,813,248,679,549,374,276,56,506,457,917,629,522,970,506,264,825,210,858,845,220,896,994,640,825,972,936,74,59,47,63,65,72,61,39,66,80,55,93,71,53,65,62,101,54,53,59,53,34,29,68,104,95,104,88,79,98,56,76
[ 309.205786] [AOA] Measurement: 0,1579857584.697141,04:d6:aa:ab:45:40,2,1,2,0,128,38,695,363,678,994,991,264,379,99,319,320,255,22,530,373,894,620,499,396,334,370,866,247,861,855,302,403,131,656,860,441,359,71,57,47,65,65,73,62,41,68,82,53,92,70,56,66,62,98,54,52,57,53,35,29,68,103,94,104,90,81,94,55,79
[ 309.236632] [AOA] Measurement: 0,1579857584.727984,04:d6:aa:ab:45:40,2,1,2,0,128,40,683,378,713,960,939,812,215,710,559,289,191,523,318,420,896,48,329,1000,555,336,836,228,858,377,473,490,185,145,0,114,944,74,60,49,66,67,77,61,40,67,81,53,90,68,52,65,61,98,53,53,57,53,32,27,68,102,93,104,88,78,94,55,74
[ 309.264845] [AOA] Measurement: 0,1579857584.756200,04:d6:aa:ab:45:40,2,1,2,0,128,524,478,757,416,398,722,749,204,141,366,740,34,87,552,384,873,529,458,355,270,816,662,758,687,863,293,955,996,687,858,280,197,75,59,50,68,66,75,59,40,68,83,54,92,69,52,65,58,102,54,55,62,55,32,29,68,103,96,102,85,80,98,54,72
[ 309.296179] [AOA] Measurement: 0,1579857584.787531,04:d6:aa:ab:45:40,2,1,2,0,128,34,656,323,655,973,995,733,160,82,341,799,46,510,307,880,701,583,475,944,521,301,792,253,854,905,281,377,72,638,828,649,548,74,60,49,65,67,77,61,39,68,78,55,93,66,53,63,61,97,53,53,60,53,32,30,67,101,94,101,85,80,99,54,72
[ 309.332512] [AOA] Measurement: 0,1579857584.823864,04:d6:aa:ab:45:40,2,1,2,0,128,127,743,336,664,963,956,785,176,646,526,838,74,541,330,890,704,45,342,915,457,355,840,206,838,393,516,445,155,118,1010,304,180,73,60,48,66,69,74,60,41,68,80,55,92,67,53,66,62,99,53,52,59,54,33,29,70,103,95,102,88,80,100,55,77
[ 309.368188] [AOA] Measurement: 0,1579857584.859544,04:d6:aa:ab:45:40,2,1,2,0,128,512,503,816,420,419,767,791,220,653,573,312,262,41,521,413,869,591,497,364,291,797,653,257,871,406,495,513,184,151,1007,263,239,75,61,50,66,65,74,61,39,67,83,57,93,70,56,66,62,100,52,53,57,54,34,29,69,105,97,108,90,82,98,58,79
[ 309.398474] [AOA] Measurement: 0,1579857584.889828,04:d6:aa:ab:45:40,2,1,2,0,128,57,657,856,505,49,19,272,380,632,495,781,42,545,313,877,688,49,317,943,500,357,884,195,830,878,309,876,973,686,860,509,448,76,57,50,65,67,74,61,39,65,81,57,92,71,53,66,60,101,53,53,60,53,33,31,70,104,95,106,90,79,100,56,77
[ 309.434896] [AOA] Measurement: 0,1579857584.926247,04:d6:aa:ab:45:40,2,1,2,0,128,556,551,300,613,480,835,302,373,74,321,743,8,529,297,824,692,73,342,376,326,398,849,655,636,877,306,897,976,658,830,170,71,75,58,50,64,69,76,62,42,69,83,55,93,74,54,66,62,98,53,52,59,54,33,30,70,105,96,107,90,81,96,57,80
[ 309.469771] [AOA] Measurement: 0,1579857584.961127,04:d6:aa:ab:45:40,2,1,2,0,128,51,703,387,657,410,794,759,185,153,361,829,76,509,307,851,718,1016,322,393,319,825,687,204,812,899,282,916,992,201,22,351,242,73,58,50,65,67,76,62,41,67,80,56,92,69,53,66,61,101,54,52,59,54,33,29,70,103,96,108,91,80,96,54,78
[ 309.497755] [AOA] Measurement: 0,1579857584.989112,04:d6:aa:ab:45:40,2,1,2,0,128,512,487,811,442,447,795,773,190,716,579,313,223,90,523,371,909,626,502,931,498,283,847,677,663,829,239,896,960,153,991,215,232,74,58,47,61,64,73,59,38,66,80,53,92,71,52,67,60,100,54,55,59,52,32,29,69,103,92,103,88,81,100,56,81
[ 309.531335] [AOA] Measurement: 0,1579857585.022693,04:d6:aa:ab:45:40,2,1,2,0,128,506,492,847,414,422,805,823,212,140,355,816,57,54,536,365,875,1011,284,371,304,772,662,192,823,926,302,495,167,194,17,50,963,64,50,42,55,57,64,53,35,57,70,46,79,63,46,57,56,83,44,43,48,45,31,26,58,89,82,90,79,68,86,50,68
[ 309.559011] [AOA] Measurement: 0,1579857585.050368,04:d6:aa:ab:45:40,2,1,2,0,128,488,454,842,454,456,805,765,189,118,351,737,7,531,286,844,696,50,360,980,552,336,864,308,919,373,459,429,179,143,1012,615,485,75,58,49,65,67,75,62,40,67,82,59,92,68,51,64,62,97,53,52,61,54,33,30,67,102,95,103,88,81,98,56,75
[ 309.590869] [AOA] Measurement: 0,1579857585.082220,04:d6:aa:ab:45:40,2,1,2,0,128,540,488,802,444,457,811,227,336,82,344,323,227,506,270,868,682,47,322,391,303,855,674,726,686,926,312,911,943,670,871,634,547,72,57,45,62,64,71,61,36,66,79,50,89,68,51,65,61,94,51,48,52,52,31,27,67,101,92,101,92,77,95,58,77
[ 309.618854] [AOA] Measurement: 0,1579857585.110210,04:d6:aa:ab:45:40,2,1,2,0,128,483,445,824,529,446,786,822,222,95,308,761,28,483,264,872,695,47,336,971,513,321,870,254,875,822,243,880,950,653,794,944,892,74,55,46,62,66,72,62,39,66,78,52,93,70,53,64,62,96,52,48,52,52,33,31,68,106,96,104,90,79,95,59,78
[ 309.649376] [AOA] Measurement: 0,1579857585.140728,04:d6:aa:ab:45:40,2,1,2,0,128,53,683,291,629,460,801,731,182,105,311,725,34,501,331,854,690,595,503,418,355,316,827,258,892,843,269,940,992,653,824,150,166,77,60,50,63,67,74,61,38,67,83,57,94,66,53,65,60,99,52,54,61,53,33,32,67,103,94,105,84,79,97,50,73
[ 309.678106] [AOA] Measurement: 0,1579857585.169459,04:d6:aa:ab:45:40,2,1,2,0,128,1010,645,352,660,9,1014,281,371,693,540,305,247,62,529,430,905,624,540,986,549,340,846,223,858,364,463,422,132,148,22,666,467,70,53,42,59,64,69,59,36,63,73,49,88,67,53,64,59,90,49,46,48,51,31,28,64,96,89,97,89,77,94,56,76
[ 309.713963] [AOA] Measurement: 0,1579857585.205315,04:d6:aa:ab:45:40,2,1,2,0,128,467,446,831,486,424,804,760,199,125,334,300,221,25,503,916,719,547,476,968,525,775,608,762,691,409,483,473,177,153,25,617,507,73,59,50,64,66,75,61,42,67,83,55,93,70,52,65,59,101,54,54,62,54,33,30,70,104,96,106,88,81,99,56,79
[ 309.747174] [AOA] Measurement: 0,1579857585.238533,04:d6:aa:ab:45:40,2,1,2,0,128,491,454,806,458,493,820,776,193,698,581,313,270,80,562,408,910,582,460,437,312,355,851,259,853,389,441,496,201,101,981,986,951,73,56,47,64,67,74,60,40,68,82,54,93,69,57,65,63,99,52,54,59,52,32,30,65,101,92,107,91,81,96,57,77
[ 309.781927] [AOA] Measurement: 0,1579857585.273286,04:d6:aa:ab:45:40,2,1,2,0,128,501,462,359,673,443,754,702,151,48,330,789,44,541,318,796,639,49,314,381,299,782,643,719,637,861,278,418,147,184,19,174,99,75,56,47,65,66,75,62,37,66,79,53,92,68,53,65,61,97,53,51,55,55,35,30,68,104,97,105,92,81,98,57,80
[ 309.809923] [AOA] Measurement: 0,1579857585.301281,04:d6:aa:ab:45:40,2,1,2,0,128,79,708,367,708,433,786,727,197,99,311,735,1022,462,271,921,732,44,300,911,498,822,679,684,639,808,251,884,1000,658,855,450,351,77,60,48,65,68,76,61,40,65,81,54,90,68,53,64,61,99,52,52,59,55,32,30,68,104,95,105,87,79,96,53,78
[ 309.844476] [AOA] Measurement: 0,1579857585.335835,04:d6:aa:ab:45:40,2,1,2,0,128,545,518,821,412,470,796,785,193,95,324,743,29,484,279,350,884,48,307,954,513,360,862,195,853,404,464,394,128,134,983,223,132,75,60,50,64,68,77,61,39,67,80,54,93,69,54,64,61,99,54,52,58,55,33,29,66,104,97,105,92,79,99,56,80
[ 309.875024] [AOA] Measurement: 0,1579857585.366375,04:d6:aa:ab:45:40,2,1,2,0,128,49,666,384,665,963,941,728,157,117,350,744,22,468,264,847,682,73,326,422,290,865,675,287,854,875,246,932,992,212,1017,841,680,75,61,50,67,67,76,63,40,66,82,56,94,69,52,65,63,99,54,54,59,53,32,31,67,104,93,106,87,79,96,57,78
[ 309.911466] [AOA] Measurement: 0,1579857585.402817,04:d6:aa:ab:45:40,2,1,2,0,128,516,483,801,453,457,806,713,175,96,309,692,987,494,253,914,701,56,309,365,266,828,676,693,641,902,323,886,961,627,814,957,896,74,60,49,65,66,76,62,41,67,81,55,93,69,54,63,59,97,53,52,62,54,31,29,69,104,94,106,88,80,96,53,75
[ 309.947700] [AOA] Measurement: 0,1579857585.439059,04:d6:aa:ab:45:40,2,1,2,0,128,477,452,871,534,988,970,239,343,104,385,731,1017,492,326,844,670,8,286,413,313,328,871,221,829,402,516,461,168,153,13,674,573,74,58,49,64,66,75,61,41,67,79,55,91,71,55,67,61,97,51,53,56,52,34,30,67,102,94,103,88,80,98,53,78
[ 309.978227] [AOA] Measurement: 0,1579857585.469577,04:d6:aa:ab:45:40,2,1,2,0,128,505,478,807,441,502,823,714,143,149,386,795,52,1019,468,893,721,585,511,280,262,827,678,720,680,827,230,882,978,606,816,919,860,74,59,47,63,68,75,61,38,65,80,52,92,70,54,66,63,95,52,49,54,54,33,29,67,102,92,101,92,78,96,58,78
[ 310.014732] [AOA] Measurement: 0,1579857585.506083,04:d6:aa:ab:45:40,2,1,2,0,128,93,709,406,729,34,10,307,384,694,570,284,230,71,581,389,937,592,509,946,540,380,873,291,895,445,530,463,151,146,5,846,661,61,49,41,54,53,63,50,32,54,66,45,77,58,45,55,51,82,45,43,48,44,27,24,57,87,81,90,77,67,80,48,61
[ 310.050579] [AOA] Measurement: 0,1579857585.541931,04:d6:aa:ab:45:40,2,1,2,0,128,21,643,361,680,431,833,310,365,122,353,785,51,546,335,354,876,14,270,382,285,814,686,251,869,840,250,423,162,185,41,860,690,72,55,47,63,66,76,61,39,66,82,54,93,70,54,67,63,99,53,51,58,54,33,29,69,104,95,106,92,79,98,58,78
[ 310.083062] [AOA] Measurement: 0,1579857585.574418,04:d6:aa:ab:45:40,2,1,2,0,128,522,468,875,495,948,960,750,178,117,332,778,32,522,306,892,668,68,341,377,304,803,641,714,669,854,263,472,153,176,13,623,525,72,57,47,65,65,74,60,39,65,79,54,91,70,54,64,60,99,51,53,61,55,33,30,68,103,92,104,84,78,96,53,76
[ 310.116592] [AOA] Measurement: 0,1579857585.607948,04:d6:aa:ab:45:40,2,1,2,0,128,2,642,833,501,411,783,821,177,713,559,309,242,532,305,846,711,91,347,940,496,316,797,712,662,881,281,943,990,636,825,131,78,71,55,45,59,63,72,58,37,65,76,51,89,67,53,64,60,93,49,48,54,52,32,30,66,100,95,99,91,81,97,57,78
[ 310.148195] [AOA] Measurement: 0,1579857585.639547,04:d6:aa:ab:45:40,2,1,2,0,128,529,522,383,669,488,808,786,175,114,346,688,1015,537,343,823,653,1010,263,385,283,792,643,692,615,885,298,940,984,656,818,223,277,72,58,47,63,67,73,59,40,65,77,52,90,69,53,64,62,95,50,50,54,52,33,30,68,102,95,103,88,80,96,57,79
[ 310.182402] [AOA] Measurement: 0,1579857585.673760,04:d6:aa:ab:45:40,2,1,2,0,128,490,464,806,445,446,803,742,155,121,348,684,984,472,292,903,706,1003,252,320,235,807,641,667,624,851,273,898,954,584,810,164,242,75,61,50,66,66,76,60,40,66,81,55,94,70,55,65,63,99,51,53,57,56,34,30,72,103,95,107,91,78,97,54,76
[ 310.216151] [AOA] Measurement: 0,1579857585.707510,04:d6:aa:ab:45:40,2,1,2,0,128,522,478,760,378,489,824,694,101,93,337,811,52,520,329,885,718,11,289,996,548,388,866,252,881,374,466,508,157,162,1003,555,472,73,58,48,62,66,73,63,40,68,79,54,91,71,54,66,62,100,52,52,59,51,31,29,69,102,96,102,87,78,95,54,77
[ 310.246990] [AOA] Measurement: 0,1579857585.738341,04:d6:aa:ab:45:40,2,1,2,0,128,4,678,358,686,1003,1001,233,351,702,561,283,222,49,534,424,905,619,517,968,525,333,880,251,871,357,486,434,138,139,1013,870,875,75,57,48,63,67,75,60,39,67,77,53,93,68,54,67,63,100,53,52,60,54,33,29,70,104,96,106,90,80,98,56,78
[ 310.282234] [AOA] Measurement: 0,1579857585.773590,04:d6:aa:ab:45:40,2,1,2,0,128,536,471,833,505,472,801,725,160,138,354,795,53,546,336,817,631,2,263,415,323,820,630,706,680,890,335,844,925,675,870,428,409,61,48,40,53,55,62,51,34,55,67,47,76,57,44,55,50,84,46,45,50,45,28,23,57,85,79,87,72,66,81,46,62
[ 310.310543] [AOA] Measurement: 0,1579857585.801901,04:d6:aa:ab:45:40,2,1,2,0,128,457,452,838,451,476,808,778,216,681,545,309,266,15,481,853,686,45,303,380,254,842,670,699,667,834,255,932,1008,638,847,204,122,72,58,46,62,69,75,63,40,67,80,52,93,70,54,65,62,98,52,51,58,54,33,29,70,105,97,103,91,80,99,58,77
[ 310.344402] [AOA] Measurement: 0,1579857585.835760,04:d6:aa:ab:45:40,2,1,2,0,128,1011,662,345,642,455,796,736,165,177,399,779,50,20,499,392,902,563,510,979,554,331,840,246,880,340,431,878,972,689,873,766,664,73,58,46,62,66,73,61,39,64,77,53,92,69,54,66,62,97,53,51,56,54,35,30,67,102,96,101,90,80,97,57,77
[ 310.377108] [AOA] Measurement: 0,1579857585.868461,04:d6:aa:ab:45:40,2,1,2,0,128,61,695,334,675,65,23,284,391,699,564,312,244,66,558,408,891,73,335,965,543,340,832,227,854,384,455,440,164,169,10,979,825,75,61,48,66,67,76,62,41,66,81,55,92,71,53,65,61,99,54,52,57,53,34,30,68,104,97,104,91,81,98,59,79
[ 310.411013] [AOA] Measurement: 0,1579857585.902371,04:d6:aa:ab:45:40,2,1,2,0,128,57,660,351,720,929,951,763,192,80,284,699,5,575,353,892,756,572,495,945,484,776,636,747,660,900,288,394,118,638,863,418,390,73,58,47,65,69,73,63,39,66,79,56,91,68,56,66,61,95,52,52,57,51,33,30,69,102,95,104,92,81,99,57,80
[ 310.444675] [AOA] Measurement: 0,1579857585.936033,04:d6:aa:ab:45:40,2,1,2,0,128,59,656,801,470,1014,979,776,235,140,354,268,193,561,322,407,913,628,554,880,448,832,667,726,678,879,331,436,128,162,37,983,774,75,57,49,64,65,76,59,37,64,81,55,93,71,54,66,61,98,53,54,60,54,34,31,68,102,96,105,90,81,96,56,76
[ 310.475917] [AOA] Measurement: 0,1579857585.967269,04:d6:aa:ab:45:40,2,1,2,0,128,53,690,882,458,20,1004,753,204,97,345,825,73,66,483,357,913,559,507,376,266,365,854,689,635,897,283,950,1010,157,31,873,780,75,60,49,63,67,75,61,40,68,81,55,94,69,54,66,62,99,52,53,59,54,33,30,68,101,93,106,89,79,98,57,76
[ 310.512688] [AOA] Measurement: 0,1579857586.004040,04:d6:aa:ab:45:40,2,1,2,0,128,555,500,854,465,476,810,752,159,60,293,713,1017,496,323,902,697,28,287,427,344,344,894,230,877,409,508,474,163,186,40,832,642,73,54,46,62,65,72,59,39,66,79,54,91,70,55,66,60,97,51,51,56,52,33,29,66,100,95,103,89,79,97,57,77
[ 310.549845] [AOA] Measurement: 0,1579857586.041196,04:d6:aa:ab:45:40,2,1,2,0,128,31,711,326,623,1012,1021,292,401,724,583,684,970,563,347,415,873,660,544,933,483,371,854,209,815,864,263,417,136,140,1005,827,829,74,57,47,65,66,75,60,39,66,77,53,91,70,53,65,62,97,52,50,57,53,34,30,67,101,95,106,91,80,96,56,79
[ 310.582592] [AOA] Measurement: 0,1579857586.073951,04:d6:aa:ab:45:40,2,1,2,0,128,483,455,879,493,563,854,777,163,90,361,735,5,521,290,853,705,54,350,958,524,362,819,262,852,366,483,366,81,621,817,256,316,75,58,48,62,68,74,60,38,68,79,55,92,69,53,68,62,96,52,50,58,52,35,29,67,102,95,105,90,81,97,57,77
[ 310.611236] [AOA] Measurement: 0,1579857586.102594,04:d6:aa:ab:45:40,2,1,2,0,128,524,510,344,632,984,961,295,402,694,569,712,10,500,298,360,842,14,270,394,269,825,664,693,664,851,278,424,158,618,799,825,804,62,50,41,55,54,63,51,33,54,66,45,77,55,43,53,50,82,45,44,51,45,27,24,57,89,79,86,72,68,79,44,62
[ 310.639754] [AOA] Measurement: 0,1579857586.131113,04:d6:aa:ab:45:40,2,1,2,0,128,64,652,369,731,20,14,292,385,683,547,347,279,95,546,449,995,583,512,941,553,348,847,266,870,388,480,481,167,105,1008,463,348,76,59,48,64,68,76,63,40,67,82,55,96,69,54,65,60,97,52,54,60,55,33,29,67,103,96,105,88,80,98,56,78
[ 310.673521] [AOA] Measurement: 0,1579857586.164872,04:d6:aa:ab:45:40,2,1,2,0,128,533,485,346,672,441,803,257,353,633,515,722,28,499,290,863,683,22,286,333,246,851,684,704,658,930,330,918,977,696,863,554,516,73,57,51,63,65,76,63,41,67,81,55,93,70,55,66,62,98,54,53,59,55,34,31,71,104,95,103,89,81,98,56,78
[ 310.711197] [AOA] Measurement: 0,1579857586.202556,04:d6:aa:ab:45:40,2,1,2,0,128,515,470,728,362,435,778,727,147,110,315,707,16,502,315,846,663,7,308,396,293,844,685,604,593,825,222,938,980,638,813,57,18,71,54,44,62,64,71,60,39,66,78,51,87,69,52,65,60,91,49,48,52,52,33,30,67,103,94,104,93,78,96,55,78
[ 310.739761] [AOA] Measurement: 0,1579857586.231120,04:d6:aa:ab:45:40,2,1,2,0,128,50,675,367,655,7,1017,239,353,143,372,781,56,35,489,445,919,605,502,914,483,376,885,213,861,406,499,503,186,197,26,750,627,73,57,47,60,62,71,59,39,64,79,52,91,67,53,64,59,95,53,51,55,53,33,30,68,103,95,106,92,79,97,58,77
[ 310.774049] [AOA] Measurement: 0,1579857586.265401,04:d6:aa:ab:45:40,2,1,2,0,128,548,510,413,655,7,982,770,255,136,359,282,213,57,514,365,835,1022,279,373,265,833,678,682,650,381,493,441,171,245,43,893,766,78,60,48,65,68,75,62,41,66,81,56,93,67,55,66,61,97,52,53,60,53,33,31,68,103,94,101,89,80,98,55,76
[ 310.811865] [AOA] Measurement: 0,1579857586.303216,04:d6:aa:ab:45:40,2,1,2,0,128,511,460,880,479,476,800,775,194,681,594,228,177,0,468,341,853,576,511,951,472,838,666,707,652,842,247,945,1002,592,790,222,319,72,55,45,64,66,72,61,39,65,77,54,92,70,53,66,62,98,50,49,54,53,33,30,69,100,96,102,89,79,96,57,77
[ 310.846658] [AOA] Measurement: 0,1579857586.338016,04:d6:aa:ab:45:40,2,1,2,0,128,500,433,825,464,465,802,790,220,680,522,818,83,36,499,372,856,627,547,979,532,363,924,215,822,893,303,887,965,628,829,205,226,73,53,46,62,64,72,61,38,66,78,53,90,68,53,65,63,94,53,51,53,53,35,31,69,102,95,103,90,79,96,59,79
[ 310.881691] [AOA] Measurement: 0,1579857586.373042,04:d6:aa:ab:45:40,2,1,2,0,128,602,527,861,503,462,817,764,195,121,333,803,48,503,308,848,677,631,534,990,520,399,932,213,854,820,237,923,1014,189,29,248,174,76,60,51,66,65,76,61,40,66,81,56,93,68,52,65,58,96,54,54,62,54,34,30,67,104,97,105,86,79,94,53,76
[ 310.914158] [AOA] Measurement: 0,1579857586.405516,04:d6:aa:ab:45:40,2,1,2,0,128,18,668,355,684,1008,956,766,198,653,520,761,17,73,538,424,944,588,469,972,528,343,863,756,668,896,262,919,986,144,2,204,244,61,47,40,55,55,63,50,33,55,67,44,75,58,45,56,51,78,41,42,44,44,27,24,56,86,78,86,76,64,80,46,64
[ 310.943504] [AOA] Measurement: 0,1579857586.434856,04:d6:aa:ab:45:40,2,1,2,0,128,533,515,803,446,438,786,782,213,114,340,746,1018,491,293,884,705,33,320,933,506,344,853,176,808,761,209,894,951,673,853,700,634,75,59,49,63,66,72,60,39,65,80,54,93,68,55,66,61,100,53,52,55,51,33,31,68,106,97,106,93,79,100,57,79
[ 310.981351] [AOA] Measurement: 0,1579857586.472702,04:d6:aa:ab:45:40,2,1,2,0,128,494,428,840,495,463,806,701,112,116,344,751,1,497,282,836,678,2,259,353,271,826,670,674,630,883,281,888,960,648,825,841,838,77,59,49,65,66,75,62,37,67,79,55,93,71,54,65,62,96,53,51,57,52,33,29,68,102,95,104,89,81,95,57,77
[ 311.014657] [AOA] Measurement: 0,1579857586.506015,04:d6:aa:ab:45:40,2,1,2,0,128,501,473,834,488,412,760,733,153,129,350,749,54,498,296,395,871,593,498,412,335,829,661,220,843,928,299,417,118,167,1023,776,697,67,51,42,55,56,64,55,33,58,71,49,82,58,47,58,53,87,47,49,52,48,29,24,59,88,81,90,76,69,86,48,65
[ 311.050740] [AOA] Measurement: 0,1579857586.542091,04:d6:aa:ab:45:40,2,1,2,0,128,524,482,359,667,994,964,754,182,640,499,302,229,37,543,400,906,590,498,942,503,362,887,205,816,898,345,455,158,189,27,637,511,72,58,46,62,67,74,62,40,65,78,54,91,68,53,65,62,95,51,50,57,54,34,30,68,104,96,104,91,81,100,58,79
[ 311.088451] [AOA] Measurement: 0,1579857586.579808,04:d6:aa:ab:45:40,2,1,2,0,128,474,419,773,426,446,768,796,201,176,359,244,192,78,570,332,829,40,291,401,307,769,636,736,695,352,424,930,955,627,816,188,173,74,58,48,67,70,77,61,38,66,78,55,93,69,54,66,61,98,54,52,60,54,32,29,69,102,94,104,87,81,94,54,77
[ 311.120371] [AOA] Measurement: 0,1579857586.611722,04:d6:aa:ab:45:40,2,1,2,0,128,32,671,307,565,454,814,759,142,112,327,787,16,560,349,350,859,10,296,393,320,849,684,277,920,366,488,410,156,189,11,1022,968,73,58,48,63,65,75,60,38,65,82,53,93,68,52,66,61,97,54,52,56,55,33,30,69,104,95,104,94,79,99,56,78
[ 311.157493] [AOA] Measurement: 0,1579857586.648845,04:d6:aa:ab:45:40,2,1,2,0,128,482,450,751,424,388,755,730,144,91,296,730,4,465,311,880,698,92,344,423,302,771,588,659,627,774,219,863,937,601,782,1007,28,71,56,48,62,65,71,59,39,65,79,52,90,70,54,66,60,95,50,49,57,53,33,28,70,101,92,104,85,78,95,54,75
[ 311.193568] [AOA] Measurement: 0,1579857586.684924,04:d6:aa:ab:45:40,2,1,2,0,128,539,486,861,538,999,966,752,118,92,345,788,14,499,306,881,704,3,266,354,268,805,655,200,829,874,321,402,114,652,846,780,772,72,56,47,64,67,74,62,38,65,81,54,90,70,53,67,60,98,53,51,56,55,33,31,67,102,95,105,88,76,99,57,76
[ 311.227351] [AOA] Measurement: 0,1579857586.718702,04:d6:aa:ab:45:40,2,1,2,0,128,41,695,834,468,14,1008,712,165,119,336,711,985,486,295,854,689,50,323,438,300,808,662,206,830,835,233,460,94,614,785,544,645,74,59,47,63,65,74,61,39,67,84,55,92,69,54,65,60,98,52,53,60,54,33,29,69,103,94,104,89,79,98,57,73
[ 311.256330] [AOA] Measurement: 0,1579857586.747688,04:d6:aa:ab:45:40,2,1,2,0,128,476,460,803,466,432,753,831,223,690,585,748,24,546,333,884,703,584,549,970,493,343,850,290,894,413,502,438,173,190,46,160,33,75,57,50,65,67,76,62,39,67,81,55,93,70,53,65,61,97,51,52,59,53,32,30,69,103,96,104,88,79,94,54,76
