
[ 419.640360] [AOA] Measurement: 0,1579900971.432750,04:d6:aa:ab:45:40,2,1,2,0,128,363,231,638,287,450,814,870,77,81,886,379,299,169,705,565,191,585,342,786,423,483,998,207,909,4,894,1020,510,493,430,723,844,74,78,48,70,69,69,54,65,62,69,52,66,60,50,54,59,68,62,67,61,47,49,44,53,63,75,70,69,63,70,54,30
[ 419.661205] [AOA] Measurement: 0,1579900971.453594,04:d6:aa:ab:45:40,2,1,2,0,128,366,205,603,274,451,791,870,105,119,909,866,477,182,728,18,1007,614,328,801,437,517,14,284,955,959,827,963,445,496,459,493,553,72,78,46,67,71,70,54,64,60,68,50,68,60,48,54,57,66,58,66,61,47,47,42,52,55,69,60,64,58,63,52,21
[ 419.690562] [AOA] Measurement: 0,1579900971.482947,04:d6:aa:ab:45:40,2,1,2,2,128,366,205,603,274,451,791,870,105,119,909,866,477,182,728,18,1007,614,328,801,437,517,14,284,955,959,827,963,445,496,459,493,553,74,78,48,70,69,69,54,65,62,69,52,66,60,50,54,59,68,62,67,61,47,49,44,53,63,75,70,69,63,70,54,30
[ 419.720092] [AOA] Measurement: 0,1579900971.512483,04:d6:aa:ab:45:40,2,1,2,0,128,935,425,139,485,399,766,329,243,521,682,319,281,198,760,502,149,66,123,228,241,549,24,315,971,1009,910,3,466,448,398,407,474,63,65,41,58,59,57,45,53,51,58,42,55,50,42,45,48,56,50,54,51,38,38,35,42,46,57,49,52,47,52,43,18
[ 419.741663] [AOA] Measurement: 0,1579900971.534052,04:d6:aa:ab:45:40,2,1,2,0,128,386,232,109,504,960,977,741,1013,548,643,348,265,633,550,557,204,593,313,778,453,516,23,250,958,1018,914,984,457,516,451,505,539,71,73,46,66,68,66,54,63,61,68,51,61,57,49,53,58,72,62,67,61,53,53,50,54,72,80,76,72,67,77,59,38
[ 419.770192] [AOA] Measurement: 0,1579900971.562577,04:d6:aa:ab:45:40,2,1,2,0,128,915,397,125,435,429,771,822,45,580,726,366,272,756,603,596,213,591,323,779,427,510,1012,718,711,481,709,979,438,501,466,699,867,66,76,38,65,65,64,53,51,51,63,39,62,58,44,51,56,51,42,52,50,36,38,29,48,30,53,40,54,47,43,42,12
[ 419.796849] [AOA] Measurement: 0,1579900971.589239,04:d6:aa:ab:45:40,2,1,2,0,128,376,200,566,270,462,814,742,10,144,924,908,479,177,710,2,8,6,124,241,244,946,780,710,790,441,703,397,233,1007,274,801,957,75,78,49,69,71,71,55,66,62,70,51,67,58,48,56,60,70,62,67,62,49,50,46,53,64,71,67,67,60,69,55,30
[ 419.821784] [AOA] Measurement: 0,1579900971.614173,04:d6:aa:ab:45:40,2,1,2,0,128,422,232,630,313,479,761,770,21,551,675,345,278,712,581,59,5,618,329,694,396,953,829,750,777,477,690,464,299,538,466,144,272,62,67,40,59,60,56,46,52,52,56,41,58,51,41,47,49,54,47,56,51,38,38,33,43,44,57,48,53,48,53,45,20
[ 419.852959] [AOA] Measurement: 0,1579900971.645348,04:d6:aa:ab:45:40,2,1,2,0,128,948,399,595,268,439,813,773,26,555,687,267,197,683,542,1000,1006,15,135,762,432,461,997,302,959,1006,882,962,457,509,409,26,106,74,80,48,70,70,69,55,66,61,71,50,68,60,47,56,60,70,62,71,63,48,50,46,54,64,76,68,70,63,69,55,29
[ 419.876875] [AOA] Measurement: 0,1579900971.669260,04:d6:aa:ab:45:40,2,1,2,0,128,426,218,592,253,462,788,745,6,597,691,307,237,598,482,14,8,63,118,167,203,956,822,756,750,416,676,449,257,14,286,928,987,62,68,41,57,59,60,47,55,52,59,44,58,52,41,46,50,58,52,58,52,41,42,39,46,54,62,57,59,53,59,46,24
[ 419.906748] [AOA] Measurement: 0,1579900971.699134,04:d6:aa:ab:45:40,2,1,2,0,128,387,192,656,312,380,778,816,85,545,699,286,248,677,532,973,977,1017,61,172,166,888,795,638,677,468,719,458,273,965,247,899,22,75,78,48,66,68,68,54,66,63,67,52,66,59,49,53,59,72,64,69,64,50,51,49,54,68,78,72,70,66,73,57,33
[ 419.933343] [AOA] Measurement: 0,1579900971.725733,04:d6:aa:ab:45:40,2,1,2,0,128,934,447,580,268,388,747,824,59,131,932,884,481,139,698,61,62,42,110,776,419,511,7,214,967,1023,881,404,250,502,448,29,34,63,67,41,59,59,59,46,55,52,59,43,56,49,41,46,49,59,53,58,54,41,41,39,46,54,63,59,60,53,60,47,26
[ 419.954422] [AOA] Measurement: 0,1579900971.746812,04:d6:aa:ab:45:40,2,1,2,0,128,467,267,564,280,469,825,763,38,505,661,281,239,630,520,2,1012,54,159,238,268,957,791,686,739,380,631,440,261,928,229,705,825,74,77,48,66,69,68,53,66,62,70,52,66,58,49,53,57,72,62,71,64,51,53,49,55,68,78,72,69,65,76,58,33
[ 419.982838] [AOA] Measurement: 0,1579900971.775224,04:d6:aa:ab:45:40,2,1,2,0,128,1003,540,89,391,28,1011,296,237,208,1000,930,525,236,848,633,312,571,393,796,344,522,25,266,962,1016,957,34,529,538,501,640,783,75,82,47,70,71,70,56,66,62,69,50,64,59,47,53,59,69,62,68,63,50,50,47,54,65,75,71,72,64,74,57,31
[ 420.009467] [AOA] Measurement: 0,1579900971.801857,04:d6:aa:ab:45:40,2,1,2,0,128,1020,465,77,448,429,763,765,1021,624,717,331,269,202,750,994,0,82,158,756,436,488,1012,278,978,334,588,470,280,979,251,196,420,73,76,48,66,68,67,52,65,62,68,51,64,57,48,54,58,71,62,67,63,51,53,49,55,68,78,73,72,66,74,57,35
[ 420.040251] [AOA] Measurement: 0,1579900971.832636,04:d6:aa:ab:45:40,2,1,2,0,128,925,424,162,504,982,972,785,24,67,872,319,232,244,783,520,149,594,316,813,460,537,37,268,1008,2,920,990,469,521,460,44,972,61,66,37,58,58,54,45,49,48,56,39,55,50,40,45,47,50,44,50,48,36,35,29,40,35,49,40,49,42,43,39,12
[ 420.064888] [AOA] Measurement: 0,1579900971.857278,04:d6:aa:ab:45:40,2,1,2,0,128,440,280,599,296,1003,991,777,25,106,870,295,226,704,573,1011,24,88,157,815,403,472,988,749,769,23,887,994,473,973,298,824,964,62,67,40,58,58,58,46,55,52,59,43,57,48,41,45,50,58,53,59,54,42,41,37,45,54,64,59,59,52,63,47,26
[ 420.091062] [AOA] Measurement: 0,1579900971.883448,04:d6:aa:ab:45:40,2,1,2,0,128,421,258,580,257,414,768,814,71,501,687,344,283,625,547,975,984,82,157,224,219,971,814,760,782,436,666,400,253,1000,265,146,230,62,66,40,58,60,58,46,54,51,57,41,56,51,41,46,49,57,51,57,53,41,42,37,45,51,63,57,58,53,60,47,23
[ 420.119883] [AOA] Measurement: 0,1579900971.912273,04:d6:aa:ab:45:40,2,1,2,0,128,338,172,595,253,424,769,813,51,526,685,293,188,606,464,5,44,1023,70,252,211,974,830,753,778,424,674,458,265,927,224,957,19,61,67,37,58,59,60,46,51,51,57,41,56,50,41,44,48,53,48,54,50,38,38,31,42,42,55,48,52,47,49,41,16
[ 420.141232] [AOA] Measurement: 0,1579900971.933618,04:d6:aa:ab:45:40,2,1,2,0,128,422,204,607,271,448,845,777,23,551,683,338,213,621,515,24,43,19,116,261,250,987,858,297,987,931,810,467,264,975,273,602,640,64,66,39,57,58,56,45,55,53,59,42,57,49,41,45,49,60,53,58,54,42,42,38,46,54,65,60,60,53,59,46,27
[ 420.173323] [AOA] Measurement: 0,1579900971.965711,04:d6:aa:ab:45:40,2,1,2,0,128,936,461,108,446,1015,1001,291,221,102,906,936,492,206,785,613,242,625,344,802,441,549,6,267,952,4,897,973,460,958,252,673,735,73,80,45,70,71,69,53,64,60,69,48,67,60,50,54,59,65,59,67,62,47,47,42,52,57,71,62,64,57,65,54,25
[ 420.200253] [AOA] Measurement: 0,1579900971.992640,04:d6:aa:ab:45:40,2,1,2,0,128,388,161,600,280,1011,12,346,265,65,922,882,499,200,725,516,139,83,158,769,433,524,15,304,992,1,880,405,247,934,213,138,227,76,79,48,69,69,66,54,64,62,70,50,65,58,48,54,58,70,60,69,64,49,51,47,54,68,78,70,70,63,73,55,33
[ 420.221987] [AOA] Measurement: 0,1579900972.014377,04:d6:aa:ab:45:40,2,1,2,0,128,431,243,550,246,8,19,737,27,505,654,355,274,700,572,980,1000,25,106,247,230,473,989,268,945,1016,874,422,265,1005,285,302,377,68,79,41,66,69,66,54,58,55,66,43,67,58,47,53,57,59,52,60,56,41,42,35,50,43,59,50,61,53,55,47,18
[ 420.252606] [AOA] Measurement: 0,1579900972.044995,04:d6:aa:ab:45:40,2,1,2,0,128,421,204,594,241,366,730,768,37,451,625,270,229,659,512,1018,1006,87,157,195,193,485,5,201,935,1016,916,970,487,531,483,512,618,67,70,45,62,65,63,49,62,58,66,50,63,51,46,50,53,70,61,65,59,51,51,49,52,70,76,76,74,67,75,58,39
[ 420.276557] [AOA] Measurement: 0,1579900972.068941,04:d6:aa:ab:45:40,2,1,2,0,128,405,219,618,264,972,962,290,231,72,859,890,484,178,753,1,978,33,147,157,174,960,857,762,800,409,655,395,250,962,227,442,576,72,77,46,68,66,65,51,64,60,68,51,66,58,48,51,57,69,61,69,63,51,52,48,55,66,77,72,70,63,72,57,33
[ 420.307121] [AOA] Measurement: 0,1579900972.099507,04:d6:aa:ab:45:40,2,1,2,0,128,378,206,620,319,991,975,742,0,587,689,346,230,714,565,1,6,46,132,233,211,906,762,705,720,432,623,490,294,555,474,234,332,63,66,41,57,57,57,46,55,52,58,42,56,48,42,46,50,61,55,59,54,42,45,41,46,59,66,62,62,55,65,50,28
[ 420.333790] [AOA] Measurement: 0,1579900972.126176,04:d6:aa:ab:45:40,2,1,2,0,128,345,184,586,252,409,792,788,29,553,690,358,279,636,540,1003,976,37,142,203,238,914,796,738,728,448,658,430,259,958,238,15,162,61,65,39,58,59,56,46,54,51,58,42,55,49,40,44,47,57,50,57,54,39,41,36,44,50,60,56,58,52,58,44,24
[ 420.360825] [AOA] Measurement: 0,1579900972.153211,04:d6:aa:ab:45:40,2,1,2,0,128,443,223,559,247,428,778,755,46,504,669,287,198,668,530,1001,5,56,143,152,226,993,865,732,743,378,618,437,270,979,223,138,252,73,78,48,69,68,66,56,66,60,68,51,66,58,48,53,58,70,61,68,61,49,49,47,55,66,75,70,71,63,72,58,31
[ 420.388199] [AOA] Measurement: 0,1579900972.180585,04:d6:aa:ab:45:40,2,1,2,0,128,357,207,588,272,424,794,738,13,557,699,359,282,208,770,580,203,617,355,812,490,546,31,196,876,34,885,978,455,458,413,528,624,60,66,38,58,60,56,46,53,49,55,38,52,51,39,44,48,53,46,53,51,37,37,32,44,40,54,47,54,47,50,43,16
[ 420.415929] [AOA] Measurement: 0,1579900972.208320,04:d6:aa:ab:45:40,2,1,2,0,128,400,217,582,264,465,788,800,1021,558,668,340,211,708,572,975,2,105,160,750,426,965,822,290,956,392,634,427,284,976,291,495,615,60,64,40,55,57,55,46,55,53,59,42,55,49,41,46,50,60,52,57,53,43,44,41,46,58,64,61,59,54,61,48,29
[ 420.437838] [AOA] Measurement: 0,1579900972.230224,04:d6:aa:ab:45:40,2,1,2,0,128,400,260,549,207,399,730,772,29,556,681,322,294,661,514,8,1021,87,140,214,228,967,839,772,803,406,645,438,250,512,447,834,961,72,79,47,69,70,68,54,65,61,71,50,67,60,47,54,58,69,63,70,64,49,50,46,54,64,74,68,69,61,67,55,30
[ 420.469873] [AOA] Measurement: 0,1579900972.262259,04:d6:aa:ab:45:40,2,1,2,0,128,367,190,603,281,411,771,759,24,79,877,336,288,672,543,44,1013,663,378,766,408,926,787,801,799,420,695,438,267,956,260,51,246,72,78,45,68,67,68,56,65,62,70,50,68,61,49,56,60,68,59,68,62,50,50,44,54,60,73,67,67,58,66,54,27
[ 420.497284] [AOA] Measurement: 0,1579900972.289669,04:d6:aa:ab:45:40,2,1,2,0,128,351,153,629,297,446,817,791,1023,545,657,333,255,660,500,969,941,80,141,207,213,1023,843,725,749,418,684,439,259,987,257,490,610,63,67,40,58,60,59,47,55,52,58,42,56,50,42,46,49,60,53,58,55,42,42,39,47,54,64,60,59,54,60,46,26
[ 420.523782] [AOA] Measurement: 0,1579900972.316172,04:d6:aa:ab:45:40,2,1,2,0,128,935,432,105,439,998,983,333,256,163,920,897,502,137,714,983,1014,571,333,827,451,499,1012,280,982,2,903,1000,476,503,457,256,371,76,79,48,69,67,68,56,64,61,71,51,66,57,48,55,58,74,63,68,62,53,50,48,55,70,79,75,73,66,75,59,35
[ 420.546424] [AOA] Measurement: 0,1579900972.338814,04:d6:aa:ab:45:40,2,1,2,0,128,410,212,637,291,974,994,725,1018,600,721,348,246,674,550,986,985,108,152,194,227,946,831,306,972,980,887,956,427,538,512,752,906,73,75,49,67,69,67,54,66,61,69,51,66,56,47,52,58,71,61,67,62,50,51,48,55,67,78,75,71,66,76,58,36
[ 420.578509] [AOA] Measurement: 0,1579900972.370895,04:d6:aa:ab:45:40,2,1,2,0,128,368,181,630,277,985,995,288,191,592,710,372,259,648,554,48,26,40,153,194,224,951,817,749,742,465,677,437,250,988,258,78,222,74,78,47,68,70,66,53,65,63,71,50,65,59,48,55,59,70,61,66,62,49,50,47,54,63,74,67,70,63,71,55,29
[ 420.604447] [AOA] Measurement: 0,1579900972.396838,04:d6:aa:ab:45:40,2,1,2,0,128,989,451,34,404,451,824,722,10,564,708,914,454,241,757,523,168,641,356,749,446,514,1011,273,965,943,856,457,251,973,250,158,260,75,77,48,69,68,68,53,65,60,68,50,67,60,48,52,56,70,61,69,63,49,50,46,55,64,72,69,68,62,70,55,29
[ 420.626893] [AOA] Measurement: 0,1579900972.419285,04:d6:aa:ab:45:40,2,1,2,0,128,923,431,127,456,968,952,817,73,101,889,392,295,192,749,63,93,13,125,218,190,484,996,234,947,433,681,434,262,506,451,728,941,74,78,47,69,70,69,55,63,60,69,50,65,61,48,55,59,69,60,68,61,48,48,41,52,58,70,64,67,60,66,54,26
[ 420.657519] [AOA] Measurement: 0,1579900972.449904,04:d6:aa:ab:45:40,2,1,2,0,128,376,229,601,288,1019,7,272,213,38,885,882,462,224,777,558,181,579,301,792,455,524,14,295,955,981,869,1017,485,540,440,83,239,61,65,39,58,58,56,46,55,51,57,42,56,48,40,45,50,60,52,58,53,42,42,39,48,56,64,59,58,53,61,47,25
[ 420.680337] [AOA] Measurement: 0,1579900972.472727,04:d6:aa:ab:45:40,2,1,2,0,128,388,219,557,259,476,795,770,2,571,703,293,240,659,555,919,956,69,102,272,303,926,793,815,809,422,637,391,249,983,233,379,487,61,65,41,57,59,57,44,55,52,57,41,56,47,40,46,49,59,53,55,51,42,42,39,46,56,65,60,58,56,62,49,28
[ 420.720060] [AOA] Measurement: 0,1579900972.512450,04:d6:aa:ab:45:40,2,1,2,0,128,435,232,593,257,1015,991,250,166,87,883,353,276,656,494,1005,981,638,330,723,446,437,989,254,934,457,667,453,258,1008,267,766,794,74,78,46,67,66,67,54,66,62,70,50,66,57,48,53,57,73,63,69,62,51,51,47,53,69,77,73,72,66,75,56,34
[ 420.746637] [AOA] Measurement: 0,1579900972.539023,04:d6:aa:ab:45:40,2,1,2,0,128,433,254,572,280,429,797,841,42,569,706,375,252,670,557,576,172,992,87,202,249,1013,855,249,972,7,887,445,267,976,247,431,560,73,80,47,69,70,66,55,63,61,71,49,68,60,50,54,60,70,63,69,63,48,51,46,55,63,74,69,70,63,71,57,29
[ 420.769403] [AOA] Measurement: 0,1579900972.561792,04:d6:aa:ab:45:40,2,1,2,0,128,889,361,88,457,981,961,742,52,598,739,339,249,694,567,933,937,1014,87,159,209,964,813,311,984,53,930,1012,455,503,465,324,407,62,66,38,59,59,59,46,54,51,58,42,58,51,41,45,50,54,48,55,51,38,38,34,43,50,59,52,54,49,55,45,22
[ 420.804522] [AOA] Measurement: 0,1579900972.596883,04:d6:aa:ab:45:40,2,1,2,0,128,362,198,616,249,420,796,679,951,574,690,343,270,627,546,997,1006,127,163,206,204,1019,833,692,690,424,653,344,234,971,256,847,0,61,63,39,57,57,55,45,54,53,59,43,53,47,40,44,48,61,51,58,53,42,43,41,45,58,66,64,61,57,65,49,30
[ 420.838167] [AOA] Measurement: 0,1579900972.630555,04:d6:aa:ab:45:40,2,1,2,0,128,345,207,579,260,476,848,774,33,587,730,378,284,657,560,1022,1010,37,142,190,201,903,787,753,758,396,645,448,223,972,288,152,247,72,78,47,68,69,67,54,62,60,68,49,66,58,50,54,58,67,59,68,62,47,48,43,54,58,71,63,67,60,67,55,27
[ 420.864590] [AOA] Measurement: 0,1579900972.656980,04:d6:aa:ab:45:40,2,1,2,0,128,429,240,620,267,473,825,805,14,546,744,330,252,690,572,26,17,617,324,790,410,507,12,266,936,452,685,374,226,990,250,712,888,71,79,46,69,73,69,53,62,59,69,48,66,62,48,55,59,66,57,67,61,47,47,43,53,57,69,62,66,61,68,54,26
[ 420.889639] [AOA] Measurement: 0,1579900972.682024,04:d6:aa:ab:45:40,2,1,2,0,128,419,271,565,270,473,807,737,53,606,707,355,312,736,614,33,25,602,380,165,165,989,873,222,891,485,693,422,264,570,489,434,532,73,78,48,70,70,67,54,65,63,68,51,69,61,49,53,58,70,62,70,64,49,49,47,53,65,74,69,69,63,71,57,31
[ 420.919349] [AOA] Measurement: 0,1579900972.711735,04:d6:aa:ab:45:40,2,1,2,0,128,402,201,582,274,451,771,757,40,574,688,319,276,176,727,13,1019,68,164,776,401,460,998,709,723,997,860,470,261,981,257,166,242,61,66,39,56,56,57,45,53,52,58,42,55,49,40,44,48,59,52,57,53,41,43,39,45,54,64,59,58,53,60,47,25
[ 420.941716] [AOA] Measurement: 0,1579900972.734105,04:d6:aa:ab:45:40,2,1,2,0,128,356,194,583,252,1006,982,302,204,74,906,918,483,175,772,519,118,6,126,814,437,562,45,264,960,1011,891,12,487,506,452,597,592,71,71,46,64,65,65,52,62,60,68,50,64,54,47,51,56,71,61,67,60,51,50,48,52,72,76,73,71,65,76,59,37
[ 420.980919] [AOA] Measurement: 0,1579900972.773309,04:d6:aa:ab:45:40,2,1,2,0,128,357,225,129,452,456,791,820,68,468,631,389,293,647,531,57,1,54,125,198,176,947,838,742,751,449,711,970,458,1022,291,336,415,75,79,49,68,71,69,55,65,62,69,52,66,60,50,56,59,72,62,70,65,50,51,48,54,66,76,69,69,65,70,57,31
[ 421.007694] [AOA] Measurement: 0,1579900972.800080,04:d6:aa:ab:45:40,2,1,2,0,128,455,235,149,493,458,831,735,1013,588,706,309,235,674,530,57,1012,623,349,221,244,480,1005,222,931,392,644,425,234,23,270,435,608,75,77,48,68,68,67,54,64,63,69,53,65,59,49,56,60,72,63,71,64,49,50,46,54,66,77,71,69,64,74,54,32
[ 421.030382] [AOA] Measurement: 0,1579900972.822771,04:d6:aa:ab:45:40,2,1,2,0,128,922,372,134,450,378,762,838,72,556,712,368,249,247,785,999,1,571,297,831,482,479,1009,270,969,1008,884,1012,483,532,465,903,964,63,66,40,58,58,57,44,54,51,58,42,56,49,40,46,49,59,52,57,51,42,41,37,45,52,63,55,57,51,59,46,23
[ 421.070697] [AOA] Measurement: 0,1579900972.863086,04:d6:aa:ab:45:40,2,1,2,0,128,427,228,168,492,401,774,820,80,93,911,852,428,621,524,539,172,112,155,753,402,506,15,217,921,988,858,1005,452,921,215,336,499,73,75,48,67,67,65,54,64,61,68,51,66,55,48,53,57,72,62,69,62,52,53,50,54,72,80,75,72,69,78,59,38
[ 421.097081] [AOA] Measurement: 0,1579900972.889467,04:d6:aa:ab:45:40,2,1,2,0,128,995,436,165,494,973,965,303,229,132,938,896,436,614,510,1019,0,91,151,250,271,488,1015,283,975,977,864,986,420,519,476,501,497,72,80,46,68,71,69,54,63,61,71,49,66,62,50,56,60,65,59,66,62,47,49,44,53,60,73,68,70,62,70,54,29
[ 421.121734] [AOA] Measurement: 0,1579900972.914124,04:d6:aa:ab:45:40,2,1,2,0,128,376,237,574,247,463,808,795,33,550,661,353,260,674,533,1021,1016,650,391,770,401,569,35,239,911,967,878,409,197,991,295,292,411,75,81,48,70,69,66,55,63,62,68,51,67,62,51,54,59,68,61,67,62,47,47,44,51,59,73,68,67,59,66,54,26
[ 421.152672] [AOA] Measurement: 0,1579900972.945059,04:d6:aa:ab:45:40,2,1,2,0,128,434,245,582,270,443,826,779,1019,609,741,340,305,194,745,969,989,588,327,205,206,502,1006,258,949,1020,863,356,229,956,255,223,323,73,79,46,70,70,67,54,64,61,70,49,67,60,47,54,58,68,59,67,61,49,49,44,54,58,71,65,67,60,66,52,26
[ 421.181121] [AOA] Measurement: 0,1579900972.973507,04:d6:aa:ab:45:40,2,1,2,0,128,386,189,518,204,443,792,772,14,593,705,335,307,174,739,1016,1006,74,147,214,213,999,840,723,754,979,878,968,432,494,434,450,494,74,77,46,67,70,67,53,64,62,69,50,67,61,49,53,57,69,59,67,63,49,48,42,54,60,73,67,68,60,69,54,28
[ 421.208699] [AOA] Measurement: 0,1579900973.001089,04:d6:aa:ab:45:40,2,1,2,0,128,915,409,53,435,1010,973,845,53,516,701,844,428,248,789,581,251,671,349,809,455,560,15,287,1002,979,869,1000,475,979,267,662,667,75,78,48,67,67,67,54,67,62,70,51,65,59,49,54,58,70,63,69,64,50,50,47,56,66,75,72,70,64,73,57,33
[ 421.232971] [AOA] Measurement: 0,1579900973.025357,04:d6:aa:ab:45:40,2,1,2,0,128,403,242,101,434,1018,1022,261,214,492,663,326,277,626,525,1011,11,57,133,265,253,926,809,733,741,446,629,469,263,580,523,204,151,71,72,47,65,66,66,54,64,61,69,50,66,54,48,51,57,71,63,70,63,50,53,48,54,69,78,72,72,68,77,60,36
[ 421.260162] [AOA] Measurement: 0,1579900973.052553,04:d6:aa:ab:45:40,2,1,2,0,128,370,165,574,279,399,780,794,36,541,661,320,229,625,545,1010,1002,42,124,787,396,941,798,715,759,528,726,392,238,990,201,7,122,74,80,47,68,70,66,53,62,60,69,49,65,58,48,54,55,67,59,69,62,48,50,45,55,58,74,65,67,62,68,54,28
[ 421.290264] [AOA] Measurement: 0,1579900973.082654,04:d6:aa:ab:45:40,2,1,2,0,128,927,391,104,456,441,789,800,27,560,675,340,257,639,503,999,989,46,115,776,450,947,817,780,787,987,844,475,299,933,237,713,808,72,76,46,67,69,66,54,63,62,69,49,65,58,49,53,58,70,63,68,62,48,47,45,53,62,75,69,70,62,70,56,29
[ 421.314872] [AOA] Measurement: 0,1579900973.107256,04:d6:aa:ab:45:40,2,1,2,0,128,403,242,563,236,454,808,823,77,105,880,354,296,183,749,519,148,650,350,242,214,466,985,312,987,995,862,448,269,1,290,692,907,74,80,47,69,70,70,54,65,61,67,50,64,59,49,53,57,70,60,67,63,49,49,45,54,62,76,68,68,63,71,55,30
[ 421.345033] [AOA] Measurement: 0,1579900973.137418,04:d6:aa:ab:45:40,2,1,2,0,128,940,418,501,212,418,777,720,15,607,731,332,258,652,518,28,16,62,140,218,239,977,824,299,1002,947,835,1017,505,536,464,780,798,57,57,37,51,53,50,41,51,50,56,41,50,44,39,43,45,59,50,56,50,42,44,40,43,58,66,62,61,57,63,50,32
[ 421.380988] [AOA] Measurement: 0,1579900973.173378,04:d6:aa:ab:45:40,2,1,2,0,128,431,221,165,508,940,947,793,9,545,696,346,260,599,524,994,986,123,171,760,427,519,1020,309,993,40,924,972,451,498,467,840,896,62,66,40,57,55,57,45,53,53,61,43,54,47,42,43,48,61,52,59,53,42,44,41,46,60,67,63,62,56,65,51,31
[ 421.408178] [AOA] Measurement: 0,1579900973.200563,04:d6:aa:ab:45:40,2,1,2,0,128,429,280,615,314,980,968,808,65,513,656,400,293,645,535,38,18,76,164,288,271,458,983,229,927,968,882,982,444,548,485,256,348,74,81,50,69,68,68,54,65,61,68,50,67,60,49,54,58,68,60,68,61,48,48,45,52,60,72,68,66,61,69,55,28
[ 421.435841] [AOA] Measurement: 0,1579900973.228231,04:d6:aa:ab:45:40,2,1,2,0,128,934,420,608,263,383,766,327,229,544,681,347,282,640,511,4,1023,645,361,839,491,499,28,249,936,1020,886,916,370,7,275,345,489,74,79,46,68,68,68,54,64,59,70,48,65,60,47,52,59,66,58,66,61,47,46,45,53,58,70,62,66,58,65,51,26
[ 421.460052] [AOA] Measurement: 0,1579900973.252438,04:d6:aa:ab:45:40,2,1,2,0,128,435,234,588,210,420,760,763,1018,554,665,353,255,637,525,20,25,41,109,202,225,986,828,736,746,492,735,978,434,993,237,184,226,75,81,47,70,73,66,56,65,62,70,51,67,59,49,55,58,68,62,67,64,49,49,45,53,64,75,68,68,63,71,55,30
[ 421.491855] [AOA] Measurement: 0,1579900973.284241,04:d6:aa:ab:45:40,2,1,2,0,128,369,224,630,301,955,962,251,212,556,709,333,291,669,597,983,1019,645,332,781,437,477,1018,287,974,1005,874,979,417,946,220,314,403,71,78,46,69,69,68,56,62,58,68,47,66,61,47,54,59,64,55,64,60,45,45,40,51,51,66,57,62,56,59,52,21
[ 421.520129] [AOA] Measurement: 0,1579900973.312520,04:d6:aa:ab:45:40,2,1,2,0,128,367,183,595,256,409,771,826,70,71,857,875,412,164,728,24,36,22,86,172,177,988,800,750,772,448,708,432,273,540,463,146,204,74,77,47,68,68,68,56,64,60,68,50,69,60,49,53,57,69,61,68,62,49,50,47,55,64,73,68,69,62,71,56,30
[ 421.543896] [AOA] Measurement: 0,1579900973.336282,04:d6:aa:ab:45:40,2,1,2,0,128,430,261,609,315,431,776,853,49,525,698,308,217,643,536,40,51,614,348,763,434,489,1015,285,987,1009,892,12,522,526,503,223,158,72,82,44,68,70,69,56,60,59,68,47,65,60,47,54,55,64,56,62,58,44,45,38,52,52,66,59,64,55,61,51,22
[ 421.575091] [AOA] Measurement: 0,1579900973.367476,04:d6:aa:ab:45:40,2,1,2,0,128,386,222,601,285,420,790,783,1023,554,699,321,241,668,555,32,41,576,307,729,434,523,992,722,757,996,834,981,423,1000,278,1003,83,70,80,42,68,70,67,53,60,56,65,45,65,62,46,53,56,63,54,63,58,43,44,38,53,47,64,52,61,56,60,49,20
[ 421.602828] [AOA] Measurement: 0,1579900973.395220,04:d6:aa:ab:45:40,2,1,2,0,128,366,225,600,283,387,771,758,998,557,690,377,281,733,626,540,193,46,150,171,176,948,810,727,741,449,670,461,282,1003,272,259,419,71,78,43,69,70,69,55,60,57,68,45,64,60,46,52,54,60,51,60,57,43,42,35,50,44,61,50,59,51,54,47,15
[ 421.626279] [AOA] Measurement: 0,1579900973.418669,04:d6:aa:ab:45:40,2,1,2,0,128,367,191,561,213,463,783,697,14,517,668,294,209,624,513,21,25,26,115,251,224,496,3,256,989,1002,849,972,441,536,452,773,802,62,64,41,57,59,57,46,54,51,58,44,56,51,42,45,49,60,53,59,53,43,43,40,47,56,65,62,60,54,62,49,29
[ 421.656336] [AOA] Measurement: 0,1579900973.448721,04:d6:aa:ab:45:40,2,1,2,0,128,942,408,575,263,931,918,793,36,534,716,304,250,653,533,534,153,606,319,794,452,455,6,757,775,459,671,467,286,969,254,887,965,74,76,45,69,68,69,55,64,59,69,48,67,55,47,50,55,70,58,67,65,48,49,46,54,69,78,72,74,67,77,59,32
[ 421.684073] [AOA] Measurement: 0,1579900973.476463,04:d6:aa:ab:45:40,2,1,2,0,128,412,229,589,243,434,807,803,49,508,666,295,207,648,509,21,15,40,163,772,424,474,989,803,818,1,900,1003,488,511,445,28,83,73,78,48,68,68,67,55,66,60,68,49,68,58,48,54,57,67,60,66,62,47,47,43,53,58,72,64,65,60,64,53,24
[ 421.706481] [AOA] Measurement: 0,1579900973.498872,04:d6:aa:ab:45:40,2,1,2,0,128,379,229,608,283,994,1012,284,214,564,685,357,275,688,570,38,2,683,366,849,476,474,1021,213,923,474,731,429,237,976,276,707,826,63,66,40,58,58,56,46,54,54,58,42,57,51,42,46,49,61,53,59,53,42,42,39,47,53,65,58,57,54,61,48,26
[ 421.736788] [AOA] Measurement: 0,1579900973.529173,04:d6:aa:ab:45:40,2,1,2,0,128,314,254,526,237,440,781,806,84,135,912,381,318,243,848,596,274,605,432,822,334,467,993,189,899,391,760,472,286,88,346,310,640,73,78,46,69,70,68,54,64,62,68,50,68,58,48,53,57,69,59,67,63,48,50,43,54,61,73,66,66,60,66,53,28
[ 421.765223] [AOA] Measurement: 0,1579900973.557612,04:d6:aa:ab:45:40,2,1,2,0,128,440,231,576,250,996,1021,252,166,554,691,319,250,669,559,61,33,580,314,761,401,962,801,282,919,1015,877,1010,465,445,382,982,43,68,77,41,65,69,66,52,57,55,67,43,67,61,46,50,54,55,47,57,55,40,41,34,48,42,59,45,57,49,50,48,14
[ 421.790364] [AOA] Measurement: 0,1579900973.582750,04:d6:aa:ab:45:40,2,1,2,0,128,937,445,118,498,976,963,305,200,88,932,921,503,161,738,1015,973,88,140,194,192,980,837,318,981,11,913,22,492,529,458,339,420,70,79,42,69,70,65,52,59,58,67,47,66,60,48,52,55,60,53,61,56,42,42,35,50,46,61,52,63,53,56,51,19
[ 421.821263] [AOA] Measurement: 0,1579900973.613649,04:d6:aa:ab:45:40,2,1,2,0,128,945,428,128,491,995,1007,799,44,537,694,371,273,563,486,1015,1009,78,153,182,232,998,867,263,946,967,849,463,301,457,427,141,245,63,67,39,59,58,58,46,55,51,59,41,56,49,42,46,49,57,50,58,51,40,42,38,45,52,61,54,57,51,58,45,23
[ 421.850867] [AOA] Measurement: 0,1579900973.643252,04:d6:aa:ab:45:40,2,1,2,0,128,448,253,592,297,458,838,283,212,531,674,346,243,655,547,1020,3,74,120,220,222,925,809,721,709,449,684,393,234,552,478,102,207,71,77,47,69,68,68,54,64,60,70,49,67,60,48,52,56,66,58,67,61,47,48,43,54,58,71,65,67,60,65,53,26
[ 421.880198] [AOA] Measurement: 0,1579900973.672584,04:d6:aa:ab:45:40,2,1,2,0,128,424,300,75,423,427,770,775,104,132,931,949,515,206,739,1002,3,62,184,809,404,504,9,219,916,1003,909,423,243,599,531,1010,40,74,81,46,69,69,68,55,65,61,68,50,64,58,49,54,58,69,60,71,63,49,48,46,55,63,74,68,68,62,70,55,29
[ 421.909325] [AOA] Measurement: 0,1579900973.701716,04:d6:aa:ab:45:40,2,1,2,0,128,435,258,602,287,454,785,757,36,576,690,329,297,638,519,1011,10,82,202,223,190,996,851,722,756,426,693,469,324,995,281,648,854,67,79,41,67,68,65,53,56,54,67,44,65,60,46,54,54,60,51,59,56,43,43,34,49,42,59,49,59,52,53,49,16
[ 421.933440] [AOA] Measurement: 0,1579900973.725826,04:d6:aa:ab:45:40,2,1,2,0,128,394,238,85,418,408,769,779,24,551,669,362,283,611,571,552,175,50,142,249,206,525,1014,273,930,1004,897,994,472,498,434,556,616,72,79,46,68,68,68,53,62,59,67,49,66,59,47,55,58,64,56,66,59,45,45,39,51,50,67,59,63,57,62,52,22
[ 421.965427] [AOA] Measurement: 0,1579900973.757812,04:d6:aa:ab:45:40,2,1,2,0,128,385,231,584,287,416,789,731,38,587,711,333,234,734,580,1007,997,66,132,764,394,562,7,235,952,14,875,405,215,922,212,941,136,73,80,46,68,71,67,55,63,57,68,48,65,60,47,52,57,61,54,63,60,44,46,38,51,52,68,58,64,58,62,50,21
[ 421.994792] [AOA] Measurement: 0,1579900973.787178,04:d6:aa:ab:45:40,2,1,2,0,128,390,229,525,223,453,835,744,45,530,662,327,250,622,493,16,972,36,130,241,221,990,837,735,743,16,877,963,443,536,436,78,120,71,75,47,66,68,67,53,64,61,70,51,65,57,49,52,56,72,63,68,62,51,51,49,55,69,78,74,71,67,76,60,35
[ 422.023795] [AOA] Measurement: 0,1579900973.816180,04:d6:aa:ab:45:40,2,1,2,0,128,330,196,532,244,347,714,731,1010,603,717,327,279,653,552,1016,1010,60,163,142,193,527,12,722,734,476,701,452,289,934,242,138,290,73,79,47,68,69,66,53,66,61,69,50,66,61,47,54,59,69,62,68,63,49,50,45,54,61,72,66,68,61,69,55,29
[ 422.053550] [AOA] Measurement: 0,1579900973.845937,04:d6:aa:ab:45:40,2,1,2,0,128,390,239,545,221,1004,1020,754,36,518,682,327,248,187,740,3,1023,144,174,849,449,484,1000,331,978,967,879,954,411,593,489,488,617,72,82,47,69,69,68,54,64,61,69,51,68,60,49,54,57,68,60,66,63,50,50,46,55,62,74,69,70,62,71,55,30
[ 422.081545] [AOA] Measurement: 0,1579900973.873935,04:d6:aa:ab:45:40,2,1,2,0,128,951,408,74,456,963,973,788,47,561,696,269,184,669,581,1014,1003,54,150,716,402,534,12,262,936,430,661,434,234,992,244,587,691,62,68,38,58,59,57,45,54,50,57,42,56,50,40,45,49,58,51,57,52,40,39,37,45,50,62,55,57,51,57,46,23
[ 422.104795] [AOA] Measurement: 0,1579900973.897185,04:d6:aa:ab:45:40,2,1,2,0,128,424,226,566,212,422,811,758,0,551,663,291,219,668,501,974,966,41,114,172,193,918,772,694,709,435,660,404,256,917,235,18,227,69,71,47,63,66,66,52,64,60,66,50,63,56,47,52,55,72,63,67,62,50,52,48,55,70,77,73,72,67,76,59,38
[ 422.136025] [AOA] Measurement: 0,1579900973.928411,04:d6:aa:ab:45:40,2,1,2,0,128,493,295,143,487,409,777,824,54,80,865,891,444,201,730,590,210,59,127,759,428,974,814,787,796,364,619,455,268,987,260,916,95,74,80,48,68,69,68,55,66,61,70,50,68,58,48,55,59,70,62,67,62,49,49,45,53,65,75,69,71,63,71,56,31
[ 422.163847] [AOA] Measurement: 0,1579900973.956236,04:d6:aa:ab:45:40,2,1,2,0,128,407,240,116,414,453,806,725,988,558,677,379,252,707,575,1020,1014,79,124,195,193,1005,866,323,993,1007,843,936,412,523,449,744,772,73,80,47,70,70,68,53,64,61,70,49,66,60,48,55,57,69,62,67,61,49,49,44,53,63,73,67,69,61,69,55,30
[ 422.190827] [AOA] Measurement: 0,1579900973.983212,04:d6:aa:ab:45:40,2,1,2,0,128,394,197,529,243,440,802,769,27,555,694,340,238,657,538,38,29,995,89,177,210,1008,825,730,775,461,661,447,283,967,245,796,984,74,79,47,66,67,67,53,65,61,69,50,65,57,48,52,57,68,60,65,62,47,48,44,53,58,70,64,67,60,67,51,26
[ 422.220992] [AOA] Measurement: 0,1579900974.013382,04:d6:aa:ab:45:40,2,1,2,0,128,350,168,570,247,360,752,683,978,580,722,321,265,623,501,1008,1001,667,372,732,380,931,785,740,762,446,684,490,309,458,421,736,795,63,66,40,59,58,57,46,55,50,57,42,53,49,41,44,48,57,52,58,53,41,43,40,47,55,63,59,57,52,59,47,24
[ 422.247530] [AOA] Measurement: 0,1579900974.039919,04:d6:aa:ab:45:40,2,1,2,0,128,399,239,601,225,418,807,782,19,627,739,305,287,254,815,580,211,626,354,780,434,931,782,699,703,474,697,988,468,1006,303,812,951,61,67,39,59,59,57,45,52,52,59,42,57,51,41,45,48,57,49,55,50,41,41,37,45,51,62,57,57,52,58,46,22
[ 422.274622] [AOA] Measurement: 0,1579900974.067008,04:d6:aa:ab:45:40,2,1,2,0,128,1019,439,107,444,1023,971,744,1020,619,747,314,255,693,550,999,980,45,148,708,386,956,802,753,793,985,874,414,227,1005,268,183,344,72,80,42,68,67,67,55,60,57,68,45,67,59,47,54,56,61,53,62,58,44,43,37,50,46,63,52,62,55,57,50,18
[ 422.304776] [AOA] Measurement: 0,1579900974.097161,04:d6:aa:ab:45:40,2,1,2,0,128,369,182,604,289,463,835,323,223,78,907,834,421,593,470,1017,1004,1000,49,205,229,996,831,749,753,393,625,443,282,983,282,650,744,74,76,49,67,68,66,53,65,60,67,49,66,56,46,53,56,69,60,66,63,49,49,45,53,62,74,68,70,61,68,52,28
[ 422.334822] [AOA] Measurement: 0,1579900974.127209,04:d6:aa:ab:45:40,2,1,2,0,128,999,465,82,479,1005,13,300,213,75,879,916,492,122,661,557,176,588,354,723,449,498,1023,216,928,418,653,436,256,548,483,570,584,67,77,40,65,67,65,52,55,53,64,41,64,60,43,50,53,54,46,55,53,39,38,29,46,32,53,40,54,47,48,47,12
[ 422.364681] [AOA] Measurement: 0,1579900974.157067,04:d6:aa:ab:45:40,2,1,2,0,128,324,152,550,221,429,776,746,17,571,719,324,258,202,749,1007,995,610,357,744,412,461,4,310,972,943,813,5,448,525,465,500,480,75,77,48,69,69,69,54,65,60,69,51,66,57,49,54,60,69,61,70,63,50,51,46,54,66,76,71,69,63,72,56,31
[ 422.388277] [AOA] Measurement: 0,1579900974.180666,04:d6:aa:ab:45:40,2,1,2,0,128,449,277,580,235,1020,1016,714,1015,525,682,307,214,684,528,994,1000,671,376,173,226,507,1004,322,963,19,896,975,446,483,372,966,70,72,78,46,68,70,71,55,64,61,67,49,63,59,48,53,57,67,59,65,60,46,47,44,53,59,69,62,67,60,66,54,27
[ 422.418669] [AOA] Measurement: 0,1579900974.211060,04:d6:aa:ab:45:40,2,1,2,0,128,987,477,143,505,990,998,805,34,33,847,296,233,620,510,17,9,79,173,750,416,528,15,250,950,2,906,951,407,542,459,657,646,74,77,46,67,69,66,54,64,61,70,51,65,58,48,53,57,70,62,68,63,52,52,48,53,68,76,70,72,65,77,58,35
[ 422.444932] [AOA] Measurement: 0,1579900974.237317,04:d6:aa:ab:45:40,2,1,2,0,128,419,237,711,357,927,959,833,49,58,857,362,249,684,556,536,169,36,139,238,228,991,816,729,766,377,649,1020,492,480,420,48,155,74,78,47,69,68,70,55,64,58,68,48,66,60,47,53,58,67,59,66,61,46,47,42,53,56,69,61,65,60,65,52,22
[ 422.468940] [AOA] Measurement: 0,1579900974.261330,04:d6:aa:ab:45:40,2,1,2,0,128,950,388,134,478,981,977,278,204,75,916,888,415,192,756,28,30,26,117,243,279,983,810,784,775,31,894,387,236,525,496,319,418,59,70,33,61,65,63,52,50,49,60,36,62,59,42,51,54,49,39,48,51,37,36,28,47,29,47,34,49,45,42,44,11
[ 422.501225] [AOA] Measurement: 0,1579900974.293610,04:d6:aa:ab:45:40,2,1,2,0,128,409,268,100,424,957,952,826,91,84,886,398,261,171,733,972,1014,570,326,767,422,435,992,791,807,421,684,395,213,959,275,749,906,73,74,47,68,68,69,53,65,61,70,50,64,57,48,53,58,71,63,69,63,52,53,49,55,69,77,75,71,66,76,59,37
[ 422.531284] [AOA] Measurement: 0,1579900974.323670,04:d6:aa:ab:45:40,2,1,2,0,128,285,116,551,220,422,764,792,39,509,660,328,233,658,535,971,992,119,182,168,146,951,801,741,749,404,658,442,249,1005,270,82,263,74,78,48,69,70,67,55,66,61,69,52,67,59,50,53,56,68,61,66,64,49,50,46,54,61,72,67,67,62,70,55,28
[ 422.555544] [AOA] Measurement: 0,1579900974.347934,04:d6:aa:ab:45:40,2,1,2,0,128,459,261,626,257,946,950,305,239,579,699,283,225,636,524,32,8,40,130,221,180,931,814,744,761,395,690,397,253,943,236,824,83,70,79,43,69,69,68,54,61,56,67,47,67,61,46,52,58,62,54,61,58,43,43,38,52,51,65,55,60,57,60,49,19
[ 422.585683] [AOA] Measurement: 0,1579900974.378074,04:d6:aa:ab:45:40,2,1,2,0,128,361,202,155,479,979,959,803,12,607,728,329,249,649,550,16,1002,100,159,232,234,935,796,782,819,399,647,448,272,943,244,633,848,74,76,48,69,67,67,54,63,60,69,49,67,58,49,55,58,69,60,66,61,50,51,45,54,65,75,70,68,62,71,55,29
[ 422.612658] [AOA] Measurement: 0,1579900974.405044,04:d6:aa:ab:45:40,2,1,2,0,128,440,260,526,218,457,843,786,36,599,725,355,250,192,691,1016,1008,636,340,764,414,459,978,267,964,983,874,984,495,512,485,885,842,70,78,42,68,68,67,53,60,57,65,46,64,62,46,55,56,63,53,61,57,44,46,38,51,49,63,55,62,54,59,50,18
[ 422.643120] [AOA] Measurement: 0,1579900974.435507,04:d6:aa:ab:45:40,2,1,2,0,128,350,176,603,306,448,798,755,37,569,724,283,252,730,602,31,41,603,327,213,202,993,815,269,946,427,669,419,228,927,202,365,674,60,60,39,55,55,56,46,54,51,57,42,55,47,40,46,48,60,51,59,54,42,42,40,45,57,63,61,59,53,61,49,26
[ 422.673070] [AOA] Measurement: 0,1579900974.465454,04:d6:aa:ab:45:40,2,1,2,0,128,968,439,153,515,988,956,312,224,84,931,895,472,189,736,547,176,28,129,261,274,513,5,284,975,964,868,1016,488,510,440,272,278,61,66,40,58,57,57,45,52,51,57,44,55,50,42,46,47,60,52,56,52,41,42,38,46,54,61,58,58,52,59,47,24
[ 422.702445] [AOA] Measurement: 0,1579900974.494835,04:d6:aa:ab:45:40,2,1,2,0,128,472,264,160,467,995,999,293,226,137,932,860,435,657,541,26,8,34,130,207,189,458,1003,245,928,996,848,2,464,504,480,458,497,71,73,46,65,65,65,53,64,60,69,49,64,56,49,54,58,72,61,68,61,51,51,46,54,66,76,70,68,63,73,55,33
[ 422.726949] [AOA] Measurement: 0,1579900974.519340,04:d6:aa:ab:45:40,2,1,2,0,128,378,188,97,463,436,832,317,253,90,878,888,473,197,739,498,167,583,319,194,177,957,819,738,764,421,662,461,257,1010,245,44,186,72,76,46,68,69,66,55,65,60,69,48,66,58,48,52,58,66,60,66,61,46,45,40,51,53,68,59,61,55,62,53,23
[ 422.760168] [AOA] Measurement: 0,1579900974.552554,04:d6:aa:ab:45:40,2,1,2,0,128,420,264,601,258,370,783,834,80,84,896,371,287,652,525,36,13,10,111,191,236,984,808,802,785,466,700,395,235,540,473,913,972,71,78,45,69,68,66,53,62,57,67,47,65,59,48,51,55,62,53,63,58,44,44,37,50,51,66,56,61,53,57,47,19
[ 422.788582] [AOA] Measurement: 0,1579900974.580973,04:d6:aa:ab:45:40,2,1,2,0,128,410,233,623,307,399,784,316,233,503,688,367,332,131,706,34,2,1012,82,202,218,982,825,756,758,430,665,458,277,946,238,141,240,65,65,44,59,60,61,49,59,55,62,48,61,50,44,50,52,69,60,66,60,51,50,48,54,72,80,75,72,66,77,58,38
[ 422.815185] [AOA] Measurement: 0,1579900974.607570,04:d6:aa:ab:45:40,2,1,2,0,128,386,225,567,223,450,795,711,2,508,668,396,252,676,517,12,10,20,126,233,219,922,828,243,920,4,876,423,250,518,446,580,705,74,78,46,70,69,66,54,64,61,67,49,63,58,48,54,56,69,60,68,63,51,49,45,54,66,76,69,72,63,71,56,30
[ 422.844933] [AOA] Measurement: 0,1579900974.637317,04:d6:aa:ab:45:40,2,1,2,0,128,381,188,572,277,946,968,741,35,574,718,318,234,669,521,996,1008,57,147,746,420,1002,823,678,742,435,673,410,247,1,281,278,375,72,79,48,68,68,70,55,65,60,69,52,66,59,49,55,58,70,62,69,62,49,49,45,53,64,75,70,71,63,73,56,32
[ 422.875255] [AOA] Measurement: 0,1579900974.667640,04:d6:aa:ab:45:40,2,1,2,0,128,394,245,616,266,391,772,778,29,638,738,357,313,142,711,543,194,679,375,747,384,453,1013,272,995,38,939,947,468,494,433,449,480,74,74,48,68,70,66,52,65,58,68,49,64,57,48,53,57,68,62,69,62,50,51,47,55,64,76,72,72,65,72,56,32
[ 422.905701] [AOA] Measurement: 0,1579900974.698087,04:d6:aa:ab:45:40,2,1,2,0,128,944,405,103,477,987,1015,349,226,77,862,385,286,692,534,54,1007,607,335,765,414,511,990,276,960,947,837,436,273,975,217,504,635,61,65,39,56,58,56,45,55,52,59,43,56,49,42,43,48,59,53,58,53,40,42,40,45,57,65,59,59,54,61,48,27
[ 422.935217] [AOA] Measurement: 0,1579900974.727607,04:d6:aa:ab:45:40,2,1,2,0,128,406,241,603,241,1019,982,303,190,88,902,865,451,629,557,48,50,67,118,248,227,953,859,719,741,502,673,1006,462,966,209,893,41,72,79,43,67,69,68,54,62,57,66,47,66,60,48,54,57,62,53,62,58,45,44,38,50,49,64,57,63,54,59,51,21
[ 422.964402] [AOA] Measurement: 0,1579900974.756788,04:d6:aa:ab:45:40,2,1,2,0,128,396,237,172,509,965,975,817,66,67,872,957,515,223,774,584,222,613,320,773,417,451,996,734,758,414,652,416,250,12,326,104,145,61,66,39,58,57,58,47,51,50,58,40,56,50,41,46,50,55,48,53,53,38,37,34,43,44,55,48,53,47,50,43,19
[ 422.988856] [AOA] Measurement: 0,1579900974.781246,04:d6:aa:ab:45:40,2,1,2,0,128,997,485,137,478,455,805,311,227,130,900,331,233,231,769,593,211,623,352,738,481,557,50,262,975,996,851,982,453,475,441,245,271,74,78,48,66,70,69,54,66,62,70,52,66,58,49,53,58,70,62,69,62,51,50,47,53,65,75,72,70,63,72,57,32
[ 423.018869] [AOA] Measurement: 0,1579900974.811260,04:d6:aa:ab:45:40,2,1,2,0,128,317,141,475,159,406,755,750,20,562,707,330,248,747,635,592,248,540,278,204,205,970,837,722,744,359,641,438,205,967,269,270,528,73,79,47,71,72,70,56,63,61,69,50,65,60,49,53,58,67,58,67,62,48,48,42,53,59,70,62,66,58,64,52,25
[ 423.047075] [AOA] Measurement: 0,1579900974.839461,04:d6:aa:ab:45:40,2,1,2,0,128,421,225,581,277,436,773,729,1002,572,662,292,261,672,550,951,948,31,127,235,199,952,837,719,694,406,662,401,265,480,423,63,194,74,78,47,67,69,66,52,64,63,70,48,65,56,49,53,58,71,63,67,63,52,53,49,55,71,79,75,74,66,77,60,39
[ 423.076651] [AOA] Measurement: 0,1579900974.869042,04:d6:aa:ab:45:40,2,1,2,0,128,462,260,159,519,946,970,333,215,109,926,861,451,668,554,1009,1011,88,164,206,225,982,840,722,741,417,643,417,255,1014,306,903,1020,75,79,47,69,68,67,53,63,60,69,48,66,60,47,55,58,68,59,68,62,48,50,46,54,61,74,67,67,61,70,56,27
[ 423.104058] [AOA] Measurement: 0,1579900974.896446,04:d6:aa:ab:45:40,2,1,2,0,128,390,239,537,279,491,823,766,53,529,664,353,248,244,723,606,240,656,360,795,471,548,56,200,924,465,716,7,512,498,440,852,937,61,66,41,57,56,56,43,55,52,58,41,55,47,41,44,48,58,51,56,52,41,42,40,46,52,63,57,59,54,61,46,26
[ 423.135777] [AOA] Measurement: 0,1579900974.928167,04:d6:aa:ab:45:40,2,1,2,0,128,341,225,672,287,967,1000,311,268,5,825,314,250,686,529,1005,995,28,90,229,225,950,811,771,785,1007,872,10,484,520,445,826,826,68,77,44,67,69,66,53,60,57,67,45,66,60,46,51,57,59,53,60,59,42,43,36,51,45,62,52,57,54,55,49,16
[ 423.161126] [AOA] Measurement: 0,1579900974.953511,04:d6:aa:ab:45:40,2,1,2,0,128,394,176,516,213,398,766,776,5,546,686,336,276,661,537,28,28,619,303,230,258,975,851,265,965,1017,886,395,279,1016,292,560,738,74,80,47,70,70,69,54,63,59,68,49,67,61,47,53,57,66,60,68,62,46,46,42,54,56,70,61,66,60,67,55,26
[ 423.193121] [AOA] Measurement: 0,1579900974.985506,04:d6:aa:ab:45:40,2,1,2,0,128,390,218,560,240,426,797,777,43,584,720,381,306,662,545,932,958,66,158,190,170,980,847,739,782,423,674,419,203,939,220,192,532,73,78,48,67,69,65,55,63,60,68,49,64,59,48,54,59,72,62,68,62,50,51,47,55,65,76,72,70,61,70,55,31
[ 423.217516] [AOA] Measurement: 0,1579900975.009907,04:d6:aa:ab:45:40,2,1,2,0,128,395,199,587,279,472,807,779,63,578,725,349,240,668,555,1015,7,528,259,819,463,484,970,712,704,484,714,990,458,515,467,242,191,73,75,47,67,67,66,52,65,62,70,50,65,56,49,53,58,73,63,70,64,52,53,48,54,69,80,72,73,64,75,57,35
[ 423.246029] [AOA] Measurement: 0,1579900975.038415,04:d6:aa:ab:45:40,2,1,2,0,128,386,199,525,222,427,792,824,9,627,749,335,252,168,731,9,1022,70,105,255,240,944,808,733,747,428,663,454,276,987,248,237,425,72,77,48,68,68,67,54,64,60,69,51,66,58,50,51,56,71,63,69,63,51,50,46,54,68,78,73,72,66,76,58,35
[ 423.277276] [AOA] Measurement: 0,1579900975.069662,04:d6:aa:ab:45:40,2,1,2,0,128,392,242,97,465,979,964,760,18,544,714,385,264,633,521,527,158,580,276,799,470,969,836,312,965,1005,852,31,559,539,454,408,436,70,79,41,69,67,68,54,58,57,66,45,64,61,47,53,58,59,52,61,57,43,43,35,49,41,60,51,60,53,55,50,19
[ 423.306727] [AOA] Measurement: 0,1579900975.099117,04:d6:aa:ab:45:40,2,1,2,0,128,400,192,560,239,404,807,769,32,555,672,364,276,626,542,1023,1013,43,165,246,224,976,845,750,780,401,633,403,246,981,233,339,565,72,78,46,71,72,67,55,65,61,69,49,66,59,48,53,59,67,59,65,61,47,49,44,52,60,74,66,67,62,68,53,27
[ 423.334586] [AOA] Measurement: 0,1579900975.126971,04:d6:aa:ab:45:40,2,1,2,0,128,950,385,115,468,16,27,333,280,88,899,946,508,171,725,650,246,608,355,784,456,501,977,243,950,968,842,978,426,1,272,1022,28,73,77,47,68,68,69,55,64,61,69,50,66,59,49,54,58,70,62,69,62,49,49,44,52,60,75,67,68,61,68,55,28
[ 423.365986] [AOA] Measurement: 0,1579900975.158378,04:d6:aa:ab:45:40,2,1,2,0,128,927,457,550,250,459,824,803,75,471,666,357,260,661,562,1,1006,103,164,204,230,1017,825,298,950,934,833,374,230,1007,287,174,242,63,66,41,57,58,57,47,55,54,60,42,57,49,42,45,49,59,52,57,51,42,41,39,45,54,64,58,56,52,56,45,22
[ 423.392353] [AOA] Measurement: 0,1579900975.184739,04:d6:aa:ab:45:40,2,1,2,0,128,402,221,563,296,422,829,838,26,498,677,276,206,641,549,1,1,42,107,168,193,1001,823,713,720,481,676,369,178,952,205,410,553,73,80,46,69,70,69,55,64,61,70,50,65,61,47,53,58,65,58,66,62,47,50,44,52,57,71,63,65,59,66,54,25
[ 423.423720] [AOA] Measurement: 0,1579900975.216105,04:d6:aa:ab:45:40,2,1,2,0,128,928,423,581,288,965,955,300,192,101,895,912,461,164,714,540,153,636,357,781,469,498,1001,259,964,985,851,966,423,597,492,904,828,50,63,25,53,59,59,49,40,40,52,28,56,56,39,45,48,38,24,37,43,32,31,19,42,11,32,15,39,36,27,36,10
[ 423.455112] [AOA] Measurement: 0,1579900975.247496,04:d6:aa:ab:45:40,2,1,2,0,128,388,187,588,298,419,802,773,1016,513,633,370,297,638,515,0,1015,65,166,773,458,509,1006,259,943,15,882,936,433,494,461,404,415,74,77,49,68,67,67,53,66,61,69,50,63,56,48,53,57,72,64,68,62,51,52,48,54,69,79,74,73,67,77,59,36
[ 423.486510] [AOA] Measurement: 0,1579900975.278896,04:d6:aa:ab:45:40,2,1,2,0,128,3,456,97,487,1008,990,306,222,75,898,920,500,165,697,547,147,668,383,746,420,992,857,208,926,995,860,989,457,955,220,236,367,73,79,46,69,69,68,55,61,58,67,48,68,60,49,51,58,65,56,64,61,44,46,40,51,54,69,58,64,57,61,49,22
[ 423.516632] [AOA] Measurement: 0,1579900975.309022,04:d6:aa:ab:45:40,2,1,2,0,128,422,242,586,272,36,995,768,40,591,725,895,500,209,753,528,157,44,139,211,242,972,833,725,739,988,857,413,263,531,451,700,824,74,80,47,71,70,68,56,64,63,71,51,66,59,49,54,59,68,61,68,63,50,51,46,54,65,75,70,69,64,69,54,31
[ 423.544391] [AOA] Measurement: 0,1579900975.336777,04:d6:aa:ab:45:40,2,1,2,0,128,929,415,148,477,937,993,224,140,535,705,908,461,178,740,939,952,54,124,758,387,575,31,223,879,433,667,377,244,982,271,764,828,72,78,46,68,68,67,52,66,61,69,51,67,59,48,55,58,71,62,69,63,50,51,46,55,65,76,69,69,64,70,55,30
[ 423.579325] [AOA] Measurement: 0,1579900975.371715,04:d6:aa:ab:45:40,2,1,2,0,128,937,406,609,292,384,764,747,1003,495,663,313,238,685,577,45,8,31,99,189,198,980,848,770,762,1020,889,974,473,473,422,783,917,63,74,34,63,67,66,52,52,48,60,39,64,61,44,51,54,51,41,50,52,37,39,30,48,33,51,41,52,48,46,45,13
[ 423.606241] [AOA] Measurement: 0,1579900975.398626,04:d6:aa:ab:45:40,2,1,2,0,128,397,227,552,205,461,804,698,994,566,691,320,265,674,536,2,983,50,92,198,218,974,832,211,902,998,901,978,483,476,456,478,539,62,67,40,58,59,57,46,53,52,58,43,57,49,41,44,48,60,51,57,53,42,41,40,46,53,64,59,59,52,61,46,27
[ 423.637718] [AOA] Measurement: 0,1579900975.430108,04:d6:aa:ab:45:40,2,1,2,0,128,493,275,131,477,409,781,811,77,520,655,337,244,659,542,1019,1009,21,82,242,235,911,765,695,750,375,625,488,266,970,229,369,580,44,54,23,45,53,50,44,38,37,46,27,49,47,35,42,42,36,27,36,39,28,27,19,36,18,35,24,42,36,32,35,8
[ 423.664746] [AOA] Measurement: 0,1579900975.457131,04:d6:aa:ab:45:40,2,1,2,0,128,937,408,123,491,934,950,793,56,569,743,275,237,618,564,1004,986,627,358,758,447,501,1018,323,980,988,857,0,459,506,462,620,689,74,75,47,67,68,67,51,64,61,69,50,65,56,47,52,58,72,62,68,64,50,50,47,54,65,77,72,69,64,75,57,32
[ 423.696030] [AOA] Measurement: 0,1579900975.488419,04:d6:aa:ab:45:40,2,1,2,0,128,403,211,643,294,416,796,789,2,624,711,435,331,648,589,927,949,55,105,228,231,943,803,728,720,375,622,452,288,1015,262,32,146,74,79,47,67,68,66,54,65,61,70,51,66,59,49,53,59,71,62,68,64,49,50,47,55,62,75,68,69,62,70,56,30
[ 423.725761] [AOA] Measurement: 0,1579900975.518152,04:d6:aa:ab:45:40,2,1,2,0,128,442,249,553,257,425,766,753,32,654,737,942,535,205,750,598,203,601,334,831,447,495,1020,270,936,442,693,448,264,505,476,810,934,60,65,39,59,58,59,47,54,51,57,41,57,50,42,45,49,56,49,56,50,40,40,36,45,47,57,53,57,51,55,46,20
[ 423.755683] [AOA] Measurement: 0,1579900975.548070,04:d6:aa:ab:45:40,2,1,2,0,128,411,226,599,293,459,781,739,1022,599,710,362,285,224,783,547,215,572,312,750,418,533,18,222,920,454,688,474,285,522,473,604,734,72,77,47,68,67,67,53,65,58,68,48,65,56,48,52,57,71,62,69,64,49,51,47,54,66,76,71,70,63,72,58,31
[ 423.787787] [AOA] Measurement: 0,1579900975.580178,04:d6:aa:ab:45:40,2,1,2,0,128,402,200,638,282,942,997,731,2,544,687,309,241,618,508,55,32,24,134,759,391,938,810,817,777,426,681,998,459,497,409,945,30,64,74,37,64,67,67,55,56,52,63,41,64,62,45,53,56,55,48,57,54,40,40,32,49,40,58,45,55,50,53,48,16
[ 423.816414] [AOA] Measurement: 0,1579900975.608800,04:d6:aa:ab:45:40,2,1,2,0,128,416,230,605,257,402,752,731,992,506,659,257,175,588,499,1018,3,15,101,211,141,976,836,744,752,424,636,457,264,955,238,647,796,62,67,37,59,59,57,46,52,51,57,41,55,49,41,45,50,57,50,57,54,40,40,35,44,49,60,55,58,52,57,46,23
[ 423.842824] [AOA] Measurement: 0,1579900975.635211,04:d6:aa:ab:45:40,2,1,2,0,128,980,498,115,474,397,758,750,1005,559,680,373,289,178,746,551,195,526,288,810,471,569,32,242,960,1013,907,976,474,558,474,391,379,74,79,45,70,71,68,54,63,59,67,47,66,59,47,53,58,67,57,65,60,45,45,40,52,54,67,58,63,57,62,49,24
[ 423.875584] [AOA] Measurement: 0,1579900975.667973,04:d6:aa:ab:45:40,2,1,2,0,128,978,478,116,466,934,934,291,214,79,912,866,448,691,548,6,1002,36,116,258,241,934,816,774,793,403,679,413,214,959,239,162,341,69,79,41,67,68,67,53,58,54,66,44,62,60,45,52,56,56,49,58,54,40,41,32,50,40,56,46,56,50,50,46,15
[ 423.903580] [AOA] Measurement: 0,1579900975.695971,04:d6:aa:ab:45:40,2,1,2,0,128,353,186,636,310,1010,1004,322,289,3,839,901,467,262,790,603,236,650,366,802,425,534,65,266,928,977,858,62,522,557,494,747,764,60,67,38,57,58,58,47,52,50,56,40,54,50,39,46,50,55,48,54,50,39,39,34,43,46,56,50,53,50,55,43,20
[ 423.929255] [AOA] Measurement: 0,1579900975.721643,04:d6:aa:ab:45:40,2,1,2,0,128,421,224,579,278,443,816,763,32,73,880,890,470,188,742,983,1003,57,129,265,250,536,6,286,966,978,865,1003,471,992,268,983,93,72,77,47,67,69,67,53,63,60,68,50,65,58,48,52,59,69,61,68,60,50,51,47,54,65,77,71,71,65,73,56,31
[ 423.960626] [AOA] Measurement: 0,1579900975.753018,04:d6:aa:ab:45:40,2,1,2,0,128,962,420,573,231,1021,968,335,250,107,933,901,499,230,778,499,131,614,312,776,447,520,16,308,963,16,869,1008,482,490,424,737,682,74,77,48,68,68,67,54,64,64,70,51,66,59,49,54,58,70,61,69,63,49,51,47,52,69,77,73,71,66,74,59,34
[ 423.992077] [AOA] Measurement: 0,1579900975.784465,04:d6:aa:ab:45:40,2,1,2,0,128,974,470,151,508,982,973,343,245,84,904,915,490,202,782,519,153,603,332,792,507,510,28,293,993,13,904,949,461,523,445,726,751,69,79,44,69,69,68,55,58,57,66,45,63,62,47,52,57,59,51,62,60,42,42,37,48,48,63,57,61,55,58,49,18
[ 424.022473] [AOA] Measurement: 0,1579900975.814863,04:d6:aa:ab:45:40,2,1,2,0,128,380,222,576,274,385,774,789,22,539,687,380,308,201,764,572,184,588,324,758,407,483,0,229,912,22,899,1010,494,465,483,913,916,74,76,46,68,68,67,53,63,62,70,50,66,58,48,54,57,70,63,69,63,50,52,48,54,68,77,72,74,65,73,55,34
[ 424.049156] [AOA] Measurement: 0,1579900975.841547,04:d6:aa:ab:45:40,2,1,2,0,128,371,261,565,286,994,988,324,212,77,857,901,444,689,556,572,168,7,71,249,242,1008,836,277,957,3,890,29,512,580,508,128,107,72,79,47,70,71,67,56,64,60,68,50,66,58,48,55,59,66,61,68,61,48,47,43,52,57,70,62,65,58,68,50,26
[ 424.075418] [AOA] Measurement: 0,1579900975.867809,04:d6:aa:ab:45:40,2,1,2,0,128,445,207,589,290,450,825,773,40,121,931,941,488,194,724,1009,975,98,146,214,217,490,3,734,754,1021,851,420,274,932,225,710,784,70,77,43,69,69,66,54,60,55,65,44,63,59,45,52,55,62,50,60,58,44,43,36,51,48,63,52,60,53,55,47,16
[ 424.102972] [AOA] Measurement: 0,1579900975.895361,04:d6:aa:ab:45:40,2,1,2,0,128,323,217,508,227,395,779,876,58,552,704,302,234,675,509,988,1001,59,146,219,179,487,984,745,782,473,708,421,296,1017,286,8,98,76,77,47,68,67,68,55,65,61,69,49,64,58,48,53,57,70,62,68,63,50,49,48,54,68,78,71,71,63,72,57,33
[ 424.135701] [AOA] Measurement: 0,1579900975.928087,04:d6:aa:ab:45:40,2,1,2,0,128,428,276,163,553,985,972,356,258,107,939,827,445,191,746,513,197,592,316,735,417,514,7,289,998,1008,884,957,454,533,482,401,378,74,78,47,69,71,69,55,64,61,71,51,66,61,49,55,58,69,61,68,63,49,49,46,53,63,75,68,68,63,70,55,31
[ 424.169444] [AOA] Measurement: 0,1579900975.961831,04:d6:aa:ab:45:40,2,1,2,0,128,997,453,88,423,435,790,827,93,70,862,934,439,163,713,1000,1004,588,345,153,213,17,874,238,925,459,705,406,266,550,465,808,744,72,78,47,69,69,67,56,63,60,67,51,68,59,49,53,58,70,62,68,63,47,48,45,53,63,75,69,70,62,69,56,29
[ 424.203771] [AOA] Measurement: 0,1579900975.996159,04:d6:aa:ab:45:40,2,1,2,0,128,362,204,639,298,448,808,764,29,552,704,371,316,659,573,1015,1008,104,206,792,428,998,850,298,985,952,842,953,442,1004,291,866,885,74,79,47,68,70,69,55,65,63,68,50,65,61,50,55,58,70,62,68,64,49,49,47,55,62,73,66,68,62,70,53,28
[ 424.237425] [AOA] Measurement: 0,1579900976.029812,04:d6:aa:ab:45:40,2,1,2,0,128,873,342,612,311,954,960,804,23,591,728,883,422,157,751,527,189,588,304,835,477,460,995,300,976,955,836,986,459,523,464,270,344,72,73,48,63,64,67,54,63,62,69,49,65,56,48,53,57,71,60,70,62,51,50,48,55,66,75,72,69,62,71,54,33
[ 424.264155] [AOA] Measurement: 0,1579900976.056545,04:d6:aa:ab:45:40,2,1,2,0,128,368,218,491,188,510,818,752,28,563,687,347,296,624,535,997,1005,50,133,211,232,963,809,737,743,451,681,454,309,928,205,580,736,73,79,47,68,70,69,53,63,61,68,51,64,59,47,54,58,69,62,68,61,48,50,46,52,61,74,66,69,62,70,55,28
[ 424.295608] [AOA] Measurement: 0,1579900976.087995,04:d6:aa:ab:45:40,2,1,2,0,128,418,245,518,190,429,789,781,8,536,680,318,273,686,540,23,16,60,138,267,267,495,16,696,721,432,631,390,218,951,213,821,1000,73,82,46,71,69,68,55,62,60,69,48,66,60,46,52,57,66,59,66,62,45,47,43,51,59,72,63,64,62,69,55,27
[ 424.322891] [AOA] Measurement: 0,1579900976.115283,04:d6:aa:ab:45:40,2,1,2,0,128,914,403,98,476,449,824,767,12,131,891,930,488,231,739,563,177,576,337,797,496,533,43,292,985,941,841,930,408,941,233,585,793,70,78,46,68,68,66,55,61,58,68,46,64,61,46,51,58,60,50,58,57,41,42,36,49,45,61,51,56,51,54,47,16
[ 424.357246] [AOA] Measurement: 0,1579900976.149636,04:d6:aa:ab:45:40,2,1,2,0,128,444,251,662,310,977,1010,315,199,548,685,856,437,210,747,536,192,58,109,259,247,492,1022,264,976,951,843,989,470,531,467,715,778,73,77,47,67,70,67,54,65,61,69,51,66,59,49,54,57,69,60,67,63,49,50,43,52,60,74,68,68,61,70,54,29
[ 424.391812] [AOA] Measurement: 0,1579900976.184203,04:d6:aa:ab:45:40,2,1,2,0,128,399,246,78,438,417,789,809,30,546,709,347,264,656,537,530,183,44,130,177,211,518,9,280,934,952,849,968,430,490,433,360,493,72,78,45,68,70,68,54,62,61,68,49,67,60,48,52,56,64,58,64,62,43,46,41,53,56,69,62,65,59,63,53,24
[ 424.421175] [AOA] Measurement: 0,1579900976.213562,04:d6:aa:ab:45:40,2,1,2,0,128,388,257,169,503,953,991,315,253,45,846,336,243,222,802,540,201,86,193,782,403,514,53,236,924,4,894,978,468,1001,269,430,504,56,66,30,58,64,61,50,45,45,59,34,60,57,41,50,53,46,36,46,48,35,36,25,45,24,43,35,48,44,41,44,9
[ 424.454153] [AOA] Measurement: 0,1579900976.246542,04:d6:aa:ab:45:40,2,1,2,0,128,15,468,251,582,34,18,278,238,154,949,925,517,270,796,537,189,596,303,773,437,554,80,284,983,71,947,996,466,493,443,319,424,71,75,46,68,67,67,51,64,61,68,52,65,58,47,54,58,70,60,67,63,50,50,45,53,67,76,72,70,62,72,57,33
[ 424.487198] [AOA] Measurement: 0,1579900976.279585,04:d6:aa:ab:45:40,2,1,2,0,128,406,245,120,469,1003,979,271,191,607,723,331,247,660,535,995,997,616,302,737,417,965,825,775,770,485,689,401,266,522,470,224,366,72,79,47,69,69,70,55,65,61,68,49,67,59,48,55,59,69,61,69,64,48,50,44,54,62,75,67,68,62,69,56,29
[ 424.515152] [AOA] Measurement: 0,1579900976.307543,04:d6:aa:ab:45:40,2,1,2,0,128,421,265,113,469,980,973,280,212,125,906,892,483,220,766,537,184,588,309,736,419,523,10,236,941,992,881,417,217,944,245,606,635,73,77,47,69,70,66,54,64,61,68,50,65,60,48,53,57,70,61,68,63,50,51,48,55,66,76,72,71,64,75,57,35
[ 424.545528] [AOA] Measurement: 0,1579900976.337914,04:d6:aa:ab:45:40,2,1,2,0,128,394,251,597,284,425,797,715,12,558,657,339,277,643,546,9,1001,603,335,800,406,496,1000,246,927,1015,891,466,295,541,431,995,153,72,76,48,64,65,66,51,62,61,68,50,63,57,48,51,55,70,61,66,60,49,53,47,53,69,77,72,71,65,74,57,34
[ 424.574107] [AOA] Measurement: 0,1579900976.366498,04:d6:aa:ab:45:40,2,1,2,0,128,444,287,603,271,475,837,770,32,558,682,348,270,673,522,1005,989,67,129,230,233,967,810,743,741,10,865,931,438,548,443,522,653,73,80,48,69,70,69,53,65,62,70,51,68,59,50,53,57,70,62,68,63,51,51,48,54,65,76,73,73,64,73,56,33
[ 424.602776] [AOA] Measurement: 0,1579900976.395163,04:d6:aa:ab:45:40,2,1,2,0,128,980,459,104,458,987,1016,276,217,589,722,375,294,171,726,599,198,626,339,777,426,979,809,745,752,457,674,430,237,543,472,108,229,74,80,48,69,70,68,55,64,63,69,50,67,61,48,54,58,70,62,69,64,50,49,44,53,64,74,70,69,63,70,56,29
[ 424.638251] [AOA] Measurement: 0,1579900976.430642,04:d6:aa:ab:45:40,2,1,2,0,128,419,256,567,248,425,800,700,983,619,739,345,261,641,515,25,997,7,117,203,223,961,844,276,980,957,834,2,492,561,489,938,909,74,80,46,68,70,69,56,64,61,70,50,66,58,48,56,58,69,62,69,63,49,50,46,54,64,75,69,69,64,72,55,31
[ 424.665146] [AOA] Measurement: 0,1579900976.457537,04:d6:aa:ab:45:40,2,1,2,0,128,400,248,521,219,435,768,768,29,68,888,894,430,193,747,611,224,615,313,730,447,925,806,739,745,15,888,981,461,505,444,172,260,76,78,48,69,69,68,55,63,60,69,51,67,59,49,55,58,71,62,69,64,50,50,46,54,64,75,68,68,63,69,56,30
[ 424.695787] [AOA] Measurement: 0,1579900976.488176,04:d6:aa:ab:45:40,2,1,2,0,128,425,271,561,249,361,748,736,1014,569,665,317,268,651,556,1004,984,29,114,279,231,483,1011,247,975,959,860,429,274,931,200,387,595,74,73,46,67,67,67,51,64,61,68,50,67,58,47,53,57,69,61,69,62,51,50,47,52,66,76,71,70,63,73,55,30
[ 424.722811] [AOA] Measurement: 0,1579900976.515203,04:d6:aa:ab:45:40,2,1,2,0,128,396,278,531,191,433,794,743,47,662,789,926,495,221,830,526,206,29,153,194,115,959,807,710,703,506,728,444,286,1011,268,546,936,62,65,39,56,56,58,45,54,51,57,43,55,49,40,46,48,59,51,59,51,42,45,40,46,57,64,61,61,55,63,50,29
[ 424.750187] [AOA] Measurement: 0,1579900976.542577,04:d6:aa:ab:45:40,2,1,2,0,128,974,460,110,461,986,970,339,256,74,879,300,252,212,715,534,195,606,323,742,394,918,813,232,919,52,931,346,205,938,201,816,950,72,77,46,68,69,68,53,62,59,67,47,67,60,46,53,59,64,56,66,60,46,45,41,52,51,66,58,64,56,62,50,23
[ 424.777692] [AOA] Measurement: 0,1579900976.570083,04:d6:aa:ab:45:40,2,1,2,0,128,400,224,532,199,446,792,783,26,596,719,299,260,651,545,1020,1019,51,114,209,209,526,1008,725,698,478,701,414,221,986,270,540,800,73,78,45,69,68,67,56,61,56,67,48,68,58,48,53,56,66,54,63,60,45,46,39,51,52,66,60,62,57,62,50,23
[ 424.808286] [AOA] Measurement: 0,1579900976.600672,04:d6:aa:ab:45:40,2,1,2,0,128,393,183,609,291,349,748,750,1018,526,669,291,249,662,515,978,965,113,163,200,238,987,839,745,783,360,623,404,225,963,268,314,429,71,78,47,68,68,67,53,62,57,68,48,68,57,47,52,58,67,59,65,61,46,47,41,53,54,68,61,64,58,62,51,22
[ 424.840445] [AOA] Measurement: 0,1579900976.632836,04:d6:aa:ab:45:40,2,1,2,0,128,388,220,570,243,437,765,792,101,117,905,265,250,617,517,0,5,1016,115,271,191,502,29,725,747,961,830,431,242,961,235,563,874,73,78,46,69,68,68,54,66,62,70,50,65,57,48,51,57,68,61,67,63,51,51,48,55,69,78,73,70,66,76,58,35
[ 424.872607] [AOA] Measurement: 0,1579900976.664995,04:d6:aa:ab:45:40,2,1,2,0,128,934,432,49,464,11,1005,796,64,90,914,864,447,654,518,992,994,14,115,214,216,975,818,723,756,426,653,523,316,494,419,1008,928,73,79,47,67,70,66,56,63,59,67,48,65,60,48,55,58,67,59,66,62,47,47,43,52,57,71,64,68,60,66,55,24
[ 424.906235] [AOA] Measurement: 0,1579900976.698621,04:d6:aa:ab:45:40,2,1,2,0,128,331,147,630,281,416,752,786,35,462,625,354,280,622,521,991,994,60,155,709,416,940,834,732,717,457,695,387,235,987,234,872,52,68,78,41,66,68,67,55,58,55,66,45,65,61,46,53,56,56,50,59,55,42,42,35,49,42,60,48,61,53,56,48,18
[ 424.933089] [AOA] Measurement: 0,1579900976.725475,04:d6:aa:ab:45:40,2,1,2,0,128,902,423,119,480,955,941,745,4,588,727,378,273,167,692,1014,1000,32,120,275,245,956,815,736,748,403,694,468,299,932,245,249,397,71,77,43,68,67,67,54,60,58,65,48,66,62,47,54,58,64,56,65,61,45,47,40,52,52,65,58,64,57,63,52,22
[ 424.966700] [AOA] Measurement: 0,1579900976.759087,04:d6:aa:ab:45:40,2,1,2,0,128,358,215,585,239,442,786,783,15,539,670,386,300,627,529,14,2,50,127,191,205,985,832,248,931,953,831,395,222,972,237,406,590,62,64,39,57,57,57,46,54,52,58,42,55,50,40,44,48,60,53,59,54,42,43,40,46,58,65,60,61,52,61,46,29
[ 424.994507] [AOA] Measurement: 0,1579900976.786897,04:d6:aa:ab:45:40,2,1,2,0,128,360,193,568,279,389,778,766,23,521,674,321,261,643,540,34,14,592,291,781,445,424,960,260,945,962,851,379,197,1023,287,185,334,71,80,46,71,69,68,54,62,60,70,48,66,61,50,53,56,65,57,63,59,47,48,43,53,54,70,62,66,59,65,52,22
[ 425.023185] [AOA] Measurement: 0,1579900976.815573,04:d6:aa:ab:45:40,2,1,2,0,128,370,227,592,270,449,805,786,35,558,707,301,272,686,550,1012,980,69,121,235,218,1023,830,709,739,462,692,974,470,500,451,39,73,62,65,40,57,57,57,46,55,52,58,41,53,47,40,44,46,60,52,58,53,43,43,41,46,59,68,63,62,55,65,49,31
[ 425.059287] [AOA] Measurement: 0,1579900976.851673,04:d6:aa:ab:45:40,2,1,2,0,128,925,407,607,270,419,789,762,19,550,662,371,311,636,550,47,34,53,139,241,259,496,1003,722,765,447,686,444,302,18,292,495,628,72,79,47,70,68,69,54,64,60,69,49,67,60,49,52,58,67,60,66,61,48,49,45,53,61,72,65,68,60,68,55,28
[ 425.092757] [AOA] Measurement: 0,1579900976.885144,04:d6:aa:ab:45:40,2,1,2,0,128,359,206,652,307,948,974,754,1010,587,720,883,475,140,713,17,1,87,163,206,260,979,803,280,954,462,714,956,442,979,272,675,775,73,78,48,70,70,66,55,65,62,71,50,67,57,48,53,58,70,62,68,63,49,52,48,53,66,77,72,70,64,73,57,33
[ 425.124269] [AOA] Measurement: 0,1579900976.916660,04:d6:aa:ab:45:40,2,1,2,0,128,335,189,543,233,458,800,784,60,560,665,296,252,703,544,992,988,3,75,208,198,963,801,754,762,439,679,467,300,521,469,916,967,71,77,43,68,69,65,54,61,58,67,47,65,60,46,51,56,61,54,63,59,45,45,38,51,52,67,56,64,56,60,51,20
[ 425.153172] [AOA] Measurement: 0,1579900976.945559,04:d6:aa:ab:45:40,2,1,2,0,128,418,266,96,423,967,966,745,53,534,674,257,179,629,548,981,1019,103,151,236,213,952,819,275,935,4,884,1015,493,512,475,440,485,70,78,46,68,68,66,52,61,57,67,46,67,57,45,53,56,61,54,61,58,43,45,38,50,50,65,55,62,55,60,49,23
[ 425.185010] [AOA] Measurement: 0,1579900976.977401,04:d6:aa:ab:45:40,2,1,2,0,128,418,242,582,243,405,742,736,1016,531,679,333,232,683,555,984,998,26,111,274,255,533,16,232,904,405,651,397,220,20,285,203,353,69,76,43,66,68,65,51,58,53,63,44,65,59,45,51,54,56,47,57,55,40,39,33,49,38,57,45,56,48,47,45,13
[ 425.217782] [AOA] Measurement: 0,1579900977.010169,04:d6:aa:ab:45:40,2,1,2,0,128,447,231,138,489,966,982,385,270,69,889,865,469,130,681,998,1010,49,155,261,246,447,1002,287,980,895,822,402,258,957,231,282,396,74,77,47,69,69,67,54,64,62,70,50,67,60,50,54,58,71,61,67,63,49,49,47,54,63,75,66,67,63,71,56,27
[ 425.251615] [AOA] Measurement: 0,1579900977.044001,04:d6:aa:ab:45:40,2,1,2,0,128,415,204,607,279,493,823,808,43,564,726,346,280,194,778,4,998,13,159,201,212,563,59,291,947,987,856,994,480,497,434,665,633,74,76,48,69,65,66,53,65,59,68,49,65,56,47,52,56,68,60,68,62,48,51,46,52,65,76,71,69,62,71,55,31
[ 425.284896] [AOA] Measurement: 0,1579900977.077279,04:d6:aa:ab:45:40,2,1,2,0,128,354,182,595,278,404,779,726,15,602,728,368,260,620,516,994,1020,13,84,195,210,952,834,695,743,473,677,437,300,988,281,59,222,73,80,45,68,71,69,56,61,60,69,50,67,60,47,54,59,67,59,67,63,46,48,43,52,59,72,64,69,61,67,55,26
[ 425.319589] [AOA] Measurement: 0,1579900977.111975,04:d6:aa:ab:45:40,2,1,2,0,128,984,461,536,234,432,775,754,31,604,726,295,211,248,768,548,198,617,313,716,394,484,1019,250,928,18,896,995,468,494,432,716,745,69,72,46,66,68,67,54,65,60,69,51,67,56,49,53,57,70,61,67,63,51,50,47,54,67,77,72,70,64,72,57,32
[ 425.351737] [AOA] Measurement: 0,1579900977.144128,04:d6:aa:ab:45:40,2,1,2,0,128,435,241,495,204,408,778,749,1021,546,696,340,253,657,538,59,24,593,343,735,401,979,830,792,755,991,891,987,490,499,434,930,0,66,77,39,65,68,65,54,55,53,64,40,63,61,45,52,54,53,45,55,54,39,38,30,47,33,53,41,53,48,47,44,12
[ 425.378095] [AOA] Measurement: 0,1579900977.170487,04:d6:aa:ab:45:40,2,1,2,0,128,322,196,553,237,447,824,761,34,99,930,872,462,639,520,55,32,599,329,807,454,442,1013,281,956,1002,850,415,220,509,419,657,794,75,79,49,67,69,68,54,66,62,69,50,65,57,48,52,58,70,62,67,61,50,50,48,55,68,79,72,71,66,73,57,33
[ 425.404389] [AOA] Measurement: 0,1579900977.196780,04:d6:aa:ab:45:40,2,1,2,0,128,409,225,579,238,463,789,744,5,536,703,339,267,630,489,16,1007,70,152,223,234,11,857,661,730,433,688,960,462,525,456,19,38,73,78,47,68,67,68,53,65,61,70,49,66,59,49,54,57,70,62,68,63,50,51,47,53,68,78,72,69,65,77,58,34
[ 425.431164] [AOA] Measurement: 0,1579900977.223549,04:d6:aa:ab:45:40,2,1,2,0,128,375,222,627,293,459,823,825,59,110,923,878,422,176,741,12,31,594,320,863,505,538,34,294,994,981,860,1014,481,547,450,32,68,68,70,45,64,64,67,54,63,59,68,50,64,56,45,50,56,69,63,68,62,49,50,48,55,66,76,70,71,63,74,53,32
[ 425.460872] [AOA] Measurement: 0,1579900977.253261,04:d6:aa:ab:45:40,2,1,2,0,128,943,431,600,262,463,802,818,62,82,889,890,479,136,709,997,1018,55,151,788,424,515,24,265,955,385,643,445,284,953,219,533,662,71,78,45,69,71,68,55,62,60,67,48,66,59,47,53,56,64,55,65,61,43,45,41,54,53,67,58,62,56,59,51,18
[ 425.492452] [AOA] Measurement: 0,1579900977.284843,04:d6:aa:ab:45:40,2,1,2,0,128,338,159,614,277,420,772,304,229,593,750,341,263,631,494,965,990,1,125,210,207,911,768,715,743,423,641,470,279,40,301,735,817,72,80,46,68,70,68,55,62,60,67,49,65,58,47,54,55,65,57,65,60,46,47,41,52,53,68,62,65,58,62,50,22
[ 425.524332] [AOA] Measurement: 0,1579900977.316718,04:d6:aa:ab:45:40,2,1,2,0,128,444,274,114,452,394,772,752,1023,512,681,399,316,657,571,579,200,88,144,783,420,509,1003,295,970,1022,902,1015,498,544,501,872,920,74,79,46,67,70,67,51,62,60,68,48,65,57,48,53,55,65,58,68,62,47,49,43,53,59,69,66,69,60,68,53,26
[ 425.551963] [AOA] Measurement: 0,1579900977.344350,04:d6:aa:ab:45:40,2,1,2,0,128,366,156,584,254,389,765,741,1009,530,627,332,250,672,539,24,1003,67,146,168,188,938,825,719,719,485,716,398,237,33,322,722,871,75,79,49,68,69,69,55,64,62,69,50,68,58,48,55,58,71,60,67,62,50,51,45,53,63,74,69,70,62,72,55,29
[ 425.582555] [AOA] Measurement: 0,1579900977.374945,04:d6:aa:ab:45:40,2,1,2,0,128,406,230,112,492,408,780,818,58,104,896,900,441,600,495,1003,991,1020,62,173,170,987,852,773,770,422,677,423,249,995,254,974,81,71,79,43,67,70,69,53,62,58,67,48,67,62,47,53,59,66,56,64,59,45,45,40,52,51,64,57,62,57,62,51,21
[ 425.614816] [AOA] Measurement: 0,1579900977.407204,04:d6:aa:ab:45:40,2,1,2,0,128,348,166,551,259,443,767,732,1013,577,710,326,214,662,521,937,928,40,121,210,223,957,794,693,708,394,641,473,289,967,236,527,730,63,67,39,59,59,57,48,53,52,59,43,56,52,42,46,50,58,51,57,53,41,42,37,46,53,60,55,57,53,60,46,23
[ 425.649092] [AOA] Measurement: 0,1579900977.441478,04:d6:aa:ab:45:40,2,1,2,0,128,363,155,592,242,21,997,268,209,63,855,883,451,207,734,1017,993,43,149,184,224,517,4,309,993,1004,886,958,450,465,412,721,818,72,74,48,66,68,69,54,65,60,68,52,65,59,49,52,56,70,60,69,62,49,49,47,54,68,79,72,71,65,73,54,31
[ 425.676029] [AOA] Measurement: 0,1579900977.468419,04:d6:aa:ab:45:40,2,1,2,0,128,1005,510,178,506,1013,7,338,272,105,900,883,491,144,717,24,6,15,107,238,198,928,815,773,760,1010,855,1009,489,958,229,383,475,69,79,44,66,69,67,54,60,57,65,46,64,60,47,52,57,60,53,60,58,42,41,35,48,46,61,52,59,51,54,45,17
[ 425.703977] [AOA] Measurement: 0,1579900977.496364,04:d6:aa:ab:45:40,2,1,2,0,128,352,225,622,247,432,792,786,15,82,920,893,455,212,754,529,150,582,330,232,207,1001,833,241,923,471,759,411,247,956,256,78,249,73,78,48,69,71,70,54,65,60,68,50,67,60,49,53,58,68,59,67,61,46,47,43,53,58,71,63,68,59,67,54,26
[ 425.737820] [AOA] Measurement: 0,1579900977.530210,04:d6:aa:ab:45:40,2,1,2,0,128,861,368,627,274,408,768,750,1022,536,667,363,296,685,546,33,44,71,125,216,212,26,881,225,947,477,683,481,297,503,462,560,553,58,64,38,56,53,55,43,51,51,55,42,55,48,40,44,48,60,53,58,54,41,41,38,46,54,64,58,57,53,60,46,24
[ 425.766123] [AOA] Measurement: 0,1579900977.558509,04:d6:aa:ab:45:40,2,1,2,0,128,950,451,66,438,960,985,381,233,596,759,877,462,137,720,1017,977,28,122,173,212,974,806,742,769,438,664,506,318,522,432,859,886,74,80,47,68,70,69,55,64,61,70,50,65,59,48,52,58,70,62,69,63,50,50,47,54,65,75,70,70,64,72,54,31
[ 425.800170] [AOA] Measurement: 0,1579900977.592560,04:d6:aa:ab:45:40,2,1,2,0,128,397,246,104,420,448,773,851,64,87,867,299,246,669,512,981,1018,89,179,204,209,545,21,300,948,1018,900,1012,467,479,444,819,966,73,79,46,69,70,68,54,63,60,66,51,66,59,49,52,57,67,60,68,63,48,49,46,56,61,74,67,69,62,71,55,29
[ 425.826622] [AOA] Measurement: 0,1579900977.619012,04:d6:aa:ab:45:40,2,1,2,0,128,966,432,546,211,429,794,699,1020,584,700,299,217,670,543,1008,1019,646,352,793,438,938,807,760,780,989,844,12,507,941,204,134,241,59,61,40,53,55,55,44,53,51,55,42,52,44,39,43,47,59,52,57,51,43,43,41,45,59,66,63,61,56,63,48,30
[ 425.857155] [AOA] Measurement: 0,1579900977.649541,04:d6:aa:ab:45:40,2,1,2,0,128,387,186,579,260,406,769,793,30,553,682,312,257,708,563,1010,1002,1014,142,774,386,492,1022,268,940,996,887,475,328,518,447,444,625,60,67,38,58,59,58,47,52,49,58,41,57,49,39,43,47,54,46,53,50,38,38,33,44,46,58,50,53,47,53,43,17
[ 425.884657] [AOA] Measurement: 0,1579900977.677047,04:d6:aa:ab:45:40,2,1,2,0,128,374,205,565,238,428,818,799,1021,550,662,345,270,605,508,1008,1005,590,318,745,414,955,790,739,774,431,660,432,274,960,248,549,743,71,72,46,63,68,67,52,64,61,67,50,64,56,48,50,56,71,62,69,62,49,49,48,56,70,78,73,72,66,75,56,35
[ 425.913489] [AOA] Measurement: 0,1579900977.705875,04:d6:aa:ab:45:40,2,1,2,0,128,395,235,595,252,437,795,757,19,507,632,340,250,652,536,12,13,26,126,186,189,941,804,680,703,411,645,399,219,1020,271,292,463,75,78,47,67,70,70,55,65,62,69,48,66,58,48,54,58,65,56,64,60,43,44,39,51,53,66,56,64,56,61,53,23
[ 425.942830] [AOA] Measurement: 0,1579900977.735220,04:d6:aa:ab:45:40,2,1,2,0,128,373,195,585,260,417,791,724,1023,534,649,324,242,659,533,2,999,1006,120,194,210,951,830,664,705,470,678,404,232,1016,283,211,422,70,71,46,64,65,63,52,64,59,64,49,63,54,47,51,56,70,61,67,63,50,52,48,52,67,76,73,71,65,75,58,34
[ 425.977409] [AOA] Measurement: 0,1579900977.769794,04:d6:aa:ab:45:40,2,1,2,0,128,335,213,564,231,382,804,782,50,517,652,298,252,657,515,972,985,37,98,233,235,976,855,293,926,43,893,4,495,545,465,337,264,74,77,46,69,70,68,54,66,60,69,50,68,60,48,53,58,68,60,67,63,50,47,45,55,62,75,68,71,63,69,52,27
[ 426.011707] [AOA] Measurement: 0,1579900977.804098,04:d6:aa:ab:45:40,2,1,2,0,128,300,169,535,209,455,780,799,49,605,724,347,275,223,779,1008,15,46,169,175,125,915,799,782,785,456,679,458,291,991,236,343,489,70,76,43,68,69,66,54,59,57,65,45,65,59,47,53,58,61,53,61,58,42,40,35,50,44,60,53,60,51,52,48,18
[ 426.038435] [AOA] Measurement: 0,1579900977.830824,04:d6:aa:ab:45:40,2,1,2,0,128,340,184,526,184,398,736,757,1011,581,696,347,262,670,593,1020,1007,55,145,177,176,984,831,717,749,405,682,445,255,1012,272,351,506,75,77,47,68,70,69,55,63,61,70,50,63,59,47,54,59,70,62,68,63,49,50,46,54,61,74,71,67,63,69,54,29
[ 426.069087] [AOA] Measurement: 0,1579900977.861473,04:d6:aa:ab:45:40,2,1,2,0,128,994,535,34,397,993,946,315,294,135,954,909,484,718,639,998,16,64,253,807,330,496,1021,236,956,983,953,11,500,590,553,56,352,74,78,47,69,68,66,52,63,59,67,49,66,57,47,52,59,68,60,67,62,49,47,45,53,62,74,66,69,63,68,55,28
[ 426.096278] [AOA] Measurement: 0,1579900977.888668,04:d6:aa:ab:45:40,2,1,2,0,128,943,419,124,496,982,948,829,39,588,685,356,273,655,556,38,1019,633,354,790,458,517,1012,770,794,998,869,1023,490,541,474,532,515,67,77,42,68,69,66,53,59,57,67,45,66,62,47,52,56,62,54,64,58,43,44,37,50,47,62,54,62,55,58,48,19
[ 426.125028] [AOA] Measurement: 0,1579900977.917413,04:d6:aa:ab:45:40,2,1,2,0,128,374,190,613,262,408,760,724,1013,577,704,359,282,668,522,924,953,83,144,233,226,21,862,270,983,968,871,370,223,495,439,530,633,61,66,37,59,59,59,46,51,51,57,41,56,51,42,47,49,57,50,56,53,39,41,37,45,51,62,56,58,51,57,45,23
[ 426.171179] [AOA] Measurement: 0,1579900977.963565,04:d6:aa:ab:45:40,2,1,2,0,128,407,259,571,244,426,797,760,1020,552,695,397,302,252,753,511,151,13,115,211,242,498,1022,271,950,410,681,384,259,976,271,377,535,75,77,48,67,68,66,53,64,61,68,52,65,57,49,53,57,73,62,69,63,51,51,49,55,68,79,75,71,68,76,58,34
[ 426.204914] [AOA] Measurement: 0,1579900977.997304,04:d6:aa:ab:45:40,2,1,2,0,128,339,179,576,264,380,769,812,21,537,710,331,245,614,498,53,15,75,150,246,234,947,826,637,690,387,641,453,249,984,269,29,224,73,75,48,67,66,67,54,66,62,68,51,66,57,50,53,56,70,62,66,62,50,53,50,54,68,76,72,72,66,75,58,35
[ 426.234915] [AOA] Measurement: 0,1579900978.027302,04:d6:aa:ab:45:40,2,1,2,0,128,947,411,111,463,18,1008,291,258,117,935,906,460,214,783,574,203,596,336,727,417,455,974,729,758,966,857,449,317,471,430,538,586,71,80,44,70,72,68,54,62,58,67,48,67,61,48,53,58,64,56,66,60,46,46,42,52,59,70,64,67,60,67,53,25
[ 426.270278] [AOA] Measurement: 0,1579900978.062664,04:d6:aa:ab:45:40,2,1,2,0,128,397,237,598,259,401,764,815,70,100,887,317,233,681,538,991,995,41,93,207,206,962,794,294,973,440,676,448,280,988,296,796,966,70,79,44,69,68,66,54,64,57,68,47,65,60,48,54,57,66,58,66,61,45,46,42,51,53,67,59,65,56,63,52,24
[ 426.305403] [AOA] Measurement: 0,1579900978.097793,04:d6:aa:ab:45:40,2,1,2,0,128,376,250,562,256,989,958,799,66,597,729,357,302,713,597,41,58,597,369,774,338,497,1002,652,735,472,719,451,250,45,322,119,383,70,72,46,64,65,64,51,63,61,67,49,61,56,46,51,55,72,63,69,61,51,51,50,55,69,78,75,72,66,78,58,36
[ 426.334587] [AOA] Measurement: 0,1579900978.126973,04:d6:aa:ab:45:40,2,1,2,0,128,390,233,608,289,403,766,851,22,588,711,291,243,672,537,1011,970,125,173,744,418,979,807,745,754,436,711,369,228,539,463,539,692,48,60,24,50,57,57,49,41,37,51,27,57,56,39,46,49,40,26,38,45,31,31,19,42,16,34,20,45,38,29,41,9
[ 426.369420] [AOA] Measurement: 0,1579900978.161810,04:d6:aa:ab:45:40,2,1,2,0,128,461,237,541,223,468,796,806,28,586,739,895,453,201,740,569,217,585,342,667,369,534,18,236,944,10,904,958,443,520,480,616,635,74,79,46,67,69,69,53,65,60,67,50,65,57,47,51,55,70,62,69,63,51,51,48,55,67,77,72,72,63,74,57,35
[ 426.396519] [AOA] Measurement: 0,1579900978.188908,04:d6:aa:ab:45:40,2,1,2,0,128,430,295,65,415,1014,979,785,118,179,964,896,537,242,810,555,247,598,412,801,338,423,997,221,890,457,765,1014,454,620,537,664,936,71,77,47,68,70,68,54,64,58,68,48,64,58,46,53,57,67,59,67,61,46,47,42,53,56,69,63,67,58,65,51,25
[ 426.428141] [AOA] Measurement: 0,1579900978.220526,04:d6:aa:ab:45:40,2,1,2,0,128,410,224,577,238,381,803,735,32,615,742,359,307,670,562,35,30,610,344,780,420,489,1007,279,992,945,828,470,262,560,498,950,998,72,78,47,70,71,67,54,64,60,68,47,64,60,49,54,56,64,57,64,60,48,47,43,52,57,68,63,66,58,65,53,25
[ 426.463057] [AOA] Measurement: 0,1579900978.255443,04:d6:aa:ab:45:40,2,1,2,0,128,960,446,138,463,942,970,299,255,9,866,910,475,198,712,1012,995,618,321,785,419,492,9,269,992,993,902,952,426,477,422,503,551,71,78,48,68,68,67,55,65,60,69,51,68,59,50,53,58,69,62,69,62,50,51,46,53,66,76,69,69,64,71,57,31
[ 426.497674] [AOA] Measurement: 0,1579900978.290060,04:d6:aa:ab:45:40,2,1,2,0,128,418,214,602,291,398,754,735,993,516,645,299,241,677,554,5,5,16,72,225,253,938,795,754,770,426,677,465,316,549,469,301,323,62,64,41,55,57,56,46,54,52,58,42,57,50,40,46,48,59,51,59,52,42,42,39,46,55,65,60,59,53,61,47,26
[ 426.542191] [AOA] Measurement: 0,1579900978.334581,04:d6:aa:ab:45:40,2,1,2,0,128,392,193,636,289,418,774,752,4,575,718,366,290,638,548,26,10,61,195,202,231,488,1015,278,949,1007,858,981,463,501,398,430,484,73,81,46,70,69,70,54,65,59,68,50,67,59,48,54,57,67,59,68,63,47,47,43,53,60,73,66,67,59,67,54,25
[ 426.569440] [AOA] Measurement: 0,1579900978.361831,04:d6:aa:ab:45:40,2,1,2,0,128,927,397,538,234,459,782,779,39,115,915,932,473,191,739,19,19,667,367,785,504,476,1016,240,930,6,888,992,486,458,416,158,343,73,81,48,69,70,70,55,64,62,71,50,66,60,48,54,58,70,60,67,62,49,49,46,55,65,77,70,71,64,72,57,31
[ 426.610981] [AOA] Measurement: 0,1579900978.403373,04:d6:aa:ab:45:40,2,1,2,0,128,372,223,142,448,930,946,803,61,523,670,340,303,629,506,57,18,594,293,217,229,940,821,755,766,513,688,484,294,999,287,882,1005,72,80,46,67,69,67,54,62,60,69,49,66,58,49,52,57,65,57,64,61,47,47,42,54,56,70,64,67,59,66,52,25
[ 426.643761] [AOA] Measurement: 0,1579900978.436153,04:d6:aa:ab:45:40,2,1,2,0,128,436,265,133,483,465,816,290,227,540,705,282,234,565,482,957,991,63,173,815,454,539,8,145,866,530,728,1018,461,513,465,940,35,74,80,47,70,71,68,55,64,61,70,49,68,58,48,54,58,67,61,67,62,48,49,43,53,60,72,65,65,62,68,53,28
[ 426.674468] [AOA] Measurement: 0,1579900978.466853,04:d6:aa:ab:45:40,2,1,2,0,128,950,404,560,253,996,9,736,8,518,674,362,293,234,754,1010,8,564,340,769,419,503,18,241,901,988,839,387,247,480,451,54,211,74,77,47,70,70,67,55,65,62,70,51,67,58,47,54,58,69,61,67,62,48,48,45,54,63,74,67,69,63,72,54,29
[ 426.707523] [AOA] Measurement: 0,1579900978.499914,04:d6:aa:ab:45:40,2,1,2,0,128,372,165,625,279,405,793,769,26,509,669,336,324,645,531,1001,993,51,126,236,225,1005,877,745,744,379,641,476,318,489,470,761,755,73,78,47,68,68,70,54,65,61,69,51,67,61,48,53,58,69,61,67,62,48,50,44,54,63,74,68,71,63,70,56,29
[ 426.739330] [AOA] Measurement: 0,1579900978.531717,04:d6:aa:ab:45:40,2,1,2,0,128,372,219,171,470,480,820,744,15,621,737,297,277,665,568,546,196,1010,95,271,238,984,846,727,737,427,673,1004,443,505,482,157,251,69,73,47,67,66,67,51,64,60,67,51,64,56,48,53,57,72,63,68,62,50,51,47,53,64,75,69,70,64,72,54,31
[ 426.766960] [AOA] Measurement: 0,1579900978.559350,04:d6:aa:ab:45:40,2,1,2,0,128,352,182,644,320,391,787,788,45,549,699,346,255,657,540,979,986,34,132,222,215,548,61,734,738,478,723,460,287,1007,262,113,273,70,73,47,66,67,66,54,63,60,66,49,65,57,47,52,55,69,62,68,61,50,50,45,52,64,75,69,69,61,71,54,31
[ 426.797437] [AOA] Measurement: 0,1579900978.589824,04:d6:aa:ab:45:40,2,1,2,0,128,417,219,512,145,467,786,767,21,541,671,303,261,651,568,977,953,110,196,220,248,512,27,247,956,1002,877,457,304,508,460,454,503,71,78,47,66,68,69,55,65,62,70,50,67,58,48,52,56,68,61,66,61,48,49,45,53,60,72,66,66,59,67,54,28
[ 426.832908] [AOA] Measurement: 0,1579900978.625295,04:d6:aa:ab:45:40,2,1,2,0,128,427,250,641,301,957,943,776,11,517,662,349,287,191,694,49,21,562,295,154,186,992,827,702,731,460,658,391,234,981,236,558,684,73,79,46,68,69,67,54,62,60,69,48,65,59,48,55,59,66,60,68,62,46,47,44,51,58,70,66,68,60,66,52,25
[ 426.868185] [AOA] Measurement: 0,1579900978.660574,04:d6:aa:ab:45:40,2,1,2,0,128,337,182,533,183,346,719,763,16,529,656,268,224,696,544,50,6,14,84,190,216,1007,828,686,754,431,656,406,226,946,223,8,152,62,64,40,57,58,57,47,55,52,59,41,57,48,41,46,48,59,50,57,52,41,42,39,45,53,63,59,60,53,61,47,27
[ 426.895367] [AOA] Measurement: 0,1579900978.687758,04:d6:aa:ab:45:40,2,1,2,0,128,417,239,589,274,368,735,795,14,644,741,357,294,173,717,595,214,587,328,707,386,559,46,322,963,1007,898,980,485,534,456,113,157,58,58,39,53,54,55,43,54,51,58,42,53,46,40,43,46,61,50,56,52,43,44,41,46,60,66,63,61,56,65,50,31
[ 426.927257] [AOA] Measurement: 0,1579900978.719645,04:d6:aa:ab:45:40,2,1,2,0,128,359,194,518,221,387,756,727,1003,562,701,358,262,611,494,13,1010,57,114,185,207,985,830,697,749,451,734,431,263,1021,305,487,571,73,77,46,70,70,68,54,65,61,71,51,65,58,46,53,54,66,60,68,63,48,49,46,54,59,71,64,66,61,68,55,28
[ 426.958028] [AOA] Measurement: 0,1579900978.750418,04:d6:aa:ab:45:40,2,1,2,0,128,388,210,620,252,449,782,786,29,534,693,311,210,691,562,54,32,576,292,222,202,922,786,757,783,408,661,394,225,971,282,893,44,72,75,46,68,68,66,53,64,61,69,49,64,56,48,52,58,72,63,70,64,50,51,48,53,68,78,72,71,67,75,59,35
[ 426.989104] [AOA] Measurement: 0,1579900978.781491,04:d6:aa:ab:45:40,2,1,2,0,128,1021,462,116,471,911,970,320,199,129,928,893,460,193,745,482,168,596,314,785,481,419,978,262,937,1010,854,985,466,509,444,948,998,73,77,45,70,69,69,54,63,58,69,48,64,60,47,53,58,65,57,66,61,46,46,42,52,54,68,62,66,57,62,50,22
[ 427.018077] [AOA] Measurement: 0,1579900978.810462,04:d6:aa:ab:45:40,2,1,2,0,128,374,173,562,248,444,812,808,70,89,884,363,275,656,558,995,8,7,105,173,200,902,800,716,764,404,653,482,274,928,226,652,857,73,79,47,70,70,67,53,64,60,70,48,66,59,48,53,58,70,61,67,64,49,50,45,54,62,76,68,69,62,71,53,31
[ 427.053172] [AOA] Measurement: 0,1579900978.845558,04:d6:aa:ab:45:40,2,1,2,0,128,369,223,169,515,987,1001,294,224,97,901,862,448,191,760,556,176,621,278,256,263,504,989,297,985,950,820,437,250,558,467,295,335,70,77,46,67,70,67,55,60,59,68,46,64,61,47,55,57,64,56,63,59,45,46,41,53,53,66,58,64,57,61,48,22
[ 427.082140] [AOA] Measurement: 0,1579900978.874526,04:d6:aa:ab:45:40,2,1,2,0,128,343,194,585,234,460,814,824,36,86,909,883,456,107,702,23,1022,662,364,235,209,914,812,796,777,420,667,414,215,981,250,978,59,73,77,47,68,69,68,54,60,59,67,49,66,61,47,53,58,66,56,64,58,46,47,42,52,56,70,62,67,58,63,53,25
[ 427.112914] [AOA] Measurement: 0,1579900978.905304,04:d6:aa:ab:45:40,2,1,2,0,128,458,279,146,482,998,1016,334,254,99,900,924,508,163,728,990,964,96,124,171,202,972,859,786,774,980,872,430,258,517,472,583,670,73,78,44,67,70,66,54,61,58,67,47,67,60,47,53,57,64,57,64,60,45,45,39,52,53,67,57,61,56,61,50,21
[ 427.148457] [AOA] Measurement: 0,1579900978.940844,04:d6:aa:ab:45:40,2,1,2,0,128,387,202,628,274,1018,1003,332,243,54,861,934,487,156,699,596,218,596,325,765,440,517,999,742,751,386,647,405,212,982,251,830,945,69,73,46,67,69,69,54,63,59,68,50,66,58,48,53,56,68,60,67,62,49,49,44,53,62,73,67,67,62,68,53,28
[ 427.184539] [AOA] Measurement: 0,1579900978.976923,04:d6:aa:ab:45:40,2,1,2,0,128,356,163,591,281,996,971,372,274,527,693,330,281,678,547,994,976,603,292,747,469,457,991,293,953,1010,880,987,490,509,466,394,464,73,73,46,65,66,66,54,65,61,67,50,65,56,48,53,57,70,62,66,61,50,50,45,53,63,75,68,69,63,70,54,29
[ 427.220718] [AOA] Measurement: 0,1579900979.013107,04:d6:aa:ab:45:40,2,1,2,0,128,434,261,94,466,971,965,800,12,535,656,344,302,721,570,1009,40,539,251,253,246,945,811,739,774,497,678,414,247,1018,253,188,332,75,77,47,69,69,66,56,64,61,70,51,67,58,48,52,56,69,61,66,63,47,48,42,53,62,72,69,70,62,70,55,29
[ 427.248629] [AOA] Measurement: 0,1579900979.041020,04:d6:aa:ab:45:40,2,1,2,0,128,927,434,129,483,973,975,805,37,124,935,920,476,248,817,580,210,627,342,794,458,469,15,297,970,1009,888,978,426,485,440,174,279,73,77,48,67,67,66,52,64,59,68,50,67,58,49,51,56,68,59,66,63,49,49,45,53,64,74,69,69,62,71,56,30
[ 427.281695] [AOA] Measurement: 0,1579900979.074086,04:d6:aa:ab:45:40,2,1,2,0,128,369,209,590,238,395,767,814,53,544,730,341,248,658,553,995,984,20,113,242,259,974,855,679,696,397,655,493,286,955,279,220,294,71,79,45,67,70,67,55,62,59,67,48,68,59,47,52,59,63,55,65,60,44,46,42,52,53,65,58,63,56,57,50,21
[ 427.312007] [AOA] Measurement: 0,1579900979.104392,04:d6:aa:ab:45:40,2,1,2,0,128,383,204,591,284,464,828,774,75,82,879,367,288,213,768,2,6,667,381,742,406,530,9,723,747,458,654,415,264,9,308,104,128,71,77,46,69,68,69,54,65,61,68,50,66,57,48,53,57,66,58,66,62,46,46,43,51,57,68,61,64,59,65,52,25
[ 427.341036] [AOA] Measurement: 0,1579900979.133426,04:d6:aa:ab:45:40,2,1,2,0,128,384,189,607,251,443,798,308,211,70,880,334,282,613,537,1019,1002,19,88,199,227,990,817,345,1002,983,892,935,408,461,428,68,204,61,65,38,57,58,58,46,53,50,58,40,55,51,41,45,51,58,51,56,51,40,42,37,45,51,61,55,56,51,57,44,21
[ 427.374241] [AOA] Measurement: 0,1579900979.166633,04:d6:aa:ab:45:40,2,1,2,0,128,377,232,503,200,462,807,782,58,554,726,316,254,585,523,40,23,22,122,208,208,917,779,709,729,392,621,445,242,943,189,458,640,68,77,43,67,66,66,53,58,54,65,45,67,60,47,51,56,59,52,60,56,42,42,36,51,45,62,53,59,53,58,49,19
[ 427.407649] [AOA] Measurement: 0,1579900979.200039,04:d6:aa:ab:45:40,2,1,2,0,128,928,425,120,466,385,802,785,1019,50,859,882,445,123,722,477,157,112,155,176,205,946,831,711,720,471,705,468,260,1020,259,829,864,74,80,46,69,69,68,53,63,58,66,48,69,59,48,54,57,64,55,66,61,45,44,38,51,52,65,57,59,58,60,52,20
[ 427.438673] [AOA] Measurement: 0,1579900979.231061,04:d6:aa:ab:45:40,2,1,2,0,128,416,215,658,356,969,983,357,246,79,903,913,485,140,699,1004,1001,54,126,242,252,1014,825,233,916,455,636,424,265,514,454,108,105,70,78,44,66,70,67,53,62,59,67,48,66,57,45,51,55,63,53,63,59,44,44,38,50,49,62,54,61,55,58,48,19
[ 427.473700] [AOA] Measurement: 0,1579900979.266090,04:d6:aa:ab:45:40,2,1,2,0,128,395,200,546,208,397,785,803,52,535,694,386,272,175,730,568,190,619,350,770,409,528,1023,744,761,977,879,462,279,981,291,227,313,75,76,47,67,70,69,55,65,62,68,50,67,58,48,54,57,74,62,67,62,52,52,47,54,70,79,73,72,65,74,57,36
[ 427.506102] [AOA] Measurement: 0,1579900979.298489,04:d6:aa:ab:45:40,2,1,2,0,128,384,191,577,299,419,810,767,35,588,694,304,236,663,583,966,967,54,142,176,213,979,833,745,731,479,669,988,467,513,459,612,670,71,75,47,66,68,66,54,64,61,66,49,65,56,47,54,55,70,60,66,60,48,50,47,54,65,74,69,69,61,71,55,32
[ 427.542442] [AOA] Measurement: 0,1579900979.334827,04:d6:aa:ab:45:40,2,1,2,0,128,382,229,113,455,446,781,796,46,72,879,393,289,643,550,30,30,88,181,741,395,562,59,308,979,961,850,420,265,996,281,85,229,74,78,47,68,68,68,55,65,60,69,51,65,59,47,52,59,72,61,69,63,49,50,46,53,63,77,69,69,61,70,55,29
[ 427.577072] [AOA] Measurement: 0,1579900979.369463,04:d6:aa:ab:45:40,2,1,2,0,128,362,252,552,250,432,816,738,1020,493,630,351,279,718,576,30,16,621,368,806,462,553,18,273,929,959,848,429,275,504,431,263,318,67,69,45,60,62,62,50,61,58,64,49,61,52,47,52,54,69,61,65,60,53,51,48,53,71,78,76,72,66,77,58,37
[ 427.609076] [AOA] Measurement: 0,1579900979.401463,04:d6:aa:ab:45:40,2,1,2,0,128,406,242,580,255,945,955,788,18,541,661,351,290,705,575,1018,998,70,131,213,241,958,848,715,703,458,681,462,262,960,236,54,204,71,74,47,67,67,66,52,63,60,67,48,63,58,47,52,56,67,59,65,61,46,48,46,55,59,73,66,67,61,67,52,27
[ 427.638048] [AOA] Measurement: 0,1579900979.430432,04:d6:aa:ab:45:40,2,1,2,0,128,432,247,648,324,38,4,821,34,102,900,337,234,697,529,22,991,55,126,255,240,515,1004,243,926,485,671,449,265,1003,256,309,527,73,79,46,70,68,67,53,62,57,68,48,66,59,48,52,56,64,56,65,60,43,46,42,53,54,66,59,64,56,62,50,21
[ 427.675344] [AOA] Measurement: 0,1579900979.467731,04:d6:aa:ab:45:40,2,1,2,0,128,908,426,135,474,993,989,312,230,113,920,894,471,211,779,10,1002,112,143,743,426,422,1003,279,966,998,848,950,450,507,438,63,107,71,79,45,68,68,67,53,63,59,67,48,66,57,48,52,56,65,55,65,59,45,45,41,52,54,66,59,61,57,62,51,22
[ 427.706395] [AOA] Measurement: 0,1579900979.498781,04:d6:aa:ab:45:40,2,1,2,0,128,403,217,590,242,378,802,736,1013,541,671,328,241,690,607,1006,999,19,82,174,182,971,804,693,747,970,865,997,469,540,468,980,16,74,81,46,70,70,70,52,64,61,68,51,66,60,49,54,59,70,61,69,65,48,49,47,55,62,73,67,67,62,70,53,29
[ 427.736322] [AOA] Measurement: 0,1579900979.528712,04:d6:aa:ab:45:40,2,1,2,0,128,399,224,592,253,469,796,338,241,557,678,351,289,702,547,530,172,71,137,169,196,533,12,268,946,950,828,426,267,541,461,795,856,69,78,46,69,68,67,53,63,59,68,48,66,56,48,52,57,67,56,65,61,47,48,43,53,57,69,62,66,58,64,51,26
[ 427.768151] [AOA] Measurement: 0,1579900979.560537,04:d6:aa:ab:45:40,2,1,2,0,128,350,162,571,273,447,807,780,23,520,675,340,289,181,737,1014,1003,95,161,182,214,483,1008,276,984,967,846,445,247,975,247,768,919,70,77,45,66,70,66,54,63,60,69,50,65,59,48,53,58,68,60,67,62,49,49,43,54,59,72,64,65,61,67,52,28
[ 427.803650] [AOA] Measurement: 0,1579900979.596041,04:d6:aa:ab:45:40,2,1,2,0,128,358,213,518,252,426,779,849,60,534,687,348,267,676,557,970,982,92,163,712,394,943,822,772,788,485,658,445,249,1017,295,851,943,73,77,47,67,69,68,55,65,60,69,50,65,57,48,51,56,66,59,64,60,45,47,43,53,55,67,60,66,58,64,53,24
[ 427.831727] [AOA] Measurement: 0,1579900979.624117,04:d6:aa:ab:45:40,2,1,2,0,128,966,478,23,412,437,807,711,1003,549,700,366,269,202,732,1016,1013,639,350,773,441,473,1023,264,930,1009,873,953,457,534,448,535,679,73,79,47,68,69,67,56,64,61,70,50,67,61,48,55,58,68,61,67,62,46,46,42,51,57,69,65,67,60,66,52,26
[ 427.860584] [AOA] Measurement: 0,1579900979.652975,04:d6:aa:ab:45:40,2,1,2,0,128,907,383,161,483,947,929,787,39,568,722,312,237,625,528,35,1,14,113,189,186,992,851,734,795,468,727,383,246,950,228,180,288,73,80,47,69,69,68,55,64,62,69,48,65,59,48,53,58,67,60,68,62,48,49,43,53,60,73,65,66,60,68,53,27
[ 427.888506] [AOA] Measurement: 0,1579900979.680897,04:d6:aa:ab:45:40,2,1,2,0,128,466,298,89,465,465,806,812,49,516,651,352,284,666,534,1010,999,59,147,223,197,556,24,289,955,14,910,1000,473,498,458,804,925,72,75,47,69,68,67,53,65,60,69,49,65,57,48,53,57,70,62,69,61,50,51,48,55,67,79,73,69,65,71,56,34
[ 427.920196] [AOA] Measurement: 0,1579900979.712581,04:d6:aa:ab:45:40,2,1,2,0,128,384,207,571,257,457,804,743,1021,596,702,310,270,656,553,997,997,51,157,746,440,523,40,254,943,3,920,888,410,541,454,684,760,71,77,46,69,69,67,54,62,59,69,48,65,60,47,53,58,67,58,67,62,46,48,44,54,58,72,63,67,60,69,53,27
[ 427.949171] [AOA] Measurement: 0,1579900979.741560,04:d6:aa:ab:45:40,2,1,2,0,128,909,390,236,593,966,962,357,262,71,869,924,520,178,755,610,238,662,360,732,420,526,1023,284,945,1005,875,969,456,437,434,822,942,76,78,48,70,70,67,54,65,63,69,51,67,58,47,53,58,70,63,68,62,51,50,48,54,67,78,72,69,65,73,58,33
[ 427.981932] [AOA] Measurement: 0,1579900979.774317,04:d6:aa:ab:45:40,2,1,2,0,128,391,226,581,244,416,794,830,46,478,637,400,235,674,558,1000,1002,67,126,207,197,941,821,749,758,453,683,477,275,16,296,827,940,71,79,46,69,71,69,55,61,59,68,47,66,61,48,52,56,61,55,61,59,42,44,37,50,50,64,53,61,52,58,49,18
[ 428.010477] [AOA] Measurement: 0,1579900979.802867,04:d6:aa:ab:45:40,2,1,2,0,128,976,477,113,475,941,920,327,256,129,925,882,452,153,725,24,43,577,310,773,445,481,22,267,942,6,900,983,470,488,447,107,177,76,79,47,69,68,67,55,65,59,70,49,64,57,49,53,57,69,62,69,62,51,49,47,54,68,79,73,71,65,73,57,34
[ 428.041689] [AOA] Measurement: 0,1579900979.834075,04:d6:aa:ab:45:40,2,1,2,0,128,936,433,184,515,1007,1008,836,91,503,685,321,251,708,576,993,987,91,169,831,493,522,25,279,969,980,866,1020,465,564,500,756,820,63,67,39,58,59,59,46,55,51,57,42,57,50,41,46,50,56,52,57,54,41,41,37,44,51,60,55,55,51,59,46,23
[ 428.076489] [AOA] Measurement: 0,1579900979.868879,04:d6:aa:ab:45:40,2,1,2,0,128,372,158,569,226,424,763,763,27,550,708,345,264,168,734,515,173,608,358,767,440,983,859,729,750,405,646,421,242,975,277,951,58,68,66,44,61,63,63,51,61,59,66,49,60,52,47,51,55,71,60,63,60,50,53,49,52,70,77,74,73,66,76,58,40
[ 428.110102] [AOA] Measurement: 0,1579900979.902493,04:d6:aa:ab:45:40,2,1,2,0,128,425,218,576,271,441,781,781,20,112,901,311,244,661,538,962,966,89,146,167,180,1019,861,753,751,429,616,403,200,954,235,956,175,72,77,48,68,71,67,55,65,61,67,50,66,58,48,54,58,66,58,66,61,49,48,43,52,60,71,64,67,62,66,54,26
[ 428.138734] [AOA] Measurement: 0,1579900979.931125,04:d6:aa:ab:45:40,2,1,2,0,128,376,240,585,235,445,765,827,64,99,922,302,222,704,618,23,44,27,105,238,205,923,808,711,715,506,727,398,226,973,243,167,348,61,63,40,55,56,56,45,53,52,58,42,55,49,40,45,48,57,52,56,51,40,42,40,46,53,62,59,57,52,59,47,25
[ 428.172223] [AOA] Measurement: 0,1579900979.964612,04:d6:aa:ab:45:40,2,1,2,0,128,961,386,583,242,547,839,766,1011,592,732,342,269,711,559,21,6,70,161,238,250,493,988,775,789,8,883,981,460,536,479,906,985,74,79,46,69,70,69,55,66,61,69,50,65,59,49,52,57,70,62,67,64,50,50,47,55,64,76,70,71,64,73,57,32
[ 428.200334] [AOA] Measurement: 0,1579900979.992723,04:d6:aa:ab:45:40,2,1,2,0,128,385,213,549,248,463,804,743,1019,554,688,384,313,624,549,1016,1,1013,109,224,223,981,840,761,747,998,868,970,431,462,431,603,652,47,60,23,48,56,55,47,38,35,47,25,54,54,36,46,47,32,17,27,39,27,27,15,37,4,23,7,34,33,21,34,11
[ 428.234149] [AOA] Measurement: 0,1579900980.026535,04:d6:aa:ab:45:40,2,1,2,0,128,417,252,527,241,410,775,781,49,603,708,371,309,163,753,532,180,25,146,740,369,963,813,700,740,501,709,438,292,984,244,580,732,72,74,47,64,66,64,52,62,59,68,51,63,54,48,52,55,71,62,66,60,52,52,48,53,69,77,74,72,66,76,59,37
[ 428.271022] [AOA] Measurement: 0,1579900980.063407,04:d6:aa:ab:45:40,2,1,2,0,128,370,162,595,323,442,787,800,38,459,633,385,251,669,540,991,1007,64,109,249,230,1004,884,233,911,917,843,410,250,942,264,808,1010,72,74,47,68,67,66,52,64,60,69,50,67,58,49,52,57,70,62,68,63,49,51,47,53,65,75,70,70,63,69,54,30
[ 428.306005] [AOA] Measurement: 0,1579900980.098396,04:d6:aa:ab:45:40,2,1,2,0,128,946,414,160,489,1002,1008,292,228,79,884,917,478,188,768,557,149,88,151,751,430,458,1009,744,789,463,671,0,446,606,485,870,823,74,79,48,69,69,67,55,64,61,70,50,68,58,49,55,58,70,62,69,62,50,51,46,54,65,76,70,71,64,71,56,32
[ 428.340735] [AOA] Measurement: 0,1579900980.133120,04:d6:aa:ab:45:40,2,1,2,0,128,929,399,627,259,419,765,775,40,541,669,356,312,695,588,981,1004,34,102,225,241,957,826,756,739,417,669,399,239,974,239,515,657,72,76,48,68,68,68,54,65,60,68,50,65,59,48,53,56,66,59,66,62,46,47,44,52,59,72,65,67,59,66,51,27
[ 428.373255] [AOA] Measurement: 0,1579900980.165646,04:d6:aa:ab:45:40,2,1,2,0,128,955,434,64,410,475,826,820,54,65,906,883,489,287,788,558,191,646,399,736,385,483,1016,722,748,471,684,422,253,984,293,574,667,74,77,48,68,70,69,54,65,62,70,49,64,58,47,53,60,69,62,67,64,48,50,45,53,59,74,65,68,60,67,53,27
[ 428.409718] [AOA] Measurement: 0,1579900980.202103,04:d6:aa:ab:45:40,2,1,2,0,128,394,221,116,478,416,803,748,28,522,679,858,462,185,727,992,2,589,342,726,401,945,809,709,736,462,682,457,281,991,286,956,924,73,79,47,68,71,68,55,63,61,70,50,67,58,49,54,58,69,62,68,63,51,50,45,55,65,77,71,69,64,71,56,32
[ 428.445162] [AOA] Measurement: 0,1579900980.237553,04:d6:aa:ab:45:40,2,1,2,0,128,435,230,587,234,425,754,768,20,638,757,896,479,201,763,588,180,614,333,766,386,867,762,688,666,381,633,487,275,992,245,1005,159,73,76,46,67,69,67,53,64,61,70,49,67,59,48,53,57,69,61,68,64,48,50,46,53,62,76,68,70,62,70,55,29
[ 428.479976] [AOA] Measurement: 0,1579900980.272367,04:d6:aa:ab:45:40,2,1,2,0,128,388,267,612,272,450,821,731,27,508,636,379,300,608,532,64,28,625,327,211,250,524,19,240,904,481,695,402,229,939,255,782,890,75,80,48,70,69,69,56,65,61,69,50,68,58,47,55,58,68,62,67,63,48,48,45,53,61,72,68,66,62,67,56,28
[ 428.508694] [AOA] Measurement: 0,1579900980.301085,04:d6:aa:ab:45:40,2,1,2,0,128,385,208,552,264,413,791,772,33,613,743,328,241,673,525,11,990,1007,115,214,261,950,789,792,759,453,719,30,504,549,468,1012,82,76,76,47,68,68,69,54,65,63,71,50,66,57,48,53,58,70,61,67,62,50,51,46,52,65,73,72,70,64,73,57,34
[ 428.543325] [AOA] Measurement: 0,1579900980.335717,04:d6:aa:ab:45:40,2,1,2,0,128,402,213,572,238,478,826,774,14,549,681,396,291,596,527,33,1018,131,200,177,220,1010,850,741,751,426,651,383,237,1019,290,918,84,75,80,48,69,71,68,54,64,62,70,51,66,58,49,54,59,69,61,69,62,48,50,46,55,64,76,71,69,64,72,55,31
[ 428.575146] [AOA] Measurement: 0,1579900980.367533,04:d6:aa:ab:45:40,2,1,2,0,128,408,200,623,289,451,813,750,13,579,718,353,285,137,700,626,238,603,347,834,478,507,1020,227,941,391,655,409,275,950,204,932,128,72,82,47,69,70,67,53,61,62,70,50,66,59,48,53,56,67,58,66,61,47,47,45,55,59,72,63,67,58,68,54,27
