
[246682.828013] [AOA] Measurement: 0,1580366718.681072,08:55:31:9a:df:1f,2,1,2,0,128,603,608,759,963,421,768,943,742,765,518,769,768,25,350,341,852,724,443,478,979,189,879,399,869,356,878,303,995,540,226,344,800,22,22,20,26,23,19,10,15,14,17,7,17,20,14,14,15,18,30,29,22,12,18,18,25,14,13,17,15,11,14,16,12
[246682.854047] [AOA] Measurement: 0,1580366718.707108,08:55:31:9a:df:1f,2,1,2,0,128,540,523,696,916,444,775,1007,697,834,533,683,805,62,428,905,18,158,633,19,167,724,75,847,991,380,918,232,952,79,416,689,112,28,33,26,25,23,22,15,13,12,11,7,18,10,8,8,10,11,30,35,24,10,13,19,22,18,8,16,10,12,6,11,5
[246682.875046] [AOA] Measurement: 0,1580366718.728102,08:55:31:9a:df:1f,2,1,2,0,128,523,611,750,944,394,792,979,770,363,666,570,678,563,534,827,25,139,575,367,808,31,750,880,994,323,786,241,822,949,305,794,279,24,24,21,27,26,20,14,15,13,17,10,19,18,15,13,18,19,32,34,20,12,18,18,26,20,13,12,13,12,13,17,7
[246682.907558] [AOA] Measurement: 0,1580366718.760614,08:55:31:9a:df:1f,2,1,2,0,128,1010,448,791,906,970,1017,495,931,372,690,278,990,546,562,336,776,701,442,478,895,182,864,328,807,847,696,822,818,521,222,547,88,24,29,23,28,25,20,11,17,15,17,8,20,21,13,18,15,19,34,31,23,18,17,23,30,16,15,11,17,14,15,19,8
[246682.930371] [AOA] Measurement: 0,1580366718.783431,08:55:31:9a:df:1f,2,1,2,0,128,5,405,764,941,461,833,431,910,833,521,661,782,39,404,951,23,708,434,469,979,149,845,419,814,811,684,804,826,503,195,233,736,24,26,24,29,27,23,12,16,16,15,11,19,21,17,17,16,21,32,33,25,19,17,17,25,17,15,10,16,12,14,18,7
[246682.960550] [AOA] Measurement: 0,1580366718.813611,08:55:31:9a:df:1f,2,1,2,0,128,565,621,732,937,393,807,967,702,807,500,770,764,47,336,343,862,695,474,491,959,161,828,415,858,429,906,742,767,558,239,376,864,26,26,26,17,20,22,12,14,10,9,7,16,12,6,7,6,16,31,29,18,9,8,20,19,19,8,16,8,11,10,15,3
[246682.981413] [AOA] Measurement: 0,1580366718.834469,08:55:31:9a:df:1f,2,1,2,0,128,543,617,751,912,490,812,969,735,753,405,150,909,612,451,264,717,162,569,943,57,74,774,810,927,334,822,264,944,941,246,91,512,23,28,24,19,22,21,8,14,11,10,7,13,11,0,8,3,10,31,32,24,11,9,14,17,16,9,13,9,12,6,13,3
[246683.012503] [AOA] Measurement: 0,1580366718.865558,08:55:31:9a:df:1f,2,1,2,0,128,10,453,786,1004,460,837,469,911,842,528,246,1000,615,583,376,793,765,489,427,901,181,870,343,805,891,733,804,815,512,196,656,180,26,26,23,27,24,25,11,19,18,19,8,20,22,16,17,17,17,36,36,27,14,19,18,29,13,16,12,14,14,15,17,10
[246683.039267] [AOA] Measurement: 0,1580366718.892323,08:55:31:9a:df:1f,2,1,2,0,128,19,365,754,917,392,773,908,715,927,627,718,762,68,408,342,867,709,434,490,950,120,823,928,1008,871,664,440,40,460,217,1017,560,24,26,21,26,23,24,13,17,18,16,11,18,19,16,15,18,22,34,32,20,17,19,23,29,20,15,12,16,11,13,19,8
[246683.065838] [AOA] Measurement: 0,1580366718.918900,08:55:31:9a:df:1f,2,1,2,0,128,8,409,727,933,422,740,952,706,866,539,647,758,54,322,384,856,679,446,465,944,111,833,415,852,392,915,406,25,100,440,986,523,26,26,24,26,25,21,11,16,18,17,7,20,21,17,16,16,18,27,32,18,17,14,24,30,18,17,15,15,17,12,18,8
[246683.086780] [AOA] Measurement: 0,1580366718.939840,08:55:31:9a:df:1f,2,1,2,0,128,968,397,768,902,492,879,3,737,860,562,735,731,112,411,374,837,226,611,486,939,167,853,920,1012,416,911,805,788,517,171,415,992,27,29,24,27,25,22,14,20,20,15,7,20,22,17,14,17,26,34,37,18,12,20,25,31,18,16,11,14,14,15,21,10
[246683.115366] [AOA] Measurement: 0,1580366718.968422,08:55:31:9a:df:1f,2,1,2,0,128,9,451,726,916,387,792,870,656,794,461,526,643,1010,369,319,903,656,370,404,826,77,820,201,735,848,679,671,675,450,130,784,256,24,27,22,30,26,23,12,17,17,18,8,20,22,15,16,18,17,37,36,23,15,15,23,30,19,13,13,14,14,13,20,6
[246683.145693] [AOA] Measurement: 0,1580366718.998750,08:55:31:9a:df:1f,2,1,2,0,128,1013,442,290,156,26,1,472,923,314,723,305,1021,641,652,954,46,272,630,40,154,745,118,897,1021,847,659,794,924,70,441,839,332,21,25,22,28,19,19,10,17,17,12,7,16,19,14,16,18,20,30,37,21,11,15,22,25,16,11,10,11,12,13,19,9
[246683.167011] [AOA] Measurement: 0,1580366719.020070,08:55:31:9a:df:1f,2,1,2,0,128,2,437,795,930,443,823,941,731,322,679,720,759,35,387,390,831,723,425,482,971,682,33,889,999,872,673,389,15,495,242,791,256,18,20,25,15,20,22,12,13,6,12,3,14,11,9,10,9,13,29,28,15,13,15,20,23,15,15,13,11,16,13,16,8
[246683.196469] [AOA] Measurement: 0,1580366719.049529,08:55:31:9a:df:1f,2,1,2,0,128,513,593,240,101,492,831,407,889,314,643,210,844,2,254,858,970,636,391,415,845,630,999,800,980,342,942,306,858,931,256,961,299,29,27,19,27,21,22,12,17,21,18,7,21,21,20,16,15,25,34,34,27,16,20,23,31,19,13,16,16,16,12,18,9
[246683.222171] [AOA] Measurement: 0,1580366719.075226,08:55:31:9a:df:1f,2,1,2,0,128,533,626,758,961,972,984,959,729,817,545,670,739,88,413,359,875,242,646,439,994,737,51,918,21,469,924,308,1002,38,388,274,759,24,30,25,30,30,24,11,18,18,17,9,21,21,15,16,13,18,37,30,23,20,17,20,30,17,14,10,13,13,18,19,9
[246683.251676] [AOA] Measurement: 0,1580366719.104732,08:55:31:9a:df:1f,2,1,2,0,128,973,376,714,903,443,783,857,727,746,443,715,768,22,339,876,990,223,541,436,907,51,764,826,943,787,568,864,747,920,322,574,15,23,19,21,25,22,20,10,17,16,17,5,20,18,16,20,17,22,33,30,19,14,17,24,29,19,18,9,12,12,14,17,12
[246683.276756] [AOA] Measurement: 0,1580366719.129816,08:55:31:9a:df:1f,2,1,2,0,128,3,474,787,945,472,865,955,665,718,361,122,845,124,491,740,996,565,344,442,800,103,800,223,691,791,655,302,835,398,94,919,308,23,30,23,22,20,22,13,14,15,13,8,21,20,16,14,19,21,28,33,24,20,18,23,31,17,13,15,11,14,13,20,7
[246683.301818] [AOA] Measurement: 0,1580366719.154875,08:55:31:9a:df:1f,2,1,2,0,128,1005,430,761,947,442,793,894,694,793,513,775,758,628,587,377,809,716,428,940,51,112,852,395,873,819,631,822,825,569,246,272,741,24,26,24,31,29,24,10,20,18,17,9,22,23,17,17,16,23,37,36,25,15,20,23,34,19,18,15,16,15,16,23,11
[246683.331509] [AOA] Measurement: 0,1580366719.184565,08:55:31:9a:df:1f,2,1,2,0,128,1016,401,289,134,12,999,462,954,412,750,250,945,1014,364,373,864,219,671,412,920,189,884,378,837,911,758,349,27,78,428,946,293,24,29,25,26,19,20,13,17,18,19,6,21,20,17,16,16,22,28,39,17,19,18,21,30,18,16,9,15,13,14,21,8
[246683.353071] [AOA] Measurement: 0,1580366719.206127,08:55:31:9a:df:1f,2,1,2,0,128,504,609,223,95,984,929,931,741,405,728,187,906,68,415,348,822,298,653,1015,101,746,49,356,843,784,625,330,53,48,465,888,316,21,27,23,16,21,18,9,14,14,10,6,14,17,9,13,14,12,37,30,21,13,14,21,25,17,16,15,12,14,15,21,4
[246683.384497] [AOA] Measurement: 0,1580366719.237553,08:55:31:9a:df:1f,2,1,2,0,128,867,312,246,50,436,831,954,744,737,458,187,870,582,564,239,796,561,346,398,843,43,785,254,741,755,650,688,695,897,242,383,640,25,27,23,26,24,21,13,20,19,16,10,18,20,20,18,18,17,36,30,24,14,17,22,26,15,12,13,15,12,14,18,8
[246683.412354] [AOA] Measurement: 0,1580366719.265410,08:55:31:9a:df:1f,2,1,2,0,128,0,434,305,130,978,981,966,760,409,741,182,956,60,409,341,876,668,431,458,953,150,882,372,857,894,718,816,821,66,457,1013,497,24,27,23,27,24,23,12,18,15,19,11,23,27,15,17,18,20,29,34,22,13,19,17,28,17,15,10,17,14,14,19,10
[246683.434228] [AOA] Measurement: 0,1580366719.287289,08:55:31:9a:df:1f,2,1,2,0,128,1009,355,736,921,501,843,969,700,334,613,654,700,35,341,275,853,611,386,978,0,65,740,283,755,763,622,730,770,376,183,229,791,24,25,20,26,25,23,9,15,16,18,5,20,19,16,16,15,19,31,30,19,13,20,22,30,16,13,12,10,11,14,21,6
[246683.464705] [AOA] Measurement: 0,1580366719.317768,08:55:31:9a:df:1f,2,1,2,0,128,582,589,761,909,949,956,463,838,851,555,182,913,22,395,350,873,760,507,451,997,772,85,943,1019,374,935,340,1021,548,248,911,383,27,29,25,19,20,24,13,14,10,10,3,14,7,8,8,12,12,35,31,20,13,15,18,19,16,7,9,8,14,7,15,5
[246683.486593] [AOA] Measurement: 0,1580366719.339656,08:55:31:9a:df:1f,2,1,2,0,128,46,496,294,118,1011,1,437,852,332,733,144,959,670,607,882,987,722,484,465,929,675,75,940,971,366,884,316,22,115,487,0,302,20,26,24,27,25,21,13,19,17,16,11,19,19,19,15,18,21,28,31,18,15,17,21,28,11,14,10,14,15,12,16,11
[246683.516221] [AOA] Measurement: 0,1580366719.369275,08:55:31:9a:df:1f,2,1,2,0,128,978,370,758,1005,477,829,923,700,827,497,763,809,61,342,361,876,743,507,484,1015,184,894,954,12,930,749,789,842,550,218,577,160,25,23,21,29,23,21,15,16,17,17,6,16,19,16,17,19,22,36,37,20,17,20,23,28,18,15,8,10,15,16,19,10
[246683.545001] [AOA] Measurement: 0,1580366719.398061,08:55:31:9a:df:1f,2,1,2,0,128,51,464,786,979,429,779,998,703,871,538,269,968,104,397,912,1013,264,690,1,134,725,32,925,25,348,907,332,1005,38,452,852,322,21,23,18,18,16,19,11,14,16,10,9,17,13,12,16,11,19,29,28,23,13,14,20,27,17,11,13,15,11,9,16,9
[246683.566112] [AOA] Measurement: 0,1580366719.419174,08:55:31:9a:df:1f,2,1,2,0,128,546,596,320,152,949,953,467,888,333,678,235,999,572,510,939,0,726,501,491,994,749,45,945,38,395,895,355,991,74,424,122,558,22,23,20,24,25,20,8,20,14,12,5,17,18,15,14,16,18,31,28,18,13,16,15,29,17,11,10,12,14,11,16,10
[246683.594082] [AOA] Measurement: 0,1580366719.447138,08:55:31:9a:df:1f,2,1,2,0,128,588,627,707,882,431,810,958,701,315,583,298,909,36,361,352,844,647,389,940,917,719,1016,788,922,390,845,362,963,39,356,640,101,27,26,22,28,25,23,11,21,21,15,6,18,24,17,18,17,21,33,34,24,17,18,23,28,20,16,10,12,13,14,16,10
[246683.620647] [AOA] Measurement: 0,1580366719.473706,08:55:31:9a:df:1f,2,1,2,0,128,39,444,330,156,1013,1019,479,908,351,678,209,979,611,613,945,999,195,644,35,131,684,0,873,952,378,926,384,30,20,406,640,168,21,29,23,22,25,19,11,15,15,15,4,14,13,14,11,10,14,33,28,19,16,14,20,22,17,12,14,10,12,8,15,5
[246683.651478] [AOA] Measurement: 0,1580366719.504533,08:55:31:9a:df:1f,2,1,2,0,128,1013,375,762,933,968,1019,885,739,796,500,661,635,590,543,872,1005,623,372,404,970,610,997,901,947,313,816,244,901,1002,311,491,958,30,30,31,20,27,25,15,18,13,18,13,20,12,8,13,9,16,35,33,27,17,17,21,23,20,16,12,15,16,14,14,8
[246683.677221] [AOA] Measurement: 0,1580366719.530282,08:55:31:9a:df:1f,2,1,2,0,128,533,629,388,203,1007,11,3,766,845,547,248,977,1017,324,876,975,329,679,1001,144,151,863,395,881,444,920,326,973,517,168,309,716,25,28,22,26,28,22,13,16,17,20,9,19,21,13,18,14,22,34,36,21,16,17,20,32,21,12,8,14,12,13,15,10
[246683.703049] [AOA] Measurement: 0,1580366719.556105,08:55:31:9a:df:1f,2,1,2,0,128,953,355,733,883,409,830,860,686,325,636,103,834,1012,341,786,952,138,538,974,1020,82,796,304,709,747,621,679,665,487,102,761,151,24,27,26,21,15,21,14,10,14,11,6,19,11,6,11,9,11,31,32,17,9,13,16,19,20,11,15,10,11,10,13,8
[246683.732222] [AOA] Measurement: 0,1580366719.585276,08:55:31:9a:df:1f,2,1,2,0,128,493,599,673,849,1008,1016,907,683,706,404,625,717,597,476,865,888,128,599,972,1021,684,0,820,954,324,914,378,863,940,296,160,640,19,25,19,19,14,16,9,6,9,11,3,9,7,4,3,5,3,26,27,16,10,8,10,9,12,5,8,5,10,5,11,3
[246683.757973] [AOA] Measurement: 0,1580366719.611034,08:55:31:9a:df:1f,2,1,2,0,128,449,577,261,109,439,809,902,654,248,541,148,849,582,551,790,991,674,371,973,946,556,976,777,890,280,714,242,856,895,264,288,640,24,29,19,24,23,22,12,14,19,20,9,21,23,17,18,17,19,37,34,18,15,20,23,28,14,16,12,20,11,12,19,8
[246683.781281] [AOA] Measurement: 0,1580366719.634336,08:55:31:9a:df:1f,2,1,2,0,128,959,389,695,951,399,786,441,843,316,621,180,840,32,313,848,988,122,600,897,1007,980,772,318,801,809,649,316,944,382,115,383,923,25,25,19,28,17,22,13,16,15,17,10,18,17,16,16,16,16,34,31,16,14,17,17,27,19,10,11,11,11,12,19,6
[246683.812169] [AOA] Measurement: 0,1580366719.665224,08:55:31:9a:df:1f,2,1,2,0,128,1011,423,794,958,7,1015,399,861,823,483,757,773,1023,342,382,837,214,628,446,996,157,890,975,50,407,844,821,830,484,187,60,640,23,22,28,21,18,21,9,12,11,10,8,15,9,7,6,9,17,35,26,19,8,14,20,19,20,10,11,10,13,10,15,8
[246683.839123] [AOA] Measurement: 0,1580366719.692184,08:55:31:9a:df:1f,2,1,2,0,128,477,544,228,84,974,989,377,879,774,532,212,878,605,532,835,976,236,614,986,94,518,1007,286,750,760,609,275,944,959,313,189,621,21,24,19,26,21,22,9,15,12,15,10,15,18,17,15,17,20,29,31,22,11,13,20,29,16,15,17,13,13,13,17,9
[246683.861697] [AOA] Measurement: 0,1580366719.714753,08:55:31:9a:df:1f,2,1,2,0,128,998,409,818,976,1001,978,898,700,862,535,773,812,598,581,374,822,314,679,3,186,160,843,389,865,834,707,832,869,619,338,115,625,29,35,24,35,29,24,11,22,20,20,9,25,24,16,19,22,21,36,37,25,17,15,28,37,24,15,16,16,18,14,21,11
[246683.893132] [AOA] Measurement: 0,1580366719.746187,08:55:31:9a:df:1f,2,1,2,0,128,1019,403,766,935,524,886,913,691,427,729,283,1012,614,594,915,0,212,595,472,937,135,833,356,842,349,860,369,1,70,447,888,403,24,25,20,22,23,22,9,16,17,14,8,21,22,19,17,18,22,31,36,18,15,20,24,25,19,18,12,16,9,13,18,12
[246683.920449] [AOA] Measurement: 0,1580366719.773506,08:55:31:9a:df:1f,2,1,2,0,128,563,636,795,1000,377,778,957,734,876,537,618,765,82,445,939,1023,243,604,12,157,671,68,963,17,394,894,273,980,89,447,986,365,28,28,27,32,30,29,10,20,20,16,9,23,19,18,15,20,22,38,37,25,17,21,26,29,18,17,10,21,13,17,23,12
[246683.942799] [AOA] Measurement: 0,1580366719.795860,08:55:31:9a:df:1f,2,1,2,0,128,489,597,750,905,455,827,974,732,403,731,138,960,25,359,954,51,243,632,1004,140,678,45,947,3,384,874,257,941,475,196,86,581,30,29,25,34,32,25,12,19,18,18,7,25,27,19,21,23,24,40,33,23,14,22,22,31,18,16,16,20,13,20,20,13
[246683.973423] [AOA] Measurement: 0,1580366719.826483,08:55:31:9a:df:1f,2,1,2,0,128,23,474,804,982,431,782,903,691,817,530,728,808,89,395,384,885,237,610,977,130,723,40,935,3,361,884,903,903,48,402,918,416,23,28,20,24,23,20,12,18,18,15,9,17,20,15,11,15,18,29,30,16,14,16,20,29,17,14,14,13,13,10,21,7
[246683.996732] [AOA] Measurement: 0,1580366719.849789,08:55:31:9a:df:1f,2,1,2,0,128,61,460,801,994,453,783,916,673,387,736,718,796,634,596,927,994,307,650,1021,97,142,860,424,873,307,795,304,1015,136,434,434,911,27,27,23,25,24,21,6,17,18,18,7,19,18,16,16,15,20,37,27,22,17,15,21,28,17,14,12,14,12,16,17,11
[246684.027160] [AOA] Measurement: 0,1580366719.880215,08:55:31:9a:df:1f,2,1,2,0,128,1000,369,816,4,451,825,913,718,816,513,694,790,49,411,426,873,682,423,509,982,201,862,370,797,862,697,345,18,497,198,911,427,26,25,28,19,23,21,14,14,12,15,8,17,11,6,9,9,11,34,30,19,16,17,17,24,21,13,10,14,13,14,19,9
[246684.053859] [AOA] Measurement: 0,1580366719.906919,08:55:31:9a:df:1f,2,1,2,0,128,952,345,732,873,417,828,885,707,265,700,94,866,1010,343,280,748,632,375,935,17,117,809,867,981,769,658,783,722,385,88,426,864,31,31,24,28,27,25,15,21,20,25,12,21,26,19,21,17,20,39,37,27,16,19,20,33,22,17,17,18,12,16,23,10
[246684.076134] [AOA] Measurement: 0,1580366719.929193,08:55:31:9a:df:1f,2,1,2,0,128,3,384,768,953,480,860,914,679,849,538,682,749,71,388,364,853,709,470,440,900,152,841,927,1008,372,915,807,849,532,227,67,600,27,30,23,28,25,23,12,16,14,17,8,20,23,22,15,15,20,35,33,26,15,14,22,29,14,15,12,15,15,13,20,6
[246684.105622] [AOA] Measurement: 0,1580366719.958678,08:55:31:9a:df:1f,2,1,2,0,128,1,421,812,987,456,782,913,678,877,547,255,942,46,354,373,813,725,406,461,933,159,890,389,817,904,735,471,32,4,377,852,325,21,26,26,20,15,18,9,11,9,8,10,13,12,3,5,8,12,29,31,19,12,11,13,19,13,8,11,9,12,8,13,1
[246684.133721] [AOA] Measurement: 0,1580366719.986777,08:55:31:9a:df:1f,2,1,2,0,128,57,482,803,988,1019,1008,510,945,363,733,348,1022,591,582,802,979,260,671,456,40,730,23,397,815,370,854,383,47,16,435,909,357,21,24,26,26,21,21,6,18,17,16,7,18,16,13,13,17,18,31,29,20,14,15,19,26,15,11,7,13,11,12,17,8
[246684.159680] [AOA] Measurement: 0,1580366720.012741,08:55:31:9a:df:1f,2,1,2,0,128,544,609,771,969,444,781,505,930,480,693,262,973,627,591,944,978,269,675,38,173,745,1014,408,839,365,903,353,13,90,424,967,339,24,31,23,33,25,22,13,18,18,18,8,20,25,19,19,18,23,37,36,26,18,16,27,31,21,16,14,16,13,15,23,9
[246684.184770] [AOA] Measurement: 0,1580366720.037826,08:55:31:9a:df:1f,2,1,2,0,128,579,630,290,102,452,813,481,888,828,545,790,822,657,632,903,988,738,499,484,958,717,124,911,45,383,909,320,988,55,485,6,446,25,28,26,22,26,19,6,13,10,9,3,11,15,7,10,10,10,31,29,24,11,13,21,23,16,12,9,13,13,11,16,7
[246684.209545] [AOA] Measurement: 0,1580366720.062606,08:55:31:9a:df:1f,2,1,2,0,128,987,379,752,960,438,776,967,716,354,690,660,784,65,406,930,17,257,683,470,899,703,33,935,1022,383,899,315,992,591,242,154,608,25,27,20,27,28,24,10,17,18,16,10,17,20,16,16,17,22,38,29,19,16,17,23,26,14,15,16,15,10,14,19,8
[246684.235044] [AOA] Measurement: 0,1580366720.088107,08:55:31:9a:df:1f,2,1,2,0,128,5,387,812,953,445,777,948,741,403,757,257,934,586,531,382,864,759,440,1012,146,726,64,937,1015,386,893,774,792,570,239,896,344,29,32,29,28,26,28,12,18,15,18,10,25,24,19,20,19,21,34,36,28,14,22,20,32,20,13,11,16,16,17,22,11
[246684.266265] [AOA] Measurement: 0,1580366720.119326,08:55:31:9a:df:1f,2,1,2,0,128,31,434,832,996,1003,1010,480,918,405,746,296,984,578,580,885,10,243,678,432,938,176,861,947,9,808,662,377,14,552,211,11,489,23,29,23,29,25,21,12,17,16,19,11,23,20,15,16,16,20,30,37,26,15,20,23,23,15,14,15,16,11,15,17,8
[246684.288336] [AOA] Measurement: 0,1580366720.141397,08:55:31:9a:df:1f,2,1,2,0,128,17,430,790,967,455,860,949,716,845,522,175,966,648,591,875,997,195,655,962,105,734,32,943,38,890,665,773,799,546,284,674,210,24,27,25,28,24,17,13,19,18,19,11,17,22,15,15,16,20,33,32,27,17,19,21,33,18,15,9,17,15,13,17,9
[246684.318370] [AOA] Measurement: 0,1580366720.171429,08:55:31:9a:df:1f,2,1,2,0,128,1008,384,780,968,365,792,915,700,813,514,675,787,51,346,342,845,703,411,1001,104,144,871,348,822,873,691,805,888,534,228,204,768,19,24,19,22,21,20,8,14,15,15,7,15,17,18,14,17,19,29,28,19,15,13,22,24,17,13,14,11,11,10,18,9
[246684.346843] [AOA] Measurement: 0,1580366720.199903,08:55:31:9a:df:1f,2,1,2,0,128,536,656,292,116,433,798,994,713,441,808,217,1003,542,536,343,824,299,679,50,167,695,50,984,35,431,915,349,969,68,435,319,788,24,25,22,17,17,19,9,13,10,11,6,11,10,8,7,12,13,26,27,13,11,15,12,16,14,9,16,11,10,9,12,4
[246684.368318] [AOA] Measurement: 0,1580366720.221379,08:55:31:9a:df:1f,2,1,2,0,128,28,455,788,944,401,755,903,709,841,493,703,737,118,385,343,835,723,438,484,948,174,880,435,850,787,676,785,812,537,289,824,409,23,25,22,18,22,24,13,12,12,11,5,18,11,8,6,11,7,34,32,13,7,12,18,23,20,11,12,11,14,9,18,4
[246684.397819] [AOA] Measurement: 0,1580366720.250875,08:55:31:9a:df:1f,2,1,2,0,128,1000,428,737,922,383,746,850,678,763,425,591,698,21,275,300,850,651,430,399,898,592,935,810,883,846,613,714,715,483,139,361,919,26,26,20,25,24,21,11,16,20,17,7,20,19,16,17,11,18,35,34,22,17,17,25,28,17,15,12,11,13,12,20,9
[246684.427152] [AOA] Measurement: 0,1580366720.280213,08:55:31:9a:df:1f,2,1,2,0,128,48,467,791,950,409,804,527,938,351,702,775,782,73,339,415,856,729,439,433,892,130,883,370,853,888,678,735,775,541,248,676,282,23,24,20,24,24,20,11,17,18,16,6,17,19,14,19,16,22,33,32,21,14,16,22,27,18,13,12,12,10,14,19,7
[246684.450442] [AOA] Measurement: 0,1580366720.303498,08:55:31:9a:df:1f,2,1,2,0,128,992,466,253,92,961,1022,429,876,798,450,584,648,36,285,337,771,629,380,444,905,109,814,917,929,352,873,204,892,982,344,376,791,27,34,23,34,26,25,11,18,18,19,8,23,26,16,19,16,25,33,35,27,13,21,23,35,17,15,18,20,14,17,20,10
[246684.482031] [AOA] Measurement: 0,1580366720.335086,08:55:31:9a:df:1f,2,1,2,0,128,51,434,780,989,448,835,918,681,866,595,705,742,55,346,328,792,697,441,416,952,172,830,380,850,888,685,860,837,477,228,339,848,28,25,29,25,22,21,14,20,13,11,7,20,10,10,10,14,12,38,35,20,17,18,20,20,22,16,14,10,13,12,15,5
[246684.505334] [AOA] Measurement: 0,1580366720.358395,08:55:31:9a:df:1f,2,1,2,0,128,947,333,756,891,424,803,518,913,824,496,707,755,46,379,922,971,222,628,371,892,162,800,365,801,862,697,351,8,32,405,256,680,23,26,24,26,23,16,12,17,14,15,6,19,23,18,16,17,19,34,28,24,14,16,22,25,17,14,10,16,14,14,18,10
[246684.538484] [AOA] Measurement: 0,1580366720.391540,08:55:31:9a:df:1f,2,1,2,0,128,949,359,693,916,439,795,922,725,778,387,98,854,59,504,836,25,597,402,942,994,26,589,247,690,750,668,721,660,975,282,256,768,27,27,30,21,19,24,12,8,13,10,5,15,10,5,5,8,16,33,33,23,15,12,20,18,18,9,12,12,14,7,16,4
[246684.566092] [AOA] Measurement: 0,1580366720.419149,08:55:31:9a:df:1f,2,1,2,0,128,567,540,789,919,518,853,1019,732,861,527,296,963,600,591,903,17,219,620,975,967,696,1002,323,733,899,742,853,829,53,428,776,187,23,27,19,25,26,22,12,17,19,15,6,20,19,19,15,14,20,37,31,18,15,14,25,29,17,16,10,15,12,14,19,6
[246684.593742] [AOA] Measurement: 0,1580366720.446802,08:55:31:9a:df:1f,2,1,2,0,128,41,470,799,915,441,799,977,766,423,735,218,954,641,612,892,988,681,419,453,941,163,845,924,1017,433,942,784,846,115,489,705,101,27,29,30,20,21,25,13,13,9,8,11,16,14,6,10,5,9,35,32,18,11,13,18,17,16,6,17,12,14,5,12,4
[246684.615893] [AOA] Measurement: 0,1580366720.468954,08:55:31:9a:df:1f,2,1,2,0,128,996,400,755,944,408,784,939,707,805,551,728,842,633,566,460,891,728,447,455,945,110,878,945,3,856,691,820,843,498,258,475,0,25,27,21,28,26,25,12,18,19,18,7,22,20,16,16,16,18,33,37,21,15,19,18,27,17,16,10,15,15,14,19,8
[246684.645705] [AOA] Measurement: 0,1580366720.498764,08:55:31:9a:df:1f,2,1,2,0,128,4,425,787,986,424,791,947,755,895,526,199,1001,131,467,890,987,172,616,451,954,73,817,382,810,912,770,313,995,1022,316,204,779,20,23,22,23,22,17,11,15,17,14,9,17,18,14,17,13,19,27,29,20,13,14,17,26,16,13,11,16,12,13,19,6
[246684.674087] [AOA] Measurement: 0,1580366720.527148,08:55:31:9a:df:1f,2,1,2,0,128,11,401,321,117,958,950,1019,725,327,714,248,908,609,560,926,40,133,578,999,91,762,57,917,27,336,835,746,789,578,249,744,279,27,32,24,28,30,22,14,18,18,16,11,25,23,17,20,14,21,32,35,35,21,19,26,33,18,14,13,19,15,16,19,12
[246684.696879] [AOA] Measurement: 0,1580366720.549938,08:55:31:9a:df:1f,2,1,2,0,128,42,403,783,917,486,873,938,688,342,705,734,860,618,564,918,11,241,574,495,973,133,871,402,834,796,662,769,826,578,277,394,896,29,31,24,30,33,23,13,15,20,21,10,25,27,21,17,19,23,37,36,24,23,19,27,27,17,17,11,15,18,14,17,11
[246684.726450] [AOA] Measurement: 0,1580366720.579505,08:55:31:9a:df:1f,2,1,2,0,128,1000,356,815,1004,472,848,936,695,346,740,716,755,71,358,375,830,759,494,452,947,185,833,369,769,862,717,786,858,571,273,784,308,30,29,29,25,22,25,12,17,18,14,6,20,12,9,12,9,20,36,34,32,17,18,25,24,22,10,12,16,13,11,15,3
[246684.756101] [AOA] Measurement: 0,1580366720.609157,08:55:31:9a:df:1f,2,1,2,0,128,981,417,731,924,437,818,965,724,904,542,736,784,61,374,353,813,712,454,463,917,170,866,334,808,897,711,770,769,537,191,862,383,23,29,22,29,25,17,12,17,17,16,5,15,17,16,15,16,20,27,33,18,13,16,24,28,21,14,12,9,13,10,16,7
[246684.784632] [AOA] Measurement: 0,1580366720.637691,08:55:31:9a:df:1f,2,1,2,0,128,997,418,808,954,460,806,933,728,393,755,278,946,31,323,391,826,667,398,434,920,140,871,359,795,831,700,790,819,552,272,222,679,23,25,18,26,24,23,13,19,16,14,7,16,19,14,16,18,18,33,35,21,13,18,21,26,17,16,12,17,11,12,19,12
[246684.813298] [AOA] Measurement: 0,1580366720.666355,08:55:31:9a:df:1f,2,1,2,0,128,1000,407,302,96,997,1022,464,896,374,708,328,993,622,616,905,25,775,534,3,153,714,70,931,10,340,854,285,8,33,411,499,984,24,26,19,28,23,19,13,15,19,16,10,18,19,17,19,18,15,36,32,24,14,17,24,27,18,16,11,16,11,15,18,9
[246684.841387] [AOA] Measurement: 0,1580366720.694450,08:55:31:9a:df:1f,2,1,2,0,128,563,634,301,146,940,944,461,909,873,561,270,998,634,581,928,39,303,701,62,124,662,80,926,1019,356,926,334,980,97,456,68,556,29,34,30,31,29,23,15,17,18,22,10,22,21,12,18,20,25,37,41,23,14,24,25,34,22,16,14,15,12,17,22,7
[246684.866024] [AOA] Measurement: 0,1580366720.719080,08:55:31:9a:df:1f,2,1,2,0,128,49,476,771,964,1011,1015,481,903,394,768,769,819,43,378,421,858,238,661,461,986,134,912,943,1008,399,899,378,984,529,237,954,469,26,27,22,18,23,21,16,13,13,16,6,15,9,10,9,10,14,35,28,21,16,16,20,20,18,14,11,8,12,12,16,6
[246684.896755] [AOA] Measurement: 0,1580366720.749810,08:55:31:9a:df:1f,2,1,2,0,128,1012,436,781,931,425,788,1001,710,425,792,202,919,100,413,951,5,744,418,437,943,745,43,380,830,378,882,826,782,509,192,941,480,29,32,29,31,27,21,16,18,19,17,9,20,29,18,17,22,27,35,37,25,19,21,29,35,21,13,14,20,12,18,21,6
[246684.920021] [AOA] Measurement: 0,1580366720.773079,08:55:31:9a:df:1f,2,1,2,0,128,29,409,756,931,413,778,913,667,808,530,640,757,90,393,373,839,682,444,966,65,191,841,935,1012,402,891,265,1003,77,376,896,450,27,27,24,29,28,18,10,16,17,12,8,20,17,15,16,13,17,32,35,22,17,14,29,29,19,15,15,20,14,17,20,11
[246684.959336] [AOA] Measurement: 0,1580366720.812394,08:55:31:9a:df:1f,2,1,2,0,128,988,409,678,895,412,773,990,724,863,619,691,788,91,423,917,48,217,664,479,979,746,76,966,1020,402,902,824,801,51,401,733,144,31,28,25,28,26,23,15,22,23,17,7,23,25,17,19,21,27,35,39,21,18,18,24,34,19,14,12,17,17,14,25,10
[246684.982881] [AOA] Measurement: 0,1580366720.835944,08:55:31:9a:df:1f,2,1,2,0,128,546,645,733,956,480,832,539,948,359,721,206,968,98,364,395,849,237,646,990,171,682,1021,974,14,408,891,795,807,528,206,432,987,23,29,26,21,17,19,15,17,16,13,9,16,8,6,5,6,14,34,37,28,9,13,17,18,22,5,13,14,14,6,16,4
[246685.014140] [AOA] Measurement: 0,1580366720.867197,08:55:31:9a:df:1f,2,1,2,0,128,1018,378,825,975,462,802,413,901,405,753,185,918,647,631,850,1022,698,450,475,971,186,844,913,1021,383,898,792,852,576,228,207,808,20,25,21,29,24,22,10,17,15,17,10,18,17,17,21,13,24,29,33,24,14,18,23,31,16,15,12,15,11,12,17,9
[246685.043665] [AOA] Measurement: 0,1580366720.896724,08:55:31:9a:df:1f,2,1,2,0,128,979,407,748,913,420,789,947,734,802,423,588,664,8,307,254,752,175,566,979,23,576,975,828,981,267,827,244,952,933,329,1015,429,22,26,25,24,23,21,12,15,17,17,7,21,22,18,18,16,23,32,33,24,14,17,19,30,17,14,7,13,14,13,17,10
[246685.073217] [AOA] Measurement: 0,1580366720.926279,08:55:31:9a:df:1f,2,1,2,0,128,48,465,815,1002,458,749,475,942,376,730,260,957,100,407,873,33,304,691,1022,156,640,49,392,808,448,921,330,7,89,444,83,640,20,26,21,25,23,19,13,17,14,19,9,17,20,14,15,14,19,32,33,21,18,17,20,27,17,15,14,12,12,16,14,9
[246685.095849] [AOA] Measurement: 0,1580366720.948911,08:55:31:9a:df:1f,2,1,2,0,128,963,363,757,922,519,822,931,638,390,795,269,949,567,533,340,836,795,477,520,953,641,29,373,812,863,645,781,836,549,277,968,436,24,28,23,29,24,21,12,16,17,18,3,19,21,17,17,14,17,33,36,21,10,17,20,30,13,12,13,16,13,17,17,9
[246685.125508] [AOA] Measurement: 0,1580366720.978565,08:55:31:9a:df:1f,2,1,2,0,128,26,395,779,953,453,828,463,913,358,719,267,970,43,364,381,826,261,652,439,869,155,857,322,828,910,685,773,809,475,231,724,267,26,29,24,21,19,20,11,10,14,11,7,15,11,9,10,7,15,34,28,21,12,18,15,22,18,10,15,11,12,10,16,5
[246685.153448] [AOA] Measurement: 0,1580366721.006508,08:55:31:9a:df:1f,2,1,2,0,128,29,444,350,154,1008,971,456,897,407,721,247,946,24,392,362,857,792,511,470,1013,714,58,949,32,396,850,725,874,25,391,781,212,21,23,21,23,17,19,8,17,15,13,9,14,18,15,16,13,17,26,29,17,11,17,19,23,17,12,10,12,13,9,17,7
[246685.181262] [AOA] Measurement: 0,1580366721.034323,08:55:31:9a:df:1f,2,1,2,0,128,24,405,775,962,432,788,949,765,876,527,663,773,50,413,331,863,716,430,477,935,136,855,388,821,887,707,317,981,512,257,82,640,26,28,24,31,25,19,13,16,16,17,7,19,21,15,12,19,17,33,36,17,17,16,15,31,13,9,9,18,14,16,18,11
[246685.205647] [AOA] Measurement: 0,1580366721.058703,08:55:31:9a:df:1f,2,1,2,0,128,977,387,699,877,410,763,911,696,760,359,119,804,5,305,202,784,575,342,395,818,29,763,221,694,782,580,285,962,911,307,853,88,23,30,19,24,24,20,8,18,18,15,11,15,16,20,19,16,20,34,32,21,15,15,18,25,19,17,11,15,14,15,17,7
[246685.236831] [AOA] Measurement: 0,1580366721.089886,08:55:31:9a:df:1f,2,1,2,0,128,41,481,860,8,1017,12,512,938,844,503,760,766,49,421,909,1022,666,413,495,956,106,808,362,850,896,728,754,850,124,457,268,745,30,28,25,30,24,25,13,22,21,18,10,21,23,17,21,19,24,34,32,24,22,16,22,33,18,15,11,17,13,10,20,6
[246685.264719] [AOA] Measurement: 0,1580366721.117780,08:55:31:9a:df:1f,2,1,2,0,128,1016,428,727,917,415,781,934,702,871,546,204,948,568,583,385,832,744,442,470,989,109,892,368,763,462,917,443,45,517,204,844,472,20,24,19,26,25,16,12,16,16,13,7,15,18,12,15,14,17,28,32,21,15,16,23,26,16,15,14,11,9,13,16,7
[246685.287862] [AOA] Measurement: 0,1580366721.140923,08:55:31:9a:df:1f,2,1,2,0,128,969,398,797,943,479,865,968,718,870,563,691,758,74,403,384,823,186,645,983,132,224,903,453,879,893,731,822,825,590,279,876,293,31,32,28,34,30,23,11,19,19,24,13,27,23,22,21,18,22,37,37,29,21,18,25,37,24,17,11,18,18,17,25,14
[246685.318785] [AOA] Measurement: 0,1580366721.171840,08:55:31:9a:df:1f,2,1,2,0,128,470,595,240,65,952,986,874,611,773,414,708,688,1018,262,247,839,234,654,982,52,603,983,789,915,789,603,252,850,414,88,279,786,30,31,23,29,25,20,12,23,18,17,10,21,21,19,19,18,21,35,40,26,16,20,26,38,22,20,15,17,11,16,21,8
[246685.347107] [AOA] Measurement: 0,1580366721.200168,08:55:31:9a:df:1f,2,1,2,0,128,971,370,665,822,440,834,914,723,750,355,497,695,981,850,177,856,537,362,433,774,73,803,218,743,747,610,750,679,425,105,176,640,23,28,21,25,27,21,13,16,18,20,5,22,23,16,19,15,18,30,33,23,16,18,25,30,19,15,15,17,16,15,19,9
[246685.372018] [AOA] Measurement: 0,1580366721.225076,08:55:31:9a:df:1f,2,1,2,0,128,546,641,687,883,435,816,989,678,742,383,577,732,484,466,862,27,111,625,973,16,608,1003,793,905,316,901,362,863,994,366,853,383,28,29,25,28,27,20,15,16,18,22,13,24,22,15,17,17,20,35,36,22,18,22,23,33,20,13,13,17,16,17,23,8
[246685.403385] [AOA] Measurement: 0,1580366721.256442,08:55:31:9a:df:1f,2,1,2,0,128,1015,417,710,872,388,846,926,683,853,428,671,733,1010,335,334,814,616,330,1016,68,621,990,783,956,312,844,316,904,377,159,491,992,24,24,27,30,26,20,9,16,14,13,11,18,17,14,16,16,19,34,31,13,13,18,22,24,15,17,17,15,13,15,18,12
[246685.432268] [AOA] Measurement: 0,1580366721.285328,08:55:31:9a:df:1f,2,1,2,0,128,569,636,247,55,1020,10,505,949,317,677,970,870,66,358,293,757,216,638,420,845,2,706,308,764,694,624,826,664,905,354,416,869,24,26,23,26,26,19,8,18,17,18,8,21,18,17,16,19,21,33,34,22,16,20,22,30,21,15,6,15,11,13,18,8
[246685.460231] [AOA] Measurement: 0,1580366721.313286,08:55:31:9a:df:1f,2,1,2,0,128,555,640,300,165,77,56,470,866,822,389,46,845,1006,254,165,747,629,396,971,19,634,930,721,980,299,827,295,920,974,350,956,383,29,30,22,28,26,22,14,19,19,14,10,21,20,14,15,20,23,36,34,24,15,20,22,30,18,14,13,15,17,14,21,6
[246685.489628] [AOA] Measurement: 0,1580366721.342682,08:55:31:9a:df:1f,2,1,2,0,128,58,494,302,115,989,1011,405,873,395,780,297,992,598,565,909,1007,275,670,1020,143,723,47,995,17,397,872,196,1009,1019,409,305,736,21,25,28,20,24,17,13,14,12,8,4,17,11,10,13,11,14,32,34,19,12,15,18,22,19,11,10,13,13,12,19,10
[246685.517487] [AOA] Measurement: 0,1580366721.370548,08:55:31:9a:df:1f,2,1,2,0,128,485,558,746,926,991,995,411,882,309,671,602,700,32,314,843,964,236,616,914,82,649,1014,864,956,324,808,277,943,912,299,446,955,23,28,22,19,20,17,11,11,11,6,6,15,13,0,10,3,10,35,30,18,8,9,15,14,15,8,9,8,12,7,13,5
[246685.543348] [AOA] Measurement: 0,1580366721.396404,08:55:31:9a:df:1f,2,1,2,0,128,49,425,763,932,9,1018,497,904,361,749,677,765,88,402,432,873,183,606,414,900,732,17,966,12,376,892,788,800,515,144,111,731,20,28,24,21,15,21,13,10,10,11,7,16,10,6,7,4,9,27,28,20,6,10,13,15,17,8,7,10,9,8,10,3
[246685.571807] [AOA] Measurement: 0,1580366721.424867,08:55:31:9a:df:1f,2,1,2,0,128,990,398,702,919,438,799,865,679,808,498,571,687,582,507,806,41,592,345,330,845,576,999,265,788,731,636,777,745,989,374,695,238,24,26,23,27,28,17,11,21,18,16,7,20,17,17,17,16,16,38,35,18,16,17,22,27,21,14,13,11,17,14,21,8
[246685.596661] [AOA] Measurement: 0,1580366721.449717,08:55:31:9a:df:1f,2,1,2,0,128,999,358,771,988,477,855,990,693,826,539,710,822,632,528,384,858,689,432,77,270,755,35,975,14,414,917,809,845,537,219,981,525,26,28,25,28,24,22,12,19,19,17,8,20,20,13,15,16,22,36,36,19,16,15,19,24,16,14,15,15,12,14,17,9
[246685.628401] [AOA] Measurement: 0,1580366721.481457,08:55:31:9a:df:1f,2,1,2,0,128,9,395,757,933,997,1023,989,748,827,505,682,731,56,345,389,869,709,438,429,817,52,784,364,841,904,723,825,845,74,431,120,535,24,25,20,25,21,20,12,18,18,19,10,18,20,16,17,14,19,35,33,23,16,15,21,28,19,16,12,14,14,13,19,8
[246685.657302] [AOA] Measurement: 0,1580366721.510365,08:55:31:9a:df:1f,2,1,2,0,128,516,635,221,80,437,805,493,936,775,439,165,911,632,564,859,11,181,597,953,43,614,1000,797,963,726,679,701,685,955,318,834,299,26,29,28,31,28,24,14,15,18,18,9,21,22,17,15,16,21,31,37,23,21,19,23,27,21,13,17,15,14,16,19,6
[246685.682574] [AOA] Measurement: 0,1580366721.535630,08:55:31:9a:df:1f,2,1,2,0,128,994,374,709,876,457,776,985,660,814,529,760,768,61,393,335,819,711,464,465,875,195,887,369,855,342,855,904,873,574,235,931,383,23,21,20,23,17,20,12,17,16,14,8,16,17,16,17,12,13,35,28,16,17,15,24,22,17,14,11,14,13,13,16,7
[246685.714013] [AOA] Measurement: 0,1580366721.567068,08:55:31:9a:df:1f,2,1,2,0,128,1002,415,786,1000,407,848,480,916,354,732,729,794,63,332,356,813,713,430,468,954,126,833,394,840,364,872,295,14,481,237,38,608,29,32,27,20,26,25,15,15,18,15,8,15,14,12,11,10,16,37,30,22,16,13,24,23,21,13,13,12,16,11,12,5
[246685.737952] [AOA] Measurement: 0,1580366721.591012,08:55:31:9a:df:1f,2,1,2,0,128,548,641,314,138,458,837,949,694,448,789,256,950,56,390,336,817,741,510,462,977,184,891,929,2,425,939,351,985,80,435,540,10,25,26,26,29,23,23,17,17,16,20,6,23,23,18,18,15,20,32,37,25,13,17,24,28,22,12,14,13,13,16,17,11
[246685.768241] [AOA] Measurement: 0,1580366721.621302,08:55:31:9a:df:1f,2,1,2,0,128,60,476,291,145,6,12,504,943,357,690,209,925,601,596,348,809,788,494,436,986,151,870,438,853,420,875,299,1020,1010,416,369,808,27,30,27,27,24,27,16,14,20,18,12,22,23,18,18,18,22,40,36,22,15,26,23,34,21,16,14,14,16,16,24,13
[246685.795045] [AOA] Measurement: 0,1580366721.648100,08:55:31:9a:df:1f,2,1,2,0,128,8,437,781,908,436,815,951,754,326,711,724,808,52,392,387,825,276,662,979,106,146,846,397,855,407,912,290,1003,533,237,695,256,24,28,25,29,25,18,10,18,16,16,10,20,20,13,19,15,18,34,35,20,14,15,23,27,17,11,12,17,13,15,18,10
[246685.824950] [AOA] Measurement: 0,1580366721.678007,08:55:31:9a:df:1f,2,1,2,0,128,520,590,671,872,406,776,949,749,280,641,177,822,72,339,316,701,583,348,413,913,54,772,878,960,785,576,747,674,447,169,560,83,25,27,20,27,25,20,12,17,21,15,8,22,18,17,14,15,21,29,32,21,12,20,18,31,17,12,11,13,13,13,20,8
[246685.855016] [AOA] Measurement: 0,1580366721.708071,08:55:31:9a:df:1f,2,1,2,0,128,1009,425,308,139,966,1014,443,885,309,629,146,875,27,340,313,827,594,380,372,889,1007,760,356,842,782,628,818,667,1011,305,696,185,20,22,15,23,24,21,12,17,14,13,5,18,16,11,14,14,19,28,26,21,13,16,17,27,16,16,11,15,10,11,14,8
[246685.885236] [AOA] Measurement: 0,1580366721.738292,08:55:31:9a:df:1f,2,1,2,0,128,515,619,802,961,460,815,920,675,403,778,757,769,116,414,414,868,248,642,447,1000,212,832,375,830,364,905,781,877,96,477,996,595,24,26,22,24,20,22,10,18,14,17,7,16,18,16,17,14,19,32,33,20,16,16,22,23,14,15,11,15,11,16,15,7
[246685.916799] [AOA] Measurement: 0,1580366721.769854,08:55:31:9a:df:1f,2,1,2,0,128,13,410,763,978,450,849,949,687,889,568,693,801,592,576,882,946,739,464,942,111,655,990,352,809,878,714,314,25,522,223,120,622,25,25,22,25,22,21,12,18,15,18,10,23,21,19,17,17,21,33,34,21,17,16,18,26,18,15,8,15,11,15,19,8
[246685.941187] [AOA] Measurement: 0,1580366721.794247,08:55:31:9a:df:1f,2,1,2,0,128,58,446,750,932,442,841,903,621,897,544,714,756,85,440,334,852,776,495,465,916,174,860,412,788,833,705,852,879,119,458,199,653,23,26,21,25,24,22,13,16,18,16,7,19,19,16,14,18,17,30,34,19,18,16,20,26,16,14,10,11,12,16,19,9
[246685.972658] [AOA] Measurement: 0,1580366721.825716,08:55:31:9a:df:1f,2,1,2,0,128,79,414,673,892,420,802,917,680,917,578,249,953,99,336,308,763,697,424,398,864,142,852,341,821,964,776,363,1007,490,243,935,480,26,31,28,31,27,24,19,21,18,22,10,23,23,18,17,18,22,37,38,26,21,19,28,32,20,17,13,14,14,19,21,11
[246685.999407] [AOA] Measurement: 0,1580366721.852463,08:55:31:9a:df:1f,2,1,2,0,128,20,438,761,993,1020,22,952,683,861,539,719,726,65,355,421,878,710,451,476,944,731,43,965,14,377,868,348,1003,46,417,0,521,20,24,23,25,19,20,10,17,17,14,8,17,21,15,18,15,19,31,29,17,15,17,23,24,21,12,13,15,13,8,16,8
[246686.029214] [AOA] Measurement: 0,1580366721.882269,08:55:31:9a:df:1f,2,1,2,0,128,489,533,689,844,443,817,921,674,835,483,617,690,591,549,892,37,215,619,38,43,684,9,744,925,392,817,241,916,919,307,896,180,27,24,23,15,20,19,11,14,13,11,6,13,13,10,13,13,17,31,27,15,14,14,17,21,18,12,12,11,17,13,18,6
[246686.059138] [AOA] Measurement: 0,1580366721.912193,08:55:31:9a:df:1f,2,1,2,0,128,7,420,792,963,438,846,940,702,793,531,737,784,56,354,376,823,759,437,464,953,727,1023,966,25,375,857,768,808,148,477,316,779,25,24,23,25,26,19,13,18,17,18,7,22,19,15,15,18,19,33,32,17,14,18,19,31,17,15,10,16,12,13,18,12
[246686.089365] [AOA] Measurement: 0,1580366721.942421,08:55:31:9a:df:1f,2,1,2,0,128,79,511,728,905,450,813,956,710,873,560,680,736,7,387,351,821,742,442,448,931,155,854,424,880,871,765,761,819,148,463,409,944,22,21,20,14,16,17,10,12,10,10,5,15,10,10,8,9,13,26,20,15,11,13,17,23,15,14,13,11,13,10,16,7
[246686.118059] [AOA] Measurement: 0,1580366721.971118,08:55:31:9a:df:1f,2,1,2,0,128,18,438,347,144,992,10,387,925,380,710,194,951,642,641,892,995,306,646,17,127,711,84,958,37,402,900,410,63,75,452,359,860,27,31,20,27,28,25,13,14,13,15,8,17,20,14,13,17,19,31,34,22,17,17,24,25,16,16,13,16,13,15,20,9
[246686.143946] [AOA] Measurement: 0,1580366721.997002,08:55:31:9a:df:1f,2,1,2,0,128,976,412,790,988,481,784,982,687,377,718,677,721,77,400,374,848,736,436,468,941,96,831,393,842,836,736,770,800,559,259,94,658,22,23,24,28,27,18,12,19,20,11,6,20,20,10,16,16,19,35,29,22,11,15,21,28,17,14,14,17,11,15,17,11
[246686.176867] [AOA] Measurement: 0,1580366722.029928,08:55:31:9a:df:1f,2,1,2,0,128,1022,411,772,973,389,836,851,663,752,489,588,681,79,341,846,965,115,546,901,991,1008,810,247,767,316,876,319,952,899,303,569,88,24,31,26,33,29,27,13,21,20,21,9,22,22,18,17,19,24,38,39,22,19,19,24,34,18,16,14,19,12,17,22,12
[246686.202851] [AOA] Measurement: 0,1580366722.055907,08:55:31:9a:df:1f,2,1,2,0,128,0,419,748,936,442,725,922,684,867,550,704,794,68,406,378,825,725,431,420,993,208,885,370,837,901,738,283,14,10,438,480,15,20,27,21,29,23,22,11,15,14,17,10,19,22,16,15,16,17,32,31,23,14,20,20,28,15,16,11,14,14,16,17,11
[246686.233774] [AOA] Measurement: 0,1580366722.086830,08:55:31:9a:df:1f,2,1,2,0,128,23,436,829,991,390,760,889,707,880,578,231,955,550,543,338,834,269,666,997,91,682,30,349,841,839,649,836,858,83,458,0,535,20,26,21,25,27,19,12,20,14,17,7,16,20,19,18,13,16,36,30,17,16,12,23,25,22,15,11,16,13,14,15,6
[246686.262852] [AOA] Measurement: 0,1580366722.115912,08:55:31:9a:df:1f,2,1,2,0,128,495,602,765,965,451,796,941,716,878,560,710,778,599,574,848,980,217,634,1015,130,719,48,942,39,380,884,314,1022,75,461,361,791,30,28,27,21,22,25,11,13,11,12,8,15,12,7,12,6,13,37,33,21,14,16,16,22,15,10,13,13,13,11,17,3
[246686.289431] [AOA] Measurement: 0,1580366722.142487,08:55:31:9a:df:1f,2,1,2,0,128,980,339,786,966,433,859,898,660,823,555,725,795,44,371,317,778,716,434,418,954,723,16,945,1006,386,845,866,832,579,212,491,20,26,29,20,28,24,19,10,18,18,18,7,21,21,18,16,16,17,30,34,23,20,16,24,26,17,11,11,15,13,12,20,9
[246686.315190] [AOA] Measurement: 0,1580366722.168252,08:55:31:9a:df:1f,2,1,2,0,128,564,650,767,928,1011,970,493,909,402,775,238,987,580,532,976,56,256,634,19,174,660,5,903,8,813,697,323,1002,41,398,402,964,24,27,27,26,22,23,12,10,11,9,6,16,10,5,5,10,12,35,34,25,11,10,18,15,22,9,16,8,16,4,14,6
[246686.345995] [AOA] Measurement: 0,1580366722.199051,08:55:31:9a:df:1f,2,1,2,0,128,960,399,745,919,410,786,967,721,357,720,295,1,625,588,905,4,314,738,999,144,180,843,389,831,378,939,293,6,515,268,392,851,31,29,31,33,31,24,12,19,20,19,10,23,29,19,21,20,20,36,37,21,13,18,25,31,22,16,13,20,14,14,21,8
[246686.386206] [AOA] Measurement: 0,1580366722.239268,08:55:31:9a:df:1f,2,1,2,0,128,937,368,261,94,949,1013,948,649,288,655,201,916,537,566,321,814,629,428,522,867,618,950,790,951,244,791,349,813,395,46,371,791,24,29,22,27,28,18,18,13,17,17,8,24,24,13,16,15,17,30,35,18,15,16,26,26,14,13,12,17,15,15,17,9
[246686.413656] [AOA] Measurement: 0,1580366722.266715,08:55:31:9a:df:1f,2,1,2,0,128,45,433,789,958,988,971,962,729,343,697,263,953,596,579,875,998,246,628,458,970,716,75,366,820,830,726,810,863,21,391,911,293,32,31,23,32,28,27,18,17,20,18,8,21,22,19,19,17,19,31,35,30,21,20,26,33,16,15,10,20,19,15,20,11
[246686.444602] [AOA] Measurement: 0,1580366722.297664,08:55:31:9a:df:1f,2,1,2,0,128,982,443,749,905,967,964,952,728,765,406,149,853,522,426,755,996,498,313,342,768,17,757,377,770,297,928,638,612,411,1015,952,640,20,24,25,17,18,16,10,9,13,8,6,16,5,3,4,5,7,25,32,14,6,12,14,10,14,7,12,11,10,4,14,0
[246686.468110] [AOA] Measurement: 0,1580366722.321171,08:55:31:9a:df:1f,2,1,2,0,128,559,632,777,984,427,797,910,654,403,777,210,927,41,360,394,802,261,673,422,946,202,872,373,834,386,904,358,18,57,395,555,1009,28,31,28,18,21,26,14,14,13,15,9,17,15,2,11,8,14,40,30,22,14,14,23,24,26,12,16,14,14,8,20,10
[246686.497338] [AOA] Measurement: 0,1580366722.350395,08:55:31:9a:df:1f,2,1,2,0,128,1007,420,671,913,441,836,946,704,819,523,692,707,0,344,905,977,617,366,403,918,600,996,880,916,819,676,267,904,970,285,480,800,24,32,24,32,27,24,13,19,20,20,10,21,27,19,20,16,24,34,36,25,19,18,27,29,17,14,14,14,15,14,21,10
[246686.528840] [AOA] Measurement: 0,1580366722.381903,08:55:31:9a:df:1f,2,1,2,0,128,612,680,336,119,17,974,510,860,808,558,230,0,627,563,939,6,271,653,996,93,703,101,916,10,398,912,324,6,1015,422,164,595,20,24,21,26,22,20,6,18,19,16,9,21,20,18,16,14,21,33,31,21,15,19,21,30,18,11,13,13,13,11,19,10
[246686.553640] [AOA] Measurement: 0,1580366722.406695,08:55:31:9a:df:1f,2,1,2,0,128,579,670,739,897,513,819,448,859,431,750,280,959,577,569,871,6,659,433,479,988,792,64,975,15,405,941,312,15,92,421,981,368,23,29,27,31,26,23,11,19,20,14,9,21,24,16,20,20,24,35,37,26,16,16,25,30,18,14,14,16,14,14,23,11
[246686.586535] [AOA] Measurement: 0,1580366722.439592,08:55:31:9a:df:1f,2,1,2,0,128,4,429,292,114,974,973,977,675,376,726,271,1002,639,580,975,23,727,447,12,113,691,23,976,32,374,905,342,55,79,484,22,369,23,31,23,26,27,21,12,16,17,17,7,22,25,22,17,15,22,29,33,16,18,14,20,35,17,14,5,15,15,11,23,11
[246686.615333] [AOA] Measurement: 0,1580366722.468397,08:55:31:9a:df:1f,2,1,2,0,128,1018,432,767,911,409,795,924,667,864,548,662,750,602,552,943,1011,269,647,1,122,694,4,901,996,838,704,375,10,67,485,486,958,24,27,21,21,23,16,11,13,20,17,11,18,20,17,15,18,17,32,30,18,14,19,18,29,16,13,11,13,13,14,17,10
[246686.643062] [AOA] Measurement: 0,1580366722.496118,08:55:31:9a:df:1f,2,1,2,0,128,995,408,742,936,464,820,909,726,887,531,717,785,572,511,375,847,734,493,515,957,690,39,359,810,846,687,809,869,500,209,143,692,23,27,24,18,17,18,11,9,13,10,6,15,10,6,8,6,3,28,29,16,10,15,14,16,16,10,14,11,11,5,11,5
[246686.673911] [AOA] Measurement: 0,1580366722.526967,08:55:31:9a:df:1f,2,1,2,0,128,21,432,782,968,435,831,950,688,818,553,222,989,575,558,931,4,719,415,498,985,711,18,991,15,356,951,299,1002,78,431,844,246,23,25,24,20,19,19,9,10,10,11,6,12,8,4,8,5,10,25,28,23,8,11,18,14,17,9,6,8,14,7,13,0
[246686.702050] [AOA] Measurement: 0,1580366722.555110,08:55:31:9a:df:1f,2,1,2,0,128,22,405,734,938,1011,969,910,691,346,702,225,920,53,381,911,986,258,663,999,141,705,42,377,861,853,695,326,76,15,361,613,110,26,28,19,25,26,20,12,16,19,17,9,20,23,18,16,14,17,30,29,20,16,16,22,26,15,13,9,16,11,13,17,11
[246686.729635] [AOA] Measurement: 0,1580366722.582691,08:55:31:9a:df:1f,2,1,2,0,128,5,395,733,954,431,804,921,707,854,557,740,788,33,359,392,890,722,424,474,971,121,890,446,855,889,707,751,859,54,408,773,325,19,25,22,27,26,21,14,18,15,16,9,17,20,17,13,18,15,35,30,17,15,17,19,27,15,15,17,16,13,13,19,9
[246686.754585] [AOA] Measurement: 0,1580366722.607642,08:55:31:9a:df:1f,2,1,2,0,128,12,462,749,948,468,796,902,705,790,483,715,755,92,379,365,834,671,435,489,948,172,857,418,862,818,642,816,858,542,273,663,299,26,28,29,28,25,22,10,20,19,18,12,21,24,15,19,20,21,33,36,25,20,20,19,30,17,14,11,16,17,14,16,9
[246686.787307] [AOA] Measurement: 0,1580366722.640361,08:55:31:9a:df:1f,2,1,2,0,128,1019,433,788,994,363,797,934,687,900,563,317,965,611,590,929,8,311,650,1000,87,89,818,394,830,872,629,784,786,504,251,336,896,22,25,19,22,23,15,11,15,15,13,6,17,17,13,16,14,20,31,27,21,13,15,20,24,17,11,10,14,11,15,21,4
[246686.818851] [AOA] Measurement: 0,1580366722.671912,08:55:31:9a:df:1f,2,1,2,0,128,987,401,745,956,372,848,1010,733,360,753,237,997,615,555,385,820,762,456,456,997,155,876,369,816,425,906,361,4,45,361,1019,489,22,24,22,24,21,21,12,16,15,16,5,20,20,16,18,15,20,31,33,19,15,20,21,27,16,15,11,15,14,14,20,9
[246686.845746] [AOA] Measurement: 0,1580366722.698803,08:55:31:9a:df:1f,2,1,2,0,128,544,667,327,136,1017,1018,467,875,332,758,221,932,98,370,367,855,313,677,34,193,677,33,916,30,352,849,360,42,89,490,36,588,23,24,21,25,26,22,16,12,16,14,7,20,20,17,16,16,19,31,33,16,14,17,19,25,15,12,8,13,13,14,19,8
[246686.876547] [AOA] Measurement: 0,1580366722.729602,08:55:31:9a:df:1f,2,1,2,0,128,1022,400,771,961,463,812,988,738,819,468,678,736,54,363,321,805,756,468,457,1012,753,60,896,994,409,914,283,1,91,463,904,383,23,28,20,24,25,20,13,13,12,17,12,19,23,13,16,11,17,30,29,16,14,12,16,28,14,12,10,11,13,16,17,9
[246686.901422] [AOA] Measurement: 0,1580366722.754477,08:55:31:9a:df:1f,2,1,2,0,128,989,375,760,941,480,849,977,746,452,711,661,787,44,343,914,48,272,627,999,121,761,33,939,34,472,869,785,824,1010,400,90,548,26,25,21,27,27,24,14,17,17,16,9,21,17,17,16,17,23,34,32,24,18,15,22,31,16,15,9,13,12,12,20,5
[246686.931718] [AOA] Measurement: 0,1580366722.784780,08:55:31:9a:df:1f,2,1,2,0,128,514,568,273,104,982,23,422,877,431,765,172,916,102,424,891,1009,255,662,480,1019,196,881,960,27,459,934,332,24,80,469,352,896,20,24,23,25,25,20,13,17,15,12,5,18,17,15,17,15,17,31,32,18,14,20,24,24,14,14,13,14,9,16,15,8
[246686.961224] [AOA] Measurement: 0,1580366722.814279,08:55:31:9a:df:1f,2,1,2,0,128,1008,432,334,158,84,16,432,854,413,813,202,964,555,536,915,1020,228,632,460,999,731,95,980,56,412,895,332,960,25,500,149,672,27,26,24,29,30,23,10,16,17,16,11,20,21,14,17,17,19,32,32,19,13,21,19,29,16,16,11,14,11,17,24,10
[246686.986274] [AOA] Measurement: 0,1580366722.839336,08:55:31:9a:df:1f,2,1,2,0,128,950,351,758,922,454,795,975,705,905,551,762,765,111,443,348,826,221,610,456,862,733,30,898,998,853,673,861,816,542,242,290,856,22,21,20,13,20,17,13,14,14,7,5,18,10,7,8,12,14,32,29,14,12,14,14,24,18,11,13,15,13,14,18,8
[246687.013858] [AOA] Measurement: 0,1580366722.866914,08:55:31:9a:df:1f,2,1,2,0,128,26,502,736,925,408,764,896,679,889,528,292,32,615,549,922,14,299,693,1015,124,685,16,983,2,420,881,302,1019,40,443,369,909,24,27,26,18,20,18,12,15,11,9,4,18,10,6,9,10,10,31,32,21,9,11,14,14,16,8,10,10,8,6,10,2
[246687.044764] [AOA] Measurement: 0,1580366722.897820,08:55:31:9a:df:1f,2,1,2,0,128,0,416,372,148,511,807,956,675,822,538,267,1005,64,409,922,1013,703,442,464,985,173,875,976,1,450,964,380,1018,83,440,27,475,23,31,27,20,19,23,13,11,15,12,3,17,8,5,8,8,11,34,34,18,11,15,19,21,20,10,17,14,13,7,16,6
[246687.074333] [AOA] Measurement: 0,1580366722.927393,08:55:31:9a:df:1f,2,1,2,0,128,489,600,820,969,438,786,926,707,386,682,467,619,558,556,772,23,590,390,906,993,575,974,782,920,745,605,746,720,406,102,992,383,29,30,24,30,31,23,13,20,18,19,8,21,22,17,17,20,24,39,35,14,21,21,24,28,22,17,15,17,10,13,22,14
[246687.098946] [AOA] Measurement: 0,1580366722.952007,08:55:31:9a:df:1f,2,1,2,0,128,505,571,325,124,495,853,991,703,390,721,178,916,614,595,935,978,245,657,972,79,752,45,932,43,366,864,377,48,40,396,403,896,25,29,27,22,22,19,12,13,10,13,6,17,10,5,11,3,14,32,28,26,6,15,18,13,17,7,12,10,8,8,15,8
[246687.141466] [AOA] Measurement: 0,1580366722.994522,08:55:31:9a:df:1f,2,1,2,0,128,994,386,731,983,955,65,400,857,798,499,656,705,985,330,346,905,218,635,1005,143,586,990,314,731,802,646,285,915,960,306,262,600,26,25,24,30,22,21,8,19,16,15,9,16,17,16,15,13,17,35,35,22,14,16,19,28,16,14,17,14,14,14,19,11
[246687.172527] [AOA] Measurement: 0,1580366723.025587,08:55:31:9a:df:1f,2,1,2,0,128,16,484,770,958,442,793,991,721,844,590,238,1006,620,569,921,15,242,649,1020,220,123,850,369,813,851,689,288,43,70,420,702,158,20,24,23,16,18,17,8,11,11,11,4,11,10,5,9,8,17,29,32,23,9,14,16,18,14,12,6,11,9,6,13,3
[246687.201480] [AOA] Measurement: 0,1580366723.054536,08:55:31:9a:df:1f,2,1,2,0,128,964,404,741,936,440,823,932,689,799,464,547,673,561,586,791,1010,123,563,424,880,582,936,286,738,751,618,214,914,418,116,797,308,28,33,29,28,28,28,16,18,17,15,5,20,18,15,17,19,21,39,35,25,17,20,22,32,19,17,17,16,14,18,23,12
[246687.233653] [AOA] Measurement: 0,1580366723.086708,08:55:31:9a:df:1f,2,1,2,0,128,986,366,795,1016,407,752,908,725,927,618,275,966,126,399,392,851,707,453,404,919,179,903,387,838,429,946,302,24,75,461,475,46,23,21,25,26,25,22,12,16,15,18,6,20,19,14,14,14,20,33,27,20,16,18,23,30,17,15,10,17,13,15,16,11
[246687.262337] [AOA] Measurement: 0,1580366723.115398,08:55:31:9a:df:1f,2,1,2,0,128,1014,396,749,949,484,853,466,887,788,457,558,731,55,386,381,783,704,497,443,875,168,864,873,994,347,846,803,785,11,420,128,615,18,22,16,25,22,20,12,12,15,15,5,18,15,16,12,19,14,32,28,18,14,15,18,28,20,13,12,12,11,11,21,9
[246687.292564] [AOA] Measurement: 0,1580366723.145619,08:55:31:9a:df:1f,2,1,2,0,128,1009,381,794,918,443,816,998,738,356,744,749,791,46,361,363,865,629,436,439,902,160,849,421,857,929,681,760,833,42,424,151,679,23,22,24,24,20,21,14,15,18,14,8,19,18,16,19,18,15,31,34,23,14,15,23,25,19,17,10,14,10,16,15,13
[246687.321872] [AOA] Measurement: 0,1580366723.174931,08:55:31:9a:df:1f,2,1,2,0,128,1013,404,817,995,462,818,855,675,817,484,827,859,42,411,338,790,741,463,469,28,189,885,894,18,911,757,799,768,30,367,725,177,26,23,22,28,25,22,13,16,15,17,9,21,23,15,14,18,24,33,34,18,13,17,18,30,17,13,11,16,11,15,17,12
[246687.352323] [AOA] Measurement: 0,1580366723.205381,08:55:31:9a:df:1f,2,1,2,0,128,537,612,743,925,422,784,921,701,846,553,672,779,79,360,870,967,725,465,468,9,165,912,990,19,411,880,232,1010,42,415,136,670,25,25,25,22,19,22,14,13,10,11,4,15,12,8,11,9,13,35,30,25,11,16,20,18,18,7,8,12,15,6,16,5
[246687.376696] [AOA] Measurement: 0,1580366723.229757,08:55:31:9a:df:1f,2,1,2,0,128,543,682,303,104,5,6,561,928,367,732,740,792,61,347,377,879,250,670,25,117,696,40,950,1020,401,956,314,1013,43,391,788,243,25,26,22,28,26,19,15,12,15,17,10,20,22,15,15,14,21,28,28,17,19,16,18,28,15,13,9,15,13,14,18,9
[246687.405705] [AOA] Measurement: 0,1580366723.258763,08:55:31:9a:df:1f,2,1,2,0,128,18,425,781,994,990,1015,441,889,379,748,673,759,78,395,393,858,702,446,471,916,188,912,434,861,877,672,344,990,96,429,736,190,26,28,26,27,25,25,13,18,21,19,8,20,21,17,18,18,19,35,34,27,18,22,24,31,19,15,16,16,13,12,22,13
[246687.433266] [AOA] Measurement: 0,1580366723.286326,08:55:31:9a:df:1f,2,1,2,0,128,1016,409,824,961,984,973,405,916,829,479,789,785,626,607,928,55,265,638,1019,97,768,52,941,1017,382,863,271,998,535,245,750,141,26,34,27,23,22,21,14,15,12,11,6,18,13,7,9,11,15,32,34,22,14,18,22,29,16,9,17,15,10,12,12,8
[246687.458431] [AOA] Measurement: 0,1580366723.311491,08:55:31:9a:df:1f,2,1,2,0,128,1004,385,748,926,507,784,925,742,835,535,716,781,53,425,380,874,716,455,452,918,119,868,327,777,950,734,321,1016,488,250,783,309,23,26,19,22,24,21,13,15,16,16,11,19,20,16,16,16,20,32,33,22,10,17,22,28,15,11,9,14,13,17,18,10
[246687.493579] [AOA] Measurement: 0,1580366723.346613,08:55:31:9a:df:1f,2,1,2,0,128,976,376,715,962,461,803,405,865,774,434,87,873,595,600,780,949,648,425,390,916,617,961,845,922,793,599,725,679,944,281,456,962,18,27,22,17,17,15,9,11,12,10,5,10,8,1,1,6,10,28,25,20,8,7,18,10,15,3,10,6,8,6,13,4
[246687.525781] [AOA] Measurement: 0,1580366723.378842,08:55:31:9a:df:1f,2,1,2,0,128,1018,416,713,901,386,823,931,688,795,416,559,627,998,391,266,810,679,447,957,955,64,739,734,915,792,648,312,885,934,286,909,383,25,26,24,29,24,21,13,18,16,19,9,22,20,16,16,17,21,28,31,22,17,17,24,26,14,15,13,12,13,14,22,8
[246687.551462] [AOA] Measurement: 0,1580366723.404523,08:55:31:9a:df:1f,2,1,2,0,128,57,466,767,925,436,795,983,694,817,513,648,760,57,378,361,873,227,615,483,938,175,906,402,854,362,865,308,26,1017,403,329,928,27,32,26,30,34,19,13,18,20,18,11,20,23,22,14,21,22,33,35,23,19,22,28,33,16,14,14,17,16,15,20,8
[246687.582577] [AOA] Measurement: 0,1580366723.435633,08:55:31:9a:df:1f,2,1,2,0,128,1008,443,739,848,936,969,462,921,271,613,1012,805,27,361,749,987,612,388,391,780,999,717,161,683,755,542,778,650,415,51,896,383,20,26,25,22,18,18,10,12,14,11,4,15,10,6,11,5,12,30,29,24,12,14,15,18,18,5,12,5,8,7,13,2
[246687.611065] [AOA] Measurement: 0,1580366723.464125,08:55:31:9a:df:1f,2,1,2,0,128,995,330,789,949,1023,9,846,681,857,553,713,756,27,330,383,815,784,537,495,934,707,14,905,1023,422,905,265,1001,549,202,602,180,23,29,21,25,26,21,15,17,17,17,8,21,23,16,16,17,16,29,33,19,19,16,19,29,19,14,8,14,12,13,20,10
[246687.638874] [AOA] Measurement: 0,1580366723.491933,08:55:31:9a:df:1f,2,1,2,0,128,1022,403,765,928,986,998,450,968,346,689,285,991,23,404,966,1013,642,439,480,968,87,871,364,825,915,719,750,802,81,440,46,595,25,29,20,28,24,25,11,16,16,17,6,22,20,15,17,16,26,33,33,20,18,15,18,27,15,11,6,14,13,12,19,8
[246687.671287] [AOA] Measurement: 0,1580366723.524344,08:55:31:9a:df:1f,2,1,2,0,128,993,401,695,898,427,784,926,653,919,531,725,757,50,431,364,863,736,452,440,945,67,833,410,842,871,686,746,796,606,240,128,658,26,28,31,21,25,23,11,8,11,12,6,19,12,2,6,6,15,33,32,19,5,14,18,22,15,8,13,14,11,11,14,5
[246687.700368] [AOA] Measurement: 0,1580366723.553431,08:55:31:9a:df:1f,2,1,2,0,128,15,437,780,978,1,1021,438,892,881,562,230,0,103,416,940,1017,707,434,997,90,708,61,941,1005,364,908,399,12,54,421,835,269,21,25,18,23,21,19,8,16,12,14,8,16,19,15,16,13,20,26,27,25,13,16,20,27,16,12,11,10,14,13,18,11
[246687.730259] [AOA] Measurement: 0,1580366723.583315,08:55:31:9a:df:1f,2,1,2,0,128,537,643,309,146,4,8,521,914,846,553,693,778,999,337,377,859,240,664,426,844,664,34,892,1012,478,936,336,997,517,253,853,383,28,32,27,32,28,23,16,22,20,17,6,26,23,19,16,16,25,36,35,25,16,22,24,30,20,18,11,18,17,18,24,10
[246687.755657] [AOA] Measurement: 0,1580366723.608719,08:55:31:9a:df:1f,2,1,2,0,128,19,433,798,975,1019,946,452,886,413,765,196,986,673,632,873,983,261,631,423,944,703,46,843,993,864,684,847,842,563,249,701,109,24,30,21,30,22,21,11,16,17,17,6,19,21,19,18,13,18,33,34,22,17,17,20,31,16,14,8,14,11,14,18,8
[246687.785564] [AOA] Measurement: 0,1580366723.638621,08:55:31:9a:df:1f,2,1,2,0,128,11,376,818,977,428,806,916,710,410,738,702,839,65,395,369,872,262,644,488,959,148,821,914,10,367,820,761,777,580,278,915,397,25,27,22,24,24,19,11,18,17,16,5,17,21,16,18,16,18,32,33,18,15,15,20,30,17,16,8,15,13,16,20,8
[246687.816345] [AOA] Measurement: 0,1580366723.669406,08:55:31:9a:df:1f,2,1,2,0,128,1010,434,766,936,423,776,900,682,781,508,736,752,49,378,388,850,754,427,466,954,150,845,396,852,436,916,349,19,42,469,706,180,18,21,24,15,22,18,12,10,9,14,5,17,11,11,12,14,14,28,24,10,15,17,20,25,17,14,11,17,13,14,14,10
[246687.844880] [AOA] Measurement: 0,1580366723.697937,08:55:31:9a:df:1f,2,1,2,0,128,527,613,278,108,7,987,477,896,402,769,233,945,644,593,963,16,220,614,51,208,711,37,915,22,374,904,343,58,7,415,305,834,21,24,24,26,24,15,8,21,16,17,6,18,19,20,16,17,21,32,34,22,16,14,22,29,19,14,14,14,14,16,21,10
[246687.876720] [AOA] Measurement: 0,1580366723.729778,08:55:31:9a:df:1f,2,1,2,0,128,550,634,758,1006,945,980,949,696,829,528,662,762,44,421,366,824,257,674,484,1007,677,59,937,7,399,878,782,836,39,430,634,144,23,25,22,29,26,22,13,18,19,18,6,16,20,17,15,16,19,32,33,21,15,16,23,32,19,11,12,13,13,14,22,9
[246687.910156] [AOA] Measurement: 0,1580366723.763212,08:55:31:9a:df:1f,2,1,2,0,128,961,369,712,851,426,776,1018,726,811,450,720,768,54,415,393,826,657,415,488,999,246,918,430,865,387,869,763,801,546,207,279,820,28,30,32,35,29,25,14,17,18,21,9,23,25,18,18,15,22,37,40,24,16,20,23,34,23,15,14,13,16,16,19,12
[246687.936643] [AOA] Measurement: 0,1580366723.789705,08:55:31:9a:df:1f,2,1,2,0,128,556,612,791,954,944,991,943,701,889,518,231,990,628,630,954,4,225,668,397,887,720,56,921,22,877,670,805,832,105,465,276,755,24,31,26,21,20,20,12,13,11,10,4,15,9,5,10,5,11,37,36,25,8,12,19,17,17,9,15,12,11,4,13,1
[246687.963152] [AOA] Measurement: 0,1580366723.816208,08:55:31:9a:df:1f,2,1,2,0,128,19,465,765,932,933,1005,472,916,435,771,349,986,684,584,951,23,257,631,424,934,124,886,372,842,841,682,819,836,462,207,418,971,25,26,22,29,24,19,10,17,14,15,11,16,20,15,16,15,18,31,32,21,15,19,17,31,19,13,10,15,13,17,19,9
[246687.996357] [AOA] Measurement: 0,1580366723.849414,08:55:31:9a:df:1f,2,1,2,0,128,45,400,815,939,452,798,947,713,897,567,249,931,594,552,952,2,661,408,491,994,684,50,950,26,375,862,360,35,539,244,805,247,23,23,25,21,20,19,11,11,14,9,8,11,8,5,12,8,12,27,28,20,10,8,14,17,18,9,13,7,12,9,14,4
[246688.021726] [AOA] Measurement: 0,1580366723.874785,08:55:31:9a:df:1f,2,1,2,0,128,1018,398,761,961,23,33,473,868,892,534,267,1005,10,390,393,864,729,435,480,885,707,999,903,1006,425,902,366,989,541,265,582,128,22,26,21,26,26,22,9,18,18,17,7,19,20,15,17,17,20,37,33,14,14,19,23,26,17,16,10,18,15,15,17,9
[246688.051642] [AOA] Measurement: 0,1580366723.904704,08:55:31:9a:df:1f,2,1,2,0,128,976,390,703,932,504,839,481,907,847,507,314,957,629,576,928,1008,267,647,988,109,668,34,914,1019,382,878,798,817,537,263,530,105,23,24,22,26,26,22,15,15,19,17,5,18,21,13,15,18,19,29,37,21,16,17,20,27,15,13,11,14,14,15,17,7
[246688.083767] [AOA] Measurement: 0,1580366723.936823,08:55:31:9a:df:1f,2,1,2,0,128,996,381,688,936,411,809,932,682,788,374,675,671,3,288,288,811,618,360,358,812,26,735,325,737,759,615,794,787,401,94,808,371,23,31,30,17,21,26,15,15,9,13,6,16,13,11,8,8,9,39,34,19,11,14,19,22,19,11,15,13,15,11,15,6
[246688.112955] [AOA] Measurement: 0,1580366723.966016,08:55:31:9a:df:1f,2,1,2,0,128,490,588,220,62,972,1000,943,750,718,486,589,682,989,431,268,821,643,432,997,54,553,1014,808,963,318,855,255,894,1015,287,0,424,29,31,27,20,26,26,15,14,12,12,6,17,14,5,9,12,12,41,38,20,15,19,17,17,18,10,15,15,14,11,14,5
[246688.144747] [AOA] Measurement: 0,1580366723.997810,08:55:31:9a:df:1f,2,1,2,0,128,29,473,750,944,459,818,900,709,869,487,792,768,14,358,358,842,669,402,443,960,186,904,403,811,875,711,319,994,81,424,598,83,24,25,22,13,21,19,13,12,13,10,4,16,14,7,12,7,17,30,24,17,17,14,23,23,19,16,16,12,13,13,20,9
[246688.170496] [AOA] Measurement: 0,1580366724.023558,08:55:31:9a:df:1f,2,1,2,0,128,981,409,736,903,409,819,933,705,879,510,766,761,84,411,376,824,253,651,970,85,750,89,919,14,417,937,319,972,70,492,68,617,26,26,24,18,22,23,13,13,13,11,6,12,8,9,9,9,13,31,29,23,15,11,17,19,14,9,14,13,15,7,15,5
[246688.198497] [AOA] Measurement: 0,1580366724.051557,08:55:31:9a:df:1f,2,1,2,0,128,529,627,298,153,962,975,931,754,344,783,295,991,155,461,899,991,286,682,1022,100,684,76,895,1021,494,963,348,26,90,440,903,302,18,26,26,19,18,18,9,9,12,8,4,15,6,8,4,6,9,30,30,21,9,11,14,16,13,10,12,10,8,5,10,1
[246688.230754] [AOA] Measurement: 0,1580366724.083813,08:55:31:9a:df:1f,2,1,2,0,128,943,392,705,899,449,790,913,732,769,431,636,662,611,524,815,978,123,631,965,48,584,968,269,717,279,833,788,745,430,186,544,52,20,20,22,15,22,18,14,13,14,11,6,14,11,11,11,11,17,28,22,14,13,17,21,20,18,15,15,11,15,15,15,8
[246688.261331] [AOA] Measurement: 0,1580366724.114393,08:55:31:9a:df:1f,2,1,2,0,128,543,589,344,111,952,948,934,723,830,514,774,793,55,379,305,783,731,410,437,942,199,943,909,993,355,865,277,7,62,452,606,935,25,32,29,24,21,23,12,12,13,10,4,18,12,4,7,6,14,32,37,24,12,10,20,20,19,9,16,10,14,9,15,1
[246688.291495] [AOA] Measurement: 0,1580366724.144558,08:55:31:9a:df:1f,2,1,2,0,128,44,494,753,939,414,755,887,725,857,506,235,964,636,541,950,13,727,485,422,944,104,887,401,822,816,693,804,858,40,399,312,804,18,21,21,23,23,17,10,18,17,13,8,16,21,14,18,15,17,27,28,13,13,16,19,25,15,14,12,16,10,13,18,9
[246688.317199] [AOA] Measurement: 0,1580366724.170261,08:55:31:9a:df:1f,2,1,2,0,128,499,575,272,98,981,8,940,709,713,376,661,669,3,275,282,810,590,375,427,806,1009,820,294,824,697,606,722,641,397,26,797,128,24,29,21,29,25,22,11,17,17,18,7,20,20,17,16,16,20,33,35,22,15,14,22,30,18,12,9,15,12,12,18,12
[246688.346805] [AOA] Measurement: 0,1580366724.199865,08:55:31:9a:df:1f,2,1,2,0,128,493,583,755,1004,475,798,921,617,846,556,276,993,25,344,403,872,278,648,1016,157,642,66,898,1019,444,916,821,817,522,238,447,1011,27,28,26,33,28,26,16,21,21,18,8,24,26,20,19,21,20,36,43,19,19,21,24,31,21,16,10,16,15,18,22,11
[246688.373443] [AOA] Measurement: 0,1580366724.226502,08:55:31:9a:df:1f,2,1,2,0,128,39,426,806,988,419,830,494,885,811,557,748,849,108,399,367,822,696,444,468,966,113,832,368,833,841,703,824,905,546,225,326,834,23,26,19,27,23,22,9,18,17,18,12,21,18,17,18,16,19,35,34,19,13,16,25,29,18,11,11,15,11,12,16,5
[246688.404542] [AOA] Measurement: 0,1580366724.257601,08:55:31:9a:df:1f,2,1,2,0,128,42,445,801,1016,989,1017,995,741,363,757,276,982,604,586,888,984,303,687,74,218,694,38,889,10,422,887,325,7,132,436,961,402,17,24,23,17,21,15,10,8,8,12,8,15,8,5,7,0,10,25,26,22,10,6,14,10,12,2,9,6,10,2,10,4
[246688.430302] [AOA] Measurement: 0,1580366724.283364,08:55:31:9a:df:1f,2,1,2,0,128,1000,402,732,914,437,802,996,777,356,688,711,783,581,574,414,855,725,462,482,902,172,899,874,980,389,895,378,56,520,212,808,308,28,29,23,30,30,25,14,20,17,21,10,24,26,16,21,17,24,43,41,23,22,21,24,35,16,12,11,17,14,17,16,13
[246688.462414] [AOA] Measurement: 0,1580366724.315475,08:55:31:9a:df:1f,2,1,2,0,128,528,606,323,141,965,995,959,660,352,702,283,997,27,368,351,792,774,499,440,991,164,903,955,41,332,898,329,999,47,435,601,115,26,29,23,28,23,23,15,19,20,15,12,22,21,19,21,16,20,38,37,23,21,17,29,29,22,14,12,16,13,15,22,8
[246688.492134] [AOA] Measurement: 0,1580366724.345193,08:55:31:9a:df:1f,2,1,2,0,128,992,404,833,992,1017,994,464,882,867,533,668,769,84,402,428,872,794,491,520,1000,637,1016,927,1005,863,715,384,48,108,432,875,383,29,26,26,24,22,26,14,14,14,9,3,17,10,10,10,9,15,34,31,25,13,14,18,21,17,9,15,8,11,6,16,7
[246688.518590] [AOA] Measurement: 0,1580366724.371651,08:55:31:9a:df:1f,2,1,2,0,128,1022,452,372,178,987,3,445,898,371,709,264,988,636,592,952,32,359,719,1010,151,737,1012,299,824,902,702,848,835,564,243,611,53,25,27,21,25,28,23,12,16,16,19,7,20,22,16,16,14,19,33,36,19,17,18,25,31,21,13,10,16,14,14,21,6
[246688.546572] [AOA] Measurement: 0,1580366724.399630,08:55:31:9a:df:1f,2,1,2,0,128,981,382,799,999,434,801,988,674,809,508,762,760,614,581,924,1009,245,656,952,64,631,23,960,31,384,908,421,1019,20,408,670,144,22,28,20,27,23,21,11,18,17,15,10,18,18,14,16,17,23,34,34,25,10,18,19,27,17,12,11,15,12,12,16,8
[246688.580306] [AOA] Measurement: 0,1580366724.433363,08:55:31:9a:df:1f,2,1,2,0,128,932,374,699,923,414,784,885,714,674,332,599,672,1017,222,352,893,573,387,468,844,661,1006,780,888,296,825,236,817,958,266,347,791,24,32,27,20,21,19,13,8,9,7,3,12,9,6,5,7,9,33,33,19,6,11,15,15,15,8,13,10,10,4,11,1
[246688.613252] [AOA] Measurement: 0,1580366724.466311,08:55:31:9a:df:1f,2,1,2,0,128,1012,433,243,114,466,893,846,648,320,698,164,959,630,563,765,892,207,622,430,892,579,948,846,944,781,566,255,860,920,267,229,768,24,26,20,28,28,22,12,15,18,17,8,20,24,20,18,16,21,34,34,27,19,16,23,28,18,13,11,15,14,13,20,6
[246688.645848] [AOA] Measurement: 0,1580366724.498910,08:55:31:9a:df:1f,2,1,2,0,128,980,415,296,137,404,755,957,737,393,724,742,760,44,342,384,855,735,467,451,968,183,914,455,879,339,845,819,864,45,416,981,352,28,28,28,22,25,24,13,17,15,13,8,19,11,8,12,17,19,40,36,25,15,19,17,27,20,15,12,17,15,15,17,11
[246688.674925] [AOA] Measurement: 0,1580366724.527982,08:55:31:9a:df:1f,2,1,2,0,128,927,445,709,903,479,813,983,754,800,455,703,670,931,279,299,820,651,426,449,870,623,27,775,935,261,829,271,851,949,282,76,512,17,20,19,22,18,15,9,13,13,12,8,16,15,15,16,11,18,25,28,17,12,12,16,21,15,11,8,9,10,10,17,6
[246688.707497] [AOA] Measurement: 0,1580366724.560559,08:55:31:9a:df:1f,2,1,2,0,128,1,454,834,930,446,769,968,746,873,574,656,705,33,358,338,872,739,444,495,11,753,43,945,988,827,693,817,869,469,169,285,896,24,29,26,27,24,20,9,17,13,16,8,20,20,17,16,17,19,37,35,22,15,18,21,28,21,15,11,15,14,15,17,9
[246688.736913] [AOA] Measurement: 0,1580366724.589970,08:55:31:9a:df:1f,2,1,2,0,128,62,457,755,970,461,816,945,733,829,492,785,760,582,526,347,838,727,459,559,13,126,842,449,836,870,751,321,995,17,428,86,480,21,27,24,27,23,21,11,16,19,18,12,20,20,15,18,15,23,32,34,22,12,21,18,27,16,15,13,11,15,14,18,12
[246688.764648] [AOA] Measurement: 0,1580366724.617708,08:55:31:9a:df:1f,2,1,2,0,128,974,410,242,55,1014,1022,909,661,768,394,667,664,48,442,819,1006,620,357,354,709,63,734,711,855,302,771,284,886,925,279,238,716,23,26,24,29,25,23,13,17,20,11,10,18,17,19,15,19,20,35,38,22,16,21,18,29,19,16,10,12,14,13,21,10
[246688.798368] [AOA] Measurement: 0,1580366724.651425,08:55:31:9a:df:1f,2,1,2,0,128,72,468,749,902,448,822,944,716,840,560,210,982,67,375,425,864,722,434,452,895,686,34,953,39,393,870,303,1,514,272,350,814,23,29,27,19,28,18,12,15,15,11,4,18,11,5,6,12,10,36,34,22,19,12,17,18,16,11,12,14,13,8,14,4
[246688.831430] [AOA] Measurement: 0,1580366724.684490,08:55:31:9a:df:1f,2,1,2,0,128,40,462,763,947,472,821,987,758,353,701,335,1016,572,497,884,988,218,596,1005,105,214,852,936,1016,363,915,303,0,32,393,498,0,20,24,20,26,26,16,12,18,17,12,10,17,18,18,14,15,21,29,29,17,17,18,18,29,12,14,12,12,11,13,17,7
[246688.857645] [AOA] Measurement: 0,1580366724.710705,08:55:31:9a:df:1f,2,1,2,0,128,537,633,292,145,454,811,895,677,789,527,759,796,89,408,387,868,701,421,497,952,155,911,373,789,408,923,276,978,30,414,110,565,27,28,25,32,28,23,12,19,17,18,10,24,21,18,17,16,19,36,39,29,19,20,28,30,22,16,13,15,13,13,20,17
[246688.888497] [AOA] Measurement: 0,1580366724.741553,08:55:31:9a:df:1f,2,1,2,0,128,1018,440,754,931,476,831,960,739,880,555,658,738,44,428,316,782,772,513,469,949,752,32,873,5,864,687,774,784,514,204,542,210,26,30,23,28,30,22,9,19,19,18,9,20,23,16,18,17,22,38,35,21,17,17,26,30,18,13,12,18,13,15,20,11
[246688.922827] [AOA] Measurement: 0,1580366724.775883,08:55:31:9a:df:1f,2,1,2,0,128,979,416,772,959,29,6,408,897,364,704,131,888,540,550,857,993,57,542,1021,68,623,979,785,920,824,608,787,663,925,267,722,128,23,26,21,26,29,24,12,18,17,16,14,18,18,14,15,13,18,36,28,21,14,20,19,28,19,16,10,15,12,14,20,3
[246688.956812] [AOA] Measurement: 0,1580366724.809870,08:55:31:9a:df:1f,2,1,2,0,128,7,424,246,64,375,806,1007,713,301,598,58,807,3,266,788,153,565,437,377,783,518,950,753,866,787,645,279,849,938,288,292,750,23,29,21,24,26,23,10,15,17,15,10,18,21,15,16,16,25,29,34,20,12,12,14,27,19,13,6,15,12,16,17,11
[246688.990496] [AOA] Measurement: 0,1580366724.843554,08:55:31:9a:df:1f,2,1,2,0,128,15,416,787,945,479,818,500,913,307,707,230,961,663,638,832,972,737,449,443,918,129,874,400,828,849,688,317,27,14,412,571,80,25,27,25,25,24,25,14,22,17,13,6,17,21,18,17,16,24,38,41,21,21,18,24,28,21,15,14,17,14,12,16,8
[246689.024494] [AOA] Measurement: 0,1580366724.877551,08:55:31:9a:df:1f,2,1,2,0,128,957,386,685,920,463,834,918,700,761,407,557,706,1017,263,270,808,670,415,359,832,92,818,293,738,799,618,272,891,429,136,91,617,25,27,27,28,28,18,12,18,17,15,12,21,23,18,16,14,22,34,33,26,16,16,22,29,17,15,11,15,10,14,20,9
[246689.058587] [AOA] Measurement: 0,1580366724.911647,08:55:31:9a:df:1f,2,1,2,0,128,962,379,756,908,436,753,530,957,323,730,246,944,7,360,355,793,744,446,404,936,141,871,931,1006,446,880,283,987,2,431,323,779,16,18,18,22,17,17,11,9,12,15,7,14,19,14,14,12,18,29,29,16,11,14,17,25,14,9,9,10,12,11,21,8
[246689.086372] [AOA] Measurement: 0,1580366724.939427,08:55:31:9a:df:1f,2,1,2,0,128,569,650,292,101,475,813,913,740,858,520,752,756,42,368,380,874,742,435,458,942,170,854,359,830,412,881,393,3,97,454,1008,366,23,28,23,29,23,25,13,21,16,22,9,20,20,18,19,20,24,37,34,24,13,20,23,29,13,11,14,18,11,13,17,10
[246689.120839] [AOA] Measurement: 0,1580366724.973900,08:55:31:9a:df:1f,2,1,2,0,128,1003,435,807,949,427,796,914,721,857,538,304,996,635,637,907,40,242,637,1007,185,706,45,929,1023,350,900,350,9,514,260,561,80,24,33,26,22,21,22,12,12,15,12,6,14,13,9,11,7,17,29,32,21,10,13,15,21,16,12,12,12,14,7,16,6
[246689.147032] [AOA] Measurement: 0,1580366725.000092,08:55:31:9a:df:1f,2,1,2,0,128,23,455,303,138,416,789,987,723,343,697,237,931,553,566,346,864,658,374,460,949,149,851,946,1014,425,891,409,49,36,429,768,256,27,24,23,15,26,17,16,14,15,12,4,16,12,9,10,16,18,31,25,19,15,15,20,21,20,11,12,11,13,11,15,8
[246689.178086] [AOA] Measurement: 0,1580366725.031143,08:55:31:9a:df:1f,2,1,2,0,128,503,612,286,132,1001,20,932,703,855,462,549,681,77,387,309,716,684,448,322,844,41,744,302,790,391,839,266,817,944,305,611,52,25,31,24,32,25,23,13,22,19,18,8,20,23,19,16,20,18,38,39,27,17,22,31,30,22,16,16,13,13,19,21,10
[246689.212845] [AOA] Measurement: 0,1580366725.065901,08:55:31:9a:df:1f,2,1,2,0,128,1008,402,757,957,959,1001,475,942,401,749,257,945,613,595,377,839,267,605,443,915,736,75,926,1017,380,891,342,52,79,462,312,791,20,25,19,26,20,19,9,17,17,17,8,18,17,15,14,15,18,32,34,19,14,20,21,30,18,15,13,16,13,13,19,8
[246689.249461] [AOA] Measurement: 0,1580366725.102520,08:55:31:9a:df:1f,2,1,2,0,128,1007,440,718,879,458,746,913,684,741,403,229,957,601,428,890,979,176,624,1014,40,637,1,309,750,340,853,804,717,507,102,296,608,25,27,26,27,29,21,11,19,15,18,7,21,17,17,16,17,18,36,33,19,17,13,19,27,21,16,9,20,14,14,21,12
[246689.279460] [AOA] Measurement: 0,1580366725.132516,08:55:31:9a:df:1f,2,1,2,0,128,546,559,776,938,467,808,895,717,840,522,659,814,84,376,301,801,739,454,470,924,180,891,361,842,862,630,882,894,78,389,569,32,22,25,24,27,26,19,12,17,17,18,8,17,17,18,17,19,24,28,32,23,14,18,21,31,15,14,12,19,11,14,18,10
[246689.306672] [AOA] Measurement: 0,1580366725.159728,08:55:31:9a:df:1f,2,1,2,0,128,49,448,799,956,459,788,940,711,884,552,297,994,626,597,942,991,319,658,505,945,692,16,308,833,486,937,328,33,43,431,336,748,24,31,24,31,27,24,11,19,20,18,8,22,23,20,19,21,25,36,35,22,23,18,24,35,19,15,13,21,14,16,17,11
[246689.341047] [AOA] Measurement: 0,1580366725.194104,08:55:31:9a:df:1f,2,1,2,0,128,961,371,255,101,22,19,484,916,367,618,140,876,573,530,766,989,551,361,413,872,96,716,822,973,352,877,234,888,1019,270,581,873,22,26,26,28,20,19,13,16,16,16,6,18,16,17,17,18,19,34,36,21,13,18,24,27,13,13,15,17,14,15,13,11
[246689.368643] [AOA] Measurement: 0,1580366725.221700,08:55:31:9a:df:1f,2,1,2,0,128,1018,426,777,977,467,799,932,701,419,678,233,962,543,563,890,1000,629,422,423,936,170,877,441,864,944,705,828,873,51,389,862,319,20,25,25,20,22,20,12,14,11,10,6,14,10,5,7,8,7,28,30,16,6,9,18,17,19,10,15,7,10,6,10,6
[246689.402788] [AOA] Measurement: 0,1580366725.255843,08:55:31:9a:df:1f,2,1,2,0,128,991,431,782,910,407,782,874,665,827,520,704,823,30,368,388,844,283,613,977,148,153,829,904,0,364,873,354,19,66,453,730,216,24,27,21,25,21,23,12,20,14,16,6,19,18,16,17,18,22,34,33,16,16,16,22,27,14,12,10,19,14,16,17,13
[246689.435573] [AOA] Measurement: 0,1580366725.288634,08:55:31:9a:df:1f,2,1,2,0,128,963,395,708,871,482,850,965,727,809,443,150,899,48,327,340,747,152,592,404,852,88,748,795,906,762,626,776,713,439,100,677,109,18,20,22,26,21,19,10,20,18,13,8,15,18,18,13,13,17,28,28,20,17,16,20,24,15,11,7,10,9,15,17,6
[246689.475270] [AOA] Measurement: 0,1580366725.328330,08:55:31:9a:df:1f,2,1,2,0,128,1014,436,783,960,450,779,861,663,894,575,712,812,633,576,963,39,191,609,495,972,710,50,907,1010,867,675,842,834,472,167,806,348,25,28,24,27,28,22,11,18,16,16,8,18,16,13,13,16,20,33,33,23,18,16,23,28,15,14,12,16,14,13,21,8
[246689.505903] [AOA] Measurement: 0,1580366725.358959,08:55:31:9a:df:1f,2,1,2,0,128,961,364,702,947,406,796,906,751,310,671,637,713,983,336,162,727,136,583,418,911,101,791,294,760,345,850,275,888,979,291,316,745,24,30,27,31,22,19,15,18,17,18,7,23,22,12,17,17,19,35,36,18,15,19,23,25,18,18,10,15,16,16,22,8
[246689.533272] [AOA] Measurement: 0,1580366725.386332,08:55:31:9a:df:1f,2,1,2,0,128,922,321,736,921,471,861,913,680,787,449,499,697,47,283,289,786,549,345,406,829,25,782,836,950,762,587,250,845,384,129,117,512,23,22,20,24,20,18,11,18,11,12,9,17,19,16,14,12,19,28,28,15,13,15,17,21,17,11,7,13,9,12,14,4
[246689.561818] [AOA] Measurement: 0,1580366725.414873,08:55:31:9a:df:1f,2,1,2,0,128,983,393,816,963,1,1010,881,728,834,517,256,985,707,665,911,1009,231,654,1005,186,717,73,902,37,398,879,345,987,447,192,324,837,27,28,26,33,33,23,14,22,18,18,15,23,23,16,20,20,18,37,45,25,16,21,22,32,15,17,7,19,15,12,24,8
[246689.596722] [AOA] Measurement: 0,1580366725.449778,08:55:31:9a:df:1f,2,1,2,0,128,1003,377,751,914,461,810,907,675,847,523,663,808,102,405,340,834,729,430,529,25,624,1010,393,851,807,628,770,821,569,232,558,76,25,28,21,28,26,24,15,18,15,20,4,19,20,15,18,16,19,34,33,24,19,17,22,29,20,13,8,16,16,13,19,10
[246689.631711] [AOA] Measurement: 0,1580366725.484767,08:55:31:9a:df:1f,2,1,2,0,128,18,450,758,988,472,824,898,710,841,586,719,709,32,343,468,877,754,425,448,930,708,39,975,1016,899,746,751,830,102,459,480,914,23,29,23,29,23,22,12,17,17,14,6,17,19,20,17,14,18,35,31,18,15,17,24,27,18,13,10,11,16,15,20,7
[246689.659595] [AOA] Measurement: 0,1580366725.512653,08:55:31:9a:df:1f,2,1,2,0,128,978,377,263,90,969,3,432,885,329,656,207,867,22,231,255,819,639,325,341,853,1022,738,359,787,815,614,289,917,8,382,896,194,24,26,24,17,19,20,13,14,13,10,3,15,13,11,10,8,16,29,27,21,12,12,16,20,20,11,8,12,13,8,17,4
[246689.687448] [AOA] Measurement: 0,1580366725.540504,08:55:31:9a:df:1f,2,1,2,0,128,38,458,815,960,498,810,491,942,388,672,253,976,50,372,327,758,729,430,465,924,190,857,381,852,467,934,326,999,83,418,442,883,26,32,23,27,27,21,11,19,21,19,6,18,22,20,15,20,26,32,40,14,16,20,20,30,16,17,16,17,12,16,21,13
[246689.722622] [AOA] Measurement: 0,1580366725.575683,08:55:31:9a:df:1f,2,1,2,0,128,4,420,776,948,982,978,917,719,394,759,137,949,688,581,878,0,286,692,478,930,630,17,904,1011,445,886,332,9,38,417,953,366,25,25,27,31,21,22,10,21,17,19,10,18,23,18,17,18,23,34,35,26,17,16,23,30,18,13,14,16,13,15,20,10
[246689.752360] [AOA] Measurement: 0,1580366725.605416,08:55:31:9a:df:1f,2,1,2,0,128,1012,436,828,961,470,851,529,886,846,534,294,969,81,340,981,45,207,659,430,935,638,1016,905,1006,400,952,320,998,63,434,83,565,24,24,23,27,23,20,10,17,18,16,6,19,18,17,13,18,19,33,32,22,18,17,21,29,17,15,12,15,13,15,19,10
[246689.786218] [AOA] Measurement: 0,1580366725.639276,08:55:31:9a:df:1f,2,1,2,0,128,584,656,788,904,446,806,869,660,386,738,360,989,640,590,839,2,707,463,3,118,687,47,362,836,930,694,378,53,21,388,768,171,27,28,20,24,29,19,13,16,15,16,9,20,21,13,17,16,20,34,35,25,17,16,24,33,15,17,16,16,12,16,19,12
[246689.816558] [AOA] Measurement: 0,1580366725.669616,08:55:31:9a:df:1f,2,1,2,0,128,20,419,769,945,448,826,921,701,846,559,648,738,59,375,380,876,697,436,460,971,169,885,297,758,907,740,765,827,510,170,69,688,21,26,24,22,18,19,10,16,15,16,11,21,18,12,14,20,17,33,27,22,17,13,21,28,18,14,8,14,13,12,17,9
[246689.851698] [AOA] Measurement: 0,1580366725.704754,08:55:31:9a:df:1f,2,1,2,0,128,1017,413,726,964,450,830,897,726,326,615,644,643,52,345,209,774,138,563,407,863,692,21,776,944,743,546,223,865,435,45,474,928,24,27,18,23,25,16,10,18,18,17,9,18,20,19,18,15,14,32,34,22,16,16,21,30,16,15,11,11,13,14,19,8
[246689.886908] [AOA] Measurement: 0,1580366725.739969,08:55:31:9a:df:1f,2,1,2,0,128,989,407,734,964,469,833,391,921,298,596,193,857,1014,303,306,828,165,613,967,99,520,895,828,973,241,749,700,637,508,140,904,446,22,28,24,28,22,19,10,20,15,16,5,17,18,15,18,14,19,28,30,23,15,20,25,26,16,11,12,16,12,11,22,8
[246689.916944] [AOA] Measurement: 0,1580366725.770000,08:55:31:9a:df:1f,2,1,2,0,128,971,397,819,961,421,812,946,765,799,581,231,991,51,401,951,35,704,446,437,964,183,855,357,794,841,703,797,803,557,181,412,941,23,27,22,27,25,20,13,18,17,16,9,18,21,16,13,18,24,32,35,20,18,20,22,28,19,13,9,16,13,13,23,7
[246689.952306] [AOA] Measurement: 0,1580366725.805362,08:55:31:9a:df:1f,2,1,2,0,128,967,353,790,928,446,807,410,928,822,518,719,775,29,314,401,859,690,421,966,61,715,13,884,985,853,719,405,1015,561,199,294,781,24,24,21,26,29,23,15,18,18,16,5,19,19,20,13,18,17,31,32,22,18,19,24,30,14,16,11,15,11,13,21,11
[246689.987437] [AOA] Measurement: 0,1580366725.840494,08:55:31:9a:df:1f,2,1,2,0,128,985,409,736,986,444,829,873,724,760,469,663,706,998,333,290,775,654,386,442,936,584,956,879,925,811,620,766,727,347,102,512,62,25,22,21,23,21,25,12,16,17,19,8,21,21,14,18,15,16,29,35,19,15,17,20,27,14,13,12,16,13,14,19,9
[246690.016631] [AOA] Measurement: 0,1580366725.869686,08:55:31:9a:df:1f,2,1,2,0,128,620,650,304,111,956,993,946,680,415,749,680,794,87,421,332,806,717,437,457,967,168,880,933,7,331,844,343,45,78,425,926,354,27,35,26,28,27,21,14,18,18,17,11,24,21,16,17,14,21,40,38,27,20,18,26,31,17,11,9,15,17,14,20,9
[246690.051895] [AOA] Measurement: 0,1580366725.904950,08:55:31:9a:df:1f,2,1,2,0,128,1019,423,779,957,993,986,0,700,342,696,734,831,89,386,350,822,673,403,429,948,127,871,416,838,921,713,348,1010,529,232,575,1006,24,26,22,27,22,24,8,16,17,19,8,19,20,20,18,19,23,30,31,23,16,17,22,32,15,11,9,13,14,14,17,9
[246690.083333] [AOA] Measurement: 0,1580366725.936393,08:55:31:9a:df:1f,2,1,2,0,128,27,395,801,960,935,929,958,675,846,530,745,786,659,597,913,38,259,662,64,167,651,20,982,26,404,878,851,848,166,450,58,466,26,22,24,16,23,24,14,16,10,8,4,12,12,6,10,8,12,33,29,19,16,14,14,21,16,13,9,4,10,8,15,6
[246690.109909] [AOA] Measurement: 0,1580366725.962968,08:55:31:9a:df:1f,2,1,2,0,128,943,388,760,936,441,852,1003,726,776,495,563,725,25,312,151,875,642,361,406,815,42,683,193,675,799,747,725,696,406,64,480,820,24,30,27,27,26,20,10,18,18,20,7,20,23,15,18,17,17,32,34,17,18,14,21,29,17,14,10,15,14,17,18,9
[246690.137506] [AOA] Measurement: 0,1580366725.990566,08:55:31:9a:df:1f,2,1,2,0,128,550,605,300,105,450,799,861,677,813,533,657,730,27,335,970,30,760,485,462,963,672,8,375,817,370,892,820,843,520,263,968,501,30,26,28,30,30,25,12,22,21,20,6,20,24,17,20,17,19,39,36,22,16,18,23,36,21,15,16,17,15,15,23,15
[246690.170556] [AOA] Measurement: 0,1580366726.023611,08:55:31:9a:df:1f,2,1,2,0,128,35,421,755,920,446,764,935,710,856,546,792,805,70,405,359,815,206,596,517,12,44,786,371,798,919,728,354,27,15,408,46,535,29,29,24,29,27,25,16,18,16,16,11,20,18,16,18,19,23,40,37,28,18,18,23,31,21,17,12,14,13,16,21,10
[246690.203489] [AOA] Measurement: 0,1580366726.056549,08:55:31:9a:df:1f,2,1,2,0,128,1010,448,861,12,993,1019,562,929,357,765,226,4,556,604,348,828,678,418,481,961,119,825,395,873,361,865,773,814,570,263,869,269,26,27,19,26,22,25,13,18,19,16,7,25,24,18,18,14,22,37,36,22,21,17,22,32,20,14,14,17,13,19,20,8
[246690.231295] [AOA] Measurement: 0,1580366726.084358,08:55:31:9a:df:1f,2,1,2,0,128,555,635,299,112,1013,993,468,891,824,503,767,775,642,608,890,9,310,658,457,934,661,1010,329,808,388,854,796,851,24,435,251,741,29,32,28,30,29,27,15,21,19,18,9,25,24,17,20,20,21,38,34,23,18,21,22,35,16,20,14,18,15,20,20,12
[246690.265270] [AOA] Measurement: 0,1580366726.118330,08:55:31:9a:df:1f,2,1,2,0,128,6,437,782,972,451,768,903,726,351,706,257,954,1018,333,379,848,703,444,12,64,715,80,908,5,418,898,836,792,557,217,568,113,27,28,26,24,21,25,10,20,16,17,7,17,18,15,12,20,18,30,33,24,13,16,19,30,19,14,14,18,12,12,20,11
[246690.296990] [AOA] Measurement: 0,1580366726.150045,08:55:31:9a:df:1f,2,1,2,0,128,991,393,752,962,464,797,975,697,829,535,754,754,1023,339,388,836,784,495,470,945,193,852,342,787,897,722,780,795,517,209,408,972,24,26,23,17,20,23,8,14,14,9,5,13,10,5,6,7,14,31,31,17,7,8,14,17,10,6,12,8,8,8,14,4
[246690.324005] [AOA] Measurement: 0,1580366726.177066,08:55:31:9a:df:1f,2,1,2,0,128,1020,373,795,965,989,21,987,695,874,595,166,943,634,604,936,991,211,593,426,912,641,63,940,35,351,854,805,875,491,250,261,808,24,27,22,31,25,17,11,17,20,18,8,21,22,17,13,19,16,32,35,20,20,17,23,28,20,15,11,11,12,15,17,11
[246690.352707] [AOA] Measurement: 0,1580366726.205769,08:55:31:9a:df:1f,2,1,2,0,128,53,493,803,978,421,765,480,902,438,738,199,960,626,583,922,1011,249,669,966,80,225,899,368,829,896,729,861,828,45,429,896,327,25,25,21,28,27,22,12,17,17,18,8,18,24,18,13,17,21,32,32,22,13,19,21,31,15,12,12,14,13,13,18,7
[246690.385875] [AOA] Measurement: 0,1580366726.238934,08:55:31:9a:df:1f,2,1,2,0,128,1015,471,714,907,969,971,942,711,866,520,718,766,66,380,384,838,743,491,433,896,212,884,371,847,366,821,799,860,92,441,204,532,28,31,26,30,25,23,14,17,19,22,11,23,24,17,16,21,20,34,38,26,17,21,24,29,19,16,9,16,13,14,24,11
[246690.416407] [AOA] Measurement: 0,1580366726.269463,08:55:31:9a:df:1f,2,1,2,0,128,12,448,749,936,450,763,948,711,910,565,180,961,22,379,377,848,238,649,961,1015,691,98,885,970,477,878,355,1008,463,206,912,444,27,27,25,29,20,27,11,18,18,17,8,23,21,15,19,16,21,36,41,26,16,17,24,31,23,13,11,12,11,10,17,8
[246690.452334] [AOA] Measurement: 0,1580366726.305391,08:55:31:9a:df:1f,2,1,2,0,128,972,393,202,18,22,66,488,861,250,557,143,854,6,248,785,934,165,574,892,985,568,922,246,727,769,696,309,878,948,287,44,564,23,27,25,29,25,23,10,17,16,17,9,21,21,17,16,17,19,29,32,20,17,17,19,26,17,13,11,11,12,12,16,8
[246690.487878] [AOA] Measurement: 0,1580366726.340940,08:55:31:9a:df:1f,2,1,2,0,128,511,543,304,109,919,965,409,885,321,660,250,919,592,520,869,28,210,626,416,981,103,785,881,936,266,815,357,971,998,291,474,1006,24,28,25,32,28,22,10,25,19,19,10,21,23,21,18,20,20,39,35,24,18,19,30,31,21,15,14,17,17,15,20,11
[246690.518231] [AOA] Measurement: 0,1580366726.371287,08:55:31:9a:df:1f,2,1,2,0,128,73,473,797,975,977,992,443,869,851,474,705,783,29,414,883,32,307,665,8,146,705,34,958,1014,345,877,860,904,35,402,920,427,22,27,24,18,16,24,10,11,12,14,6,14,11,6,10,7,10,32,31,17,7,9,13,17,19,8,11,8,14,8,10,5
[246690.552750] [AOA] Measurement: 0,1580366726.405809,08:55:31:9a:df:1f,2,1,2,0,128,986,423,320,110,482,865,383,869,288,636,166,901,1013,271,852,965,637,387,969,59,5,780,316,790,379,863,344,941,33,393,10,494,23,24,20,28,25,19,15,16,19,14,6,16,21,13,16,15,21,33,29,17,16,15,21,27,19,15,15,16,12,15,19,8
[246690.580420] [AOA] Measurement: 0,1580366726.433480,08:55:31:9a:df:1f,2,1,2,0,128,7,374,781,965,430,784,952,667,858,537,730,764,46,334,408,857,699,434,441,952,731,25,393,875,355,867,821,878,528,280,316,878,21,25,24,26,23,25,11,15,16,18,10,21,18,15,18,15,21,33,34,22,16,12,25,31,21,11,14,14,11,14,17,7
[246690.614049] [AOA] Measurement: 0,1580366726.467110,08:55:31:9a:df:1f,2,1,2,0,128,31,414,764,932,472,807,485,860,353,769,225,1009,645,625,912,56,252,656,980,136,745,30,947,987,372,898,299,19,516,217,369,939,24,26,20,27,26,20,10,16,19,13,8,18,21,16,13,18,20,33,36,25,18,17,22,26,19,15,11,14,11,12,19,10
[246690.642290] [AOA] Measurement: 0,1580366726.495348,08:55:31:9a:df:1f,2,1,2,0,128,949,357,740,920,451,791,837,729,778,411,125,860,638,522,785,1000,100,575,431,844,95,784,231,732,773,681,262,834,993,305,909,383,28,30,22,29,30,25,12,19,18,20,10,22,23,16,12,19,19,39,37,18,16,16,25,32,18,17,12,20,17,17,20,11
[246690.676099] [AOA] Measurement: 0,1580366726.529156,08:55:31:9a:df:1f,2,1,2,0,128,984,352,812,982,483,819,913,762,880,512,664,777,557,585,929,65,175,592,1019,177,138,817,367,857,832,688,768,797,501,246,27,592,29,31,26,32,26,22,10,19,19,18,10,21,22,22,17,21,20,38,37,20,18,22,25,33,23,14,14,17,16,17,22,8
[246690.712343] [AOA] Measurement: 0,1580366726.565399,08:55:31:9a:df:1f,2,1,2,0,128,947,403,232,80,1022,19,439,873,246,600,150,845,26,262,834,19,181,598,924,1009,603,933,872,978,258,842,277,894,969,337,371,856,22,27,23,18,18,17,12,12,15,9,4,14,6,4,7,6,9,32,32,17,10,8,12,18,16,3,13,10,9,8,10,5
[246690.745922] [AOA] Measurement: 0,1580366726.598982,08:55:31:9a:df:1f,2,1,2,0,128,43,480,775,915,4,1022,974,719,801,448,704,773,614,615,934,42,250,697,481,953,756,92,921,7,942,697,849,849,50,432,268,640,26,29,22,25,25,25,9,11,13,18,7,18,20,16,17,13,18,34,35,22,14,21,18,27,15,18,13,16,13,15,16,11
[246690.777396] [AOA] Measurement: 0,1580366726.630451,08:55:31:9a:df:1f,2,1,2,0,128,75,469,793,969,1005,986,981,716,801,484,602,725,46,332,355,860,774,422,24,129,214,867,402,814,883,684,769,859,65,432,194,659,24,29,21,28,25,23,11,15,14,18,8,17,22,17,15,15,20,37,36,23,14,20,20,30,16,13,13,14,10,14,18,7
[246690.807019] [AOA] Measurement: 0,1580366726.660075,08:55:31:9a:df:1f,2,1,2,0,128,32,442,801,931,1,1015,439,880,398,738,621,750,62,419,319,768,760,483,461,920,198,883,365,827,370,895,385,1010,54,414,152,640,22,21,20,25,24,21,13,17,19,14,10,16,18,16,16,15,22,33,31,26,11,15,25,31,17,14,12,14,13,16,18,8
[246690.843370] [AOA] Measurement: 0,1580366726.696431,08:55:31:9a:df:1f,2,1,2,0,128,1012,421,737,937,975,10,499,905,431,808,263,948,580,514,881,998,714,428,448,950,164,858,900,1006,391,940,313,980,77,471,709,144,26,24,19,21,26,19,12,14,16,17,6,20,19,15,14,15,18,30,31,25,15,19,26,23,12,15,10,15,13,16,16,14
[246690.871915] [AOA] Measurement: 0,1580366726.724976,08:55:31:9a:df:1f,2,1,2,0,128,523,625,247,50,962,1013,980,707,765,476,752,792,71,381,918,7,234,656,497,984,724,19,348,821,861,728,404,15,32,401,392,878,22,27,26,28,20,22,12,15,17,15,11,18,19,14,18,18,19,34,32,26,16,13,24,25,20,16,9,11,14,13,22,5
[246690.905022] [AOA] Measurement: 0,1580366726.758079,08:55:31:9a:df:1f,2,1,2,0,128,991,348,689,857,406,787,910,663,782,455,671,639,72,312,275,801,567,388,453,831,6,798,243,725,262,850,739,636,392,117,978,436,27,28,28,34,26,24,16,21,23,18,10,23,20,15,16,20,18,37,38,23,20,20,23,30,18,15,13,16,14,18,22,11
[246690.942196] [AOA] Measurement: 0,1580366726.795250,08:55:31:9a:df:1f,2,1,2,0,128,59,426,729,947,447,816,444,851,419,729,187,913,593,581,933,21,245,658,56,194,709,47,948,1019,451,875,279,15,535,233,178,640,26,28,25,26,22,23,11,16,15,18,9,18,19,16,18,16,20,34,35,21,14,22,25,29,16,12,10,12,11,13,18,10
[246690.975941] [AOA] Measurement: 0,1580366726.829001,08:55:31:9a:df:1f,2,1,2,0,128,555,647,329,154,962,991,867,670,952,596,652,746,618,570,895,3,269,658,14,115,762,19,334,803,800,635,765,794,70,404,187,676,24,29,25,33,24,19,12,16,19,16,7,16,20,18,16,18,19,32,34,23,13,19,24,32,20,11,9,14,14,13,26,9
[246691.009080] [AOA] Measurement: 0,1580366726.862140,08:55:31:9a:df:1f,2,1,2,0,128,434,565,756,911,980,13,336,829,325,551,567,687,651,456,269,732,174,606,998,1014,631,56,803,911,304,797,300,923,953,306,32,480,25,29,21,29,25,19,14,17,15,17,7,22,18,16,20,17,20,28,34,23,14,17,20,29,17,14,12,17,16,14,22,10
[246691.039565] [AOA] Measurement: 0,1580366726.892622,08:55:31:9a:df:1f,2,1,2,0,128,6,464,359,156,424,757,913,682,897,573,733,788,24,399,369,856,681,410,455,912,238,959,445,822,848,709,359,12,70,488,580,96,27,34,26,28,27,26,17,20,19,20,7,23,22,22,17,20,26,37,34,28,23,20,24,34,21,20,12,16,18,16,21,10
[246691.074324] [AOA] Measurement: 0,1580366726.927383,08:55:31:9a:df:1f,2,1,2,0,128,1002,373,828,1019,416,794,1010,688,910,524,754,826,600,580,839,20,278,661,486,997,681,1020,966,26,953,737,712,803,490,179,363,926,27,33,27,34,26,25,13,20,19,19,7,19,24,21,19,20,26,41,41,27,17,17,22,31,20,13,13,15,14,19,24,13
[246691.107106] [AOA] Measurement: 0,1580366726.960163,08:55:31:9a:df:1f,2,1,2,0,128,25,399,823,1018,922,970,445,858,385,768,274,972,37,379,277,814,790,461,443,922,718,50,960,32,411,883,808,784,70,405,640,144,24,26,20,26,24,24,11,16,16,16,8,19,20,16,17,16,17,30,37,26,14,17,18,32,19,14,12,15,13,15,17,9
[246691.143625] [AOA] Measurement: 0,1580366726.996655,08:55:31:9a:df:1f,2,1,2,0,128,45,439,771,976,393,798,961,709,846,554,735,757,110,424,377,856,675,409,470,979,142,847,418,834,901,740,833,826,589,312,348,781,27,28,24,30,27,23,14,19,21,17,7,20,22,16,18,19,24,35,37,24,14,18,23,32,22,15,15,14,20,15,20,12
[246691.183112] [AOA] Measurement: 0,1580366727.036168,08:55:31:9a:df:1f,2,1,2,0,128,563,646,767,971,451,787,927,672,866,581,668,804,71,412,960,22,221,641,483,940,175,894,341,830,825,646,270,12,526,191,896,460,23,31,25,20,20,21,10,14,13,9,6,11,12,3,8,5,10,36,31,23,9,9,19,16,15,9,14,7,12,8,13,2
[246691.217549] [AOA] Measurement: 0,1580366727.070611,08:55:31:9a:df:1f,2,1,2,0,128,1022,390,797,962,413,814,975,738,355,723,241,970,84,389,332,813,716,439,388,868,102,827,403,874,457,918,386,2,513,246,319,971,22,30,24,23,25,21,14,15,18,15,6,21,20,14,14,17,21,34,33,20,17,13,20,32,18,13,7,14,13,12,20,7
[246691.249582] [AOA] Measurement: 0,1580366727.102638,08:55:31:9a:df:1f,2,1,2,0,128,946,346,774,920,14,4,452,907,323,668,286,976,632,578,894,3,203,625,483,896,185,867,397,837,906,756,772,844,544,235,939,424,24,24,18,25,23,23,11,15,17,13,9,19,19,19,14,15,20,32,34,22,15,19,23,30,20,15,11,17,12,13,18,8
[246691.283585] [AOA] Measurement: 0,1580366727.136647,08:55:31:9a:df:1f,2,1,2,0,128,444,579,763,881,444,794,932,679,746,426,634,654,150,306,768,970,181,583,392,779,510,927,226,771,752,628,704,633,415,140,820,204,22,26,22,26,28,20,14,19,14,13,6,17,16,14,14,16,18,33,31,23,15,15,24,28,21,15,11,12,16,15,21,9
[246691.312114] [AOA] Measurement: 0,1580366727.165177,08:55:31:9a:df:1f,2,1,2,0,128,548,603,241,94,412,815,895,765,343,594,689,708,17,264,736,1000,189,642,966,30,590,11,806,948,307,822,333,912,990,320,49,530,22,25,21,27,20,23,13,14,15,15,7,18,20,16,13,16,19,32,33,23,14,16,22,25,16,15,11,13,14,14,15,13
[246691.346459] [AOA] Measurement: 0,1580366727.199520,08:55:31:9a:df:1f,2,1,2,0,128,1019,418,745,977,974,976,524,929,339,694,286,1021,602,555,871,1004,258,673,1,192,723,66,959,21,393,878,322,56,46,358,572,13,24,25,17,22,22,20,11,15,13,16,9,20,19,12,16,15,18,31,26,15,15,20,21,25,15,14,11,14,11,13,17,8
[246691.374443] [AOA] Measurement: 0,1580366727.227503,08:55:31:9a:df:1f,2,1,2,0,128,516,652,727,916,411,790,925,686,844,483,660,747,66,372,401,871,280,641,449,973,229,921,388,849,832,687,833,814,522,256,946,489,30,30,29,30,27,23,16,17,17,22,7,25,24,19,20,17,24,38,38,22,20,18,25,35,21,16,14,18,17,18,26,11
[246691.408308] [AOA] Measurement: 0,1580366727.261369,08:55:31:9a:df:1f,2,1,2,0,128,53,444,747,946,528,841,920,704,862,552,585,739,96,420,906,9,258,661,1016,169,676,77,903,1014,388,890,262,981,28,379,176,680,24,28,23,27,22,22,11,19,21,15,10,21,18,17,16,21,21,31,34,28,14,22,20,25,19,16,12,10,14,16,22,9
[246691.442355] [AOA] Measurement: 0,1580366727.295411,08:55:31:9a:df:1f,2,1,2,0,128,1014,366,827,972,477,762,991,734,850,568,120,924,573,541,874,998,740,457,437,910,156,825,957,20,932,762,862,781,565,248,768,332,19,23,21,26,24,21,14,17,15,16,9,19,21,14,15,13,21,28,30,16,16,15,21,24,17,14,14,11,11,13,18,8
[246691.474603] [AOA] Measurement: 0,1580366727.327664,08:55:31:9a:df:1f,2,1,2,0,128,23,441,291,100,451,783,983,756,298,712,323,1009,569,544,956,1002,271,631,1000,76,666,12,390,837,973,762,375,1012,459,188,839,325,18,21,22,22,24,20,12,15,20,15,9,16,18,16,16,18,19,29,32,23,16,18,19,26,18,13,12,17,15,12,17,7
[246691.503629] [AOA] Measurement: 0,1580366727.356690,08:55:31:9a:df:1f,2,1,2,0,128,1013,407,809,1006,471,789,420,900,896,567,734,781,589,629,358,878,260,669,1016,136,710,35,947,32,415,885,240,1002,95,429,880,308,24,29,24,27,25,17,6,13,14,17,10,22,23,17,20,13,19,34,29,23,15,18,25,30,17,15,8,15,14,13,20,8
[246691.532431] [AOA] Measurement: 0,1580366727.385494,08:55:31:9a:df:1f,2,1,2,0,128,537,623,291,155,937,999,419,899,855,536,185,972,654,587,888,993,272,679,959,125,726,3,999,24,357,980,323,9,103,505,162,640,24,21,27,14,19,23,12,18,13,13,4,11,6,5,6,12,14,35,29,18,15,12,21,22,16,13,9,11,12,10,15,4
[246691.566215] [AOA] Measurement: 0,1580366727.419271,08:55:31:9a:df:1f,2,1,2,0,128,1008,452,278,123,448,822,872,674,951,548,244,992,592,580,359,875,769,447,492,1004,678,57,408,806,330,875,797,824,541,292,961,502,29,31,29,33,28,27,13,20,16,17,7,22,28,16,19,16,20,38,39,28,17,16,28,35,21,17,17,17,15,16,20,11
[246691.604100] [AOA] Measurement: 0,1580366727.457157,08:55:31:9a:df:1f,2,1,2,0,128,983,430,756,913,471,847,864,713,844,541,762,791,616,569,926,1016,732,438,412,962,211,852,398,867,466,913,292,1018,60,421,529,32,25,22,22,27,24,18,10,18,16,16,8,17,20,15,15,16,22,31,33,17,14,20,20,32,18,12,8,10,13,14,18,6
[246691.637401] [AOA] Measurement: 0,1580366727.490460,08:55:31:9a:df:1f,2,1,2,0,128,536,597,786,968,540,832,556,874,401,779,217,922,582,581,912,1023,237,634,1016,161,637,69,931,21,367,893,261,985,17,432,165,640,20,25,26,14,13,17,9,6,11,7,6,13,8,3,7,1,8,30,21,22,6,6,12,10,13,2,10,10,9,1,9,3
