
[ 126.780738] [AOA] Measurement: 0,1579813237.810095,04:d6:aa:c1:38:97,2,1,1,0,128,337,76,457,213,473,796,782,931,833,837,723,372,666,737,37,165,1017,31,84,250,117,844,783,920,876,979,771,449,743,831,541,824,37,36,36,37,46,48,24,49,26,43,31,32,23,33,33,16,53,44,46,30,15,28,30,17,21,30,25,17,33,36,34,13
[ 126.807133] [AOA] Measurement: 0,1579813237.836498,04:d6:aa:c1:38:97,2,1,1,0,128,390,100,449,210,437,767,353,171,910,914,341,647,221,950,593,373,525,217,641,447,670,54,319,86,930,951,824,500,252,589,989,290,43,43,41,41,55,61,31,57,32,53,36,34,28,39,45,24,68,53,56,42,19,36,40,25,29,41,37,28,44,44,49,22
[ 126.830040] [AOA] Measurement: 0,1579813237.859402,04:d6:aa:c1:38:97,2,1,1,0,128,941,244,996,400,994,990,335,134,385,28,721,386,691,759,572,349,603,249,590,418,135,879,738,869,480,202,320,641,724,780,241,523,39,35,37,37,44,53,27,53,29,51,35,33,26,37,37,23,65,44,50,36,18,36,35,27,25,42,36,27,42,45,48,21
[ 126.862383] [AOA] Measurement: 0,1579813237.891741,04:d6:aa:c1:38:97,2,1,1,0,128,857,228,376,155,20,1,294,132,892,875,815,428,724,748,102,230,11,72,90,254,150,855,803,908,483,187,320,688,712,783,0,246,39,36,37,35,50,53,24,51,27,46,28,31,25,36,37,19,58,44,47,33,15,34,37,22,23,33,30,21,38,40,40,18
[ 126.890675] [AOA] Measurement: 0,1579813237.920033,04:d6:aa:c1:38:97,2,1,1,0,128,916,234,422,203,999,974,779,941,969,912,255,561,203,919,13,174,5,52,123,297,724,65,344,78,466,168,371,681,748,796,566,836,38,38,35,34,47,55,30,50,28,48,33,31,24,34,35,18,56,48,51,35,15,32,32,22,21,33,29,18,37,38,38,19
[ 126.918854] [AOA] Measurement: 0,1579813237.948214,04:d6:aa:c1:38:97,2,1,1,0,128,340,40,441,180,495,813,815,978,475,76,767,392,679,723,1016,153,42,61,68,253,180,859,820,901,886,914,737,427,203,582,649,1009,44,46,41,42,55,60,34,63,32,60,37,38,25,42,44,25,71,50,57,40,20,39,42,29,29,44,39,30,48,51,52,23
[ 126.945185] [AOA] Measurement: 0,1579813237.974547,04:d6:aa:c1:38:97,2,1,1,0,128,378,30,413,161,48,1,282,116,959,914,764,373,720,751,55,189,28,65,24,193,185,883,787,874,950,962,756,414,209,586,798,34,36,39,35,38,44,56,30,53,31,50,33,31,25,37,41,22,64,42,52,37,17,34,37,25,26,42,37,28,42,46,49,23
[ 126.967602] [AOA] Measurement: 0,1579813237.996965,04:d6:aa:c1:38:97,2,1,1,0,128,318,77,384,178,422,797,713,914,944,949,733,390,697,741,14,181,31,22,81,265,137,884,809,914,949,950,847,504,182,596,509,896,40,38,36,37,48,55,32,53,28,50,31,32,24,40,40,23,66,44,49,38,18,34,36,25,26,39,34,25,43,44,49,23
[ 126.993997] [AOA] Measurement: 0,1579813238.023360,04:d6:aa:c1:38:97,2,1,1,0,128,298,22,438,213,394,764,858,1009,466,82,207,547,721,757,104,222,5,74,38,232,154,854,797,877,895,939,833,469,141,537,448,791,37,41,38,35,49,53,31,50,28,48,32,32,25,36,41,21,66,46,50,36,17,32,36,25,24,39,33,27,40,43,43,20
[ 127.020436] [AOA] Measurement: 0,1579813238.049798,04:d6:aa:c1:38:97,2,1,1,0,128,369,72,512,272,419,774,834,980,889,875,779,421,710,769,44,185,1010,44,118,280,126,873,769,870,486,144,738,433,213,591,673,978,47,42,40,39,55,64,35,60,34,56,35,37,27,42,44,24,70,54,58,40,22,35,41,25,25,40,35,26,45,48,48,26
[ 127.051860] [AOA] Measurement: 0,1579813238.081223,04:d6:aa:c1:38:97,2,1,1,0,128,946,256,964,379,466,822,780,966,946,951,281,596,199,941,609,391,568,240,89,275,708,79,302,32,486,181,347,727,679,712,528,844,39,38,33,35,50,54,26,49,31,51,30,34,24,37,36,20,63,46,52,35,20,34,37,23,26,38,34,26,41,43,45,22
[ 127.074587] [AOA] Measurement: 0,1579813238.103949,04:d6:aa:c1:38:97,2,1,1,0,128,967,279,947,392,7,1015,301,107,431,64,267,597,210,956,84,216,569,278,57,282,760,124,268,35,427,126,779,466,197,616,864,128,39,37,35,36,47,54,28,51,28,49,33,33,23,36,37,18,61,44,48,36,18,33,34,21,23,37,31,24,42,40,41,21
[ 127.104440] [AOA] Measurement: 0,1579813238.133797,04:d6:aa:c1:38:97,2,1,1,0,128,380,54,369,181,445,822,858,982,437,80,250,623,685,771,637,429,667,334,587,452,145,854,737,864,892,948,770,463,201,612,690,965,39,39,36,34,48,55,28,51,26,47,35,32,22,38,37,20,64,48,53,38,18,31,36,24,23,38,34,22,40,41,41,19
[ 127.133505] [AOA] Measurement: 0,1579813238.162862,04:d6:aa:c1:38:97,2,1,1,0,128,860,205,1009,376,990,987,787,958,970,920,261,570,740,780,38,190,1010,50,88,253,198,905,793,897,918,959,386,691,743,805,955,76,44,39,39,40,53,63,33,57,34,58,38,36,27,43,45,25,70,49,57,43,19,38,41,29,26,45,43,30,47,51,59,26
[ 127.159830] [AOA] Measurement: 0,1579813238.189194,04:d6:aa:c1:38:97,2,1,1,0,128,934,252,1011,388,992,1002,811,951,937,888,290,597,681,754,53,188,35,73,635,450,767,76,335,54,443,128,802,456,794,832,583,834,39,36,34,37,45,55,31,50,29,50,34,33,26,36,39,21,63,45,51,37,20,33,36,27,24,41,37,26,43,46,48,22
[ 127.187035] [AOA] Measurement: 0,1579813238.216393,04:d6:aa:c1:38:97,2,1,1,0,128,912,258,417,190,7,1002,366,186,397,72,276,601,170,887,658,409,558,262,66,272,710,24,776,884,902,944,400,664,825,839,66,251,38,39,33,36,47,53,27,51,28,50,32,31,25,37,37,18,62,46,50,36,17,33,33,24,24,38,35,27,41,44,47,21
[ 127.209829] [AOA] Measurement: 0,1579813238.239193,04:d6:aa:c1:38:97,2,1,1,0,128,400,66,422,214,466,798,760,942,946,918,252,586,665,723,12,174,49,73,535,365,176,880,786,900,925,960,883,486,749,810,167,486,38,39,35,37,50,56,25,51,27,49,33,32,23,35,38,20,62,46,47,35,17,36,36,25,23,39,35,26,39,47,45,19
[ 127.242338] [AOA] Measurement: 0,1579813238.271696,04:d6:aa:c1:38:97,2,1,1,0,128,332,1021,430,179,983,957,802,976,900,869,803,431,695,759,19,171,12,40,44,221,176,880,716,830,975,983,860,507,779,804,907,186,46,46,42,40,56,61,35,56,33,56,43,34,28,41,42,21,66,51,55,38,21,33,39,24,28,36,33,24,43,42,47,23
[ 127.268494] [AOA] Measurement: 0,1579813238.297857,04:d6:aa:c1:38:97,2,1,1,0,128,897,262,371,121,482,798,794,934,433,70,259,566,246,921,603,397,566,260,545,396,178,902,749,828,906,973,751,451,271,635,184,466,38,38,36,36,46,57,31,49,30,51,34,35,24,36,40,21,62,45,52,37,17,32,36,26,26,40,35,25,42,47,46,19
[ 127.296590] [AOA] Measurement: 0,1579813238.325948,04:d6:aa:c1:38:97,2,1,1,0,128,971,268,2,458,979,1004,794,977,932,899,809,420,720,734,6,187,51,90,596,450,687,24,766,893,942,988,315,659,756,772,637,904,37,39,33,38,46,56,29,52,29,50,35,32,23,37,38,21,66,48,49,39,19,33,35,27,26,41,36,27,41,47,50,23
[ 127.324260] [AOA] Measurement: 0,1579813238.353623,04:d6:aa:c1:38:97,2,1,1,0,128,876,259,942,385,965,979,776,962,915,889,302,601,702,753,107,235,555,262,621,454,674,22,289,39,420,142,330,647,757,780,932,178,44,42,43,40,57,65,32,60,34,57,41,39,25,42,44,23,70,53,60,43,21,38,42,26,30,42,38,30,46,49,50,27
[ 127.348821] [AOA] Measurement: 0,1579813238.378180,04:d6:aa:c1:38:97,2,1,1,0,128,420,94,412,211,482,790,792,980,503,92,757,414,247,929,1019,156,58,90,63,235,180,883,790,899,949,995,713,408,203,571,526,798,46,44,42,41,50,58,31,61,32,56,36,34,28,42,47,22,73,50,55,45,20,39,41,30,30,44,40,29,46,50,52,24
[ 127.379953] [AOA] Measurement: 0,1579813238.409311,04:d6:aa:c1:38:97,2,1,1,0,128,381,96,490,214,444,810,786,953,997,957,717,382,679,730,105,237,18,93,36,219,144,848,809,873,906,953,779,455,179,611,524,888,45,43,40,42,52,63,32,62,32,57,37,34,27,42,44,21,71,51,61,42,20,36,42,25,29,43,37,27,45,47,49,23
[ 127.403517] [AOA] Measurement: 0,1579813238.432879,04:d6:aa:c1:38:97,2,1,1,0,128,383,83,418,222,432,781,842,997,877,878,773,412,745,761,630,414,38,76,55,202,133,887,717,847,1008,17,789,446,232,597,70,392,38,36,34,36,48,50,25,48,27,46,31,29,23,34,36,19,56,49,50,32,17,29,33,22,22,32,30,18,35,35,39,16
[ 127.434946] [AOA] Measurement: 0,1579813238.464310,04:d6:aa:c1:38:97,2,1,1,0,128,395,90,993,426,992,999,354,156,425,50,329,640,206,890,8,134,72,74,54,228,123,864,779,869,946,993,800,461,218,596,201,436,42,41,39,42,55,65,31,59,31,56,38,38,27,43,46,26,67,48,53,43,21,35,42,27,28,44,38,30,46,48,51,24
[ 127.460678] [AOA] Measurement: 0,1579813238.490036,04:d6:aa:c1:38:97,2,1,1,0,128,385,95,440,195,473,786,778,949,951,899,729,384,716,729,61,191,574,252,42,217,697,39,773,899,924,964,843,459,122,535,198,552,38,37,37,32,44,55,28,51,29,49,36,32,26,35,41,25,63,47,47,39,19,33,38,25,27,39,35,27,42,43,50,21
[ 127.490353] [AOA] Measurement: 0,1579813238.519717,04:d6:aa:c1:38:97,2,1,1,0,128,939,259,420,238,999,996,323,136,429,31,302,613,658,728,76,216,48,102,584,402,716,34,329,76,487,167,332,648,797,810,445,728,37,36,33,34,47,57,28,49,27,46,33,30,23,36,37,20,61,49,49,35,17,29,33,21,24,35,32,22,40,43,40,20
[ 127.513209] [AOA] Measurement: 0,1579813238.542573,04:d6:aa:c1:38:97,2,1,1,0,128,954,279,441,258,433,806,824,988,483,55,732,399,236,916,603,371,588,263,645,460,728,60,296,37,450,121,805,494,764,807,85,342,40,37,37,34,45,54,29,50,28,47,33,30,25,37,40,22,57,44,54,36,18,31,38,26,25,39,35,25,41,44,44,20
[ 127.542989] [AOA] Measurement: 0,1579813238.572347,04:d6:aa:c1:38:97,2,1,1,0,128,337,47,377,202,432,811,809,969,460,81,770,474,728,779,573,383,85,115,608,468,752,99,318,88,487,188,279,625,751,795,548,852,38,37,35,36,48,55,28,50,31,50,35,32,24,35,36,20,65,46,48,36,17,34,38,25,25,41,36,27,41,44,46,22
[ 127.574678] [AOA] Measurement: 0,1579813238.604038,04:d6:aa:c1:38:97,2,1,1,0,128,881,219,963,323,13,973,319,83,447,104,232,549,246,940,647,440,558,244,574,442,732,76,282,44,439,131,309,628,163,576,358,697,45,47,39,40,53,61,30,57,31,55,40,36,28,41,42,23,71,50,56,40,18,35,41,26,29,42,36,25,47,48,50,24
[ 127.605422] [AOA] Measurement: 0,1579813238.634781,04:d6:aa:c1:38:97,2,1,1,0,128,341,51,384,174,446,811,839,976,978,939,254,581,720,715,110,253,1011,26,14,208,170,896,798,891,900,917,833,454,183,610,422,674,39,37,39,34,48,50,28,49,27,46,30,29,22,34,34,16,60,43,47,28,17,28,34,20,23,32,27,18,32,37,36,16
[ 127.635207] [AOA] Measurement: 0,1579813238.664565,04:d6:aa:c1:38:97,2,1,1,0,128,383,68,388,184,483,837,841,969,458,39,767,346,284,966,83,237,68,69,44,196,152,877,781,876,963,974,864,467,733,730,999,245,43,44,40,39,54,61,31,60,33,53,35,35,28,42,42,23,69,52,55,37,21,38,38,28,25,43,40,23,44,45,51,22
[ 127.664633] [AOA] Measurement: 0,1579813238.693991,04:d6:aa:c1:38:97,2,1,1,0,128,350,68,450,200,439,801,770,952,894,880,760,442,695,744,79,226,34,87,44,217,191,899,776,936,926,994,329,663,741,782,600,779,43,39,39,41,54,58,34,59,30,55,36,35,30,40,44,22,72,49,60,43,20,37,36,27,28,45,42,28,45,48,52,24
[ 127.693886] [AOA] Measurement: 0,1579813238.723243,04:d6:aa:c1:38:97,2,1,1,0,128,432,75,963,412,981,987,805,1004,920,901,724,367,668,744,21,154,93,103,663,495,714,71,271,27,510,176,375,695,214,585,425,677,37,35,35,35,47,53,29,51,27,50,32,32,25,34,37,21,61,43,49,35,17,32,37,24,25,38,35,25,41,41,45,20
[ 127.717899] [AOA] Measurement: 0,1579813238.747265,04:d6:aa:c1:38:97,2,1,1,0,128,891,232,996,421,1009,1013,283,138,432,72,287,571,198,913,600,392,1020,55,40,236,191,861,792,863,955,1011,773,442,253,636,577,861,38,38,34,34,46,54,28,49,29,48,35,33,25,37,40,22,61,44,51,38,19,35,36,25,26,40,37,29,43,45,47,20
[ 127.750784] [AOA] Measurement: 0,1579813238.780142,04:d6:aa:c1:38:97,2,1,1,0,128,380,109,466,223,9,1021,286,85,487,110,285,584,262,968,613,368,648,308,596,461,768,70,269,59,427,158,336,650,174,570,673,983,38,40,35,37,47,54,26,51,27,46,31,33,23,34,35,17,59,45,50,34,17,29,35,21,23,33,29,22,36,37,38,17
[ 127.780502] [AOA] Measurement: 0,1579813238.809860,04:d6:aa:c1:38:97,2,1,1,0,128,920,260,391,168,470,803,768,943,942,903,302,583,216,933,650,407,579,243,613,436,694,80,295,43,444,99,354,695,740,778,205,478,38,37,34,37,48,53,29,51,30,48,34,31,23,36,38,19,62,44,50,35,19,33,35,25,25,39,32,24,39,41,44,20
[ 127.804566] [AOA] Measurement: 0,1579813238.833929,04:d6:aa:c1:38:97,2,1,1,0,128,383,81,428,169,985,980,817,1002,412,61,706,356,696,732,93,205,1023,47,79,225,774,87,810,907,960,1007,731,433,754,788,559,838,44,41,40,41,55,60,33,60,32,56,38,36,28,41,41,23,70,53,56,43,19,36,42,29,25,44,40,28,46,48,53,25
[ 127.834918] [AOA] Measurement: 0,1579813238.864281,04:d6:aa:c1:38:97,2,1,1,0,128,945,224,1018,408,964,978,280,138,422,76,276,555,201,883,36,200,7,64,100,276,717,48,313,36,428,138,789,422,206,607,787,29,39,39,33,36,46,55,27,50,28,49,32,30,24,34,38,18,58,48,51,36,17,30,36,20,25,36,32,23,39,39,41,20
[ 127.861014] [AOA] Measurement: 0,1579813238.890372,04:d6:aa:c1:38:97,2,1,1,0,128,977,268,988,400,997,1009,835,1013,482,96,270,569,691,759,78,197,71,97,38,219,187,914,774,885,480,188,837,473,762,779,896,224,46,42,41,42,54,61,34,57,31,60,36,35,27,42,41,22,72,51,59,40,22,36,40,27,31,43,38,28,46,49,50,22
[ 127.890405] [AOA] Measurement: 0,1579813238.919769,04:d6:aa:c1:38:97,2,1,1,0,128,886,245,432,228,982,994,334,137,420,56,742,400,703,737,97,230,1008,71,48,252,161,932,735,884,994,1019,832,486,223,639,352,640,44,43,40,45,54,59,34,58,32,54,38,37,27,41,42,24,67,54,55,40,19,38,40,28,29,43,39,28,47,48,49,24
[ 127.913849] [AOA] Measurement: 0,1579813238.943211,04:d6:aa:c1:38:97,2,1,1,0,128,360,49,428,165,478,763,819,976,489,110,275,573,175,898,51,222,593,269,629,415,180,856,771,901,964,1001,782,466,244,632,348,624,44,42,40,40,56,66,34,60,31,57,40,36,27,39,43,21,70,50,57,42,23,40,42,29,29,48,42,31,48,49,53,25
[ 127.943604] [AOA] Measurement: 0,1579813238.972962,04:d6:aa:c1:38:97,2,1,1,2,128,360,49,428,165,478,763,819,976,489,110,275,573,175,898,51,222,593,269,629,415,180,856,771,901,964,1001,782,466,244,632,348,624,38,37,34,37,48,53,29,51,30,48,34,31,23,36,38,19,62,44,50,35,19,33,35,25,25,39,32,24,39,41,44,20
[ 127.968025] [AOA] Measurement: 0,1579813238.997388,04:d6:aa:c1:38:97,2,1,1,0,128,357,60,430,187,975,965,772,968,882,844,794,413,179,921,84,185,591,264,78,264,198,868,298,69,453,132,288,639,814,825,515,738,42,41,37,42,53,61,32,58,32,58,39,36,29,40,44,24,70,48,58,40,20,37,42,28,31,48,41,31,47,51,52,26
[ 127.994106] [AOA] Measurement: 0,1579813239.023471,04:d6:aa:c1:38:97,2,1,1,0,128,909,237,952,389,966,1006,324,196,431,82,699,382,746,782,77,260,620,280,668,487,692,78,283,44,492,173,333,625,770,801,664,883,36,38,35,35,49,59,31,50,27,48,34,34,25,36,38,23,61,43,46,36,18,34,33,27,27,42,35,28,42,46,50,22
[ 128.025010] [AOA] Measurement: 0,1579813239.054375,04:d6:aa:c1:38:97,2,1,1,0,128,402,103,983,404,437,814,342,165,883,884,757,401,756,804,47,194,62,113,646,436,113,878,260,57,936,981,805,458,805,788,196,507,45,43,38,41,56,60,33,60,32,53,33,31,26,39,40,21,65,52,54,38,19,35,38,26,27,41,35,23,43,50,47,22
[ 128.051754] [AOA] Measurement: 0,1579813239.081112,04:d6:aa:c1:38:97,2,1,1,0,128,967,282,963,431,954,961,812,973,452,34,284,569,174,885,86,213,48,74,99,311,699,62,261,31,942,999,786,458,204,626,461,725,44,46,41,37,54,60,29,59,31,55,39,35,27,40,40,22,71,54,59,36,18,35,42,26,27,41,36,27,43,46,47,20
[ 128.081524] [AOA] Measurement: 0,1579813239.110882,04:d6:aa:c1:38:97,2,1,1,0,128,930,243,418,186,444,831,801,967,456,67,791,428,730,759,68,188,45,84,655,471,726,40,333,47,424,132,285,661,192,572,247,561,39,37,35,36,50,52,26,46,29,50,32,32,25,37,37,20,62,45,48,34,17,29,36,25,24,37,35,23,37,40,43,21
[ 128.108808] [AOA] Measurement: 0,1579813239.138172,04:d6:aa:c1:38:97,2,1,1,0,128,955,288,975,381,970,1010,312,122,404,38,744,371,702,766,82,215,640,285,649,472,728,81,306,100,928,984,791,502,764,825,80,410,42,44,41,40,54,61,30,56,34,55,35,33,25,41,41,23,64,51,57,37,17,35,37,25,25,39,34,24,41,45,45,21
[ 128.136317] [AOA] Measurement: 0,1579813239.165675,04:d6:aa:c1:38:97,2,1,1,0,128,329,37,437,205,494,810,797,967,915,902,739,396,728,730,583,358,582,238,79,236,133,857,795,900,951,979,799,478,174,541,799,145,40,37,36,35,46,51,27,49,28,44,33,29,22,36,35,16,60,44,47,31,18,30,33,22,24,35,32,21,38,37,41,19
[ 128.160231] [AOA] Measurement: 0,1579813239.189591,04:d6:aa:c1:38:97,2,1,1,0,128,384,97,403,196,380,793,815,996,903,861,769,415,673,740,621,380,70,93,60,218,162,857,756,931,916,1002,801,447,228,604,376,608,38,37,36,35,47,51,28,52,28,49,35,33,25,40,41,21,63,41,49,39,19,33,38,25,24,40,38,28,41,42,47,22
[ 128.192945] [AOA] Measurement: 0,1579813239.222304,04:d6:aa:c1:38:97,2,1,1,0,128,901,239,428,224,1006,1008,320,167,911,910,730,403,270,953,87,245,30,57,8,241,122,859,810,874,953,992,315,644,171,572,208,399,37,37,35,35,48,50,27,52,28,48,30,31,24,35,36,20,58,48,51,33,17,30,34,23,26,35,31,24,39,41,43,21
[ 128.223010] [AOA] Measurement: 0,1579813239.252366,04:d6:aa:c1:38:97,2,1,1,0,128,914,253,898,362,440,817,805,955,498,106,223,575,217,943,650,419,593,255,614,457,725,39,267,38,938,956,331,669,766,784,961,90,46,45,41,39,53,61,32,58,32,55,37,35,28,42,44,25,68,52,58,42,22,36,41,29,27,47,42,30,47,46,52,25
[ 128.246921] [AOA] Measurement: 0,1579813239.276285,04:d6:aa:c1:38:97,2,1,1,0,128,879,224,390,196,458,830,315,183,460,84,764,398,662,734,46,228,63,94,672,502,743,60,293,48,490,177,321,643,777,811,2,283,37,41,36,37,47,54,28,49,28,48,33,32,24,34,39,18,62,46,50,33,18,34,35,23,24,36,34,27,39,42,46,20
[ 128.275733] [AOA] Measurement: 0,1579813239.305091,04:d6:aa:c1:38:97,2,1,1,0,128,394,40,435,209,1005,965,845,990,959,955,774,416,650,706,27,180,40,95,630,457,715,26,764,861,857,915,818,464,206,581,948,151,35,36,34,36,46,50,28,49,27,52,33,31,24,36,37,20,58,45,49,37,16,32,35,24,23,37,31,25,38,42,44,21
[ 128.305983] [AOA] Measurement: 0,1579813239.335341,04:d6:aa:c1:38:97,2,1,1,0,128,904,233,970,398,451,784,859,992,415,12,765,421,708,745,127,252,583,275,658,457,752,63,247,50,952,1008,786,453,760,788,881,80,39,37,31,36,46,51,28,51,28,52,34,32,24,35,37,21,61,45,49,36,17,35,37,25,26,40,37,27,40,43,48,22
[ 128.336987] [AOA] Measurement: 0,1579813239.366344,04:d6:aa:c1:38:97,2,1,1,0,128,352,54,429,220,467,825,792,988,906,914,752,388,726,793,91,227,27,95,91,274,742,63,816,929,979,995,330,696,729,785,380,575,39,39,34,34,47,56,26,52,27,46,33,30,22,35,35,19,59,46,50,33,18,32,36,22,24,37,31,23,39,39,40,19
[ 128.366907] [AOA] Measurement: 0,1579813239.396270,04:d6:aa:c1:38:97,2,1,1,0,128,946,261,971,392,973,979,346,128,437,87,267,584,232,947,640,420,558,245,647,458,679,24,324,84,459,140,314,623,808,845,990,246,36,36,32,34,45,55,28,50,29,51,38,33,22,36,38,22,62,43,47,37,20,34,34,24,25,38,36,25,40,46,47,21
[ 128.393857] [AOA] Measurement: 0,1579813239.423217,04:d6:aa:c1:38:97,2,1,1,0,128,394,73,970,398,932,957,805,936,931,908,272,596,228,936,569,337,57,41,62,200,164,877,770,876,875,951,803,433,189,581,10,296,42,43,41,42,53,60,31,55,33,56,36,37,28,42,44,26,73,53,62,43,18,39,42,29,27,46,45,32,47,53,53,26
[ 128.420017] [AOA] Measurement: 0,1579813239.449380,04:d6:aa:c1:38:97,2,1,1,0,128,913,245,408,197,486,804,778,948,947,906,747,391,730,774,30,166,25,75,64,217,724,15,305,65,472,169,315,671,757,745,111,406,42,43,41,39,50,61,32,59,32,53,34,36,28,38,40,22,64,52,58,35,18,32,39,24,24,39,32,21,39,41,44,21
[ 128.460969] [AOA] Measurement: 0,1579813239.490326,04:d6:aa:c1:38:97,2,1,1,0,128,385,71,440,170,436,807,805,962,859,866,809,443,710,762,80,206,57,106,599,427,169,841,780,896,923,962,759,409,194,581,491,869,44,43,40,37,53,57,31,55,31,49,37,32,27,39,41,22,66,51,54,37,18,33,38,24,25,39,36,24,40,45,45,22
[ 128.491727] [AOA] Measurement: 0,1579813239.521085,04:d6:aa:c1:38:97,2,1,1,0,128,426,64,1008,439,1017,979,377,161,458,109,264,564,174,915,657,405,564,214,46,247,191,895,772,917,457,187,298,638,182,570,668,11,42,47,39,41,52,65,33,62,33,57,37,34,28,43,48,26,73,50,58,43,19,37,41,27,30,46,41,29,47,50,55,24
[ 128.519955] [AOA] Measurement: 0,1579813239.549316,04:d6:aa:c1:38:97,2,1,1,0,128,931,253,992,399,962,947,838,992,900,905,782,424,655,723,88,225,47,122,659,491,133,881,766,896,953,1009,810,469,246,615,452,751,37,36,33,35,48,54,31,51,28,50,34,32,24,36,39,23,60,46,47,38,17,34,34,24,25,39,39,25,40,46,48,22
[ 128.547753] [AOA] Measurement: 0,1579813239.577111,04:d6:aa:c1:38:97,2,1,1,0,128,396,67,977,424,933,943,813,1007,493,93,710,377,733,758,75,237,1011,76,646,437,175,889,742,887,936,970,307,624,204,556,407,775,44,44,43,41,56,62,33,60,31,55,37,39,27,42,44,25,70,53,53,41,18,37,38,25,27,41,38,25,46,46,49,24
[ 128.577466] [AOA] Measurement: 0,1579813239.606829,04:d6:aa:c1:38:97,2,1,1,0,128,427,46,420,169,422,777,785,935,879,926,718,387,738,747,22,140,7,9,39,238,106,879,303,102,518,180,318,631,777,811,289,507,42,42,39,42,52,64,31,56,33,56,40,36,27,43,44,24,69,51,55,43,21,39,42,27,27,48,39,29,47,50,55,25
[ 128.603487] [AOA] Measurement: 0,1579813239.632845,04:d6:aa:c1:38:97,2,1,1,0,128,412,74,422,215,407,799,839,975,982,906,733,397,720,743,45,207,623,283,560,397,205,903,754,890,940,950,803,456,170,550,589,861,37,40,32,34,48,53,25,51,26,50,31,31,25,35,37,20,58,46,48,36,19,32,33,24,24,40,35,23,38,41,44,20
[ 128.629359] [AOA] Measurement: 0,1579813239.658724,04:d6:aa:c1:38:97,2,1,1,0,128,397,60,981,372,957,966,820,995,437,54,268,532,676,726,587,385,562,245,52,263,751,44,321,51,896,956,386,690,711,744,131,414,38,37,34,36,44,55,30,49,30,53,33,31,23,34,40,23,62,43,49,39,18,34,36,25,24,40,36,28,41,44,48,23
[ 128.654199] [AOA] Measurement: 0,1579813239.683560,04:d6:aa:c1:38:97,2,1,1,0,128,364,41,438,213,453,797,789,959,436,80,275,626,222,919,639,399,581,279,565,400,208,924,788,896,946,969,777,468,790,826,341,528,44,42,39,40,53,58,32,60,34,55,38,35,29,40,43,24,70,51,58,43,21,39,41,27,28,41,37,29,47,48,52,23
[ 128.682826] [AOA] Measurement: 0,1579813239.712183,04:d6:aa:c1:38:97,2,1,1,0,128,945,309,951,373,413,760,790,1009,459,92,261,569,245,976,620,407,1023,35,102,301,742,42,742,842,955,993,359,668,745,782,750,16,38,41,34,35,48,51,25,51,28,49,32,32,23,37,37,20,63,47,48,34,16,33,33,25,24,36,34,22,39,40,43,22
[ 128.714170] [AOA] Measurement: 0,1579813239.743529,04:d6:aa:c1:38:97,2,1,1,0,128,379,46,453,222,951,955,772,970,923,915,684,372,730,744,78,193,84,100,17,229,672,1022,747,887,952,11,778,462,169,610,232,518,42,39,41,40,53,61,31,58,32,53,36,37,27,43,44,22,68,51,55,42,20,37,38,27,28,43,40,30,46,48,49,23
[ 128.743536] [AOA] Measurement: 0,1579813239.772900,04:d6:aa:c1:38:97,2,1,1,0,128,343,31,472,230,369,751,784,955,941,966,721,389,719,789,606,407,1016,46,88,266,158,909,754,917,422,139,802,501,788,791,316,633,37,36,36,34,46,54,32,50,29,50,36,31,24,36,39,21,62,45,48,38,18,34,36,25,25,37,35,25,40,44,46,22
[ 128.770618] [AOA] Measurement: 0,1579813239.799975,04:d6:aa:c1:38:97,2,1,1,0,128,400,97,949,388,455,806,320,143,427,65,767,445,722,746,29,224,22,89,13,225,175,896,775,885,917,958,877,517,775,802,851,46,37,39,36,34,45,51,29,53,29,50,32,32,25,38,38,20,61,45,50,38,18,33,36,25,26,39,38,25,40,42,47,24
[ 128.803437] [AOA] Measurement: 0,1579813239.832801,04:d6:aa:c1:38:97,2,1,1,0,128,902,255,439,205,421,769,860,990,932,899,756,390,263,977,78,222,55,70,21,239,139,830,781,887,963,994,780,455,207,602,355,716,39,37,35,35,47,54,25,52,28,50,33,31,24,36,39,21,60,45,52,33,17,32,33,23,25,38,36,27,41,41,45,22
[ 128.830480] [AOA] Measurement: 0,1579813239.859838,04:d6:aa:c1:38:97,2,1,1,0,128,384,67,455,227,927,958,795,981,448,45,753,406,233,926,92,235,54,62,57,270,163,910,314,74,441,108,812,476,733,820,814,85,39,39,34,36,47,54,26,50,30,52,33,35,26,37,38,23,64,44,50,39,19,35,35,25,26,37,34,26,42,42,48,21
[ 128.861553] [AOA] Measurement: 0,1579813239.890911,04:d6:aa:c1:38:97,2,1,1,0,128,324,54,435,212,425,795,856,1019,476,92,807,434,663,742,81,244,7,55,55,248,748,64,329,95,402,118,311,653,762,808,947,236,37,38,34,36,45,52,27,49,29,49,32,32,25,36,36,20,65,45,50,35,17,33,37,24,26,39,35,23,40,42,44,22
[ 128.890853] [AOA] Measurement: 0,1579813239.920217,04:d6:aa:c1:38:97,2,1,1,0,128,389,93,1017,434,1000,956,760,958,946,916,309,619,753,797,654,413,580,300,639,463,783,85,301,70,424,136,337,632,256,612,600,817,41,36,35,33,50,51,25,49,25,44,29,29,22,32,33,18,57,46,45,33,16,28,34,21,20,32,27,17,35,36,34,16
[ 128.918170] [AOA] Measurement: 0,1579813239.947527,04:d6:aa:c1:38:97,2,1,1,0,128,310,19,371,188,407,777,837,1002,884,878,767,436,292,997,621,396,1023,55,51,230,202,917,798,911,971,1017,804,460,201,605,966,312,36,38,34,33,48,52,28,50,25,45,30,26,24,36,36,17,59,43,46,33,16,29,32,23,22,33,29,21,36,37,37,20
[ 128.949592] [AOA] Measurement: 0,1579813239.978956,04:d6:aa:c1:38:97,2,1,1,0,128,404,70,1008,461,9,3,295,105,901,889,744,396,288,947,597,357,66,100,546,396,771,88,744,888,903,976,358,713,740,766,540,756,37,35,35,36,47,51,28,51,29,48,33,32,23,33,37,19,60,43,48,36,16,31,34,24,25,37,33,23,38,41,45,20
[ 128.973892] [AOA] Measurement: 0,1579813240.003256,04:d6:aa:c1:38:97,2,1,1,0,128,443,114,409,170,464,809,780,937,878,867,731,413,703,710,53,158,35,80,34,161,195,914,787,900,462,150,321,668,727,744,617,896,37,37,39,35,46,56,28,51,27,49,34,30,25,36,36,20,61,46,48,35,19,31,35,25,24,38,32,22,38,39,43,21
[ 129.003236] [AOA] Measurement: 0,1579813240.032594,04:d6:aa:c1:38:97,2,1,1,0,128,873,242,379,181,451,792,336,146,403,19,778,426,700,739,107,240,590,272,559,462,699,40,794,929,478,193,267,622,761,797,18,275,37,37,34,36,46,55,28,53,27,50,35,31,25,37,38,20,65,45,52,37,19,34,34,23,27,40,35,27,41,43,45,22
[ 129.033791] [AOA] Measurement: 0,1579813240.063152,04:d6:aa:c1:38:97,2,1,1,0,128,337,32,435,197,428,785,857,988,472,73,771,396,636,694,106,214,1012,14,83,221,115,875,777,866,967,975,828,463,151,575,321,708,37,37,36,35,46,52,25,49,28,45,33,29,24,35,35,18,55,43,51,35,18,31,35,22,25,33,31,22,40,39,41,20
[ 129.060044] [AOA] Measurement: 0,1579813240.089401,04:d6:aa:c1:38:97,2,1,1,0,128,335,1021,408,177,388,756,833,999,853,869,722,366,695,746,593,331,529,234,82,233,146,885,814,879,898,999,801,483,211,639,25,326,43,46,39,41,54,62,35,59,31,57,36,35,27,42,45,22,66,49,60,41,20,37,42,29,28,45,40,29,48,48,51,23
[ 129.092019] [AOA] Measurement: 0,1579813240.121377,04:d6:aa:c1:38:97,2,1,1,0,128,340,75,431,205,33,1003,767,988,447,86,732,366,705,791,29,158,35,89,82,235,150,855,829,899,935,991,765,429,249,625,985,224,44,44,38,40,54,61,32,57,27,52,38,37,27,39,41,21,69,49,55,40,18,34,41,24,27,43,35,25,42,45,48,21
[ 129.116272] [AOA] Measurement: 0,1579813240.145636,04:d6:aa:c1:38:97,2,1,1,0,128,322,72,422,196,474,811,817,993,995,917,747,400,235,914,625,383,47,73,24,248,711,15,698,836,943,1006,816,462,775,752,120,369,44,42,38,41,55,60,33,57,30,54,35,35,26,42,42,21,64,52,52,42,21,35,38,25,27,40,36,25,42,43,46,20
[ 129.144744] [AOA] Measurement: 0,1579813240.174101,04:d6:aa:c1:38:97,2,1,1,0,128,927,250,995,371,999,1004,381,191,477,89,307,595,229,959,626,434,583,258,629,427,790,80,283,65,916,961,833,462,770,757,105,392,41,42,40,38,50,62,32,56,35,56,38,38,28,43,44,24,72,52,58,43,22,39,39,27,30,43,40,28,49,48,51,23
[ 129.176439] [AOA] Measurement: 0,1579813240.205797,04:d6:aa:c1:38:97,2,1,1,0,128,372,80,961,378,482,836,745,965,486,76,284,554,210,927,577,398,1020,34,57,286,156,871,710,859,976,1019,810,463,209,625,73,359,37,37,35,34,47,54,28,50,25,48,34,31,23,33,40,22,59,47,48,34,17,33,35,24,26,36,34,24,37,40,41,22
[ 129.205748] [AOA] Measurement: 0,1579813240.235113,04:d6:aa:c1:38:97,2,1,1,0,128,394,74,1017,405,988,982,792,956,977,948,751,414,694,743,66,225,28,103,111,281,188,861,816,911,921,962,845,469,767,800,315,640,46,43,39,42,55,63,33,61,33,61,41,36,29,43,45,24,70,49,54,40,19,39,42,27,29,46,40,29,48,51,50,23
[ 129.234372] [AOA] Measurement: 0,1579813240.263731,04:d6:aa:c1:38:97,2,1,1,0,128,408,75,434,229,24,18,284,99,457,58,275,593,684,766,73,204,21,30,98,243,247,898,775,849,873,945,821,476,766,775,441,665,39,36,36,36,47,52,29,50,28,49,32,31,23,36,38,22,59,48,49,38,18,30,35,23,24,37,36,25,40,43,48,23
[ 129.263884] [AOA] Measurement: 0,1579813240.293250,04:d6:aa:c1:38:97,2,1,1,0,128,334,71,964,356,973,967,765,918,932,904,727,389,701,757,63,201,29,44,40,242,213,944,285,41,921,959,382,678,796,823,121,339,45,42,40,39,56,61,32,57,33,54,36,36,28,42,42,23,68,52,54,40,20,36,40,26,27,42,38,26,47,49,51,23
[ 129.288261] [AOA] Measurement: 0,1579813240.317624,04:d6:aa:c1:38:97,2,1,1,0,128,408,98,977,416,964,955,313,131,426,88,268,609,269,948,610,403,622,282,104,276,747,62,285,48,514,191,354,741,725,779,259,540,44,43,42,43,55,60,33,61,32,57,37,35,25,39,42,20,68,54,54,41,18,36,40,27,28,41,36,25,41,45,49,23
[ 129.319651] [AOA] Measurement: 0,1579813240.349008,04:d6:aa:c1:38:97,2,1,1,0,128,393,87,1001,409,979,970,293,116,369,35,730,367,246,923,572,372,628,349,586,433,738,87,343,91,946,988,808,479,225,623,810,62,44,44,38,40,55,58,28,59,31,55,37,34,25,41,42,23,68,53,56,39,18,34,39,27,28,43,34,27,44,49,47,23
[ 129.344905] [AOA] Measurement: 0,1579813240.374270,04:d6:aa:c1:38:97,2,1,1,0,128,879,206,944,406,950,970,776,1005,916,899,323,633,671,754,689,492,557,281,615,446,705,42,330,62,488,150,345,635,780,830,333,540,43,45,42,39,56,64,30,57,33,55,35,35,29,39,44,25,69,52,55,42,20,35,40,27,29,43,37,27,44,49,49,26
[ 129.372900] [AOA] Measurement: 0,1579813240.402261,04:d6:aa:c1:38:97,2,1,1,0,128,882,202,1017,423,440,800,826,965,455,66,721,406,722,714,642,424,537,234,632,454,706,18,763,852,988,972,319,640,204,593,204,528,43,44,42,40,53,63,34,58,34,59,40,38,30,42,43,25,72,51,51,43,20,38,43,29,29,42,41,33,49,50,56,23
[ 129.404776] [AOA] Measurement: 0,1579813240.434133,04:d6:aa:c1:38:97,2,1,1,0,128,442,111,434,216,396,755,762,958,917,898,726,389,690,722,52,202,25,88,36,209,207,920,684,841,946,982,799,431,237,586,817,32,39,38,34,35,46,55,27,51,28,51,33,33,24,37,40,20,62,45,48,38,16,32,35,27,25,41,35,27,40,42,47,20
[ 129.435951] [AOA] Measurement: 0,1579813240.465311,04:d6:aa:c1:38:97,2,1,1,0,128,314,38,428,235,988,1001,743,924,922,905,735,404,219,955,9,182,32,77,52,244,192,870,779,872,502,191,339,655,202,626,128,403,44,45,40,42,54,61,31,58,31,55,37,37,29,40,46,25,70,53,55,46,20,39,42,31,28,47,41,29,49,50,57,25
[ 129.467399] [AOA] Measurement: 0,1579813240.496758,04:d6:aa:c1:38:97,2,1,1,0,128,370,65,419,206,1001,1005,318,127,387,38,731,384,725,772,6,162,42,84,562,412,775,69,286,33,949,999,834,509,219,609,461,808,44,40,42,43,53,63,34,59,31,58,38,37,27,43,45,24,73,50,54,43,23,38,40,29,28,44,41,29,44,50,52,23
[ 129.497290] [AOA] Measurement: 0,1579813240.526655,04:d6:aa:c1:38:97,2,1,1,0,128,393,77,399,173,462,809,348,134,444,57,745,387,675,783,70,208,600,281,584,439,696,43,775,929,466,171,315,644,258,634,694,928,37,36,34,37,45,54,27,49,29,50,36,31,24,38,39,21,63,42,49,40,19,35,33,25,25,41,37,28,43,43,47,21
[ 129.525208] [AOA] Measurement: 0,1579813240.554566,04:d6:aa:c1:38:97,2,1,1,0,128,899,256,973,371,942,976,824,987,895,893,700,358,720,725,7,148,96,91,53,225,207,909,763,898,989,1020,271,651,766,811,517,728,38,37,35,33,46,50,26,48,26,45,28,27,21,34,36,16,56,43,45,29,16,29,32,18,22,32,29,21,34,36,37,18
[ 129.550880] [AOA] Measurement: 0,1579813240.580246,04:d6:aa:c1:38:97,2,1,1,0,128,359,38,440,224,446,806,786,959,896,905,307,574,657,743,143,259,598,267,626,468,669,1018,788,906,452,167,302,635,729,754,312,540,42,46,41,38,53,59,33,59,33,56,37,34,26,39,42,22,71,56,57,37,20,36,40,28,26,44,39,28,48,49,54,27
[ 129.582201] [AOA] Measurement: 0,1579813240.611564,04:d6:aa:c1:38:97,2,1,1,0,128,349,53,437,237,455,785,798,947,499,85,254,576,207,887,91,211,14,42,77,214,712,20,791,871,902,917,831,460,282,648,350,705,39,37,36,34,46,56,27,52,28,51,33,30,24,38,37,21,59,42,50,34,17,31,36,25,25,37,35,25,39,42,44,22
[ 129.606925] [AOA] Measurement: 0,1579813240.636287,04:d6:aa:c1:38:97,2,1,1,0,128,915,261,974,396,1008,1006,310,124,505,120,274,641,211,912,100,216,657,359,574,405,218,943,307,70,467,165,283,635,820,832,805,1000,45,41,40,39,57,59,32,59,31,56,38,35,26,38,41,19,65,52,57,37,18,34,38,23,27,36,32,25,41,44,44,22
[ 129.639902] [AOA] Measurement: 0,1579813240.669261,04:d6:aa:c1:38:97,2,1,1,0,128,371,34,481,238,976,963,769,960,960,919,817,493,231,943,545,317,49,99,592,386,188,909,360,93,432,153,301,652,184,595,954,278,45,42,41,40,50,58,30,55,30,53,35,34,26,34,40,20,65,50,55,37,17,32,38,24,27,36,32,21,37,39,44,19
[ 129.669079] [AOA] Measurement: 0,1579813240.698441,04:d6:aa:c1:38:97,2,1,1,0,128,379,69,509,278,971,975,330,136,417,82,289,607,293,986,676,432,568,269,718,543,745,56,264,43,448,154,382,689,766,820,624,824,37,35,35,35,46,51,26,49,28,47,34,29,25,37,36,19,61,46,50,36,16,34,34,22,24,36,34,23,36,42,45,20
[ 129.699184] [AOA] Measurement: 0,1579813240.728547,04:d6:aa:c1:38:97,2,1,1,0,128,338,92,409,218,418,770,839,982,443,68,733,411,703,729,114,233,604,266,66,256,170,903,806,920,906,973,377,696,203,607,761,963,42,43,41,39,57,59,29,60,30,53,34,34,28,38,38,20,68,52,57,37,19,34,41,25,23,40,35,27,43,44,49,21
[ 129.725649] [AOA] Measurement: 0,1579813240.755015,04:d6:aa:c1:38:97,2,1,1,0,128,385,45,459,238,486,803,775,944,891,863,771,414,684,724,21,157,58,80,50,221,247,944,731,838,881,942,819,461,253,627,960,251,37,37,34,34,43,54,31,51,27,51,34,33,23,37,39,22,64,44,50,33,18,34,37,24,24,39,34,25,41,43,47,21
[ 129.754747] [AOA] Measurement: 0,1579813240.784104,04:d6:aa:c1:38:97,2,1,1,0,128,380,54,425,209,467,793,817,968,923,896,230,577,253,928,586,348,1016,26,624,451,705,17,787,897,928,982,805,516,742,780,496,718,44,46,38,41,56,60,36,59,32,60,36,37,28,43,44,25,70,52,55,42,20,39,41,27,30,51,40,32,50,49,56,24
[ 129.785398] [AOA] Measurement: 0,1579813240.814760,04:d6:aa:c1:38:97,2,1,1,0,128,372,75,952,375,30,1017,269,79,940,901,252,577,258,945,589,363,566,255,572,432,771,76,258,31,923,979,786,459,251,634,38,294,39,36,37,34,45,52,27,50,30,49,34,30,25,36,38,18,62,45,50,35,16,34,35,23,25,38,33,26,36,44,46,21
[ 129.813299] [AOA] Measurement: 0,1579813240.842658,04:d6:aa:c1:38:97,2,1,1,0,128,382,52,416,158,9,1002,365,171,450,66,752,358,691,740,38,162,65,27,45,224,126,860,773,881,933,961,882,468,245,619,473,734,36,34,36,36,49,55,31,49,27,47,35,33,24,36,38,23,59,46,50,36,18,33,36,24,26,41,32,24,39,47,47,21
[ 129.845002] [AOA] Measurement: 0,1579813240.874361,04:d6:aa:c1:38:97,2,1,1,0,128,381,58,446,200,419,812,810,987,416,57,770,389,697,762,642,442,1012,27,644,456,715,69,308,94,418,174,342,686,725,780,269,512,44,44,37,38,53,60,31,58,32,48,35,35,28,41,39,20,65,53,53,38,21,35,40,24,23,39,34,24,41,44,46,25
[ 129.877546] [AOA] Measurement: 0,1579813240.906904,04:d6:aa:c1:38:97,2,1,1,0,128,946,276,979,417,24,998,298,137,919,915,743,443,193,899,16,170,96,126,1000,148,221,942,746,896,926,947,835,473,760,784,302,568,36,39,33,39,47,52,26,50,26,49,34,32,25,36,38,22,62,45,48,35,18,33,34,23,24,37,35,24,37,40,45,20
[ 129.904545] [AOA] Measurement: 0,1579813240.933908,04:d6:aa:c1:38:97,2,1,1,0,128,929,257,1007,409,998,1013,300,133,439,122,266,566,225,969,628,403,602,283,638,488,746,94,291,21,493,161,341,660,799,809,876,1019,44,44,40,41,56,61,28,57,32,55,36,37,28,43,42,22,69,52,55,39,18,34,39,26,27,41,38,25,43,47,47,21
[ 129.930538] [AOA] Measurement: 0,1579813240.959901,04:d6:aa:c1:38:97,2,1,1,0,128,900,240,987,428,455,787,770,956,901,891,717,378,686,719,70,241,28,29,83,238,178,890,799,955,443,152,312,634,212,581,476,758,38,37,33,37,45,52,27,49,28,49,32,32,25,35,37,19,59,46,49,36,17,31,33,22,24,37,33,24,38,39,47,24
[ 129.960385] [AOA] Measurement: 0,1579813240.989745,04:d6:aa:c1:38:97,2,1,1,0,128,332,35,439,214,412,787,850,960,464,80,272,594,627,694,5,156,1016,56,624,454,146,891,314,53,859,939,845,470,719,804,128,407,37,36,34,34,48,55,29,52,30,49,31,32,23,34,38,20,60,47,50,36,15,31,35,25,25,37,34,26,43,42,45,21
[ 129.992446] [AOA] Measurement: 0,1579813241.021804,04:d6:aa:c1:38:97,2,1,1,0,128,908,279,974,396,1,1004,342,167,430,53,755,395,710,733,50,186,69,69,634,437,739,75,261,46,453,118,356,674,758,757,584,896,37,39,38,33,46,54,26,53,27,50,33,30,25,35,39,21,61,45,49,35,19,32,35,24,24,37,35,25,38,43,42,20
[ 130.020994] [AOA] Measurement: 0,1579813241.050359,04:d6:aa:c1:38:97,2,1,1,0,128,361,34,421,201,429,785,892,1018,923,904,732,367,702,784,68,176,40,73,81,254,185,848,766,866,911,985,311,635,731,748,178,390,42,38,40,41,52,64,33,57,29,60,38,36,32,41,47,26,72,48,58,42,20,37,40,30,28,45,45,32,47,52,56,25
[ 130.052119] [AOA] Measurement: 0,1579813241.081482,04:d6:aa:c1:38:97,2,1,1,0,128,342,66,386,163,506,794,798,977,439,54,700,381,683,746,56,181,1019,66,61,229,192,893,347,112,440,139,790,430,200,567,261,542,37,39,34,34,46,52,26,47,25,46,32,30,24,37,36,19,60,44,51,36,18,34,32,22,25,37,33,26,41,41,45,20
[ 130.077622] [AOA] Measurement: 0,1579813241.106984,04:d6:aa:c1:38:97,2,1,1,0,128,932,276,984,408,962,971,357,182,458,87,740,450,680,678,72,222,80,70,81,197,159,835,789,893,964,1016,331,621,734,738,482,746,44,45,40,40,57,63,33,60,32,58,39,36,27,43,42,23,67,49,59,44,18,37,40,27,29,43,37,28,46,47,51,25
[ 130.107528] [AOA] Measurement: 0,1579813241.136886,04:d6:aa:c1:38:97,2,1,1,0,128,328,19,441,185,990,956,834,955,926,949,287,588,712,786,1013,174,555,249,595,441,756,98,259,44,879,974,309,640,185,592,118,411,46,44,37,38,52,63,32,58,30,56,40,38,29,43,44,26,70,48,60,40,21,36,41,26,29,44,38,31,50,50,53,25
[ 130.135215] [AOA] Measurement: 0,1579813241.164579,04:d6:aa:c1:38:97,2,1,1,0,128,337,27,491,237,982,965,824,982,930,933,715,366,199,935,615,387,593,248,629,441,160,844,761,891,914,960,797,479,171,545,783,176,43,41,42,39,50,59,34,58,32,58,38,36,28,41,46,24,69,47,58,42,22,38,42,26,27,44,41,30,47,51,51,23
[ 130.162215] [AOA] Measurement: 0,1579813241.191573,04:d6:aa:c1:38:97,2,1,1,0,128,386,61,405,181,469,782,788,981,902,918,724,372,679,722,42,170,998,16,622,433,127,863,786,865,865,946,739,425,208,598,552,852,37,39,33,36,47,54,29,52,28,51,34,30,25,36,37,21,65,44,49,38,18,32,37,25,25,42,34,27,40,44,46,24
[ 130.195054] [AOA] Measurement: 0,1579813241.224413,04:d6:aa:c1:38:97,2,1,1,0,128,360,36,471,223,439,785,816,952,934,901,699,304,709,721,116,180,42,78,11,209,167,869,269,49,910,976,797,431,215,600,187,535,43,41,42,41,54,59,31,59,31,56,37,35,28,41,43,24,70,53,54,43,23,35,42,28,27,48,37,29,46,47,51,24
[ 130.221063] [AOA] Measurement: 0,1579813241.250421,04:d6:aa:c1:38:97,2,1,1,0,128,403,89,407,216,495,839,775,928,919,918,661,373,730,742,81,217,604,263,44,222,175,884,758,893,919,965,830,472,254,612,951,210,38,36,37,35,46,55,27,49,28,46,33,30,25,37,39,21,59,44,51,35,16,32,36,22,24,37,33,23,40,40,44,19
[ 130.250870] [AOA] Measurement: 0,1579813241.280232,04:d6:aa:c1:38:97,2,1,1,0,128,356,44,463,216,427,769,798,944,499,71,234,593,208,940,1015,136,50,88,36,223,207,921,812,917,454,166,303,659,177,582,374,706,38,34,36,34,48,54,29,49,30,47,33,31,23,35,39,22,61,41,51,33,20,31,35,24,25,37,34,23,39,42,48,22
[ 130.281946] [AOA] Measurement: 0,1579813241.311311,04:d6:aa:c1:38:97,2,1,1,0,128,351,43,1002,408,466,822,338,109,447,82,284,556,212,940,623,407,534,237,659,467,697,54,280,30,935,988,737,456,260,616,932,284,42,42,42,40,53,59,36,54,34,56,41,38,27,42,46,26,70,51,60,42,18,37,40,28,27,45,40,29,48,52,55,26
[ 130.310425] [AOA] Measurement: 0,1579813241.339783,04:d6:aa:c1:38:97,2,1,1,0,128,917,242,407,144,424,743,817,933,901,895,766,357,678,717,53,180,2,13,49,212,185,903,265,41,472,130,319,674,697,709,124,477,44,45,41,43,52,62,31,57,31,53,38,35,29,42,45,21,72,54,56,39,20,38,38,27,26,44,37,27,45,48,49,24
[ 130.343312] [AOA] Measurement: 0,1579813241.372672,04:d6:aa:c1:38:97,2,1,1,0,128,915,294,927,372,428,812,824,1010,949,908,734,392,691,757,79,184,30,86,96,224,209,889,310,49,935,971,860,482,771,755,110,449,37,35,35,34,46,54,28,49,29,52,32,31,24,35,40,19,62,45,50,38,16,31,33,24,25,36,34,24,39,43,42,21
[ 130.376043] [AOA] Measurement: 0,1579813241.405401,04:d6:aa:c1:38:97,2,1,1,0,128,399,66,388,162,11,12,298,138,888,903,722,365,772,781,101,235,35,42,59,217,192,889,747,865,912,980,759,405,181,587,250,680,36,38,35,35,45,54,25,51,25,45,33,30,20,36,38,19,60,48,51,33,16,30,34,21,24,34,30,22,39,40,42,21
[ 130.401552] [AOA] Measurement: 0,1579813241.430915,04:d6:aa:c1:38:97,2,1,1,0,128,906,216,422,183,461,807,812,1000,881,923,690,397,705,748,0,178,55,43,10,192,745,65,319,62,460,132,330,691,248,634,37,354,37,37,36,34,46,52,25,49,27,46,33,32,23,36,35,17,58,47,47,34,18,30,36,20,23,34,31,21,35,37,42,17
[ 130.429870] [AOA] Measurement: 0,1579813241.459229,04:d6:aa:c1:38:97,2,1,1,0,128,370,78,429,193,473,807,820,994,928,931,735,397,640,731,23,208,579,299,631,506,712,59,268,64,945,1020,771,448,238,616,549,835,45,44,40,38,52,62,33,55,33,56,38,35,28,44,43,24,71,53,57,43,22,37,39,27,27,44,42,28,45,47,50,26
[ 130.463316] [AOA] Measurement: 0,1579813241.492675,04:d6:aa:c1:38:97,2,1,1,0,128,872,227,973,396,974,991,307,139,467,83,273,588,190,961,64,188,583,298,635,455,738,63,291,56,416,119,819,511,704,761,131,460,46,42,41,44,53,61,30,57,30,54,40,37,28,43,44,24,70,50,56,39,18,35,41,25,27,43,36,24,43,47,50,23
[ 130.490079] [AOA] Measurement: 0,1579813241.519437,04:d6:aa:c1:38:97,2,1,1,0,128,962,286,425,173,441,817,819,976,932,929,762,416,693,708,93,245,41,95,51,237,209,909,277,48,466,174,729,423,212,631,1015,383,43,41,39,42,53,57,33,58,29,57,38,34,29,41,45,22,69,51,55,37,18,35,41,27,27,43,39,25,42,46,47,24
[ 130.520033] [AOA] Measurement: 0,1579813241.549395,04:d6:aa:c1:38:97,2,1,1,0,128,357,77,448,239,419,812,814,994,947,906,774,421,702,768,127,234,592,269,69,230,145,903,774,943,928,959,782,476,767,815,425,712,36,35,33,33,43,53,30,49,28,50,34,32,24,36,39,22,63,42,50,36,18,33,36,25,24,44,36,24,39,45,47,21
[ 130.551487] [AOA] Measurement: 0,1579813241.580852,04:d6:aa:c1:38:97,2,1,1,0,128,322,41,397,179,428,797,766,949,900,916,802,449,701,767,71,214,81,91,619,466,740,59,283,38,470,160,368,671,762,787,691,912,41,43,45,40,56,62,34,57,31,53,37,37,27,41,43,23,69,54,57,42,21,36,42,27,28,39,38,28,47,49,51,23
[ 130.579726] [AOA] Measurement: 0,1579813241.609085,04:d6:aa:c1:38:97,2,1,1,0,128,353,54,1018,394,994,977,292,100,375,23,764,414,198,935,607,412,581,267,584,449,735,104,338,63,427,106,312,671,772,835,146,484,38,37,35,33,45,52,26,48,29,47,32,33,22,36,39,22,59,46,51,35,18,33,36,23,26,38,35,25,40,44,44,21
[ 130.613366] [AOA] Measurement: 0,1579813241.642725,04:d6:aa:c1:38:97,2,1,1,0,128,916,272,998,422,964,987,338,148,441,97,326,627,155,892,619,399,11,50,86,273,701,65,760,862,956,15,358,677,758,794,59,226,37,39,34,34,45,51,24,49,28,45,29,30,23,32,34,17,58,47,50,34,17,30,33,20,22,35,31,24,37,40,41,20
[ 130.646679] [AOA] Measurement: 0,1579813241.676037,04:d6:aa:c1:38:97,2,1,1,0,128,390,85,454,224,980,952,877,5,437,60,744,397,283,964,585,437,34,40,44,260,112,855,845,915,890,932,335,653,841,858,744,951,42,39,38,42,54,60,33,59,33,54,36,39,28,39,42,25,72,48,54,43,21,38,39,26,28,47,43,30,46,50,52,23
[ 130.674234] [AOA] Measurement: 0,1579813241.703597,04:d6:aa:c1:38:97,2,1,1,0,128,424,105,956,375,959,933,284,111,475,88,251,560,233,909,37,141,88,86,608,415,169,838,799,910,944,983,797,481,224,619,486,774,43,41,43,41,55,59,34,56,31,54,39,36,29,41,42,22,73,50,62,40,18,38,38,28,27,44,37,27,47,48,52,23
[ 130.705459] [AOA] Measurement: 0,1579813241.734821,04:d6:aa:c1:38:97,2,1,1,0,128,328,46,984,368,1011,1001,794,999,916,906,738,391,675,742,84,242,1020,49,61,278,751,100,299,82,878,942,839,518,182,580,681,944,36,35,34,37,45,52,31,45,29,47,34,33,24,37,40,23,64,44,47,37,19,32,35,24,24,41,38,30,45,43,51,21
[ 130.735178] [AOA] Measurement: 0,1579813241.764538,04:d6:aa:c1:38:97,2,1,1,0,128,340,22,442,174,443,802,847,951,908,875,810,433,182,936,617,382,6,61,48,253,710,48,764,903,429,145,380,724,805,780,264,528,44,43,39,40,53,62,30,57,32,58,41,36,30,38,45,25,71,49,54,43,19,38,41,29,27,46,37,29,43,51,54,24
[ 130.767179] [AOA] Measurement: 0,1579813241.796542,04:d6:aa:c1:38:97,2,1,1,0,128,388,84,374,173,398,806,783,951,930,920,729,379,768,802,31,170,624,304,631,460,715,38,752,877,516,173,807,459,186,574,383,727,39,39,37,36,47,54,26,48,30,47,32,30,24,36,37,18,63,44,50,34,19,31,35,23,25,36,34,23,38,41,40,17
[ 130.797085] [AOA] Measurement: 0,1579813241.826446,04:d6:aa:c1:38:97,2,1,1,0,128,942,294,0,447,958,969,343,173,433,54,293,596,291,991,635,401,64,108,62,268,166,889,298,28,903,976,775,467,778,789,405,671,37,38,35,34,46,51,24,49,24,44,30,29,20,35,36,19,58,47,48,34,16,30,32,21,21,35,32,22,38,38,40,18
[ 130.830759] [AOA] Measurement: 0,1579813241.860116,04:d6:aa:c1:38:97,2,1,1,0,128,925,258,955,395,992,991,793,991,487,119,336,643,228,974,630,413,534,246,7,216,202,918,792,899,958,977,834,493,206,569,215,568,45,38,36,37,52,62,30,60,33,56,39,37,28,40,44,24,73,47,56,43,21,38,41,31,29,49,42,31,50,49,54,25
[ 130.864639] [AOA] Measurement: 0,1579813241.893996,04:d6:aa:c1:38:97,2,1,1,0,128,874,225,466,227,387,756,848,939,895,880,745,412,220,946,28,146,645,278,542,395,148,874,806,892,490,212,247,609,180,569,451,797,44,41,40,43,52,62,34,57,31,52,38,37,28,38,42,24,72,52,56,43,19,37,40,27,29,41,36,27,46,47,50,23
[ 130.895839] [AOA] Measurement: 0,1579813241.925204,04:d6:aa:c1:38:97,2,1,1,0,128,365,68,430,196,482,789,832,942,877,894,786,416,723,780,57,207,1007,52,33,226,148,849,836,905,941,1005,345,644,238,598,122,450,45,43,40,42,53,61,30,57,30,53,36,36,26,42,41,23,69,51,56,40,19,35,42,26,26,42,38,26,44,50,48,22
[ 130.925977] [AOA] Measurement: 0,1579813241.955335,04:d6:aa:c1:38:97,2,1,1,0,128,927,263,437,196,455,800,829,974,438,61,234,565,679,758,620,380,5,51,61,238,136,883,728,854,897,957,825,468,232,610,608,883,36,38,36,38,49,52,28,51,28,50,34,32,25,36,38,19,60,44,50,39,18,32,35,24,25,38,33,27,42,41,46,22
[ 130.954431] [AOA] Measurement: 0,1579813241.983793,04:d6:aa:c1:38:97,2,1,1,0,128,350,28,993,387,944,952,319,108,464,67,205,571,723,725,57,186,30,73,637,481,675,10,290,50,437,142,339,682,736,780,970,286,36,35,37,36,46,51,26,50,26,46,32,30,23,34,36,20,60,43,50,37,16,32,35,22,21,36,33,24,39,40,40,19
[ 130.982999] [AOA] Measurement: 0,1579813242.012357,04:d6:aa:c1:38:97,2,1,1,0,128,958,285,937,350,995,991,726,920,968,908,729,414,716,739,594,371,562,232,67,254,708,45,326,71,974,4,302,674,782,836,152,420,44,44,35,40,49,62,33,59,30,56,40,36,26,45,44,25,73,48,53,45,20,39,40,31,30,49,43,32,49,52,55,26
[ 131.015635] [AOA] Measurement: 0,1579813242.044998,04:d6:aa:c1:38:97,2,1,1,0,128,372,36,403,186,420,747,775,971,909,920,707,376,601,664,65,169,2,49,101,281,249,925,761,869,930,985,825,430,232,609,21,320,44,45,43,41,55,62,34,59,34,55,37,34,28,42,43,23,70,53,54,41,22,37,40,28,30,48,42,31,45,49,54,26
[ 131.044607] [AOA] Measurement: 0,1579813242.073964,04:d6:aa:c1:38:97,2,1,1,0,128,935,311,962,411,994,1023,338,176,400,50,346,619,304,966,613,378,580,264,48,216,166,887,353,22,460,153,250,620,796,810,268,538,43,44,40,39,55,62,32,59,33,55,37,37,27,43,42,21,70,51,55,40,20,36,40,26,27,43,39,28,46,50,49,24
[ 131.077578] [AOA] Measurement: 0,1579813242.106942,04:d6:aa:c1:38:97,2,1,1,0,128,432,98,12,416,1017,19,318,120,456,102,270,583,266,969,634,424,554,241,49,209,213,904,768,872,437,153,788,452,193,600,429,784,41,38,35,31,48,53,27,49,27,47,32,32,24,35,36,19,61,44,50,38,18,30,37,24,23,42,35,23,38,45,47,19
[ 131.106487] [AOA] Measurement: 0,1579813242.135845,04:d6:aa:c1:38:97,2,1,1,0,128,890,245,970,344,1001,987,327,132,403,23,339,660,230,943,608,398,609,279,639,455,718,40,303,35,474,159,288,648,242,604,747,986,44,40,41,41,56,60,34,56,32,54,36,33,25,40,42,24,67,49,53,37,20,39,38,27,28,44,37,26,44,47,50,24
[ 131.140828] [AOA] Measurement: 0,1579813242.170187,04:d6:aa:c1:38:97,2,1,1,0,128,934,282,967,408,961,935,812,985,958,930,364,659,131,862,109,246,622,269,642,450,722,62,329,86,469,148,341,635,783,823,798,36,43,40,42,41,54,60,32,52,32,55,36,35,27,40,42,23,66,52,58,40,19,39,40,26,28,44,36,26,45,47,51,22
[ 131.174769] [AOA] Measurement: 0,1579813242.204127,04:d6:aa:c1:38:97,2,1,1,0,128,890,257,407,187,522,849,816,965,444,71,754,388,304,979,601,377,615,285,42,227,715,42,335,60,449,158,311,628,273,636,78,344,43,46,40,38,54,60,29,55,28,53,36,34,26,40,41,22,70,53,60,41,19,33,39,25,28,40,33,29,41,44,46,22
[ 131.206067] [AOA] Measurement: 0,1579813242.235431,04:d6:aa:c1:38:97,2,1,1,0,128,405,130,389,188,985,963,765,945,911,875,290,590,213,911,645,371,31,49,679,476,718,19,272,70,440,112,375,681,738,784,539,823,44,43,42,38,52,61,30,57,35,54,39,38,28,42,44,24,66,49,57,42,18,37,38,28,30,38,37,28,46,50,48,23
[ 131.236545] [AOA] Measurement: 0,1579813242.265903,04:d6:aa:c1:38:97,2,1,1,0,128,905,298,989,444,1003,10,346,159,458,70,705,385,674,734,59,232,32,94,635,441,739,56,313,69,915,965,363,662,801,827,601,824,41,40,41,39,54,65,34,55,30,56,38,34,28,43,45,25,71,49,58,44,19,38,39,28,25,43,41,28,47,48,53,24
[ 131.270304] [AOA] Measurement: 0,1579813242.299661,04:d6:aa:c1:38:97,2,1,1,0,128,337,91,376,149,472,784,839,1017,905,897,715,360,733,746,62,205,58,107,72,249,157,882,738,893,902,965,756,457,241,606,875,106,36,35,34,36,46,54,28,50,29,47,33,33,21,36,39,21,66,40,47,36,17,32,38,23,23,41,34,27,42,41,46,21
[ 131.304461] [AOA] Measurement: 0,1579813242.333816,04:d6:aa:c1:38:97,2,1,1,0,128,369,46,431,198,425,769,816,989,921,872,713,406,236,935,40,198,566,258,644,468,698,48,775,905,890,989,780,457,201,610,876,167,36,37,36,33,48,51,28,50,29,47,33,31,25,36,38,20,59,43,51,34,17,29,33,22,24,36,32,22,37,40,42,19
[ 131.332673] [AOA] Measurement: 0,1579813242.362030,04:d6:aa:c1:38:97,2,1,1,0,128,315,39,460,256,442,751,842,12,901,909,236,601,688,755,641,389,599,307,608,430,697,46,262,21,956,968,840,498,198,555,994,163,40,47,37,36,53,57,27,52,29,51,31,34,25,41,41,21,61,48,55,35,18,33,37,21,28,36,32,22,42,42,40,20
[ 131.366618] [AOA] Measurement: 0,1579813242.395975,04:d6:aa:c1:38:97,2,1,1,0,128,910,237,452,192,992,1000,389,164,432,82,301,593,238,947,63,209,16,79,84,264,702,36,778,868,453,151,824,432,167,560,328,697,45,43,40,40,51,64,32,56,35,55,39,36,26,45,42,22,68,53,56,44,20,37,41,28,31,45,39,30,47,50,51,26
[ 131.394562] [AOA] Measurement: 0,1579813242.423920,04:d6:aa:c1:38:97,2,1,1,0,128,932,242,429,168,441,795,836,977,971,915,722,385,658,729,81,255,590,303,560,423,730,34,278,97,933,1008,818,499,206,594,194,553,37,36,34,36,45,55,28,48,28,51,35,32,27,37,35,23,65,45,48,37,21,33,35,24,23,44,38,28,40,43,49,21
[ 131.437585] [AOA] Measurement: 0,1579813242.466950,04:d6:aa:c1:38:97,2,1,1,0,128,869,200,447,193,997,983,843,996,928,878,309,612,650,726,556,373,607,271,600,427,725,49,315,46,909,973,294,626,734,793,509,814,43,44,43,40,56,60,32,56,30,51,34,36,25,39,41,22,67,53,59,36,20,34,40,25,27,44,39,27,46,47,47,23
[ 131.469205] [AOA] Measurement: 0,1579813242.498569,04:d6:aa:c1:38:97,2,1,1,0,128,388,62,460,204,990,972,803,960,474,59,699,364,217,915,52,212,567,251,61,234,188,893,767,904,965,1018,760,411,231,606,318,567,41,38,36,42,50,63,33,58,31,55,38,39,28,40,44,25,70,47,54,42,21,39,41,31,26,49,44,29,47,52,56,27
[ 131.495727] [AOA] Measurement: 0,1579813242.525090,04:d6:aa:c1:38:97,2,1,1,0,128,945,216,981,444,379,777,815,990,915,900,255,559,240,964,30,182,560,276,652,465,687,16,243,16,962,16,763,451,217,610,432,662,39,35,35,35,45,49,27,51,26,49,33,30,24,34,38,21,58,44,48,35,18,32,34,23,25,41,34,25,40,41,44,19
[ 131.525818] [AOA] Measurement: 0,1579813242.555177,04:d6:aa:c1:38:97,2,1,1,0,128,299,1023,456,243,420,778,837,952,924,903,789,407,743,767,95,246,574,237,31,195,198,890,815,915,438,136,802,440,224,592,377,670,34,36,33,36,42,54,29,47,30,52,33,34,22,39,37,23,63,45,52,38,18,33,35,24,24,41,36,26,37,45,47,21
[ 131.552765] [AOA] Measurement: 0,1579813242.582128,04:d6:aa:c1:38:97,2,1,1,0,128,919,284,997,402,958,980,367,149,424,106,250,590,714,772,612,408,609,302,684,530,734,74,313,85,498,202,351,673,748,822,154,439,36,37,38,34,46,50,26,49,27,47,29,30,22,34,34,17,54,46,46,33,16,28,34,20,24,31,28,20,37,35,41,18
[ 131.579604] [AOA] Measurement: 0,1579813242.608969,04:d6:aa:c1:38:97,2,1,1,0,128,362,29,981,380,421,801,827,958,891,910,804,428,624,712,25,187,40,51,97,252,194,889,254,29,411,134,303,635,220,613,535,824,44,40,40,40,52,61,32,58,30,53,37,34,26,40,44,22,71,50,62,39,19,36,41,28,26,41,36,26,46,49,46,23
[ 131.609715] [AOA] Measurement: 0,1579813242.639073,04:d6:aa:c1:38:97,2,1,1,0,128,900,219,989,405,405,777,842,987,351,10,758,390,725,761,49,160,41,69,63,254,115,868,800,877,906,956,796,448,161,586,414,719,36,34,34,33,48,53,29,48,29,47,33,29,26,35,36,19,60,45,49,33,15,30,35,23,24,37,32,25,39,38,42,21
[ 131.636561] [AOA] Measurement: 0,1579813242.665927,04:d6:aa:c1:38:97,2,1,1,0,128,341,39,480,211,1005,982,785,951,488,91,236,556,720,760,13,173,12,64,95,250,781,79,766,886,1004,1000,850,426,804,821,922,120,44,43,40,40,50,59,34,58,32,53,39,38,28,44,44,22,70,52,58,47,17,36,43,27,27,45,42,30,48,48,53,26
[ 131.663373] [AOA] Measurement: 0,1579813242.692737,04:d6:aa:c1:38:97,2,1,1,0,128,936,255,448,216,1004,980,769,909,967,948,321,615,214,939,638,390,632,277,630,473,669,45,265,18,504,174,285,675,752,785,541,828,43,42,40,39,53,63,30,57,33,56,37,36,28,40,44,22,72,49,53,41,20,35,41,27,29,41,41,23,41,45,51,24
[ 131.704842] [AOA] Measurement: 0,1579813242.734206,04:d6:aa:c1:38:97,2,1,1,0,128,373,38,375,176,415,780,814,966,921,873,752,402,713,752,20,195,12,62,12,198,162,871,760,871,932,989,332,647,181,615,210,580,45,45,41,38,53,65,31,59,30,55,35,36,28,41,41,22,67,52,53,39,18,36,40,24,28,38,37,26,45,49,49,24
[ 131.735152] [AOA] Measurement: 0,1579813242.764510,04:d6:aa:c1:38:97,2,1,1,0,128,867,240,376,147,467,803,852,986,460,77,230,561,649,721,53,212,13,40,666,465,715,32,312,18,436,106,345,685,740,795,274,457,43,46,39,41,53,65,29,59,32,54,37,36,26,41,41,25,73,52,52,40,18,35,39,29,27,46,41,29,47,51,52,23
[ 131.769486] [AOA] Measurement: 0,1579813242.798844,04:d6:aa:c1:38:97,2,1,1,0,128,911,291,1007,493,989,1003,346,194,485,136,278,584,218,934,610,406,584,263,686,529,761,62,232,1013,993,998,330,648,765,770,640,820,44,42,40,37,52,60,28,53,33,51,36,34,27,42,40,20,66,50,54,40,20,35,37,25,28,40,36,25,42,44,43,20
[ 131.803788] [AOA] Measurement: 0,1579813242.833152,04:d6:aa:c1:38:97,2,1,1,0,128,371,19,404,216,455,767,843,976,865,852,754,385,719,734,85,190,599,294,572,417,701,53,798,900,471,141,789,447,172,567,293,577,44,43,40,41,56,60,29,56,31,56,39,34,26,41,42,24,70,52,57,44,20,36,38,27,27,39,38,26,44,50,51,22
[ 131.833541] [AOA] Measurement: 0,1579813242.862899,04:d6:aa:c1:38:97,2,1,1,0,128,366,67,396,165,438,792,383,158,465,77,264,608,192,927,22,187,32,69,594,431,244,889,765,871,915,944,790,490,150,563,495,811,44,41,39,41,55,60,31,56,33,55,37,35,29,43,44,25,69,50,55,44,19,35,39,26,29,42,35,27,43,45,51,25
[ 131.867144] [AOA] Measurement: 0,1579813242.896509,04:d6:aa:c1:38:97,2,1,1,0,128,921,262,447,198,443,789,800,935,957,927,297,570,183,904,54,177,49,90,51,265,696,31,316,74,439,138,315,687,730,768,698,975,38,37,35,36,47,51,27,50,27,50,33,29,25,35,36,21,61,41,48,35,18,32,33,24,24,37,32,25,39,40,44,18
[ 131.896450] [AOA] Measurement: 0,1579813242.925808,04:d6:aa:c1:38:97,2,1,1,0,128,915,248,403,176,445,801,365,151,458,99,232,612,219,960,613,390,532,259,604,467,742,48,300,86,457,149,293,612,785,834,5,245,42,41,39,39,52,58,31,56,30,55,34,34,27,39,44,23,68,50,54,40,17,34,39,28,28,41,38,25,44,43,49,21
[ 131.931183] [AOA] Measurement: 0,1579813242.960540,04:d6:aa:c1:38:97,2,1,1,0,128,311,12,452,218,434,797,771,930,908,883,746,408,690,731,84,176,47,69,65,234,185,929,770,896,942,1007,769,467,168,569,507,777,43,44,42,38,54,58,29,58,27,53,37,34,27,42,41,26,68,50,56,39,19,38,42,29,28,43,42,27,46,49,48,25
[ 131.966296] [AOA] Measurement: 0,1579813242.995649,04:d6:aa:c1:38:97,2,1,1,0,128,953,279,954,383,437,782,854,1000,472,107,252,590,217,926,678,395,530,230,622,441,721,50,341,76,440,115,776,442,188,576,174,371,45,45,39,41,55,61,31,59,32,55,36,35,29,43,42,20,70,49,57,40,20,36,39,27,28,45,39,29,46,48,54,24
[ 131.994948] [AOA] Measurement: 0,1579813243.024306,04:d6:aa:c1:38:97,2,1,1,0,128,855,226,429,220,407,760,770,941,922,942,749,400,751,791,50,219,22,71,125,313,724,68,817,919,427,125,283,626,764,831,330,530,46,44,41,41,52,61,31,58,31,55,34,34,28,42,43,21,75,52,56,42,19,37,41,27,29,42,37,27,45,47,48,23
[ 132.029866] [AOA] Measurement: 0,1579813243.059229,04:d6:aa:c1:38:97,2,1,1,0,128,342,22,422,176,394,745,787,966,930,894,297,601,648,753,136,247,993,26,70,223,191,859,751,866,969,994,793,456,753,852,92,319,37,35,36,36,47,52,27,51,28,49,35,31,24,34,38,20,56,47,48,37,16,33,34,24,25,35,30,25,39,45,44,20
[ 132.059407] [AOA] Measurement: 0,1579813243.088764,04:d6:aa:c1:38:97,2,1,1,0,128,909,277,913,364,437,775,310,132,436,64,235,587,187,925,618,429,565,248,627,468,726,78,284,21,446,125,328,687,806,821,953,141,43,41,41,37,54,59,33,59,33,58,40,36,29,41,42,24,70,51,54,44,19,38,40,27,28,44,38,30,46,50,49,24
[ 132.093281] [AOA] Measurement: 0,1579813243.122646,04:d6:aa:c1:38:97,2,1,1,0,128,906,257,1015,416,963,975,321,122,437,69,740,428,242,948,34,214,56,84,605,478,695,33,308,68,460,103,378,709,759,822,311,463,43,39,39,40,51,60,36,57,31,57,37,35,29,43,44,25,74,49,56,41,22,40,43,28,30,44,42,29,47,52,52,25
[ 132.123171] [AOA] Measurement: 0,1579813243.152528,04:d6:aa:c1:38:97,2,1,1,0,128,381,84,402,184,476,808,827,985,932,900,750,427,727,749,613,409,51,101,26,199,174,905,774,891,905,934,749,458,154,538,190,525,45,39,43,37,54,59,30,57,31,54,37,35,26,39,40,23,67,48,55,39,20,36,43,25,26,42,40,28,46,48,50,23
[ 132.156618] [AOA] Measurement: 0,1579813243.185978,04:d6:aa:c1:38:97,2,1,1,0,128,383,72,500,225,989,1014,341,152,422,56,702,393,698,748,99,219,590,273,640,482,648,15,359,79,468,174,797,491,212,622,706,5,40,34,34,36,46,54,30,53,28,48,34,33,26,36,37,21,61,45,47,36,19,33,35,24,25,41,34,25,42,42,45,20
[ 132.187101] [AOA] Measurement: 0,1579813243.216459,04:d6:aa:c1:38:97,2,1,1,0,128,899,269,944,426,429,813,813,1013,464,77,270,536,732,740,76,167,74,91,635,434,150,868,793,898,937,966,855,524,736,770,16,251,37,35,34,33,47,53,28,50,28,47,33,32,22,37,37,21,59,46,49,36,17,32,35,23,23,39,31,24,40,42,45,23
[ 132.222480] [AOA] Measurement: 0,1579813243.251838,04:d6:aa:c1:38:97,2,1,1,0,128,373,80,954,387,975,959,302,130,490,110,295,597,198,905,579,390,596,287,590,476,737,53,328,83,457,181,332,708,774,812,235,503,41,41,41,41,54,59,30,56,33,55,37,35,26,42,42,23,66,50,53,39,20,32,41,25,27,41,38,26,43,47,47,20
[ 132.256451] [AOA] Measurement: 0,1579813243.285813,04:d6:aa:c1:38:97,2,1,1,0,128,388,70,433,172,996,1000,825,958,952,901,778,408,738,746,67,198,27,60,75,195,195,899,752,855,977,972,762,401,219,569,250,575,42,41,37,42,53,65,33,57,30,56,40,35,28,40,45,27,72,50,58,45,24,39,40,28,27,47,43,31,49,54,54,23
[ 132.286723] [AOA] Measurement: 0,1579813243.316081,04:d6:aa:c1:38:97,2,1,1,0,128,333,60,405,200,441,796,843,1018,466,64,732,367,714,752,34,236,36,112,40,251,208,903,794,917,912,965,845,462,223,605,422,754,43,45,40,37,55,60,26,56,29,54,31,32,23,41,39,18,66,54,54,35,19,33,39,22,26,37,34,25,39,42,45,24
[ 132.321905] [AOA] Measurement: 0,1579813243.351263,04:d6:aa:c1:38:97,2,1,1,0,128,933,244,1012,406,420,802,341,123,393,81,279,600,226,950,604,396,535,211,68,226,222,918,768,878,908,941,782,439,257,622,822,38,38,36,34,35,46,50,28,49,28,47,31,30,26,33,39,21,58,47,50,37,17,34,36,25,26,38,36,23,41,44,46,20
[ 132.352284] [AOA] Measurement: 0,1579813243.381648,04:d6:aa:c1:38:97,2,1,1,0,128,924,258,447,227,451,771,732,931,999,951,741,374,288,943,608,384,617,279,577,399,732,37,341,92,499,156,374,673,713,782,885,128,43,41,36,39,52,62,29,58,35,55,39,39,26,44,45,28,69,50,56,43,18,37,41,28,29,46,43,30,47,49,56,25
[ 132.379672] [AOA] Measurement: 0,1579813243.409036,04:d6:aa:c1:38:97,2,1,1,0,128,328,42,475,232,451,800,864,1023,452,84,305,615,235,915,625,426,529,225,85,217,799,78,719,859,923,986,803,467,804,856,219,454,42,41,41,39,52,64,33,55,31,57,39,39,29,40,45,26,73,47,53,40,20,37,40,29,29,47,42,31,47,50,55,23
[ 132.410117] [AOA] Measurement: 0,1579813243.439475,04:d6:aa:c1:38:97,2,1,1,0,128,349,45,367,144,458,801,827,980,892,887,758,449,688,705,70,179,1022,12,52,248,149,893,309,40,894,938,787,449,266,638,451,774,38,37,37,35,46,51,26,49,29,50,33,30,23,34,40,21,59,45,46,34,16,32,34,24,24,38,36,22,39,44,43,20
[ 132.444014] [AOA] Measurement: 0,1579813243.473376,04:d6:aa:c1:38:97,2,1,1,0,128,370,54,411,192,453,812,757,949,962,984,299,611,205,914,106,232,52,83,82,267,203,905,739,887,940,968,803,449,269,612,550,896,45,41,42,37,54,62,30,56,33,55,36,34,28,40,42,24,71,49,58,42,21,37,41,28,29,43,39,26,46,48,48,21
[ 132.475569] [AOA] Measurement: 0,1579813243.504927,04:d6:aa:c1:38:97,2,1,1,0,128,338,52,456,249,1013,995,249,129,910,905,300,622,180,910,587,420,580,253,617,445,733,69,262,87,459,175,330,682,729,767,24,371,38,37,33,36,46,53,29,49,27,49,34,31,25,35,37,21,60,43,49,37,16,33,34,25,24,39,33,26,43,42,46,19
[ 132.503281] [AOA] Measurement: 0,1579813243.532644,04:d6:aa:c1:38:97,2,1,1,0,128,289,24,444,202,433,817,814,1021,421,72,708,356,272,928,599,359,101,134,600,415,191,913,824,930,448,100,764,403,226,572,517,749,40,43,40,41,52,60,30,58,32,55,37,35,29,41,41,24,70,50,52,42,21,37,40,26,27,41,39,28,45,44,48,21
[ 132.534923] [AOA] Measurement: 0,1579813243.564281,04:d6:aa:c1:38:97,2,1,1,0,128,957,279,5,446,1,5,359,168,427,92,328,633,225,934,603,365,21,95,16,237,785,92,257,28,483,141,346,654,782,788,331,662,37,36,34,36,48,54,27,51,27,48,33,31,22,35,39,22,62,43,51,36,20,32,34,25,24,36,33,27,38,42,45,21
[ 132.570595] [AOA] Measurement: 0,1579813243.599952,04:d6:aa:c1:38:97,2,1,1,0,128,901,235,426,200,426,794,839,964,924,908,696,371,717,756,46,193,16,91,74,252,192,902,768,906,939,995,354,695,145,584,992,340,37,35,35,33,46,52,27,51,27,50,33,29,24,34,37,21,61,42,49,34,17,31,34,24,23,33,34,23,37,41,47,19
[ 132.605294] [AOA] Measurement: 0,1579813243.634660,04:d6:aa:c1:38:97,2,1,1,0,128,405,54,962,366,468,814,772,967,445,63,354,629,276,958,637,389,0,75,2,227,175,882,746,915,944,1006,821,515,708,766,318,568,39,39,36,35,46,48,27,50,26,42,29,27,22,34,34,18,55,42,45,32,16,29,33,20,21,34,31,20,37,38,39,19
[ 132.636205] [AOA] Measurement: 0,1579813243.665562,04:d6:aa:c1:38:97,2,1,1,0,128,338,48,429,221,488,842,294,79,917,901,719,398,732,770,61,214,61,110,41,258,724,70,733,861,953,992,765,439,772,776,160,512,41,39,39,44,51,62,32,58,33,57,39,37,29,43,43,25,73,47,57,46,21,40,39,29,29,49,43,29,48,50,57,24
[ 132.671786] [AOA] Measurement: 0,1579813243.701143,04:d6:aa:c1:38:97,2,1,1,0,128,930,233,985,394,972,951,816,967,489,83,312,569,214,926,566,347,9,37,77,272,171,859,788,902,915,972,336,672,752,807,874,78,39,37,34,36,48,50,29,52,28,47,33,32,23,35,37,19,58,45,47,35,17,31,33,23,23,37,31,21,38,39,42,20
[ 132.707123] [AOA] Measurement: 0,1579813243.736488,04:d6:aa:c1:38:97,2,1,1,0,128,328,51,980,359,2,0,818,972,912,954,248,608,266,964,621,400,585,288,594,423,730,96,316,63,453,180,328,635,749,802,873,128,35,37,33,38,44,52,29,50,28,48,33,31,23,36,38,21,63,43,50,36,16,34,35,26,25,37,35,27,39,43,44,19
[ 132.736265] [AOA] Measurement: 0,1579813243.765623,04:d6:aa:c1:38:97,2,1,1,0,128,857,212,422,224,417,784,784,947,451,71,264,594,226,966,591,403,23,92,582,453,745,90,330,106,430,147,307,633,821,847,484,716,42,40,43,39,56,59,30,57,33,55,35,34,27,44,43,22,70,54,54,38,20,36,42,25,26,42,38,29,44,44,47,23
[ 132.771555] [AOA] Measurement: 0,1579813243.800919,04:d6:aa:c1:38:97,2,1,1,0,128,367,69,961,389,895,937,821,1009,414,33,743,406,190,904,50,210,17,52,62,279,765,54,264,76,905,987,872,518,713,762,481,774,37,37,34,39,47,53,26,50,29,49,31,32,23,34,36,19,57,47,48,35,17,30,33,21,23,36,33,22,38,40,41,20
[ 132.799236] [AOA] Measurement: 0,1579813243.828597,04:d6:aa:c1:38:97,2,1,1,0,128,388,64,935,350,395,744,837,940,474,83,289,615,681,748,611,386,598,253,673,489,699,18,753,864,899,958,362,638,710,773,523,773,43,42,41,42,55,58,33,58,31,55,38,33,29,40,42,24,71,51,59,45,19,38,40,29,27,47,37,30,47,48,57,22
[ 132.832552] [AOA] Measurement: 0,1579813243.861916,04:d6:aa:c1:38:97,2,1,1,0,128,909,234,466,216,956,951,845,952,885,904,244,601,255,961,585,403,631,303,600,442,726,67,763,885,962,989,848,485,783,851,446,675,39,34,35,33,46,52,28,50,26,47,35,30,24,38,39,20,58,44,50,38,17,32,36,24,23,38,36,24,40,42,46,21
[ 132.860432] [AOA] Measurement: 0,1579813243.889796,04:d6:aa:c1:38:97,2,1,1,0,128,373,73,996,432,948,972,821,964,914,883,729,372,692,719,43,182,87,73,628,435,184,877,313,49,465,122,774,428,244,645,1017,141,44,44,41,40,54,60,33,55,33,55,38,38,30,42,44,23,71,47,56,39,22,39,40,27,27,43,38,28,45,48,54,23
[ 132.893389] [AOA] Measurement: 0,1579813243.922746,04:d6:aa:c1:38:97,2,1,1,0,128,363,50,491,258,407,771,857,973,928,891,287,602,711,757,47,150,65,102,578,405,715,37,306,37,417,90,330,639,224,617,599,841,37,36,34,35,49,52,24,47,27,45,31,31,25,34,35,17,62,47,50,34,16,30,32,23,24,36,32,24,37,42,43,20
[ 132.928984] [AOA] Measurement: 0,1579813243.958342,04:d6:aa:c1:38:97,2,1,1,0,128,335,45,374,172,455,830,800,966,931,909,780,421,278,953,65,171,561,250,48,235,733,43,313,66,490,141,828,483,242,622,887,149,36,36,35,36,44,53,28,50,28,50,35,31,25,36,37,23,62,43,46,36,18,33,37,25,23,41,38,26,44,47,51,20
[ 132.957171] [AOA] Measurement: 0,1579813243.986528,04:d6:aa:c1:38:97,2,1,1,0,128,916,230,453,224,980,1010,726,960,909,905,714,389,669,761,97,218,5,29,78,240,189,877,796,912,506,164,764,482,172,549,777,147,37,38,33,36,47,52,27,52,26,49,33,31,24,36,36,20,58,47,48,35,13,33,35,20,24,37,31,23,39,41,39,17
[ 132.993434] [AOA] Measurement: 0,1579813244.022792,04:d6:aa:c1:38:97,2,1,1,0,128,329,66,428,171,386,785,788,937,941,931,706,342,754,783,41,178,72,90,635,433,781,89,704,795,950,977,770,406,201,593,964,256,42,39,39,38,51,57,27,59,29,54,34,34,26,39,40,21,64,53,53,38,18,35,39,24,27,38,34,22,40,44,39,21
[ 133.029405] [AOA] Measurement: 0,1579813244.058763,04:d6:aa:c1:38:97,2,1,1,0,128,323,16,388,184,454,814,303,120,399,22,736,357,227,916,56,208,591,238,579,391,692,76,304,66,458,149,733,440,264,661,312,535,46,43,41,41,53,58,30,56,31,50,38,32,28,41,45,22,71,51,59,40,20,36,41,27,26,45,38,29,45,48,51,22
[ 133.063609] [AOA] Measurement: 0,1579813244.092974,04:d6:aa:c1:38:97,2,1,1,0,128,917,270,943,383,6,1020,337,148,494,117,279,589,226,936,703,467,617,256,656,440,733,71,330,81,897,947,844,464,763,809,300,476,40,40,41,41,54,60,30,61,31,55,35,35,26,45,42,21,69,51,56,41,20,36,42,28,27,42,40,29,45,47,51,24
[ 133.095063] [AOA] Measurement: 0,1579813244.124422,04:d6:aa:c1:38:97,2,1,1,0,128,902,244,423,191,484,831,802,970,889,885,730,378,650,717,83,197,56,39,36,263,143,903,728,863,955,1010,317,624,766,800,230,472,37,38,37,34,46,52,28,47,27,48,33,31,23,37,36,17,59,41,48,35,16,33,34,25,21,37,32,24,38,45,41,22
[ 133.123274] [AOA] Measurement: 0,1579813244.152638,04:d6:aa:c1:38:97,2,1,1,0,128,352,23,451,225,960,979,832,984,444,52,253,597,695,735,624,382,7,45,91,278,692,46,357,78,443,152,311,648,842,832,442,690,43,40,39,40,51,62,30,56,34,56,40,37,28,41,44,25,71,49,54,42,21,39,41,31,30,45,41,29,47,50,56,26
[ 133.155321] [AOA] Measurement: 0,1579813244.184680,04:d6:aa:c1:38:97,2,1,1,0,128,372,73,1016,425,1023,9,309,140,479,99,219,568,298,970,605,383,560,255,643,454,683,6,285,37,457,122,857,489,734,774,364,655,42,43,41,43,51,63,33,57,31,52,35,34,27,41,43,21,68,49,59,40,19,40,38,27,25,43,38,28,44,51,50,24
[ 133.183787] [AOA] Measurement: 0,1579813244.213150,04:d6:aa:c1:38:97,2,1,1,0,128,970,252,409,164,379,769,833,955,475,83,297,617,283,929,605,364,1002,29,83,267,724,96,261,7,919,927,330,684,725,756,113,399,43,39,38,41,55,61,33,57,32,57,38,35,30,43,43,24,71,54,58,43,20,36,38,29,28,43,41,26,45,47,53,23
[ 133.214640] [AOA] Measurement: 0,1579813244.243998,04:d6:aa:c1:38:97,2,1,1,0,128,935,275,1003,404,980,993,808,987,432,66,281,618,205,895,91,251,22,25,10,239,158,916,787,900,944,1009,800,442,799,804,174,383,42,40,41,42,52,59,33,58,33,58,39,37,28,43,46,25,71,49,54,40,22,39,41,26,31,44,42,31,48,51,51,24
[ 133.251514] [AOA] Measurement: 0,1579813244.280872,04:d6:aa:c1:38:97,2,1,1,0,128,340,67,393,190,444,809,809,980,932,916,739,395,785,783,54,208,580,245,616,439,723,87,816,898,901,969,771,468,203,585,886,143,34,38,33,34,43,52,29,52,27,49,31,31,23,37,39,18,61,44,49,37,16,32,34,24,22,36,32,21,37,39,41,22
[ 133.288563] [AOA] Measurement: 0,1579813244.317928,04:d6:aa:c1:38:97,2,1,1,0,128,330,40,400,217,427,830,255,122,965,959,764,390,667,752,95,204,57,119,569,376,211,893,747,895,988,1022,281,665,192,576,190,478,37,37,35,34,48,53,27,50,28,49,32,31,23,37,36,21,59,44,49,33,17,33,34,23,24,34,33,24,40,41,42,19
[ 133.319592] [AOA] Measurement: 0,1579813244.348950,04:d6:aa:c1:38:97,2,1,1,0,128,936,242,457,214,948,963,850,986,448,99,251,567,727,736,98,196,35,54,595,451,690,69,305,62,455,96,762,459,158,569,551,858,44,44,37,43,53,64,35,59,34,58,40,35,28,43,44,25,74,49,56,42,22,38,42,27,27,46,40,32,48,51,53,25
[ 133.355054] [AOA] Measurement: 0,1579813244.384416,04:d6:aa:c1:38:97,2,1,1,0,128,981,358,982,413,958,1014,318,139,481,82,297,606,221,942,46,178,35,103,105,283,707,42,298,55,464,182,323,650,274,633,670,902,44,41,39,42,54,64,32,57,31,57,38,35,28,41,45,25,72,48,56,42,21,39,42,29,27,48,44,31,47,54,58,25
[ 133.388171] [AOA] Measurement: 0,1579813244.417528,04:d6:aa:c1:38:97,2,1,1,0,128,900,246,933,355,959,967,320,152,442,87,237,606,188,916,565,375,14,54,103,213,153,891,754,906,459,165,255,626,781,847,470,783,40,43,41,41,50,59,31,59,32,57,37,35,27,40,45,24,69,52,56,40,19,34,39,25,25,41,40,24,44,47,50,23
[ 133.420958] [AOA] Measurement: 0,1579813244.450323,04:d6:aa:c1:38:97,2,1,1,0,128,911,305,995,428,956,952,806,996,899,920,796,452,691,752,36,172,28,53,659,465,246,916,309,86,937,976,349,688,788,829,307,527,41,42,40,40,52,61,32,57,33,54,39,36,28,42,45,26,71,50,56,39,21,38,41,29,30,43,41,27,47,50,53,24
[ 133.454884] [AOA] Measurement: 0,1579813244.484249,04:d6:aa:c1:38:97,2,1,1,0,128,378,61,972,391,966,957,822,1015,947,926,723,411,688,735,27,178,52,74,42,248,105,834,321,59,938,946,315,634,194,606,468,625,38,35,33,33,46,53,28,50,26,49,35,29,24,37,37,20,57,44,48,36,17,30,36,24,24,36,36,24,39,41,46,22
[ 133.486800] [AOA] Measurement: 0,1579813244.516158,04:d6:aa:c1:38:97,2,1,1,0,128,411,53,998,398,462,768,814,984,979,927,223,577,274,956,74,187,64,83,1022,192,205,876,803,904,439,148,295,626,769,797,314,522,43,44,42,39,53,58,34,57,29,53,37,37,27,41,42,23,67,51,57,40,19,34,40,27,28,40,38,27,42,46,48,24
[ 133.515308] [AOA] Measurement: 0,1579813244.544672,04:d6:aa:c1:38:97,2,1,1,0,128,406,85,964,434,954,949,338,164,432,86,297,602,161,903,572,419,994,26,66,231,126,898,287,63,945,1020,371,671,167,581,185,459,37,37,34,34,47,53,27,48,27,48,34,31,24,36,37,19,62,41,46,37,17,32,35,24,24,38,34,25,39,43,44,21
[ 133.548196] [AOA] Measurement: 0,1579813244.577554,04:d6:aa:c1:38:97,2,1,1,0,128,355,49,999,434,961,966,361,150,858,906,794,448,707,732,15,167,40,62,47,208,748,67,802,914,920,994,284,673,193,613,924,207,35,36,32,34,43,52,28,50,28,52,33,33,27,34,39,21,62,39,47,40,17,32,35,27,26,39,35,29,41,44,52,23
[ 133.582382] [AOA] Measurement: 0,1579813244.611744,04:d6:aa:c1:38:97,2,1,1,0,128,406,108,417,195,407,777,779,961,419,48,729,405,265,958,550,339,569,272,6,231,156,875,773,878,914,979,749,438,114,559,452,806,37,39,33,34,45,53,29,50,28,51,35,29,23,37,37,20,60,46,45,35,18,32,35,23,25,35,35,21,40,43,44,22
[ 133.610720] [AOA] Measurement: 0,1579813244.640084,04:d6:aa:c1:38:97,2,1,1,0,128,424,74,439,173,375,772,794,949,939,926,706,370,665,737,59,197,54,90,58,250,178,900,757,886,990,985,292,625,209,621,279,592,42,45,41,40,53,61,32,59,33,55,38,38,28,40,43,24,70,53,57,44,18,36,43,28,27,44,39,27,46,51,53,21
[ 133.644548] [AOA] Measurement: 0,1579813244.673910,04:d6:aa:c1:38:97,2,1,1,0,128,900,230,956,385,456,821,739,922,970,944,249,572,754,771,608,437,554,218,647,446,227,924,310,47,901,954,850,475,776,815,176,336,46,44,39,41,53,62,32,57,30,53,39,35,27,41,43,21,66,51,57,41,20,37,41,25,27,40,36,27,46,44,47,21
[ 133.678322] [AOA] Measurement: 0,1579813244.707687,04:d6:aa:c1:38:97,2,1,1,0,128,914,261,943,392,398,782,399,198,886,904,746,424,710,759,105,235,1012,72,65,233,111,869,791,912,960,1001,789,452,192,589,588,888,41,42,41,42,53,63,28,57,31,54,34,34,25,39,41,22,65,53,58,36,17,35,38,27,25,42,36,27,45,46,45,24
[ 133.709822] [AOA] Measurement: 0,1579813244.739180,04:d6:aa:c1:38:97,2,1,1,0,128,312,23,395,184,404,751,761,941,846,829,742,407,680,752,33,157,0,28,40,237,113,863,770,907,903,957,738,436,214,615,422,856,43,44,40,43,55,58,29,55,28,52,37,37,25,40,44,23,65,54,60,41,20,38,38,28,25,39,37,27,43,43,45,22
[ 133.746317] [AOA] Measurement: 0,1579813244.775674,04:d6:aa:c1:38:97,2,1,1,0,128,356,47,396,150,423,795,764,954,918,937,337,638,296,1013,573,331,2,78,27,203,218,905,786,900,462,168,303,660,765,790,128,348,34,35,31,34,46,49,26,45,23,44,27,28,21,35,33,18,54,47,43,30,16,28,29,18,20,30,25,16,32,33,33,17
[ 133.782321] [AOA] Measurement: 0,1579813244.811683,04:d6:aa:c1:38:97,2,1,1,0,128,373,29,983,398,918,914,838,972,920,928,261,574,221,950,36,233,11,74,65,246,195,846,755,848,470,136,839,480,716,793,124,383,36,38,34,35,47,55,29,50,26,48,34,34,21,37,38,22,62,43,50,36,19,32,38,25,21,41,35,25,40,45,47,22
[ 133.810656] [AOA] Measurement: 0,1579813244.840019,04:d6:aa:c1:38:97,2,1,1,0,128,389,97,975,425,975,976,332,105,458,94,250,586,156,893,31,147,34,31,73,237,787,45,319,63,442,110,856,488,715,769,338,544,43,42,37,41,52,62,31,56,28,57,38,35,27,42,44,24,70,50,58,40,22,38,41,29,30,46,37,31,46,49,54,26
[ 133.844180] [AOA] Measurement: 0,1579813244.873544,04:d6:aa:c1:38:97,2,1,1,0,128,401,66,1023,421,1006,998,348,149,420,79,267,590,707,805,587,386,602,276,580,413,703,38,811,898,928,991,748,434,809,849,337,640,42,39,41,42,53,60,31,57,31,56,38,35,28,43,43,23,69,52,61,44,21,36,40,27,26,43,41,30,44,50,51,23
[ 133.876878] [AOA] Measurement: 0,1579813244.906235,04:d6:aa:c1:38:97,2,1,1,0,128,368,44,417,209,401,746,808,954,922,899,645,333,638,710,12,140,1003,38,66,229,755,73,714,883,903,962,791,417,235,645,115,279,37,34,33,36,46,53,27,47,27,49,33,31,25,35,38,21,61,44,49,37,19,32,36,26,25,41,38,28,42,42,51,25
[ 133.911569] [AOA] Measurement: 0,1579813244.940933,04:d6:aa:c1:38:97,2,1,1,0,128,830,221,1020,420,987,973,355,133,867,869,772,421,228,952,78,179,18,46,591,443,200,864,290,16,464,131,327,621,783,848,144,357,45,45,39,39,54,63,30,61,30,60,35,36,28,42,44,24,65,51,55,41,22,37,42,28,29,45,46,29,47,51,51,27
[ 133.940210] [AOA] Measurement: 0,1579813244.969571,04:d6:aa:c1:38:97,2,1,1,0,128,897,247,450,228,399,767,790,949,924,893,757,355,746,754,45,203,10,53,46,207,126,866,769,877,900,933,803,478,195,579,499,836,38,37,34,33,46,52,25,48,27,47,31,31,22,35,34,17,60,45,47,34,17,28,33,20,22,34,33,23,39,38,42,16
[ 133.974556] [AOA] Measurement: 0,1579813245.003918,04:d6:aa:c1:38:97,2,1,1,0,128,976,282,955,398,955,967,356,164,452,80,283,616,186,958,1019,128,46,65,616,434,189,899,230,35,426,150,324,653,714,774,829,37,44,42,41,41,54,62,34,57,33,58,36,36,26,43,43,24,73,49,58,44,22,35,40,27,29,43,43,30,45,48,54,24
[ 134.008841] [AOA] Measurement: 0,1579813245.038202,04:d6:aa:c1:38:97,2,1,1,0,128,358,62,381,112,446,802,827,983,902,886,728,384,718,769,48,186,2,66,45,233,153,833,783,906,936,975,351,703,746,808,720,953,38,37,34,33,50,51,27,51,26,47,28,30,22,35,34,20,60,47,44,34,17,31,35,21,25,34,31,21,37,40,43,17
[ 134.051300] [AOA] Measurement: 0,1579813245.080658,04:d6:aa:c1:38:97,2,1,1,0,128,349,17,435,188,423,801,378,170,398,38,739,382,699,737,101,233,995,4,51,204,138,856,745,872,929,935,778,456,182,574,302,615,46,42,41,42,57,61,31,56,29,54,37,36,26,40,44,22,67,50,55,38,21,36,39,26,26,39,38,27,44,45,50,25
[ 134.083593] [AOA] Measurement: 0,1579813245.112956,04:d6:aa:c1:38:97,2,1,1,0,128,385,50,400,186,417,770,786,958,965,927,280,573,729,764,40,222,15,46,52,216,182,881,808,916,915,927,737,401,178,543,708,120,40,37,37,33,46,53,29,47,27,50,36,33,24,34,39,20,58,46,48,37,18,31,36,25,26,40,36,25,40,41,45,20
[ 134.120209] [AOA] Measurement: 0,1579813245.149566,04:d6:aa:c1:38:97,2,1,1,0,128,329,19,412,199,454,792,786,924,928,875,738,361,660,744,65,202,34,41,56,208,176,880,288,23,432,133,306,667,214,602,210,502,41,37,34,37,45,53,29,50,30,49,32,30,24,34,37,20,60,42,50,36,17,34,36,23,23,37,35,25,41,42,45,21
[ 134.155813] [AOA] Measurement: 0,1579813245.185178,04:d6:aa:c1:38:97,2,1,1,0,128,355,23,471,223,468,773,327,118,913,867,758,381,209,923,86,164,9,51,40,194,147,860,769,886,937,987,782,457,191,581,612,964,39,38,33,36,46,50,26,51,27,46,29,29,25,36,36,19,57,43,47,33,16,31,33,21,23,35,33,20,35,38,42,19
[ 134.188769] [AOA] Measurement: 0,1579813245.218128,04:d6:aa:c1:38:97,2,1,1,0,128,350,67,366,165,415,774,820,1012,948,919,776,422,185,934,598,388,18,78,54,242,743,55,772,879,921,985,770,445,237,612,685,975,38,36,33,32,48,50,28,47,28,48,31,31,23,34,36,20,63,47,48,36,17,30,33,22,22,34,31,21,37,39,42,17
[ 134.223769] [AOA] Measurement: 0,1579813245.253134,04:d6:aa:c1:38:97,2,1,1,0,128,360,63,414,194,408,808,854,1018,937,948,727,367,724,745,59,183,9,52,57,206,176,877,809,886,452,113,802,468,199,590,968,339,44,42,40,40,53,56,30,58,29,52,35,31,26,39,39,19,67,52,51,39,17,32,36,21,24,35,29,23,39,41,42,20
[ 134.252173] [AOA] Measurement: 0,1579813245.281535,04:d6:aa:c1:38:97,2,1,1,0,128,355,50,415,200,442,805,852,30,394,33,723,354,614,675,94,220,0,33,124,293,762,56,293,64,909,949,803,451,224,589,752,1018,44,39,41,40,53,63,34,57,33,54,39,37,27,41,45,26,73,48,57,47,21,35,43,29,28,47,40,30,48,49,55,25
[ 134.286222] [AOA] Measurement: 0,1579813245.315587,04:d6:aa:c1:38:97,2,1,1,0,128,399,91,392,148,442,789,774,966,875,835,702,421,743,769,551,354,30,77,48,224,657,4,772,897,931,989,799,488,227,596,833,190,37,38,34,35,47,53,29,51,29,48,31,32,23,36,38,20,63,46,48,36,18,33,36,23,25,38,36,26,38,41,44,21
[ 134.319996] [AOA] Measurement: 0,1579813245.349359,04:d6:aa:c1:38:97,2,1,1,0,128,888,225,12,436,951,968,803,971,417,86,252,534,247,976,59,184,44,43,55,264,130,872,768,844,976,9,296,637,214,598,924,222,44,44,42,41,53,55,25,55,31,53,33,33,24,40,40,18,66,50,53,34,16,32,37,21,25,36,33,21,41,43,41,18
[ 134.351804] [AOA] Measurement: 0,1579813245.381162,04:d6:aa:c1:38:97,2,1,1,0,128,403,86,429,176,459,824,272,94,966,937,722,351,784,788,74,167,1009,30,85,218,159,864,686,832,898,937,786,413,238,630,625,889,39,36,33,32,48,55,25,50,29,48,33,32,23,35,39,21,61,46,50,35,17,30,36,26,24,41,35,27,41,43,47,24
[ 134.387814] [AOA] Measurement: 0,1579813245.417177,04:d6:aa:c1:38:97,2,1,1,0,128,338,74,996,397,440,763,817,947,858,872,700,370,761,753,5,148,24,90,57,245,177,879,799,888,865,965,367,643,217,603,152,409,43,40,39,37,54,60,29,57,31,55,36,35,26,43,42,23,68,50,54,41,21,39,39,26,29,41,40,28,44,47,49,23
[ 134.421293] [AOA] Measurement: 0,1579813245.450651,04:d6:aa:c1:38:97,2,1,1,0,128,956,238,406,213,987,974,300,112,886,864,724,376,719,764,63,213,671,299,29,239,714,54,753,851,985,1005,866,436,789,820,607,896,37,37,34,35,46,50,27,50,25,48,33,28,21,35,35,19,58,45,46,34,17,29,33,22,23,37,32,22,38,41,43,19
[ 134.456191] [AOA] Measurement: 0,1579813245.485555,04:d6:aa:c1:38:97,2,1,1,0,128,351,51,472,218,412,777,778,996,864,831,742,384,644,703,39,213,21,61,16,164,166,869,805,927,941,988,286,599,157,551,429,671,36,38,32,36,45,50,29,48,29,47,33,32,25,36,38,21,59,45,47,36,19,33,35,25,21,40,36,25,38,47,46,21
[ 134.490213] [AOA] Measurement: 0,1579813245.519577,04:d6:aa:c1:38:97,2,1,1,0,128,385,77,428,200,489,823,756,955,848,857,779,434,197,918,42,180,31,67,66,248,707,33,285,36,499,140,293,621,157,550,876,62,44,40,39,39,52,57,32,54,29,54,34,34,27,41,43,22,69,50,58,38,20,33,41,24,27,40,38,25,42,41,51,23
[ 134.521886] [AOA] Measurement: 0,1579813245.551243,04:d6:aa:c1:38:97,2,1,1,0,128,389,84,402,223,435,796,826,998,964,944,751,386,665,719,57,187,10,77,72,246,197,903,790,869,947,997,822,449,225,605,998,193,43,45,39,37,57,64,30,57,34,58,38,37,27,41,43,24,72,53,57,42,19,38,41,28,31,43,40,29,45,48,52,28
[ 134.551915] [AOA] Measurement: 0,1579813245.581280,04:d6:aa:c1:38:97,2,1,1,0,128,409,108,972,401,1020,1000,775,958,876,885,731,356,720,737,81,217,65,86,42,191,183,879,804,910,937,969,838,439,207,616,40,286,44,44,38,40,53,61,30,57,32,55,37,36,27,40,45,23,69,53,56,38,16,39,41,26,27,47,39,30,47,50,49,23
[ 134.581434] [AOA] Measurement: 0,1579813245.610798,04:d6:aa:c1:38:97,2,1,1,0,128,365,71,440,202,471,822,805,951,945,945,742,423,213,935,658,426,606,309,591,470,676,25,791,887,930,963,832,496,247,603,372,590,44,43,39,37,53,60,30,57,32,51,37,34,25,38,42,19,64,52,57,36,17,35,41,23,28,37,38,23,44,44,46,20
[ 134.610678] [AOA] Measurement: 0,1579813245.640040,04:d6:aa:c1:38:97,2,1,1,0,128,924,271,975,379,391,764,773,982,916,898,755,406,732,791,606,423,624,323,571,415,735,73,780,883,468,118,779,422,224,630,237,483,38,36,36,33,44,49,27,50,26,48,32,30,23,36,37,19,59,48,48,34,18,32,35,23,22,38,36,25,40,39,42,22
[ 134.645769] [AOA] Measurement: 0,1579813245.675132,04:d6:aa:c1:38:97,2,1,1,0,128,925,280,437,229,479,784,317,155,903,892,754,413,222,916,100,218,32,34,84,268,189,849,762,869,934,981,793,439,175,539,244,497,42,45,40,38,54,60,30,57,31,56,38,34,27,40,40,20,65,50,54,41,20,36,41,25,27,42,38,25,43,44,51,23
[ 134.680417] [AOA] Measurement: 0,1579813245.709781,04:d6:aa:c1:38:97,2,1,1,0,128,966,259,962,375,442,779,788,962,918,873,769,374,762,774,53,180,48,127,568,412,216,909,765,903,927,979,346,693,768,845,912,113,44,43,41,40,54,61,30,58,30,57,36,34,27,39,40,23,70,49,54,40,18,37,39,27,28,42,36,27,40,47,48,24
[ 134.709762] [AOA] Measurement: 0,1579813245.739124,04:d6:aa:c1:38:97,2,1,1,0,128,888,229,985,388,973,970,290,137,423,42,326,635,204,896,608,389,58,53,633,460,707,52,312,101,406,115,367,677,758,798,258,460,44,43,39,38,53,60,29,56,29,53,37,34,27,38,44,22,67,53,56,38,18,36,37,25,26,41,37,24,43,45,46,22
[ 134.744901] [AOA] Measurement: 0,1579813245.774260,04:d6:aa:c1:38:97,2,1,1,0,128,340,31,418,170,479,814,831,952,458,108,209,546,199,926,24,152,28,54,102,285,182,909,283,71,940,960,801,447,217,610,71,362,43,40,39,39,52,61,33,59,30,57,34,37,26,40,43,24,71,51,58,42,20,35,42,27,26,43,39,28,46,49,47,23
[ 134.782531] [AOA] Measurement: 0,1579813245.811889,04:d6:aa:c1:38:97,2,1,1,0,128,346,36,460,254,417,783,791,979,471,54,297,631,228,983,42,208,27,64,43,257,194,873,769,887,922,966,341,656,194,604,381,640,46,45,41,39,53,61,32,56,32,57,37,35,28,42,43,24,67,50,58,41,19,37,39,29,26,45,40,29,48,48,50,23
[ 134.816288] [AOA] Measurement: 0,1579813245.845654,04:d6:aa:c1:38:97,2,1,1,0,128,368,56,1010,436,998,999,737,951,876,875,771,401,216,912,114,228,564,262,661,458,148,849,737,874,892,942,805,465,210,590,285,546,42,42,41,42,54,59,30,59,33,55,36,35,29,40,44,24,73,52,56,45,19,38,41,29,27,47,41,28,44,48,54,23
[ 134.845946] [AOA] Measurement: 0,1579813245.875309,04:d6:aa:c1:38:97,2,1,1,0,128,342,15,416,187,1006,996,805,977,966,935,248,580,672,739,52,191,609,274,611,449,148,896,787,878,879,952,857,514,759,832,319,561,45,43,38,39,49,59,30,57,28,56,36,34,27,42,41,23,66,52,56,41,21,36,39,27,27,41,37,28,45,49,50,26
[ 134.878512] [AOA] Measurement: 0,1579813245.907868,04:d6:aa:c1:38:97,2,1,1,0,128,363,89,4,440,1018,995,802,966,895,885,758,451,235,942,72,223,1007,11,57,256,212,922,294,70,917,937,865,487,195,575,849,89,36,36,37,34,48,56,26,50,30,49,31,33,23,35,39,22,63,43,46,34,16,32,34,26,22,36,35,23,40,42,46,20
[ 134.913634] [AOA] Measurement: 0,1579813245.942998,04:d6:aa:c1:38:97,2,1,1,0,128,394,43,980,352,978,955,812,945,914,907,741,367,710,739,78,208,74,124,642,411,690,21,329,60,426,132,373,676,775,840,562,763,39,36,37,35,48,53,28,46,26,48,31,29,24,35,34,21,59,45,49,36,17,32,35,24,24,35,36,21,40,40,43,20
[ 134.943178] [AOA] Measurement: 0,1579813245.972541,04:d6:aa:c1:38:97,2,1,1,0,128,339,83,0,398,1008,988,790,948,945,930,747,424,703,742,80,237,556,228,668,434,718,79,239,7,895,953,805,450,215,576,667,904,37,37,34,35,45,53,28,49,27,46,30,28,23,36,36,18,58,42,45,31,19,31,34,22,22,34,33,20,36,37,39,19
[ 134.972922] [AOA] Measurement: 0,1579813246.002284,04:d6:aa:c1:38:97,2,1,1,0,128,880,241,461,223,402,739,804,937,927,916,281,565,706,792,51,217,600,266,617,467,200,876,275,1023,969,990,830,462,765,790,909,167,45,43,39,43,56,61,31,55,31,55,38,36,30,40,42,22,70,52,58,39,20,37,38,27,26,42,39,28,47,50,47,23
[ 135.007918] [AOA] Measurement: 0,1579813246.037279,04:d6:aa:c1:38:97,2,1,1,0,128,941,289,417,220,951,984,729,900,927,899,730,371,763,789,61,205,65,72,45,234,220,933,799,931,448,157,306,628,184,584,93,441,37,37,34,36,48,52,26,51,26,46,32,33,23,35,36,20,59,47,49,37,17,29,37,23,24,34,31,23,42,39,42,20
[ 135.039919] [AOA] Measurement: 0,1579813246.069277,04:d6:aa:c1:38:97,2,1,1,0,128,914,264,1010,411,994,988,794,990,458,71,264,578,270,951,542,344,572,239,611,417,173,854,772,868,926,972,297,611,185,578,80,334,45,42,39,39,52,64,30,59,32,58,37,38,28,43,45,27,70,48,57,41,20,40,42,29,30,48,42,30,47,49,54,26
[ 135.076721] [AOA] Measurement: 0,1579813246.106085,04:d6:aa:c1:38:97,2,1,1,0,128,944,286,994,428,990,1007,795,994,423,29,727,435,319,1009,598,392,601,281,570,436,692,25,327,55,476,156,795,464,229,585,166,512,43,47,36,42,53,59,34,60,31,55,37,40,29,43,41,23,67,51,57,39,21,36,38,27,29,43,38,27,48,48,52,27
[ 135.110991] [AOA] Measurement: 0,1579813246.140349,04:d6:aa:c1:38:97,2,1,1,0,128,893,251,919,314,414,784,815,981,890,884,777,401,662,749,86,189,60,96,7,205,260,941,286,68,461,166,316,661,741,791,492,688,36,37,36,33,47,52,28,48,26,47,31,30,21,36,34,20,62,45,47,33,18,32,35,23,24,36,36,26,39,43,46,20
[ 135.140379] [AOA] Measurement: 0,1579813246.169744,04:d6:aa:c1:38:97,2,1,1,0,128,316,43,404,170,461,830,733,944,898,849,754,391,670,729,89,160,984,0,34,159,170,864,736,856,876,937,766,410,240,629,410,712,36,36,36,35,46,52,26,53,30,46,34,30,22,36,38,19,58,43,50,37,17,33,34,24,23,37,37,24,39,41,46,22
[ 135.174173] [AOA] Measurement: 0,1579813246.203531,04:d6:aa:c1:38:97,2,1,1,0,128,943,248,436,154,1000,927,777,966,874,850,734,379,682,712,62,215,592,272,644,438,683,22,280,53,413,147,322,640,748,794,202,474,41,44,42,41,52,62,33,57,34,53,41,37,30,42,42,22,73,52,55,42,19,35,40,28,28,42,38,26,44,49,49,23
[ 135.212719] [AOA] Measurement: 0,1579813246.242077,04:d6:aa:c1:38:97,2,1,1,0,128,875,247,430,210,447,792,806,989,932,918,369,679,206,945,642,453,581,266,629,464,696,25,321,91,398,153,345,697,788,808,443,625,45,43,42,41,56,62,29,57,33,52,34,34,28,43,41,24,71,52,52,40,19,35,41,27,28,44,39,27,47,50,52,24
[ 135.251183] [AOA] Measurement: 0,1579813246.280540,04:d6:aa:c1:38:97,2,1,1,0,128,403,71,366,159,445,789,791,952,893,895,778,416,698,734,85,186,2,43,39,258,159,870,760,889,907,976,781,403,190,591,594,1013,42,40,41,44,52,66,31,56,33,56,41,37,25,42,46,27,71,52,53,46,20,38,40,31,28,47,41,32,46,52,54,26
[ 135.282282] [AOA] Measurement: 0,1579813246.311639,04:d6:aa:c1:38:97,2,1,1,0,128,339,24,457,214,465,805,798,948,911,911,283,586,267,983,595,392,549,282,25,239,706,48,750,881,972,1015,798,452,176,602,519,791,44,41,37,37,50,62,31,59,32,57,39,35,28,39,45,25,72,48,54,42,21,37,40,29,27,50,40,31,51,50,58,24
[ 135.315438] [AOA] Measurement: 0,1579813246.344802,04:d6:aa:c1:38:97,2,1,1,0,128,407,109,397,146,461,801,809,979,899,917,759,451,211,941,566,399,562,259,643,487,144,878,252,3,948,988,790,431,222,627,301,682,42,43,36,40,56,57,31,56,33,58,37,37,29,41,43,24,70,51,52,40,18,37,42,27,29,46,40,28,44,46,51,24
[ 135.350932] [AOA] Measurement: 0,1579813246.380297,04:d6:aa:c1:38:97,2,1,1,0,128,369,61,409,161,471,794,757,933,887,868,799,420,228,928,605,368,585,222,601,439,754,59,248,4,936,986,792,456,167,547,983,332,40,38,34,36,47,51,27,48,28,53,33,31,24,38,39,21,58,44,45,36,18,33,34,24,23,39,34,23,39,41,43,20
[ 135.386677] [AOA] Measurement: 0,1579813246.416039,04:d6:aa:c1:38:97,2,1,1,0,128,949,320,374,169,986,1006,335,144,428,65,697,383,698,727,76,238,1021,45,44,226,174,878,782,865,977,986,800,507,730,820,904,128,42,39,40,39,56,59,31,59,30,59,38,36,26,41,41,23,65,53,58,41,20,36,40,27,27,40,41,27,46,50,50,23
[ 135.421163] [AOA] Measurement: 0,1579813246.450519,04:d6:aa:c1:38:97,2,1,1,0,128,394,90,969,371,416,782,799,970,934,937,268,569,697,764,610,406,530,267,639,503,692,10,759,881,514,171,346,695,766,811,701,972,35,35,34,35,45,52,29,52,30,52,37,32,22,37,40,21,62,40,49,37,18,33,35,26,25,40,35,26,41,44,48,21
[ 135.451064] [AOA] Measurement: 0,1579813246.480428,04:d6:aa:c1:38:97,2,1,1,0,128,384,59,1,449,976,971,784,944,996,956,266,598,703,752,88,187,65,93,26,214,238,940,226,9,910,974,829,474,821,792,939,121,42,42,41,39,53,57,32,58,32,54,35,35,28,41,43,24,69,55,60,41,17,37,42,26,29,40,37,26,45,48,46,22
[ 135.484613] [AOA] Measurement: 0,1579813246.513971,04:d6:aa:c1:38:97,2,1,1,0,128,400,89,421,190,982,992,334,141,450,68,319,648,226,951,51,213,21,59,37,228,188,904,779,892,968,992,769,459,805,818,685,987,37,36,34,34,45,54,29,49,27,48,34,32,25,37,37,22,60,39,49,37,18,33,35,26,26,40,38,28,40,46,50,24
[ 135.528596] [AOA] Measurement: 0,1579813246.557956,04:d6:aa:c1:38:97,2,1,1,0,128,362,45,975,388,1003,1008,766,953,434,101,337,616,226,923,615,387,1,23,36,258,177,921,285,18,923,973,800,478,198,582,813,103,42,39,39,44,53,56,31,57,32,51,31,29,25,39,39,22,65,50,51,35,19,29,37,24,22,36,29,23,38,40,43,17
[ 135.563011] [AOA] Measurement: 0,1579813246.592375,04:d6:aa:c1:38:97,2,1,1,0,128,847,217,1020,427,990,992,297,141,428,62,254,633,223,947,69,194,536,232,26,246,230,916,351,103,537,208,321,690,833,838,755,840,43,42,39,38,54,64,31,55,32,55,37,35,27,42,42,25,69,54,58,39,18,39,39,28,27,43,40,29,46,48,54,24
[ 135.601503] [AOA] Measurement: 0,1579813246.630862,04:d6:aa:c1:38:97,2,1,1,0,128,401,95,969,433,448,775,771,983,469,116,294,645,690,752,102,216,37,87,77,265,180,872,329,66,400,102,828,488,219,601,368,632,45,42,39,42,53,60,31,56,32,56,39,34,28,40,43,25,69,49,54,37,21,37,41,27,27,47,41,28,46,48,53,26
[ 135.640664] [AOA] Measurement: 0,1579813246.670022,04:d6:aa:c1:38:97,2,1,1,0,128,343,42,461,218,943,984,797,991,453,120,253,622,225,932,652,378,25,71,12,247,767,80,758,883,953,979,882,534,732,761,366,719,44,42,37,42,55,58,34,56,33,59,38,38,30,42,45,23,69,47,54,41,18,39,40,30,27,46,43,34,51,53,58,25
[ 135.678074] [AOA] Measurement: 0,1579813246.707437,04:d6:aa:c1:38:97,2,1,1,0,128,369,46,455,206,438,777,804,926,905,881,766,424,697,742,6,184,12,38,1007,157,189,861,727,841,949,960,811,490,186,595,270,603,42,42,39,43,50,61,30,58,30,57,37,35,27,41,43,24,68,50,55,38,19,39,41,28,27,44,39,27,46,47,50,24
[ 135.713150] [AOA] Measurement: 0,1579813246.742515,04:d6:aa:c1:38:97,2,1,1,0,128,375,48,427,240,426,794,786,990,859,871,787,445,267,973,554,407,33,122,624,444,157,927,270,43,493,154,284,636,122,559,269,597,39,36,34,37,44,54,26,48,26,49,32,30,25,37,37,21,59,43,52,36,17,33,35,23,24,38,34,24,38,43,40,19
[ 135.746040] [AOA] Measurement: 0,1579813246.775397,04:d6:aa:c1:38:97,2,1,1,0,128,374,91,380,189,452,780,889,1021,905,915,764,386,243,944,79,204,49,49,81,270,169,888,792,854,919,969,770,418,196,568,904,207,35,38,33,35,49,53,28,50,28,50,36,33,24,36,39,22,61,44,48,36,18,33,35,27,26,40,36,28,39,46,47,24
[ 135.782517] [AOA] Measurement: 0,1579813246.811879,04:d6:aa:c1:38:97,2,1,1,0,128,377,48,352,148,449,813,797,979,925,880,749,403,686,734,83,198,24,66,45,197,172,850,813,930,926,967,364,673,749,804,960,113,39,36,34,36,49,52,26,47,25,48,33,32,24,37,38,20,59,45,48,35,17,29,36,23,24,35,33,21,39,38,44,21
[ 135.812491] [AOA] Measurement: 0,1579813246.841855,04:d6:aa:c1:38:97,2,1,1,0,128,871,234,945,398,478,807,353,172,462,109,306,638,198,904,36,211,1009,36,117,269,208,876,769,907,910,960,824,459,194,566,984,305,43,42,40,42,55,60,31,57,33,59,37,34,27,40,43,21,67,53,58,40,20,36,43,25,29,44,39,29,46,45,51,24
[ 135.842905] [AOA] Measurement: 0,1579813246.872267,04:d6:aa:c1:38:97,2,1,1,0,128,356,13,448,160,383,764,833,974,971,945,245,578,262,969,10,145,81,105,579,406,705,67,273,28,425,165,333,689,733,792,760,6,43,42,38,40,55,61,31,56,31,50,36,32,27,38,39,22,62,49,55,35,18,32,39,23,27,37,34,25,44,43,44,21
[ 135.873157] [AOA] Measurement: 0,1579813246.902521,04:d6:aa:c1:38:97,2,1,1,0,128,1000,289,977,412,977,953,326,156,448,102,300,622,247,1007,592,364,47,113,655,465,725,57,327,85,442,146,387,719,749,815,115,341,42,41,39,38,55,59,33,56,29,53,38,36,28,41,42,21,68,49,60,40,20,33,39,24,26,42,35,24,43,44,48,22
[ 135.922554] [AOA] Measurement: 0,1579813246.951912,04:d6:aa:c1:38:97,2,1,1,0,128,862,227,460,219,441,813,380,171,450,92,284,606,229,991,633,370,3,64,24,209,198,914,332,88,941,1011,288,615,186,576,712,938,38,34,33,35,47,53,28,49,29,47,31,31,22,35,36,20,60,46,45,36,17,31,36,22,24,37,33,23,40,45,45,20
[ 135.956036] [AOA] Measurement: 0,1579813246.985401,04:d6:aa:c1:38:97,2,1,1,0,128,385,87,990,375,983,986,327,134,464,80,725,383,712,742,61,190,1006,1020,111,285,129,866,798,883,942,992,793,460,185,551,363,685,41,43,40,40,51,62,29,56,30,53,41,38,30,40,42,23,70,48,54,45,20,38,39,28,28,43,42,31,46,48,54,23
[ 135.986303] [AOA] Measurement: 0,1579813247.015668,04:d6:aa:c1:38:97,2,1,1,0,128,351,90,453,237,466,819,846,1000,889,879,797,450,269,947,598,407,64,100,129,277,229,930,292,65,908,975,856,489,172,574,640,836,46,43,37,39,54,58,34,57,28,56,35,38,27,43,44,23,71,53,56,40,20,38,39,27,27,46,40,27,47,49,51,23
[ 136.021476] [AOA] Measurement: 0,1579813247.050833,04:d6:aa:c1:38:97,2,1,1,0,128,324,51,416,204,419,774,827,1008,460,89,744,396,291,975,89,238,40,92,601,428,177,848,752,865,936,957,797,433,213,557,522,904,43,38,41,37,54,58,30,60,30,54,36,36,25,40,41,20,68,51,53,37,17,34,38,25,26,39,33,26,41,49,47,24
