
[ 628.170451] wil6210-aoa$0,1579129448.933904,04:d6:aa:ab:45:40,2,1,1,2,0
[ 628.199686] wil6210-aoa$0,1579129448.963135,04:d6:aa:ab:45:40,2,1,1,2,0
[ 628.222785] wil6210-aoa$0,1579129448.986238,04:d6:aa:ab:45:40,2,1,1,2,0
[ 628.243969] wil6210-aoa$0,1579129449.007422,04:d6:aa:ab:45:40,2,1,1,2,0
[ 628.267149] wil6210-aoa$0,1579129449.030602,04:d6:aa:ab:45:40,2,1,1,2,0
[ 628.290254] wil6210-aoa$0,1579129449.053707,04:d6:aa:ab:45:40,2,1,1,2,0
[ 628.313214] wil6210-aoa$0,1579129449.076662,04:d6:aa:ab:45:40,2,1,1,2,0
[ 628.338471] wil6210-aoa$0,1579129449.101924,04:d6:aa:ab:45:40,2,1,1,2,0
[ 628.363788] wil6210-aoa$0,1579129449.127240,04:d6:aa:ab:45:40,2,1,1,2,0
[ 628.391563] wil6210-aoa$0,1579129449.155016,04:d6:aa:ab:45:40,2,1,1,2,0
[ 628.414343] wil6210-aoa$0,1579129449.177794,04:d6:aa:ab:45:40,2,1,1,2,0
[ 628.441490] wil6210-aoa$0,1579129449.204945,04:d6:aa:ab:45:40,2,1,1,2,0
[ 628.468825] wil6210-aoa$0,1579129449.232274,04:d6:aa:ab:45:40,2,1,1,2,0
[ 628.496095] wil6210-aoa$0,1579129449.259549,04:d6:aa:ab:45:40,2,1,1,2,0
[ 628.521603] wil6210-aoa$0,1579129449.285052,04:d6:aa:ab:45:40,2,1,1,2,0
[ 628.550008] wil6210-aoa$0,1579129449.313459,04:d6:aa:ab:45:40,2,1,1,2,0
[ 628.573166] wil6210-aoa$0,1579129449.336613,04:d6:aa:ab:45:40,2,1,1,2,0
[ 628.601743] wil6210-aoa$0,1579129449.365192,04:d6:aa:ab:45:40,2,1,1,2,0
[ 628.632257] wil6210-aoa$0,1579129449.395707,04:d6:aa:ab:45:40,2,1,1,2,0
[ 628.661013] wil6210-aoa$0,1579129449.424462,04:d6:aa:ab:45:40,2,1,1,2,0
[ 628.689611] wil6210-aoa$0,1579129449.453060,04:d6:aa:ab:45:40,2,1,1,2,0
[ 628.718410] wil6210-aoa$0,1579129449.481861,04:d6:aa:ab:45:40,2,1,1,2,0
[ 628.745690] wil6210-aoa$0,1579129449.509143,04:d6:aa:ab:45:40,2,1,1,2,0
[ 628.770951] wil6210-aoa$0,1579129449.534400,04:d6:aa:ab:45:40,2,1,1,2,0
[ 628.799621] wil6210-aoa$0,1579129449.563070,04:d6:aa:ab:45:40,2,1,1,2,0
[ 628.822608] wil6210-aoa$0,1579129449.586057,04:d6:aa:ab:45:40,2,1,1,2,0
[ 628.849867] wil6210-aoa$0,1579129449.613321,04:d6:aa:ab:45:40,2,1,1,2,0
[ 628.872963] wil6210-aoa$0,1579129449.636411,04:d6:aa:ab:45:40,2,1,1,2,0
[ 628.900251] wil6210-aoa$0,1579129449.663705,04:d6:aa:ab:45:40,2,1,1,2,0
[ 628.935596] wil6210-aoa$0,1579129449.699047,04:d6:aa:ab:45:40,2,1,1,2,0
[ 628.960852] wil6210-aoa$0,1579129449.724300,04:d6:aa:ab:45:40,2,1,1,2,0
[ 628.989626] wil6210-aoa$0,1579129449.753074,04:d6:aa:ab:45:40,2,1,1,2,0
[ 629.012626] wil6210-aoa$0,1579129449.776075,04:d6:aa:ab:45:40,2,1,1,2,0
[ 629.041778] wil6210-aoa$0,1579129449.805232,04:d6:aa:ab:45:40,2,1,1,2,0
[ 629.067082] wil6210-aoa$0,1579129449.830530,04:d6:aa:ab:45:40,2,1,1,2,0
[ 629.096071] wil6210-aoa$0,1579129449.859519,04:d6:aa:ab:45:40,2,1,1,2,0
[ 629.121254] wil6210-aoa$0,1579129449.884707,04:d6:aa:ab:45:40,2,1,1,2,0
[ 629.150138] wil6210-aoa$0,1579129449.913585,04:d6:aa:ab:45:40,2,1,1,2,0
[ 629.178940] wil6210-aoa$0,1579129449.942388,04:d6:aa:ab:45:40,2,1,1,2,0
[ 629.201957] wil6210-aoa$0,1579129449.965412,04:d6:aa:ab:45:40,2,1,1,2,0
[ 629.232371] wil6210-aoa$0,1579129449.995819,04:d6:aa:ab:45:40,2,1,1,2,0
[ 629.261531] wil6210-aoa$0,1579129450.024978,04:d6:aa:ab:45:40,2,1,1,2,0
[ 629.286758] wil6210-aoa$0,1579129450.050213,04:d6:aa:ab:45:40,2,1,1,2,0
[ 629.309820] wil6210-aoa$0,1579129450.073269,04:d6:aa:ab:45:40,2,1,1,2,0
[ 629.338820] wil6210-aoa$0,1579129450.102268,04:d6:aa:ab:45:40,2,1,1,2,0
[ 629.367596] wil6210-aoa$0,1579129450.131043,04:d6:aa:ab:45:40,2,1,1,2,0
[ 629.394986] wil6210-aoa$0,1579129450.158440,04:d6:aa:ab:45:40,2,1,1,2,0
[ 629.418196] wil6210-aoa$0,1579129450.181651,04:d6:aa:ab:45:40,2,1,1,2,0
[ 629.445170] wil6210-aoa$0,1579129450.208618,04:d6:aa:ab:45:40,2,1,1,2,0
[ 629.468459] wil6210-aoa$0,1579129450.231910,04:d6:aa:ab:45:40,2,1,1,2,0
[ 629.495604] wil6210-aoa$0,1579129450.259056,04:d6:aa:ab:45:40,2,1,1,2,0
[ 629.521009] wil6210-aoa$0,1579129450.284457,04:d6:aa:ab:45:40,2,1,1,2,0
[ 629.551782] wil6210-aoa$0,1579129450.315230,04:d6:aa:ab:45:40,2,1,1,2,0
[ 629.574865] wil6210-aoa$0,1579129450.338317,04:d6:aa:ab:45:40,2,1,1,2,0
[ 629.892314] Scan has no IE's
