
[ 37.259660] wil6210-aoa$0,1606461636.867569,04:d6:aa:c1:38:97,2,1,1,0,128,933,58,971,315,820,971,589,949,502,269,640,834,175,856,679,637,690,336,800,868,142,378,678,330,19,611,854,983,199,374,76,362,92,127,88,121,87,85,61,89,153,105,112,114,122,107,67,97,95,108,116,85,90,66,65,94,75,88,64,88,108,103,91,73
[ 37.291521] wil6210-aoa$0,1606461636.899430,04:d6:aa:c1:38:97,2,1,1,0,128,937,5,986,353,757,963,584,948,541,324,582,847,242,861,707,680,682,344,247,716,189,487,677,350,990,584,854,11,242,444,276,403,92,127,92,124,90,85,61,92,152,103,110,115,127,112,66,94,94,110,119,86,92,65,67,93,71,89,65,89,105,103,89,71
[ 37.319997] wil6210-aoa$0,1606461636.927905,04:d6:aa:c1:38:97,2,1,1,0,128,948,24,979,326,793,988,595,919,552,307,586,797,223,921,687,688,697,428,783,885,174,497,620,310,1014,574,928,34,247,462,275,471,94,131,93,125,88,83,63,93,138,104,114,116,128,115,64,95,99,115,123,85,92,69,66,96,72,89,64,90,107,105,89,73
[ 37.343574] wil6210-aoa$0,1606461636.951490,04:d6:aa:c1:38:97,2,1,1,0,128,959,19,20,366,800,991,574,896,618,340,604,802,258,913,660,640,746,441,730,891,122,458,635,315,424,379,292,835,231,408,82,345,92,131,91,124,89,85,63,91,136,103,114,113,126,113,66,91,96,111,117,87,92,65,65,93,70,83,65,84,103,103,85,66
[ 37.382851] wil6210-aoa$0,1606461636.990762,04:d6:aa:c1:38:97,2,1,1,0,128,401,873,948,284,792,18,584,926,625,379,624,825,159,873,675,600,710,439,742,852,158,459,685,332,2,601,842,996,293,478,517,750,92,126,90,125,89,85,63,90,127,107,115,119,128,114,70,99,95,110,121,88,89,67,68,95,77,90,66,93,112,108,99,75
[ 37.405659] wil6210-aoa$0,1606461637.013572,04:d6:aa:c1:38:97,2,1,1,0,128,385,835,967,308,792,972,1007,723,577,300,635,864,182,857,725,663,701,395,704,881,132,403,609,287,961,551,844,987,661,203,253,677,92,128,94,123,89,84,62,88,151,108,113,112,126,113,62,95,94,110,121,85,89,66,66,92,71,86,66,87,104,103,89,72
[ 37.433963] wil6210-aoa$0,1606461637.041871,04:d6:aa:c1:38:97,2,1,1,0,128,929,31,1018,380,819,2,13,722,607,336,649,848,211,901,714,664,187,224,705,843,192,492,631,323,18,609,878,1016,224,420,959,44,93,128,90,128,91,86,63,88,127,107,108,111,125,110,61,92,92,113,114,85,88,63,61,89,69,82,61,85,102,96,80,66
[ 37.465772] wil6210-aoa$0,1606461637.073681,04:d6:aa:c1:38:97,2,1,1,0,128,945,27,1004,331,785,1013,524,908,654,392,649,920,184,903,661,661,758,457,747,884,120,457,698,369,970,583,937,61,334,540,687,882,95,133,94,127,92,87,65,92,127,107,116,117,131,118,65,97,101,111,119,89,93,69,66,94,73,87,67,91,109,106,93,76
[ 37.489130] wil6210-aoa$0,1606461637.097045,04:d6:aa:c1:38:97,2,1,1,0,128,945,72,1018,370,780,1022,564,967,616,313,687,871,154,861,711,668,765,453,757,850,133,428,671,283,17,628,857,18,299,461,817,21,94,128,92,123,89,84,61,90,132,110,113,115,122,114,69,99,97,107,119,83,89,67,66,91,72,89,65,88,109,106,90,71
[ 37.521164] wil6210-aoa$0,1606461637.129076,04:d6:aa:c1:38:97,2,1,1,0,128,940,30,1009,362,795,991,599,943,567,364,689,887,173,871,734,689,738,419,737,856,652,310,108,124,468,390,313,813,243,421,178,435,91,127,90,122,90,85,63,91,130,105,112,115,128,114,66,95,95,113,120,89,91,69,67,92,73,88,63,87,106,102,87,69
[ 37.546133] wil6210-aoa$0,1606461637.154043,04:d6:aa:c1:38:97,2,1,1,0,128,344,848,442,118,727,977,599,965,584,365,578,825,206,941,116,445,724,427,696,817,203,525,712,359,40,633,864,30,234,466,682,898,95,132,93,121,89,84,59,87,138,105,106,106,123,107,59,93,91,110,116,85,87,61,66,91,67,81,61,83,98,95,81,63
[ 37.578293] wil6210-aoa$0,1606461637.186201,04:d6:aa:c1:38:97,2,1,1,0,128,976,60,959,321,832,1013,611,940,588,354,613,845,204,893,634,610,749,463,745,841,645,276,639,290,25,610,898,20,269,434,49,299,89,127,85,121,85,79,57,84,127,102,105,113,120,110,62,90,87,108,118,84,86,62,63,92,68,81,61,82,96,96,77,64
[ 37.605519] wil6210-aoa$0,1606461637.213435,04:d6:aa:c1:38:97,2,1,1,0,128,937,19,985,337,775,954,559,930,610,344,674,907,183,873,747,666,795,429,736,868,113,414,603,265,959,569,908,0,182,395,105,378,92,131,92,126,92,85,60,90,139,103,110,112,124,114,67,94,95,111,118,85,93,68,63,92,74,85,62,90,104,103,87,71
[ 37.631222] wil6210-aoa$0,1606461637.239131,04:d6:aa:c1:38:97,2,1,1,0,128,924,17,989,362,794,1008,554,951,513,304,629,854,182,829,679,598,747,423,781,902,155,475,643,287,1020,573,853,993,278,439,719,945,88,127,89,121,89,82,58,90,145,98,105,106,116,109,55,90,87,106,115,82,80,59,60,83,62,78,56,81,93,87,74,61
[ 37.661778] wil6210-aoa$0,1606461637.269687,04:d6:aa:c1:38:97,2,1,1,0,128,926,40,929,350,807,2,584,953,589,362,679,845,184,908,97,460,184,249,784,859,177,464,677,338,972,561,852,1022,222,438,458,834,93,135,90,123,94,83,59,92,154,103,107,112,126,111,62,94,95,114,119,84,89,67,64,91,69,85,62,88,101,101,84,70
[ 37.690123] wil6210-aoa$0,1606461637.298035,04:d6:aa:c1:38:97,2,1,1,0,128,388,842,391,130,261,831,594,927,575,333,691,895,185,923,696,692,739,452,700,884,141,435,710,359,406,337,848,989,325,512,947,138,91,128,87,122,89,84,60,90,156,107,110,115,123,112,70,96,94,110,119,88,89,66,64,93,72,86,63,89,105,104,93,73
[ 37.715224] wil6210-aoa$0,1606461637.323133,04:d6:aa:c1:38:97,2,1,1,0,128,929,1015,986,315,804,983,588,971,613,311,614,823,249,930,79,448,797,471,707,847,212,508,594,292,10,611,843,997,259,459,128,391,93,127,91,129,88,83,62,90,141,104,111,112,122,112,64,94,88,107,121,82,84,64,62,89,66,82,59,81,101,96,77,60
[ 37.746464] wil6210-aoa$0,1606461637.354373,04:d6:aa:c1:38:97,2,1,1,0,128,910,2,999,324,779,987,598,947,560,331,584,845,222,907,732,684,727,432,220,659,154,465,662,286,40,607,814,952,257,424,649,914,97,135,93,121,93,89,64,92,127,107,117,115,127,114,68,101,98,111,119,86,94,69,68,97,77,91,64,92,111,106,97,76
[ 37.770115] wil6210-aoa$0,1606461637.378024,04:d6:aa:c1:38:97,2,1,1,0,128,386,877,893,293,870,11,507,901,607,373,607,840,193,916,661,647,771,490,765,905,151,476,634,300,56,604,809,997,207,438,178,493,92,127,90,122,89,85,60,89,147,103,109,110,122,111,61,93,89,111,117,84,87,66,64,91,67,84,60,82,101,94,80,65
[ 37.802832] wil6210-aoa$0,1606461637.410740,04:d6:aa:c1:38:97,2,1,1,0,128,867,992,974,310,232,828,3,718,576,317,54,622,645,666,750,660,774,462,763,866,175,481,595,330,1000,581,885,66,178,392,308,626,93,130,89,125,92,85,62,90,151,106,114,118,124,114,65,94,96,112,122,86,93,66,67,93,72,89,66,85,106,100,90,73
[ 37.832203] wil6210-aoa$0,1606461637.440112,04:d6:aa:c1:38:97,2,1,1,0,128,354,853,969,280,773,987,1002,728,560,325,583,797,119,830,152,456,229,253,200,662,632,252,656,315,1022,613,916,3,208,422,374,708,96,132,90,127,91,88,61,92,151,107,116,114,126,111,69,98,97,111,121,89,96,66,66,95,76,90,63,91,113,109,96,75
[ 37.861823] wil6210-aoa$0,1606461637.469733,04:d6:aa:c1:38:97,2,1,1,0,128,888,23,4,353,747,964,43,763,533,284,618,876,134,838,718,686,693,426,756,909,219,486,608,311,991,521,390,906,288,470,532,797,91,131,92,120,90,83,61,94,151,103,108,117,125,114,64,94,89,111,120,86,87,66,66,91,70,87,63,88,105,99,86,68
[ 37.891340] wil6210-aoa$0,1606461637.499248,04:d6:aa:c1:38:97,2,1,1,0,128,931,38,1014,344,216,773,46,747,1020,126,622,879,185,888,675,659,682,405,731,873,645,318,701,412,2,587,875,1011,727,277,684,976,104,127,105,135,104,99,69,101,135,118,127,133,128,127,71,108,107,123,135,98,100,74,73,108,79,97,71,94,118,118,100,79
[ 37.921951] wil6210-aoa$0,1606461637.529859,04:d6:aa:c1:38:97,2,1,1,0,128,979,68,1003,324,710,955,601,933,609,368,567,790,204,886,695,659,788,482,711,853,146,451,622,298,956,520,381,826,736,266,50,283,92,130,89,124,94,87,65,92,134,109,117,118,126,113,70,100,98,111,120,86,92,68,70,94,79,92,66,90,111,108,97,74
[ 37.962085] wil6210-aoa$0,1606461637.569998,04:d6:aa:c1:38:97,2,1,1,0,128,938,16,1008,315,803,982,508,878,26,130,578,810,718,704,659,650,790,460,703,828,154,449,647,334,1013,563,883,20,220,415,53,339,94,133,93,127,93,83,59,91,141,105,111,113,123,110,59,92,91,110,120,84,87,63,64,87,66,82,60,81,97,96,79,60
[ 37.986236] wil6210-aoa$0,1606461637.594152,04:d6:aa:c1:38:97,2,1,1,0,128,885,1018,430,148,760,994,34,759,549,298,593,817,193,878,734,672,132,174,127,623,611,240,147,123,467,386,870,1016,178,411,397,576,93,128,90,124,91,89,59,91,153,107,113,112,126,115,67,95,95,112,123,85,89,68,65,95,74,86,63,86,109,105,91,73
[ 38.017171] wil6210-aoa$0,1606461637.625079,04:d6:aa:c1:38:97,2,1,1,0,128,976,40,970,320,772,977,562,925,985,92,654,874,239,914,731,700,756,427,723,838,160,455,662,305,8,561,825,1016,263,481,550,736,93,131,88,124,93,85,62,92,133,106,110,114,125,113,66,98,94,112,119,86,91,66,67,93,72,92,63,89,107,104,88,70
[ 38.040992] wil6210-aoa$0,1606461637.648907,04:d6:aa:c1:38:97,2,1,1,0,128,942,44,940,284,808,968,1002,710,59,129,644,836,180,845,755,649,766,402,720,842,127,436,722,329,35,601,908,32,184,401,152,433,92,133,90,125,90,84,60,88,141,106,113,114,126,114,66,94,93,108,120,87,86,65,65,90,74,85,64,88,104,103,86,69
[ 38.072569] wil6210-aoa$0,1606461637.680482,04:d6:aa:c1:38:97,2,1,1,0,128,914,41,962,364,783,2,525,946,691,444,613,844,240,920,715,621,742,452,754,822,172,449,655,295,1023,579,868,2,240,414,942,48,93,132,92,125,93,87,65,90,143,110,115,115,125,115,66,98,99,112,124,91,95,71,69,97,77,94,64,90,109,106,97,76
[ 38.096981] wil6210-aoa$0,1606461637.704894,04:d6:aa:c1:38:97,2,1,1,0,128,394,846,388,112,827,1016,529,897,556,317,572,782,675,653,688,654,796,503,712,852,92,396,693,342,0,607,875,46,241,455,141,352,95,131,92,128,90,87,64,90,156,106,114,117,125,112,65,97,94,110,125,87,93,68,67,98,74,88,65,87,111,105,95,76
[ 38.127120] wil6210-aoa$0,1606461637.735028,04:d6:aa:c1:38:97,2,1,1,0,128,917,1005,997,343,815,959,543,894,581,308,613,823,647,702,734,666,700,413,718,862,161,434,652,316,1002,563,840,12,271,489,941,110,94,133,92,124,92,88,62,92,134,106,113,115,125,111,64,96,92,114,118,88,88,65,67,94,70,86,62,87,105,100,85,68
[ 38.151478] wil6210-aoa$0,1606461637.759391,04:d6:aa:c1:38:97,2,1,1,0,128,935,40,959,284,800,5,595,936,565,354,658,880,185,883,672,625,740,426,669,814,235,503,652,318,1017,577,842,27,196,400,547,793,95,131,90,123,94,88,64,92,129,107,116,118,125,112,69,98,97,111,124,90,92,73,66,95,77,92,66,93,108,110,96,76
[ 38.180414] wil6210-aoa$0,1606461637.788322,04:d6:aa:c1:38:97,2,1,1,0,128,920,40,1,343,780,975,603,938,1016,145,131,650,202,891,623,586,822,515,732,875,169,462,705,382,999,536,852,992,754,258,927,186,93,133,92,125,91,81,58,89,127,104,109,115,121,109,65,91,92,109,115,85,87,64,62,87,64,82,60,83,100,98,81,61
[ 38.211787] wil6210-aoa$0,1606461637.819697,04:d6:aa:c1:38:97,2,1,1,0,128,986,56,7,362,882,1020,570,948,531,305,630,864,180,869,679,613,798,508,755,882,148,444,662,308,983,567,876,1015,225,432,543,689,94,131,93,127,93,85,62,91,128,104,111,115,128,112,64,95,95,115,122,87,94,66,65,93,70,86,62,88,103,98,86,69
[ 38.240984] wil6210-aoa$0,1606461637.848897,04:d6:aa:c1:38:97,2,1,1,0,128,854,1002,452,146,806,986,572,934,569,348,601,840,195,892,776,725,732,427,755,882,173,474,660,343,995,556,293,807,277,436,165,379,94,133,90,125,91,83,62,94,139,105,114,116,127,110,64,94,93,111,122,89,90,65,65,94,69,86,67,91,104,102,89,75
[ 38.267681] wil6210-aoa$0,1606461637.875590,04:d6:aa:c1:38:97,2,1,1,0,128,354,853,449,177,816,1006,604,956,39,148,639,855,706,720,693,657,766,468,754,843,228,502,642,313,1015,598,846,1005,288,472,750,14,94,133,93,128,90,85,63,94,133,105,113,116,125,116,67,95,96,112,122,88,91,73,66,96,76,89,66,93,113,111,97,78
[ 38.298869] wil6210-aoa$0,1606461637.906780,04:d6:aa:c1:38:97,2,1,1,0,128,916,32,416,110,816,20,492,913,551,342,578,812,689,740,672,602,718,417,774,917,149,472,636,307,4,608,838,997,210,441,790,58,94,129,91,124,94,84,64,92,140,106,113,116,124,113,65,98,97,111,122,91,92,68,69,97,75,89,63,87,106,104,87,71
[ 38.326908] wil6210-aoa$0,1606461637.934823,04:d6:aa:c1:38:97,2,1,1,0,128,947,37,1022,369,780,971,627,964,545,311,583,816,655,684,674,645,753,397,777,862,85,416,662,298,999,551,871,1015,239,448,103,305,93,132,92,127,91,84,60,91,150,103,113,112,123,109,63,95,91,108,119,85,87,63,66,90,66,82,61,85,99,96,83,66
[ 38.353631] wil6210-aoa$0,1606461637.961540,04:d6:aa:c1:38:97,2,1,1,0,128,927,9,23,372,855,1022,548,910,520,325,536,793,222,905,667,648,709,441,708,826,199,481,678,324,950,542,306,873,302,433,457,725,96,130,90,127,93,85,65,89,130,106,118,117,126,115,68,96,97,111,122,88,93,69,66,94,75,91,64,90,107,108,90,72
[ 38.384165] wil6210-aoa$0,1606461637.992073,04:d6:aa:c1:38:97,2,1,1,0,128,999,59,958,319,806,1005,560,953,592,350,694,923,196,881,699,641,785,420,691,848,192,505,713,327,38,636,898,34,331,516,519,667,95,126,88,119,90,85,62,86,129,106,114,116,126,111,68,98,98,106,119,89,91,70,65,97,76,87,66,90,109,108,97,75
[ 38.408577] wil6210-aoa$0,1606461638.016485,04:d6:aa:c1:38:97,2,1,1,0,128,885,3,364,58,250,818,581,903,602,343,598,843,187,871,750,681,665,347,706,861,587,268,653,339,981,546,890,49,282,474,606,802,92,129,89,124,91,85,60,89,129,105,111,113,124,113,61,94,90,109,118,86,88,64,64,92,68,83,62,86,102,97,85,70
[ 38.441291] wil6210-aoa$0,1606461638.049199,04:d6:aa:c1:38:97,2,1,1,0,128,957,63,995,338,721,1007,560,943,595,344,623,862,221,907,731,704,711,406,784,893,98,447,650,326,71,646,890,39,264,465,589,839,95,130,93,125,94,84,63,92,128,104,112,116,126,113,67,97,93,108,121,87,92,68,66,95,72,90,64,87,106,104,91,71
[ 38.465466] wil6210-aoa$0,1606461638.073379,04:d6:aa:c1:38:97,2,1,1,0,128,992,83,943,293,823,14,615,970,597,341,629,846,129,853,712,655,763,436,719,843,627,239,678,333,988,569,818,971,745,231,315,501,92,132,89,128,90,83,60,91,133,103,108,115,121,111,61,92,94,109,117,83,90,63,65,90,68,83,62,85,101,102,81,66
[ 38.496392] wil6210-aoa$0,1606461638.104305,04:d6:aa:c1:38:97,2,1,1,0,128,368,825,487,139,263,787,600,947,592,340,610,824,645,686,138,430,195,263,783,870,590,273,646,344,912,497,323,848,744,267,713,991,84,124,83,113,84,78,53,85,141,96,100,104,117,103,58,86,84,104,113,77,82,57,60,82,59,75,56,76,89,87,75,57
[ 38.523338] wil6210-aoa$0,1606461638.131247,04:d6:aa:c1:38:97,2,1,1,0,128,962,69,1002,346,239,827,511,887,647,367,594,839,146,892,691,624,698,395,730,833,140,434,669,313,31,602,927,1017,243,438,664,887,92,126,88,127,89,86,63,93,146,105,117,117,124,112,68,97,96,109,120,86,96,70,65,94,74,89,64,88,109,106,94,76
[ 38.548230] wil6210-aoa$0,1606461638.156143,04:d6:aa:c1:38:97,2,1,1,0,128,378,850,977,319,743,978,603,920,657,421,645,861,124,857,129,432,179,239,728,878,123,410,660,284,985,576,834,996,675,201,775,73,92,131,89,123,90,83,62,92,129,104,113,114,125,111,64,90,94,109,120,84,90,66,62,92,72,87,66,91,106,106,91,70
[ 38.581284] wil6210-aoa$0,1606461638.189191,04:d6:aa:c1:38:97,2,1,1,0,128,998,63,1018,362,836,33,550,942,663,420,610,879,200,915,685,638,768,450,744,849,119,425,703,303,6,560,925,47,231,423,709,883,91,127,91,128,91,85,61,90,154,106,113,116,123,116,63,99,94,112,120,86,91,68,66,94,73,85,63,90,106,103,90,70
[ 38.611499] wil6210-aoa$0,1606461638.219407,04:d6:aa:c1:38:97,2,1,1,0,128,378,836,433,115,249,826,595,944,565,309,548,782,697,689,99,428,233,271,146,634,631,280,661,296,465,380,231,750,709,212,652,1022,105,127,101,139,103,94,71,102,154,118,126,128,140,125,73,109,108,123,136,100,103,75,75,106,83,98,72,99,117,117,94,75
[ 38.642604] wil6210-aoa$0,1606461638.250512,04:d6:aa:c1:38:97,2,1,1,0,128,952,2,965,340,802,1001,514,866,554,336,598,835,206,904,664,589,716,422,798,867,177,467,635,306,1019,581,907,28,228,442,288,479,92,127,85,118,85,84,61,86,129,104,108,112,123,110,64,93,92,107,118,84,91,68,65,93,75,83,64,85,107,104,89,70
[ 38.684377] wil6210-aoa$0,1606461638.292293,04:d6:aa:c1:38:97,2,1,1,0,128,913,1022,375,87,862,1001,582,898,94,179,555,788,686,663,229,469,757,424,764,910,138,416,678,344,959,522,843,1013,220,393,974,252,92,129,89,121,88,83,60,87,128,105,112,117,124,113,62,94,94,106,121,85,89,64,65,95,73,87,64,87,109,102,91,73
[ 38.711541] wil6210-aoa$0,1606461638.319448,04:d6:aa:c1:38:97,2,1,1,0,128,403,902,1013,357,791,1012,531,953,571,329,567,816,188,895,677,679,736,428,712,839,578,237,688,347,1021,581,935,71,215,432,328,671,87,129,85,122,85,81,58,87,128,102,107,110,122,107,60,89,85,103,110,79,82,59,62,87,65,80,58,81,96,95,78,62
[ 38.742341] wil6210-aoa$0,1606461638.350256,04:d6:aa:c1:38:97,2,1,1,0,128,859,1008,1005,369,798,1000,524,931,582,349,635,858,204,891,730,686,730,397,706,872,137,435,647,321,1010,565,837,1004,282,479,426,649,105,129,100,127,100,98,72,99,168,121,124,127,142,123,78,111,107,120,131,96,104,78,76,109,84,101,76,102,129,124,106,86
[ 38.769687] wil6210-aoa$0,1606461638.377595,04:d6:aa:c1:38:97,2,1,1,0,128,923,23,915,306,801,1003,607,929,44,154,629,853,146,850,702,654,761,479,731,853,157,448,649,329,1004,563,856,6,252,436,652,865,101,144,99,136,101,97,67,99,148,114,124,126,136,123,71,103,102,124,134,93,98,72,71,101,74,93,71,97,116,111,101,78
[ 38.801874] wil6210-aoa$0,1606461638.409782,04:d6:aa:c1:38:97,2,1,1,0,128,934,58,950,313,748,988,559,953,552,329,629,789,238,912,669,647,728,411,757,884,200,498,648,309,11,581,875,988,231,409,858,141,87,123,85,119,86,82,61,87,128,100,106,110,119,109,62,96,91,107,117,84,85,65,63,89,67,83,60,85,102,102,86,68
[ 38.831385] wil6210-aoa$0,1606461638.439298,04:d6:aa:c1:38:97,2,1,1,0,128,942,26,1002,348,773,14,599,983,632,399,688,905,138,845,696,619,720,357,164,670,176,494,697,347,5,610,832,8,279,441,560,798,100,131,103,136,101,91,68,100,168,117,124,128,137,122,73,110,107,125,133,95,103,77,75,103,79,98,73,103,119,117,99,81
[ 38.856216] wil6210-aoa$0,1606461638.464130,04:d6:aa:c1:38:97,2,1,1,0,128,985,80,991,401,814,1016,554,923,521,327,54,629,236,952,640,586,801,483,741,862,143,445,650,314,27,619,846,3,300,502,89,353,103,141,99,128,101,94,70,100,137,116,128,127,135,126,74,106,104,123,136,99,102,76,75,104,84,99,72,97,122,118,105,82
[ 38.888727] wil6210-aoa$0,1606461638.496635,04:d6:aa:c1:38:97,2,1,1,0,128,874,1007,980,324,800,997,620,963,623,338,644,847,173,887,714,674,765,424,716,846,153,430,697,361,997,551,847,3,236,413,133,376,100,127,99,137,93,91,64,94,136,118,118,124,133,123,72,104,103,119,132,94,98,74,70,100,77,93,69,92,114,105,91,71
[ 38.917588] wil6210-aoa$0,1606461638.525500,04:d6:aa:c1:38:97,2,1,1,0,128,943,44,1000,363,756,973,645,940,5,155,95,647,615,649,692,641,724,404,741,853,161,474,656,293,976,530,311,829,771,292,706,841,92,126,87,115,91,82,60,85,142,105,111,111,124,109,66,95,94,108,115,84,89,65,65,91,71,86,63,87,102,100,90,71
[ 38.945656] wil6210-aoa$0,1606461638.553565,04:d6:aa:c1:38:97,2,1,1,0,128,451,901,973,352,837,5,576,935,530,300,653,831,218,862,91,407,184,214,784,865,605,282,628,272,974,569,829,1012,233,423,788,51,92,128,87,120,88,86,62,88,143,104,109,116,121,109,66,94,93,107,119,87,89,67,66,95,72,88,64,89,108,104,90,76
[ 38.970167] wil6210-aoa$0,1606461638.578082,04:d6:aa:c1:38:97,2,1,1,0,128,932,36,1019,391,770,1017,541,871,491,223,593,825,193,863,738,657,734,430,674,805,661,260,652,329,0,562,847,10,262,433,855,65,91,128,88,119,89,82,62,88,151,103,108,113,120,107,67,92,92,105,121,82,86,65,64,92,70,83,64,89,103,101,86,72
[ 39.003104] wil6210-aoa$0,1606461638.611011,04:d6:aa:c1:38:97,2,1,1,0,128,953,36,993,333,814,1015,529,916,585,344,619,858,181,896,86,442,787,467,753,893,166,476,681,335,1016,624,873,36,284,472,852,37,91,122,90,123,89,83,62,92,148,104,113,113,124,114,68,95,92,108,119,87,90,67,67,92,73,90,63,87,105,102,93,71
[ 39.028884] wil6210-aoa$0,1606461638.636800,04:d6:aa:c1:38:97,2,1,1,0,128,924,1022,1011,369,828,40,576,910,508,291,622,858,224,928,675,655,711,440,703,893,185,492,699,349,1003,574,862,20,292,477,783,1012,100,146,101,132,97,91,68,97,128,116,123,121,130,123,72,104,100,121,131,90,94,68,71,97,74,91,68,92,115,113,92,78
[ 39.061529] wil6210-aoa$0,1606461638.669437,04:d6:aa:c1:38:97,2,1,1,0,128,377,823,956,291,797,979,55,770,609,325,585,798,678,644,115,406,280,241,718,852,579,212,115,104,437,345,321,859,250,430,983,240,101,139,96,127,100,93,66,101,167,113,116,126,127,121,67,103,98,121,128,89,98,70,69,100,70,89,66,92,107,107,88,74
[ 39.092842] wil6210-aoa$0,1606461638.700750,04:d6:aa:c1:38:97,2,1,1,0,128,372,855,427,179,786,991,36,754,535,283,647,864,124,826,173,475,206,227,719,821,668,312,666,321,980,581,857,1009,265,451,877,64,90,124,85,119,88,83,61,86,133,104,111,107,121,109,64,92,94,105,114,82,90,63,66,93,73,89,62,88,107,105,94,70
[ 39.117716] wil6210-aoa$0,1606461638.725624,04:d6:aa:c1:38:97,2,1,1,0,128,986,72,945,278,822,1023,576,917,520,273,642,852,635,668,711,661,689,397,215,698,157,439,682,344,963,542,898,47,256,435,65,244,84,122,87,117,88,80,60,86,147,99,105,107,117,111,58,90,88,105,114,81,84,63,61,88,65,79,60,81,98,99,84,64
[ 39.151278] wil6210-aoa$0,1606461638.759185,04:d6:aa:c1:38:97,2,1,1,0,128,955,23,981,316,822,4,609,959,577,315,639,860,226,868,729,654,707,403,768,861,90,438,652,321,1004,544,908,1014,267,430,908,118,100,140,99,131,99,94,68,98,129,116,119,124,127,124,71,106,103,118,130,94,97,71,75,102,76,98,71,96,119,116,96,81
[ 39.182431] wil6210-aoa$0,1606461638.790339,04:d6:aa:c1:38:97,2,1,1,0,128,409,850,1004,364,759,973,586,978,508,312,674,905,150,860,687,659,708,408,708,831,144,446,642,278,506,414,358,837,222,407,735,1004,102,131,95,135,97,91,68,94,130,118,127,127,128,125,74,108,106,120,128,94,100,77,72,103,83,98,74,100,119,118,103,81
[ 39.214199] wil6210-aoa$0,1606461638.822107,04:d6:aa:c1:38:97,2,1,1,0,128,420,893,950,311,836,1012,553,888,576,323,602,836,172,884,695,623,679,404,725,841,626,266,673,295,16,598,891,28,256,426,78,292,90,125,88,118,89,81,59,86,142,99,112,109,117,111,62,90,89,105,116,80,84,65,62,88,69,86,60,84,101,100,85,68
[ 39.244659] wil6210-aoa$0,1606461638.852574,04:d6:aa:c1:38:97,2,1,1,0,128,997,15,964,336,832,994,536,904,17,139,660,878,215,898,653,619,754,460,687,848,205,526,653,338,12,648,882,18,269,465,629,856,100,141,97,137,98,92,67,96,139,113,119,123,132,120,66,101,98,121,130,91,95,70,69,96,73,89,63,88,106,105,82,69
[ 39.271626] wil6210-aoa$0,1606461638.879535,04:d6:aa:c1:38:97,2,1,1,0,128,986,36,936,273,868,1,537,900,57,139,645,837,626,671,185,487,822,446,754,851,161,467,641,276,473,422,891,27,245,456,842,1022,100,145,99,133,94,91,66,96,148,109,115,123,132,116,65,101,99,118,127,92,99,72,70,99,77,91,68,94,114,109,94,73
[ 39.304750] wil6210-aoa$0,1606461638.912666,04:d6:aa:c1:38:97,2,1,1,2,128,986,36,936,273,868,1,537,900,57,139,645,837,626,671,185,487,822,446,754,851,161,467,641,276,473,422,891,27,245,456,842,1022,100,141,97,137,98,92,67,96,139,113,119,123,132,120,66,101,98,121,130,91,95,70,69,96,73,89,63,88,106,105,82,69
[ 39.330346] wil6210-aoa$0,1606461638.938255,04:d6:aa:c1:38:97,2,1,1,0,128,927,5,1015,338,765,996,569,927,487,285,607,831,163,844,680,658,733,409,702,855,617,246,619,287,40,567,852,997,268,421,71,332,102,127,100,140,100,92,66,98,159,115,121,123,136,121,69,101,103,119,132,94,98,73,70,102,82,95,71,96,113,111,96,77
[ 39.363796] wil6210-aoa$0,1606461638.971706,04:d6:aa:c1:38:97,2,1,1,0,128,974,21,405,96,746,975,10,747,537,319,630,850,195,889,617,581,787,451,771,881,204,506,640,309,983,612,826,6,297,453,413,702,91,124,88,120,90,86,61,88,148,104,110,110,122,109,65,92,92,108,120,86,89,69,64,90,72,86,65,89,106,101,91,70
[ 39.395149] wil6210-aoa$0,1606461639.003058,04:d6:aa:c1:38:97,2,1,1,0,128,973,89,994,356,802,994,566,900,656,387,658,907,140,870,637,608,715,425,761,905,168,467,714,376,29,598,842,1008,264,425,314,498,87,127,89,121,87,81,58,88,154,104,104,111,123,108,62,91,90,107,114,83,85,64,60,87,65,80,62,82,96,96,82,65
[ 39.426553] wil6210-aoa$0,1606461639.034464,04:d6:aa:c1:38:97,2,1,1,0,128,971,11,4,334,837,1022,542,943,568,360,668,870,157,858,701,643,729,412,713,853,119,428,662,327,973,563,835,971,314,475,328,486,102,148,99,132,100,92,64,98,167,115,121,126,139,122,70,105,100,121,129,96,95,68,73,98,74,91,68,88,111,110,89,72
[ 39.456862] wil6210-aoa$0,1606461639.064778,04:d6:aa:c1:38:97,2,1,1,0,128,924,42,944,313,853,0,579,914,548,302,607,832,182,855,734,647,744,483,708,850,159,455,618,270,1022,580,856,1014,281,454,680,924,90,126,85,120,88,82,60,89,136,103,110,112,125,111,61,95,93,106,118,82,86,65,65,89,71,83,62,84,102,101,89,67
[ 39.484846] wil6210-aoa$0,1606461639.092753,04:d6:aa:c1:38:97,2,1,1,0,128,989,33,980,316,808,1008,534,921,540,283,644,838,745,725,726,657,719,369,201,698,157,427,729,350,978,576,841,1012,217,380,78,401,93,127,89,120,89,84,62,88,135,106,110,114,120,112,68,95,96,107,116,85,90,69,65,93,74,91,63,89,108,107,94,74
[ 39.510769] wil6210-aoa$0,1606461639.118684,04:d6:aa:c1:38:97,2,1,1,0,128,915,39,1016,324,840,11,594,931,561,347,573,828,194,887,683,634,728,402,763,875,158,433,653,294,14,592,845,1016,214,413,370,618,88,127,89,121,86,78,55,85,145,96,100,105,115,102,55,88,83,104,113,76,81,56,59,78,59,77,55,75,90,87,68,53
[ 39.544018] wil6210-aoa$0,1606461639.151926,04:d6:aa:c1:38:97,2,1,1,0,128,409,885,965,289,798,997,39,751,1010,103,617,855,203,915,640,605,749,444,737,848,206,522,616,264,435,375,919,1014,229,453,439,724,86,129,90,122,90,83,59,88,135,102,107,109,121,107,60,89,90,110,113,79,86,63,62,87,68,83,57,83,96,93,75,59
[ 39.575839] wil6210-aoa$0,1606461639.183748,04:d6:aa:c1:38:97,2,1,1,0,128,906,1021,953,295,825,6,517,859,634,394,557,791,171,882,617,624,159,209,757,872,629,298,651,323,432,347,859,1007,292,480,320,515,90,128,86,118,90,85,62,87,149,103,113,109,127,112,68,95,96,106,118,85,91,67,67,92,74,87,63,88,107,104,91,72
[ 39.605567] wil6210-aoa$0,1606461639.213483,04:d6:aa:c1:38:97,2,1,1,0,128,901,13,982,325,794,996,613,924,525,325,573,842,212,908,646,605,771,432,766,909,170,439,693,359,6,597,782,985,260,467,671,964,91,128,90,123,89,84,62,89,150,102,108,112,122,109,63,94,90,106,120,82,85,65,64,85,67,82,63,84,98,97,85,63
[ 39.633812] wil6210-aoa$0,1606461639.241721,04:d6:aa:c1:38:97,2,1,1,0,128,901,993,24,378,773,975,557,924,618,354,625,874,612,672,144,431,176,261,708,867,185,495,656,283,1012,596,823,6,213,386,7,229,88,126,90,119,89,83,59,89,127,102,109,110,123,112,66,92,93,108,118,85,91,66,63,91,70,87,64,88,107,101,88,74
[ 39.665408] wil6210-aoa$0,1606461639.273316,04:d6:aa:c1:38:97,2,1,1,0,128,915,13,962,327,730,975,1000,716,39,133,613,834,213,862,625,587,185,218,765,916,117,419,699,346,6,567,824,1009,271,447,544,771,91,125,89,122,86,86,62,87,141,104,117,117,123,113,68,97,97,106,123,83,91,70,66,95,74,90,65,88,109,106,94,75
[ 39.696828] wil6210-aoa$0,1606461639.304737,04:d6:aa:c1:38:97,2,1,1,0,128,356,812,418,116,824,1017,644,975,607,328,629,884,167,865,655,575,747,436,694,841,636,255,692,339,992,595,936,38,206,427,36,245,91,135,89,122,87,81,57,88,148,99,102,106,119,104,58,88,86,107,118,80,84,61,59,85,59,78,58,79,94,92,71,61
[ 39.722292] wil6210-aoa$0,1606461639.330200,04:d6:aa:c1:38:97,2,1,1,0,128,975,74,989,348,803,1019,555,909,600,320,41,633,724,714,673,653,732,371,163,646,595,246,117,113,458,410,279,805,243,388,394,679,85,127,86,117,85,80,53,86,141,98,99,100,114,104,53,85,81,102,108,76,76,59,60,79,53,70,53,72,80,76,61,49
[ 39.755065] wil6210-aoa$0,1606461639.362973,04:d6:aa:c1:38:97,2,1,1,0,128,885,0,952,282,280,831,511,911,547,327,57,612,234,885,634,606,716,362,738,878,606,245,111,146,461,407,324,837,225,409,858,128,105,136,101,142,102,94,68,98,168,119,123,130,134,127,68,103,103,127,133,90,97,73,70,100,74,90,70,96,114,109,90,73
[ 39.786419] wil6210-aoa$0,1606461639.394331,04:d6:aa:c1:38:97,2,1,1,0,128,379,852,420,84,795,8,570,968,533,323,609,863,205,911,694,652,86,160,737,840,68,392,641,298,384,343,897,32,267,458,410,641,93,128,90,121,92,85,61,91,151,103,111,111,126,112,64,95,94,110,116,85,88,66,64,91,68,82,61,86,99,95,87,68
[ 39.813652] wil6210-aoa$0,1606461639.421560,04:d6:aa:c1:38:97,2,1,1,0,128,937,30,942,287,782,996,607,964,608,383,629,861,170,848,662,644,721,392,774,851,588,254,109,115,984,554,313,835,758,311,57,287,93,128,88,123,88,84,62,86,151,105,110,115,123,109,65,96,96,110,116,84,90,68,64,91,75,85,65,87,109,101,84,70
[ 39.845364] wil6210-aoa$0,1606461639.453278,04:d6:aa:c1:38:97,2,1,1,0,128,915,34,997,324,806,1,560,909,1002,101,648,861,227,907,677,659,744,423,736,875,112,401,671,313,978,539,859,1009,231,422,345,623,92,129,93,121,93,87,64,90,152,106,113,111,128,115,71,95,99,108,119,87,93,71,68,96,78,93,65,93,114,109,100,78
[ 39.872972] wil6210-aoa$0,1606461639.480880,04:d6:aa:c1:38:97,2,1,1,0,128,929,2,397,86,777,989,584,936,600,325,599,851,228,928,687,653,753,413,754,849,600,231,670,384,1006,578,862,1022,704,227,336,673,92,126,88,126,90,85,63,91,127,107,112,115,122,112,67,97,97,109,120,86,93,68,68,99,76,90,66,92,112,106,95,74
[ 39.900924] wil6210-aoa$0,1606461639.508836,04:d6:aa:c1:38:97,2,1,1,0,128,947,53,984,368,852,3,597,963,578,405,686,917,200,887,703,652,695,383,762,904,147,449,646,300,55,612,937,34,311,496,296,453,91,128,89,125,90,84,57,87,139,104,107,110,121,108,60,88,86,108,115,83,87,61,60,86,64,79,58,78,99,94,79,61
[ 39.930926] wil6210-aoa$0,1606461639.538838,04:d6:aa:c1:38:97,2,1,1,0,128,944,34,926,310,863,32,567,930,571,357,722,895,181,849,668,630,676,380,771,854,220,463,669,312,16,615,816,989,282,437,917,115,93,127,88,123,89,85,59,88,129,107,111,112,123,116,64,93,94,107,122,86,89,68,65,92,70,86,65,89,107,102,85,70
[ 39.956302] wil6210-aoa$0,1606461639.564215,04:d6:aa:c1:38:97,2,1,1,0,128,923,2,952,319,810,1012,531,881,592,337,593,806,228,899,641,631,687,384,171,663,659,271,157,173,2,588,827,968,234,432,941,172,91,128,90,127,88,80,61,91,141,101,109,113,120,110,63,92,90,108,116,83,91,61,65,92,68,83,62,85,102,95,84,65
[ 39.986890] wil6210-aoa$0,1606461639.594797,04:d6:aa:c1:38:97,2,1,1,0,128,407,834,996,319,796,23,538,919,5,122,608,825,192,899,692,666,724,436,707,872,119,442,638,320,1018,590,857,1019,231,432,450,771,90,127,89,126,91,81,59,90,131,102,107,109,125,108,59,90,86,110,115,81,84,62,63,86,65,81,61,86,96,95,82,67
[ 40.012713] wil6210-aoa$0,1606461639.620622,04:d6:aa:c1:38:97,2,1,1,0,128,373,855,991,340,789,1023,551,939,637,391,660,871,177,877,707,679,703,423,799,926,162,489,649,323,988,603,870,20,259,493,890,124,92,129,89,123,90,81,59,89,136,103,109,112,118,109,58,92,85,105,112,80,85,62,61,83,65,82,59,81,95,96,73,59
[ 40.045940] wil6210-aoa$0,1606461639.653850,04:d6:aa:c1:38:97,2,1,1,0,128,941,23,963,319,797,19,566,918,555,356,606,816,233,955,672,645,786,482,761,878,175,459,652,294,40,592,890,1019,306,494,77,205,94,130,88,119,89,83,58,86,134,104,102,110,121,106,59,92,89,106,115,83,86,61,62,90,65,79,58,81,95,91,77,63
[ 40.071794] wil6210-aoa$0,1606461639.679707,04:d6:aa:c1:38:97,2,1,1,0,128,922,1001,1020,354,780,1022,524,881,1,90,646,839,192,903,651,647,706,408,726,859,158,473,622,335,986,569,840,0,251,456,861,112,93,127,89,123,91,83,63,89,142,106,113,116,127,110,67,97,96,109,122,87,93,70,66,94,75,90,67,91,110,109,95,75
[ 40.098194] wil6210-aoa$0,1606461639.706106,04:d6:aa:c1:38:97,2,1,1,0,128,993,48,966,308,826,1017,588,919,550,300,662,846,125,818,662,645,793,438,775,899,200,480,705,343,1009,600,843,34,153,384,436,624,89,127,87,123,90,85,63,88,128,106,114,116,127,115,70,98,97,108,119,87,92,71,69,95,74,90,69,90,109,105,102,75
[ 40.132498] wil6210-aoa$0,1606461639.740407,04:d6:aa:c1:38:97,2,1,1,0,128,366,864,970,315,802,1018,1008,677,991,146,633,851,197,901,698,641,760,412,714,890,145,455,622,273,455,355,319,828,756,266,666,953,103,128,101,140,98,95,68,100,163,116,124,127,138,124,69,105,103,126,129,96,101,75,73,103,78,98,70,96,115,115,96,75
[ 40.164016] wil6210-aoa$0,1606461639.771929,04:d6:aa:c1:38:97,2,1,1,0,128,986,57,1005,369,837,34,570,918,535,322,626,846,229,933,696,662,735,438,744,871,178,485,646,302,1014,606,855,10,782,272,760,966,107,137,101,138,102,99,70,104,150,122,129,130,129,129,76,111,109,127,136,98,104,79,77,109,84,102,74,106,124,119,108,85
[ 40.195131] wil6210-aoa$0,1606461639.803040,04:d6:aa:c1:38:97,2,1,1,0,128,914,13,949,284,809,2,527,887,585,330,610,844,202,900,672,646,783,439,740,875,167,458,618,283,16,553,876,1011,197,400,390,742,91,131,91,122,87,83,58,92,151,103,106,109,122,111,56,91,89,109,115,81,86,62,63,87,66,80,60,84,98,93,81,65
[ 40.220866] wil6210-aoa$0,1606461639.828776,04:d6:aa:c1:38:97,2,1,1,0,128,930,9,976,339,787,989,610,952,597,345,651,872,197,904,770,686,728,408,734,859,120,427,652,311,5,651,905,36,266,486,797,977,93,130,90,122,89,84,61,90,127,105,111,112,123,113,67,94,94,107,118,87,94,68,68,95,75,87,63,90,109,104,97,75
[ 40.251613] wil6210-aoa$0,1606461639.859526,04:d6:aa:c1:38:97,2,1,1,0,128,394,859,471,171,848,1010,574,940,575,330,618,840,668,652,721,629,742,419,778,876,150,410,677,314,1009,586,867,975,302,476,942,176,94,131,93,127,92,88,62,93,153,105,113,114,126,113,67,95,96,111,122,82,88,69,68,94,71,87,64,90,105,102,94,73
[ 40.277691] wil6210-aoa$0,1606461639.885604,04:d6:aa:c1:38:97,2,1,1,0,128,952,25,1010,371,731,955,549,914,546,373,684,899,237,927,743,704,752,457,700,887,156,470,641,285,13,653,845,1016,212,463,631,844,92,128,88,121,93,80,61,88,137,101,103,108,118,106,60,88,87,109,113,82,84,61,61,83,65,76,58,80,89,88,71,58
[ 40.304973] wil6210-aoa$0,1606461639.912886,04:d6:aa:c1:38:97,2,1,1,0,128,926,26,1008,361,764,994,557,923,566,289,623,856,164,878,749,667,731,417,754,843,152,456,690,345,1022,585,847,34,235,448,39,279,94,128,87,123,90,85,63,89,129,106,115,116,124,109,69,94,94,109,119,86,89,68,67,95,75,89,66,88,103,104,94,73
[ 40.332190] wil6210-aoa$0,1606461639.940103,04:d6:aa:c1:38:97,2,1,1,0,128,973,54,979,334,808,21,557,939,591,347,683,871,220,904,655,678,731,399,751,862,124,467,88,135,21,591,871,992,298,465,115,393,90,127,88,122,91,83,63,90,146,105,110,112,123,112,67,95,95,110,120,87,89,67,66,91,73,90,66,88,107,107,91,76
[ 40.358599] wil6210-aoa$0,1606461639.966511,04:d6:aa:c1:38:97,2,1,1,0,128,959,4,414,113,806,986,581,937,548,301,62,638,674,669,122,444,202,260,163,663,146,479,746,384,17,615,861,14,243,419,883,205,88,127,86,121,86,83,56,88,149,101,111,110,121,110,62,89,92,108,117,82,88,62,60,90,67,84,56,85,99,100,83,66
[ 40.390715] wil6210-aoa$0,1606461639.998629,04:d6:aa:c1:38:97,2,1,1,0,128,424,854,1003,335,790,980,7,740,570,298,636,892,154,872,727,686,732,438,838,925,87,393,107,134,979,595,947,33,246,428,1015,166,101,127,100,133,96,90,65,96,129,115,119,127,135,122,67,103,104,118,129,95,95,71,71,98,80,97,68,95,116,108,89,75
[ 40.416600] wil6210-aoa$0,1606461640.024514,04:d6:aa:c1:38:97,2,1,1,0,128,892,1005,939,250,818,1000,540,907,1002,75,135,683,193,895,651,663,690,405,719,839,114,462,649,337,1016,571,793,34,751,300,348,688,102,128,97,135,99,91,68,98,134,118,123,130,130,126,80,107,107,121,131,98,100,75,73,107,86,100,72,104,122,120,108,87
[ 40.449854] wil6210-aoa$0,1606461640.057767,04:d6:aa:c1:38:97,2,1,1,0,128,406,850,397,133,232,812,557,874,1010,69,77,597,660,732,658,628,222,268,120,643,606,238,121,124,63,628,809,978,267,438,37,376,89,124,89,115,86,81,58,87,139,101,106,111,119,109,63,92,90,104,112,81,87,66,63,89,68,86,59,84,101,100,87,70
[ 40.475413] wil6210-aoa$0,1606461640.083326,04:d6:aa:c1:38:97,2,1,1,0,128,929,18,974,301,756,962,593,948,538,359,571,847,152,888,702,662,704,419,686,890,174,451,678,340,1015,583,939,64,234,430,256,475,98,134,95,130,98,93,67,96,130,118,122,122,135,123,73,102,105,122,130,92,101,72,70,102,82,95,67,98,118,118,100,83
[ 40.507349] wil6210-aoa$0,1606461640.115259,04:d6:aa:c1:38:97,2,1,1,0,128,967,12,985,315,845,4,557,936,599,313,638,871,152,850,145,431,772,437,758,859,175,446,708,345,1003,569,914,28,279,446,70,202,100,127,98,134,97,94,65,100,166,110,120,123,129,122,70,102,97,121,128,91,98,72,71,99,76,94,68,96,112,108,94,77
[ 40.534907] wil6210-aoa$0,1606461640.142816,04:d6:aa:c1:38:97,2,1,1,0,128,940,19,928,291,289,822,545,928,607,369,647,831,216,914,714,690,750,413,728,860,173,455,648,308,981,538,325,840,719,210,670,36,100,138,100,129,96,89,68,96,137,109,119,121,134,118,69,101,98,119,127,89,95,68,68,98,72,91,69,93,107,106,91,71
[ 40.568132] wil6210-aoa$0,1606461640.176040,04:d6:aa:c1:38:97,2,1,1,0,128,845,1021,994,334,800,7,550,933,605,317,687,890,242,936,630,556,190,236,755,852,162,465,603,310,63,560,849,992,254,469,551,794,86,125,85,115,89,80,59,86,130,98,105,107,118,105,63,92,90,106,114,82,83,62,63,89,71,84,63,86,99,100,87,70
[ 40.600876] wil6210-aoa$0,1606461640.208784,04:d6:aa:c1:38:97,2,1,1,0,128,910,33,987,346,768,1003,567,929,477,298,596,847,218,942,717,644,722,437,767,884,176,478,613,286,1022,596,889,3,352,525,635,738,102,142,99,132,97,91,68,100,152,116,120,122,133,121,71,106,106,118,128,95,102,73,73,101,78,97,69,100,118,115,97,81
[ 40.636992] wil6210-aoa$0,1606461640.244908,04:d6:aa:c1:38:97,2,1,1,0,128,944,4,967,321,792,1005,539,946,561,357,607,851,177,885,692,684,795,476,752,936,132,442,718,371,76,679,863,995,222,406,118,378,100,130,98,132,97,89,67,95,151,112,119,122,128,120,68,99,99,117,129,91,95,70,69,98,73,87,70,93,108,106,90,68
[ 40.664805] wil6210-aoa$0,1606461640.272714,04:d6:aa:c1:38:97,2,1,1,0,128,906,37,969,368,800,1016,574,926,571,317,659,863,220,909,734,697,760,411,784,900,166,443,644,311,465,367,886,12,269,467,112,267,85,128,86,117,83,78,57,84,146,96,98,105,115,103,54,86,81,107,107,76,78,56,56,83,57,74,55,76,88,89,72,55
[ 40.709384] wil6210-aoa$0,1606461640.317293,04:d6:aa:c1:38:97,2,1,1,0,128,942,0,966,319,835,1013,569,911,577,320,564,816,158,901,735,661,805,467,704,885,115,459,629,292,73,661,873,1017,273,438,443,573,90,129,88,126,89,85,60,86,135,100,114,116,124,113,64,94,93,108,118,82,89,66,67,92,73,84,63,87,103,104,90,69
[ 40.742491] wil6210-aoa$0,1606461640.350399,04:d6:aa:c1:38:97,2,1,1,0,128,938,37,910,259,764,998,571,918,12,137,605,828,702,746,685,642,764,467,739,877,109,438,596,310,943,568,913,8,261,466,79,298,91,127,89,121,87,85,64,89,137,103,112,117,125,109,64,92,93,108,119,83,91,67,67,93,76,90,63,86,106,105,88,71
[ 40.775160] wil6210-aoa$0,1606461640.383069,04:d6:aa:c1:38:97,2,1,1,0,128,997,77,880,266,797,999,565,887,582,333,651,853,180,912,739,682,739,438,781,892,173,462,625,325,7,618,842,8,307,488,516,679,100,144,97,135,97,93,69,96,129,116,123,127,127,121,72,104,101,118,128,94,98,74,74,104,79,96,68,91,115,114,91,76
[ 40.801582] wil6210-aoa$0,1606461640.409496,04:d6:aa:c1:38:97,2,1,1,0,128,911,27,933,270,773,958,608,910,66,114,711,884,175,864,734,663,742,438,740,882,109,438,646,321,4,584,873,3,273,457,883,136,99,128,96,132,100,95,69,95,133,116,119,124,137,123,74,104,102,120,133,95,99,74,71,103,84,97,70,99,115,114,101,78
[ 40.830213] wil6210-aoa$0,1606461640.438122,04:d6:aa:c1:38:97,2,1,1,0,128,375,828,492,119,241,832,562,890,580,332,598,816,210,894,707,636,230,225,193,687,602,256,688,288,449,322,344,851,717,232,1009,280,85,125,85,119,86,78,58,85,146,99,103,110,120,106,61,90,88,103,114,80,85,65,59,86,67,82,59,82,98,98,86,68
[ 40.863161] wil6210-aoa$0,1606461640.471070,04:d6:aa:c1:38:97,2,1,1,0,128,923,25,987,350,767,1002,15,710,11,141,668,882,145,876,724,659,743,470,796,890,125,451,621,260,476,404,886,6,257,482,526,671,99,128,96,131,97,91,67,99,131,114,122,123,134,125,71,101,104,121,131,94,96,72,70,102,81,95,71,92,116,114,100,81
[ 40.904542] wil6210-aoa$0,1606461640.512458,04:d6:aa:c1:38:97,2,1,1,0,128,388,852,443,160,164,760,21,662,24,102,67,611,604,640,103,415,168,213,176,654,688,325,604,274,480,402,309,837,785,298,964,253,101,129,97,132,98,90,63,94,160,114,123,122,127,122,66,101,103,120,129,90,97,70,69,95,76,91,67,96,111,109,94,77
[ 40.931094] wil6210-aoa$0,1606461640.539003,04:d6:aa:c1:38:97,2,1,1,0,128,389,885,411,109,218,811,609,934,555,308,631,814,676,741,684,643,195,254,742,868,139,476,67,97,40,593,875,8,269,447,163,398,101,137,96,132,99,90,67,96,141,117,118,117,133,120,72,103,101,120,130,93,96,72,69,99,78,94,69,98,117,116,98,79
[ 40.961747] wil6210-aoa$0,1606461640.569661,04:d6:aa:c1:38:97,2,1,1,0,128,903,27,1014,325,799,1003,568,927,534,327,600,819,668,675,114,438,719,418,749,868,127,428,80,98,56,585,896,29,265,451,610,859,88,124,89,114,84,80,56,85,141,98,105,104,116,103,59,88,87,105,110,77,83,60,62,83,65,81,57,77,94,94,77,61
[ 40.987368] wil6210-aoa$0,1606461640.595281,04:d6:aa:c1:38:97,2,1,1,0,128,958,27,1003,341,772,993,578,896,1011,86,641,845,217,913,713,649,720,467,726,876,157,431,683,316,25,622,879,1013,273,462,309,570,97,127,98,128,95,90,62,95,159,109,111,117,133,116,64,97,94,117,124,86,93,65,71,95,74,90,64,90,106,105,91,70
[ 41.014807] wil6210-aoa$0,1606461640.622721,04:d6:aa:c1:38:97,2,1,1,0,128,969,55,953,329,801,1006,536,893,647,392,635,818,153,883,680,603,266,300,760,861,271,538,660,287,957,545,868,1004,297,462,415,669,97,141,96,133,99,90,66,98,164,115,120,121,135,121,70,105,100,119,129,93,99,72,71,101,79,93,68,97,115,115,97,78
[ 41.046232] wil6210-aoa$0,1606461640.654139,04:d6:aa:c1:38:97,2,1,1,0,128,907,4,973,328,795,1009,548,920,611,372,607,865,158,855,648,617,183,232,702,854,186,466,631,309,1007,581,898,40,233,456,533,792,99,127,95,132,98,89,67,95,143,115,124,124,131,121,75,105,104,114,129,93,99,78,74,105,83,95,70,99,118,120,105,82
[ 41.080565] wil6210-aoa$0,1606461640.688473,04:d6:aa:c1:38:97,2,1,1,0,128,963,44,975,309,328,877,623,935,562,330,624,842,188,845,698,642,228,256,131,604,662,262,650,289,15,637,870,18,220,411,905,85,102,142,99,127,99,96,66,99,137,116,119,125,127,121,68,103,100,124,127,92,98,70,71,101,79,93,66,91,113,109,93,73
[ 41.111052] wil6210-aoa$0,1606461640.718966,04:d6:aa:c1:38:97,2,1,1,0,128,894,22,1007,390,840,1013,599,931,547,333,566,762,218,860,141,424,197,211,706,846,182,472,613,287,8,598,909,20,257,427,171,416,91,129,86,117,88,83,59,88,149,104,110,116,121,110,66,95,95,106,119,82,88,67,63,92,74,87,64,86,105,102,90,71
[ 41.142492] wil6210-aoa$0,1606461640.750407,04:d6:aa:c1:38:97,2,1,1,0,128,970,25,448,172,823,1008,1016,728,569,345,623,836,169,874,662,649,736,464,765,907,134,463,665,354,968,541,865,9,226,430,175,420,89,125,90,119,89,80,59,89,149,101,107,112,122,107,60,88,91,110,113,81,86,62,62,84,67,79,58,80,96,96,79,64
[ 41.171767] wil6210-aoa$0,1606461640.779676,04:d6:aa:c1:38:97,2,1,1,0,128,883,13,436,125,829,1,556,937,35,149,626,911,236,943,705,645,753,465,117,650,203,471,712,381,31,622,859,20,209,423,599,889,87,125,85,116,83,80,57,87,128,99,107,109,117,105,64,93,91,102,113,83,86,66,63,92,69,86,60,84,101,97,87,67
[ 41.204929] wil6210-aoa$0,1606461640.812843,04:d6:aa:c1:38:97,2,1,1,0,128,920,1017,31,346,807,1005,584,917,527,266,693,889,186,860,713,671,701,371,194,683,594,249,106,135,403,377,872,31,219,435,32,321,99,128,97,131,96,93,68,95,155,114,123,127,134,125,74,105,104,119,132,95,101,75,73,102,79,98,71,99,118,113,101,81
[ 41.235502] wil6210-aoa$0,1606461640.843411,04:d6:aa:c1:38:97,2,1,1,0,128,933,1006,1009,336,817,1009,570,927,569,314,629,851,192,928,665,616,668,352,760,890,106,448,700,347,950,507,933,39,233,436,760,977,95,142,98,131,98,90,69,97,128,115,119,124,130,120,70,101,101,120,128,92,97,70,71,100,78,94,70,92,114,108,95,74
[ 41.263743] wil6210-aoa$0,1606461640.871656,04:d6:aa:c1:38:97,2,1,1,0,128,926,0,1007,363,824,33,600,983,514,324,592,817,732,734,129,457,745,416,131,650,700,316,649,305,3,570,826,1002,254,405,299,461,87,123,86,114,83,78,59,84,130,99,106,108,118,107,58,86,89,106,114,81,83,61,62,87,66,79,58,83,96,94,80,65
[ 41.289975] wil6210-aoa$0,1606461640.897884,04:d6:aa:c1:38:97,2,1,1,0,128,912,20,985,366,766,994,603,937,504,263,630,834,190,866,671,616,790,471,760,849,178,467,605,225,408,323,897,28,232,382,170,388,100,128,97,132,96,89,64,96,151,111,115,121,132,115,66,101,96,115,124,88,94,69,66,98,72,88,68,92,107,103,90,71
[ 41.320813] wil6210-aoa$0,1606461640.928726,04:d6:aa:c1:38:97,2,1,1,0,128,894,35,994,344,824,25,557,935,583,336,623,833,233,930,646,627,213,232,741,890,148,464,615,277,974,529,872,20,255,459,1000,250,99,128,95,133,97,94,68,95,152,117,124,124,133,125,73,105,102,119,131,93,99,75,73,105,79,96,71,97,117,113,98,82
[ 41.354342] wil6210-aoa$0,1606461640.962250,04:d6:aa:c1:38:97,2,1,1,0,128,896,26,11,345,750,1001,542,880,26,98,678,855,252,939,626,646,744,410,716,868,176,441,664,310,963,548,848,990,272,446,477,671,87,123,85,114,84,81,58,84,128,98,108,109,119,106,60,91,92,104,110,80,84,64,63,86,71,84,60,84,101,98,87,67
[ 41.387804] wil6210-aoa$0,1606461640.995713,04:d6:aa:c1:38:97,2,1,1,0,128,1008,56,909,273,788,951,24,744,611,335,590,823,217,910,736,657,696,403,725,873,165,483,669,331,1007,594,885,1018,235,433,766,955,86,122,83,116,82,75,56,82,130,93,103,100,115,102,55,88,85,102,109,78,81,57,60,84,65,77,57,81,95,91,79,63
[ 41.414431] wil6210-aoa$0,1606461641.022346,04:d6:aa:c1:38:97,2,1,1,0,128,952,20,418,123,745,1005,575,929,544,288,659,906,187,891,660,681,763,463,737,841,96,390,169,141,988,579,848,1009,664,182,302,642,98,140,99,131,97,91,62,95,130,112,117,120,132,120,69,98,95,120,127,89,93,68,66,95,70,86,65,89,104,105,85,73
[ 41.443637] wil6210-aoa$0,1606461641.051547,04:d6:aa:c1:38:97,2,1,1,0,128,923,8,15,368,804,980,65,756,572,300,69,658,197,889,674,598,716,387,707,858,148,470,675,345,1000,565,885,1008,166,368,659,900,99,132,97,129,97,89,66,95,146,110,118,124,127,122,71,103,102,115,127,92,98,71,71,97,80,97,70,93,114,112,94,77
[ 41.489560] wil6210-aoa$0,1606461641.097467,04:d6:aa:c1:38:97,2,1,1,0,128,1009,38,997,343,829,1005,523,904,587,292,583,839,170,865,648,646,777,449,770,888,151,430,682,377,1004,595,856,1015,223,438,745,4,103,129,99,139,101,92,72,103,144,118,125,127,135,128,70,106,103,124,135,98,99,76,72,106,83,95,73,98,122,119,102,77
[ 41.523310] wil6210-aoa$0,1606461641.131223,04:d6:aa:c1:38:97,2,1,1,0,128,943,11,958,316,800,1004,541,926,579,334,590,819,223,916,705,650,777,488,659,880,194,495,656,351,1023,644,924,37,224,435,141,466,91,127,86,120,88,80,60,87,127,101,107,112,119,106,61,91,94,105,118,84,86,64,63,90,69,83,62,84,99,98,86,68
[ 41.553645] wil6210-aoa$0,1606461641.161553,04:d6:aa:c1:38:97,2,1,1,0,128,937,69,998,306,827,12,562,945,564,358,591,846,165,900,755,706,761,439,753,888,157,491,721,364,999,557,922,55,240,423,114,256,89,131,86,121,88,80,59,87,151,101,107,112,120,112,60,91,88,105,116,82,86,62,64,90,64,82,60,84,98,96,83,67
[ 41.585861] wil6210-aoa$0,1606461641.193776,04:d6:aa:c1:38:97,2,1,1,0,128,964,33,935,344,790,951,532,910,592,349,604,856,194,887,678,649,729,451,740,900,175,486,660,329,994,611,852,9,304,461,62,243,100,134,99,135,95,88,66,98,133,113,125,127,127,122,72,104,102,118,127,91,100,72,71,102,80,95,72,96,117,115,102,81
[ 41.616566] wil6210-aoa$0,1606461641.224475,04:d6:aa:c1:38:97,2,1,1,0,128,878,971,988,310,813,1001,533,911,49,128,568,819,230,876,104,422,762,445,689,815,193,487,601,268,403,397,302,836,709,224,810,51,99,141,95,133,96,88,65,95,164,112,114,118,127,116,66,101,96,119,128,90,95,67,68,92,69,85,67,86,108,106,87,70
[ 41.643819] wil6210-aoa$0,1606461641.251732,04:d6:aa:c1:38:97,2,1,1,0,128,954,62,995,347,791,1000,545,906,621,359,633,862,214,887,647,632,705,370,738,843,218,501,648,326,71,610,826,999,285,445,941,145,99,140,97,127,96,92,66,98,164,116,120,125,133,122,74,105,103,115,129,93,100,77,72,102,84,97,70,102,117,115,105,80
[ 41.671320] wil6210-aoa$0,1606461641.279233,04:d6:aa:c1:38:97,2,1,1,0,128,930,14,411,121,764,984,579,932,568,326,603,850,217,926,659,632,834,480,736,830,178,437,673,363,975,580,874,23,263,399,859,78,99,137,97,129,97,91,64,98,148,115,121,124,132,118,72,101,101,119,127,92,97,74,68,102,78,94,70,98,118,108,99,76
[ 41.702943] wil6210-aoa$0,1606461641.310851,04:d6:aa:c1:38:97,2,1,1,0,128,988,48,961,326,738,977,596,956,574,353,625,814,220,912,677,610,165,183,734,879,177,466,669,346,955,561,876,1023,279,460,908,157,102,136,96,132,95,91,68,93,148,115,120,126,133,123,70,107,105,115,127,92,98,74,73,104,87,99,70,97,122,116,101,81
[ 41.735570] wil6210-aoa$0,1606461641.343486,04:d6:aa:c1:38:97,2,1,1,0,128,928,31,959,311,778,996,570,945,564,306,657,862,169,840,698,670,797,425,726,848,152,439,608,274,1006,591,862,1003,216,438,121,340,97,138,95,130,98,92,66,94,132,110,116,123,132,121,69,100,103,119,124,90,95,70,68,101,73,90,68,96,113,110,96,76
[ 41.768291] wil6210-aoa$0,1606461641.376201,04:d6:aa:c1:38:97,2,1,1,0,128,898,45,948,275,801,972,576,916,527,262,608,804,184,886,726,688,743,424,734,883,191,498,630,339,1008,609,847,14,287,463,279,458,99,136,101,129,99,89,65,93,129,111,123,124,133,120,70,102,100,120,128,90,97,72,69,101,77,93,67,97,116,111,97,75
[ 41.800553] wil6210-aoa$0,1606461641.408465,04:d6:aa:c1:38:97,2,1,1,0,128,930,93,1017,392,824,19,565,958,552,318,672,861,181,872,730,692,786,425,811,949,159,480,723,386,939,521,859,1021,264,448,254,418,96,136,98,130,98,87,65,95,133,111,118,120,134,120,67,102,101,117,128,91,93,74,72,100,71,94,67,96,114,107,93,76
[ 41.833905] wil6210-aoa$0,1606461641.441818,04:d6:aa:c1:38:97,2,1,1,0,128,895,1,1006,343,767,946,550,973,540,322,693,881,227,920,661,642,683,435,756,887,159,499,680,342,40,610,872,48,292,493,668,789,100,140,92,127,96,88,63,93,163,112,117,121,132,118,67,102,100,116,127,91,94,70,68,100,75,89,67,95,109,106,90,71
[ 41.862483] wil6210-aoa$0,1606461641.470392,04:d6:aa:c1:38:97,2,1,1,0,128,988,42,1013,340,796,986,608,983,589,343,638,844,204,925,693,650,674,364,683,815,105,343,649,333,50,612,827,989,320,482,79,319,98,132,94,131,96,90,67,96,159,111,119,123,133,119,69,98,102,119,125,91,97,74,69,98,77,96,67,97,112,113,92,77
[ 41.897300] wil6210-aoa$0,1606461641.505209,04:d6:aa:c1:38:97,2,1,1,0,128,335,809,487,150,735,949,636,917,545,336,633,863,167,850,711,655,743,450,667,800,173,443,645,304,28,617,816,1008,277,450,817,43,87,128,84,118,88,78,56,85,142,97,100,104,118,103,55,88,84,105,111,78,82,57,58,80,61,77,58,77,90,88,72,59
[ 41.925808] wil6210-aoa$0,1606461641.533718,04:d6:aa:c1:38:97,2,1,1,0,128,432,884,1011,339,813,1002,595,979,569,309,666,897,103,839,677,636,775,444,729,870,625,293,665,342,960,546,313,837,273,437,974,117,103,142,99,132,98,92,67,99,169,115,126,126,129,121,75,110,103,121,131,96,102,76,73,103,83,99,73,97,117,115,106,81
[ 41.960983] wil6210-aoa$0,1606461641.568896,04:d6:aa:c1:38:97,2,1,1,0,128,972,1011,983,311,814,13,579,926,569,315,563,785,211,893,654,624,778,488,761,862,120,456,626,266,1003,571,326,804,226,421,184,492,91,130,87,122,87,80,59,88,129,104,107,114,122,111,63,92,90,107,119,86,89,68,62,92,70,87,64,89,102,101,90,73
[ 41.991034] wil6210-aoa$0,1606461641.598942,04:d6:aa:c1:38:97,2,1,1,0,128,919,17,1000,336,850,9,591,898,537,314,22,636,647,717,689,630,696,405,206,657,122,448,655,367,959,560,859,1020,707,224,524,707,87,121,87,114,85,80,58,87,128,98,107,108,119,107,61,89,88,101,114,78,84,62,61,84,64,82,59,80,98,94,83,67
[ 42.024034] wil6210-aoa$0,1606461641.631946,04:d6:aa:c1:38:97,2,1,1,0,128,940,37,970,331,781,1010,531,911,540,341,636,816,226,953,665,627,776,445,761,892,188,460,709,349,46,632,835,999,291,448,193,418,103,137,96,130,96,93,67,96,131,117,120,123,132,121,72,103,100,118,126,92,98,75,70,102,80,98,66,94,117,114,97,78
[ 42.055354] wil6210-aoa$0,1606461641.663262,04:d6:aa:c1:38:97,2,1,1,0,128,895,25,414,104,802,1001,531,889,674,354,593,874,176,909,672,663,724,459,183,672,676,249,84,129,1000,573,365,833,735,222,89,371,100,128,92,126,98,91,69,92,135,116,121,125,128,121,73,105,100,115,129,92,101,74,70,102,82,94,68,94,115,108,99,71
[ 42.090639] wil6210-aoa$0,1606461641.698548,04:d6:aa:c1:38:97,2,1,1,0,128,922,0,985,341,808,995,513,901,538,300,58,638,638,690,130,476,703,423,717,883,175,524,636,330,10,589,892,17,228,451,927,116,98,132,96,129,98,91,67,96,127,109,126,124,132,123,75,105,104,117,129,93,99,75,73,100,81,98,73,96,119,118,106,81
[ 42.125651] wil6210-aoa$0,1606461641.733560,04:d6:aa:c1:38:97,2,1,1,0,128,940,31,962,322,815,1016,602,940,586,314,588,840,194,901,657,619,693,384,140,640,194,453,670,341,989,564,848,1006,730,240,284,667,87,123,84,115,83,78,57,86,129,101,104,104,116,103,57,86,85,106,108,79,81,63,61,85,65,83,60,81,98,97,83,65
[ 42.155187] wil6210-aoa$0,1606461641.763098,04:d6:aa:c1:38:97,2,1,1,0,128,945,39,1004,379,831,12,583,923,518,292,655,844,187,872,718,674,764,438,779,890,160,456,678,323,995,568,923,46,246,440,179,345,96,129,98,133,98,91,62,93,162,115,112,113,131,116,66,98,95,117,124,86,94,65,69,95,70,85,65,87,104,100,88,73
[ 42.189943] wil6210-aoa$0,1606461641.797852,04:d6:aa:c1:38:97,2,1,1,0,128,912,6,984,370,806,1000,551,967,588,369,705,915,194,890,760,696,752,441,774,896,199,495,671,344,964,526,888,13,184,387,757,987,85,121,82,109,84,77,55,82,141,96,103,106,116,102,59,89,86,101,112,80,82,60,62,87,66,80,58,84,95,92,83,65
[ 42.220918] wil6210-aoa$0,1606461641.828831,04:d6:aa:c1:38:97,2,1,1,0,128,376,836,449,166,785,981,45,745,533,295,636,852,224,897,643,613,716,371,784,906,126,412,682,335,1019,604,902,27,252,458,790,1016,93,128,94,128,91,88,64,98,129,106,111,117,127,116,63,94,97,119,124,87,93,66,66,92,70,86,61,85,101,98,82,63
[ 42.253718] wil6210-aoa$0,1606461641.861634,04:d6:aa:c1:38:97,2,1,1,0,128,916,25,0,354,815,2,541,941,555,336,609,823,274,915,654,610,224,252,734,871,156,458,116,133,59,612,894,24,227,506,190,427,94,135,96,128,95,92,64,94,152,113,117,123,131,117,64,97,102,117,126,90,95,71,69,96,74,92,65,96,109,111,89,73
[ 42.283702] wil6210-aoa$0,1606461641.891611,04:d6:aa:c1:38:97,2,1,1,0,128,965,31,962,332,778,969,635,944,534,305,655,897,221,906,679,634,833,503,689,865,146,455,667,312,962,533,874,21,326,449,604,877,103,142,98,132,98,92,67,95,129,111,121,126,135,124,70,104,103,123,129,92,99,75,73,100,80,96,72,97,117,117,102,77
[ 42.317806] wil6210-aoa$0,1606461641.925720,04:d6:aa:c1:38:97,2,1,1,0,128,939,32,1021,340,782,1012,663,975,623,377,580,803,205,910,615,586,197,261,710,858,172,487,637,290,978,548,868,988,218,405,882,48,88,122,88,115,89,80,58,88,127,101,108,112,119,106,61,93,91,106,116,80,89,65,65,90,72,86,61,86,104,104,92,71
[ 42.349534] wil6210-aoa$0,1606461641.957442,04:d6:aa:c1:38:97,2,1,1,0,128,893,1022,1006,342,790,995,526,871,581,307,632,850,219,904,738,657,759,434,754,894,182,459,657,327,1004,563,801,968,244,412,190,452,101,128,99,137,99,94,67,97,163,112,118,124,129,122,67,104,101,119,129,93,98,70,70,100,77,90,66,95,107,105,89,69
[ 42.378753] wil6210-aoa$0,1606461641.986662,04:d6:aa:c1:38:97,2,1,1,0,128,923,15,971,342,824,988,528,901,563,308,686,887,201,935,703,657,752,435,739,868,127,414,126,123,479,379,837,991,242,435,526,774,101,135,97,130,97,92,65,96,151,112,121,128,130,122,72,103,103,116,129,92,100,74,71,104,81,96,68,97,117,117,102,81
[ 42.414704] wil6210-aoa$0,1606461642.022612,04:d6:aa:c1:38:97,2,1,1,0,128,915,16,953,285,801,995,588,929,588,355,649,819,198,893,719,674,672,379,789,911,157,478,745,373,60,632,856,1013,271,455,170,357,99,136,94,129,100,92,67,98,163,114,120,121,134,122,67,102,98,120,127,89,97,70,72,97,75,95,69,96,106,106,99,77
[ 42.449945] wil6210-aoa$0,1606461642.057853,04:d6:aa:c1:38:97,2,1,1,0,128,430,906,982,323,778,967,567,900,21,123,625,836,203,919,653,572,752,425,717,854,121,408,101,116,537,416,857,23,269,490,272,466,98,128,95,128,95,89,65,94,142,108,117,118,128,116,63,98,94,116,124,89,93,67,66,95,70,85,66,87,103,103,86,71
[ 42.484852] wil6210-aoa$0,1606461642.092759,04:d6:aa:c1:38:97,2,1,1,0,128,991,57,995,379,798,982,76,728,521,313,640,821,212,851,671,645,756,412,751,870,139,455,608,308,976,547,831,997,211,410,279,586,98,136,97,130,97,93,66,97,127,113,121,120,133,118,74,102,104,119,127,90,100,69,71,99,81,95,69,95,114,113,97,77
[ 42.519976] wil6210-aoa$0,1606461642.127884,04:d6:aa:c1:38:97,2,1,1,0,128,931,21,979,314,785,944,594,928,501,288,578,829,169,869,707,667,781,453,735,877,142,431,694,345,51,620,857,1019,308,467,138,340,99,137,91,131,96,90,65,96,153,115,117,123,131,115,68,98,94,115,126,92,93,69,69,98,77,88,67,92,111,108,91,72
[ 42.548332] wil6210-aoa$0,1606461642.156239,04:d6:aa:c1:38:97,2,1,1,0,128,905,2,443,131,781,1007,537,941,620,390,582,841,105,841,744,692,756,415,699,874,162,466,656,326,984,570,283,821,272,438,585,917,99,131,97,131,93,88,65,97,129,111,115,121,129,119,68,102,98,114,125,87,96,70,67,98,79,94,69,90,111,104,92,75
[ 42.583637] wil6210-aoa$0,1606461642.191545,04:d6:aa:c1:38:97,2,1,1,0,128,1018,83,964,318,778,1007,550,933,558,308,624,812,170,838,746,670,691,387,740,846,161,467,656,342,982,542,269,793,222,419,125,369,86,121,82,114,85,80,58,83,127,99,108,109,118,108,63,89,89,101,112,80,86,64,64,89,69,84,62,85,106,99,87,68
[ 42.619606] wil6210-aoa$0,1606461642.227514,04:d6:aa:c1:38:97,2,1,1,0,128,903,1017,1009,344,829,986,599,944,530,281,676,885,192,852,710,650,713,400,789,885,213,495,645,315,995,556,831,1021,265,427,70,185,98,129,91,131,97,88,63,96,160,110,117,122,129,121,68,97,98,119,124,88,95,73,70,97,72,89,69,94,108,105,88,74
[ 42.653726] wil6210-aoa$0,1606461642.261640,04:d6:aa:c1:38:97,2,1,1,0,128,925,19,961,352,817,1012,587,940,607,350,601,815,166,871,735,672,728,385,724,839,183,481,590,275,8,622,923,1021,272,460,624,828,96,138,95,131,94,90,63,95,129,106,113,118,129,118,62,96,94,118,124,85,91,68,68,93,70,90,66,90,101,100,83,68
[ 42.685732] wil6210-aoa$0,1606461642.293640,04:d6:aa:c1:38:97,2,1,1,0,128,1011,82,975,331,834,20,553,923,563,343,603,851,722,701,147,457,212,257,664,859,618,250,673,330,1020,601,818,977,283,440,495,702,100,129,97,133,98,90,69,97,141,112,119,121,130,121,72,104,98,116,125,91,97,76,71,101,76,94,68,97,119,113,100,78
[ 42.722171] wil6210-aoa$0,1606461642.330078,04:d6:aa:c1:38:97,2,1,1,0,128,925,0,951,285,782,995,529,948,531,290,678,878,178,855,703,710,705,404,741,885,133,464,669,310,962,522,827,1012,244,382,42,375,102,134,100,131,97,93,66,97,128,115,120,127,134,118,66,100,101,120,130,94,98,70,69,102,76,94,68,91,115,111,93,74
[ 42.757892] wil6210-aoa$0,1606461642.365800,04:d6:aa:c1:38:97,2,1,1,0,128,859,0,980,327,758,989,610,966,511,287,579,825,180,890,684,636,193,194,770,888,192,473,668,344,5,590,915,24,254,450,29,288,88,126,88,118,87,80,59,85,140,99,104,108,120,103,60,90,87,106,112,80,85,63,61,87,66,79,58,81,96,90,80,66
[ 42.793067] wil6210-aoa$0,1606461642.400973,04:d6:aa:c1:38:97,2,1,1,0,128,382,861,956,280,265,836,601,971,609,354,657,895,223,928,743,714,749,458,189,680,630,252,647,313,433,376,317,837,685,197,151,401,85,125,85,117,83,78,58,85,139,95,102,108,117,106,60,86,86,104,114,79,83,60,61,86,63,78,58,80,93,92,76,62
[ 42.828381] wil6210-aoa$0,1606461642.436289,04:d6:aa:c1:38:97,2,1,1,0,128,942,1018,990,337,771,1009,562,926,586,316,620,851,189,869,709,655,739,438,713,878,159,459,702,330,934,518,918,2,198,431,379,695,87,120,84,117,85,77,55,84,137,97,107,105,115,105,59,87,87,101,114,82,85,62,59,85,64,79,58,81,94,94,79,63
[ 42.863974] wil6210-aoa$0,1606461642.471882,04:d6:aa:c1:38:97,2,1,1,0,128,903,0,1015,359,824,16,508,909,669,427,677,888,260,935,699,684,709,413,719,849,150,454,669,348,21,563,303,842,239,418,877,84,97,135,97,127,96,92,68,97,129,114,119,125,134,123,71,104,101,119,127,95,97,74,71,100,79,98,69,99,117,115,101,79
[ 42.899881] wil6210-aoa$0,1606461642.507793,04:d6:aa:c1:38:97,2,1,1,0,128,910,1022,963,316,802,1004,527,891,24,168,588,829,212,891,675,664,147,190,743,885,122,436,124,121,496,402,827,1009,323,469,780,72,99,132,98,135,98,88,66,96,129,110,121,126,132,121,71,101,100,118,128,93,94,71,69,100,72,92,65,91,108,107,92,70
[ 42.931152] wil6210-aoa$0,1606461642.539061,04:d6:aa:c1:38:97,2,1,1,0,128,980,43,904,291,874,46,536,900,600,358,583,799,236,900,693,603,747,431,792,907,154,429,667,330,1012,557,846,1000,692,210,969,218,101,134,93,129,99,92,68,97,138,115,121,124,129,123,71,104,105,116,124,93,98,73,73,102,78,96,71,93,117,115,102,80
[ 42.966095] wil6210-aoa$0,1606461642.574008,04:d6:aa:c1:38:97,2,1,1,0,128,1015,52,931,307,774,974,609,944,618,313,652,839,150,858,722,690,777,414,789,918,117,444,679,315,981,572,783,948,215,387,145,294,95,131,94,127,94,88,62,92,158,108,115,118,128,114,65,95,94,118,119,85,86,63,67,90,68,81,58,82,97,92,74,63
[ 42.997692] wil6210-aoa$0,1606461642.605600,04:d6:aa:c1:38:97,2,1,1,0,128,438,899,944,314,772,1,602,934,575,328,666,870,141,864,104,429,791,475,734,804,649,240,698,301,993,590,869,1016,210,413,394,591,99,128,98,129,95,88,63,95,161,107,116,121,130,119,66,100,96,120,128,90,93,68,67,98,72,92,64,92,109,107,89,73
[ 43.031290] wil6210-aoa$0,1606461642.639201,04:d6:aa:c1:38:97,2,1,1,0,128,908,30,1015,378,775,991,559,930,617,371,657,878,133,879,708,695,716,432,799,966,123,440,708,374,63,632,926,41,299,479,1016,191,99,136,97,127,96,92,68,97,134,117,121,124,134,116,73,103,102,116,130,94,98,71,72,103,80,97,69,97,115,112,101,77
[ 43.064883] wil6210-aoa$0,1606461642.672796,04:d6:aa:c1:38:97,2,1,1,0,128,903,20,982,342,784,7,541,913,610,311,604,807,166,856,702,627,723,431,691,881,655,252,691,349,924,525,810,986,253,459,75,206,101,135,94,129,96,89,68,94,149,112,121,123,136,117,73,102,99,116,125,92,96,74,70,96,75,93,67,92,110,110,93,76
[ 43.094791] wil6210-aoa$0,1606461642.702699,04:d6:aa:c1:38:97,2,1,1,0,128,369,856,479,175,803,1001,585,927,551,334,616,816,177,870,103,403,168,213,217,677,157,451,704,364,978,553,903,1021,723,259,668,994,100,135,96,127,95,90,66,93,152,114,122,128,140,122,73,103,103,121,129,90,96,75,71,100,83,95,69,99,115,112,99,82
[ 43.131226] wil6210-aoa$0,1606461642.739134,04:d6:aa:c1:38:97,2,1,1,0,128,884,18,943,346,784,996,592,964,545,321,635,855,122,862,730,643,689,367,757,878,192,546,662,320,1003,585,838,1023,263,492,938,48,89,124,87,120,88,82,60,88,129,100,107,103,120,108,60,87,90,105,113,80,85,63,63,85,64,81,57,80,99,95,79,62
[ 43.167281] wil6210-aoa$0,1606461642.775188,04:d6:aa:c1:38:97,2,1,1,0,128,886,17,996,325,781,990,27,703,22,132,60,625,215,902,740,668,745,451,780,903,191,496,660,337,36,608,888,1014,300,485,432,692,92,124,87,120,84,83,58,87,132,104,111,109,120,111,65,93,92,105,115,85,86,67,62,93,73,86,62,85,105,103,88,70
[ 43.199338] wil6210-aoa$0,1606461642.807246,04:d6:aa:c1:38:97,2,1,1,0,128,934,41,996,350,796,17,549,931,606,333,654,856,153,849,168,496,762,436,779,912,162,488,654,284,1001,559,892,27,207,425,110,276,105,148,97,129,101,92,66,98,130,118,123,123,132,124,71,107,104,123,132,98,100,76,72,107,81,99,77,98,118,114,101,83
[ 43.234276] wil6210-aoa$0,1606461642.842190,04:d6:aa:c1:38:97,2,1,1,0,128,328,847,399,132,796,998,12,735,572,321,642,853,179,884,724,667,728,416,705,853,235,466,646,311,1021,553,881,9,240,431,757,994,85,125,81,115,82,79,56,85,127,94,101,107,115,103,56,85,83,103,110,78,82,61,57,83,63,80,54,77,90,95,77,59
[ 43.266142] wil6210-aoa$0,1606461642.874051,04:d6:aa:c1:38:97,2,1,1,0,128,901,8,27,343,801,997,529,902,20,143,628,817,237,926,704,646,775,458,646,816,131,460,633,303,15,605,835,0,707,239,525,721,98,140,96,130,92,92,66,96,152,113,117,120,127,119,67,102,102,119,126,91,97,70,68,97,73,89,62,90,110,104,86,70
[ 43.302025] wil6210-aoa$0,1606461642.909933,04:d6:aa:c1:38:97,2,1,1,0,128,956,34,945,305,771,1010,506,893,595,334,611,848,200,911,645,633,723,381,719,857,257,543,664,309,1009,597,841,15,236,403,965,193,95,128,94,132,94,87,65,94,127,108,118,123,128,118,61,96,96,117,123,87,93,67,67,93,68,87,64,86,105,100,80,67
[ 43.338470] wil6210-aoa$0,1606461642.946377,04:d6:aa:c1:38:97,2,1,1,0,128,923,30,984,331,788,1001,485,852,15,124,617,818,642,670,683,655,146,222,810,866,166,421,105,63,504,409,835,1002,681,223,243,495,97,139,95,127,94,90,63,95,128,111,118,114,128,118,65,94,96,117,121,84,93,66,67,91,71,87,63,88,107,101,81,65
[ 43.374682] wil6210-aoa$0,1606461642.982595,04:d6:aa:c1:38:97,2,1,1,0,128,888,11,988,342,820,1020,618,968,567,302,629,869,205,916,692,667,763,435,795,866,234,515,618,293,993,573,864,2,306,489,272,427,98,135,93,129,96,90,62,92,129,107,114,120,135,119,65,100,95,115,126,88,94,67,72,100,72,89,67,94,111,106,91,76
[ 43.405524] wil6210-aoa$0,1606461643.013432,04:d6:aa:c1:38:97,2,1,1,0,128,365,879,457,156,289,852,539,898,587,310,654,883,196,901,708,650,756,441,672,817,632,277,129,112,54,597,830,1002,221,426,285,520,98,133,92,129,95,85,60,96,137,112,119,118,129,116,64,102,94,117,126,90,93,69,70,95,75,86,66,88,112,112,89,72
[ 43.442398] wil6210-aoa$0,1606461643.050306,04:d6:aa:c1:38:97,2,1,1,0,128,429,882,421,122,787,1000,980,679,575,288,56,645,646,711,700,636,706,376,666,827,649,271,112,119,439,374,320,807,707,201,837,130,98,132,93,131,95,90,64,89,145,112,122,122,127,120,69,106,100,116,127,92,96,72,74,103,80,97,72,98,116,111,99,75
[ 43.478967] wil6210-aoa$0,1606461643.086876,04:d6:aa:c1:38:97,2,1,1,0,128,952,36,991,323,816,31,523,902,500,282,665,845,208,873,658,594,739,454,757,843,158,447,701,373,999,569,796,975,306,470,691,844,100,135,90,127,96,90,65,94,163,113,118,119,127,115,70,100,99,117,124,89,94,69,65,96,76,93,64,92,106,107,92,75
[ 43.511760] wil6210-aoa$0,1606461643.119675,04:d6:aa:c1:38:97,2,1,1,0,128,14,85,968,342,792,994,515,896,621,368,683,869,200,894,724,684,783,454,786,913,175,498,597,277,482,396,865,8,231,392,265,462,97,142,97,128,95,89,66,97,162,114,123,125,133,119,68,102,99,118,125,89,96,70,71,98,80,92,66,93,112,112,89,73
[ 43.540191] wil6210-aoa$0,1606461643.148099,04:d6:aa:c1:38:97,2,1,1,0,128,993,52,958,313,758,986,546,952,574,355,668,876,129,897,721,671,739,378,720,844,199,453,663,320,1011,586,787,975,294,445,218,423,101,129,100,128,96,88,64,95,132,111,114,117,128,116,65,99,99,121,128,89,94,71,68,96,71,87,65,89,106,107,88,71
[ 43.572741] wil6210-aoa$0,1606461643.180654,04:d6:aa:c1:38:97,2,1,1,0,128,959,35,992,330,831,1022,543,925,596,352,615,824,135,871,714,669,787,468,746,862,125,438,658,338,966,552,838,995,277,431,541,705,85,124,85,120,84,78,56,85,141,95,103,105,119,104,56,89,86,104,112,78,85,63,61,84,63,78,54,80,93,90,75,62
[ 43.609005] wil6210-aoa$0,1606461643.216913,04:d6:aa:c1:38:97,2,1,1,0,128,420,887,995,326,823,992,535,882,592,316,599,804,240,944,650,637,734,415,761,893,223,515,655,300,18,581,871,1004,231,442,449,691,87,126,87,120,84,80,56,88,146,101,104,108,118,106,60,89,88,106,115,81,82,63,64,87,66,80,59,86,98,99,83,65
[ 43.645365] wil6210-aoa$0,1606461643.253278,04:d6:aa:c1:38:97,2,1,1,0,128,923,34,938,306,817,26,512,887,13,138,678,845,216,893,742,674,718,423,790,925,109,416,689,335,38,649,887,17,241,441,663,900,100,130,97,130,94,89,65,94,142,116,117,123,136,119,66,100,100,117,125,90,93,70,67,97,74,90,64,89,106,108,86,67
[ 43.675915] wil6210-aoa$0,1606461643.283822,04:d6:aa:c1:38:97,2,1,1,0,128,930,1022,987,319,853,18,545,903,556,301,664,879,94,833,744,688,712,410,739,853,187,483,693,331,972,573,844,1023,284,471,249,448,100,138,97,132,96,92,65,95,160,110,117,121,132,120,70,100,100,116,127,89,96,73,69,104,75,92,68,88,113,105,92,74
[ 43.712957] wil6210-aoa$0,1606461643.320864,04:d6:aa:c1:38:97,2,1,1,0,128,365,831,430,143,773,978,591,937,19,126,621,828,177,893,670,634,167,190,687,832,227,488,609,270,460,395,293,823,732,231,649,987,99,130,96,134,98,92,64,95,134,115,119,125,128,121,71,103,101,119,128,92,96,70,70,100,79,94,70,98,114,110,98,80
[ 43.749405] wil6210-aoa$0,1606461643.357316,04:d6:aa:c1:38:97,2,1,1,0,128,944,38,970,335,803,1012,567,920,585,359,580,839,191,892,697,650,684,407,732,859,178,467,696,335,966,541,865,1021,263,452,233,292,99,134,95,131,96,89,65,95,137,112,120,121,127,121,68,99,100,117,124,92,97,72,69,100,77,92,67,93,115,110,95,74
[ 43.778341] wil6210-aoa$0,1606461643.386254,04:d6:aa:c1:38:97,2,1,1,0,128,931,1014,977,319,788,1008,634,957,615,385,636,830,191,885,684,661,717,410,693,833,151,456,701,333,1004,586,880,979,262,412,182,438,96,128,92,129,95,90,64,95,162,113,123,123,132,118,73,102,100,116,127,90,97,73,72,100,79,96,72,98,117,110,101,78
[ 43.813723] wil6210-aoa$0,1606461643.421631,04:d6:aa:c1:38:97,2,1,1,0,128,987,76,956,357,809,1001,547,926,625,401,619,861,153,867,719,684,721,455,687,817,181,442,733,357,25,633,853,16,289,456,580,838,98,134,96,128,98,92,65,95,132,115,123,124,130,119,74,99,104,118,126,92,98,73,68,102,82,94,72,97,119,114,97,79
[ 43.851376] wil6210-aoa$0,1606461643.459289,04:d6:aa:c1:38:97,2,1,1,0,128,888,987,461,154,775,994,593,906,580,314,670,843,124,808,692,620,741,437,742,855,175,464,663,315,1018,578,830,973,688,231,487,746,95,135,95,128,95,90,66,97,146,111,118,120,128,121,70,103,101,116,127,88,96,73,69,98,77,94,70,97,117,111,100,78
[ 43.880643] wil6210-aoa$0,1606461643.488554,04:d6:aa:c1:38:97,2,1,1,0,128,439,878,427,141,821,1018,548,910,601,342,624,849,184,875,652,660,682,358,782,900,114,454,664,289,958,491,809,1014,737,249,21,266,97,141,94,132,95,89,66,91,155,109,115,119,131,116,65,99,98,117,124,90,90,68,67,97,75,88,62,87,110,108,90,70
[ 43.914775] wil6210-aoa$0,1606461643.522688,04:d6:aa:c1:38:97,2,1,1,0,128,925,1,414,149,831,1007,581,938,652,382,591,797,201,897,638,575,821,426,829,911,195,457,653,281,1012,563,892,14,248,480,828,969,97,132,97,127,94,89,64,95,132,112,116,121,131,117,67,100,101,116,126,92,95,68,69,99,74,89,65,94,113,112,95,76
[ 43.946120] wil6210-aoa$0,1606461643.554030,04:d6:aa:c1:38:97,2,1,1,0,128,955,50,1013,359,772,982,12,701,545,305,599,889,161,864,671,639,689,400,193,660,171,441,646,355,1011,617,847,1022,272,470,466,667,101,137,94,128,100,92,66,97,159,118,123,127,135,120,73,101,103,118,127,92,100,77,71,100,82,97,72,99,117,114,100,82
[ 43.976252] wil6210-aoa$0,1606461643.584165,04:d6:aa:c1:38:97,2,1,1,0,128,903,19,998,327,803,16,601,968,627,361,680,879,171,902,718,723,763,476,736,887,162,469,665,320,1023,597,845,6,246,458,665,852,99,144,102,134,102,90,67,96,136,115,122,124,133,122,72,103,103,120,128,93,95,73,70,100,78,93,72,96,112,111,94,75
[ 44.007803] wil6210-aoa$0,1606461643.615710,04:d6:aa:c1:38:97,2,1,1,0,128,991,62,999,313,839,1017,577,903,522,303,672,893,188,893,739,676,745,444,663,821,635,306,663,344,40,586,828,988,250,438,421,664,100,127,95,138,100,91,65,96,128,115,122,127,135,121,67,95,101,119,129,93,93,70,69,99,74,91,67,94,108,107,87,71
[ 44.043542] wil6210-aoa$0,1606461643.651458,04:d6:aa:c1:38:97,2,1,1,0,128,961,17,979,348,797,1005,590,937,589,305,587,807,188,875,705,671,756,445,708,862,148,439,719,377,977,619,788,983,292,419,815,29,98,139,98,128,96,90,66,93,161,114,115,121,129,119,70,103,98,118,126,93,97,70,71,100,77,98,67,93,114,113,98,78
[ 44.077241] wil6210-aoa$0,1606461643.685149,04:d6:aa:c1:38:97,2,1,1,0,128,904,7,973,311,863,22,569,955,636,364,639,862,200,898,657,605,778,452,706,831,215,456,667,315,988,566,834,980,305,471,805,969,99,129,93,127,95,88,60,95,127,107,113,119,128,118,63,98,97,116,122,88,89,66,65,94,74,85,64,86,103,99,80,66
[ 44.106009] wil6210-aoa$0,1606461643.713922,04:d6:aa:c1:38:97,2,1,1,0,128,916,36,978,325,821,1014,546,911,602,346,617,856,211,910,641,568,763,439,733,846,173,435,665,288,5,592,810,981,258,400,292,516,96,135,96,127,95,93,64,96,147,113,117,119,134,119,68,100,100,117,125,92,94,67,67,98,74,92,64,93,111,108,90,72
[ 44.138507] wil6210-aoa$0,1606461643.746414,04:d6:aa:c1:38:97,2,1,1,0,128,922,29,952,323,818,1007,597,953,633,338,644,847,169,856,766,676,841,464,790,889,88,430,642,314,3,561,842,986,274,457,301,504,100,131,97,129,94,92,64,96,164,115,120,121,135,115,71,102,103,116,125,91,96,70,68,102,75,91,67,93,112,109,99,77
[ 44.173462] wil6210-aoa$0,1606461643.781377,04:d6:aa:c1:38:97,2,1,1,0,128,367,841,430,126,241,841,1019,731,10,115,594,805,675,688,688,632,216,249,749,883,170,484,631,312,999,623,845,1011,257,430,975,214,96,127,95,128,98,89,63,95,150,109,114,118,129,117,66,101,94,118,123,87,94,68,65,94,77,92,66,90,109,104,89,72
[ 44.202301] wil6210-aoa$0,1606461643.810214,04:d6:aa:c1:38:97,2,1,1,0,128,979,19,989,310,801,1015,585,936,599,341,677,858,187,890,702,690,690,379,737,862,179,469,641,318,928,493,860,1022,244,452,794,4,93,130,94,129,94,86,63,94,159,109,113,119,131,118,66,97,97,114,122,87,92,66,66,91,71,86,62,87,106,102,84,66
[ 44.239823] wil6210-aoa$0,1606461643.847732,04:d6:aa:c1:38:97,2,1,1,0,128,407,857,1023,330,769,982,598,905,19,50,160,702,655,664,202,470,145,209,693,805,121,403,95,103,1001,570,881,4,235,461,1005,249,80,118,85,112,83,76,55,83,129,94,100,102,115,101,55,89,81,102,105,74,79,59,58,82,63,78,54,76,90,93,74,58
[ 44.276764] wil6210-aoa$0,1606461643.884673,04:d6:aa:c1:38:97,2,1,1,0,128,942,49,969,341,776,1003,613,939,615,373,619,826,190,887,713,664,745,452,712,820,155,436,656,338,13,589,893,990,259,397,234,554,97,128,90,128,98,90,65,92,130,113,123,125,127,121,71,101,99,117,128,92,95,71,66,100,79,96,68,93,116,115,96,78
[ 44.312936] wil6210-aoa$0,1606461643.920849,04:d6:aa:c1:38:97,2,1,1,0,128,975,34,1009,379,758,1016,573,947,515,299,660,847,178,886,668,611,738,431,754,892,191,485,746,368,53,651,939,26,349,478,58,124,97,132,94,131,95,88,69,96,127,113,117,121,129,116,72,101,98,114,124,89,96,73,72,100,79,94,67,95,118,113,101,78
[ 44.346096] wil6210-aoa$0,1606461643.954006,04:d6:aa:c1:38:97,2,1,1,0,128,971,26,13,393,846,17,526,908,609,360,634,846,188,924,701,665,733,412,763,875,158,414,639,299,984,555,900,12,195,363,299,440,88,122,86,116,84,81,59,84,128,97,107,106,117,106,63,90,89,105,112,82,86,64,64,88,69,84,60,83,100,98,88,68
[ 44.374835] wil6210-aoa$0,1606461643.982749,04:d6:aa:c1:38:97,2,1,1,0,128,441,925,944,310,822,11,585,972,551,308,645,843,702,724,126,447,155,174,156,647,648,292,79,105,449,385,880,1022,776,265,297,531,88,122,85,118,86,80,60,86,139,98,112,114,120,108,63,89,89,104,114,81,88,64,66,90,70,83,61,88,104,101,91,70
[ 44.407359] wil6210-aoa$0,1606461644.015268,04:d6:aa:c1:38:97,2,1,1,0,128,346,828,1013,355,798,1018,52,780,650,361,651,877,190,927,709,635,678,398,750,897,653,275,658,321,979,530,865,5,312,462,255,452,100,128,97,134,99,90,67,97,165,114,122,122,136,121,70,101,102,124,131,94,97,70,73,102,82,94,70,99,113,111,96,78
[ 44.442577] wil6210-aoa$0,1606461644.050492,04:d6:aa:c1:38:97,2,1,1,0,128,884,1014,991,361,802,1010,672,2,617,336,628,834,140,832,697,651,759,434,784,914,131,403,626,293,28,599,875,11,272,480,933,152,89,126,86,121,87,83,57,85,129,103,110,109,118,108,63,90,89,107,116,81,88,65,61,90,69,84,60,82,102,102,84,69
[ 44.476735] wil6210-aoa$0,1606461644.084649,04:d6:aa:c1:38:97,2,1,1,0,128,916,1017,965,328,714,907,30,751,5,121,653,847,221,908,686,674,782,473,726,869,80,377,611,254,19,596,866,17,204,440,220,488,87,120,85,115,84,80,54,81,129,95,101,105,115,106,59,85,85,105,109,79,84,61,61,86,66,79,57,79,96,92,76,61
[ 44.508127] wil6210-aoa$0,1606461644.116037,04:d6:aa:c1:38:97,2,1,1,0,128,959,23,998,368,814,997,550,914,581,324,636,863,209,902,698,626,760,385,784,870,179,500,670,329,959,499,833,971,266,414,107,333,87,119,82,114,83,78,57,84,144,98,106,108,115,106,58,89,88,104,112,79,84,61,62,88,66,84,60,83,101,99,84,69
[ 44.566410] wil6210-aoa$0,1606461644.174322,04:d6:aa:c1:38:97,2,1,1,0,128,929,2,998,306,773,975,15,689,78,189,611,832,172,877,644,625,731,399,179,666,177,418,660,326,983,595,879,1018,276,424,284,642,94,133,91,127,92,89,67,95,137,111,124,124,129,117,74,102,101,117,127,92,94,72,69,101,80,95,70,94,116,114,99,77
[ 44.601630] wil6210-aoa$0,1606461644.209541,04:d6:aa:c1:38:97,2,1,1,0,128,867,11,1002,307,769,982,610,950,592,384,635,826,148,871,643,589,231,279,790,881,177,478,636,337,7,576,895,3,258,429,889,80,85,119,83,114,83,78,55,83,137,95,103,103,113,104,59,86,83,101,108,77,81,60,57,84,65,79,57,76,94,92,81,63
[ 44.634588] wil6210-aoa$0,1606461644.242500,04:d6:aa:c1:38:97,2,1,1,0,128,417,897,939,320,770,1009,532,893,574,316,588,785,183,903,743,678,758,421,684,864,635,237,653,308,915,531,321,850,680,184,591,988,96,127,94,126,93,88,66,94,128,113,118,123,128,117,68,97,99,117,124,90,96,71,68,95,77,93,69,92,112,111,93,77
[ 44.670805] wil6210-aoa$0,1606461644.278713,04:d6:aa:c1:38:97,2,1,1,0,128,958,12,971,313,720,979,612,921,999,105,74,603,697,703,146,480,180,266,715,886,164,485,591,247,398,345,298,825,707,251,41,320,95,133,98,127,95,87,63,92,127,106,116,116,127,116,66,97,97,116,124,87,91,65,68,95,70,88,63,88,106,100,86,68
[ 44.708585] wil6210-aoa$0,1606461644.316498,04:d6:aa:c1:38:97,2,1,1,0,128,396,840,469,144,755,957,555,954,536,298,605,855,629,695,729,698,700,426,738,897,162,459,690,354,943,520,901,1014,253,450,18,309,99,127,95,125,93,89,66,91,158,112,119,124,132,119,69,105,101,113,123,88,98,70,70,101,79,93,63,94,117,113,97,78
[ 44.741254] wil6210-aoa$0,1606461644.349163,04:d6:aa:c1:38:97,2,1,1,0,128,355,831,448,137,763,1003,600,934,596,327,613,821,236,928,700,679,683,385,734,908,152,464,554,253,5,565,859,1015,330,460,974,204,97,128,95,128,96,90,67,95,128,108,120,123,130,115,69,100,95,117,126,88,94,67,69,93,71,94,69,92,112,108,85,68
[ 44.779400] wil6210-aoa$0,1606461644.387307,04:d6:aa:c1:38:97,2,1,1,0,128,374,878,931,292,806,970,36,778,1009,91,37,629,201,877,688,671,706,409,750,857,633,281,691,306,501,405,307,880,676,245,471,757,100,128,99,133,101,94,69,98,138,115,123,123,131,123,71,104,102,121,131,97,96,75,68,100,76,96,68,95,114,112,97,78
[ 44.815582] wil6210-aoa$0,1606461644.423493,04:d6:aa:c1:38:97,2,1,1,0,128,405,852,431,132,304,860,509,851,24,106,602,814,160,877,634,634,218,234,718,862,190,468,632,294,966,575,271,836,266,442,859,151,87,127,83,119,87,82,59,87,127,99,106,110,121,105,62,89,90,107,115,82,86,62,62,88,66,82,61,83,100,99,82,67
[ 44.850109] wil6210-aoa$0,1606461644.458022,04:d6:aa:c1:38:97,2,1,1,0,128,953,30,936,342,788,1012,612,940,625,388,667,896,144,860,656,685,730,410,781,882,135,497,686,359,13,552,257,789,297,485,617,859,88,124,88,119,84,80,57,87,129,100,106,109,118,103,58,93,89,105,111,80,84,61,63,88,66,81,58,82,100,96,79,65
[ 44.882014] wil6210-aoa$0,1606461644.489922,04:d6:aa:c1:38:97,2,1,1,0,128,903,38,931,285,784,971,559,888,19,140,78,675,669,664,184,467,722,405,198,665,689,294,603,267,969,573,342,798,690,204,332,679,96,135,99,128,96,88,63,96,141,111,116,124,127,118,68,103,98,118,126,88,97,71,71,101,77,91,69,93,110,112,97,74
[ 44.918218] wil6210-aoa$0,1606461644.526131,04:d6:aa:c1:38:97,2,1,1,0,128,408,856,40,420,813,986,583,924,619,344,661,836,563,647,681,633,195,198,227,660,153,435,613,288,1020,567,851,978,264,433,786,47,98,135,99,133,96,86,64,95,129,112,118,123,130,120,68,99,98,115,126,89,98,72,68,95,72,92,68,92,115,109,93,73
[ 44.953009] wil6210-aoa$0,1606461644.560918,04:d6:aa:c1:38:97,2,1,1,0,128,950,37,0,404,803,0,553,901,550,318,692,915,195,874,672,656,747,440,759,923,200,506,679,344,1020,574,859,1002,265,413,262,448,100,127,95,128,94,89,64,95,160,113,118,122,133,119,66,97,98,118,127,89,95,68,70,94,76,86,66,88,104,107,84,69
[ 44.990599] wil6210-aoa$0,1606461644.598507,04:d6:aa:c1:38:97,2,1,1,0,128,951,30,973,304,820,988,614,957,547,320,603,819,693,731,741,639,719,448,749,853,188,456,672,307,973,580,327,841,260,445,883,90,88,119,83,115,84,78,57,82,143,99,108,105,118,104,59,88,89,102,110,79,86,64,62,89,71,85,61,83,101,98,84,70
[ 45.020221] wil6210-aoa$0,1606461644.628133,04:d6:aa:c1:38:97,2,1,1,0,128,906,1004,1018,328,808,18,592,945,523,325,638,859,169,847,648,595,738,392,775,898,171,463,683,347,1003,585,860,1007,221,402,438,665,97,136,96,129,96,89,64,92,163,113,116,120,133,118,69,103,101,115,128,93,97,72,69,98,78,92,66,97,114,112,96,76
[ 45.054358] wil6210-aoa$0,1606461644.662267,04:d6:aa:c1:38:97,2,1,1,0,128,416,896,888,224,299,856,36,758,579,367,632,854,159,876,679,625,176,226,219,704,588,256,100,123,505,377,373,870,209,409,668,15,98,135,93,128,97,90,66,95,129,113,116,119,133,118,71,101,99,117,130,92,98,73,70,96,79,95,71,94,112,112,96,72
[ 45.097317] wil6210-aoa$0,1606461644.705230,04:d6:aa:c1:38:97,2,1,1,0,128,999,45,979,341,781,995,581,935,525,320,596,811,166,843,129,469,710,409,742,888,151,453,682,328,1023,548,896,14,206,432,680,863,94,133,93,127,99,90,67,93,156,109,118,122,133,119,71,102,104,115,124,90,100,73,70,102,79,97,66,94,117,114,103,77
[ 45.129433] wil6210-aoa$0,1606461644.737342,04:d6:aa:c1:38:97,2,1,1,0,128,888,1002,1020,347,875,28,484,903,27,99,643,864,189,900,695,678,724,450,754,859,153,455,652,360,1003,580,865,10,272,470,599,855,99,130,94,125,95,88,63,94,135,109,119,121,133,117,68,102,99,115,123,88,95,69,69,100,77,93,64,91,112,109,96,75
[ 45.167728] wil6210-aoa$0,1606461644.775641,04:d6:aa:c1:38:97,2,1,1,0,128,947,21,977,321,827,9,33,737,103,162,614,868,169,868,91,424,223,256,761,874,93,413,654,276,933,526,340,836,238,429,660,971,87,125,88,118,86,79,61,86,130,101,106,112,118,107,62,92,90,107,114,80,85,65,61,88,67,84,61,85,102,98,85,65
[ 45.199480] wil6210-aoa$0,1606461644.807389,04:d6:aa:c1:38:97,2,1,1,0,128,384,851,1012,304,192,777,622,954,603,323,597,821,694,728,117,451,765,444,697,820,219,473,639,331,27,629,850,1,287,479,205,487,88,124,83,123,85,79,57,85,145,101,105,110,118,109,56,89,90,104,116,85,84,65,64,92,71,85,62,87,102,101,88,69
[ 45.235726] wil6210-aoa$0,1606461644.843639,04:d6:aa:c1:38:97,2,1,1,0,128,967,34,1016,359,844,12,528,909,54,172,642,839,649,703,595,567,166,225,725,826,188,502,77,97,452,357,312,817,220,413,670,1004,91,124,88,119,87,81,60,87,140,101,102,109,119,106,62,90,91,106,115,82,86,65,64,86,69,86,61,86,99,97,86,67
[ 45.270210] wil6210-aoa$0,1606461644.878123,04:d6:aa:c1:38:97,2,1,1,0,128,389,813,1008,325,811,1009,556,933,595,372,612,858,229,900,676,609,711,402,761,871,137,426,666,336,969,550,833,1001,252,429,190,456,95,128,97,129,98,89,65,92,127,116,116,119,134,117,68,99,100,118,125,88,95,68,68,95,70,87,66,89,105,104,88,68
[ 45.300357] wil6210-aoa$0,1606461644.908270,04:d6:aa:c1:38:97,2,1,1,0,128,946,26,397,148,871,3,522,914,583,315,638,865,142,855,691,642,761,415,726,856,137,440,114,148,1015,560,885,1005,218,426,82,323,99,128,94,127,95,87,68,96,132,114,120,124,133,116,69,101,102,118,121,92,99,72,72,103,83,95,72,97,118,112,98,80
[ 45.336281] wil6210-aoa$0,1606461644.944194,04:d6:aa:c1:38:97,2,1,1,0,128,930,14,985,337,760,969,29,741,575,335,624,803,194,868,695,620,191,206,200,663,197,460,582,269,983,505,309,815,251,438,644,877,85,122,82,112,82,74,53,85,140,92,102,101,112,103,58,84,82,102,111,77,80,59,59,80,63,77,58,79,94,91,74,63
[ 45.371193] wil6210-aoa$0,1606461644.979102,04:d6:aa:c1:38:97,2,1,1,0,128,990,22,956,347,833,991,551,953,573,342,622,787,217,912,651,606,166,229,774,847,134,437,625,281,27,610,833,1021,267,417,998,252,95,137,95,127,97,91,65,96,129,112,115,120,131,119,67,97,96,118,125,88,93,69,69,99,74,90,66,92,110,108,89,71
[ 45.405779] wil6210-aoa$0,1606461645.013695,04:d6:aa:c1:38:97,2,1,1,0,128,393,819,459,151,816,1000,563,920,560,293,547,778,239,913,650,604,803,493,769,894,154,452,650,333,993,598,891,1014,272,481,579,766,97,135,95,127,94,86,67,93,136,112,124,125,132,119,70,101,101,113,131,93,96,74,70,102,80,92,69,95,121,114,102,81
[ 45.441989] wil6210-aoa$0,1606461645.049905,04:d6:aa:c1:38:97,2,1,1,0,128,928,50,907,284,858,20,548,899,581,324,605,857,667,705,680,634,751,445,745,847,229,500,709,319,21,604,867,17,301,460,795,1015,99,133,93,128,97,86,66,94,134,110,119,119,127,120,70,101,97,115,124,88,97,68,69,99,79,90,69,89,113,107,95,72
[ 45.471939] wil6210-aoa$0,1606461645.079854,04:d6:aa:c1:38:97,2,1,1,0,128,946,12,1001,340,822,11,529,915,630,369,678,878,218,893,639,618,778,425,696,840,217,478,678,340,975,541,866,1008,705,228,778,1004,96,131,93,128,93,89,63,96,160,109,120,123,129,119,69,101,98,115,125,89,99,70,69,98,76,90,67,94,111,108,93,74
[ 45.510789] wil6210-aoa$0,1606461645.118698,04:d6:aa:c1:38:97,2,1,1,0,128,927,31,1003,324,766,984,607,973,566,332,607,848,251,920,664,586,766,449,648,819,209,503,652,285,32,599,773,913,267,475,1000,221,98,133,93,128,97,89,64,96,157,110,114,119,131,113,62,100,98,114,122,89,92,69,69,98,74,91,65,89,115,108,96,73
[ 45.547417] wil6210-aoa$0,1606461645.155333,04:d6:aa:c1:38:97,2,1,1,0,128,871,990,1000,343,833,1,520,910,1004,117,601,835,109,854,753,681,676,415,718,841,151,442,619,302,1023,628,884,23,254,473,58,286,95,129,92,126,91,85,62,91,130,107,110,118,129,113,61,96,95,115,120,86,93,65,64,93,72,86,63,91,106,104,86,68
[ 45.582112] wil6210-aoa$0,1606461645.190027,04:d6:aa:c1:38:97,2,1,1,0,128,920,24,983,362,745,978,527,883,584,342,602,824,216,900,696,621,696,408,722,837,133,453,674,357,943,555,864,1017,304,486,944,155,90,123,85,119,84,80,56,86,128,100,106,111,115,105,63,91,90,102,116,83,85,65,63,91,71,82,63,84,103,100,90,72
[ 45.612575] wil6210-aoa$0,1606461645.220491,04:d6:aa:c1:38:97,2,1,1,0,128,927,3,1008,350,806,1023,582,931,986,106,671,871,192,921,721,668,740,466,707,862,208,501,693,353,985,581,879,1010,708,237,168,382,88,126,85,119,90,83,57,88,135,100,108,111,121,107,61,93,91,104,112,80,85,64,64,89,70,85,59,86,102,100,86,70
[ 45.652748] wil6210-aoa$0,1606461645.260656,04:d6:aa:c1:38:97,2,1,1,2,128,927,3,1008,350,806,1023,582,931,986,106,671,871,192,921,721,668,740,466,707,862,208,501,693,353,985,581,879,1010,708,237,168,382,90,123,85,119,84,80,56,86,128,100,106,111,115,105,63,91,90,102,116,83,85,65,63,91,71,82,63,84,103,100,90,72
[ 45.692024] wil6210-aoa$0,1606461645.299933,04:d6:aa:c1:38:97,2,1,1,0,128,915,1021,438,144,810,3,504,886,589,325,575,813,698,733,684,639,726,407,756,886,57,369,625,273,960,545,829,992,246,462,872,160,97,134,92,128,95,90,67,95,144,105,120,118,124,113,69,98,97,112,123,87,97,73,67,97,78,91,66,90,112,108,96,77
[ 45.731268] wil6210-aoa$0,1606461645.339177,04:d6:aa:c1:38:97,2,1,1,0,128,337,815,464,153,866,36,536,915,581,357,560,804,184,853,99,401,198,242,746,847,169,412,670,316,956,557,283,798,763,338,159,377,92,128,94,124,94,85,57,90,130,105,109,116,127,111,63,93,92,116,116,84,89,63,67,90,70,83,58,85,98,95,81,65
[ 45.768608] wil6210-aoa$0,1606461645.376524,04:d6:aa:c1:38:97,2,1,1,0,128,928,23,1016,368,779,971,585,908,41,164,651,871,102,838,710,678,743,409,817,899,153,461,679,343,964,548,808,1010,245,432,942,195,95,128,93,128,92,86,60,89,158,105,111,117,128,112,58,90,94,116,121,81,84,64,62,88,64,81,63,85,99,96,79,63
[ 45.803481] wil6210-aoa$0,1606461645.411396,04:d6:aa:c1:38:97,2,1,1,0,128,883,1019,950,276,823,985,601,944,552,338,576,790,140,858,669,627,733,461,730,880,179,487,659,330,996,591,848,1005,292,457,697,863,95,134,91,127,97,88,61,91,134,112,110,114,127,112,64,96,95,117,121,88,91,68,66,90,72,87,64,90,106,103,82,69
[ 45.836241] wil6210-aoa$0,1606461645.444150,04:d6:aa:c1:38:97,2,1,1,0,128,908,16,943,310,829,987,557,868,566,332,668,863,183,865,749,689,707,402,750,900,127,460,661,307,14,599,831,996,268,420,230,572,95,135,94,126,91,88,63,93,128,110,117,116,127,114,69,96,98,115,126,89,96,72,70,96,74,94,68,95,111,105,92,74
[ 45.873389] wil6210-aoa$0,1606461645.481301,04:d6:aa:c1:38:97,2,1,1,0,128,979,40,999,365,800,979,562,925,1004,86,103,648,207,870,692,647,771,403,717,842,161,477,628,300,423,395,327,834,692,187,777,8,95,135,96,131,91,85,63,91,132,112,109,112,130,117,61,93,95,116,123,87,89,64,67,92,68,83,63,85,96,96,78,64
[ 45.908217] wil6210-aoa$0,1606461645.516126,04:d6:aa:c1:38:97,2,1,1,0,128,977,71,2,383,807,1016,509,926,625,356,630,814,193,896,754,695,748,432,785,875,157,436,617,291,5,557,885,15,230,398,696,1015,94,127,93,129,93,86,60,92,127,112,113,118,129,120,65,96,97,115,124,87,94,70,69,97,72,90,63,89,102,101,90,67
[ 45.942920] wil6210-aoa$0,1606461645.550834,04:d6:aa:c1:38:97,2,1,1,0,128,382,835,21,332,730,958,624,961,587,337,592,802,640,669,698,666,69,157,259,703,606,211,115,128,479,387,801,985,760,278,893,183,95,134,96,127,94,87,64,94,130,109,112,117,129,114,67,99,98,118,121,85,94,68,66,95,73,91,66,93,108,106,95,70
[ 45.981702] wil6210-aoa$0,1606461645.589612,04:d6:aa:c1:38:97,2,1,1,0,128,956,28,1021,331,797,994,616,971,619,350,673,848,222,900,666,652,770,481,729,857,159,467,694,330,87,632,911,25,286,443,987,157,97,127,95,130,94,85,60,99,159,108,114,121,128,118,62,97,97,116,123,88,91,65,64,93,69,87,60,83,99,97,80,62
[ 46.021220] wil6210-aoa$0,1606461645.629129,04:d6:aa:c1:38:97,2,1,1,0,128,935,1023,1014,325,263,816,575,922,583,338,589,806,214,954,652,637,746,411,723,861,185,486,624,263,22,609,829,1003,273,458,984,208,103,143,97,130,101,93,68,100,130,110,120,124,137,119,71,101,102,123,129,95,97,73,74,102,81,97,67,95,111,110,100,75
[ 46.063743] wil6210-aoa$0,1606461645.671652,04:d6:aa:c1:38:97,2,1,1,0,128,380,837,411,110,848,1020,1023,709,43,179,632,830,129,831,123,418,163,184,267,725,103,386,138,140,458,384,307,868,238,441,368,655,98,127,97,128,98,89,65,94,135,113,118,121,137,120,67,101,100,118,127,90,98,70,69,99,72,93,68,95,117,111,91,76
[ 46.097710] wil6210-aoa$0,1606461645.705625,04:d6:aa:c1:38:97,2,1,1,2,128,380,837,411,110,848,1020,1023,709,43,179,632,830,129,831,123,418,163,184,267,725,103,386,138,140,458,384,307,868,238,441,368,655,103,143,97,130,101,93,68,100,130,110,120,124,137,119,71,101,102,123,129,95,97,73,74,102,81,97,67,95,111,110,100,75
[ 46.132803] wil6210-aoa$0,1606461645.740713,04:d6:aa:c1:38:97,2,1,1,0,128,943,35,20,373,847,22,620,957,577,334,621,880,192,895,699,673,728,417,752,893,132,412,711,401,959,547,845,1003,364,512,611,848,96,133,93,126,93,90,66,95,128,113,117,120,128,117,68,98,99,118,123,91,95,71,69,98,78,97,69,91,116,111,96,78
[ 46.166402] wil6210-aoa$0,1606461645.774310,04:d6:aa:c1:38:97,2,1,1,0,128,995,94,956,285,769,963,47,748,612,376,590,791,674,707,656,635,728,412,807,924,214,502,637,328,38,616,819,995,275,475,952,192,87,121,83,113,83,77,55,84,127,97,103,106,118,103,61,86,87,100,110,79,88,66,61,86,69,83,59,82,100,98,90,68
[ 46.211225] wil6210-aoa$0,1606461645.819138,04:d6:aa:c1:38:97,2,1,1,0,128,925,1019,469,147,816,1006,538,906,580,358,626,856,635,692,154,494,765,466,695,841,660,322,55,86,431,393,855,968,210,413,86,379,100,127,98,136,98,91,67,98,130,112,115,123,136,121,68,100,99,118,127,91,97,67,70,103,80,92,68,95,112,108,95,78
[ 46.247349] wil6210-aoa$0,1606461645.855260,04:d6:aa:c1:38:97,2,1,1,0,128,1012,52,951,302,232,787,43,714,54,139,685,896,159,881,709,652,771,429,704,862,151,436,683,320,1003,569,861,991,221,398,823,44,99,129,96,135,98,94,68,96,168,113,117,126,133,120,68,101,101,123,129,94,96,71,72,96,74,88,67,90,115,112,90,75
[ 46.283503] wil6210-aoa$0,1606461645.891417,04:d6:aa:c1:38:97,2,1,1,0,128,381,884,953,323,749,941,574,897,8,127,122,711,643,694,693,642,162,245,744,873,203,532,668,356,1021,535,864,978,719,233,206,526,87,121,86,117,86,81,59,88,145,99,103,106,119,107,60,91,91,107,114,80,84,60,63,85,64,80,58,82,96,91,78,63
[ 46.316556] wil6210-aoa$0,1606461645.924466,04:d6:aa:c1:38:97,2,1,1,0,128,907,1009,417,120,787,1016,527,887,22,172,622,841,160,880,648,610,200,252,754,869,151,463,655,324,436,378,284,868,748,271,666,958,101,142,103,137,97,91,67,93,160,118,121,123,130,123,73,105,104,120,130,93,101,72,74,104,85,96,69,98,116,111,100,81
[ 46.348591] wil6210-aoa$0,1606461645.956504,04:d6:aa:c1:38:97,2,1,1,0,128,900,1015,1002,332,792,1008,599,947,643,398,639,875,179,884,747,695,692,372,730,892,109,436,632,319,989,580,919,47,307,478,725,852,100,133,101,135,100,97,68,96,127,119,123,130,138,123,76,105,105,118,127,95,102,77,74,103,82,99,71,99,119,118,105,83
[ 46.385218] wil6210-aoa$0,1606461645.993131,04:d6:aa:c1:38:97,2,1,1,0,128,965,49,975,296,876,20,537,910,614,339,625,812,165,876,710,669,784,487,776,908,235,531,707,379,1017,594,861,1019,273,434,784,1003,91,125,85,119,89,83,60,86,147,102,110,114,121,110,64,90,91,104,116,83,90,66,62,91,71,84,61,87,104,99,87,68
[ 46.419624] wil6210-aoa$0,1606461646.027533,04:d6:aa:c1:38:97,2,1,1,0,128,922,28,978,301,797,985,30,721,19,148,634,849,107,820,738,693,731,404,164,634,619,259,135,144,1019,585,889,42,256,404,353,624,93,125,86,119,86,84,55,87,141,98,106,107,117,106,61,91,87,104,113,79,85,61,63,87,65,80,61,83,98,94,82,63
[ 46.449824] wil6210-aoa$0,1606461646.057737,04:d6:aa:c1:38:97,2,1,1,0,128,987,66,1015,317,839,28,566,937,562,357,567,847,200,903,667,624,198,236,729,860,180,491,678,317,34,590,834,996,767,242,151,460,91,126,89,120,85,83,59,87,143,100,108,111,123,108,59,95,89,105,116,83,87,66,64,89,69,83,63,83,105,99,89,68
[ 46.485145] wil6210-aoa$0,1606461646.093062,04:d6:aa:c1:38:97,2,1,1,0,128,925,15,40,444,772,1016,562,959,550,313,681,888,204,887,738,698,710,427,741,855,117,456,707,357,1007,560,876,993,297,470,264,433,100,130,93,128,97,90,67,97,156,113,122,123,133,124,70,105,102,119,125,94,97,73,72,102,77,96,67,93,116,109,95,79
[ 46.519181] wil6210-aoa$0,1606461646.127091,04:d6:aa:c1:38:97,2,1,1,0,128,926,7,980,357,798,1023,571,877,24,104,671,831,198,873,672,620,706,401,214,684,104,443,626,259,955,568,853,1000,244,459,921,65,87,123,89,119,88,84,59,88,147,102,111,108,121,107,65,93,87,105,118,82,87,63,62,91,70,85,63,87,105,101,93,74
[ 46.550238] wil6210-aoa$0,1606461646.158152,04:d6:aa:c1:38:97,2,1,1,0,128,868,1019,23,407,799,1019,588,950,568,353,632,827,167,897,667,615,177,210,192,662,137,430,645,337,978,590,831,998,268,388,208,399,101,135,101,133,102,93,67,96,127,112,121,126,130,121,72,102,104,123,129,95,102,74,72,102,82,96,71,98,117,117,104,80
[ 46.586525] wil6210-aoa$0,1606461646.194433,04:d6:aa:c1:38:97,2,1,1,0,128,387,847,11,360,766,969,3,734,18,125,610,888,242,929,695,664,816,483,702,838,588,250,133,111,423,357,895,1012,280,496,149,326,87,124,85,119,89,78,58,88,130,99,107,110,117,106,61,92,90,105,116,82,85,63,63,87,62,81,60,82,91,90,76,62
[ 46.625997] wil6210-aoa$0,1606461646.233904,04:d6:aa:c1:38:97,2,1,1,0,128,966,38,954,301,205,813,588,903,603,334,652,882,176,937,752,679,737,463,686,822,598,278,122,131,459,388,369,840,268,470,1000,272,89,127,88,119,90,85,59,89,149,102,111,112,120,110,63,92,93,107,115,83,87,63,64,89,69,84,61,83,103,100,90,70
[ 46.661802] wil6210-aoa$0,1606461646.269713,04:d6:aa:c1:38:97,2,1,1,0,128,1001,73,5,380,774,985,604,937,599,332,621,861,135,855,622,615,781,498,783,883,164,469,606,272,1016,563,860,3,203,411,410,642,103,146,104,127,100,93,67,98,151,115,122,126,141,124,68,103,102,122,129,93,98,72,70,103,80,94,68,96,117,113,93,77
[ 46.698702] wil6210-aoa$0,1606461646.306615,04:d6:aa:c1:38:97,2,1,1,0,128,921,18,959,339,244,805,547,909,589,371,637,837,152,890,688,632,720,440,749,874,148,442,652,349,22,629,824,1003,275,480,195,454,98,132,96,127,96,92,63,98,129,114,122,124,128,123,73,104,101,117,129,91,99,74,71,102,79,95,68,95,116,110,100,79
[ 46.735206] wil6210-aoa$0,1606461646.343119,04:d6:aa:c1:38:97,2,1,1,0,128,438,904,1009,350,808,968,545,936,590,321,572,828,198,853,729,657,731,437,152,628,688,277,663,308,974,532,889,1011,221,410,213,418,96,138,98,131,98,91,69,94,135,115,119,118,133,118,69,101,101,120,126,89,94,68,68,94,73,90,65,92,108,105,94,71
[ 46.771762] wil6210-aoa$0,1606461646.379672,04:d6:aa:c1:38:97,2,1,1,0,128,949,53,981,322,801,987,574,911,544,312,695,873,231,923,682,651,722,389,720,826,108,450,633,307,993,566,869,999,237,483,525,758,98,138,94,126,93,86,62,94,143,114,117,123,133,120,70,103,96,120,124,92,94,68,68,98,77,92,64,93,109,103,89,71
[ 46.811718] wil6210-aoa$0,1606461646.419626,04:d6:aa:c1:38:97,2,1,1,0,128,906,10,950,288,815,1016,598,924,515,286,651,869,181,859,703,653,760,429,716,871,108,406,646,301,1003,580,883,35,208,401,608,939,96,133,96,128,94,87,63,95,129,107,118,118,128,120,68,95,99,115,125,88,93,68,64,95,69,87,61,88,104,105,87,69
[ 46.847171] wil6210-aoa$0,1606461646.455083,04:d6:aa:c1:38:97,2,1,1,0,128,957,39,1008,365,836,1016,12,767,620,309,643,851,209,895,706,642,764,427,736,869,162,438,622,264,999,557,865,16,293,439,317,457,97,139,97,127,94,89,64,94,129,111,116,117,129,116,67,98,97,119,126,89,92,67,67,97,75,86,65,93,106,104,87,71
[ 46.883936] wil6210-aoa$0,1606461646.491848,04:d6:aa:c1:38:97,2,1,1,0,128,391,837,441,169,191,792,994,711,109,167,588,790,679,709,163,447,169,239,172,660,670,310,32,87,438,408,306,810,755,257,789,108,95,132,94,130,94,84,60,93,159,109,113,118,128,118,65,97,93,114,125,85,91,67,66,100,72,88,66,90,106,105,87,68
