
[ 199.014820] [AOA] Measurement: 0,1579901633.126392,04:d6:aa:ab:45:40,2,1,2,0,128,894,985,315,749,467,789,911,480,986,159,282,908,800,1020,136,361,939,9,508,893,989,732,1018,718,395,1,328,869,735,696,107,763,66,89,62,95,80,62,58,35,56,56,43,37,63,45,72,56,84,66,81,75,36,50,51,83,94,77,79,96,54,70,80,89
[ 199.035794] [AOA] Measurement: 0,1579901633.147366,04:d6:aa:ab:45:40,2,1,2,0,128,399,166,336,697,529,873,886,444,1019,151,788,37,217,834,590,164,921,0,2,690,656,1016,626,976,421,1021,306,942,185,769,706,459,60,88,60,92,75,49,53,30,55,53,41,26,57,37,65,53,78,65,77,73,34,45,43,72,91,66,67,81,42,64,68,75
[ 199.067748] [AOA] Measurement: 0,1579901633.179319,04:d6:aa:ab:45:40,2,1,2,0,128,809,948,900,954,418,781,904,456,445,953,247,874,246,857,621,183,933,14,565,894,555,974,637,956,946,195,831,79,178,839,626,343,64,92,64,100,79,58,57,35,57,59,44,37,64,43,73,58,84,66,83,78,39,52,48,83,97,78,82,95,54,70,78,90
[ 199.089442] [AOA] Measurement: 0,1579901633.201009,04:d6:aa:ab:45:40,2,1,2,0,128,853,961,369,761,1012,1002,483,696,971,130,227,858,226,816,631,155,381,878,530,855,45,832,683,972,999,232,923,121,194,845,881,421,58,79,60,93,75,57,53,36,54,56,41,35,62,43,70,55,80,60,77,69,39,52,51,77,92,76,83,95,54,71,80,90
[ 199.118242] [AOA] Measurement: 0,1579901633.229812,04:d6:aa:ab:45:40,2,1,2,0,128,873,985,327,704,484,828,864,448,411,951,269,933,240,871,645,194,906,18,540,903,658,39,656,957,940,151,838,108,173,806,86,880,54,78,59,90,71,56,50,36,54,53,40,37,60,41,70,50,82,55,76,72,34,49,47,80,91,75,83,99,57,72,75,87
[ 199.147363] [AOA] Measurement: 0,1579901633.258929,04:d6:aa:ab:45:40,2,1,2,0,128,870,998,323,713,1015,976,413,629,465,995,865,106,829,41,127,349,936,30,482,864,603,996,636,991,373,1006,855,79,182,788,710,437,63,93,64,100,79,55,55,37,57,54,44,35,62,42,73,56,84,63,84,75,38,49,49,79,97,72,82,95,50,71,76,84
[ 199.175198] [AOA] Measurement: 0,1579901633.286770,04:d6:aa:ab:45:40,2,1,2,0,128,800,934,367,719,461,782,902,461,1016,153,276,889,801,29,586,150,317,841,959,638,98,801,103,791,442,5,858,88,190,842,265,927,70,97,66,101,80,55,57,34,64,59,45,30,62,38,69,57,86,72,89,73,34,47,44,76,94,66,73,83,45,61,70,78
[ 199.196420] [AOA] Measurement: 0,1579901633.307985,04:d6:aa:ab:45:40,2,1,2,0,128,882,979,898,874,962,976,413,624,9,124,799,73,768,18,86,314,903,49,487,875,590,1005,633,969,1016,216,880,110,230,859,321,905,60,86,64,99,78,57,57,36,56,59,42,36,62,45,73,56,81,65,80,75,38,48,48,82,93,77,78,97,52,70,76,90
[ 199.228452] [AOA] Measurement: 0,1579901633.340020,04:d6:aa:ab:45:40,2,1,2,0,128,858,927,938,914,23,0,378,577,434,996,351,1008,213,796,568,146,316,837,3,674,24,775,122,781,400,994,848,75,194,817,514,110,70,101,64,106,79,58,56,37,60,58,40,30,62,42,74,56,86,72,86,78,37,48,44,79,98,73,71,83,46,64,69,79
[ 199.254778] [AOA] Measurement: 0,1579901633.366342,04:d6:aa:ab:45:40,2,1,2,0,128,848,959,317,687,540,834,458,672,442,1006,270,888,240,845,541,104,408,882,10,612,83,840,681,966,977,192,808,67,163,812,710,475,59,84,63,94,77,60,52,35,53,57,41,37,61,46,71,52,79,60,78,73,36,49,47,79,93,78,78,97,55,72,77,88
[ 199.281161] [AOA] Measurement: 0,1579901633.392733,04:d6:aa:ab:45:40,2,1,2,0,128,356,102,935,917,469,775,896,447,445,968,815,89,876,39,113,330,890,20,523,835,634,997,70,786,369,993,870,104,177,824,753,453,65,88,62,100,76,59,54,36,57,56,42,33,62,43,72,52,82,66,82,74,41,51,50,80,93,76,80,92,51,72,74,87
[ 199.303901] [AOA] Measurement: 0,1579901633.415466,04:d6:aa:ab:45:40,2,1,2,0,128,879,938,315,709,495,815,870,467,421,965,269,854,257,819,576,119,424,863,541,889,611,967,625,965,373,985,309,909,675,609,307,976,64,90,60,97,77,54,53,35,56,57,40,32,57,41,70,52,79,68,82,72,37,49,48,78,94,69,73,93,49,67,70,82
[ 199.335005] [AOA] Measurement: 0,1579901633.446570,04:d6:aa:ab:45:40,2,1,2,0,128,786,894,385,729,425,773,937,482,472,1004,296,928,225,824,599,163,344,827,1002,682,28,752,58,723,386,975,301,913,696,666,209,874,68,89,70,102,83,66,60,38,65,63,47,41,67,50,79,62,92,67,88,82,41,55,57,89,103,87,90,105,64,81,86,99
[ 199.363685] [AOA] Measurement: 0,1579901633.475257,04:d6:aa:ab:45:40,2,1,2,0,128,338,47,388,733,1019,987,415,643,16,181,850,150,832,31,142,401,913,24,518,844,13,773,654,973,396,988,319,957,220,875,795,517,64,91,63,100,77,56,57,37,56,57,41,35,63,43,72,59,84,64,84,74,36,49,50,82,97,77,82,96,55,70,74,90
[ 199.384871] [AOA] Measurement: 0,1579901633.496443,04:d6:aa:ab:45:40,2,1,2,0,128,344,135,912,942,1015,1018,439,674,439,991,283,899,249,848,591,167,962,25,529,854,592,969,658,983,911,168,904,118,137,816,163,841,68,93,56,97,80,51,55,33,53,55,43,27,56,37,68,56,84,69,82,72,38,46,48,72,96,66,67,83,42,57,74,81
[ 199.414686] [AOA] Measurement: 0,1579901633.526252,04:d6:aa:ab:45:40,2,1,2,0,128,379,115,905,891,44,21,402,654,422,960,305,891,253,794,624,193,357,821,17,655,54,754,137,769,353,961,370,925,669,590,644,352,66,87,62,96,81,57,55,36,55,55,44,35,61,45,68,55,81,67,82,75,37,50,49,78,92,75,75,93,49,70,77,86
[ 199.443833] [AOA] Measurement: 0,1579901633.555398,04:d6:aa:ab:45:40,2,1,2,0,128,428,122,881,865,54,7,842,443,409,971,224,873,226,838,582,137,965,49,981,673,666,5,666,975,926,158,317,884,712,627,518,276,71,94,69,112,85,66,63,39,67,63,47,39,68,49,78,61,87,70,89,80,37,53,56,87,106,81,88,107,58,77,85,96
[ 199.469069] [AOA] Measurement: 0,1579901633.580642,04:d6:aa:ab:45:40,2,1,2,0,128,871,954,942,942,8,994,437,661,973,134,773,37,783,976,567,161,376,847,969,671,68,772,140,758,396,1009,842,65,190,810,937,522,68,95,66,107,81,65,63,40,63,65,46,39,70,50,81,60,88,69,90,83,42,58,56,91,107,85,90,105,57,77,84,95
[ 199.494380] [AOA] Measurement: 0,1579901633.605945,04:d6:aa:ab:45:40,2,1,2,0,128,400,125,901,891,574,848,496,653,996,143,845,118,825,21,566,152,967,62,582,870,575,1005,662,983,344,971,350,938,667,641,663,299,65,85,62,94,78,62,55,35,57,56,42,36,63,45,71,56,81,62,79,72,38,49,48,77,93,73,78,95,55,71,78,94
[ 199.524376] [AOA] Measurement: 0,1579901633.635947,04:d6:aa:ab:45:40,2,1,2,0,128,866,981,924,941,20,989,420,667,386,952,192,846,261,845,535,99,318,799,924,582,48,772,97,760,303,918,290,890,632,588,540,359,62,90,64,100,78,58,58,36,58,60,42,33,63,42,72,56,82,63,81,76,37,49,51,80,97,75,77,94,51,71,79,89
[ 199.546131] [AOA] Measurement: 0,1579901633.657704,04:d6:aa:ab:45:40,2,1,2,0,128,462,171,813,865,408,780,479,688,989,136,804,85,284,880,524,80,333,830,950,653,52,766,113,774,425,1008,294,916,649,597,452,182,66,91,62,103,80,51,53,33,57,53,40,28,55,36,69,53,82,69,87,74,37,44,43,74,89,59,70,81,44,59,67,71
[ 199.574177] [AOA] Measurement: 0,1579901633.685745,04:d6:aa:ab:45:40,2,1,2,0,128,839,946,384,768,498,829,966,542,955,130,819,87,808,14,140,341,350,820,1020,655,30,765,687,979,893,126,898,113,183,833,34,671,66,84,62,98,74,52,56,35,54,58,41,34,61,39,69,57,81,61,84,75,36,46,46,78,88,69,76,91,53,63,76,85
[ 199.604632] [AOA] Measurement: 0,1579901633.716198,04:d6:aa:ab:45:40,2,1,2,0,128,406,123,904,913,20,1018,429,654,1014,141,872,123,748,1012,149,340,988,125,527,860,610,1002,709,1011,927,136,810,44,202,813,388,68,68,93,66,103,84,66,60,41,62,63,46,41,67,50,80,63,90,68,86,79,44,55,53,93,103,87,90,107,59,82,85,103
[ 199.639830] [AOA] Measurement: 0,1579901633.751402,04:d6:aa:ab:45:40,2,1,2,0,128,888,977,421,719,521,802,863,434,497,990,241,846,220,854,124,364,954,30,540,881,573,973,669,991,417,997,352,920,152,859,743,266,69,103,73,109,85,61,60,37,65,62,46,35,65,46,78,59,86,75,91,84,42,56,51,85,102,74,85,98,56,71,81,96
[ 199.665846] [AOA] Measurement: 0,1579901633.777412,04:d6:aa:ab:45:40,2,1,2,0,128,820,963,361,704,519,825,919,470,435,965,258,926,143,803,616,181,394,878,990,659,619,1021,637,980,929,153,268,910,644,622,97,877,60,87,60,100,77,54,56,37,56,58,42,33,55,43,72,56,83,69,81,74,37,47,47,78,92,74,77,92,51,71,73,86
[ 199.694661] [AOA] Measurement: 0,1579901633.806231,04:d6:aa:ab:45:40,2,1,2,0,128,827,927,400,708,510,806,915,434,409,955,267,921,251,861,141,372,957,23,595,923,577,993,696,26,913,128,778,28,666,666,762,560,65,90,60,96,77,56,54,34,57,58,43,34,64,42,71,54,83,64,75,73,38,49,51,79,96,74,79,97,50,74,74,91
[ 199.717782] [AOA] Measurement: 0,1579901633.829347,04:d6:aa:ab:45:40,2,1,2,0,128,359,162,879,925,988,954,892,442,431,965,311,881,252,876,604,183,934,66,560,910,616,982,692,11,948,173,940,155,216,866,685,259,63,82,60,93,78,57,55,35,58,57,41,36,62,44,71,55,80,58,81,75,34,53,48,81,94,78,79,95,52,70,77,90
[ 199.748223] [AOA] Measurement: 0,1579901633.859788,04:d6:aa:ab:45:40,2,1,2,0,128,850,928,398,727,530,825,397,597,486,984,810,109,806,3,223,396,953,70,493,850,591,993,610,949,972,171,233,882,695,650,238,981,65,88,62,97,79,58,55,34,55,58,42,32,58,42,73,57,83,62,83,72,38,50,49,78,95,72,74,88,48,67,74,85
[ 199.775396] [AOA] Measurement: 0,1579901633.886965,04:d6:aa:ab:45:40,2,1,2,0,128,884,959,404,724,444,747,982,471,447,968,282,920,317,877,113,358,374,870,977,645,76,782,112,779,431,25,849,39,202,835,1000,642,69,89,61,96,76,54,55,34,55,54,43,31,59,38,69,53,83,62,78,72,36,46,44,74,90,67,69,83,45,63,67,76
[ 199.797788] [AOA] Measurement: 0,1579901633.909359,04:d6:aa:ab:45:40,2,1,2,0,128,829,928,366,702,501,826,944,467,437,1018,305,893,234,858,607,182,384,874,990,649,21,766,124,805,411,999,262,887,639,583,1013,797,67,100,66,111,86,64,62,38,62,62,48,37,65,46,81,61,89,73,91,82,42,53,54,87,105,77,84,101,53,78,86,96
[ 199.826990] [AOA] Measurement: 0,1579901633.938555,04:d6:aa:ab:45:40,2,1,2,0,128,848,929,382,745,481,818,886,501,426,980,278,924,772,16,566,137,370,829,985,666,63,794,81,778,434,10,860,87,188,848,105,718,61,88,60,96,74,55,55,37,59,60,41,33,58,43,72,55,81,64,84,75,39,49,48,74,93,74,80,90,51,73,77,86
[ 199.856317] [AOA] Measurement: 0,1579901633.967882,04:d6:aa:ab:45:40,2,1,2,0,128,407,126,896,853,456,783,944,497,451,1007,292,955,810,22,72,331,324,804,20,700,56,796,677,1012,445,20,887,104,146,812,335,35,61,86,63,94,76,58,55,34,58,57,42,32,61,37,71,55,82,62,82,70,36,47,48,76,94,74,77,90,48,67,73,85
[ 199.883944] [AOA] Measurement: 0,1579901633.995511,04:d6:aa:ab:45:40,2,1,2,0,128,914,958,371,684,498,800,882,448,387,982,252,883,247,849,630,161,403,854,954,669,44,791,131,814,404,988,843,76,637,680,894,537,64,89,65,97,77,57,53,35,57,54,42,36,63,45,73,57,82,61,81,74,38,51,50,81,93,78,80,94,52,71,81,92
[ 199.911391] [AOA] Measurement: 0,1579901634.022956,04:d6:aa:ab:45:40,2,1,2,0,128,792,889,321,691,482,819,931,503,436,978,286,930,735,964,119,356,906,9,508,875,585,1004,75,779,392,1000,383,957,625,646,651,356,70,95,69,111,87,63,61,39,64,65,46,40,66,49,80,64,93,73,93,83,41,53,57,89,105,82,87,103,55,80,83,95
[ 199.939540] [AOA] Measurement: 0,1579901634.051106,04:d6:aa:ab:45:40,2,1,2,0,128,847,961,309,682,472,808,900,400,464,959,241,887,811,18,554,123,399,895,570,873,77,787,635,973,917,176,886,117,249,885,757,347,62,89,64,98,78,59,56,34,55,58,42,35,62,43,72,56,80,61,84,75,39,49,49,84,96,72,81,95,52,70,76,86
[ 199.961393] [AOA] Measurement: 0,1579901634.072962,04:d6:aa:ab:45:40,2,1,2,0,128,867,924,363,730,436,778,940,485,458,1023,852,61,205,849,623,163,896,29,975,653,64,811,97,758,404,1004,225,879,682,623,495,293,61,81,62,94,72,58,55,37,58,55,42,36,61,42,74,57,81,60,80,77,39,49,48,81,93,75,75,96,53,71,76,88
[ 200.000548] [AOA] Measurement: 0,1579901634.112118,04:d6:aa:ab:45:40,2,1,2,0,128,875,932,332,683,527,800,926,444,462,970,336,958,185,791,566,142,403,849,984,653,95,810,662,1015,354,973,887,105,141,804,256,21,63,82,60,90,78,57,54,36,55,55,41,34,62,42,71,54,81,60,78,71,35,50,51,81,92,80,78,93,55,73,80,90
[ 200.027007] [AOA] Measurement: 0,1579901634.138573,04:d6:aa:ab:45:40,2,1,2,0,128,367,100,363,690,506,827,917,458,452,1011,240,881,301,864,159,383,919,29,474,854,678,15,638,979,906,147,827,107,172,812,822,564,73,103,69,109,84,61,60,36,61,63,42,34,66,45,77,60,88,75,91,80,44,49,52,84,106,77,84,99,51,73,80,90
[ 200.055116] [AOA] Measurement: 0,1579901634.166683,04:d6:aa:ab:45:40,2,1,2,0,128,812,933,372,730,465,798,919,453,403,957,287,924,773,26,619,192,366,869,541,883,33,784,124,775,444,1011,830,121,161,841,259,931,70,97,73,109,88,65,62,35,66,65,47,37,69,46,76,63,90,75,90,81,42,55,53,88,103,80,82,100,54,75,79,89
[ 200.082925] [AOA] Measurement: 0,1579901634.194490,04:d6:aa:ab:45:40,2,1,2,0,128,801,914,291,644,434,763,961,471,433,966,268,874,256,802,568,125,374,866,1022,692,84,820,688,983,934,154,852,97,138,796,360,43,66,92,63,100,78,55,57,34,56,57,40,33,59,43,68,54,78,66,83,73,36,51,51,78,94,73,79,90,51,70,73,83
[ 200.110625] [AOA] Measurement: 0,1579901634.222191,04:d6:aa:ab:45:40,2,1,2,0,128,888,972,350,665,429,765,965,496,483,1021,256,918,233,849,654,205,971,49,462,817,581,973,694,997,949,195,307,899,690,638,572,272,67,99,65,108,84,59,57,37,62,62,46,33,64,44,76,64,92,71,91,82,42,53,54,82,103,78,78,100,51,68,78,88
[ 200.137257] [AOA] Measurement: 0,1579901634.248828,04:d6:aa:ab:45:40,2,1,2,0,128,916,955,325,719,463,753,913,429,451,958,231,861,229,818,591,147,348,839,972,619,35,783,112,792,374,1003,353,931,156,780,625,311,57,75,56,85,69,56,49,34,50,55,36,37,56,43,68,53,76,52,71,66,37,49,48,78,86,76,76,92,53,69,75,86
[ 200.162938] [AOA] Measurement: 0,1579901634.274504,04:d6:aa:ab:45:40,2,1,2,0,128,854,925,385,697,439,760,917,428,423,949,259,844,182,822,549,93,367,840,1008,654,72,828,73,773,400,988,287,887,630,613,700,471,60,85,59,89,77,61,51,35,56,54,41,37,61,46,71,55,77,60,76,73,38,48,49,78,91,77,82,97,51,71,78,89
[ 200.188289] [AOA] Measurement: 0,1579901634.299859,04:d6:aa:ab:45:40,2,1,2,0,128,902,968,939,934,12,992,424,669,452,966,257,883,821,42,152,383,891,1018,452,852,39,794,121,809,364,999,838,52,234,850,513,236,68,96,58,102,81,55,57,35,57,54,40,27,59,38,71,57,82,68,82,77,38,47,47,76,90,64,68,81,43,62,68,77
[ 200.218371] [AOA] Measurement: 0,1579901634.329940,04:d6:aa:ab:45:40,2,1,2,0,128,417,157,941,947,19,989,457,674,1002,109,860,96,221,810,653,195,376,896,522,856,622,1015,622,947,408,1023,857,79,173,806,644,270,65,84,64,96,77,56,55,35,59,58,42,32,60,41,66,56,82,65,85,73,39,47,49,76,93,72,80,93,51,70,74,87
[ 200.242613] [AOA] Measurement: 0,1579901634.354177,04:d6:aa:ab:45:40,2,1,2,0,128,843,970,357,695,487,787,904,419,451,986,307,934,216,836,574,119,323,826,981,633,105,811,124,816,355,965,298,915,187,846,461,184,67,95,70,104,83,64,60,40,61,59,43,40,70,54,81,59,88,66,84,81,39,55,54,87,101,81,87,106,60,78,88,94
[ 200.269498] [AOA] Measurement: 0,1579901634.381068,04:d6:aa:ab:45:40,2,1,2,0,128,892,986,960,956,33,9,391,644,1019,139,243,862,837,25,615,168,927,26,560,885,590,1015,645,951,902,137,866,101,627,623,65,807,71,98,70,110,87,61,62,39,65,63,49,38,70,47,77,64,91,72,91,79,42,55,55,91,106,82,84,106,55,76,84,94
[ 200.300146] [AOA] Measurement: 0,1579901634.411712,04:d6:aa:ab:45:40,2,1,2,0,128,326,113,892,919,1014,985,417,659,976,112,819,92,818,34,113,364,921,18,527,862,78,808,662,983,898,147,297,920,172,829,851,500,62,89,63,93,78,56,56,38,57,55,39,33,60,44,71,56,79,63,79,71,35,46,46,75,95,71,74,85,50,67,73,84
[ 200.325982] [AOA] Measurement: 0,1579901634.437551,04:d6:aa:ab:45:40,2,1,2,0,128,866,921,384,694,476,772,878,411,434,990,294,897,278,892,598,126,359,862,978,620,12,786,42,746,402,7,296,929,654,624,679,493,62,90,64,99,79,58,54,34,56,58,42,34,63,41,70,53,83,65,82,73,36,47,50,79,93,69,76,90,49,67,75,83
[ 200.352135] [AOA] Measurement: 0,1579901634.463700,04:d6:aa:ab:45:40,2,1,2,0,128,362,116,293,690,463,815,925,459,441,991,279,912,228,836,585,131,388,898,1007,643,64,814,667,989,394,991,270,870,721,667,626,322,67,87,61,100,76,55,55,33,57,55,40,34,60,42,70,57,83,66,78,71,34,47,48,75,91,70,70,87,45,65,73,84
[ 200.375947] [AOA] Measurement: 0,1579901634.487517,04:d6:aa:ab:45:40,2,1,2,0,128,381,93,383,718,494,814,929,433,420,950,239,882,260,865,558,117,938,38,558,889,534,965,747,5,894,118,885,103,199,839,318,36,71,94,65,112,85,58,64,39,62,62,43,34,65,44,74,60,91,72,90,81,40,50,50,82,98,76,83,96,53,74,80,90
[ 200.402693] [AOA] Measurement: 0,1579901634.514263,04:d6:aa:ab:45:40,2,1,2,0,128,850,935,422,715,499,815,462,691,955,139,856,136,821,63,108,340,952,52,517,807,574,936,180,864,930,166,888,108,153,789,570,194,61,87,61,94,78,57,54,35,56,55,41,35,59,43,74,57,84,64,82,72,35,49,49,80,95,74,79,96,51,72,74,88
[ 200.429269] [AOA] Measurement: 0,1579901634.540834,04:d6:aa:ab:45:40,2,1,2,0,128,906,997,320,669,516,819,951,517,483,1019,241,874,280,838,624,176,352,833,954,630,657,36,705,970,391,986,272,873,665,632,764,454,70,99,69,107,87,59,61,41,65,63,43,34,66,45,80,62,89,71,89,86,38,53,54,84,105,78,85,99,54,71,76,88
[ 200.458649] [AOA] Measurement: 0,1579901634.570219,04:d6:aa:ab:45:40,2,1,2,0,128,394,181,877,932,1023,1013,432,644,457,979,236,870,818,53,114,346,875,1,530,875,583,977,667,983,879,185,873,87,223,833,255,951,55,68,51,83,65,55,50,34,49,50,33,34,58,43,64,49,71,53,67,61,34,45,48,70,80,72,72,88,52,68,75,86
[ 200.489543] [AOA] Measurement: 0,1579901634.601107,04:d6:aa:ab:45:40,2,1,2,0,128,854,943,941,968,40,22,415,704,992,150,273,900,262,869,130,369,908,5,495,875,52,782,645,988,930,165,860,84,253,887,676,279,62,90,61,92,77,57,56,35,54,57,42,35,62,42,72,58,80,62,79,73,34,50,50,80,92,75,81,97,52,75,75,86
[ 200.515916] [AOA] Measurement: 0,1579901634.627488,04:d6:aa:ab:45:40,2,1,2,0,128,895,1006,361,702,524,779,930,468,413,987,251,867,202,832,576,138,318,826,980,643,48,832,133,806,399,1014,306,922,659,623,474,316,62,87,58,97,73,51,53,29,54,52,39,28,57,39,66,51,76,66,80,72,35,46,42,71,86,63,68,80,44,63,68,75
[ 200.541112] [AOA] Measurement: 0,1579901634.652676,04:d6:aa:ab:45:40,2,1,2,0,128,874,968,928,905,34,7,426,644,1011,185,809,42,315,863,133,326,308,804,1004,682,44,803,724,1020,923,144,863,83,178,797,377,29,49,65,47,70,62,51,45,31,45,47,33,34,53,38,62,47,67,49,67,60,34,45,47,73,79,73,72,87,53,69,73,84
[ 200.570896] [AOA] Measurement: 0,1579901634.682461,04:d6:aa:ab:45:40,2,1,2,0,128,915,984,897,884,487,807,953,496,420,984,852,112,226,820,165,414,923,32,477,833,601,1009,635,956,385,1018,262,894,691,638,17,755,64,89,60,98,77,61,55,37,54,56,45,33,64,44,71,56,80,65,82,74,38,50,48,80,97,75,79,95,54,70,77,86
[ 200.593889] [AOA] Measurement: 0,1579901634.705461,04:d6:aa:ab:45:40,2,1,2,0,128,882,976,361,696,481,784,485,655,971,132,882,145,735,40,556,105,384,897,933,619,70,840,94,787,372,1010,351,919,165,822,242,955,54,72,58,83,67,56,52,36,51,53,37,34,60,43,69,50,75,57,76,69,37,47,48,78,91,74,77,94,54,75,78,88
[ 200.624369] [AOA] Measurement: 0,1579901634.735939,04:d6:aa:ab:45:40,2,1,2,0,128,405,161,877,908,974,962,909,491,1004,169,784,38,792,1013,614,148,947,30,553,910,607,971,74,782,456,7,898,126,256,826,713,299,72,100,69,108,86,65,60,41,65,65,49,41,69,45,81,64,91,71,88,85,39,59,56,90,103,86,88,108,59,80,86,101
[ 200.647414] [AOA] Measurement: 0,1579901634.758986,04:d6:aa:ab:45:40,2,1,2,0,128,859,915,362,698,497,803,428,639,1006,160,840,76,758,1015,97,339,912,12,948,650,136,829,637,965,933,179,854,113,675,662,411,89,71,101,69,104,83,58,60,38,61,58,44,30,62,43,73,58,88,70,87,79,38,50,50,82,97,71,76,93,47,68,75,84
[ 200.678365] [AOA] Measurement: 0,1579901634.789930,04:d6:aa:ab:45:40,2,1,2,0,128,854,925,312,671,537,824,904,420,492,1008,262,892,323,933,107,317,417,863,536,862,567,964,21,758,442,2,240,835,257,843,625,223,65,86,54,91,69,50,51,30,49,50,36,26,47,31,59,46,77,70,77,67,34,40,40,70,86,55,60,70,32,53,57,67
[ 200.706016] [AOA] Measurement: 0,1579901634.817588,04:d6:aa:ab:45:40,2,1,2,0,128,418,176,873,909,23,999,929,482,492,999,283,899,250,863,613,177,891,24,511,863,626,990,59,749,378,1013,373,975,164,790,161,898,67,94,73,108,86,60,64,36,64,61,44,35,66,47,80,63,89,70,93,82,41,52,53,83,104,78,86,99,56,77,84,94
[ 200.728867] [AOA] Measurement: 0,1579901634.840437,04:d6:aa:ab:45:40,2,1,2,0,128,862,950,347,702,542,838,894,460,471,974,260,881,252,816,607,148,430,875,997,638,132,854,655,974,925,191,880,99,243,857,509,179,66,84,63,96,80,56,55,35,53,53,42,33,58,40,73,55,82,63,79,73,37,49,48,80,94,72,75,88,49,69,76,85
[ 200.758973] [AOA] Measurement: 0,1579901634.870537,04:d6:aa:ab:45:40,2,1,2,0,128,800,950,428,777,486,817,934,478,463,974,260,870,216,836,653,190,427,902,478,817,63,821,130,815,913,181,872,105,142,795,568,322,69,94,60,100,79,62,58,41,62,63,44,40,70,49,82,61,88,68,88,83,38,55,55,88,102,86,93,106,56,81,84,96
[ 200.787784] [AOA] Measurement: 0,1579901634.899355,04:d6:aa:ab:45:40,2,1,2,0,128,852,931,372,691,464,782,911,463,425,995,840,125,805,9,574,99,362,860,997,649,100,808,58,793,363,960,359,956,171,850,849,570,60,91,59,91,73,51,51,33,55,54,40,30,60,38,69,53,76,64,78,72,36,44,45,72,86,63,67,76,40,58,65,69
[ 200.812120] [AOA] Measurement: 0,1579901634.923686,04:d6:aa:ab:45:40,2,1,2,0,128,790,920,351,681,430,765,884,443,466,993,232,890,239,866,632,227,398,871,1010,671,611,3,645,987,362,975,284,929,672,593,346,138,69,94,69,108,87,64,59,40,61,62,47,38,67,46,79,62,90,70,90,84,43,53,55,88,105,83,85,104,57,77,81,98
[ 200.839208] [AOA] Measurement: 0,1579901634.950778,04:d6:aa:ab:45:40,2,1,2,0,128,368,161,898,924,23,1009,456,712,55,184,866,93,757,988,554,141,374,840,18,730,71,824,689,1005,927,165,892,105,161,814,24,760,66,87,64,96,81,62,58,39,59,65,44,40,68,47,78,60,88,70,84,79,45,53,55,90,103,88,87,103,56,80,86,97
[ 200.870078] [AOA] Measurement: 0,1579901634.981644,04:d6:aa:ab:45:40,2,1,2,0,128,854,931,917,891,435,743,895,430,483,13,753,1020,177,784,609,150,365,874,978,636,67,832,83,762,414,24,853,80,236,848,81,745,69,97,67,99,82,58,58,33,58,60,42,30,60,41,70,59,85,71,84,75,37,47,48,78,100,71,72,87,46,64,72,87
[ 200.899114] [AOA] Measurement: 0,1579901635.010684,04:d6:aa:ab:45:40,2,1,2,0,128,432,136,952,887,68,15,438,675,1002,156,835,105,755,31,48,321,365,877,39,672,626,7,653,995,990,198,858,103,146,798,577,190,68,96,68,104,84,63,61,37,63,63,44,37,66,46,79,62,87,73,92,81,44,56,54,87,101,82,86,107,54,75,82,95
[ 200.925856] [AOA] Measurement: 0,1579901635.037422,04:d6:aa:ab:45:40,2,1,2,0,128,363,97,855,872,11,0,456,678,973,118,787,44,761,46,162,353,930,2,504,839,85,836,635,969,933,163,799,63,252,839,914,562,69,99,61,100,73,57,54,34,59,55,43,28,56,38,69,56,84,70,86,74,38,45,47,77,95,68,74,87,44,66,69,79
[ 200.954273] [AOA] Measurement: 0,1579901635.065839,04:d6:aa:ab:45:40,2,1,2,0,128,860,942,931,955,59,1013,441,665,1021,145,189,841,310,890,100,317,339,825,44,729,595,971,680,1004,991,198,906,107,208,846,964,620,49,64,45,73,64,50,44,31,44,49,32,30,50,36,60,44,64,46,64,63,31,43,43,69,78,64,71,83,47,62,64,73
[ 200.983667] [AOA] Measurement: 0,1579901635.095232,04:d6:aa:ab:45:40,2,1,2,0,128,890,980,344,713,500,828,431,661,462,969,246,864,226,813,576,153,318,844,977,655,999,738,121,803,362,994,893,125,180,832,312,896,57,90,55,91,69,44,47,28,51,49,37,27,48,34,58,48,75,63,75,61,35,39,41,67,84,59,61,73,40,53,59,64
[ 201.013202] [AOA] Measurement: 0,1579901635.124774,04:d6:aa:ab:45:40,2,1,2,0,128,386,127,319,676,498,831,908,453,457,999,282,918,256,847,128,316,357,854,522,911,26,781,88,787,394,989,307,900,624,600,88,849,64,89,61,96,74,52,54,33,54,55,39,30,58,37,66,50,79,63,77,73,36,45,45,70,91,63,72,83,45,63,68,75
[ 201.035843] [AOA] Measurement: 0,1579901635.147414,04:d6:aa:ab:45:40,2,1,2,0,128,395,127,395,747,461,803,883,426,426,949,311,904,283,852,614,134,326,787,1022,697,606,1014,678,991,913,132,900,130,148,819,708,377,71,100,69,105,87,63,59,39,65,63,44,37,69,45,79,60,89,74,92,81,40,54,54,84,106,78,87,99,54,75,84,97
[ 201.066414] [AOA] Measurement: 0,1579901635.177979,04:d6:aa:ab:45:40,2,1,2,0,128,887,969,398,764,502,822,927,479,438,997,281,896,213,829,624,184,337,849,949,608,45,789,167,836,331,926,350,967,194,793,294,956,71,100,67,107,78,58,60,34,60,63,44,34,63,43,71,58,89,72,92,76,36,53,50,83,99,74,80,96,49,69,77,85
[ 201.096256] [AOA] Measurement: 0,1579901635.207827,04:d6:aa:ab:45:40,2,1,2,0,128,894,954,378,739,31,1000,937,437,432,993,299,947,222,832,666,188,16,121,567,877,631,1021,668,1004,935,191,924,160,178,817,662,208,62,84,61,98,78,58,54,35,56,57,42,33,61,42,72,53,83,65,77,73,37,48,49,78,95,75,80,92,54,69,76,89
[ 201.120180] [AOA] Measurement: 0,1579901635.231745,04:d6:aa:ab:45:40,2,1,2,0,128,427,123,882,896,3,969,887,481,953,118,822,94,788,22,149,394,1000,104,556,918,612,985,640,974,946,186,314,937,230,812,814,575,64,89,59,98,77,50,54,34,58,54,39,31,59,37,70,51,82,65,79,72,36,46,48,75,90,71,72,87,45,63,70,77
[ 201.152353] [AOA] Measurement: 0,1579901635.263918,04:d6:aa:ab:45:40,2,1,2,0,128,840,943,399,671,523,821,433,729,465,4,806,105,785,7,116,328,374,854,945,610,19,784,150,820,393,1003,334,986,114,801,32,647,72,98,67,101,84,59,59,36,60,61,46,32,64,41,75,58,89,68,91,79,40,50,52,82,100,77,76,91,47,63,76,84
[ 201.175855] [AOA] Measurement: 0,1579901635.287425,04:d6:aa:ab:45:40,2,1,2,0,128,848,959,315,690,501,807,910,450,502,15,238,875,254,866,581,200,396,890,564,894,570,979,657,971,938,148,908,93,229,857,208,954,64,88,57,91,74,49,51,32,53,52,37,27,52,34,62,50,74,62,76,69,34,43,41,68,83,60,63,77,41,58,64,70
[ 201.206458] [AOA] Measurement: 0,1579901635.318029,04:d6:aa:ab:45:40,2,1,2,0,128,398,157,379,731,8,991,934,449,475,999,308,909,238,853,572,141,351,840,1015,654,652,984,638,1001,888,140,309,956,181,850,328,1005,65,82,63,97,78,58,56,35,55,60,43,36,63,44,69,54,79,66,81,75,39,49,51,79,92,75,79,93,51,68,78,87
[ 201.233116] [AOA] Measurement: 0,1579901635.344681,04:d6:aa:ab:45:40,2,1,2,0,128,828,913,354,664,458,804,920,490,954,142,305,902,262,843,564,121,343,844,963,622,48,777,76,795,394,1011,299,932,181,839,42,711,69,89,69,106,86,62,58,37,67,65,47,41,69,48,79,63,92,67,89,83,44,54,55,86,103,82,86,101,58,77,84,95
[ 201.256778] [AOA] Measurement: 0,1579901635.368348,04:d6:aa:ab:45:40,2,1,2,0,128,913,984,905,894,446,815,900,444,430,1002,303,920,303,870,607,185,364,850,523,877,553,950,660,965,393,999,207,838,678,635,698,469,70,98,66,108,81,61,58,38,62,63,47,37,68,46,78,60,89,70,89,81,42,55,53,85,103,79,84,97,53,76,80,94
[ 201.283819] [AOA] Measurement: 0,1579901635.395389,04:d6:aa:ab:45:40,2,1,2,0,128,824,976,337,731,476,824,917,484,442,979,196,853,223,846,578,137,312,806,4,677,46,773,129,783,365,994,248,902,650,616,528,376,71,101,70,104,85,62,63,36,62,60,44,37,69,49,78,59,91,69,91,83,39,54,55,89,101,80,85,102,58,76,82,98
[ 201.315199] [AOA] Measurement: 0,1579901635.426769,04:d6:aa:ab:45:40,2,1,2,0,128,873,985,341,673,469,802,919,467,465,1021,264,903,284,871,550,143,384,866,16,700,56,797,67,793,425,990,290,902,160,810,564,337,61,93,65,96,78,55,56,31,53,55,41,32,61,41,71,54,80,64,79,74,36,47,47,77,94,72,80,90,49,66,74,86
[ 201.341219] [AOA] Measurement: 0,1579901635.452786,04:d6:aa:ab:45:40,2,1,2,0,128,848,976,336,668,447,777,913,482,7,222,807,46,288,903,131,361,935,56,954,629,12,786,91,782,404,1022,372,904,212,827,406,88,68,100,66,104,84,61,59,37,60,61,45,37,64,44,75,61,87,70,88,83,42,53,52,87,103,81,85,102,53,78,81,96
[ 201.371258] [AOA] Measurement: 0,1579901635.482828,04:d6:aa:ab:45:40,2,1,2,0,128,832,940,356,698,514,820,901,427,469,984,285,904,258,865,592,129,384,882,967,660,25,777,61,774,398,978,854,59,644,629,144,6,70,96,70,108,86,62,62,41,62,61,45,43,67,47,76,64,92,67,88,81,43,56,56,84,101,80,86,99,54,73,79,93
[ 201.394699] [AOA] Measurement: 0,1579901635.506270,04:d6:aa:ab:45:40,2,1,2,0,128,396,140,905,853,529,804,920,458,373,930,214,877,235,813,649,185,328,852,1017,650,63,850,86,772,394,1021,884,104,182,815,89,758,70,101,67,109,88,63,63,38,63,62,44,38,65,47,80,62,91,71,87,85,41,51,54,90,105,84,86,109,57,76,85,95
[ 201.424534] [AOA] Measurement: 0,1579901635.536099,04:d6:aa:ab:45:40,2,1,2,0,128,378,128,876,843,59,32,423,634,412,976,231,901,276,853,656,181,391,834,1014,697,11,757,146,818,992,160,846,94,161,775,76,717,71,100,64,106,84,66,61,41,61,62,45,39,68,43,78,60,88,71,85,82,39,53,52,85,104,81,89,106,57,73,84,96
[ 201.455668] [AOA] Measurement: 0,1579901635.567241,04:d6:aa:ab:45:40,2,1,2,0,128,950,1016,338,727,507,846,895,462,442,992,764,11,235,875,594,146,414,898,1023,682,50,778,94,754,397,1011,318,931,650,633,388,61,57,83,49,86,67,40,46,27,47,47,33,21,47,27,53,45,71,60,70,62,31,37,36,58,80,51,55,66,31,48,53,61
[ 201.479645] [AOA] Measurement: 0,1579901635.591210,04:d6:aa:ab:45:40,2,1,2,0,128,833,908,364,711,491,800,945,484,393,921,234,861,294,847,629,129,397,840,1012,703,24,761,102,828,440,43,886,100,171,805,190,890,62,87,61,101,75,58,55,36,59,53,39,33,58,44,70,55,76,65,83,70,37,47,45,74,92,71,72,87,47,63,71,80
[ 201.513665] [AOA] Measurement: 0,1579901635.625231,04:d6:aa:ab:45:40,2,1,2,0,128,395,172,921,898,1003,997,936,476,461,992,268,905,222,844,589,181,402,901,988,663,109,819,685,986,936,139,236,879,690,657,647,372,70,101,68,107,82,61,60,37,62,62,44,35,67,44,80,61,90,71,88,83,41,53,52,84,105,79,84,103,55,75,83,97
[ 201.542599] [AOA] Measurement: 0,1579901635.654171,04:d6:aa:ab:45:40,2,1,2,0,128,826,955,887,916,1006,969,456,719,39,197,812,69,808,1021,209,407,874,1012,528,887,606,1006,691,979,934,176,862,71,209,828,953,693,61,89,56,93,72,46,50,28,51,48,37,24,50,32,58,47,76,68,78,65,34,40,41,67,87,54,63,74,37,53,62,65
[ 201.566401] [AOA] Measurement: 0,1579901635.677973,04:d6:aa:ab:45:40,2,1,2,0,128,830,933,365,728,491,795,956,515,989,135,244,882,228,820,657,217,371,880,30,711,27,767,133,815,360,992,301,901,750,657,279,3,65,97,62,105,81,55,57,36,60,59,44,31,62,42,74,59,85,71,89,78,36,49,49,82,97,70,78,90,49,64,76,83
[ 201.596238] [AOA] Measurement: 0,1579901635.707803,04:d6:aa:ab:45:40,2,1,2,0,128,841,944,336,702,508,798,928,470,422,970,247,887,248,878,592,144,388,877,26,728,588,1018,665,969,878,141,306,899,266,844,725,464,58,87,57,94,73,48,50,27,51,50,34,26,48,34,62,51,72,61,75,66,34,40,42,65,81,56,61,70,38,53,57,65
[ 201.625428] [AOA] Measurement: 0,1579901635.737000,04:d6:aa:ab:45:40,2,1,2,0,128,844,940,383,780,60,985,860,435,411,939,235,842,276,861,602,169,315,836,14,714,66,794,153,821,386,953,336,918,165,800,655,429,62,86,57,92,71,45,52,29,51,50,37,22,53,33,59,49,75,61,76,64,31,36,40,65,83,58,60,72,38,52,59,65
[ 201.650563] [AOA] Measurement: 0,1579901635.762128,04:d6:aa:ab:45:40,2,1,2,0,128,435,158,913,918,17,1016,402,668,27,187,794,37,812,55,78,348,933,0,592,906,593,967,627,952,924,191,846,91,204,810,788,486,59,85,52,87,70,47,48,29,51,50,39,27,48,35,61,49,74,64,75,66,32,41,41,68,88,61,64,79,38,58,61,71
[ 201.681684] [AOA] Measurement: 0,1579901635.793249,04:d6:aa:ab:45:40,2,1,2,0,128,816,910,295,650,477,778,872,435,446,976,809,83,774,1016,564,93,362,858,532,872,616,1020,670,973,955,177,857,139,187,809,596,157,69,94,69,108,85,65,60,40,61,62,46,38,69,47,78,63,90,67,88,81,42,57,55,86,105,82,88,104,52,78,87,98
[ 201.711838] [AOA] Measurement: 0,1579901635.823403,04:d6:aa:ab:45:40,2,1,2,0,128,866,942,344,699,508,844,907,486,961,146,300,915,277,848,619,171,381,893,481,835,66,778,80,784,385,983,303,881,716,693,366,126,61,86,65,96,74,55,52,36,55,56,41,34,62,38,70,57,82,64,84,74,38,51,47,79,93,77,77,94,51,66,72,86
[ 201.741717] [AOA] Measurement: 0,1579901635.853282,04:d6:aa:ab:45:40,2,1,2,0,128,370,154,900,932,38,1016,871,454,451,992,310,928,868,45,188,439,959,66,581,916,624,24,679,5,900,152,877,120,168,811,345,1006,74,99,70,108,84,66,62,38,62,64,48,36,67,47,78,61,88,69,91,86,43,55,53,88,105,79,88,102,58,78,82,95
[ 201.770733] [AOA] Measurement: 0,1579901635.882306,04:d6:aa:ab:45:40,2,1,2,0,128,865,963,410,747,1016,957,915,475,426,991,260,889,234,830,616,174,920,22,573,915,485,923,611,953,413,13,893,109,121,798,662,286,67,98,68,103,85,62,61,36,62,62,46,36,69,46,76,62,90,72,90,82,38,52,52,85,103,81,82,102,53,73,79,89
[ 201.796518] [AOA] Measurement: 0,1579901635.908084,04:d6:aa:ab:45:40,2,1,2,0,128,803,928,379,724,21,1012,883,461,507,977,785,69,781,31,131,299,915,33,3,730,21,778,153,806,324,937,293,942,658,653,266,920,66,98,68,107,89,62,62,39,65,62,47,35,68,47,78,66,90,69,86,82,42,55,53,87,102,79,89,99,52,75,82,94
[ 201.827508] [AOA] Measurement: 0,1579901635.939073,04:d6:aa:ab:45:40,2,1,2,0,128,894,981,935,931,23,1018,393,656,30,170,814,68,825,25,122,346,948,43,485,828,651,1001,639,997,913,136,270,927,659,610,329,32,63,86,61,101,76,56,54,36,55,56,39,36,62,41,74,56,80,65,76,75,41,51,49,82,94,75,81,93,51,67,75,86
[ 201.855313] [AOA] Measurement: 0,1579901635.966885,04:d6:aa:ab:45:40,2,1,2,0,128,859,939,962,885,485,782,950,445,433,970,242,900,177,826,555,109,393,852,1,648,0,769,127,818,360,993,363,961,205,797,933,638,68,99,67,104,82,61,58,35,60,60,44,34,64,42,77,58,91,69,88,78,38,52,51,80,101,72,81,100,53,75,81,89
[ 201.881873] [AOA] Measurement: 0,1579901635.993437,04:d6:aa:ab:45:40,2,1,2,0,128,399,147,901,889,25,1015,419,631,1015,206,778,59,791,39,205,406,950,40,510,862,618,1001,641,970,966,159,832,65,170,815,438,6,67,93,67,106,84,66,58,43,62,63,43,38,69,47,79,59,90,68,89,81,42,54,55,88,100,86,87,109,56,77,86,99
[ 201.911917] [AOA] Measurement: 0,1579901636.023487,04:d6:aa:ab:45:40,2,1,2,0,128,829,933,314,650,425,722,944,478,407,971,281,958,210,839,582,172,339,837,1021,647,0,741,61,767,449,10,301,924,645,636,35,909,62,86,61,97,77,58,56,35,53,55,42,36,60,43,72,56,82,59,81,74,37,50,48,78,91,75,79,95,49,68,73,86
[ 201.935885] [AOA] Measurement: 0,1579901636.047457,04:d6:aa:ab:45:40,2,1,2,0,128,851,918,365,720,24,992,454,668,39,176,229,875,267,837,552,128,921,48,972,668,89,786,119,779,405,1013,318,918,687,668,706,418,72,95,66,110,85,63,60,40,64,62,48,36,67,47,80,63,92,75,89,82,41,55,54,87,103,79,85,103,55,72,84,96
[ 201.965273] [AOA] Measurement: 0,1579901636.076837,04:d6:aa:ab:45:40,2,1,2,0,128,435,125,930,910,435,779,878,431,458,0,252,915,202,821,581,117,444,877,983,664,8,768,117,772,427,998,926,121,146,811,312,72,63,84,60,92,71,57,55,35,56,57,44,36,60,44,70,56,77,59,78,74,40,48,48,78,90,75,80,98,54,74,79,90
[ 201.995044] [AOA] Measurement: 0,1579901636.106607,04:d6:aa:ab:45:40,2,1,2,0,128,799,923,363,688,488,783,942,453,444,962,194,825,270,897,540,123,347,835,534,880,578,932,114,785,479,17,286,894,638,614,617,347,58,82,62,99,76,59,56,33,56,59,42,37,60,43,71,54,81,66,79,75,37,49,47,79,91,74,83,93,53,72,76,89
[ 202.018853] [AOA] Measurement: 0,1579901636.130422,04:d6:aa:ab:45:40,2,1,2,0,128,865,944,325,708,506,754,926,460,478,962,245,898,854,33,135,361,340,847,1001,661,37,769,147,792,400,1011,799,59,696,650,736,464,62,86,62,100,75,52,53,32,54,55,38,30,59,39,66,54,80,64,77,75,36,46,45,71,86,67,68,82,44,62,70,78
[ 202.048759] [AOA] Measurement: 0,1579901636.160325,04:d6:aa:ab:45:40,2,1,2,0,128,939,6,870,856,513,830,416,643,1010,197,791,71,860,86,130,389,954,74,463,819,81,840,106,790,377,980,866,83,681,680,490,216,67,95,66,103,83,58,57,40,65,60,44,32,64,44,74,59,89,73,88,82,40,54,54,82,103,75,79,100,49,69,74,82
[ 202.078968] [AOA] Measurement: 0,1579901636.190536,04:d6:aa:ab:45:40,2,1,2,0,128,357,123,380,732,14,1016,413,653,435,989,244,882,258,861,559,148,395,861,552,906,566,953,648,945,356,1003,295,887,661,643,186,8,62,89,62,97,77,49,52,33,54,53,39,32,55,37,65,49,76,66,83,68,37,45,43,71,90,64,69,83,45,61,71,79
[ 202.107464] [AOA] Measurement: 0,1579901636.219034,04:d6:aa:ab:45:40,2,1,2,0,128,842,943,318,649,489,808,921,480,409,941,256,867,244,839,643,192,941,49,958,643,63,795,110,796,315,950,319,921,685,644,678,330,59,89,60,92,75,51,51,29,55,51,40,29,57,40,67,54,82,64,82,70,37,47,44,73,91,66,72,85,45,65,70,77
[ 202.134224] [AOA] Measurement: 0,1579901636.245789,04:d6:aa:ab:45:40,2,1,2,0,128,887,1002,334,701,492,798,949,454,492,992,264,906,271,870,123,369,927,35,1017,687,54,821,668,937,891,115,338,947,131,792,779,497,61,87,61,97,76,54,52,32,54,55,38,30,59,40,69,51,78,64,80,72,38,43,46,74,87,71,74,86,46,63,71,81
[ 202.165150] [AOA] Measurement: 0,1579901636.276722,04:d6:aa:ab:45:40,2,1,2,0,128,323,142,905,880,508,838,912,479,451,966,230,888,207,790,664,224,907,1011,509,860,6,759,120,770,370,986,314,889,633,637,20,784,59,80,59,91,74,56,56,35,57,55,42,36,60,44,72,55,79,60,79,71,34,50,48,77,92,72,81,93,52,70,73,85
[ 202.190199] [AOA] Measurement: 0,1579901636.301764,04:d6:aa:ab:45:40,2,1,2,0,128,381,128,934,933,1015,978,406,630,483,1015,830,97,792,3,185,399,908,48,569,881,626,4,664,1007,913,160,876,78,187,843,835,544,60,83,60,93,76,58,54,34,53,59,40,36,64,43,70,53,80,63,80,73,37,48,50,80,94,74,77,91,49,71,77,86
[ 202.222178] [AOA] Measurement: 0,1579901636.333743,04:d6:aa:ab:45:40,2,1,2,0,128,861,953,871,899,492,824,923,492,423,975,253,885,233,810,619,167,354,883,1015,703,15,792,128,795,900,183,884,110,173,833,783,424,66,91,65,101,86,61,60,38,61,61,44,41,65,48,79,60,90,66,88,80,40,53,56,83,105,81,87,107,57,79,85,94
[ 202.246893] [AOA] Measurement: 0,1579901636.358465,04:d6:aa:ab:45:40,2,1,2,0,128,885,994,983,909,1006,977,415,626,997,150,247,862,319,907,118,341,919,15,467,845,16,764,148,791,368,4,853,88,225,823,666,308,68,97,64,105,84,58,58,38,61,63,47,34,68,46,76,62,90,73,87,84,42,52,56,86,99,79,83,97,51,75,80,91
[ 202.274949] [AOA] Measurement: 0,1579901636.386516,04:d6:aa:ab:45:40,2,1,2,0,128,796,901,386,716,445,790,908,416,401,976,241,877,202,822,582,157,346,832,1004,648,92,807,51,775,413,992,301,950,654,614,511,306,73,98,71,103,86,67,60,38,62,64,47,37,70,51,77,60,91,68,88,83,45,57,54,87,103,85,87,105,56,75,81,96
[ 202.307218] [AOA] Measurement: 0,1579901636.418786,04:d6:aa:ab:45:40,2,1,2,0,128,847,970,912,872,429,746,992,498,431,971,243,903,799,27,527,59,395,867,998,703,14,778,59,750,431,8,302,924,708,656,306,48,59,87,58,96,75,52,51,31,52,52,37,28,56,37,61,52,77,65,77,70,36,43,41,70,86,61,67,82,39,55,66,76
[ 202.336131] [AOA] Measurement: 0,1579901636.447701,04:d6:aa:ab:45:40,2,1,2,0,128,397,118,314,688,472,815,918,486,454,958,266,880,839,56,561,171,947,74,470,879,11,778,80,791,413,9,274,913,177,818,280,973,60,83,64,93,74,57,56,36,57,54,41,33,64,40,72,52,82,61,75,70,38,50,48,79,92,78,81,92,53,69,76,91
[ 202.359774] [AOA] Measurement: 0,1579901636.471345,04:d6:aa:ab:45:40,2,1,2,0,128,844,962,331,733,532,798,934,456,496,976,242,887,299,873,574,140,318,829,1016,669,1001,753,72,777,344,963,298,891,699,625,253,993,64,87,64,99,80,65,57,39,58,61,46,39,67,49,79,57,88,67,82,75,41,55,55,90,101,81,84,109,58,76,83,97
[ 202.391468] [AOA] Measurement: 0,1579901636.503036,04:d6:aa:ab:45:40,2,1,2,0,128,878,958,396,695,24,1012,471,672,1002,179,868,121,871,89,147,408,962,70,525,884,599,992,687,1007,930,151,869,96,196,846,72,710,70,95,66,104,84,63,62,39,60,61,46,36,65,43,78,61,89,69,89,82,40,53,53,86,100,75,83,97,54,72,78,90
[ 202.422510] [AOA] Measurement: 0,1579901636.534076,04:d6:aa:ab:45:40,2,1,2,0,128,409,144,925,884,29,1,401,612,435,961,322,900,223,862,566,164,418,899,9,655,633,999,666,964,419,974,836,58,629,599,828,452,61,88,62,96,77,53,55,35,58,53,41,31,57,39,67,52,78,66,79,71,36,48,49,78,91,72,74,90,51,68,77,84
[ 202.453201] [AOA] Measurement: 0,1579901636.564766,04:d6:aa:ab:45:40,2,1,2,0,128,849,950,336,713,501,795,458,685,406,952,283,915,204,838,571,148,354,856,993,662,42,803,99,772,330,971,341,939,601,624,95,782,60,85,58,97,79,54,54,35,55,55,40,31,59,42,70,57,80,64,77,72,35,48,48,78,93,71,78,88,49,69,73,82
[ 202.477533] [AOA] Measurement: 0,1579901636.589100,04:d6:aa:ab:45:40,2,1,2,0,128,789,874,349,700,525,832,904,466,398,968,283,912,263,876,456,37,337,809,1000,660,25,722,140,788,354,966,310,937,650,628,257,50,60,83,61,96,77,58,52,36,56,57,40,34,62,41,71,55,79,60,79,72,37,48,48,78,92,71,80,89,51,67,79,86
[ 202.511046] [AOA] Measurement: 0,1579901636.622613,04:d6:aa:ab:45:40,2,1,2,0,128,883,946,937,928,29,977,427,625,460,3,262,894,220,825,525,87,326,817,979,649,77,794,131,789,954,206,832,80,151,812,796,399,68,98,65,103,82,58,63,34,60,59,45,31,61,42,75,58,89,73,87,77,36,50,46,79,99,72,75,92,48,70,76,86
[ 202.541558] [AOA] Measurement: 0,1579901636.653123,04:d6:aa:ab:45:40,2,1,2,0,128,872,964,363,640,93,24,402,610,0,182,316,955,258,879,135,350,923,42,984,643,115,831,98,801,354,975,313,912,723,662,495,90,68,98,72,109,84,65,60,36,61,62,48,34,65,47,76,59,90,70,90,76,40,50,53,84,104,79,85,99,52,71,83,96
[ 202.569920] [AOA] Measurement: 0,1579901636.681489,04:d6:aa:ab:45:40,2,1,2,0,128,869,961,336,694,427,746,928,493,506,26,310,917,227,874,142,350,881,11,966,629,62,780,73,785,371,990,378,968,210,858,437,118,66,88,66,98,81,67,58,42,61,61,44,36,65,48,77,57,89,65,85,78,42,56,54,84,102,86,90,104,56,77,84,97
[ 202.597755] [AOA] Measurement: 0,1579901636.709320,04:d6:aa:ab:45:40,2,1,2,0,128,820,967,389,721,481,772,989,483,427,1006,297,946,186,800,583,120,396,856,978,634,85,794,37,715,383,969,294,941,678,664,447,95,67,92,69,107,84,66,62,39,59,60,47,41,66,48,76,61,93,70,90,80,40,51,54,87,102,80,83,105,59,77,84,95
[ 202.629143] [AOA] Measurement: 0,1579901636.740708,04:d6:aa:ab:45:40,2,1,2,0,128,361,116,326,680,469,803,877,434,475,1020,868,80,805,3,94,366,972,58,560,938,629,991,618,961,950,148,824,88,194,821,921,645,65,90,59,97,80,54,53,32,56,53,40,26,55,34,66,54,82,69,81,66,36,44,41,76,92,59,67,77,37,57,66,69
[ 202.661539] [AOA] Measurement: 0,1579901636.773104,04:d6:aa:ab:45:40,2,1,2,0,128,813,933,401,700,494,796,851,399,413,984,189,895,244,853,645,160,994,72,975,650,12,779,139,791,392,1008,331,907,661,640,421,169,72,97,68,110,87,61,63,36,62,64,46,38,66,45,77,61,91,73,94,82,45,54,53,85,101,83,84,95,54,75,80,92
[ 202.691607] [AOA] Measurement: 0,1579901636.803178,04:d6:aa:ab:45:40,2,1,2,0,128,815,962,322,678,506,796,897,454,399,906,249,893,259,847,632,182,870,23,547,890,582,984,675,997,930,152,345,926,669,650,422,142,70,95,68,105,85,62,59,42,64,62,47,36,67,47,80,61,93,70,90,80,40,56,52,88,101,84,85,98,55,76,82,94
[ 202.716542] [AOA] Measurement: 0,1579901636.828114,04:d6:aa:ab:45:40,2,1,2,0,128,345,87,934,943,995,996,475,746,899,89,788,45,771,1011,612,142,974,30,486,824,635,0,616,977,301,977,894,93,223,833,256,960,67,96,67,105,86,65,62,39,59,62,48,37,66,46,80,62,89,73,90,82,39,56,54,86,102,80,84,99,56,74,79,91
[ 202.742848] [AOA] Measurement: 0,1579901636.854418,04:d6:aa:ab:45:40,2,1,2,0,128,871,956,911,893,1002,960,975,486,1015,178,801,81,230,836,587,164,898,17,564,842,626,0,609,928,981,177,872,69,182,821,532,132,63,85,61,92,76,56,56,34,57,55,38,32,62,42,70,56,84,66,80,71,34,48,46,76,87,67,70,84,48,62,68,82
[ 202.776006] [AOA] Measurement: 0,1579901636.887571,04:d6:aa:ab:45:40,2,1,2,0,128,863,970,323,703,450,781,985,501,1007,149,209,866,211,830,619,140,912,42,526,878,14,764,109,781,401,1010,293,943,638,640,456,257,66,88,61,94,76,55,55,36,54,57,42,32,61,40,70,54,83,62,80,72,37,49,46,79,95,74,76,94,52,68,72,84
[ 202.807406] [AOA] Measurement: 0,1579901636.918971,04:d6:aa:ab:45:40,2,1,2,0,128,935,995,360,657,443,784,876,430,382,980,180,877,257,844,572,127,409,852,1021,646,72,809,122,838,374,999,330,876,652,621,619,353,70,93,67,108,84,60,61,39,64,59,45,38,67,45,77,60,90,74,88,80,41,53,52,83,102,79,85,96,51,73,80,93
[ 202.837284] [AOA] Measurement: 0,1579901636.948857,04:d6:aa:ab:45:40,2,1,2,0,128,851,952,332,689,465,755,901,454,457,994,303,945,223,821,635,208,935,44,476,815,27,775,126,821,377,997,343,952,178,812,632,308,68,98,65,105,81,54,57,34,60,59,41,33,62,41,72,57,87,69,86,79,41,51,50,83,99,74,76,86,45,68,75,83
[ 202.864881] [AOA] Measurement: 0,1579901636.976446,04:d6:aa:ab:45:40,2,1,2,0,128,940,988,890,842,469,788,929,436,419,1000,247,939,233,844,568,135,338,851,992,663,63,817,143,802,418,3,277,914,633,614,374,34,64,89,57,92,72,50,52,30,55,51,37,27,53,36,64,47,74,62,78,65,35,43,44,69,86,62,64,79,40,59,66,76
[ 202.890733] [AOA] Measurement: 0,1579901637.002304,04:d6:aa:ab:45:40,2,1,2,0,128,919,997,919,908,493,791,921,419,448,971,256,880,238,823,577,124,455,919,984,669,93,829,109,761,920,162,267,885,216,857,600,338,59,85,59,96,78,58,53,35,55,54,38,33,59,42,70,52,80,64,80,72,36,48,45,78,92,69,71,88,45,66,71,80
[ 202.922750] [AOA] Measurement: 0,1579901637.034316,04:d6:aa:ab:45:40,2,1,2,0,128,850,942,371,714,520,805,957,457,467,990,264,866,182,791,579,147,341,838,1017,717,56,793,113,784,396,984,367,912,165,799,523,201,72,94,62,101,84,55,57,35,62,58,45,37,64,44,76,62,89,70,89,85,39,50,47,80,97,70,82,98,51,70,81,89
[ 202.954379] [AOA] Measurement: 0,1579901637.065944,04:d6:aa:ab:45:40,2,1,2,0,128,839,944,354,675,483,805,901,471,472,986,265,909,227,836,625,125,930,57,494,825,40,804,125,797,444,16,243,942,708,647,506,267,69,91,67,102,82,67,61,42,62,63,45,40,67,47,77,61,84,66,88,80,42,51,53,85,103,84,86,103,62,76,91,102
[ 202.984303] [AOA] Measurement: 0,1579901637.095875,04:d6:aa:ab:45:40,2,1,2,0,128,867,994,911,923,3,978,468,707,420,986,844,62,758,1021,102,312,348,878,957,649,24,790,658,949,407,1009,872,127,223,848,806,327,61,84,61,97,75,58,56,37,57,56,42,34,59,42,73,56,81,63,78,75,37,49,47,78,92,73,77,94,50,68,79,86
[ 203.011934] [AOA] Measurement: 0,1579901637.123500,04:d6:aa:ab:45:40,2,1,2,0,128,823,970,302,678,486,809,929,435,447,1002,217,895,232,822,652,193,420,924,991,684,590,955,651,1003,949,174,876,91,186,844,417,34,63,94,64,100,75,48,54,31,51,54,41,28,55,35,62,51,79,69,77,68,36,44,43,71,88,59,66,78,39,55,66,75
[ 203.043485] [AOA] Measurement: 0,1579901637.155050,04:d6:aa:ab:45:40,2,1,2,0,128,842,928,323,720,515,815,430,669,475,1015,245,906,225,815,587,139,372,838,955,639,96,827,101,796,400,1007,318,936,176,832,867,512,68,93,66,102,82,64,61,37,60,57,46,40,65,46,79,59,88,70,88,79,39,54,51,87,102,83,85,101,57,78,81,94
[ 203.075569] [AOA] Measurement: 0,1579901637.187135,04:d6:aa:ab:45:40,2,1,2,0,128,876,941,396,727,480,786,933,446,455,978,316,950,238,831,587,128,379,861,980,633,97,771,81,775,390,981,303,884,683,658,144,926,60,87,60,97,74,56,56,35,54,56,43,35,60,42,71,54,80,61,78,73,40,50,49,78,92,72,77,93,49,69,77,82
[ 203.100477] [AOA] Measurement: 0,1579901637.212040,04:d6:aa:ab:45:40,2,1,2,0,128,829,940,990,919,1016,7,431,618,24,202,893,99,754,1005,562,127,408,906,515,881,587,987,714,998,995,198,841,104,251,865,295,1012,62,85,61,95,79,54,53,34,56,54,38,35,62,42,68,52,80,62,82,73,37,48,45,76,95,72,71,84,46,66,71,82
[ 203.130958] [AOA] Measurement: 0,1579901637.242529,04:d6:aa:ab:45:40,2,1,2,0,128,838,907,342,724,486,802,924,445,477,1013,276,880,273,847,623,143,348,848,1001,643,41,797,603,918,431,1003,843,78,166,826,871,555,61,88,58,100,78,53,54,35,57,55,43,29,58,40,68,57,78,64,82,73,36,48,47,75,94,70,75,90,46,68,70,80
[ 203.160773] [AOA] Measurement: 0,1579901637.272338,04:d6:aa:ab:45:40,2,1,2,0,128,817,895,320,670,459,795,869,388,442,936,304,917,225,828,553,120,375,861,1,661,55,808,119,782,398,1020,867,94,622,627,808,491,66,96,67,107,84,62,60,39,62,60,47,34,63,44,76,61,90,70,88,78,40,52,49,85,102,78,83,98,53,69,81,92
[ 203.192457] [AOA] Measurement: 0,1579901637.304022,04:d6:aa:ab:45:40,2,1,2,0,128,848,934,336,666,535,823,860,418,509,1012,263,864,254,880,593,130,391,863,971,669,997,728,125,822,441,2,872,105,632,623,469,192,63,83,61,98,77,57,55,37,55,55,40,37,60,43,71,55,81,64,77,73,38,49,52,77,94,76,76,92,51,69,73,83
[ 203.223994] [AOA] Measurement: 0,1579901637.335559,04:d6:aa:ab:45:40,2,1,2,0,128,885,914,437,663,529,814,950,406,490,1023,289,946,165,841,636,126,950,23,523,842,647,13,602,972,419,1002,298,944,192,822,519,292,62,89,59,98,78,55,53,32,56,54,39,31,57,40,68,52,79,66,80,71,37,46,46,77,92,71,74,86,46,65,69,81
[ 203.263067] [AOA] Measurement: 0,1579901637.374638,04:d6:aa:ab:45:40,2,1,2,0,128,835,967,354,720,480,808,823,401,493,1007,266,927,238,825,617,186,360,866,1005,699,591,971,53,764,423,16,275,915,642,603,572,270,65,87,58,94,74,51,50,32,58,54,41,26,57,35,65,52,79,68,83,72,36,43,44,69,89,63,65,79,39,59,68,70
[ 203.293563] [AOA] Measurement: 0,1579901637.405135,04:d6:aa:ab:45:40,2,1,2,0,128,872,960,921,908,7,982,413,679,1006,141,854,107,830,26,100,345,906,4,471,828,624,1004,632,939,369,5,911,111,155,834,920,570,66,94,67,103,86,61,59,40,63,60,46,36,68,47,77,59,89,69,89,83,39,58,55,89,101,81,86,102,55,77,81,96
[ 203.319253] [AOA] Measurement: 0,1579901637.430825,04:d6:aa:ab:45:40,2,1,2,0,128,357,130,323,718,59,4,896,470,19,161,202,844,321,861,598,134,424,899,549,885,607,993,650,954,339,960,322,915,680,648,449,237,67,97,67,105,77,56,59,34,57,58,40,28,57,38,71,57,83,69,89,77,38,49,49,76,97,67,70,87,42,67,73,82
[ 203.349849] [AOA] Measurement: 0,1579901637.461414,04:d6:aa:ab:45:40,2,1,2,0,128,895,973,385,719,464,800,924,487,450,970,361,972,821,1019,137,389,919,41,506,853,603,15,624,971,360,951,864,81,589,566,689,474,65,88,65,96,78,56,53,36,55,56,42,32,60,40,71,55,79,64,82,70,38,47,49,78,92,74,78,90,47,65,72,82
[ 203.375080] [AOA] Measurement: 0,1579901637.486650,04:d6:aa:ab:45:40,2,1,2,0,128,832,958,403,768,454,789,961,491,401,976,244,895,207,826,614,166,372,852,1008,677,36,766,86,791,411,2,866,59,675,616,329,78,65,90,69,102,88,66,57,39,65,63,45,37,67,42,77,62,91,68,86,80,38,52,53,86,101,82,81,101,53,76,86,93
[ 203.403279] [AOA] Measurement: 0,1579901637.514845,04:d6:aa:ab:45:40,2,1,2,0,128,939,2,383,701,477,790,893,478,454,1001,257,895,160,815,567,113,383,871,1019,651,53,773,78,777,437,9,316,953,152,780,616,276,62,86,59,96,73,52,52,33,56,52,40,29,59,35,66,52,78,64,80,71,38,44,43,69,87,62,69,81,42,59,66,78
[ 203.435003] [AOA] Measurement: 0,1579901637.546569,04:d6:aa:ab:45:40,2,1,2,0,128,893,971,352,709,485,809,916,469,433,978,228,889,252,885,605,157,367,865,956,610,30,774,98,790,366,983,288,904,642,617,708,487,60,87,55,89,76,56,52,34,53,58,38,33,58,43,67,52,79,61,79,71,36,47,46,76,92,70,74,89,49,66,71,82
[ 203.474396] [AOA] Measurement: 0,1579901637.585967,04:d6:aa:ab:45:40,2,1,2,0,128,416,157,881,861,0,978,922,475,65,226,820,85,895,38,146,347,898,27,541,876,44,778,119,811,922,116,248,882,209,853,473,91,73,95,69,109,85,66,61,39,63,63,48,36,68,47,81,60,91,74,88,83,43,54,54,85,102,81,83,100,55,77,82,96
[ 203.504385] [AOA] Measurement: 0,1579901637.615956,04:d6:aa:ab:45:40,2,1,2,0,128,852,976,897,936,17,986,474,686,945,134,860,94,808,1011,151,371,884,0,564,881,540,962,134,792,341,965,317,930,196,829,499,179,61,83,55,90,70,47,50,28,52,52,35,28,54,36,65,51,78,65,78,68,33,43,40,70,85,65,65,78,40,54,68,73
[ 203.532431] [AOA] Measurement: 0,1579901637.643996,04:d6:aa:ab:45:40,2,1,2,0,128,871,960,324,732,43,1002,872,439,1002,130,796,59,798,22,132,401,947,39,528,887,573,996,664,992,910,157,882,99,210,829,76,700,63,87,64,94,74,54,54,34,54,54,40,31,55,36,66,52,77,65,76,70,36,44,44,70,91,65,70,85,46,58,67,76
[ 203.564549] [AOA] Measurement: 0,1579901637.676119,04:d6:aa:ab:45:40,2,1,2,0,128,869,955,941,923,12,3,419,609,940,166,830,51,808,14,180,396,987,56,495,802,34,796,633,973,905,150,276,904,198,867,103,708,71,100,67,101,83,58,60,36,61,59,49,35,63,43,77,56,90,74,87,84,40,51,52,83,100,79,81,96,52,72,79,92
[ 203.591109] [AOA] Measurement: 0,1579901637.702674,04:d6:aa:ab:45:40,2,1,2,0,128,902,975,883,906,1021,986,893,478,991,170,292,914,825,44,601,157,339,867,1003,698,629,1017,153,813,906,155,857,100,171,801,67,888,61,82,61,88,76,59,54,35,58,55,42,32,62,44,72,55,74,61,79,74,37,48,49,77,94,74,81,95,52,70,76,86
[ 203.623507] [AOA] Measurement: 0,1579901637.735072,04:d6:aa:ab:45:40,2,1,2,0,128,890,948,388,696,546,843,927,434,420,958,258,863,296,876,67,312,359,846,983,619,83,813,94,774,363,986,316,907,647,610,302,4,66,89,60,96,79,55,53,36,57,54,43,34,60,41,70,53,83,62,84,72,39,46,46,72,96,69,76,90,47,64,71,84
[ 203.648854] [AOA] Measurement: 0,1579901637.760394,04:d6:aa:ab:45:40,2,1,2,0,128,350,120,911,870,1006,988,427,650,404,926,251,904,249,822,567,153,388,876,989,677,75,812,668,964,434,1015,874,61,122,809,651,311,62,88,60,96,76,58,52,38,57,54,42,34,60,43,71,54,82,61,79,74,35,49,51,79,91,72,75,90,51,68,72,85
[ 203.684862] [AOA] Measurement: 0,1579901637.796434,04:d6:aa:ab:45:40,2,1,2,0,128,885,993,396,769,509,821,974,469,385,917,226,878,233,845,564,142,413,875,976,655,81,812,676,1009,890,133,822,64,705,655,82,858,64,91,62,96,76,60,54,35,54,59,42,35,58,41,69,55,80,62,82,73,38,50,47,79,86,70,75,90,51,70,71,84
[ 203.715414] [AOA] Measurement: 0,1579901637.826986,04:d6:aa:ab:45:40,2,1,2,0,128,887,973,373,697,509,831,936,456,429,981,245,875,251,863,566,125,395,872,961,630,64,791,34,783,334,965,304,900,669,629,803,541,70,96,66,109,82,60,59,35,58,60,42,33,63,47,76,57,87,71,88,79,42,50,53,81,99,76,83,95,46,69,77,87
[ 203.743631] [AOA] Measurement: 0,1579901637.855196,04:d6:aa:ab:45:40,2,1,2,0,128,883,965,940,978,10,994,454,687,429,983,262,893,224,841,573,177,364,842,1014,640,12,777,78,739,383,1006,294,911,728,668,1007,759,69,97,69,106,85,62,58,37,62,62,44,36,66,45,72,63,89,71,88,75,38,53,51,79,100,74,81,94,52,71,75,87
[ 203.775443] [AOA] Measurement: 0,1579901637.887013,04:d6:aa:ab:45:40,2,1,2,0,128,807,929,310,698,544,825,897,505,427,989,271,915,253,847,599,193,420,885,971,668,99,854,698,988,963,159,315,921,687,664,276,66,70,95,66,103,83,64,59,40,63,63,46,36,66,46,80,60,89,71,87,81,44,56,54,86,102,79,88,103,58,81,85,98
[ 203.804541] [AOA] Measurement: 0,1579901637.916105,04:d6:aa:ab:45:40,2,1,2,0,128,920,1007,347,714,439,775,907,526,79,173,800,80,832,62,182,421,913,12,592,919,550,967,631,976,921,164,250,922,636,673,549,197,69,94,67,107,86,65,63,39,64,61,45,37,69,48,76,62,86,68,87,79,45,56,58,90,99,82,89,106,55,77,84,101
[ 203.836199] [AOA] Measurement: 0,1579901637.947771,04:d6:aa:ab:45:40,2,1,2,0,128,452,145,919,884,530,840,443,652,960,118,236,901,266,840,564,134,394,858,967,611,57,771,122,810,386,975,350,979,202,880,976,581,70,95,67,106,86,65,60,38,62,63,47,39,70,49,81,62,91,68,89,77,43,55,52,87,109,85,88,108,58,80,85,96
[ 203.864872] [AOA] Measurement: 0,1579901637.976436,04:d6:aa:ab:45:40,2,1,2,0,128,874,960,386,700,479,790,979,515,1,159,841,73,810,56,70,345,921,12,523,859,34,732,148,837,383,973,368,949,611,620,413,109,63,89,58,98,71,53,51,33,53,54,41,29,57,38,65,50,79,61,79,69,33,42,42,67,86,62,70,81,45,62,64,74
[ 203.891275] [AOA] Measurement: 0,1579901638.002844,04:d6:aa:ab:45:40,2,1,2,0,128,866,990,387,714,1019,968,911,491,446,988,830,99,807,21,142,386,991,74,495,832,568,981,67,782,945,131,306,925,626,647,398,166,60,85,60,89,72,49,51,36,55,51,38,29,56,35,64,51,77,64,78,68,34,43,41,70,83,61,65,79,38,58,62,70
[ 203.916716] [AOA] Measurement: 0,1579901638.028288,04:d6:aa:ab:45:40,2,1,2,0,128,386,138,857,926,5,1008,929,498,922,67,243,916,854,73,164,360,964,64,493,844,618,996,663,948,925,154,858,61,202,854,133,864,71,97,65,107,79,59,59,38,63,56,45,32,65,41,74,59,85,72,89,71,39,48,49,79,98,72,78,92,47,65,73,84
[ 203.945204] [AOA] Measurement: 0,1579901638.056771,04:d6:aa:ab:45:40,2,1,2,0,128,866,960,932,917,6,974,915,505,426,962,294,934,250,864,601,192,887,1,507,840,580,928,681,997,902,141,328,929,240,808,161,849,54,87,57,92,68,49,51,29,51,51,38,27,54,36,64,49,77,61,78,68,34,43,44,68,91,60,66,77,40,56,66,75
[ 203.973177] [AOA] Measurement: 0,1579901638.084749,04:d6:aa:ab:45:40,2,1,2,0,128,864,921,394,703,508,830,974,482,435,972,376,1002,800,55,111,352,351,857,14,646,646,2,660,986,986,142,316,934,254,825,376,70,71,97,68,108,83,62,61,40,65,65,51,37,68,47,77,63,92,69,91,84,42,53,54,86,101,82,86,105,56,76,84,96
[ 203.998776] [AOA] Measurement: 0,1579901638.110342,04:d6:aa:ab:45:40,2,1,2,0,128,846,958,316,686,481,761,890,447,417,977,327,937,210,828,156,359,999,88,538,855,583,969,634,1003,962,173,813,52,206,838,18,702,67,92,59,98,73,50,51,32,54,53,40,23,53,35,62,51,75,67,77,69,31,45,39,66,86,57,61,75,37,54,60,66
[ 204.032934] [AOA] Measurement: 0,1579901638.144499,04:d6:aa:ab:45:40,2,1,2,0,128,399,119,951,955,986,1016,409,644,444,999,276,930,239,839,598,130,953,60,556,886,601,985,669,12,925,178,884,123,195,848,80,719,68,95,68,104,83,58,56,36,60,60,43,29,59,39,68,55,88,72,85,78,36,46,46,79,94,67,71,87,41,62,70,79
[ 204.064160] [AOA] Measurement: 0,1579901638.175729,04:d6:aa:ab:45:40,2,1,2,0,128,852,919,372,706,505,805,860,419,429,928,289,940,770,998,627,192,372,872,1003,667,55,804,113,797,490,51,844,137,141,802,247,956,66,89,64,101,84,64,60,41,59,60,47,36,69,46,75,60,87,66,87,80,41,55,54,89,100,81,88,102,59,80,83,96
[ 204.093810] [AOA] Measurement: 0,1579901638.205374,04:d6:aa:ab:45:40,2,1,2,0,128,885,966,921,941,511,834,442,664,3,172,234,865,210,836,613,187,933,30,465,793,76,795,102,807,397,1016,335,969,677,634,515,224,69,96,69,106,83,62,57,35,63,62,47,39,67,48,78,60,88,70,89,80,44,54,57,87,103,81,89,103,56,80,82,94
[ 204.125276] [AOA] Measurement: 0,1579901638.236848,04:d6:aa:ab:45:40,2,1,2,0,128,836,917,384,702,15,1016,374,647,469,987,249,867,263,849,566,133,343,838,986,634,34,761,69,778,403,996,837,92,213,856,607,305,63,92,60,100,76,51,57,34,55,57,39,29,58,34,67,55,84,69,82,71,37,47,44,71,93,66,67,84,43,63,72,78
[ 204.153962] [AOA] Measurement: 0,1579901638.265527,04:d6:aa:ab:45:40,2,1,2,0,128,842,972,967,941,429,767,426,661,17,169,243,852,238,837,602,199,367,850,12,670,78,802,669,986,935,150,348,943,191,814,380,48,68,90,69,101,85,60,58,36,64,58,46,33,64,46,76,58,89,73,88,80,39,52,48,83,97,72,78,92,51,70,75,86
[ 204.185766] [AOA] Measurement: 0,1579901638.297337,04:d6:aa:ab:45:40,2,1,2,0,128,858,956,280,605,506,778,986,477,419,989,234,884,268,838,597,114,357,871,980,599,59,783,117,752,414,1012,320,930,722,682,400,48,63,88,59,97,76,55,55,33,57,56,43,32,59,43,72,56,80,65,81,74,37,48,48,78,96,73,77,94,50,69,75,88
[ 204.214808] [AOA] Measurement: 0,1579901638.326373,04:d6:aa:ab:45:40,2,1,2,0,128,857,958,367,713,478,771,866,423,409,942,328,903,261,858,650,187,360,923,543,854,64,793,163,836,911,128,871,84,187,841,662,273,67,90,64,103,84,62,61,41,58,61,46,37,65,48,79,62,86,70,92,82,43,53,52,85,103,81,87,101,54,77,81,92
[ 204.246844] [AOA] Measurement: 0,1579901638.358414,04:d6:aa:ab:45:40,2,1,2,0,128,413,134,819,852,59,1003,481,720,1016,189,789,62,774,7,566,120,927,57,512,855,637,1009,99,759,394,976,306,919,650,641,720,454,72,99,65,104,82,59,58,38,59,62,46,35,64,43,74,58,92,71,91,80,41,52,53,82,102,77,79,95,49,72,79,88
[ 204.278924] [AOA] Measurement: 0,1579901638.390489,04:d6:aa:ab:45:40,2,1,2,0,128,910,998,944,937,1020,1017,430,685,970,147,304,897,312,895,100,338,385,854,1003,638,583,997,658,962,417,20,870,83,169,773,898,594,57,81,51,83,65,42,48,24,48,46,36,21,48,31,55,49,70,63,72,60,30,37,37,61,78,51,55,68,33,50,57,65
[ 204.310727] [AOA] Measurement: 0,1579901638.422296,04:d6:aa:ab:45:40,2,1,2,0,128,863,971,928,937,445,804,945,501,970,174,787,39,214,836,628,178,400,871,501,844,33,806,646,987,962,168,877,86,193,872,919,509,72,99,69,105,86,66,60,40,62,66,47,38,67,48,80,63,91,66,89,79,41,55,57,84,103,84,89,108,56,79,84,99
[ 204.340419] [AOA] Measurement: 0,1579901638.451986,04:d6:aa:ab:45:40,2,1,2,0,128,352,129,322,689,483,827,855,477,463,4,807,36,292,870,576,156,398,860,520,913,637,1015,657,977,923,125,857,82,228,832,776,410,65,88,61,94,75,57,53,32,55,57,40,32,56,41,70,58,79,63,80,71,40,48,49,76,95,68,78,93,52,70,73,86
[ 204.367171] [AOA] Measurement: 0,1579901638.478742,04:d6:aa:ab:45:40,2,1,2,0,128,907,979,366,729,15,27,457,697,1003,187,854,69,830,74,156,389,962,40,526,874,609,999,605,948,406,2,825,81,661,665,900,539,61,83,61,93,72,58,53,36,56,55,41,34,62,43,71,52,81,60,77,70,35,49,47,79,95,75,77,95,52,68,75,87
[ 204.394697] [AOA] Measurement: 0,1579901638.506262,04:d6:aa:ab:45:40,2,1,2,0,128,359,129,932,912,463,836,400,617,427,958,303,918,828,26,134,368,916,20,587,924,654,27,651,967,946,174,884,104,214,844,152,730,58,77,57,91,70,54,53,34,52,54,40,35,59,41,66,52,73,58,76,66,35,49,48,76,88,75,81,89,55,70,77,89
[ 204.427836] [AOA] Measurement: 0,1579901638.539396,04:d6:aa:ab:45:40,2,1,2,0,128,904,1012,907,909,1002,943,922,473,473,1012,236,887,291,892,123,358,314,828,983,667,44,776,81,788,437,1019,298,908,199,840,656,305,63,89,60,96,75,55,56,35,53,53,40,28,58,40,67,52,77,65,82,72,39,44,45,77,92,71,72,91,49,65,72,84
[ 204.455772] [AOA] Measurement: 0,1579901638.567337,04:d6:aa:ab:45:40,2,1,2,0,128,830,934,352,688,418,774,845,444,457,1013,205,859,298,881,538,120,306,780,979,636,110,805,637,960,398,1002,843,98,635,609,48,925,61,86,61,97,77,57,55,36,56,57,41,36,61,42,69,57,77,63,80,74,39,46,48,78,93,70,78,90,50,71,75,85
[ 204.489164] [AOA] Measurement: 0,1579901638.600736,04:d6:aa:ab:45:40,2,1,2,0,128,415,134,945,896,99,57,472,628,963,154,845,124,754,21,85,344,923,21,561,904,599,1006,654,981,975,182,938,128,146,823,811,419,54,78,46,83,62,39,41,25,43,46,33,21,44,26,51,43,70,59,70,61,29,35,35,60,76,53,56,66,31,47,55,60
[ 204.514932] [AOA] Measurement: 0,1579901638.626504,04:d6:aa:ab:45:40,2,1,2,0,128,428,176,866,900,69,35,394,650,1002,184,787,27,773,13,132,402,963,26,467,846,32,803,114,778,395,1007,900,109,143,815,718,447,70,93,64,102,82,58,54,36,61,58,42,31,58,39,69,58,87,71,87,76,38,46,48,74,97,69,70,84,44,64,74,83
[ 204.546393] [AOA] Measurement: 0,1579901638.657959,04:d6:aa:ab:45:40,2,1,2,0,128,890,973,945,953,494,797,444,661,501,1011,248,878,270,844,623,163,363,845,1002,657,80,819,78,779,339,949,360,943,162,815,240,980,61,86,58,92,74,58,53,36,55,56,39,36,59,44,74,57,80,60,81,72,38,48,49,77,94,74,79,94,49,71,74,86
[ 204.579072] [AOA] Measurement: 0,1579901638.690644,04:d6:aa:ab:45:40,2,1,2,0,128,384,110,866,886,22,1005,477,701,1017,177,809,64,775,0,136,378,890,13,1017,688,1015,751,113,782,362,974,374,958,184,831,430,32,63,84,59,96,75,56,57,33,55,57,40,35,60,43,70,54,79,63,79,72,37,47,48,77,96,69,75,89,46,67,71,85
[ 204.608450] [AOA] Measurement: 0,1579901638.720016,04:d6:aa:ab:45:40,2,1,2,0,128,884,962,333,693,514,830,447,660,1004,183,879,112,796,21,130,326,903,31,464,808,629,999,636,956,358,992,807,46,681,645,629,375,69,91,64,98,83,64,61,38,60,62,45,40,65,48,78,60,86,67,84,77,39,56,56,86,101,85,87,107,57,76,84,102
[ 204.635247] [AOA] Measurement: 0,1579901638.746820,04:d6:aa:ab:45:40,2,1,2,0,128,834,896,367,704,421,757,943,503,452,1004,296,919,227,849,591,157,424,906,1014,671,15,757,128,784,313,954,223,865,700,682,819,614,65,96,70,109,81,61,62,39,65,63,47,39,65,46,80,62,89,71,89,82,39,53,51,84,98,76,80,97,50,72,78,93
[ 204.663427] [AOA] Measurement: 0,1579901638.774993,04:d6:aa:ab:45:40,2,1,2,0,128,890,984,443,748,478,844,929,451,499,1012,848,129,828,56,150,379,900,1020,492,830,609,1023,662,967,899,169,847,96,222,849,48,760,68,97,69,106,87,67,61,39,61,63,46,38,67,47,79,61,86,69,90,84,42,56,55,86,103,84,89,101,53,79,84,96
[ 204.692339] [AOA] Measurement: 0,1579901638.803909,04:d6:aa:ab:45:40,2,1,2,0,128,845,914,389,680,501,781,893,439,437,992,190,853,234,854,604,157,959,65,536,904,587,984,100,791,441,3,838,114,166,826,208,855,69,97,67,108,83,57,57,32,61,60,43,33,62,41,74,57,85,71,88,78,38,50,49,80,98,75,80,95,50,69,78,91
[ 204.725673] [AOA] Measurement: 0,1579901638.837239,04:d6:aa:ab:45:40,2,1,2,0,128,810,913,378,729,436,774,852,384,435,983,198,852,254,828,595,160,431,926,999,672,566,955,120,773,329,948,355,921,203,841,406,93,68,98,67,107,83,59,62,33,63,60,44,36,66,48,79,62,90,71,88,83,40,53,51,84,101,77,82,100,53,74,79,91
[ 204.759919] [AOA] Measurement: 0,1579901638.871491,04:d6:aa:ab:45:40,2,1,2,0,128,385,135,340,701,531,829,469,671,458,1021,788,10,233,859,610,165,319,851,951,674,26,773,85,721,376,961,293,897,240,847,134,848,62,87,60,98,78,53,56,34,56,54,42,32,59,42,66,54,79,63,81,72,36,49,49,78,91,69,76,89,47,66,73,85
[ 204.785995] [AOA] Measurement: 0,1579901638.897569,04:d6:aa:ab:45:40,2,1,2,0,128,854,967,939,918,7,1010,410,681,477,2,794,90,257,822,575,160,346,878,453,805,62,788,54,771,474,6,278,868,715,691,212,890,66,88,64,101,81,64,59,38,59,62,43,36,66,48,75,59,87,65,87,76,42,52,55,90,104,86,89,102,59,76,83,98
[ 204.816829] [AOA] Measurement: 0,1579901638.928393,04:d6:aa:ab:45:40,2,1,2,0,128,387,151,810,851,485,792,921,489,389,937,253,904,220,794,601,141,284,799,1018,674,21,815,84,749,358,996,260,883,672,627,871,593,61,91,58,92,73,53,50,32,54,53,41,30,57,38,66,54,78,64,76,69,36,45,48,74,92,66,68,87,44,63,67,77
[ 204.843714] [AOA] Measurement: 0,1579901638.955284,04:d6:aa:ab:45:40,2,1,2,0,128,470,155,877,814,1017,1006,981,447,1015,166,814,75,218,852,591,140,396,871,982,606,83,822,170,815,399,1018,304,910,212,817,408,54,59,82,51,87,67,42,47,28,52,49,35,24,50,32,59,49,69,61,71,66,32,39,40,65,86,57,61,72,35,52,56,62
[ 204.872043] [AOA] Measurement: 0,1579901638.983608,04:d6:aa:ab:45:40,2,1,2,0,128,790,891,341,694,429,790,887,453,427,983,337,924,257,868,583,130,335,890,552,884,676,19,675,993,946,166,902,121,224,865,452,33,70,95,63,106,85,59,59,38,64,59,43,34,64,41,75,57,85,67,87,79,40,50,47,78,94,71,77,91,49,68,74,87
[ 204.905581] [AOA] Measurement: 0,1579901639.017143,04:d6:aa:ab:45:40,2,1,2,0,128,805,912,385,706,553,833,873,414,503,5,303,899,165,812,554,151,337,851,959,612,66,741,127,794,375,959,321,932,656,629,536,345,70,99,67,102,81,57,54,34,62,58,44,30,62,42,74,56,88,71,87,75,38,49,49,79,97,68,73,86,44,65,71,78
[ 204.933337] [AOA] Measurement: 0,1579901639.044902,04:d6:aa:ab:45:40,2,1,2,0,128,415,139,876,854,553,858,855,436,491,1000,234,869,248,803,656,196,410,853,517,867,597,7,666,954,8,230,844,89,190,813,332,10,64,88,60,95,78,56,54,33,55,54,41,33,59,42,68,56,78,63,80,72,39,49,47,76,93,71,75,91,49,65,77,84
[ 204.962179] [AOA] Measurement: 0,1579901639.073750,04:d6:aa:ab:45:40,2,1,2,0,128,899,969,914,894,492,802,921,478,385,935,298,943,814,24,150,391,913,35,513,882,583,996,630,985,878,159,918,112,181,802,768,446,61,87,60,93,75,51,52,32,55,52,41,29,57,40,65,54,79,64,79,68,37,46,45,74,88,66,69,82,43,63,68,78
[ 204.995090] [AOA] Measurement: 0,1579901639.106662,04:d6:aa:ab:45:40,2,1,2,0,128,884,927,298,660,476,765,933,477,424,1000,871,103,806,28,119,330,363,869,977,648,40,793,140,822,415,990,318,927,633,626,198,975,62,82,54,91,70,46,46,30,52,48,37,24,49,34,60,49,73,64,75,66,32,40,37,64,85,57,66,75,37,55,62,68
[ 205.025505] [AOA] Measurement: 0,1579901639.137072,04:d6:aa:ab:45:40,2,1,2,0,128,364,108,351,703,485,800,906,454,466,979,249,927,198,815,623,181,912,11,487,860,40,770,78,797,358,993,361,967,193,817,816,570,71,100,67,109,84,63,60,38,62,59,45,36,66,42,76,57,91,71,90,81,40,50,52,83,100,77,88,97,51,77,80,90
[ 205.058296] [AOA] Measurement: 0,1579901639.169866,04:d6:aa:ab:45:40,2,1,2,0,128,388,141,905,909,56,1022,440,669,1020,143,853,95,238,843,603,186,897,31,478,827,645,998,628,928,435,1009,881,103,191,839,321,957,60,86,64,100,75,56,54,36,54,56,39,33,61,41,70,53,81,63,78,73,36,48,47,79,93,70,74,89,48,67,73,83
[ 205.088661] [AOA] Measurement: 0,1579901639.200226,04:d6:aa:ab:45:40,2,1,2,0,128,367,129,863,914,994,998,903,487,489,970,778,49,877,101,114,384,946,25,484,865,575,969,651,971,952,192,846,71,225,819,201,898,67,94,61,97,75,52,54,35,57,52,43,26,60,39,68,52,80,67,83,72,37,44,44,74,91,62,67,79,39,57,65,78
[ 205.122969] [AOA] Measurement: 0,1579901639.234534,04:d6:aa:ab:45:40,2,1,2,0,128,359,118,841,895,75,0,404,662,458,994,292,916,772,987,623,175,977,77,514,854,617,1013,688,1018,954,153,881,97,175,831,573,140,64,96,67,101,82,61,57,39,63,62,46,36,67,43,78,61,84,69,86,80,43,54,53,84,96,80,80,101,57,75,80,88
[ 205.156928] [AOA] Measurement: 0,1579901639.268498,04:d6:aa:ab:45:40,2,1,2,0,128,839,953,913,874,479,831,926,440,406,940,263,864,241,864,623,139,400,870,510,834,96,820,688,1007,974,186,830,67,178,826,898,630,69,98,68,109,87,62,56,41,62,59,45,36,67,44,78,61,87,69,90,77,39,53,51,85,98,77,78,95,51,74,81,91
[ 205.185470] [AOA] Measurement: 0,1579901639.297035,04:d6:aa:ab:45:40,2,1,2,0,128,844,949,420,695,441,792,947,433,418,1005,328,1004,196,803,605,182,943,70,978,676,612,1006,72,794,393,980,329,912,699,631,197,917,63,90,58,96,74,54,53,32,53,55,39,29,58,39,65,54,80,64,80,69,36,45,45,73,90,69,72,85,45,64,70,80
[ 205.219820] [AOA] Measurement: 0,1579901639.331392,04:d6:aa:ab:45:40,2,1,2,0,128,364,101,369,684,560,837,924,477,423,952,250,903,190,821,638,167,926,29,1006,648,577,1003,89,762,418,1023,386,981,186,860,208,995,69,91,68,105,83,62,57,42,60,62,43,36,67,46,81,63,90,68,87,82,42,53,54,86,99,84,86,102,54,75,84,97
[ 205.246713] [AOA] Measurement: 0,1579901639.358285,04:d6:aa:ab:45:40,2,1,2,0,128,936,1000,902,868,34,1004,975,442,1013,172,931,170,819,55,99,359,940,45,513,804,648,16,666,988,931,166,870,103,196,830,926,620,60,90,62,93,77,57,54,34,57,54,40,33,59,41,72,53,81,67,79,71,35,49,46,77,91,71,76,94,48,66,77,83
[ 205.277934] [AOA] Measurement: 0,1579901639.389493,04:d6:aa:ab:45:40,2,1,2,0,128,884,957,358,686,483,758,909,459,433,1020,238,880,257,841,588,155,372,852,941,628,87,806,114,794,368,1018,294,895,666,621,609,362,64,85,60,97,78,56,52,35,55,54,42,30,60,41,69,51,82,61,79,72,39,49,45,77,93,71,77,88,50,68,71,83
[ 205.305363] [AOA] Measurement: 0,1579901639.416935,04:d6:aa:ab:45:40,2,1,2,0,128,846,930,370,706,505,826,911,449,436,945,268,907,224,795,654,189,387,857,997,661,66,822,673,986,895,145,849,66,213,810,314,988,70,100,65,105,82,60,55,36,58,59,43,35,63,42,74,56,85,71,88,79,38,47,51,82,100,80,79,93,47,67,76,82
[ 205.333765] [AOA] Measurement: 0,1579901639.445330,04:d6:aa:ab:45:40,2,1,2,0,128,366,95,1001,978,1014,988,488,696,990,155,857,125,776,34,201,389,969,19,511,890,603,987,698,1017,975,198,875,116,175,894,493,128,60,90,59,96,76,56,51,35,56,53,41,30,56,40,65,54,81,62,80,74,38,45,47,74,91,68,70,90,43,65,67,81
[ 205.368581] [AOA] Measurement: 0,1579901639.480152,04:d6:aa:ab:45:40,2,1,2,0,128,848,957,311,718,491,806,851,430,433,946,288,915,243,870,589,157,456,882,977,668,653,9,657,984,934,164,858,102,208,812,688,427,64,85,61,97,81,59,57,37,57,59,43,32,60,41,69,57,79,64,82,72,39,50,50,78,93,77,77,94,52,70,77,85
[ 205.397503] [AOA] Measurement: 0,1579901639.509068,04:d6:aa:ab:45:40,2,1,2,0,128,854,1007,305,733,427,781,901,458,403,944,183,822,238,852,576,157,316,810,951,644,32,794,70,741,407,1004,310,910,686,653,46,841,61,89,56,93,74,51,51,31,52,53,39,26,55,36,67,54,73,65,80,67,33,43,44,72,87,64,68,78,44,62,67,75
[ 205.431834] [AOA] Measurement: 0,1579901639.543399,04:d6:aa:ab:45:40,2,1,2,0,128,357,110,890,874,449,791,867,466,423,976,267,916,255,824,604,186,326,823,511,837,576,955,677,994,899,139,244,883,703,631,164,846,61,89,59,94,74,51,53,33,54,51,40,30,57,39,67,53,78,63,78,71,33,47,42,71,93,67,73,81,44,65,69,76
[ 205.463310] [AOA] Measurement: 0,1579901639.574882,04:d6:aa:ab:45:40,2,1,2,0,128,401,136,901,905,478,796,936,476,477,999,309,925,186,846,663,207,898,1015,1019,672,607,1006,112,806,368,990,873,71,197,821,809,533,62,87,60,100,76,56,54,34,56,54,40,32,59,39,69,51,79,62,79,71,35,48,45,75,86,67,69,87,46,63,68,77
[ 205.496349] [AOA] Measurement: 0,1579901639.607920,04:d6:aa:ab:45:40,2,1,2,0,128,892,955,387,716,504,817,956,463,417,961,312,935,233,853,93,308,358,847,9,719,19,785,652,959,415,11,253,891,614,590,386,163,66,88,64,100,78,63,55,39,61,60,42,38,63,41,79,59,85,64,83,79,41,53,55,85,102,85,84,103,57,80,86,95
[ 205.525788] [AOA] Measurement: 0,1579901639.637354,04:d6:aa:ab:45:40,2,1,2,0,128,899,988,372,749,74,26,893,488,466,1,788,61,259,849,606,154,367,834,3,697,92,812,644,963,414,1020,305,943,207,858,834,508,69,96,67,108,85,62,61,40,62,65,45,40,67,44,74,61,85,66,85,79,43,55,49,88,104,86,90,102,56,76,87,96
[ 205.560392] [AOA] Measurement: 0,1579901639.671957,04:d6:aa:ab:45:40,2,1,2,0,128,407,137,899,932,69,4,399,676,970,134,872,99,851,63,150,396,927,47,563,911,545,989,660,977,949,237,793,108,174,814,532,180,68,100,64,101,86,62,62,38,62,61,46,34,66,44,73,59,85,72,87,81,42,51,49,86,99,74,80,100,52,69,74,89
[ 205.594774] [AOA] Measurement: 0,1579901639.706339,04:d6:aa:ab:45:40,2,1,2,0,128,816,937,347,736,494,775,493,706,408,975,271,923,785,8,639,190,932,39,501,858,615,982,678,989,953,160,866,81,150,760,49,853,61,79,56,88,74,59,52,36,53,56,40,36,59,43,71,55,77,59,78,71,36,51,48,79,90,74,79,94,50,71,79,89
[ 205.637661] [AOA] Measurement: 0,1579901639.749232,04:d6:aa:ab:45:40,2,1,2,0,128,805,925,393,747,445,784,936,483,509,1018,821,71,783,5,142,339,364,835,496,866,615,1018,666,947,439,3,882,103,164,818,877,573,61,86,61,95,74,52,54,31,54,54,40,27,55,36,65,53,77,61,78,70,34,44,44,70,86,60,67,79,40,55,66,70
[ 205.669122] [AOA] Measurement: 0,1579901639.780692,04:d6:aa:ab:45:40,2,1,2,0,128,865,11,857,862,499,830,927,440,426,949,231,853,268,835,536,105,301,799,972,687,88,825,626,964,383,990,245,881,680,632,37,791,60,84,57,88,67,49,51,28,49,50,38,23,54,34,64,48,73,64,76,68,33,41,40,66,84,64,59,73,37,54,59,70
[ 205.701152] [AOA] Measurement: 0,1579901639.812722,04:d6:aa:ab:45:40,2,1,2,0,128,856,987,865,862,31,5,375,617,405,974,219,879,223,813,561,131,428,917,507,831,601,1023,647,1015,933,165,829,74,203,840,521,173,67,98,66,103,87,60,58,38,60,57,41,34,65,43,74,58,89,70,85,77,38,51,52,80,101,73,83,98,54,72,77,89
[ 205.728653] [AOA] Measurement: 0,1579901639.840225,04:d6:aa:ab:45:40,2,1,2,0,128,871,963,881,908,21,998,436,665,441,1004,279,897,287,866,54,316,966,1001,517,865,99,825,695,983,943,143,864,83,206,813,822,462,60,89,59,92,77,55,54,35,55,55,40,35,61,41,69,55,77,64,78,70,37,48,46,78,88,74,75,91,49,66,73,82
[ 205.759216] [AOA] Measurement: 0,1579901639.870782,04:d6:aa:ab:45:40,2,1,2,0,128,387,123,936,931,46,25,399,703,25,185,823,91,806,1017,113,385,907,1022,577,929,539,951,662,949,926,162,861,114,157,808,436,41,67,97,67,105,84,57,56,35,61,62,44,34,61,36,71,60,86,70,86,80,36,51,47,79,98,71,74,95,50,68,70,79
[ 205.786420] [AOA] Measurement: 0,1579901639.897992,04:d6:aa:ab:45:40,2,1,2,0,128,855,948,385,757,478,768,927,498,405,926,334,939,257,855,658,183,305,826,17,679,23,801,134,791,351,0,866,100,214,818,136,799,63,88,59,95,74,55,53,34,53,56,41,36,58,39,70,53,82,66,77,74,38,46,47,77,93,71,76,86,48,67,73,85
[ 205.816417] [AOA] Measurement: 0,1579901639.927982,04:d6:aa:ab:45:40,2,1,2,0,128,811,934,382,759,489,820,910,436,431,986,247,887,246,830,611,215,346,848,1020,679,597,989,99,766,406,987,289,871,684,651,730,429,68,99,67,104,83,59,58,38,63,64,44,36,68,44,77,61,90,69,87,80,38,52,55,84,100,80,81,100,54,74,79,90
[ 205.845445] [AOA] Measurement: 0,1579901639.957016,04:d6:aa:ab:45:40,2,1,2,0,128,883,952,377,744,456,803,887,456,489,11,878,89,774,29,114,367,385,910,474,855,614,1010,660,981,374,1003,870,80,206,837,807,541,71,99,67,105,82,53,55,36,59,59,43,29,61,40,73,57,87,70,86,76,41,50,47,79,95,70,75,91,46,67,74,84
[ 205.877363] [AOA] Measurement: 0,1579901639.988935,04:d6:aa:ab:45:40,2,1,2,0,128,907,977,928,885,1005,937,927,425,425,963,221,909,175,780,584,113,366,817,24,679,60,801,118,783,945,152,344,947,636,654,855,609,59,85,53,93,70,46,51,29,52,46,36,23,50,35,62,50,73,62,73,65,33,41,39,65,85,61,65,77,38,52,58,68
[ 205.909555] [AOA] Measurement: 0,1579901640.021126,04:d6:aa:ab:45:40,2,1,2,0,128,404,170,914,951,6,22,424,698,1003,140,774,41,782,20,185,391,396,868,500,853,1005,745,107,801,357,1000,268,903,687,680,371,28,53,69,56,80,70,53,49,33,49,53,38,36,58,41,67,50,75,55,74,68,40,50,51,81,92,79,81,96,56,78,80,91
[ 205.939132] [AOA] Measurement: 0,1579901640.050698,04:d6:aa:ab:45:40,2,1,2,0,128,872,961,918,864,439,811,911,431,419,978,271,942,160,812,615,178,366,836,1018,633,66,808,685,1015,910,134,278,897,620,596,57,926,70,96,67,107,83,66,61,40,61,64,49,38,66,46,77,60,87,71,91,79,40,56,54,85,103,78,83,98,54,75,83,93
[ 205.973537] [AOA] Measurement: 0,1579901640.085106,04:d6:aa:ab:45:40,2,1,2,0,128,900,946,403,707,474,803,915,408,403,961,289,958,238,862,600,184,319,845,7,679,3,774,51,776,380,985,315,908,670,635,158,925,72,97,70,107,84,62,61,36,62,60,47,36,67,42,77,61,90,69,91,81,40,50,51,83,103,75,82,95,49,71,80,88
[ 206.004671] [AOA] Measurement: 0,1579901640.116236,04:d6:aa:ab:45:40,2,1,2,0,128,900,1010,911,889,451,803,501,691,439,963,237,860,209,843,641,176,389,859,37,707,611,970,107,783,423,11,337,932,728,688,70,702,61,89,64,97,78,55,53,32,53,53,38,31,59,39,73,54,83,65,84,74,36,49,46,80,91,72,76,91,48,66,73,79
[ 206.032191] [AOA] Measurement: 0,1579901640.143761,04:d6:aa:ab:45:40,2,1,2,0,128,817,939,355,702,488,816,941,515,1002,183,815,49,750,1006,648,189,392,880,555,865,35,775,120,799,383,1002,305,908,653,639,660,451,69,97,68,108,86,62,58,37,62,61,44,36,66,45,79,61,86,69,88,78,38,55,51,86,98,80,79,95,51,73,80,87
[ 206.060043] [AOA] Measurement: 0,1579901640.171613,04:d6:aa:ab:45:40,2,1,2,0,128,853,899,342,647,521,825,908,436,457,979,235,957,242,856,187,408,910,36,461,810,75,792,145,850,397,995,881,137,184,830,460,110,69,99,67,106,83,66,61,41,61,64,48,38,67,47,80,60,90,68,90,84,41,54,57,88,99,83,86,106,58,79,83,95
[ 206.093250] [AOA] Measurement: 0,1579901640.204821,04:d6:aa:ab:45:40,2,1,2,0,128,839,940,264,630,422,794,838,383,448,983,232,872,195,805,582,157,397,897,519,894,600,1003,627,967,1006,182,828,50,191,817,720,418,67,97,68,107,84,63,64,38,60,59,47,36,67,47,80,63,91,73,88,83,39,52,51,84,102,82,84,102,52,72,81,93
[ 206.123474] [AOA] Measurement: 0,1579901640.235039,04:d6:aa:ab:45:40,2,1,2,0,128,838,929,957,937,439,786,914,494,436,971,260,892,241,856,617,177,392,910,971,632,62,798,66,777,955,191,861,97,174,820,697,352,69,96,64,103,84,62,57,35,64,62,46,34,62,44,77,60,90,65,87,81,39,54,50,84,97,75,82,92,53,65,72,89
[ 206.152536] [AOA] Measurement: 0,1579901640.264106,04:d6:aa:ab:45:40,2,1,2,0,128,805,963,373,714,568,874,404,659,1005,152,766,29,327,881,115,329,904,1016,543,871,87,840,598,963,351,993,865,80,125,793,907,607,67,99,69,106,84,63,60,39,64,60,47,37,67,47,77,63,89,70,88,82,39,57,50,88,101,80,82,101,56,74,79,93
[ 206.188297] [AOA] Measurement: 0,1579901640.299863,04:d6:aa:ab:45:40,2,1,2,0,128,859,953,362,701,493,830,914,476,399,911,820,66,213,824,608,163,921,43,1007,692,63,801,691,993,385,993,843,31,202,846,486,239,61,85,54,90,67,44,47,29,50,48,35,24,50,31,54,46,70,62,75,63,30,38,37,64,82,53,60,72,35,52,57,64
[ 206.224060] [AOA] Measurement: 0,1579901640.335630,04:d6:aa:ab:45:40,2,1,2,0,128,875,932,355,673,490,787,869,387,457,965,327,943,206,839,579,112,405,880,1016,651,15,786,94,796,347,943,269,912,657,681,69,896,63,88,59,99,74,53,52,35,55,56,40,32,57,39,71,55,80,64,83,75,38,46,46,77,93,70,78,88,46,66,74,80
[ 206.251344] [AOA] Measurement: 0,1579901640.362916,04:d6:aa:ab:45:40,2,1,2,0,128,867,966,410,711,457,752,887,413,446,971,193,829,259,861,524,150,391,906,983,663,8,775,73,770,371,978,377,917,201,848,222,990,58,78,59,85,71,54,53,37,51,54,43,33,58,42,68,51,79,55,74,72,35,48,47,80,88,75,76,98,53,71,75,86
[ 206.279212] [AOA] Measurement: 0,1579901640.390777,04:d6:aa:ab:45:40,2,1,2,0,128,903,979,341,709,51,1011,935,482,507,8,738,34,851,70,86,338,914,56,532,884,656,22,646,962,916,168,903,101,187,837,352,1012,61,86,62,95,73,49,50,31,55,53,41,31,54,39,66,51,78,63,73,70,33,42,40,72,89,68,62,83,43,60,65,72
[ 206.310913] [AOA] Measurement: 0,1579901640.422485,04:d6:aa:ab:45:40,2,1,2,0,128,881,955,334,700,511,790,921,449,496,12,827,65,223,843,592,143,384,847,551,874,83,797,142,766,363,969,304,916,640,628,695,365,71,94,69,106,88,67,61,39,64,64,45,38,69,47,78,59,90,66,87,80,42,56,52,85,102,85,92,105,55,77,83,99
[ 206.344060] [AOA] Measurement: 0,1579901640.455632,04:d6:aa:ab:45:40,2,1,2,0,128,816,944,922,947,475,796,982,507,469,989,835,83,847,47,81,314,964,41,972,650,609,980,68,744,437,31,281,898,192,786,557,338,63,85,61,94,77,65,55,37,57,61,45,39,66,45,80,57,85,65,80,74,41,51,53,86,95,85,84,105,60,77,84,96
[ 206.374607] [AOA] Measurement: 0,1579901640.486172,04:d6:aa:ab:45:40,2,1,2,0,128,926,1001,293,653,488,794,901,459,429,930,152,814,273,833,595,143,396,872,1012,684,94,819,602,979,337,990,287,940,631,578,683,495,64,88,61,94,79,55,54,36,55,54,42,33,57,42,69,55,79,65,79,73,36,46,47,73,88,69,71,81,44,64,71,82
[ 206.410645] [AOA] Measurement: 0,1579901640.522211,04:d6:aa:ab:45:40,2,1,2,0,128,839,940,399,759,467,787,901,469,411,956,244,875,226,802,626,141,379,854,11,709,587,991,626,972,372,984,822,64,634,634,120,776,69,98,68,104,83,63,60,40,64,62,46,39,68,44,77,60,86,72,86,81,38,53,52,85,104,81,86,101,57,76,80,95
[ 206.446566] [AOA] Measurement: 0,1579901640.558138,04:d6:aa:ab:45:40,2,1,2,0,128,880,952,954,914,4,975,941,459,453,1020,262,912,207,814,596,147,390,904,478,830,40,781,118,823,347,988,320,909,696,656,3,679,65,96,57,98,76,50,52,31,56,56,40,26,55,36,67,53,83,69,86,73,34,47,43,75,90,65,65,87,42,62,67,75
[ 206.475914] [AOA] Measurement: 0,1579901640.587480,04:d6:aa:ab:45:40,2,1,2,0,128,878,985,898,892,442,782,855,453,496,996,252,889,255,857,552,108,346,864,898,582,75,783,125,830,410,0,836,64,660,611,314,35,56,86,52,85,65,43,46,28,47,43,34,22,49,29,56,44,71,58,71,61,30,35,38,64,77,52,54,71,36,49,62,68
[ 206.510720] [AOA] Measurement: 0,1579901640.622292,04:d6:aa:ab:45:40,2,1,2,0,128,386,122,871,919,1016,996,427,669,1005,153,756,59,804,14,163,360,914,12,483,847,60,793,126,814,403,7,263,881,654,619,32,807,70,95,71,110,86,64,56,37,62,63,46,36,67,46,81,61,88,68,91,80,40,53,53,86,102,82,82,102,57,77,84,98
[ 206.538432] [AOA] Measurement: 0,1579901640.650002,04:d6:aa:ab:45:40,2,1,2,0,128,868,968,339,669,521,862,911,437,385,941,256,902,259,856,596,133,391,880,994,668,55,804,641,957,419,1,887,94,228,904,409,103,68,93,64,105,79,60,58,38,60,57,44,31,62,41,72,57,87,67,80,77,36,48,48,81,95,69,68,85,46,64,70,80
[ 206.571407] [AOA] Measurement: 0,1579901640.682979,04:d6:aa:ab:45:40,2,1,2,0,128,900,950,326,668,488,810,890,448,462,971,220,897,227,882,528,90,355,866,926,600,25,760,15,746,405,968,299,907,707,650,966,757,59,74,56,89,71,55,50,33,51,55,37,35,57,43,68,52,76,54,75,72,35,48,49,78,87,71,81,93,54,71,73,89
[ 206.599215] [AOA] Measurement: 0,1579901640.710787,04:d6:aa:ab:45:40,2,1,2,0,128,802,945,312,732,409,750,898,454,379,940,293,926,812,14,106,322,348,830,976,669,22,809,638,968,921,162,890,83,181,815,412,139,67,94,64,101,82,58,59,34,61,57,44,32,61,38,69,54,86,70,83,75,38,48,50,79,100,71,78,94,49,67,76,87
[ 206.633548] [AOA] Measurement: 0,1579901640.745113,04:d6:aa:ab:45:40,2,1,2,0,128,821,916,360,710,477,783,946,503,443,1007,275,910,234,826,588,148,351,841,999,686,615,994,698,1010,952,150,891,98,171,800,710,341,60,87,60,90,77,54,51,37,60,57,42,33,61,42,70,55,78,60,81,72,36,51,47,79,93,73,82,97,51,70,73,84
[ 206.669695] [AOA] Measurement: 0,1579901640.781260,04:d6:aa:ab:45:40,2,1,2,0,128,414,126,907,920,53,1013,417,684,1004,129,794,42,796,1003,621,194,989,73,509,838,591,981,657,987,325,947,343,927,201,802,283,26,72,95,69,105,81,64,60,36,62,62,46,41,68,47,80,60,88,67,85,77,41,53,54,88,103,79,92,105,59,78,87,96
[ 206.698374] [AOA] Measurement: 0,1579901640.809946,04:d6:aa:ab:45:40,2,1,2,0,128,901,978,332,695,501,834,897,443,458,992,292,909,219,848,625,132,387,897,986,648,69,802,67,752,443,1014,867,108,191,843,912,463,62,87,59,94,71,49,51,33,56,49,37,25,55,36,65,49,76,63,77,70,36,42,43,70,84,61,63,77,41,56,64,67
[ 206.730086] [AOA] Measurement: 0,1579901640.841652,04:d6:aa:ab:45:40,2,1,2,0,128,368,114,951,916,17,993,424,638,995,142,769,50,279,879,141,362,886,1007,22,685,84,829,625,966,948,188,865,94,224,823,876,556,65,96,68,105,85,62,60,41,61,60,48,38,67,44,80,62,86,69,87,79,42,52,52,86,105,81,85,101,58,73,84,95
[ 206.758810] [AOA] Measurement: 0,1579901640.870380,04:d6:aa:ab:45:40,2,1,2,0,128,910,978,433,762,1007,993,931,453,438,948,197,842,220,832,597,140,414,906,486,834,44,801,653,1016,369,969,296,938,661,647,5,774,66,98,67,105,84,61,62,38,61,61,46,40,68,46,79,58,90,72,88,82,39,55,54,86,101,80,87,101,53,74,83,93
[ 206.790306] [AOA] Measurement: 0,1579901640.901874,04:d6:aa:ab:45:40,2,1,2,0,128,819,920,372,749,468,788,929,450,363,963,308,944,764,1008,128,328,933,21,989,678,38,793,704,973,343,973,327,928,710,647,800,597,63,88,55,96,74,56,54,34,55,55,43,34,60,40,67,55,79,65,76,73,35,46,46,75,91,68,71,87,45,61,74,81
[ 206.819170] [AOA] Measurement: 0,1579901640.930735,04:d6:aa:ab:45:40,2,1,2,0,128,853,950,894,902,448,753,902,476,539,26,274,894,192,793,638,189,928,10,986,639,68,789,121,786,408,8,296,919,202,820,436,152,62,90,64,97,79,58,53,33,58,60,41,34,61,41,68,54,77,66,80,72,37,46,46,77,89,71,75,90,50,68,74,83
[ 206.851057] [AOA] Measurement: 0,1579901640.962626,04:d6:aa:ab:45:40,2,1,2,0,128,948,1009,911,917,498,815,434,635,435,966,293,901,782,22,162,383,934,54,522,863,622,996,618,963,915,164,869,85,156,780,854,600,62,91,64,94,77,57,56,36,60,57,42,34,61,42,70,52,82,64,78,73,36,46,46,74,91,67,74,85,46,61,70,82
[ 206.884611] [AOA] Measurement: 0,1579901640.996183,04:d6:aa:ab:45:40,2,1,2,0,128,829,957,352,699,497,820,881,440,421,962,277,921,256,817,603,137,311,807,965,689,5,742,124,804,407,977,940,130,222,895,423,1004,61,83,58,87,76,62,55,39,54,56,43,40,59,48,74,56,81,54,79,74,37,48,50,83,96,83,86,103,57,78,86,97
[ 206.917818] [AOA] Measurement: 0,1579901641.029383,04:d6:aa:ab:45:40,2,1,2,0,128,796,947,342,640,463,767,938,479,418,957,196,832,194,845,527,117,412,862,970,646,77,810,586,934,414,986,853,114,195,845,622,288,69,83,65,97,80,59,55,39,58,60,43,41,64,48,74,58,85,61,81,77,41,53,52,83,96,83,89,105,58,76,81,99
[ 206.952037] [AOA] Measurement: 0,1579901641.063609,04:d6:aa:ab:45:40,2,1,2,0,128,406,164,909,886,479,788,870,405,428,953,221,851,277,885,602,199,391,888,548,919,591,977,687,977,995,213,804,49,677,653,528,245,63,84,61,95,78,58,53,34,55,58,41,36,63,44,72,55,81,63,78,70,38,49,50,77,93,75,77,94,49,68,75,87
[ 206.980111] [AOA] Measurement: 0,1579901641.091682,04:d6:aa:ab:45:40,2,1,2,0,128,365,123,375,735,503,788,943,493,440,961,265,923,212,809,605,165,948,42,549,867,644,4,691,980,962,203,857,40,178,815,29,738,70,93,70,107,85,61,59,41,61,61,46,35,66,45,76,60,90,68,89,79,41,53,53,85,100,77,82,94,53,71,79,94
[ 207.013703] [AOA] Measurement: 0,1579901641.125273,04:d6:aa:ab:45:40,2,1,2,0,128,472,144,907,906,40,1021,475,662,1018,185,840,128,791,35,60,354,953,49,565,816,595,982,644,1007,930,185,300,929,217,850,451,110,71,97,69,106,86,60,59,38,62,63,43,35,64,44,74,59,89,72,83,80,37,51,51,84,98,76,77,92,53,73,78,91
[ 207.047508] [AOA] Measurement: 0,1579901641.159080,04:d6:aa:ab:45:40,2,1,2,0,128,495,196,887,859,476,809,987,527,999,178,782,54,249,839,147,365,390,887,1009,661,633,1003,661,992,375,991,298,939,219,862,709,378,67,94,66,102,79,58,61,36,60,60,43,36,66,44,76,59,88,70,87,79,41,51,52,83,104,75,81,95,52,72,78,88
[ 207.078889] [AOA] Measurement: 0,1579901641.190455,04:d6:aa:ab:45:40,2,1,2,0,128,839,983,958,968,8,1016,934,450,976,137,862,107,260,902,169,361,947,56,1014,678,642,998,642,1013,971,195,814,63,203,836,474,72,69,93,65,105,87,63,59,38,64,62,44,36,65,47,77,61,89,69,90,84,44,54,51,85,103,79,84,101,53,74,83,91
[ 207.113893] [AOA] Measurement: 0,1579901641.225462,04:d6:aa:ab:45:40,2,1,2,0,128,850,942,376,697,474,787,908,440,442,978,257,914,258,859,129,362,950,66,571,896,539,985,651,975,993,217,803,84,195,856,99,768,70,97,66,103,87,66,60,40,64,64,47,41,67,50,78,63,92,69,90,81,41,57,54,88,107,82,88,105,58,79,86,98
[ 207.146839] [AOA] Measurement: 0,1579901641.258404,04:d6:aa:ab:45:40,2,1,2,0,128,876,962,369,710,487,796,843,429,416,946,255,866,233,819,579,161,359,862,9,704,12,771,75,741,381,1013,287,948,685,624,467,254,66,98,66,106,80,58,58,34,59,55,42,30,60,40,71,55,87,68,82,76,36,45,45,74,94,68,70,85,42,63,67,75
[ 207.180133] [AOA] Measurement: 0,1579901641.291705,04:d6:aa:ab:45:40,2,1,2,0,128,855,941,415,711,453,778,870,432,402,934,271,879,253,865,682,184,422,907,508,847,26,765,163,794,425,1020,288,900,586,606,589,357,63,90,58,92,72,45,51,29,51,49,35,25,51,31,60,48,75,63,76,67,35,40,38,68,85,58,62,69,35,54,59,64
[ 207.214041] [AOA] Measurement: 0,1579901641.325613,04:d6:aa:ab:45:40,2,1,2,0,128,857,970,375,726,479,814,904,442,433,957,275,870,245,814,523,158,397,840,932,614,67,820,126,844,428,1022,856,105,224,861,974,595,57,83,54,86,69,45,49,28,48,47,35,25,51,32,58,47,68,60,75,64,33,37,38,63,78,50,56,68,36,50,55,66
[ 207.248504] [AOA] Measurement: 0,1579901641.360069,04:d6:aa:ab:45:40,2,1,2,0,128,843,922,351,730,585,848,811,442,1014,172,836,108,874,113,166,390,889,14,969,649,29,802,69,755,324,957,359,944,173,833,47,830,64,95,63,105,83,58,59,35,58,54,45,30,60,41,72,58,90,68,91,76,37,50,51,79,94,69,72,90,46,63,69,82
[ 207.282458] [AOA] Measurement: 0,1579901641.394027,04:d6:aa:ab:45:40,2,1,2,0,128,852,940,345,723,539,821,961,530,404,939,265,927,276,871,608,148,920,46,510,880,35,802,652,1019,879,136,858,66,197,814,485,244,68,99,65,106,85,59,55,40,61,60,44,35,64,42,73,61,87,71,87,78,40,50,49,84,99,77,81,98,54,72,78,92
[ 207.316613] [AOA] Measurement: 0,1579901641.428185,04:d6:aa:ab:45:40,2,1,2,0,128,430,188,975,961,1022,13,469,691,941,110,796,43,855,79,193,436,940,21,516,908,628,1011,718,9,969,218,900,100,231,877,402,22,62,89,59,94,76,57,53,37,56,55,42,34,62,43,66,52,81,59,79,72,37,46,47,76,92,73,79,95,51,66,70,83
[ 207.350476] [AOA] Measurement: 0,1579901641.462041,04:d6:aa:ab:45:40,2,1,2,0,128,853,950,319,690,524,847,905,508,1007,147,861,91,790,20,157,357,894,29,951,597,88,808,84,776,939,156,862,107,231,878,595,118,68,99,64,109,83,56,60,38,59,61,44,35,67,44,75,59,88,72,85,81,39,49,49,86,99,77,78,97,52,72,76,91
[ 207.385199] [AOA] Measurement: 0,1579901641.496770,04:d6:aa:ab:45:40,2,1,2,0,128,917,1020,347,718,468,815,902,521,1002,181,831,113,818,33,562,122,374,857,991,695,49,802,656,961,374,986,292,920,211,848,110,826,67,96,68,108,84,63,58,38,59,62,42,38,68,45,75,59,87,69,89,81,39,51,51,85,103,78,83,102,55,79,79,90
[ 207.418944] [AOA] Measurement: 0,1579901641.530508,04:d6:aa:ab:45:40,2,1,2,0,128,380,116,912,876,525,821,912,460,443,1,830,76,228,865,581,109,935,36,997,677,74,846,648,977,958,184,847,76,209,830,781,388,70,96,68,105,87,57,59,38,60,61,45,33,65,46,76,59,89,71,86,80,40,49,51,82,101,75,81,97,55,71,79,90
[ 207.452689] [AOA] Measurement: 0,1579901641.564261,04:d6:aa:ab:45:40,2,1,2,0,128,907,967,943,920,989,978,535,716,991,143,805,55,193,821,551,106,374,868,1009,652,34,785,694,982,885,145,921,108,186,797,395,76,65,99,64,109,85,64,61,37,61,63,46,34,69,45,82,64,92,68,92,83,39,55,53,86,104,83,82,106,54,80,80,88
[ 207.486999] [AOA] Measurement: 0,1579901641.598571,04:d6:aa:ab:45:40,2,1,2,0,128,827,970,324,677,463,851,881,414,450,972,236,882,314,850,562,113,428,910,505,850,558,1003,607,898,397,3,338,946,181,837,194,966,67,96,67,105,83,64,60,39,60,61,44,39,68,46,76,62,87,69,89,77,40,53,52,87,99,79,83,103,53,77,81,89
[ 207.520674] [AOA] Measurement: 0,1579901641.632240,04:d6:aa:ab:45:40,2,1,2,0,128,414,167,917,901,36,1016,445,683,1018,172,770,22,844,37,137,358,915,76,526,886,540,961,728,5,906,157,812,51,206,843,19,739,62,84,55,91,70,46,50,28,50,50,35,25,50,32,59,48,72,60,74,67,31,42,35,63,78,56,57,68,34,51,57,65
[ 207.555092] [AOA] Measurement: 0,1579901641.666663,04:d6:aa:ab:45:40,2,1,2,0,128,423,178,891,898,442,782,887,445,422,965,274,882,189,836,614,202,373,879,4,708,31,787,674,1004,374,1007,885,100,178,817,982,692,58,76,56,87,71,57,51,35,55,52,36,37,61,42,66,54,74,55,71,66,34,48,50,77,89,75,80,90,52,68,78,84
[ 207.589137] [AOA] Measurement: 0,1579901641.700702,04:d6:aa:ab:45:40,2,1,2,0,128,851,934,334,723,440,737,982,495,493,996,301,899,260,857,138,379,966,62,466,857,560,984,651,994,947,181,832,59,218,873,982,643,62,88,56,96,73,53,52,34,54,53,39,26,57,39,65,53,78,66,77,69,33,46,45,70,90,65,69,83,45,61,67,79
[ 207.621912] [AOA] Measurement: 0,1579901641.733484,04:d6:aa:ab:45:40,2,1,2,0,128,863,953,377,729,474,789,901,442,447,972,834,90,733,990,658,172,927,39,510,874,597,981,720,1022,944,174,858,68,179,819,181,837,68,99,68,106,83,62,57,39,61,61,45,35,67,42,78,62,87,69,90,79,42,54,51,84,100,78,82,95,54,76,82,90
[ 207.651139] [AOA] Measurement: 0,1579901641.762710,04:d6:aa:ab:45:40,2,1,2,0,128,405,107,924,909,29,980,494,689,933,102,232,857,275,886,563,130,363,841,1000,676,15,773,122,792,347,970,308,922,146,787,776,440,60,88,60,94,72,53,51,33,56,54,41,29,59,41,67,54,79,65,78,70,39,46,45,73,90,61,71,84,45,59,66,78
[ 207.679911] [AOA] Measurement: 0,1579901641.791481,04:d6:aa:ab:45:40,2,1,2,0,128,858,948,327,657,516,796,912,418,422,960,239,906,194,780,609,177,375,896,591,860,614,987,669,977,333,958,350,943,634,605,591,379,70,99,65,104,84,60,60,38,59,62,44,36,65,44,75,60,91,71,89,83,40,52,51,85,97,79,82,102,55,73,82,89
[ 207.714991] [AOA] Measurement: 0,1579901641.826561,04:d6:aa:ab:45:40,2,1,2,0,128,840,960,329,707,474,803,873,445,443,966,294,948,273,857,609,157,410,928,513,885,612,1015,125,806,354,992,302,900,691,628,216,986,65,89,51,91,67,42,48,25,50,47,35,21,50,32,55,45,71,63,68,65,30,38,35,62,80,48,53,63,34,48,53,61
[ 207.746782] [AOA] Measurement: 0,1579901641.858350,04:d6:aa:ab:45:40,2,1,2,0,128,933,997,919,887,453,796,936,470,1012,171,784,44,723,1004,639,184,945,65,538,874,67,803,679,1004,889,135,334,930,687,634,401,160,59,85,61,98,76,56,56,35,56,58,43,31,62,43,69,55,80,64,84,74,40,49,49,77,93,73,77,90,49,71,75,85
[ 207.777710] [AOA] Measurement: 0,1579901641.889279,04:d6:aa:ab:45:40,2,1,2,0,128,896,954,908,893,492,772,946,496,468,985,283,950,211,831,555,125,423,916,528,859,653,1005,635,964,930,190,821,51,639,641,197,973,57,84,53,93,69,47,49,28,50,52,37,24,52,33,61,48,75,62,75,65,33,41,38,65,82,58,61,73,36,55,60,68
[ 207.815114] [AOA] Measurement: 0,1579901641.926680,04:d6:aa:ab:45:40,2,1,2,0,128,906,987,337,677,484,804,918,484,464,1006,251,913,230,876,668,191,434,918,505,845,581,962,68,740,398,1006,319,930,188,844,355,110,69,100,65,106,84,61,58,36,61,61,46,35,63,44,76,57,90,70,90,77,39,52,52,79,98,75,77,93,50,72,78,88
[ 207.862520] [AOA] Measurement: 0,1579901641.974092,04:d6:aa:ab:45:40,2,1,2,0,128,882,6,883,951,530,859,480,714,999,151,820,80,761,977,589,158,906,22,579,902,45,809,72,759,374,1003,310,889,639,652,390,145,64,88,60,99,76,48,49,32,55,51,40,24,53,33,65,51,77,68,79,71,36,42,42,70,91,62,66,78,39,56,69,74
[ 207.890868] [AOA] Measurement: 0,1579901642.002438,04:d6:aa:ab:45:40,2,1,2,0,128,851,969,333,682,486,831,887,431,463,1014,828,65,260,840,162,356,958,63,560,890,610,994,72,761,416,7,866,72,213,856,986,678,67,90,66,104,83,64,63,38,62,62,47,42,67,48,78,60,88,67,85,80,43,55,53,87,102,82,86,103,60,80,80,98
