
[ 206.954793] [AOA] Measurement: 0,1579858779.552134,04:d6:aa:c1:38:97,2,1,2,0,128,470,469,792,518,506,770,713,279,107,305,776,975,589,341,867,712,903,10,321,103,87,664,31,772,251,391,850,881,434,628,794,1001,79,71,60,77,79,82,81,42,55,75,58,77,73,58,54,51,87,64,81,64,75,56,57,61,94,75,82,82,81,89,73,92
[ 206.984992] [AOA] Measurement: 0,1579858779.582327,04:d6:aa:c1:38:97,2,1,2,0,128,990,668,324,725,493,786,706,283,140,310,701,957,574,333,868,746,923,49,263,68,544,484,456,552,341,438,391,52,1023,853,550,556,64,59,49,66,64,66,67,33,42,61,48,59,60,46,38,35,68,54,66,51,60,40,44,45,72,53,61,59,61,68,51,67
[ 207.010902] [AOA] Measurement: 0,1579858779.608238,04:d6:aa:c1:38:97,2,1,2,0,128,1022,702,324,751,1023,937,670,277,659,475,288,173,103,551,883,749,482,236,805,282,114,711,980,735,314,432,812,891,9,876,844,879,67,60,52,67,66,67,69,35,45,63,49,62,60,49,42,40,71,53,66,52,60,42,45,46,75,57,66,64,64,70,55,72
[ 207.038105] [AOA] Measurement: 0,1579858779.635441,04:d6:aa:c1:38:97,2,1,2,0,128,1013,703,287,735,494,808,238,519,679,518,293,187,573,346,443,963,501,258,888,324,179,751,45,772,247,430,418,44,42,854,740,695,67,59,52,68,66,69,67,35,46,62,50,62,63,50,44,42,74,54,69,54,63,43,47,47,77,60,66,63,66,70,58,69
[ 207.064681] [AOA] Measurement: 0,1579858779.662022,04:d6:aa:c1:38:97,2,1,2,0,128,478,512,315,685,47,966,680,288,85,263,750,992,537,351,837,715,970,52,296,76,582,480,968,647,837,277,363,47,47,873,888,905,68,60,51,67,66,67,70,35,44,62,50,62,62,49,43,40,72,55,67,53,62,43,47,49,75,60,67,65,64,72,56,70
[ 207.087380] [AOA] Measurement: 0,1579858779.684722,04:d6:aa:c1:38:97,2,1,2,0,128,956,662,303,741,72,992,212,449,105,304,261,147,550,333,890,723,936,37,825,262,140,730,995,746,247,424,354,62,45,898,440,359,67,61,51,66,65,70,70,33,46,63,50,63,64,49,46,43,74,55,70,56,62,49,48,51,77,64,70,70,69,73,61,77
[ 207.114074] [AOA] Measurement: 0,1579858779.711409,04:d6:aa:c1:38:97,2,1,2,0,128,977,666,326,712,19,958,258,526,657,503,319,172,127,587,359,944,432,226,815,239,599,507,1018,699,743,210,369,42,59,889,166,139,68,62,51,67,67,69,69,36,46,63,52,66,64,50,45,42,74,55,69,56,64,46,49,51,79,62,71,68,69,75,63,76
[ 207.143985] [AOA] Measurement: 0,1579858779.741320,04:d6:aa:c1:38:97,2,1,2,0,128,463,481,772,513,1004,946,739,343,663,474,780,17,144,616,323,873,466,236,809,246,87,663,993,723,317,427,332,46,440,612,198,280,79,73,58,77,77,81,80,40,52,72,57,70,73,55,51,46,85,64,80,62,74,52,55,55,88,69,78,73,76,82,66,83
[ 207.178884] [AOA] Measurement: 0,1579858779.776223,04:d6:aa:c1:38:97,2,1,2,0,128,424,467,781,520,514,798,713,270,175,326,269,163,123,557,372,905,508,248,263,40,624,523,972,684,269,407,793,870,436,637,306,428,68,62,52,66,67,70,69,36,45,64,50,64,62,50,45,42,72,54,70,53,65,47,47,49,78,63,70,68,69,75,62,74
[ 207.203045] [AOA] Measurement: 0,1579858779.800380,04:d6:aa:c1:38:97,2,1,2,0,128,394,456,795,534,503,782,739,332,101,247,761,986,578,351,862,708,917,27,322,64,190,738,1015,751,264,427,367,53,91,906,1012,909,68,60,52,66,67,67,69,33,47,63,49,64,63,50,45,42,75,55,68,53,64,45,47,49,77,61,66,66,67,70,60,73
[ 207.226688] [AOA] Measurement: 0,1579858779.824029,04:d6:aa:c1:38:97,2,1,2,0,128,452,481,729,461,503,762,775,315,120,345,780,7,614,394,373,935,924,16,275,50,608,492,426,505,790,237,807,917,494,680,1014,93,65,59,50,67,67,68,68,34,45,62,49,61,60,49,42,40,73,56,67,53,62,44,45,47,75,59,65,62,64,68,54,70
[ 207.253880] [AOA] Measurement: 0,1579858779.851220,04:d6:aa:c1:38:97,2,1,2,0,128,968,662,792,550,64,1005,203,470,642,452,753,1001,113,579,836,722,953,45,772,197,626,513,488,564,293,431,337,32,61,884,667,621,67,58,51,65,65,66,68,34,45,60,49,62,62,49,41,40,70,53,67,53,63,45,47,47,77,60,67,64,65,71,56,71
[ 207.284156] [AOA] Measurement: 0,1579858779.881496,04:d6:aa:c1:38:97,2,1,2,0,128,423,432,754,530,526,802,708,326,63,282,822,36,600,380,408,926,956,104,230,15,615,494,387,512,753,204,364,79,458,686,866,925,67,61,51,66,67,68,70,35,45,64,50,65,63,50,44,42,74,56,69,55,64,46,48,50,80,64,71,70,71,75,61,78
[ 207.306422] [AOA] Measurement: 0,1579858779.903761,04:d6:aa:c1:38:97,2,1,2,0,128,963,657,355,751,483,807,758,323,81,312,781,23,607,387,920,766,513,277,843,216,568,460,445,527,270,412,349,13,99,897,617,497,80,70,59,80,78,83,83,41,54,72,60,76,74,57,52,49,87,66,82,65,73,54,57,59,94,74,83,81,82,86,72,87
[ 207.336800] [AOA] Measurement: 0,1579858779.934135,04:d6:aa:c1:38:97,2,1,2,0,128,447,472,730,512,506,809,672,276,172,293,736,991,160,570,377,907,452,234,876,327,94,663,999,729,288,396,337,5,471,673,574,685,67,60,51,65,67,70,69,34,47,62,49,64,64,50,48,47,75,53,67,54,64,50,47,52,78,66,68,70,72,76,66,77
[ 207.359626] [AOA] Measurement: 0,1579858779.956968,04:d6:aa:c1:38:97,2,1,2,0,128,447,451,774,480,452,749,747,266,130,313,736,992,525,322,816,699,886,8,238,6,597,465,388,472,712,177,837,858,496,661,525,707,81,72,61,79,78,83,82,41,53,75,60,76,73,60,54,52,87,64,82,64,75,56,55,62,95,76,82,82,82,88,75,91
[ 207.400432] [AOA] Measurement: 0,1579858779.997774,04:d6:aa:c1:38:97,2,1,2,0,128,1002,654,286,706,515,819,715,292,104,301,292,188,124,591,373,927,478,314,854,308,175,721,1019,729,336,455,395,45,8,876,877,833,78,70,59,80,78,81,83,42,54,73,59,75,74,58,51,49,86,67,82,64,73,52,54,57,90,71,80,74,78,85,69,87
[ 207.425460] [AOA] Measurement: 0,1579858780.022796,04:d6:aa:c1:38:97,2,1,2,0,128,366,426,752,507,511,789,652,260,120,276,762,1016,602,359,823,737,967,75,792,268,499,470,429,500,758,211,876,929,480,685,937,898,67,60,50,66,66,70,69,34,46,63,51,64,63,49,45,43,75,56,68,54,64,47,49,51,79,64,68,69,70,75,63,77
[ 207.454141] [AOA] Measurement: 0,1579858780.051481,04:d6:aa:c1:38:97,2,1,2,0,128,390,415,761,506,488,794,709,312,646,466,754,1001,563,352,867,774,917,36,277,89,613,481,1018,722,259,396,374,50,20,884,851,826,78,70,57,79,75,79,80,40,50,74,57,70,71,56,47,45,82,64,77,60,71,48,52,51,85,66,72,69,70,78,61,77
[ 207.475565] [AOA] Measurement: 0,1579858780.072905,04:d6:aa:c1:38:97,2,1,2,0,128,979,697,340,735,36,994,263,503,639,490,302,152,609,385,387,935,491,254,850,294,140,726,978,717,301,443,415,74,1007,849,648,509,66,60,50,67,66,69,68,34,45,62,51,63,63,48,45,40,73,54,70,55,63,45,47,49,77,61,70,68,68,73,58,73
[ 207.503713] [AOA] Measurement: 0,1579858780.101050,04:d6:aa:c1:38:97,2,1,2,0,128,980,666,723,466,521,797,742,324,85,275,728,991,626,377,858,703,988,78,797,229,534,466,433,501,778,232,779,857,486,676,752,774,81,71,60,79,78,80,82,41,54,74,59,75,73,58,52,48,84,63,80,63,73,53,55,56,92,70,78,76,77,83,67,86
[ 207.534030] [AOA] Measurement: 0,1579858780.131365,04:d6:aa:c1:38:97,2,1,2,0,128,426,448,779,527,563,813,699,296,166,317,743,1021,567,381,809,692,878,34,255,44,536,449,419,478,704,175,846,900,518,697,697,655,68,61,51,67,67,69,69,34,47,64,50,64,64,50,46,43,73,54,70,55,63,48,47,51,77,63,70,69,68,73,61,76
[ 207.561325] [AOA] Measurement: 0,1579858780.158661,04:d6:aa:c1:38:97,2,1,2,0,128,429,494,823,573,1,996,713,315,125,308,265,151,607,369,882,747,487,252,790,227,600,496,10,731,765,201,838,892,470,655,438,480,66,59,50,67,65,66,69,34,45,62,48,60,62,48,43,40,73,54,68,52,62,44,46,47,77,59,66,64,65,69,56,70
[ 207.585835] [AOA] Measurement: 0,1579858780.183177,04:d6:aa:c1:38:97,2,1,2,0,128,462,524,319,713,958,952,733,318,23,245,732,997,577,377,901,761,920,37,299,85,589,489,447,508,795,219,823,864,495,678,666,751,62,59,49,67,62,65,68,33,43,60,48,57,59,48,38,36,68,54,65,50,59,38,43,41,68,51,60,55,57,62,47,61
[ 207.612480] [AOA] Measurement: 0,1579858780.209815,04:d6:aa:c1:38:97,2,1,2,0,128,431,472,742,501,466,754,720,303,138,322,766,1023,577,374,822,677,958,53,257,57,559,456,383,485,748,206,369,87,18,876,182,225,66,60,51,69,67,69,69,35,42,61,49,63,62,49,43,40,73,55,69,54,61,43,47,48,76,59,68,65,66,69,55,71
[ 207.636121] [AOA] Measurement: 0,1579858780.233461,04:d6:aa:c1:38:97,2,1,2,0,128,435,412,770,485,508,777,693,283,115,293,737,1021,574,371,822,693,1005,43,819,252,169,722,924,707,298,445,375,33,6,893,692,656,65,60,50,67,68,68,67,34,45,61,50,62,62,49,42,39,71,53,67,53,62,44,48,48,76,59,67,64,66,70,59,72
[ 207.662574] [AOA] Measurement: 0,1579858780.259916,04:d6:aa:c1:38:97,2,1,2,0,128,439,487,292,702,527,846,237,502,692,537,348,227,185,630,320,871,530,253,862,309,111,648,971,682,318,446,799,834,506,696,816,858,66,59,49,68,66,66,68,33,43,61,48,60,59,48,40,36,69,53,66,52,60,41,46,45,74,56,64,60,63,68,52,68
[ 207.691809] [AOA] Measurement: 0,1579858780.289121,04:d6:aa:c1:38:97,2,1,2,0,128,399,480,784,516,527,810,719,304,166,333,758,1020,591,363,813,691,1003,57,809,235,82,653,451,508,762,202,848,878,49,898,762,740,66,61,51,66,67,69,70,34,44,62,52,63,63,50,43,41,73,55,70,54,64,46,49,50,78,62,68,64,68,72,60,72
[ 207.726909] [AOA] Measurement: 0,1579858780.324244,04:d6:aa:c1:38:97,2,1,2,0,128,1023,712,298,745,84,20,236,510,709,552,350,216,181,611,372,913,516,273,818,282,205,730,24,744,294,416,429,95,32,882,1005,911,67,60,50,67,67,69,70,34,46,63,50,61,64,50,42,39,72,54,68,52,63,43,47,46,79,61,68,65,68,74,60,76
[ 207.754017] [AOA] Measurement: 0,1579858780.351353,04:d6:aa:c1:38:97,2,1,2,0,128,471,466,759,492,500,766,709,269,80,267,772,1011,582,322,865,702,1001,75,262,64,538,460,417,472,706,169,896,922,494,662,173,324,64,58,49,66,66,65,66,33,43,57,46,57,59,45,38,34,67,53,63,47,57,37,43,42,70,52,59,55,59,64,47,62
[ 207.781106] [AOA] Measurement: 0,1579858780.378441,04:d6:aa:c1:38:97,2,1,2,0,128,955,664,286,705,88,12,192,501,652,509,290,183,627,405,832,724,922,43,877,282,126,704,981,695,779,206,338,36,482,671,849,906,66,58,49,66,66,69,69,34,44,61,50,62,63,49,43,40,73,54,69,53,61,45,46,49,77,59,67,64,67,71,59,73
[ 207.808240] [AOA] Measurement: 0,1579858780.405575,04:d6:aa:c1:38:97,2,1,2,0,128,357,415,788,527,506,786,684,312,126,320,834,37,597,400,840,712,933,66,287,92,566,474,463,507,305,423,368,18,502,682,438,479,65,60,49,67,66,69,69,34,46,62,50,63,63,49,44,41,74,57,68,55,64,46,48,50,80,63,70,66,67,73,62,76
[ 207.835407] [AOA] Measurement: 0,1579858780.432749,04:d6:aa:c1:38:97,2,1,2,0,128,954,668,292,728,35,1010,218,521,654,481,718,12,563,379,871,730,915,40,315,123,106,728,942,697,313,457,319,29,48,902,414,417,67,61,50,68,66,69,70,35,45,61,49,63,62,49,45,40,74,54,70,53,61,44,47,48,77,61,67,66,68,71,58,74
[ 207.857129] [AOA] Measurement: 0,1579858780.454471,04:d6:aa:c1:38:97,2,1,2,0,128,383,436,289,690,517,818,706,326,128,338,355,235,127,601,414,954,544,285,916,342,113,704,1013,729,281,389,435,115,22,875,118,202,77,70,59,78,78,80,79,40,52,74,58,71,73,56,49,46,85,64,79,62,71,50,55,55,89,66,78,73,74,82,65,81
[ 207.885740] [AOA] Measurement: 0,1579858780.483076,04:d6:aa:c1:38:97,2,1,2,0,128,445,473,284,691,503,790,653,237,92,287,753,1003,621,379,858,736,945,45,232,59,607,508,976,707,236,355,403,63,42,890,379,340,79,71,59,78,79,79,82,41,54,74,59,73,73,57,50,46,84,64,80,61,70,48,54,52,88,66,76,73,75,81,65,80
[ 207.916386] [AOA] Measurement: 0,1579858780.513721,04:d6:aa:c1:38:97,2,1,2,0,128,486,465,729,504,470,785,756,349,621,435,697,955,567,338,805,702,956,74,264,86,632,537,416,470,816,216,776,816,535,691,1009,79,69,62,51,66,65,69,69,35,45,62,51,65,62,49,45,42,75,53,70,54,63,47,47,50,80,64,69,68,71,75,60,75
[ 207.943692] [AOA] Measurement: 0,1579858780.541035,04:d6:aa:c1:38:97,2,1,2,0,128,443,472,742,469,463,763,745,297,57,215,705,991,569,358,872,747,935,51,314,66,584,472,430,505,739,197,359,21,985,821,718,802,66,61,51,66,65,68,71,34,46,64,50,63,63,47,45,42,73,55,69,54,64,47,47,48,78,60,68,66,67,71,59,73
[ 207.965466] [AOA] Measurement: 0,1579858780.562807,04:d6:aa:c1:38:97,2,1,2,0,128,416,465,771,509,536,795,707,307,125,295,754,8,119,537,377,924,507,295,826,287,92,692,974,715,706,206,855,902,466,700,387,418,61,55,47,62,63,62,64,32,41,57,47,56,58,45,39,36,66,53,63,47,56,38,43,41,69,50,58,54,57,62,47,60
[ 207.993578] [AOA] Measurement: 0,1579858780.590913,04:d6:aa:c1:38:97,2,1,2,0,128,975,658,813,553,20,972,817,387,754,551,313,205,130,601,393,950,502,258,825,269,103,689,950,650,292,431,341,1017,464,690,862,846,69,61,50,66,66,69,69,34,46,63,50,65,64,49,46,45,74,54,68,55,63,48,47,51,79,65,69,69,70,74,64,77
[ 208.024751] [AOA] Measurement: 0,1579858780.622086,04:d6:aa:c1:38:97,2,1,2,0,128,392,395,754,512,533,789,759,325,138,292,743,992,579,345,804,691,2,94,282,77,521,480,392,502,702,163,802,852,481,709,154,210,76,69,57,77,76,76,78,39,49,69,55,67,68,53,46,43,80,63,77,59,70,48,51,52,83,63,73,69,70,77,59,77
[ 208.060009] [AOA] Measurement: 0,1579858780.657348,04:d6:aa:c1:38:97,2,1,2,0,128,447,470,758,534,523,815,664,263,120,303,337,209,101,544,389,953,472,269,792,231,126,658,476,516,740,205,882,920,43,897,697,720,67,59,51,66,66,68,69,35,45,63,51,62,62,49,43,42,72,55,67,53,62,45,46,48,77,60,68,65,67,71,59,73
[ 208.085779] [AOA] Measurement: 0,1579858780.683113,04:d6:aa:c1:38:97,2,1,2,0,128,481,489,771,495,534,843,249,489,607,471,280,173,151,619,424,915,898,28,268,56,565,489,433,483,757,187,824,865,532,664,662,770,67,59,50,64,66,69,68,35,46,62,51,65,63,50,48,45,75,53,68,54,63,48,48,51,78,64,70,70,69,74,63,76
[ 208.114229] [AOA] Measurement: 0,1579858780.711564,04:d6:aa:c1:38:97,2,1,2,0,128,418,461,750,524,497,813,697,315,149,306,781,0,596,391,399,950,482,253,852,262,567,466,391,467,795,226,792,858,476,704,473,496,78,71,58,79,79,81,82,40,54,73,60,74,74,57,51,49,85,66,80,64,74,52,55,57,91,70,79,76,80,84,68,87
[ 208.141730] [AOA] Measurement: 0,1579858780.739065,04:d6:aa:c1:38:97,2,1,2,0,128,497,512,731,505,524,807,685,286,75,316,702,970,648,399,878,754,929,92,826,273,84,699,39,769,256,384,300,28,486,699,500,601,78,69,59,79,77,80,82,41,53,72,60,73,72,57,50,48,83,64,81,63,73,50,54,56,90,70,79,76,76,83,67,84
[ 208.168938] [AOA] Measurement: 0,1579858780.766274,04:d6:aa:c1:38:97,2,1,2,0,128,1012,669,728,431,504,769,713,309,89,238,830,36,607,378,867,758,925,41,844,286,146,724,951,709,712,196,799,858,429,642,645,896,67,60,50,66,66,68,68,35,46,62,50,63,64,49,44,42,74,56,67,54,62,45,48,49,78,61,68,65,67,72,60,73
[ 208.191386] [AOA] Measurement: 0,1579858780.788728,04:d6:aa:c1:38:97,2,1,2,0,128,951,662,323,759,68,1016,226,516,636,509,367,251,92,547,382,920,970,95,819,285,125,691,13,760,375,495,359,60,1012,886,535,522,78,69,59,73,74,82,79,41,54,72,58,75,72,56,54,54,86,60,79,62,74,58,53,61,94,77,83,86,83,89,75,89
[ 208.230449] [AOA] Measurement: 0,1579858780.827791,04:d6:aa:c1:38:97,2,1,2,0,128,402,473,720,474,528,806,726,315,710,526,744,1020,610,360,393,952,953,80,284,82,594,519,1002,708,753,219,418,71,72,917,202,188,67,60,49,65,66,70,69,35,46,62,50,63,63,50,44,42,74,56,69,55,63,46,47,48,77,61,67,64,68,71,60,74
[ 208.256693] [AOA] Measurement: 0,1579858780.854028,04:d6:aa:c1:38:97,2,1,2,0,128,956,668,751,516,37,982,746,336,9,239,792,1012,638,398,857,715,983,111,831,277,99,697,970,706,737,236,400,80,37,903,901,837,81,73,60,78,80,84,83,41,53,75,60,77,74,59,54,51,89,66,82,66,73,55,56,59,92,75,82,81,83,87,73,89
[ 208.283772] [AOA] Measurement: 0,1579858780.881114,04:d6:aa:c1:38:97,2,1,2,0,128,372,470,744,495,531,814,763,352,119,291,781,15,541,367,814,694,978,38,296,83,618,503,1007,748,284,392,390,73,1013,860,632,636,66,60,49,66,65,68,68,34,44,63,50,63,62,48,44,41,72,54,67,53,61,43,47,47,75,59,66,63,66,69,57,72
[ 208.305667] [AOA] Measurement: 0,1579858780.903006,04:d6:aa:c1:38:97,2,1,2,0,128,481,504,261,712,460,761,729,338,163,344,767,26,133,571,425,940,442,252,847,293,141,723,958,702,783,203,860,886,495,679,891,929,76,71,58,77,75,81,80,40,51,71,57,73,71,58,48,45,82,64,80,61,71,50,55,53,86,67,76,72,74,78,63,81
[ 208.336055] [AOA] Measurement: 0,1579858780.933390,04:d6:aa:c1:38:97,2,1,2,0,128,527,538,785,569,27,1010,247,517,66,278,833,35,98,583,396,918,508,302,246,68,637,490,447,508,317,426,786,850,43,875,339,352,67,62,51,67,66,71,70,36,45,65,50,63,64,50,45,42,74,55,70,54,63,46,46,49,78,63,68,66,69,73,60,75
[ 208.364765] [AOA] Measurement: 0,1579858780.962106,04:d6:aa:c1:38:97,2,1,2,0,128,441,469,792,525,516,813,261,485,735,547,300,164,625,419,841,714,989,65,886,302,73,674,432,524,239,353,801,851,471,686,930,958,80,73,60,79,77,83,81,41,52,74,59,74,72,58,51,46,86,65,80,63,73,53,53,57,91,71,79,74,77,81,66,83
[ 208.386895] [AOA] Measurement: 0,1579858780.984237,04:d6:aa:c1:38:97,2,1,2,0,128,423,446,319,707,49,14,189,457,732,515,312,193,142,592,342,892,444,210,311,111,104,691,8,713,259,378,412,74,40,893,829,772,66,59,50,65,66,69,69,34,46,62,50,63,63,50,43,41,73,56,70,53,64,45,48,48,78,60,68,66,68,71,59,74
[ 208.414869] [AOA] Measurement: 0,1579858781.012204,04:d6:aa:c1:38:97,2,1,2,0,128,409,465,782,580,1022,950,701,272,186,321,801,13,589,337,896,748,975,50,863,299,128,709,52,770,306,437,372,39,53,899,93,85,68,61,51,65,67,68,71,33,47,63,50,63,62,48,45,42,73,53,68,52,63,45,47,49,76,60,68,64,67,71,60,73
[ 208.456456] [AOA] Measurement: 0,1579858781.053791,04:d6:aa:c1:38:97,2,1,2,0,128,441,460,746,482,582,839,671,284,649,434,777,1020,586,418,362,896,967,67,298,66,119,662,499,562,286,415,320,21,527,743,686,725,68,61,51,66,66,68,69,34,45,63,50,62,63,49,44,42,74,55,69,54,62,47,48,50,78,63,69,67,68,72,60,74
[ 208.484332] [AOA] Measurement: 0,1579858781.081666,04:d6:aa:c1:38:97,2,1,2,0,128,1016,663,317,736,61,32,208,518,683,508,282,157,589,349,849,706,528,289,871,322,115,676,994,722,312,426,431,68,974,858,387,377,67,60,51,67,67,69,71,35,46,63,51,64,64,49,45,43,75,55,70,55,62,46,47,50,78,61,69,66,70,72,61,74
[ 208.511534] [AOA] Measurement: 0,1579858781.108874,04:d6:aa:c1:38:97,2,1,2,0,128,453,469,812,552,68,978,225,519,95,270,764,963,587,336,782,677,986,43,238,9,608,501,372,455,727,168,889,905,479,690,94,195,79,72,61,78,80,82,81,40,53,72,60,71,73,57,53,49,86,65,83,64,75,54,55,58,92,73,80,78,79,86,71,88
[ 208.533658] [AOA] Measurement: 0,1579858781.130999,04:d6:aa:c1:38:97,2,1,2,0,128,964,689,758,547,510,828,727,292,662,490,759,981,609,365,875,736,987,78,249,57,604,464,432,481,805,228,343,21,509,693,948,15,66,59,50,67,67,69,69,34,46,64,50,62,63,49,43,42,73,56,69,53,63,46,47,50,78,62,69,68,69,72,62,75
[ 208.563741] [AOA] Measurement: 0,1579858781.161076,04:d6:aa:c1:38:97,2,1,2,0,128,379,475,710,481,484,775,747,335,614,468,768,1,119,569,325,856,929,51,302,94,562,464,389,504,773,250,357,17,42,853,137,140,66,60,49,66,65,67,68,33,45,62,49,59,62,47,43,40,72,54,67,52,61,41,46,48,75,58,65,63,64,69,56,72
[ 208.592239] [AOA] Measurement: 0,1579858781.189581,04:d6:aa:c1:38:97,2,1,2,0,128,946,656,339,739,19,1003,722,331,687,521,315,197,599,370,856,706,982,81,288,43,680,540,45,770,328,451,393,53,39,875,864,744,65,60,50,67,68,70,70,36,46,63,51,64,62,48,44,44,73,56,67,54,63,46,48,50,78,62,67,67,69,72,60,74
[ 208.614573] [AOA] Measurement: 0,1579858781.211912,04:d6:aa:c1:38:97,2,1,2,0,128,1020,711,289,702,524,785,710,273,93,239,810,16,622,405,918,789,465,230,791,240,586,461,472,524,720,154,884,900,49,872,529,542,66,59,49,66,66,68,67,34,44,64,50,62,61,48,44,40,72,55,68,53,62,42,47,48,76,59,68,65,67,71,56,71
[ 208.643116] [AOA] Measurement: 0,1579858781.240451,04:d6:aa:c1:38:97,2,1,2,0,128,446,489,768,548,510,827,702,326,136,362,348,248,105,540,838,716,896,55,239,54,564,476,455,508,762,202,873,894,482,661,66,76,79,70,59,77,79,82,82,41,53,75,60,76,75,59,54,50,88,65,83,64,75,55,56,59,93,74,83,80,83,88,73,88
[ 208.670378] [AOA] Measurement: 0,1579858781.267719,04:d6:aa:c1:38:97,2,1,2,0,128,428,441,728,491,512,797,742,350,675,524,313,178,126,572,402,911,477,270,227,51,579,470,481,541,235,395,831,860,475,638,503,507,79,71,61,79,77,81,81,40,53,73,59,73,75,56,50,47,85,64,81,62,73,52,56,56,91,68,78,77,79,85,68,84
[ 208.699308] [AOA] Measurement: 0,1579858781.296647,04:d6:aa:c1:38:97,2,1,2,0,128,1009,720,278,712,36,960,162,465,132,350,747,6,156,581,319,904,438,240,302,98,156,699,1017,757,302,460,371,60,440,673,770,811,67,60,49,66,65,69,68,36,45,63,50,62,63,50,46,43,74,56,70,56,63,47,49,51,78,64,68,68,70,74,62,76
[ 208.725895] [AOA] Measurement: 0,1579858781.323230,04:d6:aa:c1:38:97,2,1,2,0,128,967,691,331,769,69,994,264,502,623,466,733,986,564,308,859,706,932,16,864,285,88,664,18,739,263,400,391,39,72,913,413,332,65,60,50,66,67,69,69,34,47,62,50,63,63,49,44,42,74,55,69,54,62,46,47,50,78,62,67,68,69,71,60,74
[ 208.750070] [AOA] Measurement: 0,1579858781.347409,04:d6:aa:c1:38:97,2,1,2,0,128,418,443,759,520,469,771,681,263,47,229,765,1004,529,297,766,670,857,19,250,17,562,474,413,467,743,191,798,843,529,729,222,357,68,61,52,66,66,69,70,34,46,62,50,63,63,48,43,39,72,55,67,51,62,45,48,49,76,61,66,65,66,73,57,73
[ 208.780147] [AOA] Measurement: 0,1579858781.377482,04:d6:aa:c1:38:97,2,1,2,0,128,388,415,795,544,26,968,684,300,99,320,758,10,637,415,452,956,442,239,876,281,163,708,985,749,295,437,392,111,14,898,853,846,67,60,50,68,66,69,68,35,45,63,50,62,63,49,44,41,72,53,68,55,62,45,48,50,79,62,69,66,67,74,61,76
[ 208.806245] [AOA] Measurement: 0,1579858781.403585,04:d6:aa:c1:38:97,2,1,2,0,128,403,464,755,496,447,784,694,324,140,324,798,1021,577,325,880,747,978,68,296,80,598,472,379,443,703,177,789,834,479,680,737,881,66,61,51,66,66,68,67,35,45,63,49,63,62,48,42,39,72,55,68,53,60,44,46,46,76,60,65,63,65,71,56,70
[ 208.832545] [AOA] Measurement: 0,1579858781.429881,04:d6:aa:c1:38:97,2,1,2,0,128,53,737,260,698,527,808,271,521,688,498,370,208,80,533,812,698,882,16,300,81,102,689,446,548,322,449,367,63,36,907,25,975,65,58,50,66,64,68,68,34,43,61,48,61,61,47,41,37,70,53,67,51,61,42,45,45,74,56,65,61,64,69,56,69
[ 208.861483] [AOA] Measurement: 0,1579858781.458817,04:d6:aa:c1:38:97,2,1,2,0,128,413,449,788,545,568,831,258,495,657,494,321,212,104,546,391,924,462,246,263,85,586,484,480,535,744,185,906,909,22,858,138,117,80,71,60,79,78,82,80,40,52,75,58,73,73,57,51,48,83,64,81,62,73,51,55,56,90,70,80,77,78,84,67,85
[ 208.887480] [AOA] Measurement: 0,1579858781.484822,04:d6:aa:c1:38:97,2,1,2,0,128,941,639,317,731,544,794,707,289,93,284,745,1013,609,377,907,757,962,98,826,246,110,665,990,697,780,212,889,880,31,880,932,952,78,72,59,77,77,82,82,41,52,75,58,74,74,58,53,51,85,65,81,64,74,54,56,58,91,72,79,76,77,86,67,85
[ 208.914564] [AOA] Measurement: 0,1579858781.511899,04:d6:aa:c1:38:97,2,1,2,0,128,404,442,768,503,463,780,694,296,71,266,765,1002,576,349,785,688,965,69,276,47,560,419,358,449,645,124,772,799,539,704,298,439,66,62,50,66,67,68,68,34,46,62,50,61,63,48,44,43,73,53,68,53,62,46,47,50,78,62,67,67,67,72,60,74
[ 208.943332] [AOA] Measurement: 0,1579858781.540667,04:d6:aa:c1:38:97,2,1,2,0,128,414,461,772,539,508,802,641,273,117,311,734,988,624,387,821,702,971,76,273,47,534,452,478,516,787,199,843,874,477,684,113,256,74,69,57,77,74,76,78,39,51,72,58,70,71,55,49,46,84,64,78,60,72,50,55,54,88,66,75,73,75,81,63,81
[ 208.972153] [AOA] Measurement: 0,1579858781.569488,04:d6:aa:c1:38:97,2,1,2,0,128,954,621,806,509,529,791,706,295,151,341,313,202,107,545,894,738,579,315,810,261,42,665,970,701,246,368,349,15,1022,878,814,833,66,60,49,66,65,68,68,34,44,62,49,62,62,48,43,39,71,54,67,52,62,43,47,48,76,59,66,64,66,71,58,74
[ 209.001299] [AOA] Measurement: 0,1579858781.598641,04:d6:aa:c1:38:97,2,1,2,0,128,985,673,287,707,56,1001,264,498,690,490,736,957,573,370,861,727,951,60,309,97,603,459,456,529,749,204,843,884,34,906,3,994,78,71,59,78,78,79,79,41,52,71,58,72,72,55,49,46,84,64,78,61,71,50,55,56,90,69,77,73,76,81,65,83
[ 209.023921] [AOA] Measurement: 0,1579858781.621263,04:d6:aa:c1:38:97,2,1,2,0,128,971,674,319,744,27,986,263,529,686,497,784,1005,615,369,787,688,952,89,296,71,76,661,984,697,302,408,357,57,513,677,153,115,78,70,60,78,77,79,80,39,52,73,58,72,73,55,50,46,84,63,79,61,74,51,54,54,88,67,77,73,77,81,65,82
[ 209.053437] [AOA] Measurement: 0,1579858781.650772,04:d6:aa:c1:38:97,2,1,2,0,128,3,757,333,769,4,1007,273,539,686,516,338,237,143,616,427,947,489,282,907,339,173,754,2,766,254,410,369,64,42,904,774,668,79,72,60,78,77,80,82,41,52,72,60,74,74,58,51,48,85,65,82,63,73,52,56,57,92,70,79,78,81,87,71,86
[ 209.078073] [AOA] Measurement: 0,1579858781.675414,04:d6:aa:c1:38:97,2,1,2,0,128,469,522,821,596,514,830,728,316,104,290,803,1015,89,524,826,689,1013,72,288,67,550,471,412,527,729,162,844,882,457,664,646,700,67,61,51,67,67,69,69,35,45,61,51,64,62,49,45,43,74,55,68,55,62,46,47,50,80,62,68,67,69,73,61,75
[ 209.108372] [AOA] Measurement: 0,1579858781.705712,04:d6:aa:c1:38:97,2,1,2,0,128,422,486,754,497,489,748,750,349,58,266,771,31,578,335,881,727,976,76,884,316,80,647,6,694,236,372,850,887,75,906,317,202,66,60,50,67,65,69,69,33,45,62,50,65,63,49,44,43,74,55,70,55,62,46,47,51,79,62,69,67,68,71,60,76
[ 209.135389] [AOA] Measurement: 0,1579858781.732724,04:d6:aa:c1:38:97,2,1,2,0,128,951,667,345,753,10,996,249,517,667,512,287,162,149,614,394,949,493,285,819,284,140,733,971,693,301,422,370,29,26,880,935,832,79,72,58,79,77,81,80,39,51,71,58,70,71,55,50,45,83,64,80,59,72,49,54,53,85,65,75,73,73,79,62,78
[ 209.160257] [AOA] Measurement: 0,1579858781.757597,04:d6:aa:c1:38:97,2,1,2,0,128,413,475,733,460,500,798,685,298,685,499,784,996,134,554,850,727,981,57,332,123,77,641,449,507,758,191,326,1020,501,680,814,967,68,61,51,65,66,69,69,34,46,62,51,64,64,49,44,42,74,54,67,55,63,47,47,50,80,62,67,67,69,73,60,74
[ 209.190998] [AOA] Measurement: 0,1579858781.788333,04:d6:aa:c1:38:97,2,1,2,0,128,410,465,784,537,504,794,745,312,86,260,829,34,87,540,818,708,923,63,273,71,542,468,408,505,742,211,820,875,553,704,161,146,75,67,57,76,74,76,75,38,49,69,56,67,68,54,45,42,81,62,77,58,68,46,51,51,84,64,70,67,68,73,57,73
[ 209.217306] [AOA] Measurement: 0,1579858781.814645,04:d6:aa:c1:38:97,2,1,2,0,128,967,641,740,484,507,817,717,332,144,277,775,4,593,408,869,735,952,57,863,273,519,432,451,490,752,173,884,905,475,651,787,894,80,70,61,78,78,81,83,39,52,74,58,75,74,59,52,50,88,66,83,64,73,53,54,56,92,71,79,77,80,84,71,88
[ 209.244258] [AOA] Measurement: 0,1579858781.841593,04:d6:aa:c1:38:97,2,1,2,0,128,476,492,322,726,495,788,756,339,73,293,831,60,560,364,360,935,488,249,327,108,88,694,406,467,810,269,848,885,71,910,904,862,66,58,49,65,67,67,68,33,44,62,51,62,62,48,42,41,71,53,68,53,62,44,46,48,77,58,66,63,66,69,56,70
[ 209.273604] [AOA] Measurement: 0,1579858781.870939,04:d6:aa:c1:38:97,2,1,2,0,128,321,400,770,544,470,794,718,314,92,269,693,964,575,356,809,727,946,76,250,67,576,483,499,556,726,191,850,890,511,728,789,826,67,61,49,65,65,69,68,34,45,62,50,63,62,50,45,42,73,56,69,53,62,45,46,49,77,61,68,66,68,72,58,73
[ 209.302483] [AOA] Measurement: 0,1579858781.899819,04:d6:aa:c1:38:97,2,1,2,0,128,434,484,779,546,480,745,763,319,669,509,283,174,92,533,381,916,455,199,321,74,99,666,443,503,272,376,405,123,24,861,635,441,79,71,59,78,78,82,82,40,54,73,58,77,75,57,55,50,87,63,80,65,74,54,55,59,91,73,80,77,80,86,71,87
[ 209.331522] [AOA] Measurement: 0,1579858781.928857,04:d6:aa:c1:38:97,2,1,2,0,128,411,462,739,460,497,788,723,283,107,258,728,984,560,354,841,720,949,55,257,42,573,473,424,494,733,163,811,856,533,713,429,509,79,72,60,78,79,82,82,41,54,75,59,76,75,58,53,52,87,67,81,65,74,53,56,58,92,74,80,78,81,88,72,89
[ 209.361270] [AOA] Measurement: 0,1579858781.958604,04:d6:aa:c1:38:97,2,1,2,0,128,446,457,800,497,562,795,719,328,78,252,757,1012,640,390,344,875,517,272,864,291,103,644,463,530,732,185,804,864,516,673,482,497,66,58,49,65,67,67,69,34,45,61,49,62,62,49,42,39,72,55,67,53,63,45,45,47,77,59,64,62,65,69,55,71
[ 209.391365] [AOA] Measurement: 0,1579858781.988700,04:d6:aa:c1:38:97,2,1,2,0,128,409,477,822,557,542,840,684,316,647,471,770,1015,626,399,382,908,914,22,309,77,585,495,425,472,751,221,838,857,26,871,938,931,66,59,50,65,65,71,70,36,45,63,51,65,64,49,45,44,75,55,70,55,64,47,47,52,79,63,68,68,69,73,61,76
[ 209.415280] [AOA] Measurement: 0,1579858782.012621,04:d6:aa:c1:38:97,2,1,2,0,128,1003,724,292,708,499,814,675,310,136,334,724,999,592,358,866,732,472,246,241,75,108,669,986,718,282,399,397,74,1020,853,71,21,79,71,59,79,77,79,82,40,55,74,59,72,74,58,50,47,84,65,81,65,71,51,54,56,91,72,80,77,79,85,68,85
[ 209.445428] [AOA] Measurement: 0,1579858782.042768,04:d6:aa:c1:38:97,2,1,2,0,128,435,472,783,543,535,822,709,313,700,521,318,197,47,506,381,894,922,25,299,92,551,477,410,496,798,246,867,955,499,709,506,572,79,71,60,78,77,83,81,41,55,75,59,76,77,59,55,51,88,65,83,65,77,56,57,59,94,74,82,82,80,86,72,90
[ 209.471477] [AOA] Measurement: 0,1579858782.068812,04:d6:aa:c1:38:97,2,1,2,0,128,454,441,705,491,453,764,708,299,11,197,767,982,572,354,813,689,924,24,304,82,547,460,470,528,647,151,838,858,479,649,280,486,67,59,49,65,67,69,66,34,45,62,50,62,63,49,44,40,73,54,68,54,62,45,46,48,75,61,66,65,63,72,58,72
[ 209.501643] [AOA] Measurement: 0,1579858782.098977,04:d6:aa:c1:38:97,2,1,2,0,128,425,485,785,547,495,816,788,349,147,369,314,189,628,367,811,689,985,74,870,278,105,685,1000,743,284,409,378,76,986,849,876,856,77,69,58,79,78,82,82,42,53,73,59,74,73,59,50,48,83,66,79,63,71,52,55,56,88,69,78,73,78,82,68,85
[ 209.530014] [AOA] Measurement: 0,1579858782.127355,04:d6:aa:c1:38:97,2,1,2,0,128,9,674,295,692,507,789,706,281,97,278,808,1023,576,343,846,697,957,74,812,256,154,689,957,721,317,392,789,849,458,666,629,673,68,59,49,66,66,70,68,34,45,60,50,62,63,49,45,42,74,54,68,54,63,47,48,50,77,61,67,67,67,71,59,75
[ 209.556029] [AOA] Measurement: 0,1579858782.153364,04:d6:aa:c1:38:97,2,1,2,0,128,447,467,730,494,569,815,695,292,125,314,828,40,588,367,459,957,499,254,823,269,164,727,993,723,253,367,858,895,21,855,188,192,79,71,60,78,78,82,80,42,55,76,59,76,75,58,54,49,88,65,82,65,75,56,57,59,94,74,83,82,82,86,72,88
[ 209.585805] [AOA] Measurement: 0,1579858782.183140,04:d6:aa:c1:38:97,2,1,2,0,128,467,520,785,503,476,796,698,289,164,310,780,7,87,565,372,932,955,57,830,266,125,672,981,672,737,200,847,882,498,681,106,135,80,72,60,77,78,82,80,41,54,74,60,77,75,59,53,50,88,66,82,65,75,53,57,58,92,73,80,76,81,86,72,87
[ 209.613633] [AOA] Measurement: 0,1579858782.210971,04:d6:aa:c1:38:97,2,1,2,0,128,481,447,333,683,519,793,737,361,669,450,771,1,161,575,767,710,984,73,326,98,96,681,988,721,253,413,352,69,77,931,273,310,65,58,50,66,67,69,68,34,43,62,49,61,60,48,41,39,70,54,66,52,63,44,46,47,75,59,66,63,64,70,55,72
[ 209.636498] [AOA] Measurement: 0,1579858782.233839,04:d6:aa:c1:38:97,2,1,2,0,128,423,473,720,510,519,849,271,540,674,503,316,206,141,596,387,969,481,253,819,276,91,705,426,526,756,206,873,912,9,852,826,766,78,71,58,77,77,78,80,40,50,70,57,71,69,55,47,44,82,64,78,62,70,49,54,54,87,64,75,70,74,77,62,79
[ 209.667375] [AOA] Measurement: 0,1579858782.264710,04:d6:aa:c1:38:97,2,1,2,0,128,399,450,779,526,518,807,691,292,122,327,839,21,606,397,328,904,507,265,846,293,134,724,944,695,275,406,426,89,3,841,891,881,65,61,48,67,66,68,68,34,45,63,50,62,63,48,43,41,73,55,70,52,61,44,45,46,75,57,67,63,66,72,57,72
[ 209.696043] [AOA] Measurement: 0,1579858782.293385,04:d6:aa:c1:38:97,2,1,2,0,128,972,665,774,521,499,757,719,299,55,222,728,991,584,364,822,723,984,87,822,305,94,709,982,708,357,465,369,60,1009,888,354,417,80,70,59,78,80,82,83,41,55,74,61,77,74,60,53,51,87,64,82,65,75,54,57,59,93,74,80,81,82,87,72,88
[ 209.721267] [AOA] Measurement: 0,1579858782.318602,04:d6:aa:c1:38:97,2,1,2,0,128,496,515,764,504,526,834,733,306,145,315,760,21,596,380,830,739,943,34,236,36,601,499,395,490,721,218,838,901,478,677,370,427,66,60,49,66,66,69,69,34,43,60,49,62,61,48,41,38,69,53,68,54,59,42,46,47,75,58,64,60,62,69,55,69
[ 209.752528] [AOA] Measurement: 0,1579858782.349863,04:d6:aa:c1:38:97,2,1,2,0,128,987,675,285,699,72,1019,156,481,695,508,299,179,147,609,411,945,506,251,811,261,152,688,1011,748,287,463,341,71,20,890,965,909,79,71,59,78,78,77,80,39,52,72,58,71,72,56,50,47,84,65,79,63,74,53,55,56,89,69,79,75,76,82,67,82
[ 209.775982] [AOA] Measurement: 0,1579858782.373324,04:d6:aa:c1:38:97,2,1,2,0,128,473,486,766,496,574,823,659,284,111,295,753,26,571,364,335,899,453,246,828,264,63,664,445,542,322,396,353,67,1017,870,194,226,66,60,49,67,65,68,68,34,44,60,51,62,61,49,42,40,72,52,68,53,61,44,46,46,75,58,65,64,66,71,58,70
[ 209.807196] [AOA] Measurement: 0,1579858782.404536,04:d6:aa:c1:38:97,2,1,2,0,128,1008,702,299,699,74,13,240,514,657,492,263,157,186,597,386,911,506,258,792,242,84,657,964,698,332,454,395,60,61,902,442,341,80,70,59,77,77,82,82,41,55,75,60,76,74,59,54,53,89,64,81,63,74,54,55,61,94,74,82,83,82,87,72,89
[ 209.834296] [AOA] Measurement: 0,1579858782.431632,04:d6:aa:c1:38:97,2,1,2,0,128,376,389,736,466,506,808,672,273,62,245,777,979,580,338,840,700,514,269,907,333,97,687,6,730,327,427,355,41,6,861,304,290,80,71,58,78,77,80,79,39,52,73,56,70,71,57,48,46,85,65,81,63,74,51,54,53,88,70,77,74,74,81,65,82
[ 209.863996] [AOA] Measurement: 0,1579858782.461330,04:d6:aa:c1:38:97,2,1,2,0,128,978,680,252,724,41,987,223,491,660,489,307,212,87,553,354,897,532,261,863,304,81,695,1017,749,271,412,436,113,34,941,133,51,67,60,50,67,67,69,69,34,46,64,50,63,62,50,43,41,72,55,69,54,62,46,47,49,77,62,69,67,69,72,60,74
[ 209.894281] [AOA] Measurement: 0,1579858782.491617,04:d6:aa:c1:38:97,2,1,2,0,128,974,687,773,524,529,816,668,282,118,332,712,973,583,388,878,765,936,44,265,88,603,486,427,483,820,283,855,875,524,699,75,131,68,60,50,65,66,68,70,34,46,63,51,62,61,49,43,39,72,55,70,54,63,45,47,48,77,58,67,66,66,71,56,72
[ 209.924393] [AOA] Measurement: 0,1579858782.521728,04:d6:aa:c1:38:97,2,1,2,0,128,968,664,740,489,478,786,736,334,684,540,296,201,130,561,377,925,945,68,823,284,115,717,975,717,257,421,373,71,1013,860,728,831,74,69,59,78,77,78,79,39,49,70,57,68,71,55,49,45,84,64,78,61,71,49,54,53,85,66,74,71,75,82,63,82
[ 209.954594] [AOA] Measurement: 0,1579858782.551929,04:d6:aa:c1:38:97,2,1,2,0,128,407,426,810,546,492,764,770,337,108,246,788,49,529,341,843,695,946,50,299,81,612,504,971,725,754,228,854,900,30,904,945,953,66,60,49,66,67,70,69,35,45,62,50,63,63,49,45,42,73,54,69,55,64,45,47,48,78,63,67,66,67,72,60,73
[ 209.984273] [AOA] Measurement: 0,1579858782.581614,04:d6:aa:c1:38:97,2,1,2,0,128,972,661,296,736,39,1015,216,485,658,512,313,207,112,589,453,964,509,286,857,283,153,737,975,706,305,446,379,54,9,835,853,870,66,61,48,64,65,68,66,34,45,62,50,61,61,48,43,40,72,55,68,54,61,44,46,47,76,58,65,65,65,69,56,70
[ 210.007849] [AOA] Measurement: 0,1579858782.605188,04:d6:aa:c1:38:97,2,1,2,0,128,43,737,349,748,67,1004,222,521,663,524,292,151,137,614,390,903,492,255,826,284,119,666,42,724,275,474,376,51,34,894,596,499,66,59,51,67,65,67,67,33,44,60,48,59,61,47,41,37,70,54,66,52,60,40,45,46,74,55,62,62,63,68,52,69
[ 210.038189] [AOA] Measurement: 0,1579858782.635525,04:d6:aa:c1:38:97,2,1,2,0,128,18,691,312,718,531,830,278,538,651,506,276,182,136,583,336,908,927,67,835,274,120,679,948,682,271,404,859,888,32,881,492,377,79,72,61,79,78,83,81,40,54,75,61,75,75,58,54,50,88,66,83,65,76,55,57,61,95,75,82,82,82,86,71,90
[ 210.067202] [AOA] Measurement: 0,1579858782.664544,04:d6:aa:c1:38:97,2,1,2,0,128,1013,732,279,694,514,805,694,287,171,348,803,17,59,538,848,702,973,71,299,135,105,671,455,500,783,217,380,51,57,884,561,575,79,72,59,80,78,80,83,41,54,74,60,72,74,58,52,49,87,65,81,64,72,53,55,57,91,72,81,77,78,84,70,87
[ 210.091317] [AOA] Measurement: 0,1579858782.688659,04:d6:aa:c1:38:97,2,1,2,0,128,963,650,691,505,531,807,653,279,99,283,793,25,83,555,860,747,929,18,300,84,582,502,402,534,743,210,882,878,32,872,172,80,79,71,59,79,77,83,80,40,53,72,59,76,75,58,54,49,86,64,81,64,74,54,55,58,93,73,80,79,80,84,72,88
[ 210.120646] [AOA] Measurement: 0,1579858782.717982,04:d6:aa:c1:38:97,2,1,2,0,128,412,481,718,452,503,770,742,308,110,293,760,998,593,382,875,748,964,55,283,72,579,475,1002,747,790,244,340,44,33,906,668,740,67,61,50,68,66,68,68,35,44,61,49,63,64,48,43,43,74,55,69,55,64,46,47,51,78,63,69,68,68,74,61,76
[ 210.150187] [AOA] Measurement: 0,1579858782.747527,04:d6:aa:c1:38:97,2,1,2,0,128,980,665,352,741,31,993,230,497,716,545,306,189,162,611,459,974,503,275,861,296,120,693,1014,727,331,464,295,1015,47,897,1004,871,65,59,50,67,66,66,68,34,43,63,50,60,61,48,41,40,71,53,67,53,59,41,46,47,74,57,65,61,61,68,54,68
[ 210.176939] [AOA] Measurement: 0,1579858782.774275,04:d6:aa:c1:38:97,2,1,2,0,128,435,452,813,520,31,1016,686,337,22,256,813,7,554,369,865,743,1009,111,253,71,561,487,483,514,795,255,831,885,85,934,58,4,64,58,49,65,64,65,65,32,41,58,46,56,56,45,37,34,65,51,64,47,57,36,43,40,69,50,59,55,57,62,47,62
[ 210.207251] [AOA] Measurement: 0,1579858782.804591,04:d6:aa:c1:38:97,2,1,2,0,128,990,660,751,501,506,792,652,251,86,270,748,1005,548,358,883,750,904,31,264,44,614,504,453,526,758,205,806,841,504,717,248,288,65,60,50,66,64,67,69,35,45,62,49,61,63,50,42,41,72,55,67,54,63,43,46,49,77,59,67,66,66,70,57,72
[ 210.232262] [AOA] Measurement: 0,1579858782.829597,04:d6:aa:c1:38:97,2,1,2,0,128,1004,667,287,692,46,982,249,499,635,465,783,1021,549,354,808,728,1001,112,802,269,129,701,407,496,816,244,813,887,519,677,600,647,65,60,50,66,65,67,69,33,44,62,49,63,61,48,42,40,72,53,67,53,62,45,46,47,75,59,66,65,66,71,58,72
[ 210.261779] [AOA] Measurement: 0,1579858782.859119,04:d6:aa:c1:38:97,2,1,2,0,128,397,456,792,536,576,860,264,517,651,484,784,13,88,590,852,741,925,71,307,69,109,656,445,484,746,175,833,845,461,670,770,823,78,70,58,77,77,79,80,40,52,71,59,72,72,57,49,45,83,63,79,61,72,50,55,54,88,65,77,74,76,82,65,82
[ 210.291095] [AOA] Measurement: 0,1579858782.888436,04:d6:aa:c1:38:97,2,1,2,0,128,431,473,794,530,524,815,708,319,142,325,758,1014,583,349,391,910,995,97,819,284,134,707,1000,749,284,422,363,43,972,856,34,89,67,60,50,65,66,69,69,35,45,63,49,63,63,50,45,42,74,54,68,54,62,47,47,51,79,63,67,66,68,73,61,74
[ 210.315087] [AOA] Measurement: 0,1579858782.912428,04:d6:aa:c1:38:97,2,1,2,0,128,436,468,248,711,472,795,258,510,100,289,317,185,612,384,380,973,478,233,313,93,143,715,990,719,759,190,847,891,524,724,702,763,79,71,59,79,79,81,82,41,54,73,57,75,75,59,53,50,87,66,82,65,76,53,55,58,92,74,82,82,82,87,72,90
[ 210.345624] [AOA] Measurement: 0,1579858782.942961,04:d6:aa:c1:38:97,2,1,2,0,128,950,657,253,715,557,851,698,317,635,488,812,9,101,569,849,713,975,62,859,251,123,677,981,681,287,396,352,51,18,876,4,48,67,60,50,67,66,69,69,35,43,63,51,64,64,50,42,40,73,55,68,53,61,42,47,49,78,60,66,66,67,70,58,73
[ 210.374497] [AOA] Measurement: 0,1579858782.971836,04:d6:aa:c1:38:97,2,1,2,0,128,976,655,349,721,52,1003,249,504,639,485,764,1021,128,557,895,765,500,266,836,275,113,656,467,535,280,419,851,886,56,908,444,394,80,70,59,79,77,82,81,39,53,73,58,73,74,58,52,49,86,65,81,63,73,52,56,58,93,72,80,76,79,84,72,87
[ 210.398752] [AOA] Measurement: 0,1579858782.996094,04:d6:aa:c1:38:97,2,1,2,0,128,470,511,745,515,489,844,670,307,138,293,785,32,617,372,837,733,978,87,289,90,95,654,405,487,765,186,795,812,550,689,275,345,68,60,50,65,66,68,68,34,46,62,50,63,61,50,44,41,72,54,70,55,63,46,48,49,79,61,68,66,67,71,59,75
[ 210.430281] [AOA] Measurement: 0,1579858783.027615,04:d6:aa:c1:38:97,2,1,2,0,128,446,430,300,727,49,1018,183,499,658,516,278,216,128,586,361,904,470,258,768,268,87,700,946,733,274,417,370,45,31,914,653,616,67,59,51,67,66,68,68,33,44,62,50,63,62,50,42,41,71,53,68,54,62,44,46,48,74,59,66,63,65,71,57,71
[ 210.454430] [AOA] Measurement: 0,1579858783.051771,04:d6:aa:c1:38:97,2,1,2,0,128,968,620,316,738,74,971,691,298,69,258,784,5,121,562,414,949,446,214,823,267,80,677,470,554,675,148,805,889,457,655,263,311,66,60,50,65,64,66,66,34,42,60,48,60,61,46,40,38,69,53,66,52,60,41,45,46,75,55,63,61,63,68,54,69
[ 210.483464] [AOA] Measurement: 0,1579858783.080798,04:d6:aa:c1:38:97,2,1,2,0,128,1000,684,322,740,1004,938,689,282,102,265,793,6,601,381,849,707,932,28,284,53,590,495,973,680,287,404,341,53,4,900,246,228,77,70,56,76,77,78,78,39,50,69,57,69,71,55,49,44,82,64,79,59,69,48,51,50,85,66,75,70,72,77,60,78
[ 210.513534] [AOA] Measurement: 0,1579858783.110870,04:d6:aa:c1:38:97,2,1,2,0,128,995,682,292,711,505,805,702,311,85,285,795,33,533,342,828,712,971,53,909,302,97,699,1008,729,305,440,387,64,1020,870,240,283,78,69,58,77,76,79,80,40,52,70,59,72,72,57,51,47,86,64,81,64,73,52,55,57,89,71,79,77,77,84,68,84
[ 210.544136] [AOA] Measurement: 0,1579858783.141471,04:d6:aa:c1:38:97,2,1,2,0,128,419,442,737,503,67,1015,221,496,616,441,240,154,584,390,870,722,965,78,834,252,545,480,455,546,287,428,413,62,10,846,840,912,78,69,59,76,77,80,81,41,53,74,61,75,74,58,52,48,85,64,82,63,74,53,56,58,91,73,81,78,81,84,71,88
[ 210.574686] [AOA] Measurement: 0,1579858783.172021,04:d6:aa:c1:38:97,2,1,2,0,128,968,652,277,721,549,810,703,305,80,279,786,48,587,383,398,944,508,303,833,269,92,641,445,538,265,383,374,45,493,681,904,945,65,59,49,65,65,69,67,34,44,62,50,63,62,48,43,40,72,54,69,53,61,45,47,48,76,60,65,64,65,70,58,71
[ 210.606620] [AOA] Measurement: 0,1579858783.203956,04:d6:aa:c1:38:97,2,1,2,0,128,404,457,769,544,483,781,686,277,79,237,801,10,570,340,807,709,928,38,272,67,559,457,433,516,762,169,848,861,508,685,946,991,66,59,50,65,66,66,69,34,44,61,49,61,61,48,43,41,72,54,67,53,61,43,47,48,77,60,66,65,66,72,59,73
[ 210.632386] [AOA] Measurement: 0,1579858783.229727,04:d6:aa:c1:38:97,2,1,2,0,128,439,463,730,540,555,843,792,339,699,509,267,154,600,385,867,741,504,249,864,267,579,491,414,489,781,214,848,875,31,891,1018,967,68,60,50,67,66,69,69,34,45,61,50,64,62,48,45,43,74,55,70,55,63,47,48,52,79,64,70,69,70,75,62,75
[ 210.664260] [AOA] Measurement: 0,1579858783.261596,04:d6:aa:c1:38:97,2,1,2,0,128,990,667,361,722,32,968,229,506,93,277,726,974,620,387,418,936,498,281,892,304,138,706,979,705,257,409,378,75,23,888,844,702,77,69,59,78,77,79,80,40,51,71,59,71,72,55,48,46,81,62,79,59,71,48,52,52,86,66,76,73,76,79,64,80
[ 210.694954] [AOA] Measurement: 0,1579858783.292289,04:d6:aa:c1:38:97,2,1,2,0,128,997,706,283,729,32,993,225,483,641,456,790,1019,106,557,837,735,511,266,839,319,184,736,1007,748,330,486,376,45,984,850,754,800,80,70,59,77,78,82,82,41,55,76,60,75,75,60,55,53,87,64,79,64,74,56,56,62,94,77,82,83,83,88,74,91
[ 210.725086] [AOA] Measurement: 0,1579858783.322426,04:d6:aa:c1:38:97,2,1,2,0,128,410,435,762,485,449,763,699,301,103,290,778,1015,633,399,845,750,993,85,262,61,592,497,473,543,774,207,831,859,521,673,714,751,78,70,59,78,78,80,81,39,53,72,57,73,73,58,49,48,84,65,78,63,73,52,54,55,90,69,77,74,77,81,65,84
[ 210.752348] [AOA] Measurement: 0,1579858783.349685,04:d6:aa:c1:38:97,2,1,2,0,128,986,658,319,742,31,983,713,321,718,551,360,227,156,612,423,970,511,288,888,315,124,700,1005,704,282,425,354,31,37,875,1001,1,65,58,50,64,65,69,68,34,46,63,51,64,62,50,44,43,74,55,70,54,63,45,47,49,77,61,68,66,66,71,59,73
[ 210.783488] [AOA] Measurement: 0,1579858783.380825,04:d6:aa:c1:38:97,2,1,2,0,128,445,444,728,497,463,742,787,390,76,273,785,12,602,401,416,949,464,252,871,270,140,705,0,717,298,423,383,41,54,870,528,542,77,70,58,78,78,80,80,40,53,72,58,74,73,57,51,47,84,64,80,61,71,50,53,55,91,70,79,73,76,81,66,82
[ 210.814074] [AOA] Measurement: 0,1579858783.411409,04:d6:aa:c1:38:97,2,1,2,0,128,444,438,785,508,484,806,750,308,95,251,766,1020,630,372,883,727,947,29,263,71,126,682,337,453,768,193,862,891,462,669,842,840,67,58,50,66,64,67,67,34,45,62,49,64,62,49,45,41,73,53,68,53,62,45,47,48,77,61,68,65,66,70,57,71
[ 210.845122] [AOA] Measurement: 0,1579858783.442465,04:d6:aa:c1:38:97,2,1,2,0,128,447,488,747,482,498,799,687,281,81,285,850,41,546,337,866,742,980,87,308,95,594,504,452,524,787,254,381,69,1010,856,724,777,79,70,59,77,75,81,81,42,52,73,59,73,72,57,51,46,84,64,80,62,72,51,54,54,90,69,78,77,78,81,68,86
[ 210.870924] [AOA] Measurement: 0,1579858783.468260,04:d6:aa:c1:38:97,2,1,2,0,128,449,490,310,761,502,801,722,335,145,307,746,1019,610,415,353,912,981,50,300,85,525,434,1004,739,745,210,347,28,56,888,877,871,67,61,51,66,66,69,69,34,45,62,50,62,62,50,43,42,74,55,67,55,62,46,47,50,78,63,67,67,68,72,61,74
[ 210.903020] [AOA] Measurement: 0,1579858783.500355,04:d6:aa:c1:38:97,2,1,2,0,128,966,666,764,515,464,772,712,325,60,251,749,1018,547,348,828,738,951,70,256,68,169,740,1021,762,293,431,409,70,24,908,617,579,80,72,59,76,77,82,82,41,55,74,59,74,75,59,53,50,86,64,81,65,76,53,56,57,90,73,80,79,79,86,71,90
[ 210.927710] [AOA] Measurement: 0,1579858783.525046,04:d6:aa:c1:38:97,2,1,2,0,128,392,406,804,575,491,790,755,351,661,505,312,193,538,330,872,731,948,57,856,320,60,679,965,707,258,371,367,46,1023,862,712,701,67,60,50,67,66,69,70,35,47,63,50,65,64,51,46,44,75,55,69,56,64,46,48,50,78,63,70,67,70,74,63,78
[ 210.961110] [AOA] Measurement: 0,1579858783.558445,04:d6:aa:c1:38:97,2,1,2,0,128,430,424,780,534,591,852,268,534,699,525,258,187,111,598,401,958,427,184,264,63,587,463,391,475,745,202,811,892,498,688,178,228,67,59,50,64,67,71,69,34,45,64,49,64,65,48,44,40,75,54,70,55,62,44,48,48,79,60,69,67,67,72,59,75
[ 210.992670] [AOA] Measurement: 0,1579858783.590005,04:d6:aa:c1:38:97,2,1,2,0,128,383,431,826,540,505,785,767,358,645,455,814,27,554,346,874,749,920,46,322,92,589,518,984,729,715,178,865,901,503,679,273,331,63,57,49,64,64,66,67,32,42,60,48,60,58,45,39,35,68,52,63,49,57,38,43,43,71,51,60,57,61,64,49,65
[ 211.023643] [AOA] Measurement: 0,1579858783.620978,04:d6:aa:c1:38:97,2,1,2,0,128,12,705,300,676,1004,974,691,295,132,291,318,183,571,351,897,754,504,257,310,66,569,458,1023,698,357,490,348,37,443,669,535,509,79,72,60,79,77,81,80,41,53,74,59,73,75,58,51,48,85,65,81,64,74,54,56,57,90,72,80,76,80,84,69,87
[ 211.048458] [AOA] Measurement: 0,1579858783.645793,04:d6:aa:c1:38:97,2,1,2,0,128,453,468,790,539,1021,964,706,301,119,311,300,209,123,586,410,943,495,259,832,289,81,701,437,520,761,255,365,56,1019,858,488,528,77,70,59,78,79,81,80,41,53,73,57,73,74,58,52,48,85,62,79,62,72,51,55,56,90,71,79,77,76,83,66,85
[ 211.081127] [AOA] Measurement: 0,1579858783.678466,04:d6:aa:c1:38:97,2,1,2,0,128,963,650,298,701,35,981,237,528,652,505,272,150,170,575,399,909,481,232,864,318,122,695,990,720,286,423,342,64,469,683,795,823,78,70,58,76,75,78,79,39,52,72,60,73,75,58,52,48,87,65,81,63,73,53,56,57,90,70,78,76,79,86,71,88
[ 211.111619] [AOA] Measurement: 0,1579858783.708954,04:d6:aa:c1:38:97,2,1,2,0,128,982,678,255,707,43,995,196,496,705,518,302,223,88,531,411,948,390,230,776,257,533,470,440,524,782,246,375,82,43,903,904,786,76,70,57,75,75,76,77,39,51,71,57,70,72,56,50,46,82,64,78,60,70,49,53,53,86,66,73,71,73,80,61,79
[ 211.140716] [AOA] Measurement: 0,1579858783.738057,04:d6:aa:c1:38:97,2,1,2,0,128,455,497,819,544,57,1009,214,494,671,491,777,10,97,570,409,948,444,235,872,302,91,671,13,771,303,404,832,913,1010,888,831,894,78,70,59,78,77,82,82,40,52,72,59,74,73,58,51,48,87,64,81,63,75,54,54,58,91,70,78,76,79,85,69,87
[ 211.169592] [AOA] Measurement: 0,1579858783.766928,04:d6:aa:c1:38:97,2,1,2,0,128,457,489,716,440,540,812,707,310,135,279,746,1006,103,573,351,954,502,244,758,225,78,660,998,716,222,373,853,877,470,663,1011,33,67,60,49,65,66,68,68,33,44,62,49,62,62,48,42,40,70,53,68,52,61,42,46,47,76,60,66,64,65,71,57,70
[ 211.194788] [AOA] Measurement: 0,1579858783.792130,04:d6:aa:c1:38:97,2,1,2,0,128,442,475,708,516,510,825,712,334,82,285,324,215,586,389,893,754,476,272,835,266,101,679,493,582,732,180,874,908,454,654,402,482,66,60,49,67,65,69,67,35,43,61,50,61,63,48,44,41,73,55,69,54,62,46,47,49,78,62,69,67,68,73,60,74
[ 211.223609] [AOA] Measurement: 0,1579858783.820945,04:d6:aa:c1:38:97,2,1,2,0,128,424,517,335,753,17,954,256,501,135,304,826,47,578,357,890,758,954,47,845,293,121,689,2,703,297,423,393,86,1015,848,25,1018,80,71,58,77,78,81,83,40,53,73,59,76,76,58,53,51,88,64,81,65,74,56,57,61,93,75,82,82,83,88,74,89
[ 211.255096] [AOA] Measurement: 0,1579858783.852432,04:d6:aa:c1:38:97,2,1,2,0,128,430,456,794,555,497,818,694,276,75,248,723,1018,555,381,765,676,954,78,256,46,598,499,447,512,744,205,816,854,568,732,262,386,63,58,48,65,63,66,66,34,43,60,48,60,60,46,40,37,68,53,67,52,61,43,46,45,74,57,63,62,61,68,52,67
[ 211.285780] [AOA] Measurement: 0,1579858783.883120,04:d6:aa:c1:38:97,2,1,2,0,128,464,497,756,493,530,813,701,338,90,288,748,28,592,408,832,723,898,41,261,40,590,506,419,525,758,186,367,47,33,936,415,497,77,71,59,78,77,80,81,40,53,72,58,75,73,58,52,49,87,66,80,66,74,54,55,57,93,72,80,79,79,85,69,87
[ 211.313925] [AOA] Measurement: 0,1579858783.911260,04:d6:aa:c1:38:97,2,1,2,0,128,392,456,281,700,90,15,270,550,639,439,342,204,173,616,395,977,473,289,836,281,149,720,1014,701,290,449,418,75,11,919,459,353,69,62,50,67,67,70,70,36,44,61,52,64,62,50,42,42,74,55,70,52,62,42,44,46,78,57,68,64,66,71,57,74
[ 211.344465] [AOA] Measurement: 0,1579858783.941805,04:d6:aa:c1:38:97,2,1,2,0,128,999,681,755,532,530,834,700,331,97,279,838,38,142,595,368,909,515,265,787,247,120,693,447,506,278,432,291,5,48,868,546,446,67,60,50,67,67,71,70,35,45,64,51,64,64,50,45,42,72,55,68,55,63,45,47,50,79,63,69,68,69,74,62,76
[ 211.371739] [AOA] Measurement: 0,1579858783.969074,04:d6:aa:c1:38:97,2,1,2,0,128,1016,678,261,710,51,1008,255,536,642,495,283,167,150,591,420,933,489,249,318,100,125,689,1006,683,348,478,366,86,24,902,294,223,70,62,51,68,69,71,71,34,47,65,51,66,65,50,45,43,77,55,71,56,66,48,47,51,80,65,71,70,69,75,64,77
[ 211.403705] [AOA] Measurement: 0,1579858784.001039,04:d6:aa:c1:38:97,2,1,2,0,128,980,657,766,524,49,995,680,260,124,300,760,13,112,539,412,967,466,290,780,271,188,765,26,819,228,408,414,81,40,906,822,772,79,72,59,79,76,82,82,40,53,74,60,76,74,57,53,49,86,64,82,65,76,54,55,57,92,73,81,78,81,87,71,87
[ 211.434976] [AOA] Measurement: 0,1579858784.032312,04:d6:aa:c1:38:97,2,1,2,0,128,401,471,810,542,468,792,727,310,188,391,313,172,587,386,856,693,983,83,912,305,149,729,953,693,700,206,861,874,496,664,12,110,74,69,58,76,77,79,79,38,52,72,57,70,69,56,48,44,82,63,78,58,69,47,51,51,86,63,73,68,71,77,61,76
[ 211.461457] [AOA] Measurement: 0,1579858784.058796,04:d6:aa:c1:38:97,2,1,2,0,128,407,465,805,520,60,1000,220,504,701,532,387,258,125,582,429,955,530,265,824,283,102,665,989,734,263,430,373,38,33,920,392,312,68,59,49,65,67,68,70,33,44,62,51,64,63,49,44,43,72,54,69,54,63,45,47,50,76,62,66,65,69,74,61,75
[ 211.486547] [AOA] Measurement: 0,1579858784.083888,04:d6:aa:c1:38:97,2,1,2,0,128,375,441,801,570,517,817,733,350,168,312,336,216,149,594,319,887,512,289,868,279,96,665,999,735,322,400,393,62,999,855,187,170,79,70,59,77,80,83,83,42,55,74,60,75,75,58,53,49,87,65,82,65,75,55,55,57,93,74,82,79,80,87,74,89
[ 211.515860] [AOA] Measurement: 0,1579858784.113195,04:d6:aa:c1:38:97,2,1,2,0,128,443,457,323,722,58,990,164,466,78,242,739,999,556,345,790,696,910,55,282,79,518,449,416,497,763,194,401,62,1017,853,14,15,79,71,60,78,77,81,82,41,53,72,60,74,74,58,54,51,87,65,81,66,76,56,57,60,92,74,82,81,82,87,73,91
[ 211.547294] [AOA] Measurement: 0,1579858784.144630,04:d6:aa:c1:38:97,2,1,2,0,128,478,521,752,528,565,859,247,544,124,304,784,55,549,375,791,682,936,32,294,99,570,495,444,529,767,247,352,12,1015,864,960,988,66,60,49,65,64,67,68,32,43,60,48,59,60,48,41,38,70,54,68,51,59,41,44,44,72,53,63,60,62,66,53,67
[ 211.576781] [AOA] Measurement: 0,1579858784.174121,04:d6:aa:c1:38:97,2,1,2,0,128,430,481,796,531,32,1010,251,493,125,300,760,998,538,314,833,734,934,40,292,85,558,472,427,528,356,441,375,63,38,898,247,226,76,70,59,77,76,80,82,40,53,72,59,73,74,56,49,46,85,63,78,62,72,50,53,55,88,68,76,71,74,79,63,80
[ 211.605691] [AOA] Measurement: 0,1579858784.203027,04:d6:aa:c1:38:97,2,1,2,0,128,976,681,334,730,514,852,202,495,126,327,739,13,632,413,340,871,488,226,845,255,102,666,967,671,287,405,340,28,476,696,55,75,66,58,50,65,66,69,70,34,47,63,51,64,63,49,47,44,74,54,68,54,63,47,48,52,81,63,70,68,71,74,64,77
[ 211.636718] [AOA] Measurement: 0,1579858784.234058,04:d6:aa:c1:38:97,2,1,2,0,128,424,483,769,497,501,780,720,292,34,222,689,954,536,339,823,723,912,28,256,27,573,456,424,483,717,170,850,869,473,696,887,968,68,59,49,65,66,69,69,35,46,63,51,63,60,49,44,42,73,54,69,51,61,44,47,49,76,60,66,64,66,72,57,71
[ 211.664931] [AOA] Measurement: 0,1579858784.262266,04:d6:aa:c1:38:97,2,1,2,0,128,442,453,809,546,476,781,750,325,693,500,339,235,124,591,436,973,440,193,325,118,94,668,993,709,355,427,379,69,30,885,861,877,67,59,51,65,65,69,69,33,45,62,51,64,64,49,46,43,75,54,66,53,61,47,47,50,77,64,68,69,70,73,64,76
[ 211.690668] [AOA] Measurement: 0,1579858784.288007,04:d6:aa:c1:38:97,2,1,2,0,128,475,486,780,504,72,1008,683,316,706,484,313,224,74,558,379,933,418,229,286,100,572,464,9,727,287,414,341,27,45,915,466,299,68,59,51,64,65,69,70,33,46,63,50,63,63,49,46,44,74,53,69,54,63,45,47,50,78,63,69,66,67,72,62,74
[ 211.721750] [AOA] Measurement: 0,1579858784.319092,04:d6:aa:c1:38:97,2,1,2,0,128,420,480,754,495,494,788,786,362,693,517,325,203,84,520,850,757,978,86,313,57,554,490,418,505,791,248,376,31,524,692,584,641,67,60,50,67,65,70,67,34,46,63,51,64,62,50,45,42,73,54,68,56,62,48,48,49,78,61,68,64,68,72,59,73
[ 211.746885] [AOA] Measurement: 0,1579858784.344225,04:d6:aa:c1:38:97,2,1,2,0,128,423,431,721,496,487,776,717,271,91,271,740,1003,539,323,843,703,937,42,274,64,551,472,398,490,701,193,889,895,481,711,940,46,81,71,59,78,78,83,82,41,54,73,59,76,74,57,54,50,86,65,81,65,72,54,56,60,94,77,83,82,81,87,73,92
[ 211.774062] [AOA] Measurement: 0,1579858784.371404,04:d6:aa:c1:38:97,2,1,2,0,128,978,724,748,504,566,846,715,323,86,264,818,5,572,412,391,925,496,251,867,293,94,669,451,541,306,419,784,836,500,661,520,590,77,71,60,77,76,81,80,40,54,73,58,73,72,57,50,49,84,65,80,63,74,50,54,54,88,68,78,73,75,81,68,85
[ 211.805102] [AOA] Measurement: 0,1579858784.402443,04:d6:aa:c1:38:97,2,1,2,0,128,970,661,730,491,478,813,712,297,81,288,801,14,538,327,853,724,950,70,803,239,539,468,452,530,726,192,395,43,1017,872,125,74,67,60,50,65,64,70,68,34,45,63,49,64,62,49,44,42,73,53,68,55,63,46,47,51,78,63,69,69,69,73,61,76
[ 211.833680] [AOA] Measurement: 0,1579858784.431015,04:d6:aa:c1:38:97,2,1,2,0,128,992,659,276,686,43,1012,215,527,686,518,298,189,125,582,842,755,945,82,836,294,120,703,990,711,298,438,360,30,47,909,570,558,77,71,59,79,77,80,79,40,52,73,59,73,72,57,48,45,82,62,79,60,73,50,56,57,91,69,77,75,77,83,67,84
[ 211.859712] [AOA] Measurement: 0,1579858784.457050,04:d6:aa:c1:38:97,2,1,2,0,128,418,430,714,473,483,796,698,275,111,297,772,3,580,349,874,727,925,28,857,288,87,651,991,707,250,377,356,66,23,914,156,196,78,71,60,79,78,81,81,40,53,72,57,71,73,55,49,47,87,64,81,62,74,53,54,56,88,69,77,74,76,81,65,83
[ 211.889746] [AOA] Measurement: 0,1579858784.487087,04:d6:aa:c1:38:97,2,1,2,0,128,400,439,759,542,523,812,726,321,152,298,683,966,596,364,859,734,992,101,834,253,119,700,397,495,773,230,841,873,462,685,26,153,76,69,58,77,77,80,78,40,50,70,58,70,70,57,48,45,83,63,79,62,70,51,54,53,86,68,76,72,74,82,64,82
[ 211.919758] [AOA] Measurement: 0,1579858784.517092,04:d6:aa:c1:38:97,2,1,2,0,128,449,469,798,536,488,765,752,325,148,336,322,212,544,346,830,711,977,42,283,70,523,482,1001,703,734,218,777,863,482,658,922,960,66,58,51,67,66,69,68,34,45,62,50,63,63,49,43,40,72,55,68,54,62,42,46,48,77,59,67,64,67,72,58,73
[ 211.945458] [AOA] Measurement: 0,1579858784.542800,04:d6:aa:c1:38:97,2,1,2,0,128,1018,731,281,717,15,969,697,316,132,294,777,41,156,602,889,726,483,258,814,266,131,684,985,714,745,228,822,876,443,648,254,366,65,60,49,66,66,69,69,34,45,62,50,63,62,50,45,43,73,54,68,55,62,45,48,48,77,61,68,66,68,72,58,74
[ 211.973553] [AOA] Measurement: 0,1579858784.570888,04:d6:aa:c1:38:97,2,1,2,0,128,463,528,308,721,581,870,727,346,96,290,763,1009,562,341,816,657,993,86,802,226,549,442,472,508,688,146,857,894,495,673,765,800,65,60,50,66,64,69,69,35,45,62,50,64,62,49,45,43,75,54,67,54,63,47,48,50,78,63,69,67,69,73,63,73
[ 212.002580] [AOA] Measurement: 0,1579858784.599920,04:d6:aa:c1:38:97,2,1,2,0,128,408,448,789,519,4,972,205,473,28,228,817,33,521,341,863,697,941,62,840,281,572,492,1009,720,261,395,377,57,1012,854,19,1014,66,59,49,65,66,68,69,34,44,61,51,62,63,49,44,43,73,53,67,55,62,45,47,48,79,61,67,65,67,71,60,75
[ 212.028681] [AOA] Measurement: 0,1579858784.626017,04:d6:aa:c1:38:97,2,1,2,0,128,953,671,317,746,46,990,289,565,628,518,310,183,117,572,380,910,509,306,822,285,147,709,999,710,279,405,353,58,55,909,943,936,64,57,48,64,63,64,64,33,42,58,47,57,59,46,39,35,68,51,66,48,58,37,44,41,69,53,59,57,58,64,49,64
[ 212.058891] [AOA] Measurement: 0,1579858784.656231,04:d6:aa:c1:38:97,2,1,2,0,128,444,456,769,528,492,797,694,244,102,280,792,995,575,362,864,737,941,72,281,32,129,704,916,638,833,251,368,68,44,861,950,985,77,71,57,77,77,77,80,40,51,72,59,72,71,55,48,44,84,63,80,61,73,50,54,56,89,68,77,74,76,82,66,83
[ 212.089725] [AOA] Measurement: 0,1579858784.687066,04:d6:aa:c1:38:97,2,1,2,0,128,996,680,334,718,1017,980,257,568,115,308,274,168,181,614,458,997,515,296,897,361,182,762,1004,761,298,407,389,99,78,908,950,735,63,58,49,64,63,66,66,33,42,61,48,59,59,47,42,38,69,54,66,50,59,41,46,46,74,56,64,61,61,68,53,68
[ 212.115733] [AOA] Measurement: 0,1579858784.713073,04:d6:aa:c1:38:97,2,1,2,0,128,382,387,724,498,480,771,694,274,72,232,722,965,507,273,823,676,1004,98,261,61,578,492,405,537,249,379,828,830,482,668,250,386,67,59,49,65,64,70,69,34,45,60,50,63,63,50,45,43,72,55,68,54,62,46,47,50,79,62,68,66,68,72,62,75
[ 212.146149] [AOA] Measurement: 0,1579858784.743484,04:d6:aa:c1:38:97,2,1,2,0,128,365,450,755,515,477,786,701,298,121,310,803,20,619,403,369,908,955,54,293,75,555,471,473,539,712,166,877,888,536,704,804,853,78,70,59,78,76,78,79,38,52,71,56,70,74,56,50,45,81,62,78,60,71,47,52,52,86,63,74,69,72,78,63,80
[ 212.179328] [AOA] Measurement: 0,1579858784.776664,04:d6:aa:c1:38:97,2,1,2,0,128,353,411,779,535,535,791,659,268,132,287,784,2,576,357,841,721,925,1018,354,106,578,483,454,509,733,196,837,866,502,663,838,921,80,71,59,77,79,82,83,41,54,74,60,74,76,58,53,49,88,66,82,64,72,53,56,57,91,71,80,79,79,86,72,88
[ 212.212143] [AOA] Measurement: 0,1579858784.809478,04:d6:aa:c1:38:97,2,1,2,0,128,464,483,803,548,500,795,696,284,50,234,775,983,608,388,828,723,964,91,269,95,612,510,946,686,759,209,849,882,551,728,284,294,76,70,59,76,77,78,81,39,52,72,58,71,71,56,49,45,83,62,77,62,72,50,54,53,87,65,76,73,74,79,63,80
[ 212.238601] [AOA] Measurement: 0,1579858784.835941,04:d6:aa:c1:38:97,2,1,2,0,128,370,460,760,496,513,801,718,295,95,269,812,32,104,572,408,958,454,219,838,262,100,690,974,707,252,342,454,104,35,902,516,480,66,60,49,66,64,68,69,33,45,61,50,62,62,48,43,42,72,56,69,54,61,44,46,47,77,61,67,65,67,72,58,72
[ 212.274764] [AOA] Measurement: 0,1579858784.872075,04:d6:aa:c1:38:97,2,1,2,0,128,1005,663,728,482,474,765,683,304,166,353,759,998,142,550,371,929,486,263,858,271,98,658,1001,731,245,397,340,39,1017,890,578,534,78,71,59,78,76,80,81,41,53,73,58,73,74,58,50,49,85,64,81,62,72,52,56,57,91,71,79,78,78,85,69,86
[ 212.309775] [AOA] Measurement: 0,1579858784.907115,04:d6:aa:c1:38:97,2,1,2,0,128,401,442,789,530,503,797,697,283,100,264,758,1003,593,353,838,712,899,12,304,57,596,473,421,487,777,231,873,939,440,649,963,935,67,61,50,65,65,67,67,34,44,61,49,61,62,48,43,40,73,55,68,53,61,44,48,48,76,60,67,65,66,70,56,71
[ 212.340028] [AOA] Measurement: 0,1579858784.937363,04:d6:aa:c1:38:97,2,1,2,0,128,377,431,777,511,543,810,727,313,83,284,791,23,583,377,836,713,505,283,839,256,142,710,1015,716,280,404,320,6,23,881,840,738,65,58,49,64,66,66,69,33,44,60,48,59,61,47,40,37,70,53,66,51,60,41,45,45,77,56,65,61,65,69,55,69
[ 212.371615] [AOA] Measurement: 0,1579858784.968955,04:d6:aa:c1:38:97,2,1,2,0,128,400,421,776,502,489,769,731,326,669,503,279,169,107,544,386,912,476,257,796,222,506,410,473,478,779,234,401,73,1006,837,823,875,65,60,50,66,66,69,69,34,44,63,50,62,61,49,44,41,74,55,69,54,61,45,46,49,78,62,67,66,66,71,59,74
[ 212.397850] [AOA] Measurement: 0,1579858784.995190,04:d6:aa:c1:38:97,2,1,2,0,128,993,680,721,477,511,788,721,328,83,257,752,1006,544,351,881,726,920,11,293,58,604,503,420,476,779,216,345,31,482,669,904,946,66,59,51,66,66,67,68,34,44,62,50,62,63,48,43,38,71,53,67,52,63,43,47,48,76,58,68,65,65,69,58,73
[ 212.424094] [AOA] Measurement: 0,1579858785.021434,04:d6:aa:c1:38:97,2,1,2,0,128,962,659,730,524,27,952,697,289,177,315,776,3,561,351,871,736,475,231,279,80,590,482,400,481,733,196,791,856,508,691,1011,103,75,68,58,77,77,78,80,38,52,73,57,71,71,55,48,44,84,64,79,60,71,48,51,51,85,65,74,71,72,78,62,81
[ 212.455945] [AOA] Measurement: 0,1579858785.053283,04:d6:aa:c1:38:97,2,1,2,0,128,444,483,311,713,495,791,704,282,149,319,767,2,180,607,428,950,496,218,826,237,45,644,428,487,721,178,855,874,504,680,795,916,79,70,59,77,77,80,81,40,52,75,59,76,76,59,55,51,86,64,81,65,75,56,56,58,91,72,80,79,82,87,70,89
[ 212.486123] [AOA] Measurement: 0,1579858785.083457,04:d6:aa:c1:38:97,2,1,2,0,128,415,485,718,511,534,813,250,479,718,515,306,177,109,578,347,896,987,71,815,304,518,455,441,501,719,155,867,863,547,714,810,863,68,60,50,65,65,69,69,34,46,64,50,64,63,49,45,44,74,54,68,55,63,48,49,51,80,65,69,69,70,73,63,78
[ 212.514633] [AOA] Measurement: 0,1579858785.111974,04:d6:aa:c1:38:97,2,1,2,0,128,1002,689,764,515,45,5,212,502,640,499,348,199,107,584,796,698,947,26,260,30,594,453,460,523,774,240,361,25,79,908,207,184,77,71,56,78,77,80,80,39,50,71,56,70,70,53,44,40,80,61,75,57,67,44,51,49,82,61,71,66,70,73,57,76
[ 212.543483] [AOA] Measurement: 0,1579858785.140818,04:d6:aa:c1:38:97,2,1,2,0,128,434,485,796,547,10,942,753,305,709,517,326,197,69,564,362,940,953,55,840,251,130,692,987,710,259,409,349,22,497,679,22,86,68,59,50,66,66,69,67,33,45,61,49,63,63,49,45,42,74,55,69,54,63,46,48,50,78,61,67,67,67,73,60,75
[ 212.576268] [AOA] Measurement: 0,1579858785.173608,04:d6:aa:c1:38:97,2,1,2,0,128,412,486,780,557,66,981,695,321,55,250,775,7,622,336,859,731,936,35,302,60,642,496,450,494,806,265,823,862,486,685,48,44,76,69,56,78,76,79,76,40,50,72,56,70,70,55,47,44,79,62,79,60,68,47,52,50,84,63,73,68,69,75,59,77
[ 212.603554] [AOA] Measurement: 0,1579858785.200889,04:d6:aa:c1:38:97,2,1,2,0,128,470,520,251,654,477,770,677,281,156,336,737,993,628,378,411,946,482,237,828,211,590,455,428,483,814,228,381,53,67,908,909,967,78,70,59,77,77,80,81,39,52,73,57,73,72,56,50,46,85,64,81,60,73,52,54,54,88,69,79,77,77,83,65,84
[ 212.632010] [AOA] Measurement: 0,1579858785.229350,04:d6:aa:c1:38:97,2,1,2,0,128,18,736,303,693,543,846,247,504,155,316,369,238,45,554,858,753,945,63,847,268,90,683,1004,714,282,419,348,7,48,875,50,64,67,61,51,66,66,69,69,35,46,62,51,64,63,49,46,42,73,54,69,56,61,46,47,49,78,63,69,67,69,74,62,72
[ 212.657886] [AOA] Measurement: 0,1579858785.255221,04:d6:aa:c1:38:97,2,1,2,0,128,440,475,802,542,28,993,302,540,68,237,691,973,577,357,450,938,933,31,267,31,553,466,400,508,744,165,804,836,470,650,929,60,68,61,50,66,66,69,67,34,45,62,50,64,63,48,46,43,74,55,69,56,63,47,48,51,78,63,69,69,68,72,62,77
[ 212.691029] [AOA] Measurement: 0,1579858785.288365,04:d6:aa:c1:38:97,2,1,2,0,128,3,718,700,490,512,795,690,270,159,313,773,33,563,382,423,983,480,281,815,284,581,452,458,512,796,261,804,848,533,716,222,271,77,70,58,77,77,79,79,39,50,72,57,72,72,57,49,46,84,63,81,61,71,50,52,54,88,68,78,77,76,83,68,83
[ 212.719408] [AOA] Measurement: 0,1579858785.316745,04:d6:aa:c1:38:97,2,1,2,0,128,918,642,331,720,453,764,722,315,148,297,338,241,127,562,440,985,476,281,880,313,124,712,18,738,286,432,406,79,9,882,368,367,66,60,49,67,66,69,67,35,46,63,50,63,62,49,43,40,73,54,68,55,63,44,46,50,78,61,68,66,68,73,58,74
[ 212.754080] [AOA] Measurement: 0,1579858785.351417,04:d6:aa:c1:38:97,2,1,2,0,128,429,440,720,467,535,819,734,311,730,540,342,227,69,530,384,924,441,246,869,312,84,659,8,744,230,335,395,71,1019,858,578,590,77,69,58,77,76,78,80,40,51,71,57,70,74,57,48,45,85,63,80,60,71,49,53,55,87,66,76,73,75,81,63,80
[ 212.793757] [AOA] Measurement: 0,1579858785.391100,04:d6:aa:c1:38:97,2,1,2,0,128,958,647,304,692,491,824,663,288,142,309,773,1017,156,580,371,893,506,276,820,247,578,490,437,522,790,251,816,879,482,647,164,297,67,60,49,66,65,69,67,34,46,61,48,64,63,49,41,42,72,54,68,52,61,43,47,48,77,58,66,64,66,70,58,71
[ 212.827306] [AOA] Measurement: 0,1579858785.424647,04:d6:aa:c1:38:97,2,1,2,0,128,444,472,741,501,32,975,708,318,96,282,797,15,669,421,331,867,971,64,834,296,63,665,990,685,241,387,872,892,9,877,816,814,77,69,59,77,80,82,82,39,52,72,61,76,74,59,53,51,86,65,82,63,74,53,54,58,90,74,81,79,82,87,72,91
[ 212.855843] [AOA] Measurement: 0,1579858785.453179,04:d6:aa:c1:38:97,2,1,2,0,128,940,612,834,537,99,1018,226,501,672,509,318,172,85,566,404,935,460,257,256,44,153,693,973,679,279,394,311,1012,490,700,472,540,80,71,58,78,78,83,82,40,55,74,59,74,75,58,53,51,86,65,82,64,75,56,56,60,92,74,81,80,83,87,73,91
[ 212.888250] [AOA] Measurement: 0,1579858785.485589,04:d6:aa:c1:38:97,2,1,2,0,128,451,438,793,541,16,983,688,306,77,289,694,983,643,396,792,678,1000,107,334,133,525,475,427,517,790,245,383,78,29,882,975,934,78,71,59,78,77,83,81,42,53,73,60,76,77,58,54,52,87,65,81,65,74,54,56,60,92,73,82,81,81,87,73,91
[ 212.917677] [AOA] Measurement: 0,1579858785.515012,04:d6:aa:c1:38:97,2,1,2,0,128,339,388,747,527,507,806,701,295,85,259,347,215,529,315,881,725,947,101,804,250,565,459,397,493,823,274,362,50,33,876,835,928,66,60,49,64,63,67,68,33,44,60,50,62,62,49,43,40,73,55,68,52,62,44,47,48,76,61,67,65,66,71,56,73
[ 212.944738] [AOA] Measurement: 0,1579858785.542073,04:d6:aa:c1:38:97,2,1,2,0,128,471,528,745,503,549,810,676,294,178,316,748,1006,641,441,880,765,971,63,267,46,622,477,465,535,723,174,889,902,513,677,498,519,63,58,49,66,63,65,66,32,42,59,48,60,59,47,38,37,70,53,66,50,59,41,45,44,72,54,63,57,62,65,52,66
[ 212.979135] [AOA] Measurement: 0,1579858785.576471,04:d6:aa:c1:38:97,2,1,2,0,128,384,404,772,522,476,779,705,295,43,240,735,991,551,362,795,682,873,1014,252,24,550,458,400,480,702,175,869,884,428,655,597,835,68,60,52,65,64,69,67,34,46,63,50,65,63,50,47,45,72,53,67,55,62,47,46,51,77,65,71,71,69,74,65,78
[ 213.006339] [AOA] Measurement: 0,1579858785.603681,04:d6:aa:c1:38:97,2,1,2,0,128,408,457,315,762,111,33,268,516,720,522,763,996,615,387,411,907,924,3,319,105,534,448,432,459,744,204,833,861,533,706,392,358,64,58,48,65,65,65,67,32,43,59,47,58,58,47,38,35,68,53,64,49,59,40,44,43,72,54,62,57,60,66,51,66
[ 213.034609] [AOA] Measurement: 0,1579858785.631943,04:d6:aa:c1:38:97,2,1,2,0,128,444,464,777,507,536,814,704,298,90,254,739,1008,554,350,839,714,963,58,292,94,599,549,365,473,743,138,816,848,467,679,855,1014,78,69,58,76,78,80,81,38,50,72,58,70,73,56,48,45,83,64,80,60,70,50,53,52,87,67,75,73,74,82,65,83
[ 213.068318] [AOA] Measurement: 0,1579858785.665656,04:d6:aa:c1:38:97,2,1,2,0,128,424,423,751,506,525,786,662,318,120,290,802,1019,113,556,837,739,961,57,261,65,519,463,399,472,746,184,868,910,488,683,483,564,67,59,50,66,66,70,69,34,45,61,51,64,62,50,46,45,74,53,69,57,64,47,47,51,78,65,70,69,70,75,63,76
[ 213.096970] [AOA] Measurement: 0,1579858785.694305,04:d6:aa:c1:38:97,2,1,2,0,128,930,625,740,499,537,797,686,283,117,296,285,174,106,532,807,706,1006,72,822,257,128,705,970,695,740,194,828,852,460,632,227,279,80,69,60,77,78,81,81,41,53,73,60,73,73,57,51,46,83,63,79,63,71,52,54,56,90,69,78,76,76,84,66,88
[ 213.130743] [AOA] Measurement: 0,1579858785.728085,04:d6:aa:c1:38:97,2,1,2,0,128,441,476,302,700,67,987,248,526,654,467,808,15,195,658,371,930,549,311,874,313,124,700,967,722,274,431,348,52,463,664,941,64,66,60,49,67,64,66,67,33,44,61,49,62,62,49,44,39,72,54,67,53,61,43,46,47,76,59,66,63,63,70,56,71
[ 213.157207] [AOA] Measurement: 0,1579858785.754546,04:d6:aa:c1:38:97,2,1,2,0,128,416,492,761,543,525,824,726,349,74,240,731,1001,533,332,877,732,990,73,802,243,166,722,1011,723,327,448,391,64,987,850,723,748,66,60,50,67,67,69,69,35,46,63,50,63,61,48,44,41,72,53,65,53,63,45,47,49,78,61,68,66,68,74,59,74
[ 213.189037] [AOA] Measurement: 0,1579858785.786372,04:d6:aa:c1:38:97,2,1,2,0,128,448,480,754,511,518,790,722,327,119,272,789,47,566,360,853,737,971,41,338,110,108,677,980,724,274,424,424,77,23,844,379,360,79,69,59,78,77,79,78,39,51,71,56,69,72,54,47,45,83,65,79,60,70,50,54,55,87,68,76,72,73,80,64,82
[ 213.220113] [AOA] Measurement: 0,1579858785.817451,04:d6:aa:c1:38:97,2,1,2,0,128,409,440,758,540,492,778,641,280,77,236,787,30,589,348,866,752,932,68,300,80,573,480,479,531,740,216,373,39,427,658,286,350,65,59,50,65,65,69,68,34,45,62,49,62,61,47,43,41,74,55,69,53,64,45,47,50,77,63,68,68,69,73,61,75
[ 213.251334] [AOA] Measurement: 0,1579858785.848676,04:d6:aa:c1:38:97,2,1,2,0,128,995,662,352,755,66,1012,173,484,656,475,375,244,126,590,403,935,472,262,823,285,113,678,1013,704,340,468,359,41,58,915,549,531,66,60,49,66,66,68,66,33,44,61,50,60,61,48,43,39,71,54,68,53,61,44,45,46,75,58,66,62,65,69,57,71
[ 213.279814] [AOA] Measurement: 0,1579858785.877149,04:d6:aa:c1:38:97,2,1,2,0,128,407,476,766,544,74,22,171,460,58,263,767,5,592,384,817,682,933,16,296,85,535,494,404,490,833,252,328,13,469,620,442,577,77,71,59,79,78,78,79,41,51,71,54,71,71,56,48,46,82,63,79,60,71,49,53,52,85,65,75,73,73,79,62,79
[ 213.313636] [AOA] Measurement: 0,1579858785.910972,04:d6:aa:c1:38:97,2,1,2,0,128,919,612,250,649,553,793,693,255,116,291,292,175,150,597,363,898,535,297,868,296,91,692,475,520,309,453,355,62,1011,888,429,361,80,70,59,77,77,79,79,39,50,71,60,74,73,57,51,48,86,66,80,61,72,51,54,57,91,69,78,75,78,84,69,86
[ 213.347655] [AOA] Measurement: 0,1579858785.944990,04:d6:aa:c1:38:97,2,1,2,0,128,398,500,780,526,502,805,710,287,143,308,778,1002,530,314,874,702,922,36,299,59,634,511,436,483,826,261,373,45,47,904,700,706,67,59,50,66,66,68,67,33,44,60,50,61,62,48,42,41,72,54,67,54,61,45,46,48,76,61,68,65,67,71,58,73
[ 213.374980] [AOA] Measurement: 0,1579858785.972323,04:d6:aa:c1:38:97,2,1,2,0,128,937,673,316,804,39,995,672,310,151,333,831,44,128,601,343,901,960,87,266,74,577,494,428,517,302,451,375,92,13,884,243,136,80,71,60,78,79,82,82,42,55,75,60,76,75,59,53,52,86,65,80,64,74,55,55,59,92,75,81,81,81,88,73,90
[ 213.402807] [AOA] Measurement: 0,1579858786.000143,04:d6:aa:c1:38:97,2,1,2,0,128,976,661,362,736,508,787,696,260,151,291,735,6,597,374,337,921,465,247,852,277,81,653,407,484,783,235,394,41,3,860,277,302,65,59,50,65,66,66,68,33,44,61,50,61,61,48,41,40,71,53,67,53,61,43,46,47,75,58,65,64,65,70,58,73
[ 213.436774] [AOA] Measurement: 0,1579858786.034113,04:d6:aa:c1:38:97,2,1,2,0,128,464,468,735,490,90,1015,665,273,131,265,822,1023,616,347,848,723,925,47,259,66,631,519,979,711,346,443,390,68,24,862,406,364,79,70,59,78,78,81,82,40,52,75,60,74,74,57,51,49,87,66,82,63,74,54,57,58,93,71,81,77,81,85,69,88
[ 213.466201] [AOA] Measurement: 0,1579858786.063535,04:d6:aa:c1:38:97,2,1,2,0,128,929,611,312,723,480,784,265,539,94,277,709,965,537,346,833,708,948,44,266,55,685,550,420,536,740,216,851,884,489,698,373,389,77,70,59,76,76,77,80,38,49,70,57,70,70,54,47,44,81,60,78,59,68,48,52,52,88,67,76,71,72,81,62,80
[ 213.500393] [AOA] Measurement: 0,1579858786.097734,04:d6:aa:c1:38:97,2,1,2,0,128,387,453,733,492,524,804,724,300,98,264,771,1018,565,336,860,722,894,5,262,46,542,456,429,506,716,205,832,872,442,638,280,377,65,61,50,66,66,67,67,34,43,62,49,59,60,46,39,38,70,54,67,51,60,41,44,44,73,53,63,60,62,66,53,67
[ 213.527178] [AOA] Measurement: 0,1579858786.124518,04:d6:aa:c1:38:97,2,1,2,0,128,422,427,857,559,1008,947,758,334,635,462,763,1,599,410,408,967,951,50,301,96,615,527,417,493,693,196,847,938,1,888,480,508,79,71,61,78,78,81,81,40,52,74,60,75,72,57,53,50,85,65,80,65,74,54,57,59,93,74,81,78,80,87,72,88
[ 213.558189] [AOA] Measurement: 0,1579858786.155525,04:d6:aa:c1:38:97,2,1,2,0,128,48,779,326,773,100,6,244,523,669,495,318,182,571,386,392,910,408,235,841,255,112,665,405,497,760,214,844,898,51,884,39,986,75,69,56,76,76,78,76,38,50,70,56,71,69,56,48,44,82,63,77,60,71,50,53,52,86,67,75,71,74,79,64,81
[ 213.592289] [AOA] Measurement: 0,1579858786.189624,04:d6:aa:c1:38:97,2,1,2,0,128,543,534,329,738,38,1003,217,462,665,485,810,18,66,551,834,716,931,25,204,8,615,482,995,716,326,405,350,44,17,887,688,590,67,59,51,65,64,68,69,34,45,62,50,62,61,48,42,41,71,56,67,53,63,43,46,47,76,57,67,64,65,69,55,70
[ 213.626235] [AOA] Measurement: 0,1579858786.223570,04:d6:aa:c1:38:97,2,1,2,0,128,458,504,309,709,34,1003,199,489,674,469,255,159,563,312,401,935,460,208,818,239,558,454,404,468,709,161,851,888,3,909,432,358,66,58,50,65,66,67,68,33,46,63,49,60,63,47,42,39,70,54,68,53,61,44,46,46,74,58,64,62,65,71,56,71
[ 213.660865] [AOA] Measurement: 0,1579858786.258201,04:d6:aa:c1:38:97,2,1,2,0,128,481,505,810,578,522,800,716,299,120,281,781,19,548,346,853,726,877,1019,255,49,626,491,458,476,730,222,831,911,26,854,325,430,66,59,51,66,66,68,68,35,43,63,50,62,63,49,43,40,70,54,68,54,63,44,48,47,77,60,67,64,68,72,59,72
[ 213.693921] [AOA] Measurement: 0,1579858786.291261,04:d6:aa:c1:38:97,2,1,2,0,128,994,666,790,540,547,834,688,275,159,334,307,186,123,534,875,723,941,62,284,85,126,645,16,704,249,385,357,9,528,732,935,980,66,60,49,66,65,67,68,33,46,63,50,62,62,49,44,40,73,55,67,53,62,46,46,48,77,60,67,66,66,71,57,70
[ 213.724059] [AOA] Measurement: 0,1579858786.321394,04:d6:aa:c1:38:97,2,1,2,0,128,953,643,312,724,508,784,742,315,174,314,824,11,628,431,406,924,495,229,288,94,581,479,504,558,796,260,408,50,463,660,600,696,74,68,57,77,76,77,77,38,49,71,55,66,68,53,44,41,78,61,76,55,68,44,51,48,84,59,69,66,69,73,57,74
[ 213.757180] [AOA] Measurement: 0,1579858786.354520,04:d6:aa:c1:38:97,2,1,2,0,128,412,460,796,510,497,763,709,308,141,279,761,1016,81,543,455,961,487,239,868,269,129,708,933,671,289,448,346,13,16,882,403,382,66,58,50,65,66,68,69,34,46,62,50,61,62,48,43,37,71,54,68,53,61,42,46,47,75,58,66,62,65,70,58,72
[ 213.787613] [AOA] Measurement: 0,1579858786.384948,04:d6:aa:c1:38:97,2,1,2,0,128,384,438,319,717,52,1018,195,461,135,313,299,183,548,366,373,908,471,255,839,251,125,676,980,722,263,402,389,49,990,840,310,333,67,59,50,66,66,68,69,35,45,64,51,64,63,50,46,42,73,55,69,54,63,47,48,50,79,63,69,69,69,75,60,75
[ 213.822406] [AOA] Measurement: 0,1579858786.419741,04:d6:aa:c1:38:97,2,1,2,0,128,963,672,772,526,494,804,749,357,145,296,890,94,96,536,827,751,960,79,812,280,102,690,975,714,785,229,407,74,973,838,738,801,79,71,59,77,77,83,83,41,55,74,61,77,74,59,54,52,88,64,82,64,74,53,54,58,93,72,83,79,80,87,73,90
[ 213.857231] [AOA] Measurement: 0,1579858786.454570,04:d6:aa:c1:38:97,2,1,2,0,128,449,471,744,499,491,814,706,259,147,286,833,7,557,380,811,691,954,20,279,82,132,708,1004,709,318,414,413,104,19,861,363,405,78,70,58,77,77,80,79,39,53,71,58,73,73,57,51,46,85,63,79,62,73,52,54,56,89,71,78,77,78,83,65,84
[ 213.885895] [AOA] Measurement: 0,1579858786.483231,04:d6:aa:c1:38:97,2,1,2,0,128,990,657,802,550,464,751,698,319,117,276,774,1010,588,352,417,942,442,225,830,262,114,682,987,714,219,362,389,31,38,905,88,91,66,58,49,64,66,69,69,34,46,63,51,64,63,51,47,43,73,54,69,54,64,47,49,50,79,62,70,68,70,74,61,75
[ 213.920478] [AOA] Measurement: 0,1579858786.517818,04:d6:aa:c1:38:97,2,1,2,0,128,999,672,744,488,545,813,198,486,120,300,760,999,592,368,836,684,984,51,246,31,584,448,434,518,685,180,824,872,496,678,747,910,75,69,57,75,76,77,79,38,50,69,57,72,72,54,48,44,85,63,81,60,72,50,52,54,89,67,76,73,74,81,64,83
[ 213.950488] [AOA] Measurement: 0,1579858786.547822,04:d6:aa:c1:38:97,2,1,2,0,128,418,441,774,515,506,771,683,304,659,486,763,1007,561,329,812,730,911,45,274,79,109,735,12,732,257,422,387,77,12,903,904,851,80,71,59,78,78,83,82,40,55,75,60,76,76,59,52,52,86,64,79,65,72,56,58,61,95,73,84,81,83,88,74,91
[ 213.984858] [AOA] Measurement: 0,1579858786.582198,04:d6:aa:c1:38:97,2,1,2,0,128,972,664,345,767,1002,1001,203,446,129,333,816,10,134,590,414,920,465,272,233,28,578,474,420,529,770,195,854,856,553,693,410,429,67,59,51,66,66,69,70,35,45,64,50,65,63,50,45,44,74,53,68,53,64,47,48,50,78,64,69,69,70,75,63,76
[ 214.015124] [AOA] Measurement: 0,1579858786.612459,04:d6:aa:c1:38:97,2,1,2,0,128,409,434,786,518,517,810,679,253,73,278,791,1019,566,355,889,742,936,50,267,106,112,672,418,498,731,157,873,895,475,671,254,422,78,69,58,77,77,81,81,41,54,73,58,73,74,57,54,48,86,64,82,63,71,53,54,57,92,70,79,76,79,85,70,88
[ 214.043900] [AOA] Measurement: 0,1579858786.641242,04:d6:aa:c1:38:97,2,1,2,0,128,957,676,317,693,48,997,725,314,163,353,785,17,628,392,824,707,971,37,270,33,585,491,419,476,755,238,399,96,39,883,727,608,68,60,50,64,64,69,67,34,45,63,50,64,64,48,46,43,73,54,67,55,62,47,49,51,80,64,69,67,69,73,61,75
[ 214.071525] [AOA] Measurement: 0,1579858786.668860,04:d6:aa:c1:38:97,2,1,2,0,128,949,650,302,690,489,762,696,287,106,293,804,22,143,580,835,743,925,68,815,273,114,664,424,536,779,253,374,61,995,843,869,920,64,57,49,65,64,65,66,33,44,61,48,60,62,47,39,38,69,54,67,48,60,40,44,45,72,57,63,61,64,69,54,68
[ 214.106819] [AOA] Measurement: 0,1579858786.704153,04:d6:aa:c1:38:97,2,1,2,0,128,934,639,322,718,477,780,766,316,677,507,366,270,116,577,340,882,466,258,847,284,153,739,975,698,277,427,378,74,11,866,236,123,78,70,58,79,77,78,78,40,53,74,59,74,73,58,52,48,85,66,80,64,72,52,55,58,91,71,79,75,80,86,71,87
[ 214.142151] [AOA] Measurement: 0,1579858786.739486,04:d6:aa:c1:38:97,2,1,2,0,128,446,489,801,529,486,789,726,327,120,302,742,1012,585,370,838,716,942,52,331,85,622,543,426,475,803,240,330,993,515,676,893,3,81,71,60,77,77,82,80,41,54,75,60,77,74,59,56,51,88,64,81,65,74,55,54,61,93,76,82,83,82,88,76,91
[ 214.176053] [AOA] Measurement: 0,1579858786.773393,04:d6:aa:c1:38:97,2,1,2,0,128,970,645,769,534,546,829,702,292,145,301,327,193,157,608,392,922,518,293,862,263,78,647,44,753,265,384,368,38,21,868,376,288,67,60,49,67,67,68,69,35,44,62,50,64,62,50,45,42,73,54,70,55,64,47,48,50,78,62,68,67,69,72,61,76
[ 214.207388] [AOA] Measurement: 0,1579858786.804723,04:d6:aa:c1:38:97,2,1,2,0,128,420,446,295,714,505,809,679,313,66,273,788,25,559,366,874,744,940,48,243,55,579,484,394,490,756,239,865,905,527,713,840,932,66,59,50,66,65,66,66,34,44,61,49,63,63,49,43,41,73,54,67,53,62,43,45,48,77,58,66,64,65,70,57,70
[ 214.242740] [AOA] Measurement: 0,1579858786.840076,04:d6:aa:c1:38:97,2,1,2,0,128,468,518,780,556,496,832,737,315,175,315,737,1020,131,560,362,892,492,249,229,7,632,524,942,672,309,433,348,38,46,921,606,582,77,71,59,79,77,77,79,40,51,70,56,72,70,55,48,44,81,63,77,62,69,48,53,53,86,66,75,70,73,78,62,78
[ 214.278017] [AOA] Measurement: 0,1579858786.875356,04:d6:aa:c1:38:97,2,1,2,0,128,413,446,770,500,517,803,760,357,719,534,281,204,612,407,810,690,1018,88,301,78,610,485,407,486,745,201,778,822,482,663,568,684,79,72,60,79,78,82,82,39,54,74,60,76,74,59,53,50,86,66,82,64,75,54,55,58,92,75,80,79,82,86,71,90
[ 214.305568] [AOA] Measurement: 0,1579858786.902908,04:d6:aa:c1:38:97,2,1,2,0,128,421,452,751,483,464,771,755,323,146,307,335,158,612,404,405,992,470,267,783,228,121,684,420,488,714,178,865,878,51,887,929,966,77,71,58,78,77,78,78,39,51,70,58,71,73,56,49,45,82,63,81,61,72,50,54,54,90,69,76,72,75,81,65,83
[ 214.337583] [AOA] Measurement: 0,1579858786.934919,04:d6:aa:c1:38:97,2,1,2,0,128,5,706,300,697,519,794,700,319,163,308,288,180,123,549,406,909,945,73,813,252,96,666,421,507,770,226,345,50,13,873,863,889,64,59,48,66,64,66,66,34,43,60,49,60,61,48,41,38,70,53,66,49,59,41,45,43,73,55,61,59,62,66,52,67
[ 214.372600] [AOA] Measurement: 0,1579858786.969935,04:d6:aa:c1:38:97,2,1,2,0,128,962,673,723,497,590,849,242,487,99,303,358,267,144,592,420,950,448,241,827,256,557,453,1008,687,707,179,801,865,482,691,964,42,80,71,61,78,78,82,81,40,54,74,60,75,75,58,56,52,88,64,80,64,74,58,54,61,92,77,81,83,84,88,76,92
[ 214.407485] [AOA] Measurement: 0,1579858787.004824,04:d6:aa:c1:38:97,2,1,2,0,128,413,430,810,557,467,750,737,303,74,252,830,37,537,312,827,710,967,63,290,56,520,431,431,527,764,199,830,845,489,676,1007,117,66,60,50,66,66,70,68,33,45,62,49,61,61,47,43,40,72,53,66,53,61,44,47,47,76,60,66,64,66,71,57,72
[ 214.438271] [AOA] Measurement: 0,1579858787.035605,04:d6:aa:c1:38:97,2,1,2,0,128,998,683,296,709,1020,968,151,439,688,531,769,980,602,343,370,888,968,82,898,343,73,678,992,746,252,400,372,35,47,868,593,546,78,71,60,76,77,82,82,40,54,74,60,75,74,58,52,50,84,64,81,64,74,53,56,58,93,71,80,79,79,85,70,86
[ 214.472195] [AOA] Measurement: 0,1579858787.069533,04:d6:aa:c1:38:97,2,1,2,0,128,1003,699,299,754,63,997,692,270,97,273,785,1017,119,559,404,941,916,6,910,322,92,675,980,708,711,159,887,900,1015,877,546,497,78,71,57,77,76,78,80,38,51,71,58,71,72,56,49,45,83,61,78,62,71,49,54,53,88,67,74,70,73,78,62,79
[ 214.500059] [AOA] Measurement: 0,1579858787.097401,04:d6:aa:c1:38:97,2,1,2,0,128,470,493,267,682,501,790,697,278,150,326,282,159,584,348,832,711,998,100,244,9,624,481,430,498,308,443,343,22,1021,856,940,921,79,72,60,78,77,82,80,41,53,75,58,73,75,57,53,49,87,64,82,64,74,54,57,59,92,73,82,79,79,85,71,87
[ 214.534280] [AOA] Measurement: 0,1579858787.131616,04:d6:aa:c1:38:97,2,1,2,0,128,460,505,807,499,522,807,711,298,162,319,776,1016,602,354,861,717,991,79,328,122,88,659,398,473,727,172,853,904,989,799,27,70,66,59,50,65,67,68,70,34,45,64,51,64,63,49,45,44,73,55,69,54,64,46,47,50,77,62,69,67,69,74,61,73
[ 214.570194] [AOA] Measurement: 0,1579858787.167529,04:d6:aa:c1:38:97,2,1,2,0,128,504,524,235,706,23,998,215,501,694,498,251,168,171,650,385,919,507,274,849,299,114,697,1004,735,313,436,388,81,993,876,112,120,79,70,59,74,77,82,81,42,53,73,59,76,75,58,55,51,87,64,81,64,75,55,55,61,93,74,82,83,81,87,74,90
[ 214.602226] [AOA] Measurement: 0,1579858787.199565,04:d6:aa:c1:38:97,2,1,2,0,128,418,486,729,475,533,806,730,340,129,321,290,233,95,583,384,945,466,249,810,258,612,535,1019,727,274,424,387,46,529,692,760,745,77,71,57,79,77,79,79,39,51,73,57,73,72,57,50,47,85,65,79,63,72,52,56,57,90,69,78,75,78,85,69,86
[ 214.630129] [AOA] Measurement: 0,1579858787.227470,04:d6:aa:c1:38:97,2,1,2,0,128,417,487,792,570,484,774,669,289,59,253,727,979,552,309,848,719,993,77,249,33,570,501,448,502,784,222,365,35,484,667,643,739,80,71,60,77,78,82,80,41,54,74,59,76,74,58,54,52,87,63,81,66,75,57,55,61,92,77,81,82,81,87,74,90
[ 214.665599] [AOA] Measurement: 0,1579858787.262939,04:d6:aa:c1:38:97,2,1,2,0,128,528,513,762,513,105,8,219,512,681,507,292,185,138,589,404,908,500,236,837,291,109,698,30,736,274,415,341,8,60,882,175,80,78,70,59,78,77,80,82,41,53,74,59,74,74,58,52,50,85,65,82,66,74,53,54,58,90,70,79,79,80,85,70,86
[ 214.693196] [AOA] Measurement: 0,1579858787.290536,04:d6:aa:c1:38:97,2,1,2,0,128,439,470,759,519,529,788,224,496,81,256,734,970,612,370,863,743,981,82,266,70,600,501,417,524,785,227,829,848,37,849,191,200,77,68,58,77,78,80,79,39,52,74,59,72,72,56,51,48,87,65,81,63,72,52,55,56,90,71,78,76,79,84,67,85
[ 214.721503] [AOA] Measurement: 0,1579858787.318838,04:d6:aa:c1:38:97,2,1,2,0,128,421,449,783,494,504,772,707,309,119,253,736,963,543,303,805,669,985,78,861,284,90,680,11,713,238,370,796,861,464,693,387,462,67,60,49,66,66,69,69,34,45,62,50,61,62,48,44,40,72,54,66,52,61,44,47,49,77,58,66,63,67,69,56,72
[ 214.757224] [AOA] Measurement: 0,1579858787.354559,04:d6:aa:c1:38:97,2,1,2,0,128,954,641,753,510,515,806,671,293,135,311,775,9,578,360,820,704,941,69,277,94,105,718,975,731,769,205,842,861,509,720,933,997,67,60,50,66,65,68,70,34,44,61,50,62,62,50,44,41,72,53,67,53,60,45,46,48,75,60,67,65,67,70,59,73
[ 214.793096] [AOA] Measurement: 0,1579858787.390431,04:d6:aa:c1:38:97,2,1,2,0,128,1016,677,306,746,15,984,280,495,661,478,267,169,150,606,392,938,519,262,863,306,128,697,1014,704,275,404,344,18,1018,870,281,246,80,71,60,77,78,82,81,40,52,74,58,73,74,58,53,48,86,65,81,63,73,53,54,56,91,72,78,77,80,85,69,87
[ 214.821688] [AOA] Measurement: 0,1579858787.419030,04:d6:aa:c1:38:97,2,1,2,0,128,1011,703,249,678,486,814,673,261,100,274,791,16,130,600,361,920,465,257,837,285,143,725,5,778,336,453,347,96,58,927,711,623,79,69,60,78,78,78,79,38,51,72,59,73,71,56,50,47,85,64,80,62,72,50,54,55,91,70,78,76,78,82,67,85
[ 214.849713] [AOA] Measurement: 0,1579858787.447054,04:d6:aa:c1:38:97,2,1,2,0,128,459,500,263,693,474,785,749,321,124,264,830,22,83,566,405,890,468,243,844,242,106,658,434,545,738,186,871,879,1023,874,277,307,66,61,50,65,65,66,67,34,42,60,47,59,61,48,42,39,69,53,67,52,59,42,44,44,71,54,64,59,62,65,52,68
[ 214.882574] [AOA] Measurement: 0,1579858787.479909,04:d6:aa:c1:38:97,2,1,2,0,128,934,593,319,754,16,975,733,283,147,334,302,178,611,392,403,946,500,273,847,273,109,689,1008,725,748,229,279,1016,514,699,582,594,78,70,58,76,77,80,77,40,54,74,58,75,75,58,53,51,86,64,79,64,72,54,55,58,93,72,81,80,80,85,69,87
[ 214.920127] [AOA] Measurement: 0,1579858787.517461,04:d6:aa:c1:38:97,2,1,2,0,128,435,489,758,512,561,845,688,317,117,334,770,26,617,427,379,916,526,264,854,290,120,702,27,742,266,412,336,26,31,895,576,636,63,60,48,66,64,66,66,34,43,61,48,59,60,47,39,36,68,53,66,51,59,40,44,44,74,55,63,58,63,68,54,68
[ 214.948089] [AOA] Measurement: 0,1579858787.545429,04:d6:aa:c1:38:97,2,1,2,0,128,471,495,765,563,507,780,717,322,81,273,786,22,111,534,883,765,467,270,320,101,657,529,1003,698,271,375,820,893,19,841,806,810,77,69,58,76,75,78,79,39,53,72,58,71,71,58,48,46,85,64,79,62,74,51,54,55,89,67,75,72,76,79,65,81
[ 214.979365] [AOA] Measurement: 0,1579858787.576700,04:d6:aa:c1:38:97,2,1,2,0,128,426,470,723,454,472,777,733,310,88,269,772,15,532,352,856,717,948,32,870,293,84,667,919,688,702,177,876,894,481,682,248,302,66,59,50,66,65,68,69,34,47,62,51,64,64,50,45,44,74,55,68,55,63,47,46,49,78,64,68,71,69,73,62,77
[ 215.008272] [AOA] Measurement: 0,1579858787.605608,04:d6:aa:c1:38:97,2,1,2,0,128,973,682,295,736,62,1005,201,485,703,556,322,218,160,617,391,932,440,206,861,268,591,472,459,508,302,448,334,14,1022,845,807,789,78,71,58,78,77,77,77,39,51,72,57,71,71,54,47,45,81,63,77,59,69,47,52,52,83,63,73,67,68,75,57,73
[ 215.045019] [AOA] Measurement: 0,1579858787.642354,04:d6:aa:c1:38:97,2,1,2,0,128,432,460,742,554,75,1016,724,338,637,446,726,1009,522,286,863,708,937,27,263,76,592,515,436,541,748,209,307,4,533,688,788,885,76,70,58,77,75,78,78,38,51,72,57,70,70,55,46,44,79,60,74,57,67,46,51,51,83,63,73,70,71,77,60,78
[ 215.081491] [AOA] Measurement: 0,1579858787.678826,04:d6:aa:c1:38:97,2,1,2,0,128,411,483,786,520,555,813,721,300,711,516,252,177,125,599,355,905,449,205,828,251,131,703,980,707,243,393,811,836,532,749,240,286,75,67,58,76,75,76,76,38,50,69,55,67,70,53,47,42,81,61,76,59,69,46,50,48,80,61,69,67,69,75,58,74
[ 215.116614] [AOA] Measurement: 0,1579858787.713953,04:d6:aa:c1:38:97,2,1,2,0,128,461,518,274,705,501,786,738,327,667,458,756,989,547,340,897,770,915,70,877,300,169,722,3,746,335,510,365,59,55,920,262,192,81,72,60,78,79,80,80,39,52,73,59,73,72,57,51,46,82,62,76,61,73,53,55,57,90,68,78,75,77,84,66,84
[ 215.149115] [AOA] Measurement: 0,1579858787.746447,04:d6:aa:c1:38:97,2,1,2,0,128,22,717,291,736,74,1008,251,505,53,271,820,4,89,541,398,896,492,250,868,265,158,751,992,706,772,227,329,52,19,878,661,748,65,60,47,65,65,68,67,33,45,62,51,62,61,48,43,41,73,55,67,54,61,44,46,48,78,58,67,65,66,72,57,74
[ 215.176980] [AOA] Measurement: 0,1579858787.774319,04:d6:aa:c1:38:97,2,1,2,0,128,422,446,775,518,541,785,721,349,168,339,299,194,78,550,855,712,935,42,854,275,81,667,433,506,769,204,827,876,494,711,1011,0,68,60,51,66,67,68,68,33,46,62,49,62,63,49,44,40,73,54,67,53,60,43,46,49,78,61,68,66,67,70,59,75
[ 215.209256] [AOA] Measurement: 0,1579858787.806592,04:d6:aa:c1:38:97,2,1,2,0,128,449,441,771,529,72,1001,710,312,152,299,752,999,560,352,875,718,979,69,806,279,118,683,426,479,770,225,834,868,460,669,260,321,67,59,50,65,66,69,67,33,44,62,50,64,62,49,46,44,74,55,69,54,63,48,47,50,79,63,68,68,70,74,62,77
[ 215.239050] [AOA] Measurement: 0,1579858787.836385,04:d6:aa:c1:38:97,2,1,2,0,128,1020,734,326,721,49,1004,303,540,672,519,353,236,117,548,379,929,450,246,810,238,111,673,4,697,796,230,432,82,20,887,175,137,65,59,47,63,63,66,65,31,43,60,48,60,60,46,40,37,69,52,66,51,58,41,44,43,73,54,63,59,61,65,51,67
[ 215.275885] [AOA] Measurement: 0,1579858787.873226,04:d6:aa:c1:38:97,2,1,2,0,128,456,479,739,512,560,806,712,319,144,328,764,10,546,351,881,734,544,275,832,273,155,710,986,706,275,386,384,60,84,901,197,112,78,71,59,79,79,82,80,40,53,74,58,73,74,59,52,47,86,65,81,62,72,51,55,56,91,67,78,75,78,84,68,83
[ 215.306858] [AOA] Measurement: 0,1579858787.904193,04:d6:aa:c1:38:97,2,1,2,0,128,431,458,738,504,447,763,660,280,78,238,784,8,580,349,880,720,978,51,295,68,616,483,368,470,715,195,861,867,485,657,108,236,78,72,59,78,77,82,81,41,53,73,58,73,74,57,53,50,88,65,81,64,73,53,53,59,91,73,80,80,81,88,72,90
[ 215.336215] [AOA] Measurement: 0,1579858787.933551,04:d6:aa:c1:38:97,2,1,2,0,128,454,475,783,520,539,797,695,296,99,275,779,6,607,348,844,695,963,52,318,104,564,476,466,529,718,184,374,61,18,886,807,877,80,71,60,78,78,84,82,41,55,74,60,76,74,59,54,50,89,64,81,66,75,54,54,59,93,73,82,81,80,85,72,89
[ 215.372393] [AOA] Measurement: 0,1579858787.969728,04:d6:aa:c1:38:97,2,1,2,0,128,438,501,747,514,512,790,621,249,114,277,765,989,500,283,845,681,979,102,850,289,143,702,994,697,236,401,354,36,497,686,937,992,80,71,61,79,77,81,82,42,55,72,61,75,75,59,52,51,88,67,82,65,73,54,55,59,92,74,83,79,80,86,72,90
[ 215.401015] [AOA] Measurement: 0,1579858787.998354,04:d6:aa:c1:38:97,2,1,2,0,128,946,658,308,677,514,807,251,476,178,322,283,194,127,588,406,913,506,260,799,248,79,639,475,530,257,372,790,853,46,881,970,842,79,72,60,77,77,80,83,40,54,74,59,74,73,57,51,50,85,66,83,63,73,53,54,58,91,72,82,79,79,84,70,86
[ 215.442511] [AOA] Measurement: 0,1579858788.039852,04:d6:aa:c1:38:97,2,1,2,0,128,428,498,324,752,19,998,747,331,133,316,783,22,575,369,881,739,937,53,319,76,623,554,1022,732,259,424,849,870,445,611,624,826,68,60,50,66,66,68,69,34,45,62,51,63,64,48,45,43,71,55,68,55,63,45,47,51,79,63,69,67,68,73,61,77
[ 215.470756] [AOA] Measurement: 0,1579858788.068096,04:d6:aa:c1:38:97,2,1,2,0,128,1017,673,723,487,511,798,734,304,153,318,308,210,90,544,838,732,916,30,206,28,579,482,439,522,726,185,368,51,22,901,721,812,77,70,58,77,75,79,80,40,53,73,59,70,73,57,50,47,84,64,80,60,72,50,53,54,90,69,78,75,77,81,66,84
[ 215.504407] [AOA] Measurement: 0,1579858788.101749,04:d6:aa:c1:38:97,2,1,2,0,128,1005,679,277,708,524,824,277,565,646,483,848,47,66,532,368,923,940,58,305,49,571,453,483,516,790,223,876,879,481,698,514,542,66,59,51,66,66,68,69,34,44,61,49,62,61,47,42,39,72,53,67,51,62,45,45,47,75,60,66,63,65,70,55,71
[ 215.537051] [AOA] Measurement: 0,1579858788.134386,04:d6:aa:c1:38:97,2,1,2,0,128,991,686,254,657,33,998,243,501,715,503,281,180,80,553,836,737,493,277,794,243,102,673,993,720,342,462,381,86,30,885,720,724,66,62,50,66,68,69,71,34,44,64,50,64,63,50,45,43,75,53,68,55,64,46,47,52,80,63,72,70,71,76,64,77
[ 215.566711] [AOA] Measurement: 0,1579858788.164046,04:d6:aa:c1:38:97,2,1,2,0,128,427,500,808,535,72,9,219,526,670,495,290,171,94,536,351,907,951,64,280,80,556,476,402,488,757,223,845,861,504,685,362,413,76,70,58,77,78,80,82,41,52,72,57,70,72,56,46,46,83,63,77,60,69,47,53,50,84,64,72,69,71,77,60,78
[ 215.603383] [AOA] Measurement: 0,1579858788.200718,04:d6:aa:c1:38:97,2,1,2,0,128,463,499,742,481,589,839,257,528,140,339,295,176,547,380,407,940,453,238,850,292,118,680,463,525,707,190,337,49,528,653,112,163,67,60,49,65,65,68,69,35,44,62,49,63,61,48,43,40,72,53,66,53,60,42,46,48,76,58,67,64,65,69,56,71
[ 215.640297] [AOA] Measurement: 0,1579858788.237632,04:d6:aa:c1:38:97,2,1,2,0,128,467,458,758,501,488,760,758,344,90,275,737,986,569,363,859,714,476,238,262,67,82,651,455,518,301,412,840,890,1008,822,68,162,74,70,57,78,77,79,78,40,50,71,56,72,71,55,47,44,81,63,77,62,70,48,53,53,87,66,73,71,76,81,64,81
[ 215.669347] [AOA] Measurement: 0,1579858788.266690,04:d6:aa:c1:38:97,2,1,2,0,128,964,620,713,459,480,774,714,308,125,286,746,1008,616,378,386,948,408,196,867,297,81,679,975,697,806,270,824,873,48,920,89,35,79,72,59,79,77,81,80,40,51,73,59,73,74,56,51,48,86,65,81,62,73,52,56,57,90,69,78,75,76,83,66,86
[ 215.701654] [AOA] Measurement: 0,1579858788.298989,04:d6:aa:c1:38:97,2,1,2,0,128,416,507,321,746,493,805,724,316,67,257,804,6,613,372,862,735,975,44,287,63,673,550,987,705,237,367,374,49,74,895,862,862,78,71,58,79,78,80,80,39,52,73,60,75,74,58,52,49,87,65,81,64,73,55,56,59,92,73,83,80,80,87,72,90
[ 215.735675] [AOA] Measurement: 0,1579858788.333017,04:d6:aa:c1:38:97,2,1,2,0,128,415,428,746,477,532,789,250,517,616,446,759,998,626,408,846,750,953,69,823,281,64,652,1000,705,289,423,387,44,13,858,525,576,79,71,58,78,78,80,80,40,53,73,57,72,74,57,50,48,84,63,79,63,72,51,55,54,90,67,77,73,73,83,64,82
[ 215.764049] [AOA] Measurement: 0,1579858788.361389,04:d6:aa:c1:38:97,2,1,2,0,128,467,503,282,732,44,9,267,531,665,507,301,190,65,552,857,716,1001,76,300,91,170,693,1,733,263,452,348,31,46,910,177,167,65,59,50,66,66,67,67,33,44,60,49,59,61,48,41,37,70,53,66,49,61,41,45,45,72,57,64,62,62,68,53,68
[ 215.792981] [AOA] Measurement: 0,1579858788.390316,04:d6:aa:c1:38:97,2,1,2,0,128,450,491,795,530,48,1001,758,337,634,480,759,1012,570,354,902,767,1005,69,235,63,558,501,495,535,282,399,352,35,513,720,331,376,77,69,57,79,76,79,80,40,52,72,58,72,73,57,51,50,87,65,81,63,74,52,54,57,90,71,79,76,80,83,68,85
