
[ 6196.880214] [AOA] Measurement: 0,1579997526.768932,08:55:31:9a:fe:ab,2,1,0,2,0
[ 6196.898142] [AOA] Measurement: 0,1579997526.786859,08:55:31:9a:fe:ab,2,1,0,2,0
[ 6196.917815] [AOA] Measurement: 0,1579997526.806527,08:55:31:9a:fe:ab,2,1,0,2,0
[ 6196.936360] [AOA] Measurement: 0,1579997526.825080,08:55:31:9a:fe:ab,2,1,0,2,0
[ 6196.956537] [AOA] Measurement: 0,1579997526.845249,08:55:31:9a:fe:ab,2,1,0,2,0
[ 6196.975470] [AOA] Measurement: 0,1579997526.864188,08:55:31:9a:fe:ab,2,1,0,2,0
[ 6196.992403] [AOA] Measurement: 0,1579997526.881118,08:55:31:9a:fe:ab,2,1,0,2,0
[ 6197.009828] [AOA] Measurement: 0,1579997526.898540,08:55:31:9a:fe:ab,2,1,0,2,0
[ 6197.031076] [AOA] Measurement: 0,1579997526.919792,08:55:31:9a:fe:ab,2,1,0,2,0
[ 6197.047841] [AOA] Measurement: 0,1579997526.936560,08:55:31:9a:fe:ab,2,1,0,2,0
[ 6197.069911] [AOA] Measurement: 0,1579997526.958623,08:55:31:9a:fe:ab,2,1,0,2,0
[ 6197.091583] [AOA] Measurement: 0,1579997526.980301,08:55:31:9a:fe:ab,2,1,0,2,0
[ 6197.109230] [AOA] Measurement: 0,1579997526.997946,08:55:31:9a:fe:ab,2,1,0,2,0
[ 6197.131317] [AOA] Measurement: 0,1579997527.020029,08:55:31:9a:fe:ab,2,1,0,2,0
[ 6197.153394] [AOA] Measurement: 0,1579997527.042108,08:55:31:9a:fe:ab,2,1,0,2,0
[ 6197.176637] [AOA] Measurement: 0,1579997527.065354,08:55:31:9a:fe:ab,2,1,0,2,0
[ 6197.194881] [AOA] Measurement: 0,1579997527.083597,08:55:31:9a:fe:ab,2,1,0,2,0
[ 6197.212179] [AOA] Measurement: 0,1579997527.100895,08:55:31:9a:fe:ab,2,1,0,2,0
[ 6197.229151] [AOA] Measurement: 0,1579997527.117866,08:55:31:9a:fe:ab,2,1,0,2,0
[ 6197.249343] [AOA] Measurement: 0,1579997527.138055,08:55:31:9a:fe:ab,2,1,2,0,128,46,542,887,55,424,778,791,817,785,429,530,726,617,580,878,1,298,761,482,856,714,87,429,883,272,804,762,772,411,197,971,539,12,13,16,16,14,21,10,11,15,10,15,17,13,12,11,18,12,17,12,8,10,9,11,15,17,14,14,14,11,11,11,9
[ 6197.274980] [AOA] Measurement: 0,1579997527.163694,08:55:31:9a:fe:ab,2,1,2,2,128,46,542,887,55,424,778,791,817,785,429,530,726,617,580,878,1,298,761,482,856,714,87,429,883,272,804,762,772,411,197,971,539,41987,65,42023,0,17218,64,12898,16,302,56584,20495,39535,279,9,2055,12629,65178,171,0,0,0,0,0,0,0,0,0,0,0,0,0,0
[ 6197.301421] [AOA] Measurement: 0,1579997527.190137,08:55:31:9a:fe:ab,2,1,2,2,128,46,542,887,55,424,778,791,817,785,429,530,726,617,580,878,1,298,761,482,856,714,87,429,883,272,804,762,772,411,197,971,539,0,0,0,0,0,0,0,0,0,0,0,0,0,0,0,0,0,0,0,0,0,0,0,0,0,0,0,0,0,0,0,0
[ 6197.320765] [AOA] Measurement: 0,1579997527.209476,08:55:31:9a:fe:ab,2,1,2,2,128,46,542,887,55,424,778,791,817,785,429,530,726,617,580,878,1,298,761,482,856,714,87,429,883,272,804,762,772,411,197,971,539,41987,65,42023,0,17218,64,12898,16,302,56584,20495,39535,279,9,2055,12629,65178,171,0,0,0,0,0,0,0,0,0,0,0,0,0,0
[ 6197.354294] [AOA] Measurement: 0,1579997527.243006,08:55:31:9a:fe:ab,2,1,2,2,128,46,542,887,55,424,778,791,817,785,429,530,726,617,580,878,1,298,761,482,856,714,87,429,883,272,804,762,772,411,197,971,539,0,0,0,0,0,0,0,0,0,0,0,0,0,0,0,0,0,0,0,0,0,0,0,0,0,0,0,0,0,0,0,0
[ 6197.377361] [AOA] Measurement: 0,1579997527.266076,08:55:31:9a:fe:ab,2,1,2,2,128,46,542,887,55,424,778,791,817,785,429,530,726,617,580,878,1,298,761,482,856,714,87,429,883,272,804,762,772,411,197,971,539,41987,65,42023,0,17218,64,12898,16,302,56584,20495,39535,279,9,2055,12629,65178,171,0,0,0,0,0,0,0,0,0,0,0,0,0,0
[ 6197.400124] [AOA] Measurement: 0,1579997527.288841,08:55:31:9a:fe:ab,2,1,2,2,128,46,542,887,55,424,778,791,817,785,429,530,726,617,580,878,1,298,761,482,856,714,87,429,883,272,804,762,772,411,197,971,539,12,13,16,16,14,21,10,11,15,10,15,17,13,12,11,18,12,17,12,8,10,9,11,15,17,14,14,14,11,11,11,9
[ 6197.439381] [AOA] Measurement: 0,1579997527.328097,08:55:31:9a:fe:ab,2,1,2,2,128,46,542,887,55,424,778,791,817,785,429,530,726,617,580,878,1,298,761,482,856,714,87,429,883,272,804,762,772,411,197,971,539,41987,65,42023,0,17218,64,12898,16,302,56584,20495,39535,279,9,2055,12629,65178,171,0,0,0,0,0,0,0,0,0,0,0,0,0,0
[ 6197.465468] [AOA] Measurement: 0,1579997527.354181,08:55:31:9a:fe:ab,2,1,2,2,128,46,542,887,55,424,778,791,817,785,429,530,726,617,580,878,1,298,761,482,856,714,87,429,883,272,804,762,772,411,197,971,539,12,13,16,16,14,21,10,11,15,10,15,17,13,12,11,18,12,17,12,8,10,9,11,15,17,14,14,14,11,11,11,9
[ 6197.487672] [AOA] Measurement: 0,1579997527.376389,08:55:31:9a:fe:ab,2,1,2,2,128,46,542,887,55,424,778,791,817,785,429,530,726,617,580,878,1,298,761,482,856,714,87,429,883,272,804,762,772,411,197,971,539,41987,65,42023,0,17218,64,12898,16,302,56584,20495,39535,279,9,2055,12629,65178,171,0,0,0,0,0,0,0,0,0,0,0,0,0,0
[ 6197.522229] [AOA] Measurement: 0,1579997527.410941,08:55:31:9a:fe:ab,2,1,2,2,128,46,542,887,55,424,778,791,817,785,429,530,726,617,580,878,1,298,761,482,856,714,87,429,883,272,804,762,772,411,197,971,539,0,0,0,0,0,0,0,0,0,0,0,0,0,0,0,0,0,0,0,0,0,0,0,0,0,0,0,0,0,0,0,0
[ 6197.544339] [AOA] Measurement: 0,1579997527.433056,08:55:31:9a:fe:ab,2,1,2,2,128,46,542,887,55,424,778,791,817,785,429,530,726,617,580,878,1,298,761,482,856,714,87,429,883,272,804,762,772,411,197,971,539,41987,65,42023,0,17218,64,12898,16,302,56584,20495,39535,279,9,2055,12629,65178,171,0,0,0,0,0,0,0,0,0,0,0,0,0,0
[ 6197.571019] [AOA] Measurement: 0,1579997527.459734,08:55:31:9a:fe:ab,2,1,2,2,128,46,542,887,55,424,778,791,817,785,429,530,726,617,580,878,1,298,761,482,856,714,87,429,883,272,804,762,772,411,197,971,539,0,0,0,0,0,0,0,0,0,0,0,0,0,0,0,0,0,0,0,0,0,0,0,0,0,0,0,0,0,0,0,0
[ 6197.597328] [AOA] Measurement: 0,1579997527.486042,08:55:31:9a:fe:ab,2,1,2,2,128,46,542,887,55,424,778,791,817,785,429,530,726,617,580,878,1,298,761,482,856,714,87,429,883,272,804,762,772,411,197,971,539,41987,65,42023,0,17218,64,12898,16,302,56584,20495,39535,279,9,2055,12629,65178,171,0,0,0,0,0,0,0,0,0,0,0,0,0,0
[ 6197.624715] [AOA] Measurement: 0,1579997527.513433,08:55:31:9a:fe:ab,2,1,2,2,128,46,542,887,55,424,778,791,817,785,429,530,726,617,580,878,1,298,761,482,856,714,87,429,883,272,804,762,772,411,197,971,539,12,13,16,16,14,21,10,11,15,10,15,17,13,12,11,18,12,17,12,8,10,9,11,15,17,14,14,14,11,11,11,9
[ 6197.646295] [AOA] Measurement: 0,1579997527.535014,08:55:31:9a:fe:ab,2,1,2,2,128,46,542,887,55,424,778,791,817,785,429,530,726,617,580,878,1,298,761,482,856,714,87,429,883,272,804,762,772,411,197,971,539,41987,65,42023,0,17218,64,12898,16,302,56584,20495,39535,279,9,2055,12629,65178,171,0,0,0,0,0,0,0,0,0,0,0,0,0,0
[ 6197.675932] [AOA] Measurement: 0,1579997527.564644,08:55:31:9a:fe:ab,2,1,2,2,128,46,542,887,55,424,778,791,817,785,429,530,726,617,580,878,1,298,761,482,856,714,87,429,883,272,804,762,772,411,197,971,539,41987,65,42023,0,17218,64,12898,16,302,56584,20495,39535,279,9,2055,12629,65178,171,0,0,0,0,0,0,0,0,0,0,0,0,0,0
[ 6197.706639] [AOA] Measurement: 0,1579997527.595351,08:55:31:9a:fe:ab,2,1,2,2,128,46,542,887,55,424,778,791,817,785,429,530,726,617,580,878,1,298,761,482,856,714,87,429,883,272,804,762,772,411,197,971,539,12,13,16,16,14,21,10,11,15,10,15,17,13,12,11,18,12,17,12,8,10,9,11,15,17,14,14,14,11,11,11,9
[ 6197.731877] [AOA] Measurement: 0,1579997527.620593,08:55:31:9a:fe:ab,2,1,2,2,128,46,542,887,55,424,778,791,817,785,429,530,726,617,580,878,1,298,761,482,856,714,87,429,883,272,804,762,772,411,197,971,539,41987,65,42023,0,17218,64,12898,16,302,56584,20495,39535,279,9,2055,12629,65178,171,0,0,0,0,0,0,0,0,0,0,0,0,0,0
[ 6197.754941] [AOA] Measurement: 0,1579997527.643657,08:55:31:9a:fe:ab,2,1,2,2,128,46,542,887,55,424,778,791,817,785,429,530,726,617,580,878,1,298,761,482,856,714,87,429,883,272,804,762,772,411,197,971,539,12,13,16,16,14,21,10,11,15,10,15,17,13,12,11,18,12,17,12,8,10,9,11,15,17,14,14,14,11,11,11,9
[ 6197.786269] [AOA] Measurement: 0,1579997527.674981,08:55:31:9a:fe:ab,2,1,2,2,128,46,542,887,55,424,778,791,817,785,429,530,726,617,580,878,1,298,761,482,856,714,87,429,883,272,804,762,772,411,197,971,539,41987,65,42023,0,17218,64,12898,16,302,56584,20495,39535,279,9,2055,12629,65178,171,0,0,0,0,0,0,0,0,0,0,0,0,0,0
[ 6197.814685] [AOA] Measurement: 0,1579997527.703399,08:55:31:9a:fe:ab,2,1,2,2,128,46,542,887,55,424,778,791,817,785,429,530,726,617,580,878,1,298,761,482,856,714,87,429,883,272,804,762,772,411,197,971,539,12,13,16,16,14,21,10,11,15,10,15,17,13,12,11,18,12,17,12,8,10,9,11,15,17,14,14,14,11,11,11,9
[ 6197.841914] [AOA] Measurement: 0,1579997527.730626,08:55:31:9a:fe:ab,2,1,2,2,128,46,542,887,55,424,778,791,817,785,429,530,726,617,580,878,1,298,761,482,856,714,87,429,883,272,804,762,772,411,197,971,539,41987,65,42023,0,17218,64,12898,16,302,56584,20495,39535,279,9,2055,12629,65178,171,0,0,0,0,0,0,0,0,0,0,0,0,0,0
[ 6197.869354] [AOA] Measurement: 0,1579997527.758066,08:55:31:9a:fe:ab,2,1,2,2,128,46,542,887,55,424,778,791,817,785,429,530,726,617,580,878,1,298,761,482,856,714,87,429,883,272,804,762,772,411,197,971,539,12,13,16,16,14,21,10,11,15,10,15,17,13,12,11,18,12,17,12,8,10,9,11,15,17,14,14,14,11,11,11,9
[ 6197.896005] [AOA] Measurement: 0,1579997527.784722,08:55:31:9a:fe:ab,2,1,2,2,128,46,542,887,55,424,778,791,817,785,429,530,726,617,580,878,1,298,761,482,856,714,87,429,883,272,804,762,772,411,197,971,539,41987,65,42023,0,17218,64,12898,16,302,56584,20495,39535,279,9,2055,12629,65178,171,0,0,0,0,0,0,0,0,0,0,0,0,0,0
[ 6197.918304] [AOA] Measurement: 0,1579997527.807018,08:55:31:9a:fe:ab,2,1,2,2,128,46,542,887,55,424,778,791,817,785,429,530,726,617,580,878,1,298,761,482,856,714,87,429,883,272,804,762,772,411,197,971,539,12,13,16,16,14,21,10,11,15,10,15,17,13,12,11,18,12,17,12,8,10,9,11,15,17,14,14,14,11,11,11,9
[ 6197.951313] [AOA] Measurement: 0,1579997527.840026,08:55:31:9a:fe:ab,2,1,2,2,128,46,542,887,55,424,778,791,817,785,429,530,726,617,580,878,1,298,761,482,856,714,87,429,883,272,804,762,772,411,197,971,539,41987,65,42023,0,17218,64,12898,16,302,56584,20495,39535,279,9,2055,12629,65178,171,0,0,0,0,0,0,0,0,0,0,0,0,0,0
[ 6197.980450] [AOA] Measurement: 0,1579997527.869163,08:55:31:9a:fe:ab,2,1,2,2,128,46,542,887,55,424,778,791,817,785,429,530,726,617,580,878,1,298,761,482,856,714,87,429,883,272,804,762,772,411,197,971,539,12,13,16,16,14,21,10,11,15,10,15,17,13,12,11,18,12,17,12,8,10,9,11,15,17,14,14,14,11,11,11,9
[ 6198.005595] [AOA] Measurement: 0,1579997527.894314,08:55:31:9a:fe:ab,2,1,2,2,128,46,542,887,55,424,778,791,817,785,429,530,726,617,580,878,1,298,761,482,856,714,87,429,883,272,804,762,772,411,197,971,539,41987,65,42023,0,17218,64,12898,16,302,56584,20495,39535,279,9,2055,12629,65178,171,0,0,0,0,0,0,0,0,0,0,0,0,0,0
[ 6198.031987] [AOA] Measurement: 0,1579997527.920701,08:55:31:9a:fe:ab,2,1,2,2,128,46,542,887,55,424,778,791,817,785,429,530,726,617,580,878,1,298,761,482,856,714,87,429,883,272,804,762,772,411,197,971,539,12,13,16,16,14,21,10,11,15,10,15,17,13,12,11,18,12,17,12,8,10,9,11,15,17,14,14,14,11,11,11,9
[ 6198.055827] [AOA] Measurement: 0,1579997527.944543,08:55:31:9a:fe:ab,2,1,2,2,128,46,542,887,55,424,778,791,817,785,429,530,726,617,580,878,1,298,761,482,856,714,87,429,883,272,804,762,772,411,197,971,539,41987,65,42023,0,17218,64,12898,16,302,56584,20495,39535,279,9,2055,12629,65178,171,0,0,0,0,0,0,0,0,0,0,0,0,0,0
[ 6198.083096] [AOA] Measurement: 0,1579997527.971814,08:55:31:9a:fe:ab,2,1,2,2,128,46,542,887,55,424,778,791,817,785,429,530,726,617,580,878,1,298,761,482,856,714,87,429,883,272,804,762,772,411,197,971,539,12,13,16,16,14,21,10,11,15,10,15,17,13,12,11,18,12,17,12,8,10,9,11,15,17,14,14,14,11,11,11,9
[ 6198.111720] [AOA] Measurement: 0,1579997528.000407,08:55:31:9a:fe:ab,2,1,2,2,128,46,542,887,55,424,778,791,817,785,429,530,726,617,580,878,1,298,761,482,856,714,87,429,883,272,804,762,772,411,197,971,539,41987,65,42023,0,17218,64,12898,16,302,56584,20495,39535,279,9,2055,12629,65178,171,0,0,0,0,0,0,0,0,0,0,0,0,0,0
[ 6198.147745] [AOA] Measurement: 0,1579997528.036456,08:55:31:9a:fe:ab,2,1,2,2,128,46,542,887,55,424,778,791,817,785,429,530,726,617,580,878,1,298,761,482,856,714,87,429,883,272,804,762,772,411,197,971,539,12,13,16,16,14,21,10,11,15,10,15,17,13,12,11,18,12,17,12,8,10,9,11,15,17,14,14,14,11,11,11,9
[ 6198.173942] [AOA] Measurement: 0,1579997528.062659,08:55:31:9a:fe:ab,2,1,2,2,128,46,542,887,55,424,778,791,817,785,429,530,726,617,580,878,1,298,761,482,856,714,87,429,883,272,804,762,772,411,197,971,539,41987,65,42023,0,17218,64,12898,16,302,56584,20495,39535,279,9,2055,12629,65178,171,0,0,0,0,0,0,0,0,0,0,0,0,0,0
[ 6198.196675] [AOA] Measurement: 0,1579997528.085391,08:55:31:9a:fe:ab,2,1,2,2,128,46,542,887,55,424,778,791,817,785,429,530,726,617,580,878,1,298,761,482,856,714,87,429,883,272,804,762,772,411,197,971,539,12,13,16,16,14,21,10,11,15,10,15,17,13,12,11,18,12,17,12,8,10,9,11,15,17,14,14,14,11,11,11,9
[ 6198.228579] [AOA] Measurement: 0,1579997528.117291,08:55:31:9a:fe:ab,2,1,2,2,128,46,542,887,55,424,778,791,817,785,429,530,726,617,580,878,1,298,761,482,856,714,87,429,883,272,804,762,772,411,197,971,539,41987,65,42023,0,17218,64,12898,16,302,56584,20495,39535,279,9,2055,12629,65178,171,0,0,0,0,0,0,0,0,0,0,0,0,0,0
[ 6198.257206] [AOA] Measurement: 0,1579997528.145925,08:55:31:9a:fe:ab,2,1,2,2,128,46,542,887,55,424,778,791,817,785,429,530,726,617,580,878,1,298,761,482,856,714,87,429,883,272,804,762,772,411,197,971,539,12,13,16,16,14,21,10,11,15,10,15,17,13,12,11,18,12,17,12,8,10,9,11,15,17,14,14,14,11,11,11,9
[ 6198.278726] [AOA] Measurement: 0,1579997528.167439,08:55:31:9a:fe:ab,2,1,2,2,128,46,542,887,55,424,778,791,817,785,429,530,726,617,580,878,1,298,761,482,856,714,87,429,883,272,804,762,772,411,197,971,539,41987,65,42023,0,17218,64,12898,16,302,56584,20495,39535,279,9,2055,12629,65178,171,0,0,0,0,0,0,0,0,0,0,0,0,0,0
[ 6198.313038] [AOA] Measurement: 0,1579997528.201750,08:55:31:9a:fe:ab,2,1,2,2,128,46,542,887,55,424,778,791,817,785,429,530,726,617,580,878,1,298,761,482,856,714,87,429,883,272,804,762,772,411,197,971,539,12,13,16,16,14,21,10,11,15,10,15,17,13,12,11,18,12,17,12,8,10,9,11,15,17,14,14,14,11,11,11,9
[ 6198.341186] [AOA] Measurement: 0,1579997528.229898,08:55:31:9a:fe:ab,2,1,2,2,128,46,542,887,55,424,778,791,817,785,429,530,726,617,580,878,1,298,761,482,856,714,87,429,883,272,804,762,772,411,197,971,539,41987,65,42023,0,17218,64,12898,16,302,56584,20495,39535,279,9,2055,12629,65178,171,0,0,0,0,0,0,0,0,0,0,0,0,0,0
[ 6198.368389] [AOA] Measurement: 0,1579997528.257105,08:55:31:9a:fe:ab,2,1,2,2,128,46,542,887,55,424,778,791,817,785,429,530,726,617,580,878,1,298,761,482,856,714,87,429,883,272,804,762,772,411,197,971,539,12,13,16,16,14,21,10,11,15,10,15,17,13,12,11,18,12,17,12,8,10,9,11,15,17,14,14,14,11,11,11,9
[ 6198.395917] [AOA] Measurement: 0,1579997528.284630,08:55:31:9a:fe:ab,2,1,2,2,128,46,542,887,55,424,778,791,817,785,429,530,726,617,580,878,1,298,761,482,856,714,87,429,883,272,804,762,772,411,197,971,539,12,13,16,16,14,21,10,11,15,10,15,17,13,12,11,18,12,17,12,8,10,9,11,15,17,14,14,14,11,11,11,9
[ 6198.417778] [AOA] Measurement: 0,1579997528.306498,08:55:31:9a:fe:ab,2,1,2,2,128,46,542,887,55,424,778,791,817,785,429,530,726,617,580,878,1,298,761,482,856,714,87,429,883,272,804,762,772,411,197,971,539,41987,65,42023,0,17218,64,12898,16,302,56584,20495,39535,279,9,2055,12629,65178,171,0,0,0,0,0,0,0,0,0,0,0,0,0,0
[ 6198.450827] [AOA] Measurement: 0,1579997528.339540,08:55:31:9a:fe:ab,2,1,2,2,128,46,542,887,55,424,778,791,817,785,429,530,726,617,580,878,1,298,761,482,856,714,87,429,883,272,804,762,772,411,197,971,539,0,0,0,0,0,0,0,0,0,0,0,0,0,0,0,0,0,0,0,0,0,0,0,0,0,0,0,0,0,0,0,0
[ 6198.476610] [AOA] Measurement: 0,1579997528.365321,08:55:31:9a:fe:ab,2,1,2,2,128,46,542,887,55,424,778,791,817,785,429,530,726,617,580,878,1,298,761,482,856,714,87,429,883,272,804,762,772,411,197,971,539,41987,65,42023,0,17218,64,12898,16,302,56584,20495,39535,279,9,2055,12629,65178,171,0,0,0,0,0,0,0,0,0,0,0,0,0,0
[ 6198.505144] [AOA] Measurement: 0,1579997528.393859,08:55:31:9a:fe:ab,2,1,2,2,128,46,542,887,55,424,778,791,817,785,429,530,726,617,580,878,1,298,761,482,856,714,87,429,883,272,804,762,772,411,197,971,539,0,0,0,0,0,0,0,0,0,0,0,0,0,0,0,0,0,0,0,0,0,0,0,0,0,0,0,0,0,0,0,0
[ 6198.524555] [AOA] Measurement: 0,1579997528.413273,08:55:31:9a:fe:ab,2,1,2,2,128,46,542,887,55,424,778,791,817,785,429,530,726,617,580,878,1,298,761,482,856,714,87,429,883,272,804,762,772,411,197,971,539,41987,65,42023,0,17218,64,12898,16,302,56584,20495,39535,279,9,2055,12629,65178,171,0,0,0,0,0,0,0,0,0,0,0,0,0,0
[ 6198.552270] [AOA] Measurement: 0,1579997528.440989,08:55:31:9a:fe:ab,2,1,2,2,128,46,542,887,55,424,778,791,817,785,429,530,726,617,580,878,1,298,761,482,856,714,87,429,883,272,804,762,772,411,197,971,539,0,0,0,0,0,0,0,0,0,0,0,0,0,0,0,0,0,0,0,0,0,0,0,0,0,0,0,0,0,0,0,0
[ 6198.576192] [AOA] Measurement: 0,1579997528.464911,08:55:31:9a:fe:ab,2,1,2,2,128,46,542,887,55,424,778,791,817,785,429,530,726,617,580,878,1,298,761,482,856,714,87,429,883,272,804,762,772,411,197,971,539,0,0,0,0,0,0,0,0,0,0,0,0,0,0,0,0,0,0,0,0,0,0,0,0,0,0,0,0,0,0,0,0
[ 6199.132292] wil6210 0000:01:00.0 wlan0: wil_find_sta_by_key_usage: No CID for (null) RX_GTK
[ 6199.728905] [AOA] Measurement: -62,1579997529.617520,00:00:00:00:00:00,0,0,0,0,0
