
[ 293.369913] [AOA] Measurement: 0,1579860521.092823,04:d6:aa:c1:38:97,2,1,1,0,128,940,330,755,879,414,773,813,644,739,418,448,679,13,255,325,780,646,409,886,33,502,953,805,937,677,563,676,690,509,156,463,40,102,95,104,80,103,84,74,79,102,116,47,113,95,76,86,65,54,77,82,28,72,67,64,86,78,71,72,81,80,84,97,76
[ 293.396152] [AOA] Measurement: 0,1579860521.119066,04:d6:aa:c1:38:97,2,1,1,0,128,1005,373,692,836,462,777,936,723,336,675,972,862,32,293,326,800,653,429,924,45,28,770,277,755,783,561,614,665,383,110,176,699,101,91,105,84,104,84,75,82,104,120,50,115,99,76,85,66,56,76,83,31,78,72,69,92,83,78,77,89,88,91,109,85
[ 293.419397] [AOA] Measurement: 0,1579860521.142304,04:d6:aa:c1:38:97,2,1,1,0,128,9,397,714,852,435,818,370,878,793,489,453,669,957,211,292,739,613,417,351,895,4,800,280,791,786,648,682,711,398,134,228,860,101,96,103,80,104,85,74,80,102,115,49,114,96,73,85,66,53,75,81,28,74,68,65,86,81,73,75,83,80,88,102,79
[ 293.447752] [AOA] Measurement: 0,1579860521.170664,04:d6:aa:c1:38:97,2,1,1,0,128,1011,349,710,822,420,800,926,751,848,516,18,877,552,466,285,767,159,638,415,910,38,814,267,772,759,596,223,887,406,116,455,1000,103,95,104,78,102,84,74,80,103,117,49,113,95,74,84,66,54,76,80,28,71,65,64,85,79,71,71,77,76,83,97,73
[ 293.478405] [AOA] Measurement: 0,1579860521.201316,04:d6:aa:c1:38:97,2,1,1,0,128,976,388,738,900,392,787,863,704,817,511,452,707,1014,248,310,788,645,443,437,936,560,988,885,977,256,757,658,702,434,162,498,21,101,94,104,80,104,84,71,78,99,111,47,110,93,72,83,65,53,74,77,25,71,63,62,80,71,68,68,74,71,76,89,71
[ 293.503593] [AOA] Measurement: 0,1579860521.226472,04:d6:aa:c1:38:97,2,1,1,0,128,36,423,744,856,409,796,876,692,791,484,467,704,52,254,812,940,644,448,343,861,57,825,309,784,778,595,708,737,417,102,898,454,100,93,104,80,103,84,74,77,100,113,47,111,96,76,81,65,53,76,81,27,73,64,66,82,76,70,72,78,79,81,96,73
[ 293.538055] [AOA] Measurement: 0,1579860521.260960,04:d6:aa:c1:38:97,2,1,1,0,128,962,329,720,857,410,778,834,666,755,414,411,650,1017,214,268,749,603,354,331,798,55,813,257,790,749,578,617,694,379,118,671,280,101,95,103,78,102,82,73,76,102,114,47,110,95,71,83,64,51,74,78,26,68,58,58,78,74,66,70,73,71,76,88,70
[ 293.560294] [AOA] Measurement: 0,1579860521.283200,04:d6:aa:c1:38:97,2,1,1,0,128,994,338,740,846,968,970,347,837,778,474,402,649,33,258,321,786,623,430,890,30,1019,769,243,731,736,565,710,719,388,133,226,872,101,93,102,77,102,81,73,77,101,112,47,109,93,71,82,66,52,74,79,27,70,63,64,84,78,70,73,76,78,84,95,71
[ 293.592309] [AOA] Measurement: 0,1579860521.315216,04:d6:aa:c1:38:97,2,1,1,0,128,1010,393,706,852,36,1013,920,717,348,689,991,838,24,252,276,756,669,418,387,882,1022,775,324,770,749,577,650,702,414,144,246,907,102,92,103,82,105,86,76,78,102,116,48,115,97,74,85,66,54,76,81,29,76,68,67,90,82,76,76,86,84,89,104,81
[ 293.615107] [AOA] Measurement: 0,1579860521.338020,04:d6:aa:c1:38:97,2,1,1,0,128,975,358,714,880,430,793,798,619,767,459,449,697,50,271,321,784,165,613,938,89,534,985,316,820,770,575,705,705,448,139,94,687,98,92,100,76,101,82,71,78,100,111,47,107,90,71,78,63,48,71,74,25,66,57,56,75,72,65,66,66,68,74,84,68
[ 293.641625] [AOA] Measurement: 0,1579860521.364536,04:d6:aa:c1:38:97,2,1,1,0,128,944,299,739,894,400,746,885,656,848,523,430,665,1019,237,294,758,616,423,354,866,28,810,918,997,212,737,705,701,342,72,939,615,101,93,99,76,101,82,73,78,102,114,47,110,96,72,84,64,54,75,80,27,73,66,65,85,80,71,74,81,77,83,98,77
[ 293.673235] [AOA] Measurement: 0,1579860521.396145,04:d6:aa:c1:38:97,2,1,1,0,128,969,295,760,873,478,812,899,680,769,470,453,700,48,288,323,770,622,395,344,866,45,800,234,720,774,607,660,692,420,128,886,406,99,92,102,82,101,84,73,81,100,116,49,113,99,76,87,67,55,76,82,30,77,70,69,92,79,74,76,84,86,88,106,78
[ 293.698624] [AOA] Measurement: 0,1579860521.421531,04:d6:aa:c1:38:97,2,1,1,0,128,1022,378,693,879,2,1011,419,900,344,742,986,884,983,237,355,794,662,430,379,891,617,8,869,969,305,786,190,895,439,178,705,149,101,93,103,82,105,85,77,81,102,118,49,116,98,76,85,66,53,76,82,28,75,68,67,88,81,74,74,83,82,87,100,77
[ 293.728948] [AOA] Measurement: 0,1579860521.451851,04:d6:aa:c1:38:97,2,1,1,0,128,980,370,756,891,450,808,887,681,818,513,472,684,991,231,342,805,197,642,961,68,528,969,867,980,247,739,721,747,419,135,408,984,101,95,103,82,104,86,76,82,99,117,49,113,97,75,85,67,54,77,83,29,76,70,70,91,81,77,76,84,85,90,106,79
[ 293.750847] [AOA] Measurement: 0,1579860521.473753,04:d6:aa:c1:38:97,2,1,1,0,128,541,579,752,884,1008,988,367,896,763,456,500,718,964,223,342,793,213,651,901,25,16,818,318,829,249,764,185,902,957,319,8,576,101,93,103,82,105,84,74,79,103,116,49,116,97,73,86,67,55,76,80,29,76,67,67,90,83,73,75,83,85,89,103,78
[ 293.783169] [AOA] Measurement: 0,1579860521.506076,04:d6:aa:c1:38:97,2,1,1,0,128,41,441,713,887,967,977,866,687,825,499,509,691,973,210,314,730,628,412,383,898,578,987,324,795,250,798,639,668,470,150,361,861,99,93,102,78,103,84,74,78,102,115,47,112,95,75,82,65,51,75,81,26,71,63,63,82,74,69,70,75,70,78,90,70
[ 293.806841] [AOA] Measurement: 0,1579860521.529753,04:d6:aa:c1:38:97,2,1,1,0,128,992,350,742,878,394,807,881,711,784,457,443,690,25,277,740,909,633,422,366,913,26,817,838,926,752,611,597,620,418,142,7,556,103,94,105,85,104,84,75,81,104,120,50,116,98,77,86,67,55,76,84,30,78,70,69,88,81,74,75,84,84,90,108,80
[ 293.832423] [AOA] Measurement: 0,1579860521.555336,04:d6:aa:c1:38:97,2,1,1,0,128,1019,377,720,827,413,773,825,677,734,472,411,632,36,254,341,781,695,435,328,866,38,809,281,770,701,553,626,654,427,125,882,409,102,93,104,83,104,85,76,81,103,120,48,116,100,77,88,68,56,76,84,31,78,71,69,92,82,75,74,85,87,91,106,81
[ 293.864633] [AOA] Measurement: 0,1579860521.587539,04:d6:aa:c1:38:97,2,1,1,0,128,479,556,288,108,935,961,903,727,819,512,474,687,6,239,866,972,637,413,334,862,25,819,331,812,726,572,695,692,373,101,280,794,100,93,102,80,101,83,72,80,99,114,48,111,94,73,83,65,53,76,80,25,70,64,63,84,77,68,72,77,75,82,94,73
[ 293.888934] [AOA] Measurement: 0,1579860521.611847,04:d6:aa:c1:38:97,2,1,1,0,128,2,403,714,820,437,796,895,696,822,486,450,682,1022,254,892,1014,166,620,365,877,1018,791,316,780,764,584,699,737,924,302,237,765,102,93,103,81,105,84,72,79,103,116,48,115,95,74,85,66,53,76,81,27,74,64,65,83,79,73,72,79,78,85,100,77
[ 293.919240] [AOA] Measurement: 0,1579860521.642151,04:d6:aa:c1:38:97,2,1,1,0,128,574,608,257,59,944,999,359,860,804,485,441,720,3,216,298,746,604,416,400,932,22,806,309,806,732,577,716,769,439,197,935,477,104,96,105,83,102,84,77,82,100,119,49,114,98,75,87,68,53,77,82,27,75,68,66,89,80,72,76,83,80,84,99,75
[ 293.942322] [AOA] Measurement: 0,1579860521.665235,04:d6:aa:c1:38:97,2,1,1,0,128,16,390,713,836,454,830,837,690,805,478,510,709,995,248,298,772,555,368,269,786,28,769,250,742,698,546,658,708,413,149,472,1005,100,94,101,75,101,80,73,75,101,111,45,106,92,69,82,64,52,74,75,25,68,61,59,79,74,69,70,75,74,79,91,70
[ 293.971237] [AOA] Measurement: 0,1579860521.694143,04:d6:aa:c1:38:97,2,1,1,0,128,944,310,778,902,431,767,936,697,737,450,480,661,32,267,263,741,627,386,367,892,1009,772,326,772,734,552,724,684,392,112,712,306,96,93,96,70,96,77,68,76,100,108,44,104,87,66,80,63,46,70,73,25,66,58,57,71,68,62,65,66,66,73,75,64
[ 293.996018] [AOA] Measurement: 0,1579860521.718931,04:d6:aa:c1:38:97,2,1,1,0,128,999,322,763,882,448,844,851,677,820,455,397,663,972,230,292,760,678,471,339,844,7,780,261,768,692,533,664,679,391,125,907,505,99,95,101,76,100,80,71,76,99,112,46,106,91,72,80,61,48,70,76,24,66,58,56,74,71,65,69,68,68,74,85,66
[ 294.028465] [AOA] Measurement: 0,1579860521.751375,04:d6:aa:c1:38:97,2,1,1,0,128,511,547,720,860,417,802,856,687,820,489,505,717,1008,279,872,983,658,433,915,27,564,1012,853,969,310,798,175,894,988,334,166,653,99,94,103,78,100,83,72,77,99,115,49,109,93,72,81,64,50,74,78,25,70,63,61,80,75,69,71,75,75,81,94,73
[ 294.052005] [AOA] Measurement: 0,1579860521.774911,04:d6:aa:c1:38:97,2,1,1,0,128,971,334,744,866,374,760,864,678,882,527,569,750,577,484,888,943,112,614,967,50,624,7,834,951,288,788,141,794,426,115,214,812,100,93,101,80,102,84,73,79,100,113,46,110,96,72,83,66,50,75,78,27,70,65,66,84,79,72,73,81,77,83,95,75
[ 294.079193] [AOA] Measurement: 0,1579860521.802105,04:d6:aa:c1:38:97,2,1,1,0,128,989,347,777,890,378,756,902,689,765,458,460,708,9,250,316,785,595,429,321,869,5,800,300,757,783,574,717,735,423,140,261,891,97,94,100,77,100,79,69,74,97,104,46,102,89,68,78,63,48,71,75,23,63,55,54,70,69,61,66,66,66,70,80,63
[ 294.110144] [AOA] Measurement: 0,1579860521.833050,04:d6:aa:c1:38:97,2,1,1,0,128,1009,332,724,869,412,790,839,656,829,490,456,695,55,295,325,783,670,418,381,878,587,996,858,975,779,602,235,939,964,309,22,557,101,96,103,78,102,82,73,78,100,112,46,107,93,72,81,63,49,74,78,26,70,61,61,82,73,67,69,73,75,81,94,73
[ 294.135654] [AOA] Measurement: 0,1579860521.858565,04:d6:aa:c1:38:97,2,1,1,0,128,991,366,747,862,384,749,878,686,738,440,452,669,10,227,249,743,603,401,380,885,48,831,261,773,750,580,659,688,390,102,426,70,99,93,102,80,102,84,71,78,101,115,48,112,95,75,84,66,52,74,81,27,73,66,66,85,78,72,72,78,81,85,97,78
[ 294.162509] [AOA] Measurement: 0,1579860521.885415,04:d6:aa:c1:38:97,2,1,1,0,128,1,373,739,860,402,762,876,654,818,476,451,666,23,240,296,736,671,437,355,862,44,809,285,781,762,563,594,680,438,127,795,332,99,93,104,81,105,83,74,82,101,117,47,114,98,75,86,66,55,77,84,29,76,69,69,90,80,74,74,82,81,84,102,78
[ 294.191156] [AOA] Measurement: 0,1579860521.914067,04:d6:aa:c1:38:97,2,1,1,0,128,965,375,698,835,368,752,868,704,835,497,443,682,44,257,303,800,619,386,385,935,11,819,257,760,721,604,718,724,989,352,622,61,98,94,101,80,103,85,75,78,99,114,49,113,96,75,83,65,53,75,81,28,73,65,66,86,79,72,74,82,78,85,94,73
[ 294.213793] [AOA] Measurement: 0,1579860521.936705,04:d6:aa:c1:38:97,2,1,1,0,128,4,415,697,864,433,801,894,671,782,470,421,676,993,232,317,793,656,413,328,873,556,977,325,761,750,583,683,714,938,311,148,704,100,94,101,80,102,84,73,78,103,116,47,110,94,71,83,65,50,75,80,27,72,64,64,83,76,69,71,75,76,81,95,73
[ 294.243972] [AOA] Measurement: 0,1579860521.966878,04:d6:aa:c1:38:97,2,1,1,0,128,5,409,786,924,404,782,866,661,847,519,479,695,12,247,357,804,625,406,340,844,30,809,316,795,812,601,631,688,418,95,1016,536,100,93,101,78,102,83,74,77,103,115,46,110,94,71,80,63,52,74,78,25,70,61,63,81,75,68,70,73,74,79,92,69
[ 294.273113] [AOA] Measurement: 0,1579860521.996025,04:d6:aa:c1:38:97,2,1,1,0,128,13,347,733,861,359,777,904,719,819,487,492,663,969,193,324,803,682,445,369,855,31,811,875,981,776,556,618,696,489,155,713,294,100,94,103,80,102,84,74,79,101,114,48,113,96,74,86,64,53,72,78,25,70,63,63,82,77,71,72,72,76,81,94,73
[ 294.295401] [AOA] Measurement: 0,1579860522.018314,04:d6:aa:c1:38:97,2,1,1,0,128,42,409,722,863,414,802,837,661,819,445,465,676,949,188,304,774,226,647,336,873,507,938,256,772,760,577,204,915,408,153,98,616,97,94,101,78,102,84,73,79,102,114,48,111,95,72,84,64,52,75,80,28,73,63,64,84,78,69,73,79,78,83,98,74
[ 294.325070] [AOA] Measurement: 0,1579860522.047976,04:d6:aa:c1:38:97,2,1,1,0,128,1020,345,736,846,384,783,871,700,869,525,461,688,10,268,332,808,198,652,933,54,552,967,326,792,337,803,624,687,423,141,464,1004,100,94,103,80,102,83,73,80,103,117,47,112,94,75,85,67,54,77,81,27,72,66,66,84,79,73,72,79,78,82,96,74
[ 294.355348] [AOA] Measurement: 0,1579860522.078261,04:d6:aa:c1:38:97,2,1,1,0,128,959,343,747,908,427,779,925,742,307,697,1011,859,637,511,822,956,610,427,407,886,47,825,334,775,762,597,670,711,374,98,281,894,102,92,103,83,103,86,76,82,101,119,49,116,99,78,86,66,56,76,85,32,79,72,71,94,84,79,76,88,89,94,111,82
[ 294.378179] [AOA] Measurement: 0,1579860522.101090,04:d6:aa:c1:38:97,2,1,1,0,128,957,342,695,851,400,786,436,908,759,465,406,684,54,244,320,808,637,443,349,881,89,858,263,766,715,527,663,724,389,138,675,216,100,95,104,81,103,85,74,80,102,117,50,115,98,74,86,67,53,75,81,29,75,68,68,89,81,74,77,84,83,87,103,78
[ 294.407680] [AOA] Measurement: 0,1579860522.130587,04:d6:aa:c1:38:97,2,1,1,0,128,991,365,759,883,407,761,907,703,804,492,412,665,42,285,388,804,224,647,919,60,579,1013,208,691,738,540,609,634,401,94,402,23,99,92,102,79,104,87,76,80,101,114,48,115,97,75,85,66,55,77,82,28,76,67,68,87,81,71,73,81,79,85,99,76
[ 294.437815] [AOA] Measurement: 0,1579860522.160725,04:d6:aa:c1:38:97,2,1,1,0,128,986,313,676,832,446,788,917,675,782,500,518,707,29,279,272,748,624,430,356,820,78,793,324,770,322,815,183,891,412,138,644,173,99,94,102,77,100,81,72,76,100,107,47,106,92,68,79,64,49,72,77,25,66,59,58,77,72,67,67,68,70,75,85,66
[ 294.461021] [AOA] Measurement: 0,1579860522.183927,04:d6:aa:c1:38:97,2,1,1,0,128,995,340,719,847,447,811,886,699,756,460,493,704,29,235,326,751,590,374,349,841,43,816,292,779,741,607,619,674,435,149,155,760,100,95,101,77,104,83,74,79,103,116,47,112,96,73,84,65,53,73,82,28,74,65,66,85,78,69,72,76,78,82,98,75
[ 294.489633] [AOA] Measurement: 0,1579860522.212544,04:d6:aa:c1:38:97,2,1,1,0,128,987,368,743,893,410,793,870,670,766,459,455,660,45,250,326,810,582,409,354,865,3,765,292,788,781,577,186,887,424,113,704,213,102,93,102,80,105,85,74,79,103,116,50,114,98,74,82,66,53,74,82,28,73,67,63,83,76,72,73,79,79,83,95,75
[ 294.519447] [AOA] Measurement: 0,1579860522.242360,04:d6:aa:c1:38:97,2,1,1,0,128,975,382,690,839,466,789,866,690,768,499,416,646,1022,198,283,761,642,442,335,831,37,782,257,742,799,611,711,726,373,94,234,908,99,95,103,79,104,83,73,79,100,115,47,111,94,74,83,65,53,77,81,27,72,66,66,85,78,70,72,77,77,84,97,74
[ 294.542225] [AOA] Measurement: 0,1579860522.265136,04:d6:aa:c1:38:97,2,1,1,0,128,536,559,647,814,468,843,447,929,363,727,454,705,33,249,306,765,221,645,926,56,1001,789,877,976,700,514,705,721,416,157,491,75,102,92,103,84,103,87,75,81,101,118,50,118,98,77,88,66,57,75,85,31,79,71,71,93,82,78,77,89,87,93,110,84
[ 294.572359] [AOA] Measurement: 0,1579860522.295266,04:d6:aa:c1:38:97,2,1,1,0,128,514,518,719,847,363,755,824,629,731,428,420,646,1021,225,269,763,654,441,392,882,1010,777,258,799,755,609,664,689,453,185,999,640,103,93,105,83,104,86,75,80,102,116,49,112,96,76,86,67,55,76,83,29,75,67,68,89,83,75,74,84,84,86,104,79
[ 294.596918] [AOA] Measurement: 0,1579860522.319829,04:d6:aa:c1:38:97,2,1,1,0,128,1007,379,751,905,429,841,895,686,763,467,505,720,1018,257,320,758,646,444,340,853,1023,795,302,785,753,566,699,688,433,104,568,229,96,94,99,75,101,81,71,75,98,108,47,105,92,67,80,62,47,70,72,22,63,57,56,74,70,63,67,67,70,75,87,70
[ 294.624284] [AOA] Measurement: 0,1579860522.347195,04:d6:aa:c1:38:97,2,1,1,0,128,957,303,731,803,416,786,932,673,784,495,461,695,30,232,317,770,590,383,360,864,10,760,296,755,720,517,656,669,363,51,204,851,101,94,102,80,104,85,76,81,104,118,48,115,99,76,86,67,54,74,83,29,76,69,68,90,80,74,74,82,82,87,99,76
[ 294.654906] [AOA] Measurement: 0,1579860522.377820,04:d6:aa:c1:38:97,2,1,1,0,128,973,373,750,881,411,789,928,726,782,445,442,649,970,174,364,836,625,423,336,873,48,779,854,977,747,581,649,650,436,108,922,514,101,92,104,82,103,84,73,80,102,118,49,114,96,75,86,66,53,75,81,28,75,68,66,88,79,74,73,81,81,86,98,76
[ 294.681658] [AOA] Measurement: 0,1579860522.404564,04:d6:aa:c1:38:97,2,1,1,0,128,18,432,707,828,436,796,423,882,840,508,37,896,571,455,875,985,132,584,864,28,595,981,306,775,264,803,242,929,1013,392,1000,468,102,95,104,80,103,84,75,80,102,117,49,115,96,76,85,67,56,76,82,30,75,68,69,89,81,75,76,84,84,88,103,79
[ 294.711469] [AOA] Measurement: 0,1579860522.434375,04:d6:aa:c1:38:97,2,1,1,0,128,956,338,711,894,377,782,924,713,774,477,437,646,11,244,322,814,639,442,340,845,17,798,329,791,336,807,645,663,398,129,437,32,99,93,104,83,104,84,75,80,101,117,48,113,97,76,86,67,56,76,83,31,77,71,72,93,84,77,76,86,88,92,108,82
[ 294.738447] [AOA] Measurement: 0,1579860522.461357,04:d6:aa:c1:38:97,2,1,1,0,128,986,397,701,838,414,768,895,726,847,539,433,657,44,266,302,783,644,409,330,868,4,786,392,794,715,555,664,708,360,67,888,544,103,95,103,83,105,86,76,82,103,116,48,113,97,75,88,67,55,76,83,29,79,72,71,92,84,74,76,87,86,90,107,82
[ 294.763522] [AOA] Measurement: 0,1579860522.486428,04:d6:aa:c1:38:97,2,1,1,0,128,959,330,711,874,422,755,833,633,783,500,468,701,42,266,304,788,618,418,382,869,46,816,300,791,747,607,688,702,420,123,999,635,101,93,102,81,104,83,75,81,103,117,48,116,97,74,85,66,53,75,81,29,75,68,67,90,81,76,75,84,84,88,102,79
[ 294.794750] [AOA] Measurement: 0,1579860522.517661,04:d6:aa:c1:38:97,2,1,1,0,128,35,430,722,868,410,783,896,712,839,484,429,690,990,209,303,735,657,420,381,889,26,820,256,762,725,553,708,709,438,145,716,308,99,96,105,79,104,83,74,81,99,113,49,112,96,74,82,66,53,75,80,28,74,68,67,88,82,73,74,82,80,86,100,75
[ 294.817637] [AOA] Measurement: 0,1579860522.540550,04:d6:aa:c1:38:97,2,1,1,0,128,873,303,735,860,389,773,865,682,739,449,469,723,1020,266,325,816,565,421,360,892,10,816,273,783,794,591,717,722,422,116,33,727,101,93,104,80,104,87,75,80,102,118,50,115,98,76,86,66,55,76,83,31,75,69,66,89,81,75,75,84,85,91,104,79
[ 294.848405] [AOA] Measurement: 0,1579860522.571311,04:d6:aa:c1:38:97,2,1,1,0,128,7,375,779,912,442,820,917,720,817,479,470,708,961,192,271,736,672,428,348,850,67,809,277,804,731,575,672,678,449,171,750,323,101,91,102,83,103,84,78,80,103,119,50,115,98,76,87,67,58,76,85,31,78,71,71,95,83,77,76,85,85,92,107,81
[ 294.877888] [AOA] Measurement: 0,1579860522.600799,04:d6:aa:c1:38:97,2,1,1,0,128,932,316,728,854,445,808,910,708,825,505,422,671,1015,256,363,811,643,414,339,853,29,787,365,837,776,596,653,660,498,161,816,276,99,93,98,77,99,81,71,80,98,113,47,109,91,71,81,65,50,73,79,26,68,60,59,81,75,68,70,76,71,80,89,72
[ 294.901265] [AOA] Measurement: 0,1579860522.624171,04:d6:aa:c1:38:97,2,1,1,0,128,455,519,726,877,433,812,915,730,825,485,484,685,23,236,324,777,686,465,901,80,1017,785,302,769,704,539,218,911,413,109,47,508,98,91,100,76,103,82,73,78,102,111,46,111,96,73,81,63,49,73,80,26,71,64,65,85,78,68,72,77,77,82,94,74
[ 294.933599] [AOA] Measurement: 0,1579860522.656507,04:d6:aa:c1:38:97,2,1,1,0,128,17,380,716,864,465,815,885,706,338,679,1017,893,31,294,298,748,594,406,357,865,1010,772,329,827,794,612,240,941,446,130,309,879,100,95,103,79,104,83,72,77,100,109,46,107,95,71,82,64,50,73,75,24,67,60,60,78,73,65,69,71,71,76,88,68
[ 294.961787] [AOA] Measurement: 0,1579860522.684700,04:d6:aa:c1:38:97,2,1,1,0,128,55,376,688,830,402,754,862,650,799,486,418,651,8,235,326,807,685,490,348,822,26,802,294,798,277,758,669,736,429,126,915,635,101,94,104,80,104,85,73,79,103,114,49,111,94,74,85,66,52,76,80,27,73,67,67,87,80,72,73,81,79,86,97,77
[ 294.984606] [AOA] Measurement: 0,1579860522.707519,04:d6:aa:c1:38:97,2,1,1,0,128,12,386,673,819,432,782,873,685,796,470,426,657,15,234,285,728,577,365,356,834,36,798,295,787,747,564,660,720,414,95,294,914,99,94,101,76,102,83,74,77,100,114,48,113,97,72,82,66,52,73,78,28,71,65,65,87,77,72,75,80,81,84,98,77
[ 295.014974] [AOA] Measurement: 0,1579860522.737881,04:d6:aa:c1:38:97,2,1,1,0,128,4,390,752,874,434,798,832,653,791,467,503,732,543,471,865,1001,166,621,386,899,599,1003,864,991,268,780,184,899,962,304,608,146,100,94,102,78,103,83,74,76,101,113,48,110,95,72,83,64,53,75,80,25,70,61,62,81,76,70,70,78,77,81,95,73
[ 295.039013] [AOA] Measurement: 0,1579860522.761925,04:d6:aa:c1:38:97,2,1,1,0,128,591,581,285,26,964,1013,375,887,374,704,961,845,585,452,869,997,192,636,974,105,563,977,861,966,228,741,708,714,418,127,84,616,98,94,100,78,103,83,72,76,99,112,46,110,93,73,80,63,49,73,78,27,70,63,63,79,75,70,70,77,75,81,94,71
[ 295.071436] [AOA] Measurement: 0,1579860522.794342,04:d6:aa:c1:38:97,2,1,1,0,128,1,397,721,857,482,825,897,691,364,705,1016,870,34,266,903,979,157,631,927,50,531,980,822,925,317,797,151,868,444,183,672,80,101,93,103,82,101,83,74,79,101,114,48,114,96,74,86,66,52,74,80,27,72,65,65,84,79,72,73,81,77,82,96,76
[ 295.100451] [AOA] Measurement: 0,1579860522.823357,04:d6:aa:c1:38:97,2,1,1,0,128,969,371,663,821,433,813,887,690,823,513,458,678,42,266,254,737,631,440,381,863,1007,772,271,775,729,590,664,708,416,104,288,867,98,92,99,75,100,78,72,77,100,111,47,109,93,70,81,61,50,72,76,24,66,57,60,77,72,67,68,67,68,71,85,67
[ 295.129711] [AOA] Measurement: 0,1579860522.852624,04:d6:aa:c1:38:97,2,1,1,0,128,12,397,720,830,440,773,821,645,773,452,375,648,39,217,259,736,609,402,307,797,84,813,317,800,716,513,663,704,407,103,1014,593,97,94,101,76,99,81,70,76,102,109,45,106,91,69,80,60,48,71,75,23,65,56,53,71,70,62,67,64,66,72,82,65
[ 295.154540] [AOA] Measurement: 0,1579860522.877446,04:d6:aa:c1:38:97,2,1,1,0,128,1020,398,748,888,398,805,879,698,806,473,459,696,38,311,313,782,642,431,396,873,1020,809,326,790,797,623,684,712,994,355,877,430,98,91,99,76,99,78,71,77,101,112,47,107,93,71,82,63,50,71,75,24,67,60,56,71,71,63,68,69,67,71,84,66
[ 295.185734] [AOA] Measurement: 0,1579860522.908640,04:d6:aa:c1:38:97,2,1,1,0,128,15,371,707,836,438,801,913,694,801,499,457,652,992,240,208,694,663,437,366,856,77,831,230,738,729,516,665,716,444,134,837,405,98,92,100,78,101,82,73,78,101,116,48,112,97,73,82,64,51,73,77,26,71,64,64,82,75,69,70,76,77,83,98,76
[ 295.213992] [AOA] Measurement: 0,1579860522.936905,04:d6:aa:c1:38:97,2,1,1,0,128,538,600,254,53,447,788,452,891,354,684,403,665,11,231,380,788,611,402,393,879,68,807,297,770,290,793,706,751,415,130,242,839,99,93,100,76,101,83,71,77,97,107,46,103,92,70,79,62,48,71,75,23,65,57,57,75,70,63,67,68,68,74,81,63
[ 295.238475] [AOA] Measurement: 0,1579860522.961381,04:d6:aa:c1:38:97,2,1,1,0,128,991,380,720,865,431,793,836,696,805,459,424,671,992,201,254,760,627,419,413,893,39,813,831,942,766,594,675,735,434,150,628,160,103,92,101,81,102,84,73,80,102,117,48,111,97,73,86,65,53,75,80,27,72,64,64,84,80,70,74,78,78,81,96,74
[ 295.270736] [AOA] Measurement: 0,1579860522.993643,04:d6:aa:c1:38:97,2,1,1,0,128,976,365,750,905,995,999,342,828,778,440,501,736,22,291,323,777,600,391,379,896,43,804,310,798,253,792,174,865,988,353,336,803,101,92,102,82,103,84,75,80,101,117,48,114,97,76,85,67,53,76,82,30,76,68,68,89,81,76,76,85,85,88,104,80
[ 295.299567] [AOA] Measurement: 0,1579860523.022480,04:d6:aa:c1:38:97,2,1,1,0,128,967,379,726,893,973,997,432,900,784,470,46,911,556,478,801,938,614,391,394,933,7,758,283,787,729,579,664,735,352,92,811,306,99,93,101,78,102,83,75,78,102,114,48,112,98,74,84,67,52,75,80,27,72,66,66,87,78,72,73,79,78,82,95,74
[ 295.324399] [AOA] Measurement: 0,1579860523.047305,04:d6:aa:c1:38:97,2,1,1,0,128,994,362,751,898,416,781,859,663,886,528,464,687,51,273,283,745,630,427,432,902,628,6,263,737,345,795,157,875,373,98,797,448,99,93,100,77,102,83,74,79,99,114,46,110,94,73,86,65,51,74,81,27,73,65,62,81,75,69,71,76,76,78,93,69
[ 295.366690] [AOA] Measurement: 0,1579860523.089597,04:d6:aa:c1:38:97,2,1,1,0,128,7,357,722,860,368,757,905,693,797,465,409,663,993,235,326,787,599,449,421,907,70,812,851,1001,282,732,195,892,985,353,451,976,101,95,104,79,102,82,73,79,102,117,48,113,95,73,85,65,52,76,79,29,74,66,68,86,80,75,75,82,83,85,101,77
[ 295.395981] [AOA] Measurement: 0,1579860523.118887,04:d6:aa:c1:38:97,2,1,1,0,128,977,337,706,901,355,770,881,694,804,472,527,772,1015,276,261,785,669,468,862,26,14,814,266,742,789,594,672,698,411,108,554,142,99,93,104,82,102,83,76,79,101,116,47,116,96,76,86,67,54,76,83,30,74,68,66,87,79,73,76,82,82,88,100,77
[ 295.424674] [AOA] Measurement: 0,1579860523.147584,04:d6:aa:c1:38:97,2,1,1,0,128,997,387,774,914,975,997,421,932,291,675,1004,868,993,213,316,761,609,396,400,908,561,1002,847,988,240,750,193,900,450,143,56,572,102,94,101,82,101,82,75,79,103,118,49,113,98,74,85,65,54,75,82,30,76,69,67,91,83,74,75,87,85,91,105,82
[ 295.450114] [AOA] Measurement: 0,1579860523.173021,04:d6:aa:c1:38:97,2,1,1,0,128,1008,372,722,858,358,751,894,640,803,468,442,675,36,291,234,736,626,415,338,866,81,824,320,789,664,534,652,690,417,136,667,238,101,92,103,83,104,86,74,81,101,114,49,114,96,77,85,66,57,74,83,29,78,69,69,92,82,78,77,85,82,90,103,81
[ 295.481831] [AOA] Measurement: 0,1579860523.204737,04:d6:aa:c1:38:97,2,1,1,0,128,991,385,695,834,398,763,883,687,839,503,459,707,46,273,296,771,617,417,329,852,34,770,326,795,773,612,639,695,425,131,695,353,102,91,102,82,105,83,73,79,102,116,47,114,96,73,86,67,55,76,82,30,77,69,68,90,81,73,75,83,83,88,104,78
[ 295.505297] [AOA] Measurement: 0,1579860523.228209,04:d6:aa:c1:38:97,2,1,1,0,128,972,383,708,857,370,779,859,674,777,468,488,708,73,277,859,971,105,580,384,878,27,779,286,769,284,781,663,703,476,188,805,314,102,95,100,78,102,82,74,80,101,115,47,112,97,75,86,66,54,75,82,29,75,67,69,88,80,73,74,83,83,88,103,78
[ 295.537217] [AOA] Measurement: 0,1579860523.260129,04:d6:aa:c1:38:97,2,1,1,0,128,972,340,710,853,410,800,902,713,786,445,474,713,23,247,336,817,650,429,378,892,64,836,298,766,759,561,714,717,467,162,943,455,100,93,103,79,102,83,74,80,100,116,47,115,98,76,85,65,54,74,82,29,75,66,66,85,80,72,73,80,80,87,100,75
[ 295.564161] [AOA] Measurement: 0,1579860523.287069,04:d6:aa:c1:38:97,2,1,1,0,128,966,325,643,840,469,815,834,675,778,478,426,671,51,283,285,756,608,384,380,855,50,825,299,792,289,797,209,913,1004,381,65,615,95,95,100,76,100,80,72,78,101,111,45,109,94,73,83,64,49,75,79,26,71,64,63,83,78,72,73,80,81,86,99,77
[ 295.593895] [AOA] Measurement: 0,1579860523.316801,04:d6:aa:c1:38:97,2,1,1,0,128,20,412,749,882,416,782,869,708,831,489,430,664,9,242,312,780,645,404,439,934,542,989,892,994,727,567,618,653,426,119,275,812,99,93,101,79,102,83,72,79,97,111,46,107,92,73,81,65,51,74,77,26,69,62,63,82,77,69,70,74,75,80,91,73
[ 295.623191] [AOA] Measurement: 0,1579860523.346097,04:d6:aa:c1:38:97,2,1,1,0,128,29,436,705,844,479,827,886,691,822,521,447,678,1023,222,269,731,650,412,381,877,80,822,301,774,809,648,671,693,411,115,826,451,102,94,102,82,105,84,76,83,102,117,50,115,99,76,87,67,56,77,84,30,77,71,70,92,85,77,76,88,87,93,110,84
[ 295.652683] [AOA] Measurement: 0,1579860523.375588,04:d6:aa:c1:38:97,2,1,1,0,128,23,417,742,866,982,979,915,717,712,438,512,702,2,228,293,748,627,413,898,7,589,992,846,969,780,592,198,902,7,344,516,976,99,91,103,81,100,82,71,76,99,115,47,112,92,71,78,65,50,75,79,26,67,59,59,79,74,67,69,74,70,76,90,69
[ 295.681935] [AOA] Measurement: 0,1579860523.404848,04:d6:aa:c1:38:97,2,1,1,0,128,988,338,644,790,401,752,842,640,811,449,452,655,995,220,286,744,587,404,330,838,953,732,320,811,720,580,676,698,407,106,177,890,100,93,101,79,101,83,73,78,99,112,47,110,94,72,82,66,51,75,81,25,70,62,62,81,78,71,70,75,75,80,94,69
[ 295.705569] [AOA] Measurement: 0,1579860523.428481,04:d6:aa:c1:38:97,2,1,1,0,128,996,369,773,881,969,986,885,701,361,719,1022,896,591,479,822,963,216,659,932,55,553,966,816,969,203,719,222,923,945,297,60,583,98,95,101,78,101,84,73,79,101,113,48,112,94,73,84,65,52,73,78,25,72,63,63,83,76,69,71,77,79,84,98,75
[ 295.736425] [AOA] Measurement: 0,1579860523.459330,04:d6:aa:c1:38:97,2,1,1,0,128,4,372,699,870,455,818,429,894,320,682,1005,871,496,398,329,761,619,447,903,64,1009,782,244,752,781,610,607,695,416,116,886,515,102,90,104,82,102,84,75,80,102,119,48,117,96,77,87,67,56,75,84,31,78,70,72,96,83,77,76,90,89,92,109,83
[ 295.769582] [AOA] Measurement: 0,1579860523.492492,04:d6:aa:c1:38:97,2,1,1,0,128,493,517,765,864,416,763,848,648,784,467,464,641,1022,234,321,753,633,408,316,853,1021,788,322,804,700,531,690,711,348,102,256,836,99,94,100,78,101,82,74,77,99,112,48,112,97,72,84,65,51,75,79,26,72,63,62,80,76,70,70,78,78,83,97,73
[ 295.796571] [AOA] Measurement: 0,1579860523.519477,04:d6:aa:c1:38:97,2,1,1,0,128,518,577,357,111,1015,993,803,630,746,404,515,734,48,281,853,904,611,363,393,907,555,971,864,964,284,778,208,884,930,291,2,515,101,93,102,79,102,81,73,76,99,110,48,109,92,70,82,64,51,73,80,28,71,63,63,79,75,68,70,74,75,82,94,73
[ 295.826755] [AOA] Measurement: 0,1579860523.549666,04:d6:aa:c1:38:97,2,1,1,0,128,928,328,697,832,427,787,893,694,787,460,487,702,1002,219,325,768,697,493,812,969,11,797,917,989,721,551,656,705,401,108,851,479,98,93,101,79,102,84,74,80,100,115,49,113,97,75,86,65,53,74,81,28,72,67,67,88,81,72,72,81,83,86,104,78
[ 295.851811] [AOA] Measurement: 0,1579860523.574718,04:d6:aa:c1:38:97,2,1,1,0,128,939,315,751,879,409,799,887,694,742,452,489,686,988,206,317,784,614,431,408,872,1004,774,290,770,735,564,663,721,381,88,638,277,99,93,100,75,100,83,72,77,100,112,47,109,92,71,82,63,50,74,77,26,71,66,61,81,73,69,70,77,76,81,91,70
[ 295.880468] [AOA] Measurement: 0,1579860523.603380,04:d6:aa:c1:38:97,2,1,1,0,128,974,337,752,848,407,788,850,667,773,442,473,688,15,244,216,708,667,437,338,860,1021,816,851,942,314,812,191,894,394,113,513,105,101,92,104,79,104,85,74,81,101,114,49,114,97,75,84,65,55,75,81,28,75,66,67,87,79,72,76,83,81,87,99,77
[ 295.905442] [AOA] Measurement: 0,1579860523.628354,04:d6:aa:c1:38:97,2,1,1,0,128,530,551,268,1021,432,801,889,701,375,714,95,978,530,431,298,762,147,630,381,868,560,999,866,1000,206,741,638,705,409,146,735,222,101,92,101,80,101,83,76,78,102,117,49,115,96,73,85,65,55,75,80,29,76,67,68,89,80,75,74,82,83,87,105,79
[ 295.934534] [AOA] Measurement: 0,1579860523.657440,04:d6:aa:c1:38:97,2,1,1,0,128,999,380,703,872,441,785,882,672,852,489,27,928,19,272,811,924,646,438,340,873,56,796,293,762,752,547,655,711,387,99,823,430,99,91,101,81,100,82,72,76,100,114,48,111,95,70,84,64,51,72,79,27,70,63,62,83,74,68,71,78,77,81,95,70
[ 295.965841] [AOA] Measurement: 0,1579860523.688746,04:d6:aa:c1:38:97,2,1,1,0,128,1015,357,692,831,448,779,876,677,375,736,27,918,575,480,888,989,141,582,379,917,577,993,841,987,269,784,161,856,1011,359,85,588,98,94,100,74,100,80,70,75,99,110,45,107,92,70,80,62,49,71,76,24,68,60,60,77,72,66,70,73,72,77,84,65
[ 295.994561] [AOA] Measurement: 0,1579860523.717474,04:d6:aa:c1:38:97,2,1,1,0,128,533,567,746,892,408,802,396,881,786,492,501,670,52,283,839,969,139,568,333,844,29,807,257,750,808,654,230,934,953,354,285,758,100,95,103,78,101,82,72,77,98,114,48,109,95,72,82,63,50,74,78,25,70,63,63,80,75,68,71,73,74,77,90,70
[ 296.021474] [AOA] Measurement: 0,1579860523.744380,04:d6:aa:c1:38:97,2,1,1,0,128,2,371,275,34,469,781,870,697,740,446,412,654,976,185,333,774,652,413,294,782,34,833,324,810,239,745,644,679,449,182,605,123,100,93,100,76,103,82,73,78,101,115,47,111,94,72,83,65,52,74,80,26,72,63,64,83,77,70,70,77,79,84,93,72
[ 296.051515] [AOA] Measurement: 0,1579860523.774421,04:d6:aa:c1:38:97,2,1,1,0,128,536,589,269,70,957,3,381,904,394,721,24,887,1001,231,318,796,662,461,939,66,612,9,829,946,288,799,657,720,979,358,665,116,99,93,99,79,101,82,72,79,101,115,48,114,95,73,85,64,54,75,80,28,73,67,69,88,81,75,73,83,82,86,102,80
[ 296.078582] [AOA] Measurement: 0,1579860523.801494,04:d6:aa:c1:38:97,2,1,1,0,128,32,404,661,847,395,749,846,667,795,450,449,670,67,257,316,755,176,632,357,857,1017,785,314,806,696,548,673,695,411,121,128,761,100,93,100,78,100,82,71,74,99,113,47,108,96,72,84,65,50,74,80,28,73,64,66,84,79,71,73,78,77,84,98,74
[ 296.106851] [AOA] Measurement: 0,1579860523.829757,04:d6:aa:c1:38:97,2,1,1,0,128,992,357,679,840,380,751,919,712,721,396,388,682,57,273,327,802,215,676,376,912,610,1007,319,761,275,772,666,722,381,109,163,740,102,91,101,83,102,84,73,81,101,116,48,112,93,75,84,66,54,74,80,29,77,69,68,90,81,75,75,86,83,87,106,78
[ 296.136158] [AOA] Measurement: 0,1579860523.859069,04:d6:aa:c1:38:97,2,1,1,0,128,2,355,306,24,968,977,885,712,784,479,483,709,968,211,310,783,648,424,936,55,549,12,887,1022,204,720,670,745,420,143,241,864,100,95,100,78,102,82,73,77,99,112,47,108,94,71,85,65,52,73,80,27,70,62,63,83,78,71,71,78,78,80,92,73
[ 296.161540] [AOA] Measurement: 0,1579860523.884448,04:d6:aa:c1:38:97,2,1,1,0,128,991,323,726,860,433,795,900,709,773,465,471,686,47,280,265,740,630,436,378,910,7,807,824,957,759,564,650,691,373,117,1004,665,99,93,101,79,103,83,73,78,102,116,47,114,96,74,85,65,53,75,83,28,74,66,66,85,77,73,71,79,78,84,99,77
[ 296.193831] [AOA] Measurement: 0,1579860523.916737,04:d6:aa:c1:38:97,2,1,1,0,128,11,402,716,842,434,791,942,736,812,500,396,602,32,275,260,774,619,392,395,874,992,802,278,769,748,548,630,638,402,110,244,996,102,94,103,80,104,84,75,80,101,116,48,112,96,73,84,66,55,74,80,27,76,67,67,90,81,71,73,80,81,87,97,76
[ 296.223347] [AOA] Measurement: 0,1579860523.946259,04:d6:aa:c1:38:97,2,1,1,0,128,995,348,768,937,938,980,829,672,388,697,446,697,1014,223,331,752,609,397,377,883,29,794,294,731,751,548,704,725,409,121,838,323,99,91,99,78,100,82,72,74,96,107,46,107,91,70,81,63,49,73,76,26,68,59,58,76,72,66,69,72,70,75,87,67
[ 296.247294] [AOA] Measurement: 0,1579860523.970207,04:d6:aa:c1:38:97,2,1,1,0,128,1007,377,758,904,354,779,895,714,830,473,503,685,31,280,331,800,609,390,392,921,38,823,274,782,730,562,652,711,387,102,322,962,98,95,102,78,103,82,73,80,101,115,47,110,97,75,84,65,51,75,77,27,72,65,64,84,79,72,74,80,81,87,99,77
[ 296.280942] [AOA] Measurement: 0,1579860524.003856,04:d6:aa:c1:38:97,2,1,1,0,128,1002,414,746,861,362,771,901,686,827,528,11,853,24,256,319,778,195,618,355,871,564,981,329,793,687,566,186,884,436,137,773,375,101,90,102,79,102,81,73,77,99,110,48,108,93,71,83,64,54,74,81,26,75,66,66,86,80,73,74,81,78,83,98,76
[ 296.305397] [AOA] Measurement: 0,1579860524.028308,04:d6:aa:c1:38:97,2,1,1,0,128,947,296,727,864,382,746,872,703,734,452,455,661,69,293,302,798,589,347,381,872,27,769,309,779,762,591,240,948,379,135,675,316,100,92,101,76,100,83,71,79,100,116,48,114,96,74,84,63,55,74,82,29,75,68,68,88,78,70,72,76,78,82,95,73
[ 296.335763] [AOA] Measurement: 0,1579860524.058671,04:d6:aa:c1:38:97,2,1,1,0,128,974,334,774,857,375,758,886,709,779,455,460,697,20,239,321,805,583,404,330,873,20,805,353,820,728,584,671,714,477,200,885,372,101,91,101,81,101,83,73,80,101,114,47,113,96,74,84,65,54,76,81,29,75,65,65,85,78,73,73,80,79,87,99,77
[ 296.365770] [AOA] Measurement: 0,1579860524.088683,04:d6:aa:c1:38:97,2,1,1,0,128,955,288,739,861,433,783,837,658,736,408,432,654,979,196,297,769,636,430,318,835,37,804,282,789,751,603,608,672,346,105,684,259,97,93,100,75,102,80,70,72,99,111,46,104,89,68,79,61,49,74,78,24,68,57,56,73,71,64,68,70,68,73,86,67
[ 296.392159] [AOA] Measurement: 0,1579860524.115066,04:d6:aa:c1:38:97,2,1,1,0,128,7,394,725,858,467,829,826,648,866,521,446,692,27,226,289,795,593,381,420,898,65,834,245,741,728,572,681,744,394,110,1019,633,99,94,102,80,102,83,72,77,99,115,47,111,94,73,83,65,51,73,81,27,73,64,63,83,78,69,71,79,77,84,96,72
[ 296.423366] [AOA] Measurement: 0,1579860524.146271,04:d6:aa:c1:38:97,2,1,1,0,128,1020,424,715,878,420,800,877,708,757,458,433,669,1010,252,325,768,678,465,383,875,69,849,872,979,354,821,210,908,1019,381,536,972,96,93,100,74,98,79,69,74,96,108,47,102,92,69,80,60,48,72,73,24,66,59,57,74,72,64,67,71,68,72,83,66
[ 296.454165] [AOA] Measurement: 0,1579860524.177072,04:d6:aa:c1:38:97,2,1,1,0,128,484,539,771,882,945,966,902,677,818,493,30,857,548,431,874,985,579,385,361,883,555,988,290,770,731,551,713,747,407,141,683,206,101,93,101,83,102,83,75,80,103,118,49,117,98,76,86,67,56,77,84,32,77,72,72,93,85,78,77,89,88,93,112,83
[ 296.485794] [AOA] Measurement: 0,1579860524.208704,04:d6:aa:c1:38:97,2,1,1,0,128,981,353,713,851,423,774,911,725,822,522,474,693,1003,264,237,718,585,387,399,887,999,778,284,765,825,604,708,748,983,328,516,71,100,93,103,81,104,85,76,79,101,116,48,113,96,74,86,66,54,75,83,29,77,67,70,91,80,76,75,83,86,89,106,79
[ 296.510369] [AOA] Measurement: 0,1579860524.233279,04:d6:aa:c1:38:97,2,1,1,0,128,542,541,741,903,453,783,916,719,757,459,485,684,35,259,305,803,198,617,947,112,541,966,816,970,209,734,188,926,381,82,946,517,102,94,104,81,103,84,73,77,102,115,49,111,96,74,81,62,52,73,80,26,72,65,64,83,74,70,72,77,76,82,95,75
[ 296.540617] [AOA] Measurement: 0,1579860524.263522,04:d6:aa:c1:38:97,2,1,1,0,128,0,353,642,827,373,784,800,634,776,496,438,637,41,296,330,788,639,447,873,5,25,811,285,762,764,565,722,730,465,152,52,594,99,95,101,80,104,84,75,79,104,116,48,112,97,75,85,66,56,74,81,28,74,64,67,82,74,70,71,76,78,82,97,74
[ 296.570266] [AOA] Measurement: 0,1579860524.293179,04:d6:aa:c1:38:97,2,1,1,0,128,973,358,711,858,403,782,872,669,822,490,489,727,1009,234,860,1002,215,633,924,80,995,765,272,736,734,576,699,734,992,331,714,235,101,94,98,78,101,83,71,78,98,113,48,112,94,73,83,65,52,75,82,28,74,68,67,87,79,71,74,79,81,85,97,74
[ 296.596630] [AOA] Measurement: 0,1579860524.319536,04:d6:aa:c1:38:97,2,1,1,0,128,1013,343,701,828,410,765,910,703,798,470,432,659,997,195,351,808,163,628,352,859,1023,751,266,745,731,556,678,693,413,110,96,771,100,92,100,75,101,82,71,78,102,110,47,106,93,70,82,63,50,71,77,25,70,60,62,81,76,68,69,70,71,77,89,67
[ 296.623496] [AOA] Measurement: 0,1579860524.346407,04:d6:aa:c1:38:97,2,1,1,0,128,993,363,730,832,363,736,892,677,768,449,440,672,22,234,282,742,623,386,412,882,566,996,796,948,713,547,693,693,412,115,246,918,96,94,100,76,100,82,71,77,98,111,46,109,94,70,82,64,50,73,77,25,69,60,63,77,74,68,68,70,73,74,90,69
[ 296.654308] [AOA] Measurement: 0,1579860524.377220,04:d6:aa:c1:38:97,2,1,1,0,128,939,319,677,827,417,761,924,727,817,487,430,694,1023,271,308,795,639,424,392,880,22,806,277,796,752,594,681,703,408,110,505,155,100,93,100,80,101,83,73,80,99,115,49,112,97,74,85,66,53,75,81,30,76,68,64,87,78,74,72,83,80,85,101,77
[ 296.681742] [AOA] Measurement: 0,1579860524.404648,04:d6:aa:c1:38:97,2,1,1,0,128,994,384,749,872,450,807,884,713,792,486,369,644,1017,245,245,754,590,402,362,846,10,805,302,780,282,782,667,678,448,158,930,461,100,91,104,79,100,84,76,79,101,115,48,111,96,71,83,64,54,74,80,28,74,65,67,87,78,70,74,81,79,85,100,74
[ 296.712937] [AOA] Measurement: 0,1579860524.435844,04:d6:aa:c1:38:97,2,1,1,0,128,44,411,235,26,368,749,917,709,791,468,1010,853,995,249,816,911,631,419,352,843,46,813,279,763,799,597,188,908,2,357,616,126,99,92,100,75,100,82,73,77,99,108,46,106,92,68,80,62,48,71,76,23,68,59,55,75,70,64,68,70,68,72,83,65
[ 296.743607] [AOA] Measurement: 0,1579860524.466514,04:d6:aa:c1:38:97,2,1,1,0,128,32,416,246,64,908,940,882,688,776,453,441,653,994,240,353,796,546,320,378,852,17,743,285,771,769,588,704,728,402,120,261,867,100,93,104,79,103,84,75,81,102,117,48,114,96,73,85,66,53,74,81,29,74,67,66,88,79,72,74,82,84,88,104,78
[ 296.774888] [AOA] Measurement: 0,1579860524.497794,04:d6:aa:c1:38:97,2,1,1,0,128,1018,397,724,825,448,818,847,677,783,467,498,712,23,296,895,972,108,593,344,882,6,807,299,769,721,576,681,687,391,119,6,503,100,94,101,76,101,81,73,75,98,111,47,106,93,70,80,61,48,73,75,25,69,62,61,81,75,67,68,72,75,79,90,70
[ 296.805670] [AOA] Measurement: 0,1579860524.528576,04:d6:aa:c1:38:97,2,1,1,0,128,970,348,752,861,431,789,422,889,800,499,459,658,39,316,336,807,624,424,388,896,53,804,293,756,723,552,702,720,407,108,941,536,98,92,104,79,103,83,75,79,100,114,48,111,97,73,84,66,53,75,80,27,72,64,66,85,78,71,74,81,79,85,98,74
[ 296.836689] [AOA] Measurement: 0,1579860524.559600,04:d6:aa:c1:38:97,2,1,1,0,128,10,380,681,823,392,750,855,673,814,462,420,664,22,254,282,755,656,408,337,857,1007,762,282,772,727,564,639,661,483,192,651,207,95,92,100,73,100,79,70,75,97,107,44,104,88,69,78,61,48,72,71,24,65,56,57,76,72,65,70,74,69,76,86,69
[ 296.862401] [AOA] Measurement: 0,1579860524.585308,04:d6:aa:c1:38:97,2,1,1,0,128,41,416,735,880,449,803,939,716,866,486,439,654,34,275,866,962,600,396,290,842,42,794,335,815,272,795,178,881,995,343,542,147,97,94,100,73,99,81,71,76,99,110,44,105,94,69,80,62,50,74,77,25,70,59,60,78,73,67,69,74,74,80,91,71
[ 296.890611] [AOA] Measurement: 0,1579860524.613524,04:d6:aa:c1:38:97,2,1,1,0,128,999,369,704,883,414,811,867,705,832,512,467,725,560,465,867,995,171,630,351,870,71,838,843,969,755,539,199,899,405,107,451,991,101,94,101,81,101,85,71,78,97,113,48,112,96,73,85,65,54,73,79,28,74,66,66,87,78,71,73,81,78,84,98,75
[ 296.921595] [AOA] Measurement: 0,1579860524.644501,04:d6:aa:c1:38:97,2,1,1,0,128,603,657,248,38,941,929,962,745,373,723,457,697,40,290,884,947,171,655,867,1022,14,759,327,793,799,624,146,850,9,355,692,167,97,92,97,71,97,77,67,71,96,106,45,102,87,65,77,60,47,69,71,22,62,53,54,71,65,59,63,62,60,66,71,58
[ 296.952608] [AOA] Measurement: 0,1579860524.675514,04:d6:aa:c1:38:97,2,1,1,0,128,1022,365,674,853,394,774,870,731,874,543,991,855,565,479,782,948,157,638,946,112,997,794,876,984,223,765,185,891,424,124,81,677,100,92,101,80,103,84,74,79,102,116,47,114,98,75,84,65,54,76,80,28,74,66,65,87,78,72,72,82,82,85,98,76
[ 296.983954] [AOA] Measurement: 0,1579860524.706860,04:d6:aa:c1:38:97,2,1,1,0,128,967,331,724,873,463,795,916,705,817,451,483,706,18,280,301,746,619,403,331,830,40,823,821,945,738,584,694,705,384,95,254,920,96,93,101,75,100,80,72,73,99,109,47,107,91,70,80,65,50,73,78,25,70,63,61,79,73,67,71,74,74,78,93,71
[ 297.014966] [AOA] Measurement: 0,1579860524.737873,04:d6:aa:c1:38:97,2,1,1,0,128,964,294,720,836,383,768,844,654,797,453,419,644,1023,224,339,828,110,589,331,801,11,793,320,790,710,559,725,719,456,176,253,885,100,92,101,79,103,82,74,78,100,115,47,113,98,75,86,66,53,74,81,29,77,68,68,89,80,72,75,82,84,88,103,79
[ 297.040205] [AOA] Measurement: 0,1579860524.763117,04:d6:aa:c1:38:97,2,1,1,0,128,964,318,740,860,400,762,867,692,800,471,469,672,1016,252,304,791,660,451,926,63,541,962,325,776,715,555,654,672,469,161,713,173,102,93,102,81,101,84,74,81,100,117,49,115,97,75,87,68,56,76,83,31,78,71,71,93,82,76,76,86,85,89,107,80
[ 297.074180] [AOA] Measurement: 0,1579860524.797087,04:d6:aa:c1:38:97,2,1,1,0,128,1013,360,715,856,473,832,922,754,783,460,453,675,999,232,285,733,641,409,410,885,585,1018,259,761,791,560,645,665,417,148,737,369,98,94,100,77,100,82,71,76,99,114,45,107,93,72,80,63,50,73,77,24,67,59,62,80,71,66,68,72,72,75,90,69
[ 297.100106] [AOA] Measurement: 0,1579860524.823017,04:d6:aa:c1:38:97,2,1,1,0,128,508,508,236,1002,1020,1001,881,686,879,500,442,675,988,203,306,768,185,618,915,49,540,973,899,982,285,772,159,866,905,285,424,1001,102,92,103,80,104,84,73,79,101,115,48,114,97,75,87,66,54,77,83,28,77,68,69,90,82,73,74,85,85,90,103,79
[ 297.127007] [AOA] Measurement: 0,1579860524.849917,04:d6:aa:c1:38:97,2,1,1,0,128,978,375,763,855,413,762,901,681,845,494,444,698,27,248,331,766,630,420,356,842,1014,780,321,783,767,586,670,678,396,82,539,55,97,95,100,75,100,81,72,75,99,110,46,106,92,71,81,63,49,75,76,27,71,62,60,79,74,67,67,74,75,79,91,71
[ 297.155816] [AOA] Measurement: 0,1579860524.878723,04:d6:aa:c1:38:97,2,1,1,0,128,530,584,737,855,412,769,856,667,799,452,435,690,18,265,280,762,625,399,361,870,583,1018,311,816,220,692,169,894,434,122,121,644,101,91,102,80,103,84,76,80,102,114,48,114,96,73,84,65,53,74,81,28,74,65,65,84,78,71,73,80,80,85,99,75
[ 297.188080] [AOA] Measurement: 0,1579860524.910985,04:d6:aa:c1:38:97,2,1,1,0,128,947,324,724,851,455,787,914,704,840,497,471,701,1016,270,278,779,611,392,349,888,56,800,282,762,689,525,734,708,469,150,480,13,101,91,100,79,102,84,74,79,102,117,48,112,96,73,85,66,53,74,79,27,72,64,65,86,81,72,71,81,82,85,98,76
[ 297.214696] [AOA] Measurement: 0,1579860524.937601,04:d6:aa:c1:38:97,2,1,1,0,128,1010,358,701,848,425,808,431,908,287,660,411,635,978,194,281,745,589,419,384,889,13,807,880,1010,304,851,165,872,410,135,724,315,99,95,102,76,102,82,74,79,100,112,47,110,94,73,83,65,53,75,80,28,73,66,65,83,77,70,72,78,76,81,96,76
[ 297.246968] [AOA] Measurement: 0,1579860524.969875,04:d6:aa:c1:38:97,2,1,1,0,128,963,334,671,834,371,757,830,630,825,544,430,665,1023,251,307,765,622,424,342,878,3,728,275,770,733,569,730,738,510,196,921,525,100,94,103,80,104,85,73,81,101,119,48,114,97,74,85,65,54,77,82,30,77,70,70,88,82,74,75,85,86,90,105,80
[ 297.272356] [AOA] Measurement: 0,1579860524.995269,04:d6:aa:c1:38:97,2,1,1,0,128,1007,363,709,882,477,866,872,713,826,489,377,637,975,211,334,778,655,430,357,864,51,828,348,814,294,811,173,919,985,317,780,333,97,94,101,78,101,82,74,77,100,113,47,110,95,74,80,65,49,74,79,27,69,62,61,80,73,68,70,76,75,82,94,73
[ 297.301209] [AOA] Measurement: 0,1579860525.024115,04:d6:aa:c1:38:97,2,1,1,0,128,998,323,682,856,393,815,931,755,324,651,1007,895,576,454,834,945,661,440,873,23,574,986,291,747,745,584,611,655,452,149,281,828,97,93,97,77,101,82,71,76,98,112,46,109,93,70,78,63,48,73,77,25,68,63,60,79,72,69,68,74,73,80,87,70
[ 297.332911] [AOA] Measurement: 0,1579860525.055817,04:d6:aa:c1:38:97,2,1,1,0,128,7,378,746,843,495,835,416,893,752,449,475,713,990,204,351,783,669,431,911,64,991,757,299,758,783,580,630,707,983,348,574,142,97,93,99,75,98,81,70,73,98,107,47,107,90,69,81,63,48,73,74,24,66,57,60,75,72,66,67,68,69,74,85,67
[ 297.357502] [AOA] Measurement: 0,1579860525.080408,04:d6:aa:c1:38:97,2,1,1,0,128,960,315,688,833,402,796,837,648,844,526,460,675,1016,221,322,809,630,405,964,60,568,993,228,755,753,594,684,730,409,126,954,586,98,94,101,76,101,82,73,75,99,110,46,108,93,71,81,63,49,72,77,25,71,62,63,79,74,68,69,73,75,80,93,73
[ 297.391777] [AOA] Measurement: 0,1579860525.114684,04:d6:aa:c1:38:97,2,1,1,0,128,1009,355,719,853,399,787,902,675,816,488,446,688,1018,242,306,769,641,385,324,801,28,782,315,798,684,523,744,722,415,126,302,850,96,92,100,77,99,81,71,73,97,110,47,108,90,69,80,61,49,70,74,23,65,56,57,75,67,62,65,68,69,73,83,64
[ 297.423741] [AOA] Measurement: 0,1579860525.146648,04:d6:aa:c1:38:97,2,1,1,0,128,1,435,751,910,392,788,862,698,794,476,482,691,994,239,304,762,640,427,408,899,632,17,829,974,306,793,226,893,983,365,207,771,101,91,101,83,105,85,75,81,100,116,47,114,99,75,86,68,54,75,83,31,76,69,69,92,81,77,74,87,86,90,108,83
[ 297.455624] [AOA] Measurement: 0,1579860525.178530,04:d6:aa:c1:38:97,2,1,1,0,128,1011,337,733,878,403,776,871,675,875,545,484,667,17,242,236,730,682,464,338,854,1011,774,273,754,832,605,687,717,441,134,560,118,97,94,101,78,99,80,70,75,99,109,45,108,95,70,82,64,49,73,78,25,67,57,57,76,70,64,68,68,68,72,84,66
[ 297.485809] [AOA] Measurement: 0,1579860525.208719,04:d6:aa:c1:38:97,2,1,1,0,128,1018,381,645,790,453,795,818,640,785,460,434,674,65,264,297,748,657,446,384,830,35,761,306,799,677,534,646,681,427,147,958,637,99,94,103,78,101,83,73,76,99,114,48,112,96,71,84,65,52,75,80,26,72,62,65,84,78,70,71,78,78,82,97,75
[ 297.514594] [AOA] Measurement: 0,1579860525.237500,04:d6:aa:c1:38:97,2,1,1,0,128,1009,382,291,51,963,961,878,709,375,700,996,890,995,198,334,780,591,351,394,866,36,814,906,8,252,767,151,862,466,182,699,93,97,92,99,74,100,79,70,73,97,109,46,104,94,69,80,62,48,71,76,24,67,58,58,76,69,63,68,69,69,74,88,69
[ 297.544688] [AOA] Measurement: 0,1579860525.267600,04:d6:aa:c1:38:97,2,1,1,0,128,978,326,721,846,375,771,822,656,813,465,490,710,18,239,284,773,614,389,364,879,60,846,273,767,769,582,647,700,396,107,152,775,100,92,98,79,100,83,75,80,101,116,48,110,96,73,86,65,52,76,79,27,74,64,66,86,75,72,72,79,79,84,100,75
[ 297.573428] [AOA] Measurement: 0,1579860525.296334,04:d6:aa:c1:38:97,2,1,1,0,128,546,558,255,30,367,742,848,673,828,478,440,683,70,298,829,986,194,653,916,15,575,996,800,963,263,767,166,884,414,148,77,558,100,92,103,83,103,84,74,79,102,114,49,113,96,73,85,65,54,75,81,27,73,68,65,85,77,71,74,79,79,83,99,75
[ 297.599074] [AOA] Measurement: 0,1579860525.321986,04:d6:aa:c1:38:97,2,1,1,0,128,13,397,734,848,407,768,838,688,839,519,440,649,1004,220,387,838,673,442,417,923,595,1019,323,786,310,791,219,914,957,326,706,204,97,91,100,77,99,81,72,76,99,112,48,109,95,70,81,64,50,72,77,26,70,61,60,81,74,70,71,76,72,78,90,69
[ 297.633523] [AOA] Measurement: 0,1579860525.356429,04:d6:aa:c1:38:97,2,1,1,0,128,10,423,238,35,460,823,876,692,813,488,424,641,1,276,272,727,637,395,378,851,70,823,278,773,715,559,696,714,488,174,322,834,96,95,97,74,98,78,70,74,95,108,46,105,89,66,77,60,47,70,73,22,63,55,54,72,68,59,65,65,67,70,82,65
[ 297.660652] [AOA] Measurement: 0,1579860525.383562,04:d6:aa:c1:38:97,2,1,1,0,128,958,314,753,914,433,762,899,697,811,495,434,676,1018,259,325,777,622,403,387,904,44,806,289,803,756,581,698,752,409,123,465,44,99,93,102,76,100,80,73,77,99,110,46,107,91,69,79,64,50,73,79,26,69,62,62,83,75,70,71,77,74,79,91,71
[ 297.691233] [AOA] Measurement: 0,1579860525.414145,04:d6:aa:c1:38:97,2,1,1,0,128,511,577,686,839,419,777,857,654,790,482,457,672,5,246,292,738,609,408,337,867,97,852,840,949,795,632,657,673,382,100,48,698,102,92,102,79,100,82,72,78,101,113,47,109,94,72,83,64,49,72,77,25,70,63,62,78,73,66,70,74,73,77,89,69
[ 297.716520] [AOA] Measurement: 0,1579860525.439433,04:d6:aa:c1:38:97,2,1,1,0,128,16,415,728,893,395,785,837,657,708,444,489,753,16,260,331,780,636,426,382,871,24,852,281,785,709,573,668,706,471,176,569,180,99,91,98,79,98,83,72,76,100,112,48,112,92,72,81,64,51,74,77,27,69,60,60,78,74,67,70,74,71,78,89,70
[ 297.748226] [AOA] Measurement: 0,1579860525.471132,04:d6:aa:c1:38:97,2,1,1,0,128,56,411,261,4,995,979,863,673,825,465,428,669,39,287,286,736,575,364,390,899,987,741,320,787,800,596,157,896,943,291,33,567,99,94,99,74,100,80,71,76,96,107,47,106,93,68,77,61,48,70,72,23,65,55,58,76,69,63,69,70,67,72,81,65
[ 297.779879] [AOA] Measurement: 0,1579860525.502785,04:d6:aa:c1:38:97,2,1,1,0,128,963,338,749,862,449,847,910,706,756,487,467,677,9,258,313,777,597,449,298,811,102,854,280,764,772,575,627,704,430,139,134,683,99,95,102,78,103,83,73,78,101,112,47,108,95,72,83,66,53,75,80,28,72,65,63,82,78,70,71,77,79,82,96,76
[ 297.812362] [AOA] Measurement: 0,1579860525.535273,04:d6:aa:c1:38:97,2,1,1,0,128,1006,315,731,884,403,744,870,664,836,464,477,710,36,271,333,795,627,436,886,39,1014,765,340,797,726,537,659,712,440,161,380,1020,100,92,102,78,101,83,71,79,100,113,47,111,94,73,84,65,52,75,81,28,72,64,64,85,76,71,72,78,79,85,99,76
[ 297.839756] [AOA] Measurement: 0,1579860525.562662,04:d6:aa:c1:38:97,2,1,1,0,128,966,312,787,887,398,789,857,684,743,438,438,648,71,301,800,911,617,415,333,860,23,759,264,746,737,563,645,683,481,194,493,1016,97,92,100,75,97,78,68,73,97,107,46,101,90,68,78,61,47,68,72,22,64,56,54,69,68,61,65,65,63,67,77,59
[ 297.872315] [AOA] Measurement: 0,1579860525.595221,04:d6:aa:c1:38:97,2,1,1,0,128,504,522,782,886,464,837,821,668,843,502,490,689,1015,231,346,794,201,638,348,897,596,1007,290,756,747,581,664,707,436,132,918,390,99,94,101,78,102,83,73,78,103,116,48,114,96,74,84,65,54,75,82,29,74,67,67,85,80,73,75,82,83,88,103,80
[ 297.898732] [AOA] Measurement: 0,1579860525.621639,04:d6:aa:c1:38:97,2,1,1,0,128,1011,407,754,863,409,802,862,682,809,458,523,692,962,221,315,766,596,384,364,859,11,737,310,768,718,560,708,726,423,149,924,433,98,93,103,80,102,84,74,79,99,117,47,112,97,72,84,64,53,72,80,28,74,66,66,86,80,72,73,79,79,84,101,74
[ 297.932737] [AOA] Measurement: 0,1579860525.655643,04:d6:aa:c1:38:97,2,1,1,0,128,1013,371,747,889,379,734,851,644,755,432,432,690,23,217,372,823,626,402,949,41,562,1016,877,992,744,563,704,716,426,120,998,581,97,94,99,75,98,80,71,77,99,111,46,106,92,71,80,62,49,71,77,26,68,61,59,74,70,66,67,71,71,77,86,67
[ 297.964871] [AOA] Measurement: 0,1579860525.687777,04:d6:aa:c1:38:97,2,1,1,0,128,3,392,735,877,409,784,954,714,754,453,439,659,10,197,342,795,630,382,336,847,37,811,265,710,777,591,632,674,989,345,665,179,97,94,99,73,101,81,70,73,97,107,45,105,86,67,76,60,46,67,72,22,62,54,55,69,67,60,65,66,64,67,79,61
[ 297.997160] [AOA] Measurement: 0,1579860525.720067,04:d6:aa:c1:38:97,2,1,1,0,128,23,390,723,830,411,745,873,644,856,513,373,619,1017,232,275,754,612,384,362,886,21,777,338,830,322,797,132,882,366,103,160,746,99,90,102,77,101,82,73,76,100,110,45,107,91,69,81,62,49,72,77,25,70,62,62,80,75,70,71,74,74,77,92,72
[ 298.030389] [AOA] Measurement: 0,1579860525.753295,04:d6:aa:c1:38:97,2,1,1,0,128,59,399,694,856,458,830,859,698,815,495,468,679,974,206,395,827,648,433,395,885,53,833,237,751,771,602,686,727,420,96,760,380,100,93,102,77,103,84,75,79,100,117,48,113,98,75,85,66,55,74,80,29,75,66,68,88,80,72,75,81,83,88,102,79
[ 298.062939] [AOA] Measurement: 0,1579860525.785844,04:d6:aa:c1:38:97,2,1,1,0,128,1018,363,700,868,425,766,882,706,792,489,433,682,19,311,904,980,625,415,372,884,45,836,284,751,731,539,585,660,379,68,261,861,99,93,101,75,101,82,72,75,99,109,45,108,92,70,81,63,49,71,75,25,69,60,60,79,74,68,72,74,76,82,90,71
[ 298.095992] [AOA] Measurement: 0,1579860525.818899,04:d6:aa:c1:38:97,2,1,1,0,128,992,328,755,891,946,971,369,835,358,660,951,828,8,257,314,792,160,620,314,846,1010,767,386,832,239,750,683,714,414,159,568,119,100,92,101,80,100,82,72,78,102,115,47,110,94,73,82,64,53,75,79,28,71,62,63,83,76,71,73,80,78,84,97,74
[ 298.129066] [AOA] Measurement: 0,1579860525.851977,04:d6:aa:c1:38:97,2,1,1,0,128,12,373,711,851,407,798,849,681,762,488,946,841,37,263,280,777,660,440,385,893,19,846,255,772,755,605,692,735,388,105,777,280,101,94,103,79,101,82,71,77,101,113,47,111,94,73,83,66,52,75,81,27,71,65,64,85,77,71,73,81,78,84,99,75
[ 298.154564] [AOA] Measurement: 0,1579860525.877477,04:d6:aa:c1:38:97,2,1,1,0,128,966,335,707,830,412,789,799,630,877,539,420,650,1023,256,310,784,649,429,393,860,37,803,276,723,719,521,707,726,428,145,252,811,99,92,102,79,100,82,72,77,102,113,49,110,96,73,85,65,52,74,79,27,73,65,65,81,76,70,72,78,76,81,98,74
[ 298.186278] [AOA] Measurement: 0,1579860525.909184,04:d6:aa:c1:38:97,2,1,1,0,128,1023,372,260,36,437,787,842,659,808,494,472,683,25,264,310,757,665,414,410,902,1010,738,287,773,223,718,214,901,418,119,891,421,99,92,103,76,101,84,73,78,101,112,47,108,94,72,83,64,50,73,75,25,69,61,60,77,73,65,67,70,73,74,87,67
[ 298.219380] [AOA] Measurement: 0,1579860525.942286,04:d6:aa:c1:38:97,2,1,1,0,128,1003,396,735,862,465,828,807,631,825,524,428,657,34,273,301,763,642,436,323,823,39,782,318,807,850,642,641,680,449,145,673,254,99,92,102,80,102,83,73,80,101,115,48,113,95,74,82,63,53,72,81,29,75,66,67,87,81,74,75,83,83,89,104,77
[ 298.252492] [AOA] Measurement: 0,1579860525.975398,04:d6:aa:c1:38:97,2,1,1,0,128,992,313,698,855,382,755,895,684,783,473,436,673,979,229,308,776,604,394,418,907,8,776,257,739,772,580,653,711,435,130,840,329,97,93,103,79,104,82,74,78,101,115,48,113,96,74,86,66,52,75,80,27,73,64,65,85,78,72,73,79,77,84,99,75
[ 298.278413] [AOA] Measurement: 0,1579860526.001319,04:d6:aa:c1:38:97,2,1,1,0,128,1019,366,700,854,421,779,898,700,864,533,515,737,22,284,320,774,205,635,939,83,574,965,369,827,333,789,184,876,965,360,130,642,99,94,101,79,101,84,72,78,101,113,47,111,94,73,82,64,52,73,80,27,72,64,64,84,76,69,69,76,73,81,95,74
[ 298.323749] [AOA] Measurement: 0,1579860526.046659,04:d6:aa:c1:38:97,2,1,1,0,128,993,359,682,813,391,766,828,665,777,450,454,641,1017,217,293,774,720,469,935,58,1022,775,235,740,758,592,662,703,973,340,280,869,98,92,98,72,99,78,70,74,97,106,45,101,88,65,79,59,45,66,72,20,59,50,53,65,62,57,63,63,61,66,75,61
[ 298.353510] [AOA] Measurement: 0,1579860526.076417,04:d6:aa:c1:38:97,2,1,1,0,128,956,354,727,876,403,806,889,712,755,458,427,677,53,271,337,745,602,395,416,912,975,746,290,766,746,632,679,699,417,144,216,782,100,94,99,77,102,83,71,77,101,113,47,111,93,73,84,64,52,74,82,27,71,63,64,85,78,72,74,81,79,85,100,76
[ 298.385199] [AOA] Measurement: 0,1579860526.108109,04:d6:aa:c1:38:97,2,1,1,0,128,1015,354,740,846,439,797,407,861,779,486,399,657,1017,232,325,793,638,469,312,843,29,820,864,998,260,760,668,704,415,131,911,432,100,93,103,81,106,84,74,78,100,114,48,112,96,72,86,65,53,74,80,27,75,67,67,88,80,73,73,79,82,88,101,78
[ 298.414931] [AOA] Measurement: 0,1579860526.137838,04:d6:aa:c1:38:97,2,1,1,0,128,22,351,711,833,442,804,908,714,795,431,452,660,971,188,331,762,608,413,368,863,13,809,261,743,692,528,677,731,422,129,1014,552,98,91,102,78,101,83,73,78,100,113,48,113,97,74,85,65,54,75,81,28,72,66,65,86,79,72,74,82,80,86,103,77
[ 298.446707] [AOA] Measurement: 0,1579860526.169620,04:d6:aa:c1:38:97,2,1,1,0,128,20,367,735,859,986,1001,826,668,749,442,414,662,1010,208,868,980,606,421,379,885,557,1022,314,757,734,556,676,695,392,127,1,657,100,93,104,76,101,84,74,78,102,112,49,112,96,76,85,66,54,77,80,29,74,66,67,86,81,73,75,81,82,87,101,77
[ 298.476573] [AOA] Measurement: 0,1579860526.199480,04:d6:aa:c1:38:97,2,1,1,0,128,584,585,273,41,967,980,876,679,762,473,466,693,49,266,288,765,179,598,991,79,620,1008,774,955,781,601,620,649,468,163,316,954,101,94,102,83,103,82,75,78,102,118,47,113,96,75,87,66,53,74,79,30,76,69,69,89,80,75,76,84,86,89,104,77
[ 298.508419] [AOA] Measurement: 0,1579860526.231332,04:d6:aa:c1:38:97,2,1,1,0,128,966,339,735,856,421,775,913,701,765,452,492,694,19,271,294,747,587,349,305,851,16,785,247,718,773,587,678,680,478,155,165,762,99,92,102,78,101,81,74,77,103,111,47,111,93,73,84,64,52,74,79,27,72,63,63,82,79,70,71,78,79,80,99,75
[ 298.537777] [AOA] Measurement: 0,1579860526.260684,04:d6:aa:c1:38:97,2,1,1,0,128,487,519,725,853,389,750,884,678,757,427,472,693,8,235,229,705,602,392,370,877,6,767,306,810,760,598,662,728,434,140,74,581,98,93,102,77,102,82,73,77,100,111,47,108,92,69,82,62,49,72,75,23,68,59,61,79,75,68,71,70,72,77,88,68
[ 298.571304] [AOA] Measurement: 0,1579860526.294212,04:d6:aa:c1:38:97,2,1,1,0,128,2,387,755,884,416,781,844,679,812,472,394,668,987,194,297,768,645,418,344,880,20,779,280,776,798,561,653,675,404,101,120,739,101,94,103,81,102,82,73,78,102,114,49,112,95,73,84,64,51,72,79,26,71,65,64,83,78,70,74,78,77,84,98,75
[ 298.604385] [AOA] Measurement: 0,1579860526.327290,04:d6:aa:c1:38:97,2,1,1,0,128,936,339,735,904,389,778,879,704,848,532,498,722,23,275,346,778,165,624,890,54,590,1002,883,985,245,781,193,871,426,124,667,265,99,92,102,80,102,84,72,79,102,112,47,111,96,73,84,66,52,73,81,28,73,68,68,88,81,73,75,83,82,88,102,78
[ 298.636701] [AOA] Measurement: 0,1579860526.359612,04:d6:aa:c1:38:97,2,1,1,0,128,989,356,752,856,427,792,918,705,848,520,522,745,7,279,878,974,178,630,350,836,1015,759,290,755,759,580,669,709,474,160,139,656,102,93,102,83,103,84,76,80,100,114,49,113,95,74,86,68,53,71,80,29,74,66,66,86,79,72,73,79,81,86,100,78
[ 298.667597] [AOA] Measurement: 0,1579860526.390504,04:d6:aa:c1:38:97,2,1,1,0,128,11,366,698,851,419,754,874,689,815,428,461,690,1019,217,242,749,594,392,393,928,12,787,278,754,242,746,689,710,353,119,1011,540,100,90,101,80,100,83,72,78,100,116,46,112,95,73,82,64,52,72,81,27,72,64,63,83,79,70,72,80,78,81,96,74
[ 298.694007] [AOA] Measurement: 0,1579860526.416918,04:d6:aa:c1:38:97,2,1,1,0,128,1014,350,707,883,427,830,823,690,813,516,442,682,69,270,275,744,607,352,348,878,43,817,281,787,774,614,661,707,435,145,969,624,95,92,96,74,99,79,71,77,100,113,46,107,92,71,80,63,49,73,77,25,71,59,58,78,72,67,70,73,74,78,89,69
[ 298.720903] [AOA] Measurement: 0,1579860526.443817,04:d6:aa:c1:38:97,2,1,1,0,128,929,277,779,861,412,780,888,687,798,481,442,662,9,233,307,774,619,451,347,880,1011,798,247,769,721,537,720,733,440,159,710,241,98,93,101,77,104,81,71,76,98,113,47,105,94,68,80,63,48,71,74,23,67,58,58,74,70,63,69,69,72,76,85,66
[ 298.752371] [AOA] Measurement: 0,1579860526.475278,04:d6:aa:c1:38:97,2,1,1,0,128,586,631,693,853,401,790,827,657,714,421,482,694,20,290,296,785,667,467,893,20,38,796,295,769,747,605,672,717,445,167,805,365,99,95,101,77,102,81,71,77,101,112,47,109,95,72,82,64,53,74,81,27,74,66,64,86,80,73,73,78,79,84,100,75
[ 298.778881] [AOA] Measurement: 0,1579860526.501789,04:d6:aa:c1:38:97,2,1,1,0,128,16,369,713,809,438,768,860,669,777,436,474,707,0,271,300,780,582,393,372,851,11,774,257,730,809,588,634,677,381,124,113,730,99,92,102,78,103,81,71,76,101,112,48,110,94,73,83,65,50,74,77,26,70,63,63,81,78,71,71,78,76,82,94,73
[ 298.809867] [AOA] Measurement: 0,1579860526.532780,04:d6:aa:c1:38:97,2,1,1,0,128,584,597,710,853,356,750,891,685,793,482,460,686,1006,232,310,783,675,463,357,860,41,819,300,777,789,624,646,681,473,130,916,490,100,92,100,78,100,83,72,79,100,114,48,112,95,74,83,65,54,73,80,27,73,67,66,86,79,72,73,80,79,83,96,75
[ 298.842768] [AOA] Measurement: 0,1579860526.565674,04:d6:aa:c1:38:97,2,1,1,0,128,1004,372,744,855,445,795,899,719,792,486,423,678,947,212,314,763,614,376,318,852,51,800,286,780,750,571,599,641,414,91,232,883,96,91,98,74,99,79,70,76,98,109,46,107,86,67,76,62,49,71,72,24,63,59,58,75,68,63,67,68,69,75,85,65
[ 298.876496] [AOA] Measurement: 0,1579860526.599404,04:d6:aa:c1:38:97,2,1,1,0,128,520,552,696,846,426,810,862,668,802,442,497,707,67,304,843,984,199,629,925,20,553,957,852,1011,715,556,685,703,316,36,395,126,95,94,98,75,100,80,70,75,98,108,46,105,92,69,80,63,45,69,72,21,62,53,51,66,65,57,65,63,60,63,75,59
[ 298.903171] [AOA] Measurement: 0,1579860526.626077,04:d6:aa:c1:38:97,2,1,1,0,128,1018,343,799,880,422,791,387,841,826,496,489,712,991,220,297,767,637,443,361,860,5,801,288,772,764,582,271,907,988,338,635,69,98,92,102,77,101,82,72,78,100,112,48,110,94,74,83,64,52,73,78,26,70,62,62,82,76,71,73,76,78,82,96,74
[ 298.936742] [AOA] Measurement: 0,1579860526.659648,04:d6:aa:c1:38:97,2,1,1,0,128,985,347,734,854,435,815,893,708,823,511,960,862,54,277,870,973,153,609,350,862,554,968,288,782,759,585,175,900,979,342,351,875,98,92,101,79,101,82,72,78,101,115,48,112,94,71,81,64,52,74,80,26,70,63,63,83,76,73,71,76,78,83,96,74
[ 298.963932] [AOA] Measurement: 0,1579860526.686843,04:d6:aa:c1:38:97,2,1,1,0,128,990,335,782,893,425,801,815,658,847,513,453,671,23,291,295,801,693,485,418,911,24,782,261,723,759,553,649,697,423,136,423,25,98,93,102,77,100,84,72,79,100,114,48,110,95,73,82,63,52,74,77,27,70,64,62,81,76,70,71,77,77,83,96,73
[ 298.991660] [AOA] Measurement: 0,1579860526.714567,04:d6:aa:c1:38:97,2,1,1,0,128,21,376,742,844,416,768,913,691,831,515,431,679,1011,212,283,753,665,441,332,838,43,845,877,985,222,727,199,927,406,140,856,405,100,90,99,77,103,79,72,76,97,110,45,109,92,71,80,63,51,72,79,26,69,62,60,80,74,66,69,70,74,78,91,68
[ 299.025292] [AOA] Measurement: 0,1579860526.748204,04:d6:aa:c1:38:97,2,1,1,0,128,977,315,705,834,397,792,923,717,836,500,433,673,10,266,305,768,628,438,377,860,994,752,320,789,716,573,678,693,435,177,670,286,102,94,103,82,104,85,75,81,101,115,49,113,97,75,87,67,54,75,82,29,76,69,69,90,82,76,74,83,85,87,106,80
[ 299.051859] [AOA] Measurement: 0,1579860526.774772,04:d6:aa:c1:38:97,2,1,1,0,128,541,567,711,844,488,832,404,898,348,724,3,897,608,501,869,953,183,590,898,15,62,782,298,790,335,815,174,881,954,303,279,812,94,92,98,70,98,78,70,74,97,107,46,103,91,67,77,61,47,69,75,21,63,55,56,71,71,61,65,64,64,72,82,62
[ 299.083235] [AOA] Measurement: 0,1579860526.806143,04:d6:aa:c1:38:97,2,1,1,0,128,980,350,690,832,431,780,898,711,763,469,6,843,1010,255,329,777,546,353,418,915,16,808,274,775,726,574,694,715,434,133,178,849,99,93,101,75,101,81,72,74,101,113,48,109,93,72,82,65,52,74,78,28,71,63,62,82,76,69,69,78,76,83,95,75
[ 299.116877] [AOA] Measurement: 0,1579860526.839783,04:d6:aa:c1:38:97,2,1,1,0,128,1018,356,672,847,430,794,890,717,794,494,5,877,1007,261,262,753,648,447,889,32,38,824,293,791,288,785,233,914,921,280,297,891,100,95,103,80,102,82,74,79,101,115,48,111,97,73,86,66,53,75,79,27,74,65,66,86,80,73,74,76,79,82,96,75
[ 299.151035] [AOA] Measurement: 0,1579860526.873942,04:d6:aa:c1:38:97,2,1,1,0,128,954,332,708,839,463,822,839,665,787,467,451,661,8,256,302,774,642,443,395,909,1022,796,274,768,777,601,686,697,422,126,273,792,98,93,102,78,101,83,72,79,100,114,48,113,95,75,86,66,53,75,82,28,73,67,67,87,80,74,75,82,84,89,102,78
[ 299.181640] [AOA] Measurement: 0,1579860526.904550,04:d6:aa:c1:38:97,2,1,1,0,128,520,542,260,57,370,740,896,691,833,552,499,722,652,517,928,1015,152,650,363,929,567,989,288,777,712,573,180,897,902,262,437,965,93,92,96,70,94,75,66,70,95,104,43,98,85,66,75,59,44,69,71,22,62,52,53,69,64,61,63,63,62,64,76,61
[ 299.208091] [AOA] Measurement: 0,1579860526.931002,04:d6:aa:c1:38:97,2,1,1,0,128,1004,347,746,854,405,770,936,741,813,496,445,687,994,272,280,765,669,427,380,872,39,838,281,785,785,601,696,703,466,173,477,32,96,92,99,70,97,76,68,71,95,102,44,98,87,65,73,59,44,66,69,19,58,48,50,67,60,54,62,59,59,65,71,57
[ 299.240870] [AOA] Measurement: 0,1579860526.963784,04:d6:aa:c1:38:97,2,1,1,0,128,577,581,715,841,414,784,871,625,833,511,436,686,58,274,293,756,682,417,319,845,10,797,261,764,753,574,689,698,418,125,673,299,99,91,103,81,101,84,74,80,100,116,48,114,97,74,84,65,52,73,82,29,73,68,67,86,79,72,73,80,83,86,101,76
[ 299.271461] [AOA] Measurement: 0,1579860526.994367,04:d6:aa:c1:38:97,2,1,1,0,128,958,342,712,813,429,815,362,849,850,477,3,896,974,223,387,818,621,424,350,841,616,998,283,817,237,744,168,860,470,171,543,58,99,94,102,79,102,84,72,79,101,116,48,112,96,74,84,66,55,75,82,29,76,67,67,89,79,72,74,81,82,86,101,76
[ 299.303799] [AOA] Measurement: 0,1579860527.026709,04:d6:aa:c1:38:97,2,1,1,0,128,987,354,735,872,414,787,844,674,836,462,409,653,995,220,264,735,665,416,273,838,25,790,307,771,790,574,676,705,419,171,580,105,98,92,102,78,101,83,72,79,101,113,48,109,94,70,82,62,50,72,77,26,71,62,61,79,72,67,70,73,76,80,89,70
[ 299.334599] [AOA] Measurement: 0,1579860527.057504,04:d6:aa:c1:38:97,2,1,1,0,128,19,397,708,862,420,782,836,671,807,504,442,682,1014,264,251,765,593,403,392,876,38,810,238,721,767,589,666,715,480,165,1022,585,102,92,102,78,101,83,72,79,100,114,46,113,96,73,85,65,52,74,81,29,76,69,67,85,79,72,73,79,81,85,98,75
[ 299.366543] [AOA] Measurement: 0,1579860527.089456,04:d6:aa:c1:38:97,2,1,1,0,128,1023,375,714,853,9,1021,866,676,795,509,460,696,67,290,275,756,595,386,307,850,85,832,873,987,279,775,192,881,432,129,635,202,100,93,102,78,101,81,74,77,98,114,48,110,97,73,83,65,53,74,80,27,72,66,67,87,78,72,73,78,79,83,97,75
[ 299.397339] [AOA] Measurement: 0,1579860527.120244,04:d6:aa:c1:38:97,2,1,1,0,128,7,350,720,851,400,767,846,685,841,464,453,739,1008,224,259,754,674,422,374,842,523,965,311,783,278,749,200,895,935,286,146,718,96,92,96,70,95,78,69,74,98,108,46,103,91,68,78,61,46,71,72,23,61,54,54,72,70,64,66,67,66,71,80,64
[ 299.431538] [AOA] Measurement: 0,1579860527.154445,04:d6:aa:c1:38:97,2,1,1,0,128,955,327,750,871,421,781,822,627,747,451,482,701,8,266,825,942,150,659,869,14,555,978,850,979,696,584,658,691,493,203,480,12,100,91,103,79,103,84,75,80,102,113,47,110,97,73,83,64,52,73,80,27,72,66,63,81,76,69,71,76,77,83,91,69
[ 299.465592] [AOA] Measurement: 0,1579860527.188502,04:d6:aa:c1:38:97,2,1,1,0,128,992,359,696,843,451,758,884,679,821,508,424,669,13,226,311,726,641,401,343,826,11,792,289,757,826,623,190,886,970,333,197,778,96,94,98,74,98,80,68,75,101,108,46,106,94,70,80,62,48,73,75,23,67,61,59,78,72,65,67,69,70,75,88,70
[ 299.494033] [AOA] Measurement: 0,1579860527.216940,04:d6:aa:c1:38:97,2,1,1,0,128,989,371,714,834,422,784,890,723,792,505,426,657,988,236,331,829,154,636,397,917,529,960,320,777,766,565,602,641,474,148,180,796,100,92,102,81,103,83,75,79,101,116,48,113,96,75,84,67,56,75,82,30,76,67,69,90,81,76,75,84,81,86,103,77
[ 299.537624] [AOA] Measurement: 0,1579860527.260537,04:d6:aa:c1:38:97,2,1,1,0,128,1023,345,766,905,970,962,858,659,797,482,485,748,563,461,283,752,658,447,923,49,528,986,843,986,735,591,192,909,919,279,159,715,100,94,100,78,103,82,74,77,99,112,48,111,96,73,81,63,51,73,78,27,72,63,62,80,73,67,71,75,74,79,92,68
[ 299.570667] [AOA] Measurement: 0,1579860527.293581,04:d6:aa:c1:38:97,2,1,1,0,128,981,374,744,876,412,783,849,682,855,501,437,652,37,244,358,802,149,601,859,10,16,767,322,784,731,584,662,697,409,158,261,875,102,94,103,82,103,85,74,79,102,115,48,116,98,76,86,67,55,75,82,29,77,67,68,91,82,75,75,84,84,90,107,80
[ 299.600543] [AOA] Measurement: 0,1579860527.323450,04:d6:aa:c1:38:97,2,1,1,0,128,512,564,693,862,446,790,898,734,766,441,488,707,995,221,333,805,223,652,955,65,46,813,326,812,277,770,162,895,411,136,1020,613,101,94,101,81,100,83,74,77,101,114,47,112,94,73,84,65,53,74,78,27,69,63,64,82,74,69,71,76,77,81,95,73
[ 299.634477] [AOA] Measurement: 0,1579860527.357388,04:d6:aa:c1:38:97,2,1,1,0,128,994,383,755,873,397,792,911,713,822,504,413,665,19,250,338,773,635,392,415,910,574,977,283,771,256,762,702,719,401,108,356,992,101,91,101,80,103,83,72,79,100,114,48,113,95,73,82,65,52,75,80,28,70,65,64,83,75,71,72,76,77,84,95,72
[ 299.664468] [AOA] Measurement: 0,1579860527.387374,04:d6:aa:c1:38:97,2,1,1,0,128,1014,370,691,863,409,796,881,685,743,454,480,702,973,192,299,762,610,372,397,884,67,839,324,812,208,704,628,703,402,134,452,34,102,92,103,82,102,85,74,79,101,118,46,113,96,75,88,67,56,74,82,31,76,70,70,88,83,74,75,84,84,87,105,81
[ 299.699357] [AOA] Measurement: 0,1579860527.422264,04:d6:aa:c1:38:97,2,1,1,0,128,563,620,258,45,989,1005,385,894,369,689,490,712,580,473,839,949,687,481,356,900,53,829,853,980,296,760,651,676,465,179,862,435,99,92,101,77,101,80,72,78,101,113,47,112,94,72,85,64,53,74,81,28,74,65,64,84,79,71,72,79,78,84,97,74
[ 299.734020] [AOA] Measurement: 0,1579860527.456926,04:d6:aa:c1:38:97,2,1,1,0,128,7,379,767,869,388,729,859,678,824,467,419,654,1009,214,306,789,593,401,318,818,1011,764,324,802,802,600,191,900,982,330,100,645,97,93,100,75,99,83,72,76,101,113,49,112,96,73,83,64,53,74,79,27,71,65,66,86,79,73,72,78,80,84,99,74
[ 299.774809] [AOA] Measurement: 0,1579860527.497720,04:d6:aa:c1:38:97,2,1,1,0,128,985,353,685,861,479,827,835,667,773,453,434,699,977,251,286,758,637,418,390,894,20,800,272,751,704,564,613,669,486,163,864,430,100,93,102,78,103,83,73,80,101,115,47,114,97,76,83,66,53,75,81,29,73,68,67,87,80,75,76,84,83,88,104,79
[ 299.802091] [AOA] Measurement: 0,1579860527.525002,04:d6:aa:c1:38:97,2,1,1,0,128,990,370,688,818,433,761,866,672,738,418,449,656,5,255,257,728,638,407,368,846,20,812,240,759,681,555,689,671,425,123,629,258,97,92,96,73,97,76,66,71,96,107,45,102,87,67,74,62,46,72,74,25,64,57,56,74,69,65,66,66,68,73,83,65
[ 299.828872] [AOA] Measurement: 0,1579860527.551783,04:d6:aa:c1:38:97,2,1,1,0,128,33,422,688,858,454,771,823,659,800,492,494,706,1013,267,329,787,181,624,950,74,593,1000,839,964,299,768,238,945,951,316,846,395,99,93,101,77,101,80,73,77,100,113,46,110,95,70,83,64,50,74,78,25,72,65,60,82,74,67,69,76,75,81,93,71
[ 299.861430] [AOA] Measurement: 0,1579860527.584341,04:d6:aa:c1:38:97,2,1,1,0,128,31,383,695,855,408,763,920,688,767,450,405,669,22,229,328,788,632,432,377,862,34,788,283,804,760,606,207,893,945,322,930,491,98,92,100,78,101,82,73,77,101,111,47,109,94,72,80,64,52,72,78,25,68,60,59,76,71,66,67,70,69,75,87,67
[ 299.888420] [AOA] Measurement: 0,1579860527.611331,04:d6:aa:c1:38:97,2,1,1,0,128,965,295,694,829,367,741,845,676,816,470,483,647,1022,227,295,780,587,360,376,901,553,984,279,785,313,774,647,684,343,74,427,62,98,91,102,81,103,83,75,81,102,115,47,113,96,75,86,66,55,75,85,32,77,70,69,92,81,76,75,83,83,88,105,79
[ 299.919342] [AOA] Measurement: 0,1579860527.642248,04:d6:aa:c1:38:97,2,1,1,0,128,976,361,761,898,430,799,843,667,797,500,523,712,65,285,303,771,656,464,368,871,72,852,856,965,324,796,178,865,438,160,968,461,100,95,102,78,101,83,72,78,99,110,46,108,94,72,83,64,52,73,77,26,71,64,61,82,75,70,71,73,72,81,92,71
[ 299.946525] [AOA] Measurement: 0,1579860527.669435,04:d6:aa:c1:38:97,2,1,1,0,128,966,371,667,857,437,784,909,734,819,485,484,733,1004,253,335,789,634,455,381,889,641,12,837,981,279,795,216,905,938,334,507,987,100,93,102,80,102,84,74,79,101,114,49,114,98,76,86,67,53,75,81,29,75,66,66,85,80,72,74,79,80,86,99,76
[ 299.975594] [AOA] Measurement: 0,1579860527.698500,04:d6:aa:c1:38:97,2,1,1,0,128,948,342,749,873,376,740,899,660,841,512,1005,879,45,267,837,939,626,412,364,874,1015,766,265,725,748,603,680,728,436,124,359,980,100,93,102,81,102,83,73,79,102,117,49,114,97,74,86,66,54,75,82,29,75,67,68,88,80,75,74,84,84,88,105,78
[ 300.010758] [AOA] Measurement: 0,1579860527.733670,04:d6:aa:c1:38:97,2,1,1,0,128,980,350,714,873,402,806,852,683,824,502,512,737,1021,261,295,802,196,651,867,29,42,821,299,799,788,576,720,737,387,115,218,779,100,94,102,80,103,84,72,78,102,117,46,114,94,75,83,66,54,75,79,30,74,66,65,86,78,71,71,77,80,85,99,76
[ 300.038312] [AOA] Measurement: 0,1579860527.761222,04:d6:aa:c1:38:97,2,1,1,0,128,551,566,287,39,1006,1003,361,854,305,624,460,690,608,489,876,982,170,632,364,869,25,783,317,787,261,759,670,708,415,120,212,786,99,91,101,81,103,82,75,79,98,116,49,113,97,77,85,65,55,75,83,30,75,68,68,90,82,75,74,83,82,86,103,77
[ 300.071271] [AOA] Measurement: 0,1579860527.794185,04:d6:aa:c1:38:97,2,1,1,0,128,927,336,708,851,388,780,855,689,823,509,491,729,5,227,328,812,600,395,389,868,32,800,309,786,710,556,673,663,446,137,757,397,101,92,101,80,104,83,73,76,100,113,47,110,96,73,84,66,52,73,78,27,72,64,62,84,78,71,70,76,77,82,94,76
[ 300.098677] [AOA] Measurement: 0,1579860527.821587,04:d6:aa:c1:38:97,2,1,1,0,128,7,392,683,818,446,805,922,755,776,451,484,704,84,315,806,948,135,620,372,887,54,820,278,764,797,589,699,750,1002,350,62,633,97,92,98,75,97,81,69,73,97,108,45,103,89,69,76,61,46,70,71,23,62,54,54,73,69,63,66,65,65,72,82,64
[ 300.129116] [AOA] Measurement: 0,1579860527.852022,04:d6:aa:c1:38:97,2,1,1,0,128,1017,328,778,910,413,759,835,657,816,482,474,694,1017,245,304,732,609,426,932,50,571,993,313,783,713,573,655,727,453,156,361,865,96,93,99,74,100,81,70,76,100,109,47,106,93,70,79,61,48,71,77,25,66,57,58,74,71,64,67,68,68,72,83,65
[ 300.156882] [AOA] Measurement: 0,1579860527.879795,04:d6:aa:c1:38:97,2,1,1,0,128,567,598,272,54,458,814,872,651,758,484,444,648,5,251,294,773,191,627,910,50,585,964,888,986,229,758,199,902,988,347,249,722,101,91,99,77,102,83,73,78,100,114,46,109,93,73,82,65,50,75,77,24,69,63,61,82,74,69,69,71,73,78,91,71
[ 300.187714] [AOA] Measurement: 0,1579860527.910620,04:d6:aa:c1:38:97,2,1,1,0,128,67,412,725,840,419,777,939,709,785,478,452,682,996,227,257,737,579,385,388,890,1013,761,307,787,763,592,643,682,416,115,83,716,101,92,103,81,101,84,74,79,102,114,50,115,97,75,86,66,55,74,84,30,75,69,69,89,82,73,75,86,84,88,106,79
[ 300.222049] [AOA] Measurement: 0,1579860527.944959,04:d6:aa:c1:38:97,2,1,1,0,128,1020,408,673,822,426,787,925,709,840,506,17,921,982,237,323,822,612,458,392,895,66,819,309,813,749,585,656,683,447,151,803,442,101,90,103,82,104,84,73,80,101,116,48,114,96,73,86,67,55,74,82,29,76,70,66,89,79,75,74,82,83,88,104,81
[ 300.250167] [AOA] Measurement: 0,1579860527.973077,04:d6:aa:c1:38:97,2,1,1,0,128,933,276,742,877,374,797,895,694,798,470,436,684,2,230,337,761,612,404,421,893,98,882,805,936,752,547,666,666,375,107,193,794,99,91,103,79,101,80,72,77,99,110,46,107,92,71,81,62,50,72,77,26,70,63,60,79,73,69,70,73,74,77,90,69
[ 300.282546] [AOA] Measurement: 0,1579860528.005452,04:d6:aa:c1:38:97,2,1,1,0,128,21,402,757,908,989,993,854,663,758,486,466,677,9,199,348,799,586,393,420,911,584,999,297,817,281,730,674,693,426,114,42,584,100,93,102,80,103,82,73,80,102,114,47,114,95,73,86,65,53,75,83,27,75,68,67,87,79,74,75,81,81,87,102,78
[ 300.318168] [AOA] Measurement: 0,1579860528.041074,04:d6:aa:c1:38:97,2,1,1,0,128,958,402,775,889,434,808,859,695,345,687,37,943,546,475,849,959,682,462,951,95,13,784,347,827,214,744,722,721,388,126,812,314,99,93,101,82,105,83,74,82,102,118,49,116,97,77,86,66,55,75,82,29,75,69,70,92,82,76,73,86,86,90,106,80
[ 300.351921] [AOA] Measurement: 0,1579860528.074834,04:d6:aa:c1:38:97,2,1,1,0,128,1012,378,740,887,355,766,869,710,791,495,466,696,606,488,300,792,707,459,337,911,617,10,826,987,292,811,653,726,433,143,922,442,96,95,100,74,98,79,70,75,98,108,44,107,92,68,78,62,48,71,74,24,66,60,57,77,70,65,67,70,70,75,89,69
[ 300.379315] [AOA] Measurement: 0,1579860528.102226,04:d6:aa:c1:38:97,2,1,1,0,128,576,607,741,877,397,762,880,689,808,438,441,677,25,255,363,812,673,416,378,889,27,823,293,797,298,782,178,849,409,134,215,720,98,92,100,77,99,82,72,78,99,112,45,109,94,73,80,64,51,73,77,26,69,63,62,82,76,71,71,75,76,78,93,72
[ 300.413435] [AOA] Measurement: 0,1579860528.136343,04:d6:aa:c1:38:97,2,1,1,0,128,1019,386,731,847,450,827,842,672,802,439,414,661,1011,203,322,759,554,331,329,878,27,816,823,981,705,556,602,710,379,146,64,797,99,91,98,81,100,85,73,79,101,113,48,112,96,73,85,64,53,74,82,28,73,64,64,85,79,72,73,80,81,85,97,75
[ 300.449231] [AOA] Measurement: 0,1579860528.172144,04:d6:aa:c1:38:97,2,1,1,0,128,41,409,733,881,439,816,942,727,830,476,489,729,23,284,323,759,151,598,910,48,1008,787,297,748,757,581,675,696,449,138,627,198,101,94,100,79,101,82,72,79,102,114,47,112,96,73,84,66,55,74,81,28,75,67,68,90,81,73,74,82,82,88,105,78
[ 300.479304] [AOA] Measurement: 0,1579860528.202217,04:d6:aa:c1:38:97,2,1,1,0,128,15,384,768,886,994,992,395,841,820,479,439,651,7,212,315,747,656,440,403,908,588,1020,282,749,736,527,644,662,419,135,894,530,100,92,102,81,101,83,71,78,99,114,47,112,94,73,84,64,51,74,79,27,72,65,66,86,79,75,73,77,79,84,98,75
[ 300.513196] [AOA] Measurement: 0,1579860528.236109,04:d6:aa:c1:38:97,2,1,1,0,128,1023,423,799,895,426,812,824,652,815,495,500,671,30,264,289,766,644,432,304,836,73,841,322,818,710,534,666,660,437,111,307,864,95,95,99,73,98,78,70,74,95,107,43,98,89,67,79,59,45,68,70,23,60,54,55,71,68,61,66,64,66,67,79,61
[ 300.544397] [AOA] Measurement: 0,1579860528.267303,04:d6:aa:c1:38:97,2,1,1,0,128,577,590,793,894,399,795,864,716,801,444,492,737,1004,248,350,824,614,408,327,834,1015,786,269,809,757,596,662,702,467,129,510,70,98,92,101,79,101,83,71,76,100,112,45,110,93,72,79,64,49,73,77,25,70,63,60,81,73,68,70,76,76,80,91,71
[ 300.581690] [AOA] Measurement: 0,1579860528.304595,04:d6:aa:c1:38:97,2,1,1,0,128,989,296,669,828,420,767,846,648,874,516,25,880,544,448,260,743,648,417,413,873,16,791,307,737,768,568,693,682,429,118,486,47,99,94,101,76,100,82,73,77,97,112,47,110,95,71,82,64,50,72,78,26,72,63,61,80,75,67,67,76,76,82,93,72
[ 300.617483] [AOA] Measurement: 0,1579860528.340389,04:d6:aa:c1:38:97,2,1,1,0,128,996,328,741,859,451,767,858,696,794,459,390,623,37,293,296,725,593,393,310,822,984,739,250,762,761,596,589,612,401,98,1013,679,99,95,101,79,103,81,73,76,101,113,47,110,97,71,82,64,50,73,78,27,72,63,65,80,75,69,71,75,78,82,95,75
[ 300.653752] [AOA] Measurement: 0,1579860528.376659,04:d6:aa:c1:38:97,2,1,1,0,128,999,349,738,868,439,847,846,674,787,468,522,728,86,304,891,996,199,642,910,72,38,801,321,784,235,772,606,667,455,109,14,604,100,95,105,83,103,82,73,78,99,113,49,112,94,73,84,65,53,74,80,28,73,66,65,86,79,72,74,81,80,87,102,77
[ 300.697315] [AOA] Measurement: 0,1579860528.420225,04:d6:aa:c1:38:97,2,1,1,0,128,503,537,764,885,426,798,889,689,799,459,451,702,1006,253,284,737,199,630,910,41,528,946,261,752,680,530,687,686,410,79,521,72,100,90,102,80,102,82,75,80,102,117,48,115,98,77,88,67,54,73,82,30,76,69,70,91,83,74,73,85,83,89,102,79
[ 300.725365] [AOA] Measurement: 0,1579860528.448278,04:d6:aa:c1:38:97,2,1,1,0,128,992,382,734,871,448,790,885,706,830,444,469,676,4,231,297,819,659,475,366,877,1010,772,280,784,766,580,710,713,482,146,883,515,100,94,99,79,101,83,73,77,100,113,47,112,94,73,83,65,51,74,78,26,70,61,64,81,77,66,70,76,74,79,94,71
[ 300.756851] [AOA] Measurement: 0,1579860528.479758,04:d6:aa:c1:38:97,2,1,1,0,128,989,351,748,866,380,735,940,726,757,446,432,696,38,276,827,947,154,592,919,47,23,828,885,963,287,784,196,894,928,286,35,508,97,92,98,73,99,79,69,72,96,108,45,105,91,68,79,60,50,70,78,25,66,59,57,74,72,65,67,67,69,74,85,67
[ 300.786471] [AOA] Measurement: 0,1579860528.509385,04:d6:aa:c1:38:97,2,1,1,0,128,9,388,735,887,425,773,857,671,769,465,1015,911,582,439,274,759,187,620,355,871,561,957,304,789,775,566,651,681,361,89,396,51,99,91,101,76,102,81,73,76,100,113,47,109,95,74,84,66,52,75,81,27,71,65,63,83,76,70,69,77,78,84,96,75
[ 300.817156] [AOA] Measurement: 0,1579860528.540063,04:d6:aa:c1:38:97,2,1,1,0,128,1010,396,784,905,445,827,903,741,800,479,452,682,43,284,304,759,677,443,372,880,53,817,865,961,285,779,209,907,427,130,768,336,99,92,100,81,102,85,74,81,102,115,48,116,95,74,87,67,54,75,81,29,75,67,68,88,79,74,71,80,83,88,101,77
[ 300.853360] [AOA] Measurement: 0,1579860528.576267,04:d6:aa:c1:38:97,2,1,1,0,128,959,327,714,853,381,779,870,727,812,518,479,706,1011,254,272,769,633,416,307,852,24,798,302,778,753,575,709,720,427,132,120,715,99,93,100,80,101,83,72,79,100,114,47,112,94,74,85,66,51,75,79,28,73,67,66,86,80,73,73,82,82,87,103,78
[ 300.889879] [AOA] Measurement: 0,1579860528.612784,04:d6:aa:c1:38:97,2,1,1,0,128,14,393,754,886,393,778,848,666,818,470,499,714,44,259,334,789,600,385,340,878,24,786,306,787,757,568,712,698,437,142,608,107,99,91,103,80,103,82,73,79,100,114,47,112,98,75,87,66,54,75,83,29,75,68,68,89,81,73,76,82,83,87,103,79
[ 300.922128] [AOA] Measurement: 0,1579860528.645038,04:d6:aa:c1:38:97,2,1,1,0,128,45,434,248,41,448,808,882,700,401,721,969,864,17,258,331,787,668,458,937,99,532,964,328,806,336,793,219,906,4,345,922,393,102,94,105,84,106,86,77,82,103,121,51,117,100,77,88,69,54,76,83,28,74,68,68,87,81,72,74,81,82,86,98,75
[ 300.955988] [AOA] Measurement: 0,1579860528.678895,04:d6:aa:c1:38:97,2,1,1,0,128,1022,398,719,823,423,763,889,703,360,683,455,678,594,474,831,923,560,386,398,887,47,791,291,786,727,540,706,717,385,117,975,464,100,94,101,78,102,83,73,79,101,115,49,113,98,75,83,66,54,75,81,29,73,66,66,84,79,69,72,79,80,84,101,76
[ 300.991351] [AOA] Measurement: 0,1579860528.714257,04:d6:aa:c1:38:97,2,1,1,0,128,971,348,722,874,416,785,869,646,821,478,465,702,1014,287,355,835,593,394,374,869,13,786,277,747,777,627,608,652,398,82,874,586,94,93,98,73,99,80,70,74,98,110,45,102,92,68,77,62,48,71,74,23,66,56,56,74,70,64,67,69,72,76,87,64
[ 301.025012] [AOA] Measurement: 0,1579860528.747924,04:d6:aa:c1:38:97,2,1,1,0,128,520,578,325,92,1003,990,901,693,805,490,439,703,1004,223,276,757,664,453,970,136,969,705,349,807,774,581,735,721,959,330,652,158,97,94,99,76,102,82,71,76,99,112,46,109,94,69,79,62,50,74,78,27,69,60,61,77,74,68,69,73,69,75,91,69
[ 301.058682] [AOA] Measurement: 0,1579860528.781596,04:d6:aa:c1:38:97,2,1,1,0,128,964,341,716,860,457,812,872,691,740,455,457,687,1020,226,353,796,552,363,370,895,59,799,351,822,700,541,656,682,424,131,924,530,97,93,101,79,100,81,70,77,99,109,45,110,92,73,83,65,52,74,78,27,71,64,61,81,75,71,70,79,78,84,98,76
[ 301.089581] [AOA] Measurement: 0,1579860528.812487,04:d6:aa:c1:38:97,2,1,1,0,128,987,383,725,889,398,775,883,686,791,481,477,695,0,248,302,774,651,424,402,909,604,1000,852,963,747,598,694,705,412,118,603,204,99,94,101,76,99,82,72,77,100,114,46,112,93,74,83,63,50,74,79,26,71,64,63,84,76,71,71,77,76,79,93,72
[ 301.124017] [AOA] Measurement: 0,1579860528.846927,04:d6:aa:c1:38:97,2,1,1,0,128,1015,388,746,852,370,764,883,701,841,504,473,694,997,228,306,805,633,440,348,883,23,799,266,756,775,584,634,672,406,131,143,672,99,93,101,80,103,83,73,78,101,114,48,112,95,73,83,67,53,74,77,28,73,65,65,86,78,72,72,81,81,88,104,77
[ 301.157229] [AOA] Measurement: 0,1579860528.880135,04:d6:aa:c1:38:97,2,1,1,0,128,3,400,729,845,418,749,910,724,829,486,463,687,56,273,240,756,677,445,937,59,23,829,805,951,691,548,654,715,401,115,549,132,96,91,98,74,100,78,68,73,96,107,44,100,90,68,77,61,49,69,74,23,66,59,58,75,70,64,68,67,68,72,85,63
[ 301.185254] [AOA] Measurement: 0,1579860528.908166,04:d6:aa:c1:38:97,2,1,1,0,128,12,393,764,888,434,801,890,709,334,674,1005,887,1011,270,337,784,649,394,408,893,15,804,279,748,788,593,196,860,418,136,38,631,100,93,101,79,101,82,72,76,99,111,48,109,93,73,83,65,51,74,78,26,70,62,63,81,74,69,72,76,75,79,94,71
[ 301.217735] [AOA] Measurement: 0,1579860528.940642,04:d6:aa:c1:38:97,2,1,1,0,128,1017,359,738,868,432,779,874,664,829,496,470,670,87,330,268,760,633,428,411,912,572,964,307,781,685,530,660,691,406,131,783,287,100,92,102,80,103,83,72,76,101,113,49,110,95,73,84,63,51,74,81,28,71,64,64,84,78,70,72,77,79,84,98,74
[ 301.247582] [AOA] Measurement: 0,1579860528.970489,04:d6:aa:c1:38:97,2,1,1,0,128,988,344,710,841,433,783,903,692,831,515,958,858,975,238,313,774,631,427,294,825,1023,789,287,756,696,530,651,678,426,122,730,322,99,91,98,73,98,79,69,73,96,105,45,105,92,68,78,62,48,71,74,23,64,55,55,72,70,62,64,66,65,71,82,66
[ 301.284374] [AOA] Measurement: 0,1579860529.007279,04:d6:aa:c1:38:97,2,1,1,0,128,592,638,336,90,957,958,393,882,807,455,558,742,580,439,817,930,656,385,955,79,590,1023,844,961,217,729,207,874,440,135,761,311,97,90,99,75,99,79,70,76,99,110,45,108,92,71,81,62,49,72,74,25,67,58,58,75,71,66,67,71,68,71,85,67
[ 301.320766] [AOA] Measurement: 0,1579860529.043672,04:d6:aa:c1:38:97,2,1,1,0,128,529,576,769,874,990,978,437,916,313,640,1020,884,546,439,873,947,610,382,394,889,612,1012,821,942,773,595,203,924,967,311,859,328,101,94,100,79,103,81,72,76,100,111,46,107,92,70,81,62,50,72,76,25,70,60,58,76,72,64,68,71,70,78,86,69
[ 301.355180] [AOA] Measurement: 0,1579860529.078093,04:d6:aa:c1:38:97,2,1,1,0,128,950,357,735,880,472,799,953,780,328,715,996,850,31,280,298,772,649,434,378,897,571,966,337,788,754,579,596,655,454,145,264,876,99,92,100,77,102,82,71,76,99,109,46,108,94,70,80,62,50,72,78,26,70,63,64,82,75,68,69,74,74,79,93,72
[ 301.383581] [AOA] Measurement: 0,1579860529.106493,04:d6:aa:c1:38:97,2,1,1,0,128,1014,379,766,925,424,772,891,727,741,435,509,730,977,187,296,774,557,354,328,826,45,819,295,781,724,573,589,646,409,104,60,751,100,92,102,80,102,82,74,77,101,114,47,114,95,74,83,64,53,74,80,28,74,66,65,86,79,72,75,79,80,86,97,76
[ 301.413393] [AOA] Measurement: 0,1579860529.136299,04:d6:aa:c1:38:97,2,1,1,0,128,1012,363,703,876,449,790,867,669,370,743,986,859,44,297,319,770,216,682,307,915,535,976,296,791,830,645,723,768,946,307,1002,533,98,95,97,75,98,78,67,75,96,109,46,106,91,70,81,63,48,70,75,24,65,58,57,74,70,64,66,70,68,72,82,63
[ 301.449678] [AOA] Measurement: 0,1579860529.172589,04:d6:aa:c1:38:97,2,1,1,0,128,1009,320,684,849,443,812,860,671,824,522,468,708,515,439,863,977,570,361,356,849,70,848,267,745,774,602,663,723,952,294,115,731,98,93,101,81,102,83,72,76,101,113,46,110,94,72,83,65,50,72,78,27,71,62,62,82,75,68,70,76,76,79,94,73
[ 301.478670] [AOA] Measurement: 0,1579860529.201581,04:d6:aa:c1:38:97,2,1,1,0,128,1,375,760,905,395,744,900,721,872,505,413,663,23,272,323,785,642,407,372,862,56,806,265,772,710,528,651,669,443,129,866,510,100,92,101,78,100,82,73,78,100,114,49,112,97,73,83,66,50,72,79,28,72,66,65,85,80,69,72,78,79,82,100,77
[ 301.512397] [AOA] Measurement: 0,1579860529.235309,04:d6:aa:c1:38:97,2,1,1,0,128,446,512,739,847,401,780,879,683,749,438,442,664,26,256,312,779,600,402,329,827,37,809,241,722,758,573,703,729,420,139,270,870,97,93,100,76,100,81,71,76,100,112,47,108,94,72,80,63,49,71,77,25,68,62,61,79,75,69,69,74,74,79,90,70
[ 301.540842] [AOA] Measurement: 0,1579860529.263754,04:d6:aa:c1:38:97,2,1,1,0,128,954,302,728,859,419,795,896,702,802,481,446,658,17,249,321,802,110,579,397,872,566,989,274,769,759,610,664,701,398,125,579,95,100,94,99,78,100,82,71,78,100,115,47,111,95,70,83,64,50,74,80,26,71,64,63,82,77,69,70,77,76,83,96,73
[ 301.574714] [AOA] Measurement: 0,1579860529.297621,04:d6:aa:c1:38:97,2,1,1,0,128,927,347,800,940,404,766,864,686,786,463,462,696,7,227,322,805,176,616,971,84,579,980,888,1001,261,750,673,700,404,121,876,416,100,92,102,79,103,83,71,78,101,112,47,111,95,72,85,63,52,73,81,27,73,65,63,82,77,69,73,78,79,83,99,75
[ 301.612140] [AOA] Measurement: 0,1579860529.335047,04:d6:aa:c1:38:97,2,1,1,0,128,961,363,752,868,410,807,427,872,780,511,441,659,1008,224,359,809,646,454,933,63,992,754,334,776,751,575,640,684,1009,373,511,76,98,92,101,77,100,83,74,79,102,114,47,111,95,71,84,64,53,75,79,28,74,65,66,88,81,72,73,79,81,85,100,77
[ 301.642232] [AOA] Measurement: 0,1579860529.365139,04:d6:aa:c1:38:97,2,1,1,0,128,1023,381,718,858,476,802,868,675,767,478,463,689,17,269,272,753,639,384,438,900,43,841,278,777,293,805,173,896,430,164,476,86,100,92,100,83,101,85,74,78,100,114,48,113,97,74,85,66,55,74,82,29,75,68,69,88,80,74,74,81,82,86,102,79
[ 301.679234] [AOA] Measurement: 0,1579860529.402147,04:d6:aa:c1:38:97,2,1,1,0,128,27,415,720,858,421,785,840,651,766,426,426,637,1019,238,284,730,643,413,408,888,26,792,782,946,266,756,169,866,412,130,150,774,98,91,98,75,100,80,71,76,98,109,47,107,93,71,81,63,50,71,74,25,67,60,61,81,74,67,70,74,75,81,94,73
[ 301.710843] [AOA] Measurement: 0,1579860529.433750,04:d6:aa:c1:38:97,2,1,1,0,128,991,362,686,848,365,745,890,682,780,452,505,688,973,224,277,785,558,358,339,874,1022,762,279,768,751,558,687,685,400,121,619,250,96,93,100,75,100,82,70,78,100,113,46,109,92,72,81,63,49,72,76,27,70,63,63,82,74,67,71,76,73,80,93,71
[ 301.746515] [AOA] Measurement: 0,1579860529.469429,04:d6:aa:c1:38:97,2,1,1,0,128,1010,367,732,891,437,773,874,685,383,718,1013,893,608,442,847,934,591,380,307,866,1010,770,273,761,758,558,674,715,408,123,482,17,99,92,101,75,97,81,72,75,100,109,47,109,95,72,81,63,51,73,79,27,70,63,62,79,74,68,70,75,73,77,90,69
[ 301.779955] [AOA] Measurement: 0,1579860529.502861,04:d6:aa:c1:38:97,2,1,1,0,128,984,348,771,864,386,746,888,692,806,462,498,704,983,225,259,745,655,414,332,831,42,812,286,789,760,627,626,722,961,368,632,104,99,91,100,79,102,82,73,78,99,113,47,114,97,74,83,64,51,73,80,27,72,66,65,85,75,70,71,76,77,84,96,73
[ 301.814255] [AOA] Measurement: 0,1579860529.537167,04:d6:aa:c1:38:97,2,1,1,0,128,20,421,656,821,455,800,852,675,781,482,478,700,39,284,279,775,693,470,319,862,65,825,329,801,321,795,197,885,448,168,476,978,98,92,102,82,103,83,74,78,102,115,48,113,95,72,83,65,54,75,80,30,76,68,66,87,80,75,73,82,83,88,104,79
[ 301.848233] [AOA] Measurement: 0,1579860529.571145,04:d6:aa:c1:38:97,2,1,1,0,128,525,581,718,864,464,831,409,902,340,683,479,691,16,222,303,773,687,442,327,864,1010,767,280,764,764,589,658,708,947,277,123,632,96,93,99,74,98,79,69,76,98,107,46,106,91,69,77,61,48,69,73,23,65,57,57,73,70,64,67,65,67,72,85,66
[ 301.879275] [AOA] Measurement: 0,1579860529.602181,04:d6:aa:c1:38:97,2,1,1,0,128,1011,394,773,917,418,818,881,696,853,494,495,702,999,204,375,822,153,647,902,52,569,961,317,819,789,606,641,699,429,168,385,871,100,93,102,80,103,83,73,79,100,113,48,111,96,74,84,66,52,75,81,28,75,67,67,87,80,73,75,82,82,87,100,76
[ 301.914830] [AOA] Measurement: 0,1579860529.637741,04:d6:aa:c1:38:97,2,1,1,0,128,996,333,747,863,424,824,425,895,712,424,488,693,18,282,287,769,610,379,382,894,86,844,229,717,769,602,752,769,413,157,434,1003,100,93,101,78,102,83,73,78,100,114,48,112,96,73,84,64,50,72,79,26,73,64,65,85,78,71,73,79,80,82,96,75
[ 301.949436] [AOA] Measurement: 0,1579860529.672349,04:d6:aa:c1:38:97,2,1,1,0,128,989,354,771,874,402,750,898,721,812,488,449,724,1006,225,336,755,599,388,338,847,15,796,276,756,735,575,734,748,371,94,680,263,100,92,103,81,103,83,73,80,100,117,49,115,96,75,86,66,53,76,82,31,76,68,68,90,83,75,77,86,86,90,107,79
[ 301.978492] [AOA] Measurement: 0,1579860529.701403,04:d6:aa:c1:38:97,2,1,1,0,128,968,353,708,856,375,780,902,728,355,748,2,893,31,286,337,825,148,621,929,82,573,1003,877,1012,262,795,171,875,1014,341,942,354,99,92,101,78,102,83,73,80,100,115,48,111,94,73,82,63,50,75,77,27,72,65,63,84,78,72,72,79,79,84,98,76
[ 302.015269] [AOA] Measurement: 0,1579860529.738180,04:d6:aa:c1:38:97,2,1,1,0,128,1017,388,707,847,392,785,910,686,789,468,425,659,1001,211,259,726,610,393,397,901,1014,796,351,811,272,786,263,970,945,358,633,102,95,92,98,74,99,78,69,74,96,104,43,100,88,68,74,59,45,69,69,21,60,53,51,66,66,57,62,58,59,63,73,55
[ 302.047592] [AOA] Measurement: 0,1579860529.770498,04:d6:aa:c1:38:97,2,1,1,0,128,991,334,711,858,453,804,904,699,789,506,467,704,10,218,307,757,632,379,433,887,575,1003,315,766,784,623,689,744,453,139,806,343,95,93,100,75,99,82,70,75,99,108,46,103,91,69,79,63,50,73,76,25,69,63,58,78,75,67,69,74,73,79,91,72
[ 302.077742] [AOA] Measurement: 0,1579860529.800648,04:d6:aa:c1:38:97,2,1,1,0,128,953,364,722,885,390,771,896,722,759,457,481,679,1013,242,333,777,661,452,314,833,72,802,284,768,755,558,628,672,376,112,959,625,100,94,100,77,103,84,74,77,101,115,48,111,97,73,83,66,52,73,80,28,75,67,67,87,78,72,71,78,81,83,99,76
[ 302.117657] [AOA] Measurement: 0,1579860529.840571,04:d6:aa:c1:38:97,2,1,1,0,128,519,543,237,27,986,980,397,881,796,482,407,683,26,225,341,786,677,455,360,910,9,767,323,760,751,545,686,683,497,183,453,970,98,92,99,74,98,81,70,75,99,111,47,108,91,72,80,62,50,73,76,25,67,61,59,79,74,68,68,70,68,75,85,67
[ 302.149064] [AOA] Measurement: 0,1579860529.871970,04:d6:aa:c1:38:97,2,1,1,0,128,994,368,753,900,391,754,872,722,774,468,521,770,993,232,275,754,685,459,383,900,48,806,270,791,764,572,716,745,428,111,583,211,99,89,101,82,103,84,74,80,100,117,47,114,97,76,85,66,55,73,83,31,77,72,69,93,83,77,75,87,87,92,106,83
[ 302.179152] [AOA] Measurement: 0,1579860529.902060,04:d6:aa:c1:38:97,2,1,1,0,128,1010,356,748,859,978,992,386,849,789,483,463,706,994,214,301,808,622,382,308,852,51,805,310,782,703,549,196,924,414,160,773,382,100,93,100,79,102,84,72,76,101,111,47,108,94,73,83,66,51,76,79,25,70,63,64,83,74,69,71,77,78,82,97,73
[ 302.212636] [AOA] Measurement: 0,1579860529.935549,04:d6:aa:c1:38:97,2,1,1,0,128,1021,362,717,838,442,826,417,906,351,706,448,665,14,263,289,788,616,409,318,865,989,778,276,762,778,591,644,693,435,126,403,993,99,93,99,73,96,78,69,73,99,110,46,109,91,69,80,61,49,72,76,24,67,59,58,77,72,66,68,70,68,72,86,66
[ 302.247027] [AOA] Measurement: 0,1579860529.969939,04:d6:aa:c1:38:97,2,1,1,0,128,942,315,693,816,404,788,887,678,777,448,401,637,30,252,244,740,659,459,347,858,52,797,281,774,725,576,183,884,404,138,1019,545,100,93,105,78,103,83,73,79,100,114,48,112,95,74,82,66,50,71,79,27,73,64,65,83,80,72,73,80,79,85,99,76
[ 302.282465] [AOA] Measurement: 0,1579860530.005372,04:d6:aa:c1:38:97,2,1,1,0,128,29,382,717,870,413,848,881,675,833,489,505,731,544,443,307,770,665,444,409,904,1018,787,286,789,785,617,160,873,409,108,193,808,97,92,100,73,99,80,69,74,97,107,45,103,89,68,80,62,48,70,72,23,63,57,57,73,66,61,65,67,67,71,80,64
[ 302.323053] [AOA] Measurement: 0,1579860530.045958,04:d6:aa:c1:38:97,2,1,1,0,128,515,571,216,21,476,829,824,625,819,517,402,660,60,286,276,751,143,614,425,924,535,992,799,949,763,586,636,714,434,141,908,388,91,88,94,68,97,74,66,70,93,102,42,100,86,67,73,59,44,67,70,21,61,50,50,68,64,60,62,64,59,66,76,61
[ 302.360463] [AOA] Measurement: 0,1579860530.083368,04:d6:aa:c1:38:97,2,1,1,0,128,992,334,715,847,439,782,900,665,817,500,415,658,5,260,293,744,662,426,380,878,3,796,267,767,770,593,674,686,421,131,125,731,97,91,98,74,99,82,72,74,98,109,45,105,89,66,79,61,49,70,74,23,66,56,57,74,68,64,67,70,68,71,84,64
[ 302.395035] [AOA] Measurement: 0,1579860530.117947,04:d6:aa:c1:38:97,2,1,1,0,128,565,573,271,44,942,960,367,860,756,452,471,694,996,217,352,792,551,408,319,863,1009,801,347,803,752,600,615,689,351,111,342,938,100,93,102,81,101,83,74,79,102,116,48,113,97,76,86,66,55,76,81,30,76,69,69,90,82,75,77,86,86,95,106,80
[ 302.424856] [AOA] Measurement: 0,1579860530.147767,04:d6:aa:c1:38:97,2,1,1,0,128,31,370,756,855,2,995,913,697,404,744,1021,900,572,446,866,985,137,627,318,863,92,808,309,787,833,664,178,915,931,271,156,665,97,91,100,73,101,79,69,75,96,108,46,103,90,69,79,62,48,72,75,24,66,58,57,75,71,62,67,67,67,73,85,67
