
[ 26.199743] wil6210-aoa$0,1606461624.740078,04:d6:aa:c1:38:97,2,1,1,0,128,687,601,632,658,921,964,996,193,413,491,305,271,865,217,365,752,819,807,137,798,669,85,633,1023,442,483,341,351,475,161,101,964,73,90,59,80,67,83,37,65,65,63,51,54,68,39,78,47,84,73,43,65,36,39,32,58,64,50,34,39,50,66,81,63
[ 26.230202] wil6210-aoa$0,1606461624.770537,04:d6:aa:c1:38:97,2,1,1,0,128,695,577,621,664,372,778,904,152,419,511,724,82,861,191,302,727,806,786,648,622,123,898,125,883,886,278,799,91,949,1014,559,493,73,91,60,80,65,85,41,64,65,66,52,59,67,41,81,51,88,75,43,69,37,42,34,60,66,53,38,42,55,69,82,69
[ 26.257622] wil6210-aoa$0,1606461624.797957,04:d6:aa:c1:38:97,2,1,1,0,128,660,602,76,507,348,831,914,140,503,567,292,275,900,285,257,704,851,790,684,645,735,88,163,916,443,487,343,305,403,136,776,548,72,94,60,84,67,86,39,65,64,64,52,53,68,39,79,48,85,74,44,66,33,40,32,57,62,49,33,35,49,65,75,60
[ 26.284858] wil6210-aoa$0,1606461624.825193,04:d6:aa:c1:38:97,2,1,1,0,128,653,604,38,504,341,814,908,154,921,304,727,51,324,56,256,694,254,620,663,623,119,880,94,850,906,281,823,124,865,975,851,766,72,95,60,82,68,84,37,66,62,62,51,53,68,37,78,49,84,74,45,66,33,38,31,55,61,47,33,35,48,62,72,55
[ 26.312279] wil6210-aoa$0,1606461624.852615,04:d6:aa:c1:38:97,2,1,1,0,128,189,777,654,693,405,849,392,362,441,535,286,284,878,231,261,710,774,803,655,656,162,939,654,15,390,465,315,298,428,168,524,416,74,93,61,85,69,87,40,67,67,66,52,56,72,43,82,52,87,77,47,69,35,44,35,61,64,55,38,44,54,70,86,70
[ 26.335387] wil6210-aoa$0,1606461624.875727,04:d6:aa:c1:38:97,2,1,1,0,128,183,759,665,696,955,986,418,293,929,326,324,336,836,220,276,737,810,828,152,823,733,98,695,50,421,501,347,310,415,148,263,128,73,94,61,80,68,86,39,65,67,64,51,55,68,39,79,50,85,76,45,69,35,43,33,61,66,51,36,41,53,68,81,66
[ 26.365519] wil6210-aoa$0,1606461624.905859,04:d6:aa:c1:38:97,2,1,1,0,128,195,802,638,648,921,958,429,364,457,536,256,293,884,246,288,737,836,796,222,852,679,102,609,39,402,499,320,301,498,232,74,935,71,93,60,84,68,85,38,65,64,61,50,52,68,37,79,49,82,74,44,65,33,40,32,57,60,47,34,37,48,62,74,58
[ 26.387001] wil6210-aoa$0,1606461624.927341,04:d6:aa:c1:38:97,2,1,1,0,128,196,842,671,700,940,1010,405,307,465,521,286,329,899,285,267,723,797,819,183,816,732,127,646,46,356,465,353,325,429,147,831,694,73,94,60,83,66,86,40,66,66,64,52,54,69,40,80,50,86,76,45,68,35,42,33,59,64,52,35,39,53,69,82,65
[ 26.413475] wil6210-aoa$0,1606461624.953813,04:d6:aa:c1:38:97,2,1,1,0,128,176,753,600,687,904,987,403,375,408,501,248,235,947,227,732,541,979,909,192,852,740,135,644,22,411,511,256,242,939,984,606,497,73,95,63,84,69,87,41,66,67,68,53,56,69,41,81,50,87,77,46,71,36,44,34,60,65,51,37,41,54,68,83,69
[ 26.439756] wil6210-aoa$0,1606461624.980096,04:d6:aa:c1:38:97,2,1,1,0,128,249,846,771,769,889,948,430,372,463,533,275,322,929,257,315,719,922,869,146,829,684,53,753,100,361,482,370,333,406,170,17,729,73,94,63,83,71,88,39,68,66,64,52,55,68,41,83,50,86,76,43,67,34,41,33,58,64,50,35,38,51,66,75,58
[ 26.474545] wil6210-aoa$0,1606461625.014857,04:d6:aa:c1:38:97,2,1,1,0,128,700,619,672,685,985,1009,419,331,417,511,243,279,845,185,766,509,289,662,627,647,737,142,615,43,925,313,769,105,887,997,296,155,76,95,60,83,70,87,37,65,66,62,51,50,68,38,78,48,84,75,46,69,33,41,32,58,61,47,35,37,48,64,77,58
[ 26.508186] wil6210-aoa$0,1606461625.048521,04:d6:aa:c1:38:97,2,1,1,0,128,264,832,636,651,914,985,422,293,951,352,681,36,399,81,318,724,868,819,184,833,703,111,568,997,364,461,793,77,459,209,746,689,74,96,61,82,68,86,38,64,63,62,51,52,69,39,78,48,82,75,44,67,32,41,32,57,62,47,34,39,48,63,78,62
[ 26.533811] wil6210-aoa$0,1606461625.074151,04:d6:aa:c1:38:97,2,1,1,0,128,166,807,653,705,940,1006,406,317,439,539,262,283,319,1021,314,736,853,820,205,852,688,44,661,12,474,498,360,375,421,156,467,269,74,92,65,83,69,90,40,66,68,68,53,59,70,43,84,52,89,76,46,72,38,45,36,63,69,56,40,46,59,72,87,74
[ 26.556010] wil6210-aoa$0,1606461625.096350,04:d6:aa:c1:38:97,2,1,1,0,128,201,811,681,716,345,787,924,147,916,323,313,317,881,263,273,711,257,580,180,796,137,901,139,871,457,484,337,306,427,161,911,667,68,86,55,76,64,81,35,61,61,60,47,50,62,35,74,45,79,69,40,62,29,38,30,53,59,45,29,35,45,57,68,55
[ 26.585582] wil6210-aoa$0,1606461625.125918,04:d6:aa:c1:38:97,2,1,1,0,128,652,602,58,449,429,817,421,323,449,497,694,36,318,21,778,513,265,606,654,642,140,898,678,1016,346,457,311,291,428,179,807,699,75,95,62,84,70,89,42,66,67,67,54,58,69,41,82,51,88,77,47,71,35,43,35,61,68,53,36,41,55,69,83,68
[ 26.614259] wil6210-aoa$0,1606461625.154595,04:d6:aa:c1:38:97,2,1,1,0,128,99,727,686,653,914,984,439,356,448,522,267,276,955,267,234,669,783,791,667,631,68,856,75,880,403,474,317,275,387,166,665,540,74,94,63,84,69,88,41,67,69,66,54,60,71,42,86,52,90,77,45,71,39,45,35,62,68,55,39,44,56,71,84,70
[ 26.640142] wil6210-aoa$0,1606461625.180481,04:d6:aa:c1:38:97,2,1,1,0,128,173,801,649,727,961,13,387,339,884,300,312,329,875,247,303,744,873,861,125,773,701,59,106,863,912,274,356,309,930,971,366,156,75,94,61,82,71,88,40,67,67,67,52,57,70,42,83,51,88,78,46,69,35,45,35,62,68,54,37,44,57,70,86,70
[ 26.663792] wil6210-aoa$0,1606461625.204128,04:d6:aa:c1:38:97,2,1,1,0,128,634,624,697,738,948,11,404,358,479,557,720,85,351,75,299,770,812,792,187,833,723,119,653,32,434,480,317,307,427,187,685,510,73,93,62,85,68,85,39,65,66,67,52,55,70,42,81,49,88,77,45,69,36,44,34,60,64,54,36,40,54,70,82,65
[ 26.694309] wil6210-aoa$0,1606461625.234645,04:d6:aa:c1:38:97,2,1,1,0,128,181,777,643,669,959,1007,389,342,461,505,308,337,900,257,307,699,860,848,144,795,710,82,677,56,379,435,325,326,437,197,855,579,74,94,62,84,68,88,38,66,66,66,51,53,68,39,77,49,85,77,44,68,34,41,32,57,61,48,32,39,50,65,76,58
[ 26.722141] wil6210-aoa$0,1606461625.262476,04:d6:aa:c1:38:97,2,1,1,0,128,228,829,609,672,935,984,403,321,411,493,239,230,876,207,277,757,856,855,187,865,708,76,716,123,458,544,324,320,401,170,889,809,74,94,63,84,70,87,39,66,65,65,53,57,70,41,82,51,88,76,45,71,36,44,34,60,66,55,38,43,57,71,85,70
[ 26.750373] wil6210-aoa$0,1606461625.290709,04:d6:aa:c1:38:97,2,1,1,0,128,602,574,22,450,407,813,951,186,457,484,252,244,328,31,284,723,805,803,156,794,165,907,649,17,391,456,758,108,467,199,27,887,73,92,62,83,67,86,41,67,69,67,55,59,69,42,86,51,89,78,45,70,36,43,34,62,68,55,38,44,56,71,83,68
[ 26.778228] wil6210-aoa$0,1606461625.318564,04:d6:aa:c1:38:97,2,1,1,0,128,656,645,683,756,959,8,456,383,494,555,264,254,885,246,287,729,866,838,200,848,764,118,679,62,427,511,336,348,406,142,868,695,74,94,62,84,67,86,38,65,66,65,53,55,68,41,80,49,86,77,44,67,33,40,31,56,63,49,32,36,49,64,76,59
[ 26.804789] wil6210-aoa$0,1606461625.345129,04:d6:aa:c1:38:97,2,1,1,0,128,162,755,579,648,917,1004,402,350,449,519,288,267,920,238,312,707,851,828,166,812,654,48,79,824,871,291,801,95,428,178,82,933,75,94,62,84,70,84,40,66,66,64,53,53,69,41,81,50,87,76,44,68,36,41,34,57,64,50,34,39,50,65,78,64
[ 26.826674] wil6210-aoa$0,1606461625.367014,04:d6:aa:c1:38:97,2,1,1,0,128,174,799,68,480,947,991,860,111,964,345,258,246,851,184,363,770,817,784,236,839,653,67,642,15,380,447,312,258,464,186,429,214,71,92,62,82,69,85,39,65,65,67,52,57,68,41,83,51,86,76,44,69,39,42,34,61,66,53,35,41,55,71,82,65
[ 26.855772] wil6210-aoa$0,1606461625.396107,04:d6:aa:c1:38:97,2,1,1,0,128,170,813,614,694,879,1004,416,325,470,567,240,276,902,259,268,705,890,836,184,841,710,97,653,64,465,520,345,275,366,102,392,281,72,91,62,83,70,88,40,65,65,64,51,55,70,40,81,50,87,75,45,68,34,41,34,58,64,52,34,42,52,67,80,63
[ 26.885655] wil6210-aoa$0,1606461625.425993,04:d6:aa:c1:38:97,2,1,1,0,128,184,797,612,697,929,990,877,128,944,325,727,37,361,52,252,708,262,605,638,637,159,961,609,4,898,278,332,326,417,142,822,646,75,93,62,84,68,85,38,66,68,64,54,55,69,42,83,49,86,76,45,69,36,43,33,60,62,51,35,40,53,68,79,65
[ 26.913402] wil6210-aoa$0,1606461625.453738,04:d6:aa:c1:38:97,2,1,1,0,128,237,829,623,674,938,995,440,377,403,545,747,96,361,0,239,669,884,863,179,828,727,117,642,27,375,461,360,329,471,162,382,124,72,91,60,82,68,86,39,65,66,66,53,58,68,41,82,49,86,74,44,68,35,42,34,59,66,51,37,41,53,70,82,65
[ 26.941462] wil6210-aoa$0,1606461625.481798,04:d6:aa:c1:38:97,2,1,1,0,128,636,624,119,492,428,885,922,145,887,320,708,49,341,40,836,588,826,832,645,606,152,875,688,59,369,438,756,75,873,997,469,413,71,90,59,82,66,84,39,63,64,64,50,54,69,39,78,48,84,75,43,66,34,42,32,54,61,48,32,36,49,65,72,58
[ 26.964228] wil6210-aoa$0,1606461625.504568,04:d6:aa:c1:38:97,2,1,1,0,128,202,804,665,678,941,989,450,317,450,518,241,232,931,233,218,689,838,811,180,815,650,14,639,26,460,500,360,349,408,132,833,844,75,94,62,83,68,87,39,64,66,66,53,58,69,43,82,51,86,76,46,69,39,45,34,63,67,51,38,42,56,70,83,69
[ 26.989811] wil6210-aoa$0,1606461625.530149,04:d6:aa:c1:38:97,2,1,1,0,128,92,759,574,668,948,2,378,300,455,487,309,314,883,205,301,734,840,793,202,814,705,55,625,48,422,467,342,309,433,180,182,14,73,90,61,81,68,88,42,66,68,66,52,58,70,43,85,51,88,76,45,69,37,46,34,61,67,56,39,44,58,71,86,71
[ 27.021378] wil6210-aoa$0,1606461625.561715,04:d6:aa:c1:38:97,2,1,1,0,128,139,790,588,690,883,977,352,318,402,485,239,292,937,289,270,719,845,794,191,796,157,922,659,8,451,497,277,264,463,203,130,920,73,93,63,85,70,88,42,69,68,67,53,57,71,41,82,51,89,77,46,69,37,44,34,60,67,54,37,42,55,70,85,71
[ 27.049542] wil6210-aoa$0,1606461625.589882,04:d6:aa:c1:38:97,2,1,1,0,128,166,813,605,705,909,969,426,345,408,493,289,296,853,191,348,758,870,858,230,893,797,162,639,14,376,474,329,342,412,203,3,740,72,93,60,83,65,83,39,64,67,64,50,51,69,40,76,46,83,74,44,66,33,40,32,56,63,47,34,38,48,65,75,62
[ 27.072717] wil6210-aoa$0,1606461625.613053,04:d6:aa:c1:38:97,2,1,1,0,128,710,623,81,473,392,806,940,175,842,267,723,45,338,26,774,498,212,549,668,610,109,886,98,858,389,414,828,91,923,1000,793,757,72,89,61,82,67,85,41,66,67,65,52,58,71,42,84,52,88,76,45,69,37,41,34,59,66,51,35,42,53,71,81,66
[ 27.104053] wil6210-aoa$0,1606461625.644387,04:d6:aa:c1:38:97,2,1,1,0,128,223,824,612,711,929,991,432,352,391,493,723,90,366,43,334,743,822,798,697,656,121,915,84,832,927,325,834,137,405,186,756,557,71,93,60,84,67,85,36,66,63,64,52,55,66,39,78,49,81,72,44,66,35,40,31,57,60,48,33,38,48,63,76,63
[ 27.132513] wil6210-aoa$0,1606461625.672848,04:d6:aa:c1:38:97,2,1,1,0,128,703,628,76,467,380,854,881,143,954,358,270,282,325,37,786,507,842,793,709,668,725,96,666,56,429,471,740,70,899,998,217,208,75,94,61,84,68,87,39,65,67,68,53,59,70,41,84,53,90,77,45,71,37,44,35,61,66,53,38,42,55,72,85,69
[ 27.161129] wil6210-aoa$0,1606461625.701465,04:d6:aa:c1:38:97,2,1,1,0,128,159,825,690,759,931,13,461,386,510,599,338,359,798,190,255,696,891,845,226,855,662,41,136,892,445,530,326,332,488,235,329,82,73,95,62,86,67,84,40,65,67,66,52,57,69,40,81,52,83,74,43,67,35,41,33,59,63,48,35,38,50,67,79,65
[ 27.189504] wil6210-aoa$0,1606461625.729841,04:d6:aa:c1:38:97,2,1,1,0,128,198,795,158,558,979,7,447,364,415,511,293,288,863,235,274,746,763,779,163,786,176,913,142,901,475,522,300,302,876,1008,983,844,63,82,50,71,57,72,31,55,54,55,45,46,56,34,67,40,71,65,38,57,27,32,28,45,50,39,26,30,39,52,64,49
[ 27.212898] wil6210-aoa$0,1606461625.753240,04:d6:aa:c1:38:97,2,1,1,0,128,645,608,715,728,949,979,488,382,487,539,240,240,371,59,295,701,284,645,221,850,704,128,618,29,427,508,327,302,428,196,765,621,73,91,62,83,69,87,41,67,67,66,55,59,70,43,83,54,89,78,46,70,38,46,36,63,68,56,40,43,55,70,86,70
[ 27.251615] wil6210-aoa$0,1606461625.791955,04:d6:aa:c1:38:97,2,1,1,0,128,194,816,656,730,974,7,439,396,420,562,307,315,886,264,341,766,804,787,243,854,659,60,624,23,445,485,398,368,495,205,961,692,75,93,62,83,68,88,39,67,67,69,54,59,68,42,84,52,89,76,45,71,39,45,36,63,68,55,38,45,57,72,87,71
[ 27.279041] wil6210-aoa$0,1606461625.819375,04:d6:aa:c1:38:97,2,1,1,0,128,209,807,673,709,884,960,382,305,522,552,243,259,941,291,246,710,288,644,173,843,743,126,642,54,501,523,266,266,929,994,392,262,73,94,62,84,70,89,41,68,66,67,54,57,70,41,82,51,88,77,45,70,37,43,34,61,66,51,37,41,54,70,83,69
[ 27.302394] wil6210-aoa$0,1606461625.842732,04:d6:aa:c1:38:97,2,1,1,0,128,219,826,621,683,914,962,435,350,932,329,253,297,947,271,242,679,874,874,223,873,726,85,668,46,424,502,355,338,397,155,53,956,74,93,63,82,70,87,40,66,64,66,51,57,69,42,82,51,90,78,45,69,36,44,35,61,67,53,38,42,55,71,84,69
[ 27.333610] wil6210-aoa$0,1606461625.873945,04:d6:aa:c1:38:97,2,1,1,0,128,229,819,599,650,927,992,417,356,932,288,754,64,907,229,254,690,824,781,196,826,675,77,588,6,442,469,681,24,466,171,356,165,74,94,61,83,68,85,39,65,66,63,53,55,68,39,80,49,86,76,44,66,34,40,32,56,62,48,34,36,49,66,75,62
[ 27.362080] wil6210-aoa$0,1606461625.902415,04:d6:aa:c1:38:97,2,1,1,0,128,155,755,663,671,964,1017,445,374,453,500,221,248,880,228,761,518,792,798,254,846,723,93,684,67,482,534,338,329,422,174,263,47,74,91,60,80,67,84,39,65,65,65,53,56,68,41,82,50,84,74,44,68,35,41,34,58,65,50,34,38,53,67,81,66
[ 27.390951] wil6210-aoa$0,1606461625.931286,04:d6:aa:c1:38:97,2,1,1,0,128,161,781,648,657,378,816,418,352,425,516,279,281,896,240,257,691,839,810,186,821,136,922,637,19,935,312,269,273,915,4,806,665,73,93,60,81,69,85,39,66,66,65,53,56,68,41,81,50,85,76,45,67,36,43,33,58,65,52,34,41,51,67,81,65
[ 27.419942] wil6210-aoa$0,1606461625.960278,04:d6:aa:c1:38:97,2,1,1,0,128,199,778,660,697,871,989,932,149,505,589,234,244,900,247,241,671,821,769,632,600,723,68,696,55,418,479,762,99,499,226,498,233,72,92,60,82,69,86,39,65,65,65,51,52,68,39,82,46,82,73,44,65,34,40,32,56,62,49,33,37,50,65,78,58
[ 27.448609] wil6210-aoa$0,1606461625.988944,04:d6:aa:c1:38:97,2,1,1,0,128,157,786,659,719,995,1002,382,284,401,467,256,245,880,199,319,741,853,805,196,815,114,920,77,839,936,324,241,257,490,221,740,515,73,91,62,85,68,87,39,65,65,64,53,56,71,41,81,51,87,76,44,68,34,42,33,61,65,52,35,42,56,69,83,66
[ 27.475541] wil6210-aoa$0,1606461626.015880,04:d6:aa:c1:38:97,2,1,1,0,128,136,783,643,701,949,1016,418,344,453,471,321,278,337,27,332,734,795,757,193,829,154,939,88,802,892,295,315,292,433,170,390,328,75,93,63,83,70,88,41,66,66,67,53,57,72,41,84,51,88,75,46,69,36,44,36,60,67,53,36,43,53,68,84,69
[ 27.501373] wil6210-aoa$0,1606461626.041709,04:d6:aa:c1:38:97,2,1,1,0,128,206,820,645,698,1007,12,362,312,428,487,243,255,881,242,331,750,882,826,191,833,765,101,635,19,382,429,311,298,870,990,706,665,73,95,58,84,68,88,39,64,67,64,52,55,68,38,80,51,84,76,46,67,35,42,35,59,64,51,35,39,52,68,80,63
[ 27.531372] wil6210-aoa$0,1606461626.071709,04:d6:aa:c1:38:97,2,1,1,0,128,161,788,613,695,934,1004,431,352,445,525,225,238,897,238,310,758,870,790,195,855,627,73,634,33,492,531,283,277,920,1013,939,812,77,96,62,83,69,89,40,67,67,69,53,58,69,42,82,52,87,75,44,69,35,42,33,62,67,52,37,40,54,69,82,65
[ 27.560847] wil6210-aoa$0,1606461626.101184,04:d6:aa:c1:38:97,2,1,1,0,128,180,803,64,470,368,812,876,124,870,268,761,64,944,286,320,704,827,820,191,786,117,866,677,42,440,502,377,330,453,205,204,83,72,95,62,86,70,87,38,65,66,62,50,52,67,37,77,48,81,72,44,66,32,38,31,55,60,44,30,34,45,61,71,55
[ 27.589731] wil6210-aoa$0,1606461626.130069,04:d6:aa:c1:38:97,2,1,1,0,128,173,755,89,466,376,809,864,145,382,468,720,91,299,1020,787,562,821,821,230,859,148,914,636,37,918,284,760,75,914,981,1014,922,70,89,59,80,65,83,36,63,63,64,50,50,67,38,77,46,79,72,43,64,33,39,32,54,60,48,33,37,48,63,77,60
[ 27.612517] wil6210-aoa$0,1606461626.152860,04:d6:aa:c1:38:97,2,1,1,0,128,650,627,659,697,899,972,457,353,424,449,722,103,286,21,821,562,842,839,256,883,687,48,622,27,894,290,780,127,946,24,618,523,71,91,58,79,64,82,37,63,63,61,49,50,65,37,76,46,81,72,42,65,32,39,31,56,60,47,31,35,48,61,73,55
[ 27.652329] wil6210-aoa$0,1606461626.192669,04:d6:aa:c1:38:97,2,1,1,0,128,194,779,59,444,399,807,861,95,968,360,752,101,883,248,251,700,862,838,600,618,740,113,582,983,440,473,283,257,899,994,260,170,69,90,56,79,65,80,35,60,60,59,46,48,63,35,70,44,78,68,41,61,31,34,29,52,55,40,29,31,41,55,65,48
[ 27.674853] wil6210-aoa$0,1606461626.215193,04:d6:aa:c1:38:97,2,1,1,0,128,202,829,681,741,896,966,473,397,488,551,276,233,841,180,289,698,317,595,764,711,94,891,88,848,404,464,385,330,416,207,182,5,72,88,59,79,65,84,40,63,67,65,52,57,69,42,82,50,86,75,44,69,37,44,34,62,63,52,37,43,57,71,83,70
[ 27.706233] wil6210-aoa$0,1606461626.246573,04:d6:aa:c1:38:97,2,1,1,0,128,180,831,664,715,902,987,483,400,407,490,224,244,884,232,337,741,806,790,256,868,721,115,647,66,418,457,348,369,400,148,860,708,77,98,64,86,72,93,41,70,73,68,56,61,73,44,87,54,91,79,47,71,39,45,36,64,69,54,38,43,55,72,85,69
[ 27.731304] wil6210-aoa$0,1606461626.271642,04:d6:aa:c1:38:97,2,1,1,0,128,186,760,646,691,924,1018,858,115,912,297,768,144,867,247,279,705,812,810,179,860,660,35,638,19,879,276,347,327,407,182,541,379,72,89,58,79,66,84,38,62,66,65,50,55,69,40,79,49,83,73,43,68,35,43,34,60,64,52,35,43,54,70,83,68
[ 27.761783] wil6210-aoa$0,1606461626.302120,04:d6:aa:c1:38:97,2,1,1,0,128,162,785,687,721,935,989,439,371,429,521,248,253,895,250,255,705,871,837,112,829,719,111,657,57,481,549,356,375,455,174,68,927,68,88,59,79,65,81,36,63,66,64,53,56,67,40,80,50,85,72,44,68,35,44,33,61,64,52,38,43,56,70,81,68
[ 27.790969] wil6210-aoa$0,1606461626.331305,04:d6:aa:c1:38:97,2,1,1,0,128,234,821,661,723,921,965,424,344,349,435,290,292,832,193,324,743,835,837,175,840,723,132,89,858,904,291,348,329,471,215,154,973,69,89,58,78,63,81,37,60,64,63,49,53,65,38,77,47,81,70,42,63,31,40,31,54,60,46,32,34,49,63,73,59
[ 27.820288] wil6210-aoa$0,1606461626.360623,04:d6:aa:c1:38:97,2,1,1,0,128,126,807,600,702,922,960,419,333,435,509,296,345,899,247,269,724,791,786,716,650,733,96,628,27,560,599,335,328,458,192,0,843,70,89,58,78,65,83,36,63,62,63,51,52,66,38,75,47,81,72,41,63,33,39,31,55,59,47,32,35,45,60,74,58
[ 27.843602] wil6210-aoa$0,1606461626.383942,04:d6:aa:c1:38:97,2,1,1,0,128,211,825,651,700,887,994,378,339,412,497,293,297,892,226,297,709,841,802,657,615,730,97,625,38,385,480,335,297,463,180,83,903,70,90,56,80,62,81,36,63,62,59,51,52,64,37,75,45,80,70,42,64,33,39,32,56,59,47,32,37,49,63,75,60
[ 27.869578] wil6210-aoa$0,1606461626.409913,04:d6:aa:c1:38:97,2,1,1,0,128,239,851,567,620,4,25,496,423,399,494,316,315,886,182,754,511,855,803,246,864,674,60,649,30,433,455,358,329,489,219,441,196,72,90,60,80,67,83,37,65,66,63,50,55,68,38,78,50,84,75,43,65,35,41,33,57,63,48,34,39,49,65,76,62
[ 27.898561] wil6210-aoa$0,1606461626.438901,04:d6:aa:c1:38:97,2,1,1,0,128,228,823,644,647,381,777,923,146,499,567,227,266,929,256,282,728,883,816,176,802,715,55,610,1002,412,425,317,308,419,131,966,894,73,90,62,83,67,84,39,65,64,63,51,55,69,40,81,51,83,75,44,67,34,42,33,56,63,49,33,39,51,65,78,63
[ 27.925669] wil6210-aoa$0,1606461626.466005,04:d6:aa:c1:38:97,2,1,1,0,128,140,772,657,710,952,1003,428,366,414,494,778,83,881,215,314,755,820,836,214,853,774,137,667,83,413,480,400,351,497,245,318,50,73,95,59,80,69,86,36,64,65,64,52,55,68,40,80,50,82,74,43,65,36,41,34,59,63,49,34,39,50,65,78,64
[ 27.954878] wil6210-aoa$0,1606461626.495214,04:d6:aa:c1:38:97,2,1,1,0,128,669,602,648,709,970,11,437,387,492,547,327,323,848,202,267,687,839,825,641,611,197,916,91,838,456,501,249,276,438,165,860,807,73,92,61,82,69,84,39,65,65,65,51,53,67,38,79,49,85,71,44,67,34,40,32,57,62,48,34,36,50,65,76,61
[ 27.984393] wil6210-aoa$0,1606461626.524730,04:d6:aa:c1:38:97,2,1,1,0,128,233,784,581,654,942,1004,433,324,474,573,208,221,914,248,320,747,800,813,184,820,648,94,613,1010,409,475,783,103,890,988,1017,845,71,88,59,79,65,80,35,61,60,59,48,49,65,35,76,47,79,71,41,61,32,37,30,53,59,46,30,34,45,58,73,55
[ 28.013948] wil6210-aoa$0,1606461626.554285,04:d6:aa:c1:38:97,2,1,1,0,128,212,821,622,680,969,1020,900,94,477,507,289,257,853,204,767,476,269,586,593,564,146,886,158,882,505,540,345,317,408,150,377,337,71,90,57,79,66,85,38,64,64,64,51,55,66,38,78,49,84,74,43,67,34,43,33,57,64,51,34,40,52,65,79,65
[ 28.043391] wil6210-aoa$0,1606461626.583729,04:d6:aa:c1:38:97,2,1,1,0,128,242,812,640,713,931,968,418,394,456,528,264,265,830,185,756,526,838,779,184,831,710,66,693,61,469,504,382,333,475,213,495,386,64,79,53,74,60,77,36,60,57,57,46,47,62,36,69,44,75,66,39,58,30,35,28,50,55,43,28,34,41,55,66,53
[ 28.072440] wil6210-aoa$0,1606461626.612776,04:d6:aa:c1:38:97,2,1,1,0,128,232,823,632,702,950,9,880,145,459,496,782,116,294,29,744,516,842,835,677,637,95,857,163,888,892,282,750,63,932,9,947,864,79,97,62,86,71,92,42,68,71,71,57,63,72,46,89,53,93,78,50,73,39,48,37,66,71,58,42,46,62,77,91,76
[ 28.095688] wil6210-aoa$0,1606461626.636028,04:d6:aa:c1:38:97,2,1,1,0,128,152,815,727,746,956,1007,413,367,424,549,303,269,850,194,335,721,865,824,232,854,665,34,683,35,343,438,305,263,374,118,77,960,77,101,64,87,70,91,40,68,70,67,56,56,71,41,86,50,87,77,48,70,36,45,34,60,66,51,36,41,53,68,81,64
[ 28.122645] wil6210-aoa$0,1606461626.662980,04:d6:aa:c1:38:97,2,1,1,0,128,152,794,610,647,386,829,431,335,494,560,295,307,874,209,275,701,886,847,213,834,675,46,711,57,450,514,286,280,405,182,583,411,78,96,64,87,70,88,40,67,70,66,54,59,73,44,87,53,91,79,46,72,36,45,35,62,69,56,38,43,56,72,86,67
[ 28.153351] wil6210-aoa$0,1606461626.693686,04:d6:aa:c1:38:97,2,1,1,0,128,706,630,658,688,950,992,459,360,489,509,234,226,907,241,301,733,840,814,102,792,671,64,634,17,346,389,796,121,525,223,403,312,78,101,64,87,73,90,41,69,71,68,53,58,72,44,83,52,91,81,47,71,39,46,36,64,69,54,37,44,55,71,87,70
[ 28.183476] wil6210-aoa$0,1606461626.723811,04:d6:aa:c1:38:97,2,1,1,0,128,733,626,79,434,367,773,902,148,915,319,734,96,902,212,304,692,861,817,628,610,131,920,76,816,913,310,717,63,871,989,123,165,77,94,64,85,72,93,41,69,68,69,55,59,72,43,88,54,92,77,48,73,38,47,36,64,71,57,39,45,59,74,89,73
[ 28.212644] wil6210-aoa$0,1606461626.752981,04:d6:aa:c1:38:97,2,1,1,0,128,700,630,661,713,928,998,423,337,449,496,251,282,847,212,294,735,299,626,181,842,133,899,95,832,944,275,845,120,892,1000,671,632,78,98,63,88,72,89,41,68,69,67,55,57,73,42,86,53,90,77,47,70,37,45,34,62,66,51,36,41,53,70,85,67
[ 28.241943] wil6210-aoa$0,1606461626.782285,04:d6:aa:c1:38:97,2,1,1,0,128,189,808,634,678,950,998,472,366,531,608,268,280,877,185,351,719,794,805,155,797,696,82,699,25,434,456,337,300,464,189,360,75,74,99,63,85,72,92,41,68,70,69,56,60,71,43,88,53,93,80,47,74,37,45,36,63,68,52,39,45,56,70,86,71
[ 28.267450] wil6210-aoa$0,1606461626.807789,04:d6:aa:c1:38:97,2,1,1,0,128,133,794,62,465,916,992,440,382,439,486,261,261,297,6,799,545,263,594,622,605,172,955,622,992,392,441,307,286,429,175,237,1021,69,87,57,78,64,82,36,62,62,62,49,51,64,39,75,46,81,71,41,62,32,38,32,54,60,47,33,36,47,63,73,56
[ 28.294728] wil6210-aoa$0,1606461626.835062,04:d6:aa:c1:38:97,2,1,1,0,128,689,642,725,771,4,54,451,374,478,529,258,296,888,247,282,688,919,881,234,859,732,123,658,26,459,527,261,253,419,143,686,495,71,91,59,80,64,84,39,63,64,62,50,54,68,40,79,50,85,73,44,68,36,43,32,59,61,52,36,42,52,67,80,67
[ 28.323631] wil6210-aoa$0,1606461626.863971,04:d6:aa:c1:38:97,2,1,1,0,128,192,772,80,518,412,823,452,352,473,551,325,271,922,260,292,758,790,778,206,840,690,81,632,10,478,493,308,278,406,165,334,168,70,91,58,79,63,80,35,62,61,61,48,49,63,37,73,46,80,70,41,64,31,36,28,52,57,43,30,31,43,57,67,51
[ 28.346726] wil6210-aoa$0,1606461626.887066,04:d6:aa:c1:38:97,2,1,1,0,128,630,579,94,478,380,794,929,200,416,547,281,281,304,34,792,554,242,595,696,649,655,46,131,867,464,505,767,97,937,1022,332,178,71,88,58,80,68,83,37,65,65,62,51,56,67,41,79,49,84,74,42,68,35,41,34,60,64,51,37,41,51,68,83,68
[ 28.376108] wil6210-aoa$0,1606461626.916444,04:d6:aa:c1:38:97,2,1,1,0,128,191,762,683,713,906,954,427,374,464,528,254,289,816,182,307,723,871,857,195,862,712,112,594,39,428,493,255,251,901,16,599,486,69,88,57,80,65,82,35,61,64,60,50,50,65,36,77,47,82,74,41,65,32,38,32,55,59,46,32,37,44,60,74,58
[ 28.405363] wil6210-aoa$0,1606461626.945703,04:d6:aa:c1:38:97,2,1,1,0,128,235,807,631,695,932,1022,455,382,431,528,274,278,916,229,288,729,278,588,656,616,713,79,657,27,381,435,353,327,427,182,696,415,77,98,66,89,72,93,41,70,70,70,57,58,74,42,87,52,91,82,49,73,38,45,36,65,70,54,37,43,56,73,85,66
[ 28.430788] wil6210-aoa$0,1606461626.971126,04:d6:aa:c1:38:97,2,1,1,0,128,213,804,720,739,872,993,406,338,443,511,291,326,875,248,284,740,804,789,228,851,643,88,642,11,437,500,331,324,439,201,589,389,70,93,59,80,65,82,36,64,63,62,49,52,67,37,78,47,83,72,44,66,33,39,31,57,64,49,33,36,52,65,76,61
[ 28.461496] wil6210-aoa$0,1606461627.001830,04:d6:aa:c1:38:97,2,1,1,0,128,171,760,616,686,985,986,397,316,437,511,295,286,871,216,334,761,757,789,180,832,737,89,640,18,427,446,795,103,442,160,487,355,73,93,62,81,68,86,41,64,67,67,53,58,69,41,82,51,87,75,45,69,38,44,35,61,66,53,38,41,56,70,83,70
[ 28.490608] wil6210-aoa$0,1606461627.030949,04:d6:aa:c1:38:97,2,1,1,0,128,186,821,701,738,964,1014,470,350,456,507,288,328,812,192,373,797,878,843,224,855,694,42,683,31,376,458,782,95,417,150,153,989,73,95,58,81,66,86,38,63,66,64,52,56,67,43,81,49,84,74,43,69,35,43,32,60,63,50,34,40,51,66,80,67
[ 28.515466] wil6210-aoa$0,1606461627.055802,04:d6:aa:c1:38:97,2,1,1,0,128,674,612,662,679,920,1000,914,148,950,331,242,268,866,211,278,731,813,796,180,800,707,72,625,1015,895,288,770,92,933,1020,282,227,77,102,66,89,68,90,40,68,68,66,54,55,69,41,86,50,89,81,46,71,35,43,33,57,68,51,35,37,50,67,83,59
[ 28.546919] wil6210-aoa$0,1606461627.087255,04:d6:aa:c1:38:97,2,1,1,0,128,177,743,662,678,911,976,473,373,473,517,315,321,888,240,337,755,819,785,222,839,663,49,643,14,959,338,800,131,891,29,599,314,73,92,57,81,68,83,39,66,65,63,52,54,65,39,79,49,85,75,44,67,31,42,33,57,63,49,33,38,50,62,76,61
[ 28.572441] wil6210-aoa$0,1606461627.112778,04:d6:aa:c1:38:97,2,1,1,2,128,177,743,662,678,911,976,473,373,473,517,315,321,888,240,337,755,819,785,222,839,663,49,643,14,959,338,800,131,891,29,599,314,73,92,57,81,68,83,39,66,65,63,52,54,65,39,79,49,85,75,44,67,31,42,33,57,63,49,33,38,50,62,76,61
[ 28.599685] wil6210-aoa$0,1606461627.140026,04:d6:aa:c1:38:97,2,1,1,0,128,203,799,659,689,907,960,410,370,450,498,331,347,770,150,295,689,256,611,619,638,102,902,632,37,378,482,319,315,856,1009,871,799,73,93,59,81,67,85,39,65,66,64,51,54,67,39,80,49,83,75,43,66,35,39,30,57,60,48,33,38,50,67,76,61
[ 28.628254] wil6210-aoa$0,1606461627.168589,04:d6:aa:c1:38:97,2,1,1,0,128,631,599,635,646,897,971,391,313,863,319,299,289,290,2,784,569,253,579,263,895,737,130,646,45,438,471,336,331,460,196,97,955,74,92,62,84,70,87,38,65,66,65,53,57,69,42,81,53,88,75,43,68,36,44,35,60,66,52,36,44,53,70,83,67
[ 28.656989] wil6210-aoa$0,1606461627.197329,04:d6:aa:c1:38:97,2,1,1,0,128,707,669,41,471,908,998,862,114,469,510,760,78,269,5,770,474,871,839,175,820,718,92,622,8,373,458,758,84,994,3,951,818,72,91,60,81,68,85,40,64,67,65,53,57,69,42,82,49,84,73,46,67,36,43,35,59,64,52,37,42,54,68,82,66
[ 28.682802] wil6210-aoa$0,1606461627.223137,04:d6:aa:c1:38:97,2,1,1,0,128,706,635,98,511,900,972,904,125,930,320,251,247,908,243,735,480,857,807,128,795,91,890,81,852,887,250,822,138,915,1009,981,830,72,92,61,78,66,82,37,66,65,63,51,52,66,37,76,47,82,72,43,66,33,41,33,55,62,48,31,37,49,63,76,58
[ 28.712898] wil6210-aoa$0,1606461627.253239,04:d6:aa:c1:38:97,2,1,1,0,128,200,807,753,790,955,989,449,377,525,580,213,250,914,233,259,730,845,806,195,846,745,109,656,49,465,470,314,315,414,155,166,93,72,92,59,82,69,85,40,65,65,64,53,54,67,39,81,49,84,75,43,68,34,40,32,57,61,49,35,38,49,64,76,62
[ 28.736459] wil6210-aoa$0,1606461627.276799,04:d6:aa:c1:38:97,2,1,1,0,128,605,561,136,525,387,794,909,166,942,348,265,233,895,253,741,525,821,818,641,603,175,944,632,25,441,497,358,334,880,1016,243,86,72,91,62,83,68,85,40,65,68,66,52,55,69,42,81,51,85,74,44,67,36,42,33,56,67,53,36,41,53,68,82,65
[ 28.765719] wil6210-aoa$0,1606461627.306054,04:d6:aa:c1:38:97,2,1,1,0,128,178,771,627,682,373,787,449,331,420,469,250,280,814,188,795,542,872,875,128,809,119,960,112,874,854,253,765,86,893,980,128,28,80,100,64,90,73,93,42,71,72,71,56,59,73,42,88,54,93,82,49,73,38,45,36,62,70,54,37,42,55,74,84,69
[ 28.796577] wil6210-aoa$0,1606461627.336917,04:d6:aa:c1:38:97,2,1,1,0,128,150,755,706,716,941,1007,376,334,440,477,321,302,939,287,340,746,820,819,249,903,722,153,690,113,413,486,339,313,489,231,687,413,72,93,59,81,68,84,38,65,64,62,50,52,65,40,80,48,83,72,43,64,33,39,30,55,60,47,31,37,48,61,72,57
[ 28.821858] wil6210-aoa$0,1606461627.362193,04:d6:aa:c1:38:97,2,1,1,0,128,671,603,45,445,417,806,886,143,973,332,724,36,341,21,799,536,285,612,688,593,169,931,645,9,402,467,309,288,367,121,124,1003,73,95,58,81,66,81,38,62,64,62,51,53,65,37,76,46,81,73,43,63,32,38,30,52,58,45,30,32,43,58,69,53
[ 28.853280] wil6210-aoa$0,1606461627.393616,04:d6:aa:c1:38:97,2,1,1,0,128,677,606,655,667,922,976,329,280,905,304,754,64,311,990,783,539,847,819,209,849,654,30,581,1009,400,475,287,267,487,186,4,841,73,92,63,84,68,86,39,65,67,66,51,55,70,42,82,48,86,75,46,67,37,41,34,58,65,52,35,41,51,68,81,66
[ 28.888780] wil6210-aoa$0,1606461627.429091,04:d6:aa:c1:38:97,2,1,1,0,128,181,773,667,692,988,25,414,352,499,565,273,274,876,242,266,710,880,853,109,808,698,93,611,36,427,495,823,126,928,8,369,316,71,93,60,82,67,84,37,65,63,63,50,54,66,38,78,48,82,73,43,66,34,40,32,57,62,49,32,39,49,64,77,59
[ 28.922269] wil6210-aoa$0,1606461627.462608,04:d6:aa:c1:38:97,2,1,1,0,128,216,806,632,686,360,835,426,365,487,603,264,309,811,180,721,514,271,628,184,852,670,90,625,4,907,297,353,365,417,159,430,228,74,93,60,82,69,89,38,65,66,65,54,56,69,42,82,52,86,75,45,70,36,45,34,60,66,52,35,41,54,69,81,68
[ 28.946217] wil6210-aoa$0,1606461627.486557,04:d6:aa:c1:38:97,2,1,1,0,128,171,788,677,718,934,14,434,352,480,534,248,274,874,216,294,738,830,812,180,808,768,128,624,19,469,528,321,292,455,165,702,636,72,90,61,81,69,87,39,66,65,63,53,56,69,40,82,50,85,73,43,69,36,43,33,59,66,52,35,43,55,68,82,67
[ 28.975156] wil6210-aoa$0,1606461627.515491,04:d6:aa:c1:38:97,2,1,1,0,128,219,847,624,676,897,1005,421,333,442,498,287,305,899,240,278,696,783,786,221,840,712,72,657,22,420,461,284,278,420,172,718,566,73,93,60,83,68,86,39,65,65,65,53,53,67,40,80,51,87,76,46,67,36,43,32,59,66,52,35,40,54,66,82,66
[ 29.005397] wil6210-aoa$0,1606461627.545737,04:d6:aa:c1:38:97,2,1,1,0,128,175,783,702,743,971,9,445,412,463,501,245,295,285,29,317,720,852,840,235,907,659,62,647,15,512,511,357,334,475,176,812,569,71,91,57,79,65,82,36,64,63,60,49,50,63,35,76,46,80,69,43,62,31,37,30,51,58,45,29,33,45,58,68,51
[ 29.030750] wil6210-aoa$0,1606461627.571086,04:d6:aa:c1:38:97,2,1,1,0,128,142,776,697,691,426,812,871,139,453,536,275,301,292,50,711,515,838,843,664,688,695,93,684,62,441,523,337,315,481,206,300,90,70,90,60,83,68,85,38,66,64,64,51,54,67,39,79,49,84,74,43,66,35,42,34,58,62,50,34,38,52,66,76,61
[ 29.061796] wil6210-aoa$0,1606461627.602135,04:d6:aa:c1:38:97,2,1,1,0,128,657,609,88,495,964,1003,881,175,467,519,242,265,846,191,737,499,273,576,636,609,169,887,130,864,435,503,253,245,888,1021,274,112,74,91,62,85,68,87,39,64,68,66,52,55,70,40,81,49,87,75,46,69,35,44,35,60,65,53,36,42,54,68,81,68
[ 29.091398] wil6210-aoa$0,1606461627.631737,04:d6:aa:c1:38:97,2,1,1,0,128,151,798,699,743,942,998,410,323,468,530,314,291,884,228,360,741,873,856,241,898,629,61,601,0,867,274,335,305,368,135,452,338,74,88,59,79,67,83,38,62,65,64,51,55,66,38,79,49,82,73,44,67,34,40,34,58,64,49,34,38,50,66,77,63
[ 29.115300] wil6210-aoa$0,1606461627.655640,04:d6:aa:c1:38:97,2,1,1,0,128,188,773,633,691,904,978,424,336,449,490,266,262,882,196,786,544,776,731,649,645,673,88,107,863,856,269,368,298,462,163,551,453,72,89,58,82,65,83,37,62,62,62,50,50,66,36,74,46,82,71,43,62,33,36,30,54,58,44,30,34,45,59,70,58
[ 29.145990] wil6210-aoa$0,1606461627.686326,04:d6:aa:c1:38:97,2,1,1,0,128,188,795,627,676,409,809,511,407,383,477,794,117,920,241,285,735,888,841,201,864,746,158,636,37,442,512,356,349,480,228,507,306,73,93,60,83,67,85,38,64,65,64,53,56,66,40,81,50,87,75,43,67,35,43,33,58,63,50,35,39,50,65,78,63
[ 29.170974] wil6210-aoa$0,1606461627.711310,04:d6:aa:c1:38:97,2,1,1,0,128,637,592,110,489,967,1022,410,356,433,508,295,286,844,168,281,676,264,609,666,635,149,918,647,9,431,492,263,284,406,140,272,177,72,91,60,81,70,85,38,66,67,64,53,58,68,39,82,49,87,74,44,68,35,43,32,57,64,50,35,39,53,69,80,65
[ 29.200326] wil6210-aoa$0,1606461627.740667,04:d6:aa:c1:38:97,2,1,1,0,128,196,802,628,658,922,999,419,307,422,494,257,263,883,240,316,750,832,841,597,600,222,974,610,42,445,526,297,286,440,173,551,347,72,91,61,83,67,87,38,66,65,63,51,52,67,38,79,50,83,73,43,67,35,40,32,57,63,51,34,38,49,66,77,61
[ 29.229751] wil6210-aoa$0,1606461627.770090,04:d6:aa:c1:38:97,2,1,1,0,128,196,780,665,684,950,1022,401,321,420,513,306,287,802,192,322,709,794,793,161,797,156,909,664,86,390,484,336,333,436,161,934,785,73,94,60,85,67,85,36,64,63,62,51,53,67,38,77,48,84,75,43,64,34,40,32,59,63,49,34,39,50,65,78,62
[ 29.254059] wil6210-aoa$0,1606461627.794399,04:d6:aa:c1:38:97,2,1,1,0,128,154,768,658,688,947,1022,415,371,925,349,747,110,899,210,331,718,829,792,186,844,757,102,93,844,885,270,795,133,384,150,492,375,71,93,60,81,68,86,38,64,66,65,52,55,67,41,81,49,87,76,45,69,34,42,34,59,63,49,35,40,52,67,79,65
[ 29.280425] wil6210-aoa$0,1606461627.820766,04:d6:aa:c1:38:97,2,1,1,0,128,696,616,98,494,328,792,443,345,471,541,245,279,867,240,249,712,812,814,143,841,728,91,25,851,452,529,808,109,943,25,513,389,72,92,58,81,69,85,38,66,67,64,51,55,67,39,78,49,84,75,44,67,35,41,33,58,62,48,34,38,50,63,74,60
[ 29.311898] wil6210-aoa$0,1606461627.852235,04:d6:aa:c1:38:97,2,1,1,0,128,178,796,662,717,859,991,412,375,448,513,277,311,907,253,300,736,814,807,186,835,628,62,650,41,858,268,355,336,426,176,360,136,75,95,59,83,68,86,39,65,66,66,52,56,69,41,82,49,87,74,44,68,35,44,33,60,63,53,38,41,53,68,83,67
[ 29.340259] wil6210-aoa$0,1606461627.880599,04:d6:aa:c1:38:97,2,1,1,0,128,676,625,111,502,347,811,815,103,927,302,769,89,327,1001,768,545,273,633,682,588,174,945,51,838,915,285,772,85,926,1005,620,566,74,92,62,84,68,88,40,65,67,64,52,58,67,40,83,51,87,76,47,67,37,46,34,60,63,52,38,42,54,69,82,67
[ 29.368302] wil6210-aoa$0,1606461627.908639,04:d6:aa:c1:38:97,2,1,1,0,128,211,806,676,759,950,1019,429,357,416,492,317,341,822,236,281,721,856,832,160,866,660,74,621,1009,471,531,375,350,480,195,620,432,74,93,62,80,67,85,38,65,64,64,52,57,67,42,83,49,87,76,47,70,35,42,35,60,63,51,36,40,54,68,82,66
[ 29.399820] wil6210-aoa$0,1606461627.940156,04:d6:aa:c1:38:97,2,1,1,0,128,614,593,658,714,385,788,407,332,894,286,312,303,921,275,261,700,842,815,640,637,657,95,556,1008,433,506,328,329,454,198,128,2,73,93,59,82,65,85,39,63,64,63,50,54,65,39,78,47,84,73,45,66,33,42,32,56,61,48,34,39,50,65,76,62
[ 29.431025] wil6210-aoa$0,1606461627.971362,04:d6:aa:c1:38:97,2,1,1,0,128,220,817,659,687,947,4,486,397,482,530,292,293,869,195,285,676,842,772,700,660,759,94,697,74,408,497,758,118,439,171,123,980,82,103,67,91,76,96,43,72,72,73,59,63,76,47,91,56,97,84,50,76,42,48,38,69,74,59,43,46,63,78,93,77
[ 29.455568] wil6210-aoa$0,1606461627.995908,04:d6:aa:c1:38:97,2,1,1,0,128,653,575,121,523,382,827,456,353,904,294,689,49,343,30,279,718,817,840,205,831,699,97,582,988,920,294,288,269,928,1015,1015,861,72,93,59,80,67,85,36,64,63,64,51,54,67,37,77,47,83,74,43,67,35,41,31,56,63,48,34,37,49,64,76,59
[ 29.483320] wil6210-aoa$0,1606461628.023656,04:d6:aa:c1:38:97,2,1,1,0,128,617,601,614,708,442,843,415,315,475,553,266,333,856,242,317,769,764,761,657,611,730,93,694,48,429,497,311,290,926,9,601,472,73,92,61,83,67,85,37,66,66,62,48,53,64,39,77,47,84,75,44,67,32,39,31,55,60,47,33,37,47,63,74,59
[ 29.514478] wil6210-aoa$0,1606461628.054814,04:d6:aa:c1:38:97,2,1,1,0,128,215,800,656,693,919,977,453,365,452,523,348,378,872,263,285,735,793,802,238,901,770,146,657,24,459,509,309,291,435,173,540,339,72,90,59,81,65,83,36,62,64,61,49,51,67,38,76,46,82,72,44,65,33,41,31,55,61,47,35,37,48,63,77,63
[ 29.544735] wil6210-aoa$0,1606461628.085075,04:d6:aa:c1:38:97,2,1,1,0,128,660,603,105,507,356,773,989,178,911,307,313,294,807,149,299,709,811,785,191,828,628,43,94,862,903,337,833,111,485,199,939,719,74,92,62,83,68,85,38,65,64,62,51,54,67,37,79,49,84,74,43,67,34,42,33,55,63,49,34,39,49,65,78,64
[ 29.571877] wil6210-aoa$0,1606461628.112213,04:d6:aa:c1:38:97,2,1,1,0,128,182,829,66,486,425,835,462,359,457,535,281,274,856,236,238,689,788,762,193,801,648,61,604,32,403,461,336,303,485,219,178,998,73,90,61,80,67,85,38,66,66,65,51,56,68,40,81,49,86,74,44,68,35,43,34,59,64,51,36,40,53,68,81,66
[ 29.602403] wil6210-aoa$0,1606461628.142743,04:d6:aa:c1:38:97,2,1,1,0,128,194,803,674,726,980,1014,419,375,493,561,319,316,903,223,272,748,876,852,188,867,625,14,667,30,498,517,331,273,453,187,1,894,70,90,60,81,65,82,38,64,62,64,51,53,66,38,79,49,83,76,43,67,34,42,33,59,61,51,34,39,51,66,78,63
[ 29.627285] wil6210-aoa$0,1606461628.167624,04:d6:aa:c1:38:97,2,1,1,0,128,238,799,675,721,932,1005,413,344,405,485,705,54,255,1015,797,556,273,604,638,627,115,902,648,22,440,491,313,276,490,227,201,5,74,89,63,82,66,88,40,65,67,65,52,57,69,42,82,52,87,74,46,68,37,44,34,61,68,54,38,43,56,72,83,68
[ 29.656225] wil6210-aoa$0,1606461628.196560,04:d6:aa:c1:38:97,2,1,1,0,128,235,854,669,711,959,1016,444,339,438,491,264,324,792,193,271,688,810,779,246,875,680,101,702,79,415,467,368,302,495,179,980,797,74,90,61,83,67,86,38,64,67,64,52,55,68,42,81,50,88,75,45,68,37,44,34,60,63,52,36,42,54,68,81,66
[ 29.686960] wil6210-aoa$0,1606461628.227300,04:d6:aa:c1:38:97,2,1,1,0,128,190,773,666,653,915,957,872,122,888,292,220,205,353,32,806,560,266,591,230,820,705,59,657,1018,415,474,335,291,462,210,785,589,73,95,61,82,67,86,37,64,66,63,52,54,66,41,78,47,84,72,43,66,34,40,32,55,62,48,32,37,47,63,75,59
[ 29.716221] wil6210-aoa$0,1606461628.256557,04:d6:aa:c1:38:97,2,1,1,0,128,209,826,565,649,957,1002,389,274,419,514,222,233,895,209,330,782,824,843,194,852,725,130,624,21,409,489,793,133,459,173,683,464,79,97,64,88,71,92,41,69,68,70,58,59,74,45,86,55,92,81,49,74,40,47,36,64,70,55,40,45,56,73,90,70
[ 29.747267] wil6210-aoa$0,1606461628.287609,04:d6:aa:c1:38:97,2,1,1,0,128,173,817,644,687,942,21,406,352,485,525,271,244,902,253,227,710,850,819,208,869,655,62,649,17,487,512,281,257,433,190,280,12,70,88,60,80,65,83,38,63,66,64,51,54,67,41,80,49,86,74,45,67,35,41,32,59,64,52,34,40,54,69,82,68
[ 29.774644] wil6210-aoa$0,1606461628.314979,04:d6:aa:c1:38:97,2,1,1,0,128,184,790,76,478,389,766,923,170,430,474,702,40,339,28,765,517,831,799,137,756,716,78,625,1014,374,449,276,265,878,960,399,283,69,87,60,80,65,85,39,64,64,64,50,55,66,39,80,49,84,71,42,67,35,41,33,59,65,50,35,40,53,65,78,63
[ 29.806051] wil6210-aoa$0,1606461628.346391,04:d6:aa:c1:38:97,2,1,1,0,128,659,649,3,429,433,860,843,109,883,257,697,83,932,250,325,740,818,800,195,795,616,55,624,12,412,469,814,124,466,180,417,307,69,89,60,79,64,81,36,61,63,63,50,53,65,37,76,46,81,70,43,64,33,39,29,55,60,47,33,37,49,62,74,60
[ 29.832521] wil6210-aoa$0,1606461628.372856,04:d6:aa:c1:38:97,2,1,1,0,128,137,754,645,720,933,1021,343,317,490,580,290,325,912,292,280,728,869,810,162,827,699,65,670,41,430,506,371,328,454,176,1001,782,71,89,59,78,66,84,38,64,64,64,51,56,68,39,80,49,84,73,43,66,34,44,33,58,62,51,35,41,53,68,80,66
[ 29.864788] wil6210-aoa$0,1606461628.405123,04:d6:aa:c1:38:97,2,1,1,0,128,254,852,95,488,948,985,449,332,447,524,703,14,354,40,341,773,836,800,183,807,734,139,572,989,436,453,301,306,474,202,797,587,68,90,58,78,63,82,36,59,61,57,47,48,64,35,75,45,80,72,43,62,31,36,30,52,59,44,32,35,44,59,69,53
[ 29.894783] wil6210-aoa$0,1606461628.435123,04:d6:aa:c1:38:97,2,1,1,0,128,218,841,606,675,918,1001,465,375,498,539,319,320,911,238,244,697,271,631,656,651,153,929,681,66,467,521,272,280,433,169,404,280,69,86,55,78,62,78,35,59,62,59,48,50,60,33,72,44,76,69,41,61,30,35,28,49,54,41,27,32,39,56,65,52
[ 29.923291] wil6210-aoa$0,1606461628.463626,04:d6:aa:c1:38:97,2,1,1,0,128,195,797,617,660,929,992,448,382,342,436,315,244,889,264,211,658,827,815,180,797,159,914,53,836,459,510,288,296,460,196,530,371,69,88,58,77,62,78,36,61,63,61,48,53,61,35,76,47,80,71,41,65,32,37,32,54,60,47,32,36,47,62,73,58
[ 29.953943] wil6210-aoa$0,1606461628.494281,04:d6:aa:c1:38:97,2,1,1,0,128,216,823,656,708,922,1022,367,299,457,549,236,274,939,280,296,711,895,887,206,846,752,109,656,58,377,452,808,113,401,155,675,600,76,99,64,88,68,90,40,68,67,66,53,55,68,38,81,50,86,77,45,69,36,43,33,60,64,50,34,40,54,68,77,63
[ 29.979071] wil6210-aoa$0,1606461628.519410,04:d6:aa:c1:38:97,2,1,1,0,128,156,776,679,684,933,1004,392,314,410,463,306,309,869,228,286,734,846,799,170,789,718,85,662,30,410,465,361,350,374,144,299,95,76,98,61,87,69,89,39,67,68,65,52,54,67,38,79,51,85,76,47,68,34,40,33,57,63,48,34,37,51,64,79,65
[ 30.009460] wil6210-aoa$0,1606461628.549795,04:d6:aa:c1:38:97,2,1,1,0,128,206,815,684,725,871,944,386,326,415,505,296,297,873,262,288,746,876,855,171,826,709,94,615,61,394,528,352,345,448,206,531,345,67,90,58,76,64,80,38,62,63,61,47,49,63,37,76,44,80,70,42,64,31,37,30,53,58,46,30,35,45,60,70,57
[ 30.035268] wil6210-aoa$0,1606461628.575604,04:d6:aa:c1:38:97,2,1,1,0,128,218,814,600,670,941,4,440,345,430,491,239,250,847,225,261,730,755,759,637,671,733,117,604,1020,455,497,339,329,468,190,501,348,79,99,63,88,70,88,40,67,66,65,53,56,69,39,83,51,86,79,46,71,34,42,34,58,63,47,34,37,49,67,78,60
[ 30.068090] wil6210-aoa$0,1606461628.608426,04:d6:aa:c1:38:97,2,1,1,0,128,304,866,698,790,1001,21,467,374,412,533,262,274,876,201,343,776,872,827,218,837,657,38,679,53,474,524,326,363,440,180,860,703,72,92,60,82,67,83,38,63,63,63,51,52,68,40,77,48,82,74,44,64,33,41,33,56,61,48,34,39,51,63,79,61
[ 30.094681] wil6210-aoa$0,1606461628.635021,04:d6:aa:c1:38:97,2,1,1,0,128,112,716,682,727,919,965,908,160,461,523,767,97,236,1019,275,705,280,617,706,652,166,912,636,53,408,500,311,339,398,178,100,989,77,99,65,87,72,92,41,69,70,69,55,59,70,39,83,51,88,80,46,70,36,43,33,60,64,51,34,40,52,66,78,63
[ 30.124928] wil6210-aoa$0,1606461628.665268,04:d6:aa:c1:38:97,2,1,1,0,128,219,789,657,725,922,1009,422,350,438,519,353,354,867,236,251,704,771,774,647,629,690,120,599,22,392,467,328,316,460,231,571,343,76,100,62,87,70,91,40,69,68,66,53,54,71,42,83,51,86,78,47,69,36,42,34,61,64,51,35,39,52,67,83,65
[ 30.153478] wil6210-aoa$0,1606461628.693814,04:d6:aa:c1:38:97,2,1,1,0,128,189,801,651,706,939,987,481,358,423,508,277,290,307,17,810,556,854,839,216,856,650,67,658,38,410,518,325,329,456,210,681,569,77,95,62,84,70,88,42,66,69,68,54,58,72,44,85,52,90,78,45,68,37,46,34,63,69,53,38,44,56,71,87,70
[ 30.184194] wil6210-aoa$0,1606461628.724533,04:d6:aa:c1:38:97,2,1,1,0,128,190,838,658,712,937,13,428,369,460,520,311,296,955,259,326,732,841,831,180,856,703,70,639,11,440,512,316,330,422,122,582,357,68,88,57,78,65,82,37,63,62,61,49,52,64,37,78,48,82,72,42,65,33,41,32,56,62,49,34,39,51,65,79,64
[ 30.209229] wil6210-aoa$0,1606461628.749568,04:d6:aa:c1:38:97,2,1,1,0,128,675,653,84,467,969,6,472,404,497,549,288,263,878,235,305,731,791,776,656,609,260,959,657,38,453,481,290,303,896,1013,201,133,76,95,61,85,69,87,39,67,69,67,54,56,70,41,84,50,88,79,47,69,36,42,34,58,65,50,37,40,52,68,83,65
[ 30.240094] wil6210-aoa$0,1606461628.780429,04:d6:aa:c1:38:97,2,1,1,0,128,154,749,107,491,957,1014,445,345,471,527,267,296,867,224,166,664,818,796,649,632,704,86,637,33,406,508,765,82,444,202,468,279,65,87,57,77,62,79,36,62,62,60,50,49,63,37,72,44,79,70,42,62,31,36,30,52,59,42,30,33,44,59,70,56
[ 30.265397] wil6210-aoa$0,1606461628.805734,04:d6:aa:c1:38:97,2,1,1,0,128,175,819,611,688,907,954,441,355,489,560,255,302,833,212,342,768,819,795,209,901,649,40,658,36,888,312,330,306,419,160,755,549,68,85,58,77,62,80,37,62,62,59,49,52,63,36,74,48,83,71,42,66,34,41,31,56,61,49,34,39,51,65,77,61
[ 30.298263] wil6210-aoa$0,1606461628.838599,04:d6:aa:c1:38:97,2,1,1,0,128,121,765,51,493,958,1013,411,363,462,501,279,256,855,214,330,758,799,792,649,605,177,925,100,843,908,309,799,108,939,1021,780,643,74,95,63,86,66,84,38,66,66,64,52,52,67,38,78,48,86,75,43,67,35,39,32,58,63,47,30,36,46,61,74,59
[ 30.331198] wil6210-aoa$0,1606461628.871534,04:d6:aa:c1:38:97,2,1,1,0,128,657,575,654,645,890,968,412,325,425,463,264,268,295,1020,258,722,794,810,654,641,670,94,639,46,813,267,334,302,904,1005,513,379,69,87,56,73,64,82,38,63,62,61,50,52,64,38,78,46,81,71,42,64,34,41,32,56,61,49,35,39,49,65,78,64
[ 30.360274] wil6210-aoa$0,1606461628.900614,04:d6:aa:c1:38:97,2,1,1,0,128,185,816,660,724,946,981,458,360,396,480,297,282,891,242,252,675,825,799,654,655,146,906,718,16,354,451,764,102,895,982,442,378,74,97,62,84,71,87,39,66,67,66,52,53,69,40,82,50,86,76,46,68,34,41,34,60,66,50,36,41,51,66,80,65
[ 30.390619] wil6210-aoa$0,1606461628.930959,04:d6:aa:c1:38:97,2,1,1,0,128,697,622,109,494,408,833,834,108,930,294,797,105,314,37,801,564,837,783,158,748,157,910,60,819,918,291,359,295,514,206,24,913,67,88,58,79,63,82,36,61,62,62,50,52,64,37,77,46,80,70,41,64,34,41,31,55,60,46,33,37,51,64,77,59
[ 30.417285] wil6210-aoa$0,1606461628.957626,04:d6:aa:c1:38:97,2,1,1,0,128,664,597,681,685,921,977,903,163,428,510,270,318,278,999,342,724,894,842,168,818,730,125,626,20,881,281,323,350,395,154,462,397,70,95,60,85,65,83,36,66,63,60,49,49,65,36,76,44,79,73,43,63,30,36,29,51,58,45,29,31,43,61,73,51
[ 30.448390] wil6210-aoa$0,1606461628.988725,04:d6:aa:c1:38:97,2,1,1,0,128,154,796,623,699,931,989,427,360,436,527,239,273,889,236,312,791,793,781,239,852,675,65,680,40,452,514,331,321,398,145,190,47,77,99,66,88,73,91,41,70,67,69,56,59,74,44,85,54,94,81,47,73,39,46,37,65,71,55,38,44,57,75,89,72
[ 30.481062] wil6210-aoa$0,1606461629.021400,04:d6:aa:c1:38:97,2,1,1,0,128,229,838,566,611,976,996,829,111,940,359,314,248,943,284,273,683,834,803,238,849,733,107,580,1008,917,300,356,315,455,222,190,106,72,89,60,82,67,83,38,63,64,62,50,53,67,38,79,48,84,72,46,64,34,41,32,55,61,49,34,38,49,62,78,61
[ 30.513945] wil6210-aoa$0,1606461629.054279,04:d6:aa:c1:38:97,2,1,1,0,128,212,820,626,652,967,0,413,350,897,297,778,76,367,98,228,709,884,790,218,826,719,107,623,43,455,505,318,312,479,216,888,710,73,89,61,79,66,86,38,63,64,63,53,58,67,39,82,50,86,72,44,68,36,45,33,60,65,53,37,41,56,67,83,69
[ 30.546297] wil6210-aoa$0,1606461629.086635,04:d6:aa:c1:38:97,2,1,1,0,128,149,790,671,709,358,768,433,354,416,493,330,301,862,222,306,743,788,740,220,832,113,938,77,855,913,266,840,128,433,197,225,996,75,97,62,88,71,89,40,68,70,68,54,57,70,43,81,50,89,79,45,70,36,44,33,58,65,50,35,38,51,68,80,63
[ 30.579403] wil6210-aoa$0,1606461629.119741,04:d6:aa:c1:38:97,2,1,1,0,128,232,836,642,678,949,1022,426,341,436,528,261,276,833,232,236,680,857,855,127,777,188,935,614,17,392,492,350,340,402,174,868,783,75,97,63,84,70,87,41,66,67,64,53,52,69,38,82,50,85,79,46,68,35,42,32,57,64,49,31,36,49,64,77,59
[ 30.604842] wil6210-aoa$0,1606461629.145182,04:d6:aa:c1:38:97,2,1,1,0,128,132,787,641,723,915,976,410,318,483,525,335,307,840,195,322,748,856,809,217,882,688,96,650,70,429,504,257,289,431,196,7,793,73,97,61,86,69,88,39,65,67,65,53,52,67,39,80,48,85,78,45,67,34,41,33,56,64,49,34,37,52,65,79,61
[ 30.634707] wil6210-aoa$0,1606461629.175044,04:d6:aa:c1:38:97,2,1,1,0,128,163,795,643,694,949,1017,432,344,427,505,297,275,875,213,254,677,284,601,234,872,727,92,680,49,373,473,291,307,485,180,584,425,74,94,60,83,70,86,41,66,67,67,52,57,70,40,82,50,84,74,46,67,34,42,34,59,65,50,35,41,54,67,83,66
[ 30.666759] wil6210-aoa$0,1606461629.207099,04:d6:aa:c1:38:97,2,1,1,0,128,587,579,101,512,382,828,448,334,865,262,708,35,333,49,256,705,233,585,664,635,116,919,54,813,928,288,809,89,879,983,151,169,74,96,63,85,69,87,37,67,69,66,52,55,70,39,82,50,85,76,46,70,35,43,33,60,66,52,34,38,51,66,79,64
[ 30.695160] wil6210-aoa$0,1606461629.235495,04:d6:aa:c1:38:97,2,1,1,0,128,174,787,59,486,377,786,941,180,492,542,200,273,310,17,826,577,299,645,213,857,725,117,621,1022,428,464,308,270,432,183,584,406,73,95,60,83,69,88,40,66,66,65,54,55,68,40,83,49,86,77,45,70,35,42,33,58,63,49,35,38,51,66,81,63
[ 30.727116] wil6210-aoa$0,1606461629.267455,04:d6:aa:c1:38:97,2,1,1,0,128,140,824,596,653,409,835,883,191,498,552,250,266,937,248,747,498,842,782,761,699,700,89,691,34,495,531,331,331,400,155,412,220,74,92,60,84,68,86,39,66,67,67,52,56,70,41,81,49,87,78,45,70,36,44,35,59,66,51,36,42,56,69,82,67
[ 30.755973] wil6210-aoa$0,1606461629.296308,04:d6:aa:c1:38:97,2,1,1,0,128,186,813,659,685,982,1014,378,345,416,515,232,241,868,232,271,696,235,579,168,820,216,968,648,51,469,511,285,284,406,172,415,277,75,93,63,84,69,89,41,67,69,68,54,59,71,41,86,52,88,78,46,70,39,45,36,65,68,55,37,44,57,72,88,71
[ 30.782264] wil6210-aoa$0,1606461629.322601,04:d6:aa:c1:38:97,2,1,1,0,128,222,831,78,506,979,1005,452,392,416,495,270,273,374,68,240,701,847,790,174,848,750,91,661,1011,470,511,275,256,432,185,843,640,73,95,63,84,68,88,40,66,70,68,54,58,72,42,85,53,91,79,46,71,37,44,36,62,70,55,38,42,57,71,86,71
[ 30.808182] wil6210-aoa$0,1606461629.348522,04:d6:aa:c1:38:97,2,1,1,0,128,220,783,603,682,894,967,424,339,473,518,229,212,344,4,292,690,885,825,202,801,756,84,645,1005,410,498,333,301,439,174,185,77,71,94,60,83,68,85,38,67,64,62,50,51,65,35,78,44,83,74,43,64,30,37,29,52,58,45,29,34,45,58,70,53
[ 30.836609] wil6210-aoa$0,1606461629.376944,04:d6:aa:c1:38:97,2,1,1,0,128,193,801,647,700,862,955,901,161,406,513,288,295,855,188,262,723,860,833,172,802,683,106,702,60,398,490,324,320,435,211,576,452,77,100,62,85,71,90,41,67,68,65,52,56,71,41,86,52,87,77,47,70,36,44,34,61,68,53,35,41,55,68,81,66
[ 30.869862] wil6210-aoa$0,1606461629.410197,04:d6:aa:c1:38:97,2,1,1,0,128,181,791,632,672,902,1012,393,301,439,522,264,263,909,238,321,710,814,758,145,799,739,81,613,1018,451,490,293,265,947,1020,329,188,77,100,64,87,72,91,42,68,70,68,55,59,70,43,84,52,92,80,47,72,37,43,34,59,67,50,34,40,52,70,80,64
[ 30.903351] wil6210-aoa$0,1606461629.443685,04:d6:aa:c1:38:97,2,1,1,0,128,169,769,662,682,952,2,427,322,501,567,331,305,840,197,350,745,889,816,211,832,690,81,675,47,425,476,299,311,392,147,641,400,77,99,66,88,73,90,42,70,72,70,55,61,73,43,90,53,92,80,49,72,38,46,36,62,69,53,37,42,54,72,85,67
[ 30.931815] wil6210-aoa$0,1606461629.472151,04:d6:aa:c1:38:97,2,1,1,0,128,200,823,652,701,962,6,392,323,928,297,701,40,333,0,721,501,271,611,149,818,726,101,614,1009,456,480,340,288,502,217,974,724,79,98,65,88,74,93,41,69,71,69,57,55,73,43,87,51,91,80,47,71,37,43,36,62,65,52,37,41,53,70,85,68
[ 30.961070] wil6210-aoa$0,1606461629.501409,04:d6:aa:c1:38:97,2,1,1,0,128,263,852,659,688,992,24,345,268,945,357,715,83,333,21,766,535,311,624,686,668,657,35,706,18,896,272,325,292,897,995,209,125,76,95,63,84,71,90,41,68,68,69,55,58,73,42,86,53,91,77,46,69,36,45,34,61,67,54,38,41,55,71,86,68
[ 30.992897] wil6210-aoa$0,1606461629.533231,04:d6:aa:c1:38:97,2,1,1,0,128,179,751,664,682,1010,38,340,279,392,456,688,22,277,1006,295,685,287,643,652,623,164,911,645,1007,404,489,309,293,410,173,454,348,74,98,63,86,70,89,39,65,70,68,52,55,73,43,82,50,88,77,45,69,36,43,34,59,64,51,35,38,52,68,83,64
[ 31.026418] wil6210-aoa$0,1606461629.566754,04:d6:aa:c1:38:97,2,1,1,0,128,149,788,677,730,947,994,423,346,388,492,269,274,266,1014,792,563,841,820,197,809,718,107,635,29,482,541,257,269,440,173,555,422,69,87,57,78,62,80,36,62,62,60,49,52,63,39,76,48,81,72,40,64,34,40,32,56,60,49,31,37,49,64,75,60
[ 31.052853] wil6210-aoa$0,1606461629.593192,04:d6:aa:c1:38:97,2,1,1,0,128,660,624,711,718,949,13,440,343,423,503,309,307,929,272,279,686,836,776,198,844,180,927,74,828,428,538,309,312,499,149,512,351,76,96,62,84,72,91,40,67,69,68,54,61,70,42,86,52,90,78,46,70,37,46,35,64,71,57,40,46,58,73,88,72
[ 31.078715] wil6210-aoa$0,1606461629.619054,04:d6:aa:c1:38:97,2,1,1,0,128,178,776,683,721,892,996,417,360,899,313,298,293,906,244,328,769,823,806,230,863,771,144,648,68,399,478,309,284,416,170,696,467,75,98,61,85,68,87,40,64,66,66,53,54,66,41,79,48,83,76,45,69,35,40,32,56,62,48,34,37,50,66,77,61
[ 31.108162] wil6210-aoa$0,1606461629.648497,04:d6:aa:c1:38:97,2,1,1,0,128,161,808,674,715,961,2,441,365,461,516,291,311,897,237,338,779,840,804,679,671,642,27,651,33,425,465,365,310,493,211,271,109,73,93,62,85,68,86,40,66,66,67,53,58,70,41,82,52,89,76,46,69,35,46,34,61,67,54,38,42,55,72,85,72
[ 31.141434] wil6210-aoa$0,1606461629.681769,04:d6:aa:c1:38:97,2,1,1,0,128,143,800,731,733,877,995,413,401,461,538,247,276,352,62,313,697,914,872,199,841,711,93,657,52,457,499,317,303,416,154,403,296,72,95,61,84,67,86,37,66,65,61,51,50,66,37,74,44,80,74,44,64,30,38,31,54,56,45,31,34,44,58,69,52
[ 31.174882] wil6210-aoa$0,1606461629.715216,04:d6:aa:c1:38:97,2,1,1,0,128,642,594,680,700,952,9,337,290,489,533,261,246,298,1004,776,535,270,609,686,641,752,89,116,863,905,283,312,318,916,997,823,802,72,93,61,83,68,85,38,65,65,65,51,53,67,40,79,47,83,74,43,65,33,39,31,54,60,47,32,35,47,62,73,57
[ 31.202460] wil6210-aoa$0,1606461629.742795,04:d6:aa:c1:38:97,2,1,1,0,128,256,861,595,639,967,1009,428,351,485,538,298,308,886,216,332,766,867,822,261,867,656,39,681,40,939,341,305,313,908,989,60,28,67,86,56,77,64,79,37,59,63,62,48,52,62,39,79,46,81,69,43,64,33,41,32,55,61,50,34,38,52,64,77,63
[ 31.230926] wil6210-aoa$0,1606461629.771268,04:d6:aa:c1:38:97,2,1,1,0,128,251,853,660,736,920,1005,463,347,425,525,233,262,327,1022,305,742,779,762,172,805,87,847,140,847,891,270,362,285,453,204,745,624,72,92,61,80,69,87,39,67,67,67,53,56,68,41,84,52,89,77,46,70,37,45,36,61,66,53,37,42,52,69,85,68
[ 31.262744] wil6210-aoa$0,1606461629.803087,04:d6:aa:c1:38:97,2,1,1,0,128,231,825,640,682,970,1022,422,344,458,542,291,315,906,255,334,751,847,784,229,851,773,125,698,71,453,560,290,267,464,165,151,23,72,88,60,80,65,82,37,63,62,62,50,52,65,39,78,47,84,72,43,64,33,41,33,58,63,48,34,36,47,63,77,62
[ 31.289422] wil6210-aoa$0,1606461629.829764,04:d6:aa:c1:38:97,2,1,1,0,128,146,795,650,695,953,1010,880,166,503,571,302,314,866,210,311,721,831,802,686,649,682,93,617,14,908,263,346,317,356,132,776,612,71,89,58,79,65,83,37,64,63,61,49,53,66,37,77,48,82,72,44,65,34,40,32,55,61,47,32,36,47,62,75,59
[ 31.320512] wil6210-aoa$0,1606461629.860851,04:d6:aa:c1:38:97,2,1,1,0,128,155,831,641,678,424,828,886,159,478,513,293,309,909,272,285,712,834,816,131,761,105,932,586,16,890,283,753,58,994,19,563,411,72,88,61,79,66,86,39,64,64,65,52,58,66,41,80,48,84,73,44,65,36,43,34,57,63,51,36,40,51,67,80,67
[ 31.346375] wil6210-aoa$0,1606461629.886714,04:d6:aa:c1:38:97,2,1,1,0,128,719,650,647,683,944,1014,394,311,462,533,675,90,306,37,293,719,914,846,177,801,678,88,67,829,967,342,295,256,424,173,638,469,78,99,66,88,74,92,43,70,69,67,54,59,74,42,87,53,94,80,47,73,37,45,36,62,68,55,38,43,55,73,84,71
[ 31.376670] wil6210-aoa$0,1606461629.917004,04:d6:aa:c1:38:97,2,1,1,0,128,100,784,653,685,928,999,972,201,465,502,259,287,306,27,299,745,840,822,655,616,749,142,630,46,400,488,783,94,909,1004,742,592,74,96,61,83,67,86,39,67,66,66,52,56,68,41,83,49,88,75,45,70,33,40,34,58,67,50,36,41,53,68,81,66
[ 31.402811] wil6210-aoa$0,1606461629.943151,04:d6:aa:c1:38:97,2,1,1,0,128,233,843,666,720,985,23,414,344,485,545,265,280,901,234,257,736,794,760,621,597,238,968,598,15,426,497,317,323,396,137,1019,806,77,94,62,85,71,92,40,65,68,69,53,57,72,43,85,52,90,77,47,71,40,46,35,63,69,55,38,43,56,73,89,73
[ 31.429183] wil6210-aoa$0,1606461629.969523,04:d6:aa:c1:38:97,2,1,1,0,128,130,774,732,758,942,965,485,363,395,495,341,340,848,242,259,696,281,619,639,636,171,927,102,852,917,310,355,324,375,167,912,783,74,97,61,85,69,89,38,66,67,65,50,55,70,42,82,49,87,77,47,69,35,42,34,59,64,50,35,41,51,67,83,65
[ 31.458618] wil6210-aoa$0,1606461629.998953,04:d6:aa:c1:38:97,2,1,1,0,128,645,610,128,524,1008,13,474,388,462,547,253,279,831,154,775,532,826,843,665,650,143,900,106,857,890,265,822,89,481,237,409,246,75,96,60,85,68,88,39,66,67,64,52,54,68,39,82,50,86,75,46,68,34,41,34,59,64,50,36,38,51,67,80,64
[ 31.492566] wil6210-aoa$0,1606461630.032901,04:d6:aa:c1:38:97,2,1,1,0,128,695,642,92,481,915,990,378,308,480,532,231,270,912,246,245,692,869,842,137,792,677,86,653,48,465,511,309,303,452,209,476,357,75,94,63,83,70,88,40,66,68,67,53,58,70,42,86,53,87,79,46,70,36,43,33,58,66,50,36,41,53,69,81,66
[ 31.522003] wil6210-aoa$0,1606461630.062342,04:d6:aa:c1:38:97,2,1,1,0,128,228,812,703,712,954,983,380,354,416,481,274,241,325,42,279,684,769,784,242,865,676,61,660,33,423,518,305,264,419,149,882,637,74,96,62,86,68,86,39,65,64,64,52,52,66,39,79,47,83,76,45,66,32,39,32,55,61,48,32,36,48,64,75,57
[ 31.553651] wil6210-aoa$0,1606461630.093990,04:d6:aa:c1:38:97,2,1,1,0,128,690,633,630,673,969,991,432,381,952,332,809,104,377,67,807,611,830,829,264,882,675,87,625,26,923,322,305,303,409,142,447,346,74,96,61,83,70,88,36,67,65,61,52,52,69,38,76,48,83,72,42,64,33,37,31,54,61,45,31,36,49,62,75,57
[ 31.583530] wil6210-aoa$0,1606461630.123865,04:d6:aa:c1:38:97,2,1,1,0,128,202,810,688,701,941,969,435,335,400,489,236,244,868,201,310,762,844,825,186,857,685,75,41,859,872,306,253,291,418,191,374,273,77,97,62,86,69,87,40,66,68,65,52,57,68,41,84,51,86,76,45,69,35,42,34,59,63,48,35,39,52,67,79,65
[ 31.615607] wil6210-aoa$0,1606461630.155947,04:d6:aa:c1:38:97,2,1,1,0,128,196,835,602,698,924,996,918,181,927,317,762,107,317,30,730,528,848,843,583,609,133,922,92,868,878,292,823,82,474,198,321,225,74,94,63,86,67,88,40,66,66,66,52,57,70,41,85,51,87,78,46,69,35,43,34,62,63,52,35,41,52,67,83,66
[ 31.646044] wil6210-aoa$0,1606461630.186380,04:d6:aa:c1:38:97,2,1,1,0,128,225,841,596,700,894,1005,421,324,435,506,679,58,982,292,245,716,867,878,184,788,727,129,673,21,468,526,770,128,469,197,722,517,74,96,61,87,69,87,40,65,66,68,53,55,69,41,83,49,86,77,45,68,35,41,34,61,63,52,34,40,52,69,80,64
[ 31.680452] wil6210-aoa$0,1606461630.220787,04:d6:aa:c1:38:97,2,1,1,0,128,139,752,652,678,406,819,425,359,870,292,781,98,360,25,353,750,798,802,192,818,743,97,596,1007,900,293,313,280,457,160,983,898,70,89,58,81,66,81,37,63,63,63,50,54,67,38,78,48,82,70,43,65,34,42,33,59,62,51,36,41,54,67,81,67
[ 31.714070] wil6210-aoa$0,1606461630.254409,04:d6:aa:c1:38:97,2,1,1,0,128,663,619,99,534,923,1,442,368,450,530,330,294,860,222,251,696,827,775,204,818,199,912,640,21,854,252,795,83,950,994,186,28,76,98,62,88,73,90,38,67,68,66,55,55,69,41,82,50,87,79,46,70,34,42,33,60,65,50,35,39,53,67,80,63
[ 31.742620] wil6210-aoa$0,1606461630.282956,04:d6:aa:c1:38:97,2,1,1,0,128,168,827,667,675,986,1018,412,347,497,548,306,288,267,980,265,707,863,845,153,822,659,24,659,23,414,495,268,237,497,202,633,448,79,95,65,85,73,93,42,69,70,68,56,62,71,43,87,53,93,79,48,72,38,46,35,65,69,54,39,44,57,73,85,72
[ 31.777730] wil6210-aoa$0,1606461630.318065,04:d6:aa:c1:38:97,2,1,1,0,128,653,622,645,677,905,963,889,177,448,538,302,287,930,229,259,652,285,605,667,646,721,112,642,59,418,466,326,309,425,165,148,31,72,90,62,82,68,88,42,67,67,66,52,60,71,42,86,52,90,78,45,70,39,46,35,62,68,56,39,45,58,73,88,73
[ 31.811664] wil6210-aoa$0,1606461630.351999,04:d6:aa:c1:38:97,2,1,1,0,128,259,840,687,697,990,1016,469,341,407,496,209,238,915,270,278,723,891,837,108,809,731,80,628,13,450,541,248,272,427,154,764,676,72,93,59,82,67,86,41,66,67,66,53,58,71,41,85,53,91,77,46,70,36,46,34,60,68,53,38,43,53,69,84,67
[ 31.844430] wil6210-aoa$0,1606461630.384771,04:d6:aa:c1:38:97,2,1,1,0,128,187,802,640,675,327,792,438,354,427,559,274,302,925,260,249,701,904,833,633,589,697,83,623,40,464,513,363,329,465,188,201,75,72,91,61,85,65,85,39,66,64,63,51,53,66,36,77,47,81,75,42,63,32,39,29,53,59,46,30,34,47,62,71,56
[ 31.874222] wil6210-aoa$0,1606461630.414559,04:d6:aa:c1:38:97,2,1,1,0,128,184,755,655,694,932,23,457,355,430,495,280,305,926,274,228,664,795,804,169,817,677,70,672,52,445,514,328,272,441,178,589,417,72,93,62,84,66,84,37,65,65,64,52,55,71,40,82,50,87,75,45,67,34,41,33,56,62,48,35,39,51,64,82,64
[ 31.906281] wil6210-aoa$0,1606461630.446620,04:d6:aa:c1:38:97,2,1,1,0,128,704,644,667,663,910,977,859,98,440,494,246,265,912,264,244,718,803,819,198,841,723,117,628,28,433,492,344,329,388,138,481,424,74,94,63,85,70,88,39,68,66,66,54,56,70,40,84,52,88,76,45,69,36,43,36,61,66,51,37,41,53,70,84,66
[ 31.936883] wil6210-aoa$0,1606461630.477218,04:d6:aa:c1:38:97,2,1,1,0,128,197,756,712,745,961,1009,403,329,418,455,719,1020,367,25,740,523,252,611,666,640,733,113,614,1001,427,465,357,339,336,100,826,704,73,97,61,85,68,87,39,66,67,67,53,56,72,41,84,52,91,76,44,69,37,43,34,60,66,50,37,40,56,69,83,67
[ 31.971508] wil6210-aoa$0,1606461630.511842,04:d6:aa:c1:38:97,2,1,1,0,128,228,798,598,677,911,945,926,193,444,487,242,245,866,222,343,742,250,615,632,611,120,880,71,857,426,478,332,310,433,222,1021,788,75,97,62,84,69,88,39,64,67,66,52,55,69,40,79,49,86,75,45,67,33,41,34,58,64,51,34,37,51,66,79,65
[ 32.005178] wil6210-aoa$0,1606461630.545517,04:d6:aa:c1:38:97,2,1,1,0,128,725,659,610,668,976,1015,926,178,418,531,262,277,824,163,273,707,831,788,177,807,719,87,660,26,425,501,758,81,462,193,764,648,74,95,61,82,69,86,38,66,66,64,52,55,67,41,81,50,86,76,45,68,35,40,33,58,62,48,33,37,51,63,78,61
[ 32.034535] wil6210-aoa$0,1606461630.574871,04:d6:aa:c1:38:97,2,1,1,0,128,219,810,645,712,957,15,469,391,435,476,767,127,924,264,270,723,769,796,219,877,719,107,700,79,458,506,349,297,455,196,227,51,74,95,61,83,69,86,36,64,67,64,50,51,69,39,79,47,86,75,44,68,35,40,32,56,64,47,32,39,48,64,76,63
[ 32.068066] wil6210-aoa$0,1606461630.608406,04:d6:aa:c1:38:97,2,1,1,0,128,156,772,619,680,934,973,476,381,392,499,310,307,828,150,800,552,812,788,178,835,768,123,638,21,410,489,278,319,516,230,298,62,78,98,64,86,72,91,41,68,69,67,55,56,71,42,84,50,87,78,46,67,35,42,34,61,63,50,36,40,54,69,85,65
[ 32.098107] wil6210-aoa$0,1606461630.638442,04:d6:aa:c1:38:97,2,1,1,0,128,595,587,677,708,919,961,938,173,458,505,274,313,308,27,321,731,878,871,154,848,669,67,677,72,402,483,302,264,899,981,748,635,76,99,64,85,72,90,41,70,67,69,54,56,70,41,86,51,90,81,47,72,35,44,35,63,68,52,37,42,57,72,84,70
[ 32.133145] wil6210-aoa$0,1606461630.673480,04:d6:aa:c1:38:97,2,1,1,0,128,209,797,657,719,929,973,967,185,456,532,288,289,901,253,310,754,808,822,186,857,661,32,647,31,336,446,326,294,426,145,278,92,69,91,56,79,64,80,34,62,61,60,46,47,64,34,72,45,78,70,41,63,30,36,28,52,57,41,29,32,41,57,67,51
[ 32.167700] wil6210-aoa$0,1606461630.708041,04:d6:aa:c1:38:97,2,1,1,0,128,180,796,627,684,946,1002,419,370,426,489,329,323,897,228,303,769,788,802,194,862,692,99,644,39,438,468,852,153,923,19,802,598,72,92,60,82,66,86,38,63,64,63,51,57,68,41,82,48,86,73,43,68,36,44,33,61,66,54,37,43,55,68,82,69
[ 32.196347] wil6210-aoa$0,1606461630.736681,04:d6:aa:c1:38:97,2,1,1,0,128,230,842,670,756,886,966,411,348,487,572,245,240,882,247,299,749,835,848,195,837,712,112,604,1021,377,433,271,292,444,186,730,489,68,88,57,78,64,82,38,62,64,62,52,52,65,37,76,46,80,71,42,64,34,40,30,54,63,47,33,36,49,64,76,60
[ 32.231336] wil6210-aoa$0,1606461630.771673,04:d6:aa:c1:38:97,2,1,1,0,128,190,791,635,649,984,1012,424,330,459,513,291,248,913,255,252,709,854,829,169,833,646,47,658,14,421,506,752,90,426,165,826,718,76,94,63,86,69,89,39,66,67,65,51,53,68,39,80,49,85,75,44,66,34,41,32,59,62,49,32,36,49,63,75,58
[ 32.262013] wil6210-aoa$0,1606461630.802352,04:d6:aa:c1:38:97,2,1,1,0,128,223,803,672,666,975,995,449,334,459,524,232,254,338,17,252,661,825,796,135,792,146,866,657,36,393,495,242,276,413,128,941,780,73,97,62,84,70,86,40,67,67,66,54,54,69,39,82,48,86,77,44,70,36,41,34,59,63,49,34,41,53,68,80,65
[ 32.288723] wil6210-aoa$0,1606461630.829063,04:d6:aa:c1:38:97,2,1,1,0,128,214,797,704,724,907,986,367,291,453,527,701,60,307,1003,766,520,299,593,190,829,670,29,640,2,418,477,321,278,377,110,871,746,76,97,62,86,69,88,40,66,69,67,53,55,70,42,85,50,88,77,47,72,37,43,35,63,65,52,37,42,54,72,84,70
[ 32.321093] wil6210-aoa$0,1606461630.861432,04:d6:aa:c1:38:97,2,1,1,0,128,678,603,731,742,922,995,943,187,412,477,776,114,880,228,769,553,264,631,693,675,632,63,59,858,894,261,825,123,446,170,90,2,72,92,59,82,66,84,35,65,62,64,51,50,66,38,77,47,81,72,43,65,32,39,31,52,60,45,32,36,47,63,76,59
[ 32.352958] wil6210-aoa$0,1606461630.893293,04:d6:aa:c1:38:97,2,1,1,0,128,601,593,596,689,896,994,403,333,910,270,778,90,312,57,812,570,306,620,702,676,173,902,625,24,444,536,348,287,432,168,976,751,74,92,60,83,66,85,39,66,67,67,52,55,69,40,83,50,86,76,43,68,35,41,34,59,66,51,38,42,54,69,82,67
[ 32.384574] wil6210-aoa$0,1606461630.924913,04:d6:aa:c1:38:97,2,1,1,0,128,176,813,679,694,891,965,446,381,443,484,769,112,316,33,293,733,789,806,189,820,700,53,696,30,870,281,252,264,425,140,139,995,74,95,61,84,68,88,37,66,68,67,52,54,67,41,78,49,85,77,44,68,35,41,33,58,63,49,35,37,51,67,79,62
[ 32.416531] wil6210-aoa$0,1606461630.956870,04:d6:aa:c1:38:97,2,1,1,0,128,173,793,634,679,343,772,858,132,972,334,264,267,903,202,330,764,837,818,154,833,641,112,615,42,408,483,783,91,889,2,169,64,71,92,62,83,67,84,41,64,68,65,52,57,68,41,85,49,87,76,45,68,35,43,34,60,66,53,35,41,52,70,83,66
[ 32.444945] wil6210-aoa$0,1606461630.985282,04:d6:aa:c1:38:97,2,1,1,0,128,174,788,674,698,999,1020,433,334,436,528,244,288,881,214,329,765,808,772,169,824,707,75,586,1021,426,477,341,325,410,143,477,258,70,92,58,83,66,85,39,64,63,65,49,51,64,38,77,46,82,73,41,64,32,38,30,53,61,45,31,35,47,60,73,57
[ 32.480072] wil6210-aoa$0,1606461631.020410,04:d6:aa:c1:38:97,2,1,1,0,128,632,594,720,737,935,996,461,354,413,475,268,216,897,209,272,703,255,591,676,650,738,104,627,1012,467,504,310,301,467,194,386,296,71,90,59,80,64,83,38,64,62,62,51,53,66,39,78,47,83,71,42,63,34,40,33,57,61,49,34,38,50,65,78,63
[ 32.509757] wil6210-aoa$0,1606461631.050094,04:d6:aa:c1:38:97,2,1,1,0,128,189,771,696,704,876,989,439,349,426,455,240,260,816,183,806,551,820,800,152,814,691,108,630,37,448,522,757,68,422,152,648,514,73,88,57,79,66,82,37,63,63,62,51,54,67,39,77,49,83,73,43,66,34,42,33,57,63,51,34,39,50,65,77,63
[ 32.544462] wil6210-aoa$0,1606461631.084798,04:d6:aa:c1:38:97,2,1,1,0,128,233,835,672,758,906,1018,488,427,475,566,260,312,887,244,217,714,851,832,191,838,760,158,608,34,477,498,281,288,537,264,708,429,69,90,58,82,65,83,36,62,65,59,49,54,63,37,76,46,83,73,41,64,33,40,32,55,61,47,34,37,48,64,77,61
[ 32.580182] wil6210-aoa$0,1606461631.120516,04:d6:aa:c1:38:97,2,1,1,0,128,246,853,676,695,922,0,413,361,451,553,226,239,891,221,306,705,865,833,210,829,705,105,641,56,460,460,346,289,382,178,219,33,72,87,58,80,66,84,38,64,63,63,52,56,67,42,81,49,86,73,44,66,37,44,33,59,65,52,35,42,54,69,85,69
[ 32.612695] wil6210-aoa$0,1606461631.153035,04:d6:aa:c1:38:97,2,1,1,0,128,125,769,116,489,971,987,348,320,407,484,296,316,894,217,351,773,814,781,162,777,703,72,613,1022,882,290,304,255,454,186,128,953,70,86,58,78,64,83,36,61,63,62,50,55,66,37,77,49,82,70,43,65,34,42,33,57,61,50,34,38,53,66,78,65
[ 32.639991] wil6210-aoa$0,1606461631.180331,04:d6:aa:c1:38:97,2,1,1,0,128,132,774,660,704,917,994,867,137,457,502,762,73,342,27,790,579,804,765,243,817,691,70,99,862,851,272,817,134,442,196,50,991,75,95,63,86,71,91,42,69,68,67,54,55,70,42,84,52,88,78,46,70,37,44,34,60,65,50,35,41,54,69,83,65
[ 32.673031] wil6210-aoa$0,1606461631.213373,04:d6:aa:c1:38:97,2,1,1,0,128,172,749,625,666,895,992,381,337,485,520,274,248,907,258,227,707,845,802,203,832,677,98,621,21,855,290,316,316,404,178,534,415,75,94,61,85,68,86,38,65,66,66,51,53,66,39,78,47,84,74,44,67,34,43,32,57,62,48,33,37,50,65,78,61
[ 32.700018] wil6210-aoa$0,1606461631.240358,04:d6:aa:c1:38:97,2,1,1,0,128,620,567,134,482,936,979,400,318,430,523,258,252,892,237,276,709,213,568,205,838,650,77,593,1018,789,197,808,97,421,125,457,296,74,95,60,83,67,85,36,65,66,64,51,51,67,41,80,48,86,76,44,66,33,40,31,56,61,47,32,35,46,61,74,54
[ 32.727614] wil6210-aoa$0,1606461631.267949,04:d6:aa:c1:38:97,2,1,1,0,128,198,813,645,682,940,997,909,151,458,471,278,297,852,194,294,695,235,613,593,598,117,927,647,18,863,263,334,321,393,135,810,679,71,93,57,79,65,82,35,61,62,59,47,47,64,34,71,44,80,69,41,60,30,32,28,50,55,40,27,29,41,55,63,49
[ 32.763347] wil6210-aoa$0,1606461631.303685,04:d6:aa:c1:38:97,2,1,1,0,128,201,791,606,625,944,3,445,351,455,514,246,228,949,248,293,714,814,808,188,803,640,47,575,985,896,273,340,303,426,140,266,59,73,91,61,83,66,85,37,65,65,61,52,56,66,38,80,48,84,72,43,66,35,39,32,57,61,47,32,35,48,65,77,58
[ 32.796068] wil6210-aoa$0,1606461631.336408,04:d6:aa:c1:38:97,2,1,1,0,128,672,613,685,741,991,1,427,333,450,508,242,259,850,182,246,677,281,603,706,672,124,901,65,848,387,448,745,84,933,1000,606,461,70,92,61,83,66,87,38,65,66,65,51,55,66,41,84,50,86,75,45,69,35,41,34,61,63,49,32,39,52,67,80,64
[ 32.828731] wil6210-aoa$0,1606461631.369066,04:d6:aa:c1:38:97,2,1,1,0,128,154,805,597,690,935,988,417,363,456,550,252,246,925,264,370,783,838,849,180,860,645,54,53,836,901,324,275,268,446,179,207,72,74,93,58,83,68,86,39,67,67,65,53,55,70,41,81,51,87,75,44,68,36,43,33,58,64,50,37,40,53,68,80,65
[ 32.860768] wil6210-aoa$0,1606461631.401107,04:d6:aa:c1:38:97,2,1,1,0,128,202,827,668,723,935,979,924,175,488,556,284,277,926,252,294,756,866,839,209,831,706,104,636,1003,383,475,292,288,440,136,466,280,75,96,64,83,71,88,40,67,67,68,54,58,72,42,86,52,90,76,45,70,36,45,33,61,69,52,37,45,56,73,86,72
[ 32.893922] wil6210-aoa$0,1606461631.434262,04:d6:aa:c1:38:97,2,1,1,0,128,193,793,717,730,883,1005,387,300,473,555,230,263,882,228,292,709,286,633,220,848,725,109,611,1020,413,485,281,274,445,177,534,337,69,87,58,78,64,81,38,62,62,62,50,55,64,37,79,47,83,72,41,67,33,41,31,57,62,48,33,37,50,66,77,62
[ 32.924993] wil6210-aoa$0,1606461631.465329,04:d6:aa:c1:38:97,2,1,1,0,128,206,820,647,671,941,1006,337,319,436,517,255,320,873,225,303,749,891,854,224,900,652,73,656,36,406,519,316,318,448,191,998,820,69,92,58,77,66,81,37,61,60,61,49,49,65,38,77,46,79,71,42,64,31,38,30,52,61,47,33,38,47,64,73,59
[ 32.961538] wil6210-aoa$0,1606461631.501873,04:d6:aa:c1:38:97,2,1,1,0,128,634,605,124,534,904,983,399,297,405,513,270,279,305,43,787,538,274,621,627,609,167,954,92,854,961,398,283,290,840,948,944,899,69,91,58,79,64,81,37,62,62,62,50,53,63,36,74,46,81,72,42,63,33,37,31,55,60,45,33,37,48,62,74,61
[ 32.996289] wil6210-aoa$0,1606461631.536629,04:d6:aa:c1:38:97,2,1,1,0,128,683,631,708,743,905,991,403,382,422,544,260,308,905,233,269,701,873,819,195,824,161,902,642,0,913,256,785,95,931,964,502,319,69,87,58,78,66,83,36,61,61,60,48,55,65,39,77,48,83,69,43,64,34,43,33,58,64,49,35,40,54,68,80,65
[ 33.026764] wil6210-aoa$0,1606461631.567099,04:d6:aa:c1:38:97,2,1,1,0,128,196,840,720,770,942,993,441,373,455,529,304,320,888,231,363,788,843,839,143,820,702,70,655,55,472,514,350,340,433,175,743,566,76,96,64,85,70,89,40,69,68,67,55,60,72,43,85,53,90,79,46,70,39,46,36,64,67,56,39,45,57,73,87,71
[ 33.062265] wil6210-aoa$0,1606461631.602601,04:d6:aa:c1:38:97,2,1,1,0,128,233,843,694,742,912,1006,381,306,478,502,203,239,870,202,211,689,814,806,640,661,718,129,596,11,430,512,278,269,402,197,646,422,74,94,63,86,68,87,39,64,66,67,54,54,70,41,82,50,87,76,45,68,37,42,34,60,63,50,35,41,52,68,78,64
[ 33.093216] wil6210-aoa$0,1606461631.633558,04:d6:aa:c1:38:97,2,1,1,0,128,186,802,636,705,894,997,418,356,441,463,260,262,350,47,309,750,898,828,223,865,690,66,643,42,419,498,310,299,469,192,969,786,71,94,58,81,66,86,37,64,66,65,50,52,68,41,81,48,85,74,44,67,33,42,32,57,62,49,34,38,50,67,80,63
[ 33.120533] wil6210-aoa$0,1606461631.660871,04:d6:aa:c1:38:97,2,1,1,0,128,146,764,124,532,939,991,490,377,435,481,277,298,921,232,322,739,872,807,238,868,116,880,723,26,440,460,316,319,477,198,720,534,77,95,60,84,69,90,39,68,65,66,52,57,69,40,86,49,89,79,45,68,36,43,34,59,66,51,36,41,53,70,82,66
[ 33.151139] wil6210-aoa$0,1606461631.691475,04:d6:aa:c1:38:97,2,1,1,0,128,661,602,84,514,379,792,884,137,947,337,730,70,318,40,726,500,277,595,606,564,200,959,109,817,867,184,852,149,874,973,510,381,72,94,61,83,66,85,39,66,64,65,50,53,68,38,81,49,82,73,44,67,34,41,32,56,61,46,33,36,50,65,77,61
[ 33.185118] wil6210-aoa$0,1606461631.725458,04:d6:aa:c1:38:97,2,1,1,0,128,700,597,128,473,931,997,429,349,427,445,283,285,850,203,277,683,797,780,674,631,140,954,91,855,884,258,791,102,443,213,938,813,74,93,60,84,68,89,40,66,68,67,54,59,69,42,84,51,89,80,45,70,36,45,34,61,67,53,38,42,55,73,84,69
[ 33.217334] wil6210-aoa$0,1606461631.757670,04:d6:aa:c1:38:97,2,1,1,0,128,188,773,655,695,408,784,422,373,452,527,240,237,947,267,307,753,895,885,119,787,708,132,655,34,454,472,346,315,483,167,758,648,68,85,55,76,62,83,36,61,60,62,49,53,65,38,78,47,81,70,42,64,33,40,31,57,61,49,34,38,51,64,77,63
[ 33.250920] wil6210-aoa$0,1606461631.791260,04:d6:aa:c1:38:97,2,1,1,0,128,200,774,652,688,977,984,431,335,405,462,352,348,829,217,273,687,818,837,226,842,707,65,636,27,454,502,329,337,461,220,289,37,74,96,60,83,67,87,37,64,65,62,53,53,66,36,78,49,83,74,44,68,33,40,31,58,63,48,33,38,48,63,79,63
[ 33.284412] wil6210-aoa$0,1606461631.824752,04:d6:aa:c1:38:97,2,1,1,0,128,228,833,688,702,948,15,384,327,433,519,737,94,937,274,294,741,820,783,718,701,678,77,636,54,823,207,809,131,869,977,363,276,73,94,61,81,70,89,37,66,68,66,53,55,69,41,84,50,86,75,44,67,35,44,35,61,67,53,37,42,54,70,85,69
[ 33.314673] wil6210-aoa$0,1606461631.855008,04:d6:aa:c1:38:97,2,1,1,0,128,207,801,631,671,961,1020,371,288,834,236,782,68,352,36,295,701,227,608,177,812,689,89,688,31,429,514,312,268,472,232,157,992,76,95,61,85,69,90,40,66,68,67,53,56,68,43,83,52,86,76,46,70,36,44,35,61,66,51,36,44,56,70,85,71
[ 33.343933] wil6210-aoa$0,1606461631.884274,04:d6:aa:c1:38:97,2,1,1,0,128,216,828,599,670,974,8,372,335,437,504,277,324,870,260,246,724,831,820,696,656,156,950,650,54,466,503,306,338,437,203,168,1005,77,96,62,83,69,91,40,66,67,67,55,59,71,44,83,51,89,76,47,70,38,44,35,62,65,53,37,42,54,71,85,69
[ 33.373109] wil6210-aoa$0,1606461631.913444,04:d6:aa:c1:38:97,2,1,1,0,128,242,832,626,706,929,975,434,338,943,317,755,96,308,1001,721,484,254,606,189,830,765,137,622,27,474,515,327,313,507,212,642,533,78,98,65,88,72,92,42,67,69,69,54,59,74,44,85,54,90,80,47,73,37,45,38,62,70,57,39,44,58,75,89,73
[ 33.410425] wil6210-aoa$0,1606461631.950762,04:d6:aa:c1:38:97,2,1,1,0,128,233,818,643,700,922,1017,385,320,916,288,740,71,919,289,264,705,828,808,625,570,703,87,621,1016,449,496,295,283,422,167,356,128,75,93,63,84,70,87,39,67,64,65,53,56,71,40,85,52,88,77,44,68,36,43,33,59,65,51,34,38,50,67,80,64
[ 33.442573] wil6210-aoa$0,1606461631.982913,04:d6:aa:c1:38:97,2,1,1,0,128,681,608,668,676,963,1004,491,367,408,508,253,271,871,204,761,545,771,806,173,822,139,926,30,833,886,304,306,298,416,157,609,475,69,85,55,77,64,79,37,61,63,63,49,53,64,39,77,47,83,71,42,64,34,40,31,55,61,49,33,38,51,66,77,64
[ 33.470864] wil6210-aoa$0,1606461632.011203,04:d6:aa:c1:38:97,2,1,1,0,128,134,750,597,654,932,999,412,348,442,501,255,282,875,186,783,552,859,861,131,833,724,84,644,35,446,495,329,284,388,132,992,858,68,83,57,74,63,80,36,60,61,60,47,53,65,39,77,47,82,69,41,63,34,39,31,55,63,49,35,40,52,66,78,62
[ 33.498443] wil6210-aoa$0,1606461632.038783,04:d6:aa:c1:38:97,2,1,1,0,128,626,611,630,663,909,983,428,310,446,494,245,257,869,242,294,727,849,844,130,814,202,959,76,835,944,351,293,316,434,148,452,344,74,96,61,82,68,87,39,66,66,67,52,55,68,39,80,49,87,76,44,68,34,41,33,57,61,49,35,39,49,67,78,61
[ 33.531829] wil6210-aoa$0,1606461632.072166,04:d6:aa:c1:38:97,2,1,1,0,128,246,834,666,723,955,1015,391,342,415,489,318,318,886,224,341,729,847,841,210,848,665,49,657,29,451,484,783,97,955,6,81,23,74,95,60,83,68,87,38,65,65,63,50,52,67,38,79,47,84,74,42,66,34,40,32,58,61,48,33,37,50,66,77,61
[ 33.563999] wil6210-aoa$0,1606461632.104339,04:d6:aa:c1:38:97,2,1,1,0,128,169,772,96,472,934,990,451,351,458,482,737,64,303,17,739,513,344,620,665,589,166,898,136,883,850,259,795,106,955,43,223,145,76,95,62,83,67,87,40,66,66,65,51,55,69,40,82,49,88,76,44,68,35,43,34,60,64,51,36,41,53,68,82,66
[ 33.592034] wil6210-aoa$0,1606461632.132374,04:d6:aa:c1:38:97,2,1,1,0,128,203,799,715,731,954,991,404,328,460,516,259,253,845,189,726,486,265,592,716,648,761,137,656,42,412,488,377,369,470,179,35,903,74,94,63,83,68,87,39,65,67,65,52,55,70,40,81,50,88,78,44,68,35,43,33,59,66,51,37,41,52,67,83,67
[ 33.625594] wil6210-aoa$0,1606461632.165934,04:d6:aa:c1:38:97,2,1,1,0,128,187,827,634,669,901,988,462,358,470,514,235,267,923,259,272,733,858,827,203,897,704,79,649,57,395,531,344,345,413,149,688,568,74,93,63,84,69,88,39,68,68,68,53,54,69,41,83,51,86,77,45,66,34,43,34,60,66,50,34,40,52,68,82,68
[ 33.653441] wil6210-aoa$0,1606461632.193781,04:d6:aa:c1:38:97,2,1,1,0,128,221,823,649,696,938,2,371,351,473,518,329,318,872,222,360,820,807,825,192,859,650,95,674,28,416,476,303,324,404,186,618,504,73,94,62,82,68,88,40,66,67,66,52,58,69,40,81,52,89,75,46,69,35,44,35,62,67,51,37,42,55,71,84,67
[ 33.689556] wil6210-aoa$0,1606461632.229892,04:d6:aa:c1:38:97,2,1,1,0,128,180,788,32,489,949,1000,425,349,493,531,294,296,863,182,289,739,833,769,260,882,685,90,623,22,426,490,313,311,412,149,680,494,71,92,62,84,67,85,38,67,63,61,52,53,68,37,80,50,86,74,44,66,34,39,34,57,64,49,33,37,49,68,77,62
[ 33.724268] wil6210-aoa$0,1606461632.264608,04:d6:aa:c1:38:97,2,1,1,0,128,688,599,88,491,393,801,921,169,384,478,253,279,852,197,334,730,837,807,195,853,714,79,648,17,440,523,318,328,436,211,366,175,76,96,62,85,69,89,38,67,68,64,52,53,69,40,78,47,85,74,44,68,34,39,31,56,63,47,32,37,46,62,73,58
[ 33.755932] wil6210-aoa$0,1606461632.296266,04:d6:aa:c1:38:97,2,1,1,0,128,162,783,64,446,402,795,968,198,434,505,239,243,895,216,315,736,780,748,179,810,637,44,629,29,353,448,385,333,457,164,554,386,77,98,62,85,70,91,38,66,67,66,56,57,70,41,84,51,88,77,45,70,36,43,33,59,64,50,34,40,53,68,82,66
[ 33.792308] wil6210-aoa$0,1606461632.332644,04:d6:aa:c1:38:97,2,1,1,0,128,196,818,625,664,944,991,442,314,881,303,728,55,317,35,292,722,796,775,175,874,671,81,637,1017,450,566,295,262,442,193,514,294,71,91,60,79,63,81,37,63,63,61,51,53,63,37,77,47,83,70,43,64,32,39,29,55,60,46,32,37,48,61,72,59
[ 33.821781] wil6210-aoa$0,1606461632.362120,04:d6:aa:c1:38:97,2,1,1,0,128,211,808,94,487,388,803,413,350,398,481,246,270,878,178,255,699,283,618,162,815,678,53,175,877,377,411,289,288,425,186,226,23,75,93,63,86,69,90,38,65,67,67,52,57,70,42,83,50,89,76,47,70,36,43,35,61,64,50,35,40,55,68,81,67
[ 33.854476] wil6210-aoa$0,1606461632.394816,04:d6:aa:c1:38:97,2,1,1,0,128,189,802,679,729,877,964,886,171,402,466,282,240,875,244,281,747,828,845,154,827,607,26,675,71,447,530,373,334,442,169,755,561,72,93,62,82,67,85,41,67,68,64,53,57,68,41,83,50,87,75,43,71,35,44,34,60,67,53,36,41,53,71,83,67
[ 33.882433] wil6210-aoa$0,1606461632.422773,04:d6:aa:c1:38:97,2,1,1,0,128,226,831,670,702,938,1012,364,321,426,483,277,270,858,181,784,519,883,817,192,836,704,104,613,1009,442,440,291,281,436,176,853,659,75,97,61,85,69,86,37,65,66,64,51,54,67,38,79,49,83,73,45,65,33,38,31,58,61,48,33,38,48,61,78,61
[ 33.911171] wil6210-aoa$0,1606461632.451511,04:d6:aa:c1:38:97,2,1,1,0,128,186,841,633,683,956,1001,467,349,515,535,262,289,897,216,280,682,835,797,200,852,155,933,595,1,870,270,792,127,485,193,942,791,72,93,60,84,70,87,39,65,66,66,53,54,68,40,83,50,84,75,43,68,34,41,32,58,62,47,33,37,48,65,77,63
[ 33.943000] wil6210-aoa$0,1606461632.483336,04:d6:aa:c1:38:97,2,1,1,0,128,151,780,98,495,990,1005,445,346,404,506,236,284,931,238,337,745,786,817,234,874,746,121,662,40,466,491,760,49,927,18,235,33,75,93,61,85,70,88,38,66,67,67,52,54,70,41,84,52,88,76,46,68,36,42,35,60,65,52,36,40,55,69,81,64
[ 33.977193] wil6210-aoa$0,1606461632.517533,04:d6:aa:c1:38:97,2,1,1,0,128,619,614,50,473,362,800,911,162,429,504,735,50,340,23,283,693,859,784,693,671,186,947,64,848,878,271,735,12,979,50,1021,874,76,93,61,81,70,87,42,67,68,69,55,58,69,43,85,52,90,76,45,70,38,45,35,61,68,54,38,44,58,74,84,70
[ 34.010525] wil6210-aoa$0,1606461632.550864,04:d6:aa:c1:38:97,2,1,1,0,128,137,779,608,669,884,977,445,362,422,487,274,283,847,208,287,747,875,868,274,923,664,66,717,82,435,495,374,340,441,129,1004,891,72,92,56,80,67,84,37,61,63,63,49,50,66,40,77,47,82,73,43,64,33,39,31,54,60,47,31,36,48,63,70,57
[ 34.041763] wil6210-aoa$0,1606461632.582099,04:d6:aa:c1:38:97,2,1,1,0,128,197,803,684,738,951,1005,427,358,489,572,285,329,894,246,211,659,894,835,231,885,655,60,635,39,446,535,322,324,467,173,967,734,72,95,61,84,66,87,36,65,67,64,50,53,69,39,78,49,85,75,44,66,34,40,32,57,63,50,33,37,52,66,79,60
[ 34.078911] wil6210-aoa$0,1606461632.619246,04:d6:aa:c1:38:97,2,1,1,0,128,224,849,550,650,966,1003,926,159,439,494,340,310,846,209,279,692,847,782,694,650,131,887,110,859,906,287,322,302,397,116,52,986,73,92,60,84,69,87,39,68,67,67,53,55,70,41,83,52,90,77,45,70,37,42,35,60,66,54,36,43,56,71,83,70
[ 34.116450] wil6210-aoa$0,1606461632.656789,04:d6:aa:c1:38:97,2,1,1,0,128,124,779,641,716,893,992,488,398,395,471,275,286,846,211,330,732,801,771,679,633,750,123,666,16,418,468,371,292,443,176,370,115,68,88,56,77,64,82,35,60,60,61,50,53,61,38,77,46,80,69,41,63,34,38,31,55,59,45,32,35,48,62,75,58
[ 34.147688] wil6210-aoa$0,1606461632.688022,04:d6:aa:c1:38:97,2,1,1,0,128,170,783,131,531,943,1016,424,326,496,531,268,272,822,178,752,512,310,647,594,592,144,886,107,879,456,490,738,90,438,165,941,812,69,90,56,79,62,81,37,60,60,61,48,50,63,38,76,47,80,72,43,65,32,39,32,57,61,49,34,36,49,66,76,62
[ 34.183339] wil6210-aoa$0,1606461632.723681,04:d6:aa:c1:38:97,2,1,1,0,128,652,569,660,706,924,1000,454,396,490,538,235,294,339,42,805,572,782,779,666,645,705,65,673,79,419,498,350,350,441,233,691,469,66,89,55,78,64,82,37,62,61,60,48,49,64,35,73,45,76,70,40,63,29,36,29,51,57,44,29,34,44,58,70,56
[ 34.215882] wil6210-aoa$0,1606461632.756217,04:d6:aa:c1:38:97,2,1,1,0,128,161,801,598,706,928,13,405,343,401,500,239,252,892,243,307,746,806,814,186,828,657,44,125,882,876,292,802,125,445,160,59,912,76,97,65,85,71,91,42,70,70,69,54,59,72,43,85,52,93,79,48,74,38,46,35,61,69,55,36,43,55,73,83,70
[ 34.252677] wil6210-aoa$0,1606461632.793011,04:d6:aa:c1:38:97,2,1,1,0,128,230,813,693,736,944,988,385,322,462,564,277,289,888,241,296,713,821,761,219,845,668,22,652,27,447,500,305,328,497,214,768,502,75,96,63,88,71,89,40,68,70,68,53,59,73,41,85,51,88,78,46,72,38,45,33,62,68,55,38,42,56,71,86,70
[ 34.287004] wil6210-aoa$0,1606461632.827343,04:d6:aa:c1:38:97,2,1,1,0,128,195,790,668,706,907,1003,457,389,461,556,293,292,299,7,825,572,824,786,160,816,145,927,138,884,923,316,332,329,407,161,676,541,75,97,63,82,69,86,40,66,69,67,54,58,69,39,84,51,89,79,46,70,36,43,33,61,65,49,35,41,52,69,80,63
[ 34.321388] wil6210-aoa$0,1606461632.861724,04:d6:aa:c1:38:97,2,1,1,0,128,144,814,105,495,425,831,918,194,475,529,270,308,258,1011,266,726,907,880,191,865,688,111,640,8,401,458,340,301,365,118,723,576,74,95,60,86,70,88,38,67,68,66,52,57,69,41,80,50,87,77,47,69,35,43,35,61,64,50,37,41,53,66,83,65
[ 34.354805] wil6210-aoa$0,1606461632.895145,04:d6:aa:c1:38:97,2,1,1,0,128,212,834,704,704,943,979,389,296,906,330,318,316,870,206,337,721,843,797,654,622,732,119,629,20,474,517,260,301,463,172,626,434,76,94,61,83,69,90,40,67,67,66,54,56,73,41,82,51,91,77,46,70,37,45,36,62,68,52,37,41,54,70,86,70
[ 34.383523] wil6210-aoa$0,1606461632.923858,04:d6:aa:c1:38:97,2,1,1,0,128,217,831,650,645,928,983,907,160,448,529,308,308,924,249,288,700,841,794,669,663,728,62,686,54,407,465,296,271,481,186,341,292,75,95,62,84,69,88,41,65,68,67,52,57,70,41,81,50,87,76,45,68,36,44,34,60,65,51,36,38,51,69,82,64
[ 34.420695] wil6210-aoa$0,1606461632.961029,04:d6:aa:c1:38:97,2,1,1,0,128,191,809,650,703,929,979,454,362,502,570,236,256,944,293,267,695,842,801,643,612,755,129,670,64,399,468,303,294,370,137,4,903,76,95,61,84,71,87,40,64,69,68,53,56,71,43,83,52,88,76,45,69,37,44,34,60,67,52,37,39,54,69,83,65
[ 34.449570] wil6210-aoa$0,1606461632.989912,04:d6:aa:c1:38:97,2,1,1,0,128,157,790,654,732,930,991,477,380,400,463,299,294,916,261,266,673,288,628,149,812,738,132,686,49,431,463,321,310,461,211,996,745,73,95,58,82,67,84,36,65,65,61,50,52,67,37,77,48,83,71,43,63,33,37,31,54,59,45,33,34,46,61,71,56
[ 34.482137] wil6210-aoa$0,1606461633.022471,04:d6:aa:c1:38:97,2,1,1,0,128,651,609,697,732,873,962,432,342,465,516,241,252,830,177,328,757,775,779,192,811,717,111,628,25,454,518,264,286,451,195,1001,884,75,93,62,82,70,89,40,64,66,66,56,58,69,43,84,53,87,78,45,69,36,44,35,62,67,54,39,42,55,71,86,70
[ 34.516710] wil6210-aoa$0,1606461633.057049,04:d6:aa:c1:38:97,2,1,1,0,128,138,753,662,702,944,0,419,351,453,515,255,265,890,258,314,760,829,829,205,890,688,110,614,12,894,318,803,131,920,15,959,894,71,95,59,83,66,84,37,65,64,64,50,54,68,41,82,48,85,74,45,64,33,42,31,59,64,50,33,38,51,65,77,63
[ 34.550542] wil6210-aoa$0,1606461633.090881,04:d6:aa:c1:38:97,2,1,1,0,128,191,840,695,743,952,1,404,342,400,522,272,292,878,215,289,730,795,819,203,842,682,87,616,21,416,507,320,288,412,128,398,258,76,95,62,86,71,88,40,69,67,68,53,56,69,40,85,51,88,78,46,70,34,43,33,60,66,52,37,42,54,70,82,67
[ 34.582068] wil6210-aoa$0,1606461633.122403,04:d6:aa:c1:38:97,2,1,1,0,128,184,802,613,681,965,6,482,352,450,526,245,234,896,239,272,694,835,823,172,832,753,134,600,1011,471,520,246,233,410,113,903,783,76,93,62,86,68,90,41,67,68,68,54,58,71,44,85,53,90,78,45,69,36,45,35,61,67,54,38,41,54,71,86,69
[ 34.618147] wil6210-aoa$0,1606461633.158486,04:d6:aa:c1:38:97,2,1,1,0,128,204,806,714,746,919,1017,463,370,479,522,348,330,908,254,326,735,888,847,191,829,740,98,681,61,480,528,309,304,430,157,427,246,69,89,58,77,63,80,36,62,62,62,49,51,63,37,76,47,80,70,43,64,32,38,31,54,60,44,31,36,48,61,72,57
[ 34.653137] wil6210-aoa$0,1606461633.193476,04:d6:aa:c1:38:97,2,1,1,0,128,246,836,630,660,929,1001,928,145,452,527,266,253,933,213,339,729,335,648,183,774,734,91,659,13,468,520,310,317,464,201,517,370,72,92,60,85,68,86,40,66,65,64,52,55,68,41,82,50,86,76,44,70,34,41,33,58,64,52,34,39,51,68,79,64
[ 34.681904] wil6210-aoa$0,1606461633.222243,04:d6:aa:c1:38:97,2,1,1,0,128,187,808,613,642,946,977,464,349,395,488,730,49,855,186,303,723,876,859,150,798,709,112,653,23,520,489,343,335,463,162,294,69,75,95,60,83,68,85,38,65,67,65,52,54,67,38,79,48,87,76,44,66,35,39,31,58,62,48,32,38,48,65,75,62
[ 34.710482] wil6210-aoa$0,1606461633.250820,04:d6:aa:c1:38:97,2,1,1,0,128,153,783,713,767,900,1014,486,378,433,493,243,251,306,1008,307,712,887,866,105,820,701,98,685,56,473,553,342,329,397,150,483,311,72,93,59,82,67,83,36,64,65,63,49,54,67,40,78,48,85,71,45,65,33,40,33,55,59,49,32,37,50,65,77,61
[ 34.745252] wil6210-aoa$0,1606461633.285592,04:d6:aa:c1:38:97,2,1,1,0,128,218,844,58,451,943,1010,847,71,938,339,742,89,329,26,264,679,838,858,160,812,656,36,111,895,431,497,276,297,407,170,908,828,74,91,61,84,71,90,40,68,68,67,52,56,69,42,83,51,88,76,46,68,36,44,35,61,66,52,37,41,52,69,81,65
[ 34.779387] wil6210-aoa$0,1606461633.319722,04:d6:aa:c1:38:97,2,1,1,0,128,187,806,718,772,877,967,839,118,469,481,309,263,353,51,278,729,880,824,125,799,138,888,672,32,411,472,270,245,503,200,1016,828,73,92,60,84,70,85,40,67,66,65,52,56,68,39,82,50,88,75,45,68,34,42,35,60,64,50,35,41,54,69,82,65
[ 34.812723] wil6210-aoa$0,1606461633.353063,04:d6:aa:c1:38:97,2,1,1,0,128,176,751,62,487,413,797,469,327,379,487,297,294,950,308,302,764,799,782,201,861,696,95,704,91,413,532,308,295,482,221,586,448,75,93,61,85,67,88,39,65,65,65,51,56,69,39,83,50,86,75,45,68,35,44,34,59,65,52,35,38,51,68,83,66
[ 34.841380] wil6210-aoa$0,1606461633.381719,04:d6:aa:c1:38:97,2,1,1,0,128,207,819,689,728,968,1016,443,347,446,519,344,322,857,204,269,696,833,778,694,678,712,119,682,82,462,495,351,327,431,151,144,994,75,93,61,86,70,85,40,66,65,64,50,55,67,39,80,49,84,73,45,65,34,42,34,59,62,50,34,39,51,67,81,64
[ 34.871226] wil6210-aoa$0,1606461633.411565,04:d6:aa:c1:38:97,2,1,1,0,128,207,776,696,724,917,958,399,324,392,493,278,267,864,196,206,681,812,810,136,764,743,81,661,20,423,495,287,267,423,165,84,995,73,93,61,83,67,84,37,66,66,66,53,54,68,40,81,50,85,77,45,67,36,41,33,60,66,50,33,40,54,67,82,64
[ 34.906727] wil6210-aoa$0,1606461633.447067,04:d6:aa:c1:38:97,2,1,1,0,128,251,809,637,725,942,1011,413,322,938,320,764,84,914,266,325,777,770,773,221,873,657,53,130,890,912,309,337,299,909,979,137,1013,71,94,58,81,66,84,37,65,63,63,49,50,63,37,78,47,82,73,44,66,33,41,32,55,63,46,33,38,49,64,75,59
[ 34.939039] wil6210-aoa$0,1606461633.479374,04:d6:aa:c1:38:97,2,1,1,0,128,653,611,740,722,345,762,459,331,378,458,238,240,305,23,320,738,242,587,697,649,90,859,678,42,838,275,288,270,379,123,563,423,76,97,64,85,69,89,42,68,68,68,54,57,70,41,85,53,92,79,46,70,36,45,34,62,68,55,37,42,56,71,84,69
[ 34.975054] wil6210-aoa$0,1606461633.515394,04:d6:aa:c1:38:97,2,1,1,0,128,198,786,647,659,909,986,472,349,465,537,233,247,377,67,305,724,849,766,205,843,708,63,631,1012,448,483,270,264,407,142,97,24,77,97,64,87,72,91,41,69,70,70,55,61,72,44,89,52,93,79,47,73,38,46,38,65,69,54,40,45,58,75,90,73
[ 35.008952] wil6210-aoa$0,1606461633.549291,04:d6:aa:c1:38:97,2,1,1,0,128,168,748,682,691,906,974,390,323,492,542,302,354,861,226,292,712,834,817,191,844,677,63,144,899,403,478,282,288,484,180,87,13,77,98,65,86,71,88,40,68,67,65,54,56,69,40,84,50,88,77,45,69,36,41,34,59,66,49,33,38,51,67,78,63
[ 35.040389] wil6210-aoa$0,1606461633.580724,04:d6:aa:c1:38:97,2,1,1,0,128,153,787,635,693,941,8,372,352,471,502,260,279,831,229,269,743,306,645,655,659,692,99,687,60,429,494,329,328,429,180,769,610,73,96,62,83,68,87,38,67,63,63,50,53,67,39,79,48,82,75,43,66,31,39,32,54,60,47,32,36,46,63,74,57
[ 35.077004] wil6210-aoa$0,1606461633.617344,04:d6:aa:c1:38:97,2,1,1,0,128,211,801,620,680,903,9,429,345,487,556,302,287,863,228,274,700,271,587,193,817,706,81,624,26,924,288,779,87,867,1014,812,700,76,93,60,85,68,87,40,66,67,67,53,54,72,41,81,50,87,77,46,69,36,44,34,59,64,52,36,39,52,68,84,64
[ 35.110572] wil6210-aoa$0,1606461633.650907,04:d6:aa:c1:38:97,2,1,1,0,128,214,798,651,720,966,1006,427,389,480,545,245,251,824,185,296,702,801,812,198,819,637,63,651,66,418,492,317,333,395,167,200,972,74,94,60,82,69,87,38,65,65,63,53,54,68,40,80,48,86,74,45,67,34,40,34,58,64,48,35,39,50,67,81,66
[ 35.146071] wil6210-aoa$0,1606461633.686412,04:d6:aa:c1:38:97,2,1,1,0,128,672,589,683,723,991,7,386,284,468,540,273,270,329,24,814,539,848,835,184,862,666,92,548,974,907,272,809,113,951,56,89,961,69,90,60,82,68,85,39,65,65,63,53,55,68,40,79,50,87,76,42,69,35,42,33,58,62,50,35,39,51,67,80,63
[ 35.180300] wil6210-aoa$0,1606461633.720637,04:d6:aa:c1:38:97,2,1,1,0,128,113,768,36,447,399,782,864,86,418,480,323,309,895,172,249,652,812,766,149,780,164,919,680,74,358,480,313,309,366,143,884,760,71,96,61,82,71,87,38,65,67,66,53,55,68,40,81,49,87,77,44,68,36,41,32,58,64,48,33,36,49,65,78,59
