
[ 26.198050] wil6210-aoa$0,1606461626.357445,04:d6:aa:c1:38:97,2,1,1,0,128,110,711,575,682,926,963,458,305,582,639,422,374,927,326,314,814,751,676,47,740,213,949,592,46,602,608,836,168,20,142,755,592,62,79,41,74,73,83,42,65,63,59,31,77,64,38,76,53,83,65,34,64,35,44,25,56,59,50,43,45,57,57,75,68
[ 26.247860] wil6210-aoa$0,1606461626.407250,04:d6:aa:c1:38:97,2,1,1,0,128,107,696,929,397,362,797,848,64,639,681,417,378,916,308,291,790,768,687,538,563,167,917,51,887,581,540,890,188,527,270,839,748,68,82,45,77,78,86,44,69,67,65,35,83,69,42,81,56,90,68,36,68,41,47,30,60,66,56,49,51,64,66,85,78
[ 26.270007] wil6210-aoa$0,1606461626.429402,04:d6:aa:c1:38:97,2,1,1,0,128,576,496,584,660,974,6,413,269,571,604,348,333,890,282,297,824,808,731,60,778,750,146,544,59,579,605,337,334,486,260,707,605,66,82,43,79,79,86,42,67,66,62,34,81,68,42,79,54,87,68,37,64,37,46,29,60,64,54,47,51,61,63,83,76
[ 26.301723] wil6210-aoa$0,1606461626.461116,04:d6:aa:c1:38:97,2,1,1,0,128,98,706,606,667,917,994,406,297,545,587,379,366,943,358,341,857,796,735,112,786,770,125,555,92,591,574,450,387,585,299,583,396,66,81,45,77,76,86,43,69,66,64,33,84,70,42,82,57,90,69,36,66,37,47,28,59,66,56,48,50,63,64,82,73
[ 26.329608] wil6210-aoa$0,1606461626.488999,04:d6:aa:c1:38:97,2,1,1,0,128,119,714,533,619,940,1016,365,260,601,624,386,353,906,311,766,592,300,567,72,754,750,90,586,35,550,563,441,397,446,231,820,722,65,77,43,77,74,82,42,66,64,61,33,79,67,41,77,55,87,67,35,65,37,45,27,57,59,53,45,47,58,61,80,73
[ 26.357418] wil6210-aoa$0,1606461626.516809,04:d6:aa:c1:38:97,2,1,1,0,128,60,682,16,475,294,761,901,81,599,630,436,379,1015,369,265,798,852,748,28,729,145,918,544,30,41,397,932,248,515,224,512,442,65,80,42,78,76,82,42,65,65,61,32,79,67,40,76,53,87,67,35,65,36,43,27,53,60,50,43,46,55,58,75,66
[ 26.383742] wil6210-aoa$0,1606461626.543137,04:d6:aa:c1:38:97,2,1,1,0,128,77,692,621,698,970,39,406,293,592,640,383,374,941,339,313,841,733,691,95,805,688,50,575,23,608,599,409,396,475,255,512,452,64,80,42,76,76,83,42,67,66,61,32,79,68,41,75,52,88,67,34,65,36,44,26,56,61,53,45,49,59,60,80,74
[ 26.405598] wil6210-aoa$0,1606461626.564993,04:d6:aa:c1:38:97,2,1,1,0,128,520,452,1003,423,942,1008,468,324,563,651,385,376,912,308,271,799,749,698,60,757,178,934,53,901,16,390,907,213,457,248,5,956,65,81,42,77,77,84,39,68,65,60,30,77,66,39,73,52,82,66,33,62,32,41,24,52,58,46,41,43,53,54,73,62
[ 26.435321] wil6210-aoa$0,1606461626.594712,04:d6:aa:c1:38:97,2,1,1,0,128,75,702,520,615,368,809,903,62,597,599,847,154,948,317,301,825,760,693,45,792,738,78,630,90,608,592,880,180,963,50,374,369,64,79,41,76,76,83,40,66,64,60,31,76,64,37,71,52,82,64,34,62,33,42,25,55,58,47,43,43,56,56,70,63
[ 26.463370] wil6210-aoa$0,1606461626.622765,04:d6:aa:c1:38:97,2,1,1,0,128,135,753,1012,452,936,994,887,105,60,431,847,126,981,318,317,808,762,704,15,732,768,96,512,14,1009,304,888,159,1007,62,541,452,66,80,43,77,76,86,42,66,64,64,35,80,69,43,80,56,87,69,37,68,39,47,30,60,66,58,47,52,63,64,84,75
[ 26.485531] wil6210-aoa$0,1606461626.644927,04:d6:aa:c1:38:97,2,1,1,0,128,80,721,548,646,911,19,397,290,613,683,360,358,14,402,297,859,868,825,92,819,697,109,557,65,588,616,414,400,517,291,163,3,62,79,42,75,74,81,40,65,61,57,29,74,63,36,73,50,79,64,31,59,31,38,23,50,54,46,39,39,49,49,62,56
[ 26.516488] wil6210-aoa$0,1606461626.675878,04:d6:aa:c1:38:97,2,1,1,0,128,110,748,610,684,971,4,449,308,659,676,349,301,962,358,337,856,792,772,69,791,710,102,555,7,620,588,455,430,488,279,286,171,66,80,44,78,78,86,42,67,65,63,32,78,67,41,78,56,87,69,37,65,36,46,27,59,64,56,46,49,60,62,81,74
[ 26.543691] wil6210-aoa$0,1606461626.703086,04:d6:aa:c1:38:97,2,1,1,0,128,160,760,567,642,995,26,378,261,605,619,377,334,943,321,307,838,737,647,51,747,788,136,531,17,611,613,426,383,462,253,528,382,66,77,43,76,76,83,43,67,66,63,33,82,70,42,79,52,88,69,35,65,37,45,28,57,63,55,44,49,61,64,82,76
[ 26.565761] wil6210-aoa$0,1606461626.725156,04:d6:aa:c1:38:97,2,1,1,0,128,96,710,476,619,379,786,865,73,571,576,880,167,901,301,268,805,851,721,56,780,627,23,32,869,103,476,865,184,997,109,614,592,67,81,43,77,76,85,43,67,67,64,37,83,70,44,79,57,88,68,35,66,40,47,28,58,63,56,47,50,64,65,83,78
[ 26.595180] wil6210-aoa$0,1606461626.754571,04:d6:aa:c1:38:97,2,1,1,0,128,83,725,561,655,930,982,860,73,604,671,397,332,986,355,283,804,795,698,129,829,680,72,593,41,579,525,916,181,537,262,999,892,66,82,45,79,76,84,42,69,65,59,33,80,67,41,77,55,83,66,35,64,35,43,26,57,61,52,45,46,61,60,80,70
[ 26.623431] wil6210-aoa$0,1606461626.782821,04:d6:aa:c1:38:97,2,1,1,0,128,177,723,557,633,880,973,378,249,558,592,330,318,897,286,292,829,812,708,517,564,133,884,522,1020,626,576,832,164,513,219,1014,9,63,78,43,76,73,83,41,66,66,62,32,80,68,41,77,53,85,66,34,63,38,45,25,58,62,53,44,47,62,62,80,73
[ 26.651811] wil6210-aoa$0,1606461626.811203,04:d6:aa:c1:38:97,2,1,1,0,128,506,427,543,682,884,962,438,298,594,619,822,143,411,136,350,864,768,716,87,789,666,79,553,37,1,415,358,309,498,250,870,840,66,81,43,75,76,85,44,69,68,65,35,85,69,45,82,57,90,68,36,68,41,49,30,63,65,59,49,52,66,67,88,80
[ 26.680401] wil6210-aoa$0,1606461626.839792,04:d6:aa:c1:38:97,2,1,1,0,128,99,733,587,678,902,1021,413,300,599,626,369,308,429,118,338,793,822,732,74,748,722,68,536,13,570,573,392,324,1002,62,13,960,71,89,48,84,86,92,47,72,71,67,35,87,75,44,86,61,93,74,40,69,40,48,30,61,67,56,48,53,67,67,85,77
[ 26.703531] wil6210-aoa$0,1606461626.862929,04:d6:aa:c1:38:97,2,1,1,0,128,82,691,560,632,842,995,440,287,679,702,378,369,927,333,317,837,736,727,32,747,724,116,522,19,556,556,417,357,479,234,952,879,67,80,43,76,75,85,41,66,65,63,31,78,67,41,74,53,84,66,35,63,36,44,26,55,60,54,42,46,58,61,75,70
[ 26.734581] wil6210-aoa$0,1606461626.893972,04:d6:aa:c1:38:97,2,1,1,0,128,479,400,40,461,300,788,827,36,65,464,336,319,892,292,282,783,179,475,585,559,105,860,619,65,1009,373,442,394,508,231,186,221,65,83,44,74,76,83,42,66,65,60,32,77,67,39,76,53,86,67,36,64,35,43,27,55,59,50,44,46,57,57,78,67
[ 26.762967] wil6210-aoa$0,1606461626.922358,04:d6:aa:c1:38:97,2,1,1,0,128,580,516,974,420,370,796,952,149,572,631,386,359,921,285,796,590,208,516,559,619,155,882,592,23,558,586,428,370,471,242,880,804,64,81,41,75,74,81,40,63,62,57,27,70,63,35,68,47,77,64,31,54,30,36,20,46,51,40,37,36,48,49,63,55
[ 26.791753] wil6210-aoa$0,1606461626.951148,04:d6:aa:c1:38:97,2,1,1,0,128,634,530,0,474,866,969,392,292,549,581,852,133,941,318,791,651,759,703,89,808,746,131,617,95,618,618,399,375,469,201,122,999,66,82,44,77,77,86,44,69,66,65,34,82,70,41,81,57,89,69,36,66,39,47,29,58,64,55,48,50,63,65,84,77
[ 26.814101] wil6210-aoa$0,1606461626.973495,04:d6:aa:c1:38:97,2,1,1,0,128,540,547,520,646,894,979,449,292,616,616,329,308,960,303,349,868,747,678,61,730,713,81,536,23,575,531,886,190,955,38,778,640,64,79,44,77,76,83,43,68,66,64,32,81,69,40,81,54,88,68,36,65,36,43,27,55,63,53,45,47,61,61,79,72
[ 26.842476] wil6210-aoa$0,1606461627.001867,04:d6:aa:c1:38:97,2,1,1,0,128,657,580,556,656,931,24,415,320,547,606,394,300,887,269,338,805,767,671,64,759,713,54,565,29,590,554,443,378,502,229,651,596,67,81,44,78,75,86,43,67,68,64,33,81,68,42,76,55,85,67,34,66,37,44,28,56,62,52,45,47,61,63,78,71
[ 26.872076] wil6210-aoa$0,1606461627.031467,04:d6:aa:c1:38:97,2,1,1,0,128,129,745,585,686,906,1,419,280,547,575,358,313,887,265,272,791,848,748,93,789,769,97,598,76,522,575,400,401,523,281,519,313,66,80,45,78,79,84,42,67,66,62,33,81,69,43,80,55,85,69,36,64,37,45,29,58,63,54,49,50,62,64,84,73
[ 26.900848] wil6210-aoa$0,1606461627.060241,04:d6:aa:c1:38:97,2,1,1,0,128,123,728,586,699,892,996,413,291,666,642,413,351,927,290,341,800,230,494,140,810,725,86,634,62,603,605,420,392,494,259,780,612,66,81,44,79,77,84,43,67,66,62,32,81,69,42,77,55,88,68,36,66,36,43,28,57,63,53,44,47,59,60,80,72
[ 26.929544] wil6210-aoa$0,1606461627.088934,04:d6:aa:c1:38:97,2,1,1,0,128,60,736,542,632,888,961,433,284,681,681,398,356,903,327,255,818,758,697,68,780,732,114,560,50,585,586,452,401,530,236,405,271,64,79,43,78,76,84,44,67,65,65,34,83,68,43,81,55,88,69,36,68,39,47,29,59,63,56,47,52,63,64,83,76
[ 26.958133] wil6210-aoa$0,1606461627.117523,04:d6:aa:c1:38:97,2,1,1,0,128,134,737,539,639,917,994,810,29,64,413,837,137,394,149,818,672,825,724,97,788,661,46,526,997,25,382,876,202,508,246,459,395,66,79,44,77,76,85,45,68,68,63,33,82,69,41,78,55,87,68,35,66,38,46,26,57,62,55,46,48,62,63,83,73
[ 26.985057] wil6210-aoa$0,1606461627.144451,04:d6:aa:c1:38:97,2,1,1,0,128,611,543,539,574,997,29,340,225,574,596,814,102,402,155,293,798,777,723,74,749,772,129,539,1023,602,604,410,349,535,287,886,856,64,81,43,79,73,81,41,66,63,60,30,80,68,39,76,51,85,67,34,63,34,42,26,55,62,52,45,46,60,62,80,72
[ 27.008130] wil6210-aoa$0,1606461627.167525,04:d6:aa:c1:38:97,2,1,1,0,128,557,529,972,423,961,984,844,49,623,641,373,310,894,292,251,806,772,676,8,685,194,908,1017,805,14,363,875,176,966,28,363,355,67,79,45,79,76,86,43,67,68,64,33,82,70,41,78,55,89,68,37,66,37,45,30,58,64,56,47,51,63,63,85,77
[ 27.037663] wil6210-aoa$0,1606461627.197053,04:d6:aa:c1:38:97,2,1,1,0,128,43,685,46,461,968,1010,455,351,618,661,395,360,911,321,353,860,753,682,121,792,733,89,629,51,577,566,434,422,493,280,352,239,64,82,44,75,75,85,41,68,65,62,34,83,68,42,77,53,87,70,36,66,38,45,27,58,63,54,46,48,62,63,81,73
[ 27.065455] wil6210-aoa$0,1606461627.224850,04:d6:aa:c1:38:97,2,1,1,0,128,138,730,581,669,919,982,415,291,663,674,335,316,356,103,346,842,773,718,147,846,724,109,627,77,602,606,396,333,4,97,337,235,65,81,42,77,76,85,43,68,67,62,33,83,69,42,79,55,89,68,37,66,38,46,29,58,64,55,46,48,61,62,82,73
[ 27.088494] wil6210-aoa$0,1606461627.247889,04:d6:aa:c1:38:97,2,1,1,0,128,51,710,602,713,925,999,395,290,632,634,334,308,881,248,290,830,791,716,96,815,679,52,611,36,597,610,424,416,553,313,406,206,66,80,45,79,74,84,41,67,66,63,32,78,69,39,77,53,86,69,35,65,37,44,27,57,60,53,45,47,60,60,78,73
[ 27.117259] wil6210-aoa$0,1606461627.276649,04:d6:aa:c1:38:97,2,1,1,0,128,98,707,35,462,426,826,861,63,612,643,376,359,932,321,786,633,181,453,506,526,175,915,525,9,537,552,359,293,488,221,877,866,64,79,42,78,74,83,42,67,64,62,30,75,67,38,75,50,83,66,34,60,33,42,25,53,59,48,41,43,57,54,72,63
[ 27.145483] wil6210-aoa$0,1606461627.304877,04:d6:aa:c1:38:97,2,1,1,0,128,62,650,538,645,895,967,408,257,669,623,417,346,910,319,336,849,725,651,59,732,711,73,525,1005,654,611,409,373,508,270,425,304,65,77,43,74,75,84,43,66,65,62,32,80,68,41,79,55,87,67,35,65,38,47,28,58,63,54,45,50,62,63,81,76
[ 27.168510] wil6210-aoa$0,1606461627.327906,04:d6:aa:c1:38:97,2,1,1,0,128,78,741,578,677,975,1011,389,281,616,615,356,337,900,289,322,802,792,721,93,826,658,30,556,31,545,570,377,322,543,257,756,632,65,78,44,76,76,84,42,66,64,62,31,77,67,41,74,54,88,67,36,63,36,44,26,54,60,51,43,46,60,58,79,70
[ 27.197542] wil6210-aoa$0,1606461627.356932,04:d6:aa:c1:38:97,2,1,1,0,128,102,672,586,670,890,972,412,278,607,671,363,326,357,82,791,632,239,534,52,748,691,89,537,4,602,590,392,367,528,274,89,19,71,88,47,87,85,92,44,72,72,68,35,88,72,44,86,60,93,74,40,68,38,47,29,62,67,55,49,53,63,66,86,75
[ 27.226156] wil6210-aoa$0,1606461627.385552,04:d6:aa:c1:38:97,2,1,1,0,128,88,701,573,674,957,1018,436,303,592,618,307,320,875,280,780,618,249,487,549,589,735,71,516,990,633,635,383,366,434,199,976,963,65,80,43,78,78,86,41,67,66,62,34,82,69,41,80,54,87,69,37,67,37,44,29,59,63,55,47,48,61,62,83,75
[ 27.250150] wil6210-aoa$0,1606461627.409541,04:d6:aa:c1:38:97,2,1,1,0,128,89,682,482,612,382,815,816,52,97,458,905,186,942,335,260,809,732,675,58,774,137,895,609,62,578,570,428,395,485,247,383,312,66,80,46,79,76,86,43,69,64,62,33,80,69,41,80,55,88,68,35,65,37,45,28,58,63,56,46,49,61,63,80,73
[ 27.281735] wil6210-aoa$0,1606461627.441126,04:d6:aa:c1:38:97,2,1,1,0,128,585,511,531,652,924,1002,371,228,625,614,389,345,903,324,361,898,796,777,130,853,698,80,625,105,572,604,413,376,544,268,148,1021,67,79,44,79,77,87,45,68,67,66,34,85,70,44,81,57,92,69,37,69,39,49,29,61,66,58,48,52,66,68,87,79
[ 27.311681] wil6210-aoa$0,1606461627.471077,04:d6:aa:c1:38:97,2,1,1,0,128,136,744,573,683,866,997,467,341,604,633,397,402,990,352,369,883,781,716,132,812,722,111,587,3,556,557,885,212,581,294,626,489,65,80,43,78,77,87,42,67,67,62,33,84,70,42,79,57,87,68,36,66,39,47,28,60,64,57,47,50,64,65,86,78
[ 27.335562] wil6210-aoa$0,1606461627.494956,04:d6:aa:c1:38:97,2,1,1,0,128,49,675,1018,460,331,789,931,106,577,598,880,162,919,314,743,602,755,672,80,786,736,61,45,861,10,366,888,193,956,13,738,664,64,79,41,75,75,80,41,64,64,61,31,76,66,39,74,51,84,65,34,61,34,43,24,53,59,49,42,44,59,59,74,66
[ 27.363940] wil6210-aoa$0,1606461627.523331,04:d6:aa:c1:38:97,2,1,1,0,128,117,721,487,625,914,1010,412,266,566,648,375,342,947,344,307,843,766,691,78,748,117,891,583,10,540,552,384,319,489,242,728,632,65,79,41,74,74,85,42,65,67,63,33,78,66,40,76,53,84,67,35,65,38,46,28,60,61,54,47,49,61,63,80,73
[ 27.387330] wil6210-aoa$0,1606461627.546725,04:d6:aa:c1:38:97,2,1,1,0,128,118,705,590,676,933,2,422,292,655,696,373,342,988,340,238,817,800,762,132,836,697,41,598,16,573,578,445,386,483,261,521,413,64,78,42,76,76,83,40,67,63,61,32,76,66,38,75,52,85,66,33,62,34,43,27,56,60,52,45,47,58,60,79,70
[ 27.413116] wil6210-aoa$0,1606461627.572506,04:d6:aa:c1:38:97,2,1,1,0,128,588,519,584,677,891,980,371,273,579,603,352,359,913,320,273,805,830,748,81,803,715,81,1019,881,567,594,879,182,551,256,57,19,71,86,45,85,83,93,47,73,71,70,36,88,72,45,85,59,96,72,39,70,41,50,31,64,68,59,49,53,70,70,91,82
[ 27.445142] wil6210-aoa$0,1606461627.604533,04:d6:aa:c1:38:97,2,1,1,0,128,48,695,975,450,1000,29,417,316,550,615,389,368,939,320,319,848,775,714,16,740,674,56,606,53,617,580,429,415,574,309,984,865,70,85,46,81,82,90,46,70,67,65,32,83,72,42,82,56,92,71,36,69,37,47,29,59,66,57,47,49,65,62,81,75
[ 27.469546] wil6210-aoa$0,1606461627.628940,04:d6:aa:c1:38:97,2,1,1,0,128,81,702,1008,452,955,15,485,351,620,660,390,388,910,322,317,833,226,506,528,591,757,129,531,62,551,601,373,371,504,259,964,825,64,76,40,73,74,81,41,63,64,61,31,80,66,39,78,52,83,66,32,64,35,43,26,55,60,51,45,47,58,60,78,70
[ 27.499363] wil6210-aoa$0,1606461627.658757,04:d6:aa:c1:38:97,2,1,1,0,128,51,698,553,635,323,822,813,62,555,594,382,378,901,354,302,791,827,753,11,724,195,909,572,40,595,612,325,343,539,245,484,323,62,75,42,73,72,79,42,65,62,60,32,78,65,39,76,53,85,66,33,64,36,43,27,56,61,53,46,46,60,62,79,72
[ 27.524491] wil6210-aoa$0,1606461627.683883,04:d6:aa:c1:38:97,2,1,1,0,128,56,694,560,622,851,937,409,274,611,617,375,320,959,321,333,838,802,738,26,728,746,109,546,27,596,642,378,363,560,285,924,759,63,77,41,75,73,82,41,64,64,60,31,78,66,39,73,52,83,63,34,63,35,43,25,54,58,48,42,43,56,56,77,69
[ 27.554679] wil6210-aoa$0,1606461627.714069,04:d6:aa:c1:38:97,2,1,1,0,128,94,703,572,679,917,980,403,287,562,580,340,298,407,142,316,831,251,518,89,755,671,66,577,76,634,641,411,384,529,255,858,775,64,78,41,74,73,82,42,63,65,59,33,78,67,40,77,54,84,66,35,64,36,44,28,58,60,53,43,47,60,60,81,73
[ 27.584193] wil6210-aoa$0,1606461627.743583,04:d6:aa:c1:38:97,2,1,1,0,128,605,539,526,612,965,1009,412,272,588,618,336,311,337,97,331,782,821,727,66,742,145,913,522,14,7,390,427,408,446,203,457,354,67,82,44,79,80,87,45,66,71,65,34,83,69,43,80,56,90,69,36,66,38,46,28,59,66,56,46,49,63,65,83,77
[ 27.613411] wil6210-aoa$0,1606461627.772802,04:d6:aa:c1:38:97,2,1,1,0,128,565,492,984,424,391,865,851,52,585,620,328,313,910,301,774,645,739,652,509,534,144,893,543,1006,31,374,411,386,477,224,543,536,60,75,40,74,72,80,40,63,63,59,30,76,63,38,74,51,82,64,33,62,32,41,24,52,58,48,42,42,55,53,74,64
[ 27.643069] wil6210-aoa$0,1606461627.802464,04:d6:aa:c1:38:97,2,1,1,0,128,168,762,597,674,858,966,934,113,607,603,797,84,407,153,311,812,805,744,75,776,706,45,557,35,577,582,874,148,2,96,213,230,69,84,44,81,82,89,46,69,68,63,35,81,73,41,81,56,90,71,36,67,38,46,28,60,64,55,47,49,61,63,80,74
[ 27.666039] wil6210-aoa$0,1606461627.825435,04:d6:aa:c1:38:97,2,1,1,0,128,84,680,589,649,890,998,411,296,656,653,359,320,366,121,280,821,793,722,59,726,185,945,594,71,572,639,367,374,473,243,642,575,64,76,43,74,76,83,42,67,63,61,35,80,67,41,78,55,86,68,35,63,37,45,29,58,64,57,46,49,62,65,82,75
[ 27.695176] wil6210-aoa$0,1606461627.854568,04:d6:aa:c1:38:97,2,1,1,0,128,106,716,542,640,971,34,373,295,639,641,389,362,934,329,374,858,820,735,199,847,766,131,588,55,614,591,466,389,509,242,916,708,64,78,43,75,74,83,42,66,65,61,33,81,69,41,76,56,86,68,34,65,38,44,27,56,64,53,45,48,61,59,81,70
[ 27.724471] wil6210-aoa$0,1606461627.883866,04:d6:aa:c1:38:97,2,1,1,0,128,88,714,972,393,354,813,876,94,650,675,352,346,897,336,302,844,738,698,553,615,696,79,565,20,580,585,382,354,521,263,322,311,66,79,44,76,76,85,42,66,66,64,32,80,69,42,78,55,85,69,35,65,37,44,28,57,61,55,46,48,60,62,81,75
[ 27.747549] wil6210-aoa$0,1606461627.906943,04:d6:aa:c1:38:97,2,1,1,0,128,115,710,563,640,929,996,429,292,584,601,818,125,355,135,736,610,207,491,549,607,708,93,527,2,1009,352,867,151,933,32,260,300,62,77,41,74,73,81,39,62,64,59,32,79,64,41,74,52,84,64,34,63,36,44,27,55,61,52,45,46,59,60,80,70
[ 27.777147] wil6210-aoa$0,1606461627.936540,04:d6:aa:c1:38:97,2,1,1,0,128,56,697,569,700,855,974,441,326,600,612,366,325,977,318,348,846,251,478,124,796,718,107,578,23,1017,341,903,172,489,238,240,74,66,79,43,77,75,83,44,66,67,65,34,82,67,40,81,56,87,67,37,65,38,46,29,58,65,55,47,50,61,64,84,77
[ 27.801375] wil6210-aoa$0,1606461627.960771,04:d6:aa:c1:38:97,2,1,1,0,128,79,667,556,656,823,964,396,273,617,659,332,335,904,301,285,804,827,744,118,791,714,79,619,66,631,595,420,364,538,275,870,877,65,78,43,76,77,84,41,67,65,62,34,83,68,43,79,55,88,68,36,66,39,46,28,58,64,57,47,52,64,65,84,77
[ 27.832937] wil6210-aoa$0,1606461627.992328,04:d6:aa:c1:38:97,2,1,1,0,128,542,506,44,447,377,830,506,327,587,648,363,346,905,314,755,576,226,521,593,623,166,876,624,28,577,605,839,159,1002,74,330,299,65,78,43,78,75,82,43,67,62,60,33,77,66,40,72,51,85,65,34,63,34,40,25,52,56,49,42,42,55,56,71,66
[ 27.862546] wil6210-aoa$0,1606461628.021937,04:d6:aa:c1:38:97,2,1,1,0,128,110,737,500,606,378,820,848,29,101,446,810,124,403,101,320,816,858,782,120,774,743,91,623,18,522,525,407,357,967,82,679,606,64,81,42,77,74,84,42,66,64,59,33,80,68,40,77,53,86,66,36,66,36,44,27,56,60,52,45,46,62,59,80,72
[ 27.892683] wil6210-aoa$0,1606461628.052074,04:d6:aa:c1:38:97,2,1,1,0,128,87,701,539,621,937,991,423,297,524,623,353,367,969,346,290,825,755,700,152,869,663,58,596,70,611,620,456,420,502,291,371,273,66,79,42,76,76,85,42,68,65,62,32,81,70,41,79,57,86,68,36,67,38,44,27,58,62,56,45,49,62,64,82,74
[ 27.922459] wil6210-aoa$0,1606461628.081852,04:d6:aa:c1:38:97,2,1,1,0,128,110,720,567,696,909,991,381,276,603,650,453,380,834,236,336,830,743,690,88,800,680,84,553,32,1021,365,442,383,539,277,878,650,61,80,43,77,77,85,39,67,64,60,30,77,66,39,75,51,82,65,35,61,33,41,24,53,59,49,41,42,57,54,71,61
[ 27.946525] wil6210-aoa$0,1606461628.105920,04:d6:aa:c1:38:97,2,1,1,0,128,563,534,559,650,933,1003,394,258,624,621,375,362,924,290,798,657,246,526,89,761,655,28,599,46,1023,381,872,174,937,54,5,13,67,79,43,77,77,85,42,66,66,63,33,80,70,42,78,57,86,67,36,66,37,47,29,60,63,55,47,52,64,64,86,78
[ 27.972129] wil6210-aoa$0,1606461628.131526,04:d6:aa:c1:38:97,2,1,1,0,128,605,502,542,648,416,837,386,331,578,631,374,332,894,270,337,809,766,712,92,789,176,927,502,984,52,411,426,429,477,206,505,556,64,78,43,76,77,83,42,65,64,61,32,80,67,41,77,53,86,67,35,65,36,44,27,56,61,50,46,46,60,61,79,72
[ 27.997825] wil6210-aoa$0,1606461628.157219,04:d6:aa:c1:38:97,2,1,1,0,128,544,500,591,673,900,976,381,271,522,599,332,323,928,346,293,816,805,722,81,771,732,100,675,108,602,588,407,365,502,278,920,898,66,78,42,77,75,86,42,68,65,65,33,79,66,41,78,54,86,69,37,67,36,45,26,57,63,54,45,46,59,61,79,72
[ 28.027472] wil6210-aoa$0,1606461628.186862,04:d6:aa:c1:38:97,2,1,1,0,128,93,712,507,614,936,1006,433,309,659,631,411,335,916,284,323,818,806,737,56,751,692,79,995,832,40,405,874,181,957,56,382,321,68,79,44,77,78,84,42,67,67,65,36,83,69,43,83,56,90,68,37,70,40,48,29,59,66,57,49,51,66,66,86,79
[ 28.052474] wil6210-aoa$0,1606461628.211869,04:d6:aa:c1:38:97,2,1,1,0,128,123,738,568,685,951,9,403,273,668,684,404,381,984,348,405,851,801,714,81,749,735,98,632,56,575,571,462,418,487,233,89,909,65,80,45,77,75,85,42,67,67,63,33,80,67,42,79,54,87,67,35,66,37,46,27,58,64,53,47,49,61,61,81,70
[ 28.076549] wil6210-aoa$0,1606461628.235945,04:d6:aa:c1:38:97,2,1,1,0,128,50,680,543,648,876,955,894,89,575,624,414,388,987,383,275,826,713,638,81,789,142,943,22,877,39,418,370,371,909,23,19,42,65,79,43,76,75,84,43,66,65,62,33,80,68,42,80,55,87,67,36,65,37,45,27,57,63,54,47,48,61,60,83,74
[ 28.105281] wil6210-aoa$0,1606461628.264673,04:d6:aa:c1:38:97,2,1,1,0,128,118,708,538,625,926,984,393,258,617,647,299,312,906,294,329,830,199,475,46,756,678,38,35,872,558,551,345,334,951,53,811,825,68,84,46,81,81,90,44,69,69,65,35,86,71,44,82,57,91,71,38,67,39,47,30,59,67,58,49,50,66,66,87,80
[ 28.136409] wil6210-aoa$0,1606461628.295805,04:d6:aa:c1:38:97,2,1,1,0,128,133,733,529,612,975,24,421,298,609,645,380,330,338,111,748,583,225,490,618,594,176,956,592,30,564,575,440,384,500,256,175,109,67,78,43,77,75,86,43,67,67,63,33,82,69,43,77,56,87,67,35,65,38,45,29,59,65,56,47,50,62,64,83,76
[ 28.161262] wil6210-aoa$0,1606461628.320653,04:d6:aa:c1:38:97,2,1,1,0,128,126,728,491,659,914,990,463,340,581,603,411,395,936,316,339,849,699,656,102,764,135,933,539,16,615,615,413,405,490,260,600,470,69,86,46,80,81,89,43,71,70,66,36,83,73,44,82,55,92,70,37,70,38,47,29,59,64,54,47,51,62,63,85,76
[ 28.192789] wil6210-aoa$0,1606461628.352180,04:d6:aa:c1:38:97,2,1,1,0,128,70,715,488,652,866,973,431,273,638,651,405,307,985,324,293,820,803,704,43,801,714,79,587,60,561,556,486,428,454,258,638,542,66,79,44,78,76,81,42,65,64,59,31,77,67,39,75,53,85,65,33,63,34,41,26,54,59,52,44,45,57,60,79,70
[ 28.216712] wil6210-aoa$0,1606461628.376109,04:d6:aa:c1:38:97,2,1,1,0,128,110,694,522,593,897,991,438,290,592,636,401,346,935,327,323,818,753,676,43,775,707,95,614,63,540,566,385,344,513,244,979,888,66,80,43,76,74,84,42,67,64,60,33,81,68,40,78,53,86,67,35,64,36,45,28,57,61,53,46,48,60,62,80,73
[ 28.243911] wil6210-aoa$0,1606461628.403302,04:d6:aa:c1:38:97,2,1,1,0,128,550,480,567,671,906,984,393,305,551,614,441,363,941,310,788,624,792,746,70,768,720,95,535,9,592,602,494,435,496,276,414,360,64,77,44,75,74,83,42,67,63,61,33,78,65,41,77,54,85,67,36,64,35,43,26,54,59,52,44,46,60,59,76,68
[ 28.274954] wil6210-aoa$0,1606461628.434344,04:d6:aa:c1:38:97,2,1,1,0,128,548,491,25,460,921,9,391,267,507,555,868,162,370,130,307,813,238,493,550,551,124,879,1009,842,18,379,381,325,534,241,518,329,65,79,41,74,75,84,42,64,64,61,32,81,69,41,78,53,84,65,36,64,36,44,29,57,62,53,43,47,61,61,82,76
[ 28.312755] wil6210-aoa$0,1606461628.472151,04:d6:aa:c1:38:97,2,1,1,0,128,41,714,987,431,938,31,430,295,603,621,395,334,951,346,335,822,805,703,90,791,689,75,630,85,5,388,836,168,1022,68,86,6,65,78,43,75,73,85,44,66,67,62,33,80,66,41,77,54,88,66,37,64,38,45,30,57,64,55,48,49,63,63,83,74
[ 28.335954] wil6210-aoa$0,1606461628.495349,04:d6:aa:c1:38:97,2,1,1,0,128,113,707,576,666,919,1009,452,316,617,671,368,330,940,332,290,819,768,682,113,805,763,123,607,73,648,611,376,329,537,242,143,83,72,84,46,83,83,91,45,72,70,69,34,86,75,43,85,59,93,74,39,71,39,47,31,61,67,56,50,51,65,66,89,79
[ 28.368218] wil6210-aoa$0,1606461628.527613,04:d6:aa:c1:38:97,2,1,1,0,128,567,497,16,429,316,776,910,101,587,601,333,266,374,101,774,603,245,520,561,581,152,884,562,31,1004,360,856,156,926,48,518,458,66,80,42,77,76,83,42,66,64,59,30,77,67,37,73,51,84,66,34,62,36,43,25,54,60,49,41,43,58,58,77,67
[ 28.394852] wil6210-aoa$0,1606461628.554243,04:d6:aa:c1:38:97,2,1,1,0,128,74,685,517,639,914,1018,361,253,615,619,335,326,387,143,305,837,804,707,66,723,137,871,10,868,547,523,951,251,474,250,749,588,64,80,42,77,74,83,42,68,65,62,33,81,69,42,77,55,86,68,36,66,37,45,28,58,63,57,47,48,63,62,83,76
[ 28.420110] wil6210-aoa$0,1606461628.579508,04:d6:aa:c1:38:97,2,1,1,0,128,120,713,547,620,313,759,396,296,589,604,383,348,953,333,305,822,797,692,526,558,157,910,13,836,116,452,415,389,504,243,285,198,71,88,48,83,86,95,46,73,72,69,35,85,75,45,86,60,93,74,36,70,40,46,30,61,69,57,50,50,65,64,85,77
[ 28.450451] wil6210-aoa$0,1606461628.609848,04:d6:aa:c1:38:97,2,1,1,0,128,574,479,995,435,455,847,418,281,617,641,411,347,11,356,309,846,767,662,553,591,161,950,617,66,512,524,898,198,966,51,486,408,64,77,43,75,77,84,44,67,66,64,35,82,69,40,81,54,89,68,36,66,37,46,28,58,64,54,46,50,62,63,82,77
[ 28.477563] wil6210-aoa$0,1606461628.636953,04:d6:aa:c1:38:97,2,1,1,0,128,543,481,1013,433,890,964,895,98,549,582,351,297,341,102,780,625,183,459,578,592,721,81,586,35,547,569,892,201,4,105,741,725,66,80,41,77,75,86,43,67,65,63,33,78,66,39,77,52,87,68,36,64,36,43,27,57,60,51,44,46,60,63,80,73
[ 28.508080] wil6210-aoa$0,1606461628.667475,04:d6:aa:c1:38:97,2,1,1,0,128,73,681,590,684,909,972,367,211,1023,345,829,113,344,81,353,859,743,694,14,747,694,29,586,70,551,551,425,373,530,274,49,983,70,87,48,84,82,91,45,74,71,64,34,85,74,43,85,60,93,75,39,71,40,48,28,60,66,58,50,52,66,65,87,80
[ 28.533394] wil6210-aoa$0,1606461628.692785,04:d6:aa:c1:38:97,2,1,1,0,128,152,738,556,676,861,982,864,74,626,636,434,393,917,306,296,810,777,677,602,602,689,49,49,876,607,614,318,287,965,30,788,708,66,81,43,74,76,84,43,67,66,61,32,81,68,41,76,53,88,67,37,64,36,46,28,57,62,53,45,48,61,63,82,73
[ 28.565520] wil6210-aoa$0,1606461628.724912,04:d6:aa:c1:38:97,2,1,1,0,128,155,717,514,586,981,6,382,243,607,615,403,376,890,286,739,616,787,698,37,737,150,925,595,49,562,624,335,335,473,245,249,217,67,78,44,79,75,86,44,68,64,62,34,81,68,43,79,55,85,66,36,65,37,46,28,58,63,55,47,50,64,64,86,79
[ 28.594621] wil6210-aoa$0,1606461628.754019,04:d6:aa:c1:38:97,2,1,1,0,128,608,542,1019,392,382,777,937,117,589,633,354,327,926,300,223,792,736,657,558,596,723,74,586,66,538,587,324,301,1012,99,376,295,64,79,43,76,77,86,43,67,65,60,32,77,68,39,77,54,86,65,35,64,35,43,26,56,61,52,45,47,60,58,78,70
[ 28.621966] wil6210-aoa$0,1606461628.781357,04:d6:aa:c1:38:97,2,1,1,0,128,99,682,534,600,355,810,380,264,526,565,832,128,903,282,285,807,782,682,67,776,662,34,597,1015,48,391,820,123,926,49,63,1006,72,88,48,85,83,93,46,72,72,69,36,86,76,46,86,58,96,72,39,69,40,48,28,61,70,58,49,53,66,66,87,79
[ 28.652094] wil6210-aoa$0,1606461628.811492,04:d6:aa:c1:38:97,2,1,1,0,128,563,461,999,419,339,791,851,79,568,568,860,163,990,321,302,845,735,692,578,583,174,901,50,903,16,371,900,228,1004,41,569,555,64,79,41,78,74,83,40,65,65,60,31,78,67,40,75,54,84,67,36,66,35,43,27,55,61,53,44,46,59,60,79,69
[ 28.676016] wil6210-aoa$0,1606461628.835411,04:d6:aa:c1:38:97,2,1,1,0,128,73,711,505,569,950,20,448,326,672,667,362,327,918,287,305,838,780,704,15,712,169,914,613,33,635,604,338,323,940,12,167,254,63,78,41,73,75,81,41,65,63,58,31,77,67,40,75,52,87,67,34,63,35,43,26,54,62,53,43,47,57,60,80,73
[ 28.705727] wil6210-aoa$0,1606461628.865117,04:d6:aa:c1:38:97,2,1,1,0,128,653,545,607,709,878,1004,400,300,562,589,395,325,976,390,313,827,771,696,127,788,737,75,553,29,634,607,387,349,524,234,905,826,66,80,44,78,74,85,41,67,63,62,31,79,66,39,76,55,84,66,35,65,35,45,27,57,62,50,44,47,60,62,78,69
[ 28.735943] wil6210-aoa$0,1606461628.895341,04:d6:aa:c1:38:97,2,1,1,0,128,101,721,548,672,912,1004,356,260,543,590,362,334,932,339,292,785,764,673,1,727,689,91,553,1021,548,560,846,179,1001,83,776,792,71,88,48,82,82,92,47,72,73,69,36,89,76,44,83,61,98,73,39,72,41,51,31,64,70,59,51,55,68,69,91,83
[ 28.763385] wil6210-aoa$0,1606461628.922776,04:d6:aa:c1:38:97,2,1,1,0,128,156,721,557,656,882,985,358,263,583,666,357,284,916,299,368,861,826,734,101,804,723,128,575,31,606,641,449,411,439,248,594,516,66,80,41,76,76,84,43,66,64,61,33,77,68,40,77,53,85,67,34,64,35,43,24,55,60,52,44,46,58,61,80,69
[ 28.794893] wil6210-aoa$0,1606461628.954289,04:d6:aa:c1:38:97,2,1,1,0,128,573,498,556,648,353,770,914,102,581,606,352,303,888,296,256,786,832,729,50,737,140,893,510,1001,581,569,855,157,980,43,995,40,66,79,44,79,75,85,41,68,63,61,31,78,66,39,76,53,84,65,34,64,36,41,26,55,61,50,43,43,59,61,78,69
[ 28.819107] wil6210-aoa$0,1606461628.978502,04:d6:aa:c1:38:97,2,1,1,0,128,131,695,990,426,942,3,419,280,606,644,358,334,874,280,293,814,786,724,119,780,710,69,555,46,631,616,448,414,482,219,280,138,66,80,45,76,74,84,41,67,66,62,34,83,69,43,80,53,86,67,36,65,40,46,29,60,64,57,47,51,63,64,86,79
[ 28.848392] wil6210-aoa$0,1606461629.007784,04:d6:aa:c1:38:97,2,1,1,0,128,581,505,620,684,904,957,403,291,544,632,359,316,925,335,350,902,754,699,82,794,692,102,528,36,547,530,886,214,961,96,588,541,66,80,44,78,75,84,41,66,63,61,32,78,67,39,76,54,84,68,34,62,36,42,24,55,57,49,43,44,56,55,71,67
[ 28.879873] wil6210-aoa$0,1606461629.039263,04:d6:aa:c1:38:97,2,1,1,0,128,123,730,18,477,931,7,423,308,589,659,393,398,952,356,279,808,288,541,506,573,179,866,77,903,561,573,402,361,484,269,148,4,65,81,44,78,75,85,42,66,67,61,33,80,66,40,77,54,85,66,36,65,36,45,26,57,62,51,45,44,61,61,81,74
[ 28.910987] wil6210-aoa$0,1606461629.070377,04:d6:aa:c1:38:97,2,1,1,0,128,576,508,572,636,946,989,870,53,63,409,405,357,948,315,306,863,835,719,99,797,704,64,533,1019,561,547,899,192,503,239,83,47,71,84,48,82,84,91,46,70,72,68,35,87,73,45,87,59,94,73,39,71,41,51,31,62,67,60,51,55,66,68,89,83
[ 28.942637] wil6210-aoa$0,1606461629.102028,04:d6:aa:c1:38:97,2,1,1,0,128,132,736,566,661,335,789,894,81,1009,370,855,114,335,95,782,654,226,490,582,603,734,102,595,44,529,552,365,320,535,265,890,876,63,77,42,76,72,82,42,65,62,60,32,75,65,40,76,53,86,66,33,61,36,44,28,56,61,53,43,49,60,62,79,75
[ 28.973857] wil6210-aoa$0,1606461629.133252,04:d6:aa:c1:38:97,2,1,1,0,128,115,726,571,655,952,10,381,293,524,575,419,383,945,330,331,852,775,704,73,784,683,57,582,19,525,567,432,399,541,319,496,378,68,84,45,80,82,93,45,70,71,68,34,84,72,44,84,59,93,74,39,70,40,49,30,62,66,61,49,53,67,68,91,82
[ 29.005311] wil6210-aoa$0,1606461629.164701,04:d6:aa:c1:38:97,2,1,1,0,128,100,716,574,680,891,984,457,331,550,577,360,319,948,341,283,753,242,517,76,801,161,891,606,65,575,595,447,406,568,294,790,642,64,78,41,71,72,83,41,63,64,61,32,81,67,41,76,53,84,65,35,63,36,46,28,57,62,53,45,48,60,62,81,75
[ 29.036992] wil6210-aoa$0,1606461629.196383,04:d6:aa:c1:38:97,2,1,1,0,128,181,744,474,586,941,960,884,100,645,668,322,292,930,291,304,799,821,729,13,757,707,85,576,42,645,618,447,434,541,263,495,378,68,84,46,80,81,88,45,71,69,67,35,86,71,44,80,55,92,70,35,67,37,47,27,58,64,53,47,49,62,63,82,76
[ 29.061590] wil6210-aoa$0,1606461629.220985,04:d6:aa:c1:38:97,2,1,1,0,128,47,647,520,628,893,1001,408,254,588,644,371,353,879,276,351,837,763,665,93,809,684,85,577,65,567,595,417,418,526,291,931,761,68,83,47,81,81,89,44,69,69,63,33,83,70,42,83,59,90,71,37,68,39,49,28,62,67,58,49,52,64,66,88,79
[ 29.087415] wil6210-aoa$0,1606461629.246812,04:d6:aa:c1:38:97,2,1,1,0,128,616,523,986,376,988,6,859,104,551,602,822,139,954,329,252,791,821,729,56,747,90,847,40,872,1021,323,865,157,0,66,465,379,63,76,41,73,73,82,41,64,63,59,33,79,67,41,77,52,84,64,34,63,35,44,27,55,60,53,42,45,59,59,79,70
[ 29.116446] wil6210-aoa$0,1606461629.275837,04:d6:aa:c1:38:97,2,1,1,0,128,82,728,943,413,318,802,410,276,1009,409,389,327,351,115,776,636,782,685,123,846,684,72,1000,844,44,407,861,189,567,269,247,212,62,77,42,76,74,84,41,64,62,58,31,77,64,39,75,52,81,66,33,61,34,42,26,55,60,50,44,45,55,56,76,67
[ 29.147336] wil6210-aoa$0,1606461629.306734,04:d6:aa:c1:38:97,2,1,1,0,128,84,702,528,611,887,977,892,115,527,629,413,382,897,274,361,832,746,699,555,570,185,902,600,41,577,607,444,408,471,243,1017,985,71,85,48,83,81,93,46,72,72,67,35,87,74,45,82,58,94,74,38,69,39,46,29,59,65,55,47,50,63,63,84,74
[ 29.175246] wil6210-aoa$0,1606461629.334638,04:d6:aa:c1:38:97,2,1,1,0,128,39,658,532,594,950,1013,871,63,27,398,823,84,960,327,757,621,817,733,84,770,684,68,602,39,573,563,449,375,500,227,919,892,63,77,42,75,77,83,42,66,62,59,30,79,66,39,77,53,86,66,34,61,34,41,27,53,62,51,43,45,58,57,78,69
[ 29.200819] wil6210-aoa$0,1606461629.360214,04:d6:aa:c1:38:97,2,1,1,0,128,563,503,1004,440,361,818,832,63,1016,366,903,202,905,294,302,816,232,481,570,625,695,83,611,73,591,602,334,352,916,1013,53,18,72,87,47,85,85,95,46,72,70,67,36,89,75,45,86,60,96,74,40,72,39,50,32,64,68,59,51,54,65,67,90,81
[ 29.225549] wil6210-aoa$0,1606461629.384945,04:d6:aa:c1:38:97,2,1,1,0,128,89,696,561,648,917,981,411,302,640,645,420,380,956,316,786,645,781,648,112,800,734,113,671,103,617,635,449,416,548,281,907,785,63,77,43,76,77,84,41,67,64,62,33,79,65,41,77,54,86,66,35,63,34,43,27,56,61,52,43,47,60,58,79,70
[ 29.253839] wil6210-aoa$0,1606461629.413230,04:d6:aa:c1:38:97,2,1,1,0,128,141,766,530,659,939,1013,429,293,589,639,383,344,1023,368,299,836,838,720,45,759,705,45,585,30,601,585,921,208,510,261,287,174,72,85,49,83,85,95,48,72,71,70,36,90,76,46,89,63,97,75,39,71,45,51,32,68,72,60,52,55,71,73,96,88
[ 29.281406] wil6210-aoa$0,1606461629.440802,04:d6:aa:c1:38:97,2,1,1,0,128,135,738,561,697,925,1004,442,314,631,632,378,331,954,311,263,792,781,708,164,820,729,87,566,1018,567,578,464,375,537,255,796,667,61,80,43,75,74,82,41,65,62,58,28,72,64,38,73,50,82,65,33,61,32,40,23,50,56,46,40,41,53,53,70,61
[ 29.312827] wil6210-aoa$0,1606461629.472218,04:d6:aa:c1:38:97,2,1,1,0,128,78,742,941,450,971,11,390,272,626,630,364,321,902,260,309,782,795,696,71,785,688,64,535,1020,52,439,398,353,965,37,724,679,65,77,42,77,75,84,42,68,65,62,33,82,66,41,78,55,87,68,35,66,38,44,28,57,63,55,46,49,61,64,83,74
[ 29.340814] wil6210-aoa$0,1606461629.500210,04:d6:aa:c1:38:97,2,1,1,0,128,65,677,517,627,944,1015,900,81,666,652,399,295,938,297,282,773,237,532,536,536,188,900,547,1022,546,546,886,200,1010,84,304,200,66,77,45,77,75,84,45,66,65,62,32,81,68,41,79,55,88,68,35,66,39,47,29,60,65,56,47,52,64,66,87,79
[ 29.371900] wil6210-aoa$0,1606461629.531293,04:d6:aa:c1:38:97,2,1,1,0,128,55,674,572,664,904,1017,369,264,563,654,403,363,970,323,353,889,819,718,51,746,715,33,575,34,15,426,417,361,595,327,196,982,65,80,45,77,75,87,42,67,67,62,34,83,67,41,79,54,86,68,36,65,36,45,28,58,64,54,46,49,63,61,84,74
[ 29.401574] wil6210-aoa$0,1606461629.560971,04:d6:aa:c1:38:97,2,1,1,0,128,83,724,587,684,903,1020,344,273,666,660,394,385,994,391,335,902,784,754,128,857,637,58,525,1022,618,606,453,368,473,214,28,902,64,78,42,75,75,82,42,65,65,62,33,80,68,41,78,53,85,67,35,66,38,45,29,60,63,56,46,50,63,64,81,77
[ 29.431314] wil6210-aoa$0,1606461629.590705,04:d6:aa:c1:38:97,2,1,1,0,128,70,671,1006,454,890,997,890,108,36,430,416,339,908,295,352,876,710,667,161,816,644,37,602,40,584,642,391,370,548,261,971,849,64,78,44,76,75,83,43,68,64,63,32,81,68,40,78,54,88,67,35,65,38,45,26,57,63,54,46,49,62,62,82,73
[ 29.461954] wil6210-aoa$0,1606461629.621350,04:d6:aa:c1:38:97,2,1,1,0,128,43,667,563,605,376,806,916,86,575,594,820,139,405,164,317,848,203,468,60,717,714,58,10,874,13,389,376,350,941,19,283,211,70,87,50,85,83,92,47,72,71,68,35,87,76,44,85,60,93,74,37,70,41,47,29,63,68,57,49,51,64,66,86,79
[ 29.486668] wil6210-aoa$0,1606461629.646064,04:d6:aa:c1:38:97,2,1,1,0,128,593,537,593,685,911,1000,388,274,51,441,859,121,361,112,252,756,302,528,546,592,703,111,50,874,586,607,905,227,517,274,755,747,63,78,41,74,75,83,41,66,63,59,30,79,66,38,73,53,84,66,33,63,34,41,25,55,60,49,44,46,59,58,73,69
[ 29.517291] wil6210-aoa$0,1606461629.676683,04:d6:aa:c1:38:97,2,1,1,0,128,135,703,559,624,352,783,899,63,610,612,357,296,927,307,301,850,733,647,61,780,155,912,1022,824,84,421,417,393,509,241,177,1021,68,81,44,76,76,85,42,67,64,63,33,81,69,40,79,55,87,67,36,63,38,47,27,59,64,54,45,48,62,63,82,74
[ 29.543600] wil6210-aoa$0,1606461629.702993,04:d6:aa:c1:38:97,2,1,1,0,128,579,497,39,466,324,824,832,75,99,446,824,135,442,168,288,836,793,723,112,799,767,84,602,37,1017,379,893,207,448,191,88,135,73,85,50,85,83,92,47,73,71,68,37,90,75,46,86,61,96,75,37,70,41,50,30,62,68,58,48,51,67,67,87,79
[ 29.575770] wil6210-aoa$0,1606461629.735163,04:d6:aa:c1:38:97,2,1,1,0,128,131,739,528,685,910,1003,832,70,12,437,859,135,372,116,797,699,236,512,582,606,114,893,556,0,963,281,864,119,977,2,90,45,68,81,42,77,77,84,42,66,66,62,33,81,68,42,80,54,88,68,35,65,35,44,28,55,61,53,46,47,61,62,81,75
[ 29.605825] wil6210-aoa$0,1606461629.765220,04:d6:aa:c1:38:97,2,1,1,0,128,500,487,1001,457,860,937,921,115,543,582,846,176,923,265,782,603,253,511,123,801,701,63,579,18,519,536,853,181,480,252,1021,998,71,85,46,81,83,93,45,71,70,67,35,87,73,45,85,60,94,74,37,70,40,49,30,62,65,59,48,54,68,69,90,81
[ 29.634009] wil6210-aoa$0,1606461629.793399,04:d6:aa:c1:38:97,2,1,1,0,128,140,727,555,615,925,1004,395,283,583,602,354,318,874,240,302,815,794,708,71,753,764,145,512,29,620,652,443,388,490,232,682,561,67,83,42,79,79,87,45,69,66,63,33,80,69,41,79,54,90,68,37,68,38,47,28,60,63,56,48,50,65,65,84,78
[ 29.659939] wil6210-aoa$0,1606461629.819329,04:d6:aa:c1:38:97,2,1,1,0,128,83,714,514,598,377,833,395,274,678,703,379,363,949,375,291,825,757,711,564,595,180,927,1011,836,617,601,441,408,550,286,84,958,61,75,40,73,72,78,38,64,62,56,30,77,63,39,71,51,80,64,33,60,34,40,24,52,57,46,40,41,55,54,72,65
[ 29.690748] wil6210-aoa$0,1606461629.850144,04:d6:aa:c1:38:97,2,1,1,0,128,91,728,556,668,905,1003,393,311,584,660,408,359,919,323,330,856,849,766,84,819,718,78,607,52,622,632,431,398,547,269,278,177,59,74,41,73,71,81,39,62,61,58,31,75,63,36,74,53,82,65,32,61,36,42,25,51,60,50,43,44,57,54,74,67
[ 29.720524] wil6210-aoa$0,1606461629.879915,04:d6:aa:c1:38:97,2,1,1,0,128,77,677,548,627,971,13,316,299,667,629,341,301,977,333,341,850,775,661,135,814,739,112,563,10,627,587,422,394,475,260,816,653,70,85,44,80,80,87,44,70,69,63,34,83,70,42,81,57,90,68,37,64,37,45,27,59,64,52,47,48,63,61,80,73
[ 29.746103] wil6210-aoa$0,1606461629.905499,04:d6:aa:c1:38:97,2,1,1,0,128,563,524,1018,454,954,17,396,294,592,652,471,418,962,351,331,845,825,757,64,775,722,123,533,10,554,567,919,190,515,235,694,596,67,83,46,80,78,87,46,72,69,66,35,87,71,45,84,57,92,70,38,69,40,49,30,60,66,59,49,52,67,69,89,83
[ 29.773518] wil6210-aoa$0,1606461629.932908,04:d6:aa:c1:38:97,2,1,1,0,128,104,731,568,648,961,11,407,309,601,604,346,337,969,370,307,872,780,743,175,884,718,128,569,92,514,527,465,411,553,295,647,511,69,82,44,80,79,90,45,68,72,66,35,83,71,43,80,57,91,70,38,66,38,47,27,60,64,56,47,49,65,66,85,78
[ 29.805540] wil6210-aoa$0,1606461629.964932,04:d6:aa:c1:38:97,2,1,1,0,128,68,703,499,603,905,989,405,254,581,642,384,341,1008,361,249,808,765,674,60,773,669,89,536,28,601,570,890,226,475,240,268,219,69,84,45,81,79,88,43,69,69,66,35,86,72,44,86,60,94,70,38,70,41,48,31,62,67,60,50,53,69,67,89,82
[ 29.836037] wil6210-aoa$0,1606461629.995433,04:d6:aa:c1:38:97,2,1,1,0,128,465,457,526,656,914,1014,333,284,623,601,288,294,936,346,244,774,243,535,87,759,183,942,567,37,536,556,431,369,1021,113,191,81,65,84,43,79,77,86,43,68,66,62,32,82,68,41,81,54,89,68,35,67,37,45,28,59,62,55,45,48,62,63,81,73
[ 29.865859] wil6210-aoa$0,1606461630.025250,04:d6:aa:c1:38:97,2,1,1,0,128,99,711,545,596,893,935,851,65,1002,364,868,138,920,317,328,864,774,724,5,711,725,86,525,5,570,562,837,166,482,277,319,244,69,83,44,79,80,87,43,69,68,65,34,81,70,42,80,56,89,69,36,67,36,44,29,58,64,54,47,49,62,62,82,73
[ 29.896842] wil6210-aoa$0,1606461630.056237,04:d6:aa:c1:38:97,2,1,1,0,128,96,755,521,611,905,997,403,305,577,619,404,401,985,349,252,809,808,721,97,767,711,84,565,2,21,392,431,390,588,284,561,386,65,82,45,81,79,87,42,69,69,65,31,83,72,43,80,58,89,72,36,67,38,46,29,58,63,54,48,47,64,62,84,75
[ 29.925039] wil6210-aoa$0,1606461630.084431,04:d6:aa:c1:38:97,2,1,1,0,128,124,715,554,678,896,8,351,226,641,644,346,345,32,428,329,868,820,734,16,753,139,934,629,95,551,610,872,229,493,266,223,152,64,77,41,74,73,84,41,65,63,63,31,76,67,40,74,51,82,66,34,62,35,44,28,55,58,51,42,46,59,59,79,71
[ 29.951547] wil6210-aoa$0,1606461630.110942,04:d6:aa:c1:38:97,2,1,1,0,128,72,680,605,671,849,1002,387,246,527,609,816,109,384,85,744,575,239,496,544,554,166,882,79,911,558,576,409,376,460,226,508,454,72,85,49,84,81,92,46,70,71,68,34,88,73,46,86,60,94,73,38,72,42,49,30,63,69,61,49,53,67,68,89,83
[ 29.976874] wil6210-aoa$0,1606461630.136269,04:d6:aa:c1:38:97,2,1,1,0,128,496,478,566,689,303,802,914,130,580,605,380,321,403,118,803,672,822,723,72,756,121,921,1021,829,606,584,390,328,457,202,260,223,70,86,46,80,81,90,44,71,69,66,36,85,72,43,85,57,93,72,37,70,38,49,28,60,67,58,49,54,68,68,89,82
[ 30.004885] wil6210-aoa$0,1606461630.164275,04:d6:aa:c1:38:97,2,1,1,0,128,147,712,1004,453,344,786,980,174,537,574,859,184,937,342,287,804,189,472,589,582,690,25,66,904,567,606,449,380,454,224,366,240,65,77,44,75,74,82,43,67,65,62,33,81,68,42,78,53,87,65,34,64,37,45,27,57,63,55,45,47,60,62,82,72
[ 30.049498] wil6210-aoa$0,1606461630.208888,04:d6:aa:c1:38:97,2,1,1,0,128,123,723,527,637,934,998,390,316,566,620,354,334,924,310,339,828,765,687,90,794,717,84,543,20,590,624,895,195,534,243,231,100,61,75,41,72,72,81,39,63,64,58,30,75,63,39,73,50,80,63,31,59,32,40,24,50,55,47,38,40,54,52,68,61
[ 30.081476] wil6210-aoa$0,1606461630.240872,04:d6:aa:c1:38:97,2,1,1,0,128,95,715,555,646,854,967,869,85,632,695,322,288,938,312,315,793,774,717,2,733,113,893,533,1021,607,611,455,394,474,271,744,612,67,81,46,78,80,87,45,68,67,63,33,81,70,41,80,53,88,68,34,64,35,41,25,53,62,51,42,43,61,60,75,70
[ 30.106783] wil6210-aoa$0,1606461630.266179,04:d6:aa:c1:38:97,2,1,1,0,128,127,720,545,622,959,50,341,287,618,662,392,383,956,352,315,835,794,734,17,703,115,895,17,869,565,572,919,225,502,258,507,347,69,83,45,79,80,88,45,71,69,68,34,85,71,45,84,58,91,71,37,69,39,48,29,61,68,58,48,53,65,67,88,80
[ 30.135908] wil6210-aoa$0,1606461630.295299,04:d6:aa:c1:38:97,2,1,1,0,128,558,534,536,632,959,5,409,292,624,670,410,351,907,324,308,840,749,654,558,553,730,84,11,831,135,447,376,331,460,265,307,248,67,85,46,80,79,90,44,70,67,65,34,85,70,43,83,58,93,71,36,68,38,48,28,60,67,59,49,53,64,65,84,79
[ 30.167150] wil6210-aoa$0,1606461630.326544,04:d6:aa:c1:38:97,2,1,1,0,128,82,654,976,407,359,825,855,96,578,600,896,113,427,147,227,763,783,713,69,791,105,890,33,869,590,600,473,413,508,260,1017,876,67,81,45,81,78,89,44,70,68,65,33,82,72,43,81,58,90,70,37,67,38,47,28,62,64,57,46,50,65,66,84,76
[ 30.195375] wil6210-aoa$0,1606461630.354765,04:d6:aa:c1:38:97,2,1,1,0,128,126,746,562,660,303,800,883,88,77,457,425,390,916,338,335,893,836,807,96,815,720,128,575,44,589,525,466,425,509,244,236,237,67,81,46,78,78,88,44,69,66,66,34,86,70,42,84,57,89,70,37,66,39,47,30,62,67,58,50,51,66,67,86,78
[ 30.222363] wil6210-aoa$0,1606461630.381758,04:d6:aa:c1:38:97,2,1,1,0,128,99,709,522,589,357,817,927,128,604,607,442,382,944,299,336,849,785,708,514,530,216,939,561,8,587,597,399,356,510,256,299,146,70,82,45,80,79,89,43,70,67,62,33,80,69,41,82,58,89,70,37,67,37,44,27,58,63,54,46,47,63,62,78,72
[ 30.248225] wil6210-aoa$0,1606461630.407620,04:d6:aa:c1:38:97,2,1,1,0,128,51,727,534,646,915,993,427,270,590,613,356,328,929,310,361,882,802,736,70,781,735,91,588,40,528,576,461,398,482,205,417,299,66,81,43,80,75,85,42,66,65,62,32,81,67,40,78,55,87,67,35,65,34,44,26,54,61,52,45,44,59,59,77,68
[ 30.275354] wil6210-aoa$0,1606461630.434745,04:d6:aa:c1:38:97,2,1,1,0,128,102,700,989,436,317,800,846,86,581,598,815,105,382,97,735,582,815,696,110,767,700,88,556,23,544,556,357,309,961,38,632,607,67,83,44,79,79,87,43,68,65,63,33,80,70,41,78,54,87,70,36,67,37,45,27,56,63,52,44,47,62,61,80,73
[ 30.308272] wil6210-aoa$0,1606461630.467664,04:d6:aa:c1:38:97,2,1,1,0,128,128,696,554,609,364,832,850,116,562,636,436,381,914,327,276,841,756,721,77,785,137,908,549,29,4,397,415,392,529,279,268,161,65,80,43,78,76,83,40,66,64,62,31,79,66,40,78,53,86,69,35,65,34,43,26,58,60,52,42,46,58,60,77,69
[ 30.341412] wil6210-aoa$0,1606461630.500802,04:d6:aa:c1:38:97,2,1,1,0,128,119,721,625,684,868,965,420,285,564,615,821,126,842,239,344,860,789,717,78,772,723,109,520,2,1001,357,956,245,544,290,307,198,70,83,46,82,81,93,46,73,71,67,35,85,73,44,85,56,93,71,38,69,38,48,29,60,66,59,48,51,66,66,85,78
[ 30.373484] wil6210-aoa$0,1606461630.532879,04:d6:aa:c1:38:97,2,1,1,0,128,121,704,581,638,906,1001,392,266,620,630,363,343,338,115,254,773,796,687,536,620,146,928,25,838,52,425,433,403,535,271,362,274,65,78,42,76,73,81,42,66,64,59,33,76,65,39,77,53,85,66,34,64,37,43,27,55,61,53,46,48,62,63,80,72
[ 30.399250] wil6210-aoa$0,1606461630.558644,04:d6:aa:c1:38:97,2,1,1,0,128,640,567,520,640,895,980,406,317,597,602,357,322,387,108,760,609,811,719,585,575,723,99,989,849,964,328,861,141,936,1020,1014,1,64,78,44,77,74,82,42,66,62,60,30,78,63,38,73,53,85,67,33,63,36,43,25,53,60,52,44,44,59,58,76,69
[ 30.430469] wil6210-aoa$0,1606461630.589856,04:d6:aa:c1:38:97,2,1,1,0,128,43,658,530,610,931,993,437,291,600,614,432,373,902,310,330,832,762,691,25,732,685,58,610,27,584,624,448,417,466,250,952,824,66,83,44,80,78,86,43,70,67,64,33,83,68,42,78,56,90,70,35,66,37,46,26,55,63,53,46,48,62,63,83,75
[ 30.456187] wil6210-aoa$0,1606461630.615582,04:d6:aa:c1:38:97,2,1,1,0,128,551,504,1023,444,910,1000,358,240,665,665,374,347,995,396,359,868,789,735,56,777,703,111,566,47,1012,400,907,217,549,288,525,380,69,83,44,79,79,90,43,70,70,66,34,83,70,43,83,57,89,71,38,67,38,47,29,63,64,55,46,48,63,65,84,78
[ 30.486115] wil6210-aoa$0,1606461630.645505,04:d6:aa:c1:38:97,2,1,1,0,128,113,726,491,621,971,51,403,301,583,638,379,330,880,286,798,618,797,722,61,738,159,949,656,81,558,591,877,181,514,250,1,972,68,82,45,79,79,89,44,69,67,66,34,83,71,44,82,59,91,70,36,68,40,48,30,62,68,59,49,53,69,69,90,81
[ 30.517615] wil6210-aoa$0,1606461630.677013,04:d6:aa:c1:38:97,2,1,1,0,128,149,739,515,642,951,11,344,283,627,635,322,316,978,345,274,810,810,737,44,763,778,107,532,14,586,600,388,331,502,288,633,493,69,83,44,79,79,89,44,70,67,64,35,86,71,44,82,59,92,71,37,68,38,47,29,62,67,58,48,53,64,66,90,81
[ 30.547049] wil6210-aoa$0,1606461630.706439,04:d6:aa:c1:38:97,2,1,1,0,128,560,463,27,459,398,817,834,87,620,628,338,279,950,318,296,796,798,700,540,569,164,920,541,10,1021,320,901,172,991,78,112,75,65,83,43,77,77,84,43,68,68,63,33,80,68,41,78,55,88,69,34,65,36,44,28,58,63,52,46,46,60,61,81,73
[ 30.580920] wil6210-aoa$0,1606461630.740311,04:d6:aa:c1:38:97,2,1,1,0,128,595,539,532,631,910,990,413,269,618,636,352,300,930,317,338,835,835,729,116,831,659,53,530,27,555,558,437,391,477,240,472,297,69,82,45,79,80,87,44,69,70,65,35,85,72,43,82,59,91,70,38,70,37,46,28,61,67,55,47,51,65,66,85,75
[ 30.610748] wil6210-aoa$0,1606461630.770144,04:d6:aa:c1:38:97,2,1,1,2,128,595,539,532,631,910,990,413,269,618,636,352,300,930,317,338,835,835,729,116,831,659,53,530,27,555,558,437,391,477,240,472,297,65,83,43,77,77,84,43,68,68,63,33,80,68,41,78,55,88,69,34,65,36,44,28,58,63,52,46,46,60,61,81,73
[ 30.642245] wil6210-aoa$0,1606461630.801640,04:d6:aa:c1:38:97,2,1,1,0,128,127,741,512,617,383,831,375,257,614,638,399,339,907,294,297,835,208,496,541,539,163,930,516,18,520,540,398,330,957,32,863,765,61,78,40,74,74,81,39,65,63,59,29,75,64,39,74,51,84,65,33,62,34,43,23,54,60,50,42,44,57,56,73,67
[ 30.668957] wil6210-aoa$0,1606461630.828354,04:d6:aa:c1:38:97,2,1,1,0,128,145,762,562,670,909,1000,390,253,53,423,406,359,907,315,348,844,692,604,613,592,701,62,542,995,600,575,478,375,456,200,885,885,70,87,46,83,83,92,46,71,73,68,34,88,75,46,85,57,96,72,38,70,41,49,29,62,70,59,49,48,65,67,87,80
[ 30.701157] wil6210-aoa$0,1606461630.860550,04:d6:aa:c1:38:97,2,1,1,0,128,102,695,537,614,363,806,883,90,612,634,324,304,938,287,360,860,749,673,95,806,80,874,11,830,1022,346,915,205,402,154,485,423,72,87,47,85,86,94,47,74,72,68,36,88,76,45,87,60,95,74,39,71,42,50,31,64,68,60,48,51,67,68,87,78
[ 30.734819] wil6210-aoa$0,1606461630.894211,04:d6:aa:c1:38:97,2,1,1,0,128,145,743,606,670,957,1002,419,307,627,655,326,321,964,321,268,819,791,699,27,764,742,89,588,21,583,595,477,450,536,249,913,715,64,77,42,72,73,82,42,64,61,59,32,80,65,39,77,52,85,65,34,64,35,44,25,55,61,53,42,46,58,59,79,70
[ 30.766336] wil6210-aoa$0,1606461630.925730,04:d6:aa:c1:38:97,2,1,1,0,128,101,749,475,587,895,1022,386,294,609,621,879,164,959,339,345,867,808,728,68,790,689,63,516,1005,40,364,861,133,560,289,686,576,63,78,42,73,74,83,41,66,62,59,31,76,64,38,74,53,82,65,33,62,34,42,26,54,60,50,43,46,58,59,76,68
[ 30.797185] wil6210-aoa$0,1606461630.956576,04:d6:aa:c1:38:97,2,1,1,0,128,614,537,561,628,912,1005,409,274,560,592,417,333,894,288,289,817,841,765,82,798,755,114,613,39,603,599,411,383,474,233,393,328,69,85,47,81,82,90,45,70,67,65,36,85,71,43,84,57,91,72,36,67,39,46,28,58,66,55,47,47,63,63,81,73
[ 30.831197] wil6210-aoa$0,1606461630.990589,04:d6:aa:c1:38:97,2,1,1,0,128,135,722,559,677,903,1018,377,252,626,660,327,317,373,128,304,863,827,766,535,594,781,106,566,26,497,552,421,355,475,223,858,787,65,78,42,74,74,82,43,65,63,60,33,80,66,38,78,55,84,64,34,64,35,44,26,53,59,52,45,45,58,61,78,72
[ 30.865976] wil6210-aoa$0,1606461631.025367,04:d6:aa:c1:38:97,2,1,1,0,128,584,506,481,549,382,823,885,111,582,617,343,307,896,315,304,829,232,488,593,593,122,889,22,866,58,416,435,394,500,253,788,766,67,84,44,81,79,88,43,69,66,63,33,84,69,42,77,58,91,69,37,67,38,48,27,60,65,55,46,49,64,65,85,79
[ 30.899469] wil6210-aoa$0,1606461631.058860,04:d6:aa:c1:38:97,2,1,1,0,128,75,660,1012,450,915,968,404,259,567,643,372,332,926,337,280,800,795,700,96,772,681,68,538,26,587,587,893,169,531,244,683,573,68,81,44,78,78,86,44,68,68,64,34,83,69,42,82,55,88,70,36,68,38,48,29,60,65,56,48,52,63,63,86,77
[ 30.932251] wil6210-aoa$0,1606461631.091646,04:d6:aa:c1:38:97,2,1,1,0,128,143,774,574,681,913,1021,363,253,543,561,422,317,961,330,334,824,823,686,180,848,663,64,524,1021,562,580,909,171,564,278,892,767,67,82,44,78,80,87,42,69,67,64,32,79,70,42,78,55,89,70,36,65,35,46,28,58,64,55,45,47,61,63,82,74
[ 30.958544] wil6210-aoa$0,1606461631.117940,04:d6:aa:c1:38:97,2,1,1,0,128,104,726,508,617,918,1004,361,242,599,638,332,305,964,328,791,661,824,717,549,584,764,135,563,61,618,625,422,392,506,257,580,529,64,80,43,80,74,85,40,64,61,57,29,73,63,36,70,49,80,62,33,60,30,38,23,51,52,43,40,37,53,52,68,60
[ 30.989929] wil6210-aoa$0,1606461631.149317,04:d6:aa:c1:38:97,2,1,1,0,128,94,681,522,578,928,977,431,297,641,656,399,344,963,331,259,766,801,724,66,761,726,101,541,8,603,603,476,424,531,242,507,356,67,82,44,79,77,86,41,68,66,62,34,83,71,41,80,54,88,68,37,64,36,44,26,55,63,53,44,44,62,61,77,69
[ 31.015969] wil6210-aoa$0,1606461631.175365,04:d6:aa:c1:38:97,2,1,1,0,128,553,507,0,427,380,807,459,273,586,589,793,135,333,85,823,623,237,519,574,610,139,901,87,883,34,368,868,147,15,102,729,678,67,81,44,80,79,87,43,68,69,65,33,81,67,40,81,55,89,69,36,67,37,43,27,59,65,56,46,48,65,65,81,75
[ 31.044881] wil6210-aoa$0,1606461631.204272,04:d6:aa:c1:38:97,2,1,1,0,128,62,647,567,667,941,1023,355,280,563,646,432,378,977,353,307,840,806,737,84,786,630,57,514,9,45,403,945,226,443,227,165,4,67,82,46,80,79,89,44,69,68,65,34,84,71,43,83,57,90,70,38,67,37,48,29,60,64,56,48,50,65,63,85,77
[ 31.072225] wil6210-aoa$0,1606461631.231621,04:d6:aa:c1:38:97,2,1,1,0,128,112,723,1003,482,937,1006,908,83,604,628,365,352,968,380,320,835,199,497,549,593,180,912,71,887,49,406,860,137,993,74,433,383,65,80,43,80,78,86,42,68,67,62,32,82,67,40,79,55,86,69,34,66,35,45,26,58,64,53,43,47,59,62,80,71
[ 31.098523] wil6210-aoa$0,1606461631.257920,04:d6:aa:c1:38:97,2,1,1,0,128,84,711,572,651,915,951,493,351,630,657,402,354,947,321,325,868,800,736,73,779,729,80,578,24,624,644,402,318,506,261,854,754,68,83,44,77,78,87,44,68,69,67,35,85,72,42,85,57,91,70,38,69,40,48,30,61,67,57,49,52,66,68,89,82
[ 31.135942] wil6210-aoa$0,1606461631.295306,04:d6:aa:c1:38:97,2,1,1,0,128,69,688,578,648,885,998,441,301,610,612,395,361,929,299,347,839,795,708,29,725,170,903,67,879,39,368,443,394,926,33,599,642,69,83,45,80,78,85,43,69,64,59,31,79,69,39,78,54,87,69,34,63,38,43,25,55,61,50,46,47,61,58,77,72
[ 31.168052] wil6210-aoa$0,1606461631.327447,04:d6:aa:c1:38:97,2,1,1,0,128,82,719,530,608,943,961,909,99,612,610,864,118,403,105,303,820,792,713,156,807,683,94,580,32,596,584,518,416,481,221,626,456,70,86,47,83,80,88,45,70,69,66,33,85,72,43,84,59,93,71,36,70,39,48,29,60,66,56,49,52,63,66,86,79
[ 31.199523] wil6210-aoa$0,1606461631.358909,04:d6:aa:c1:38:97,2,1,1,0,128,85,684,520,638,885,966,907,65,1023,392,806,107,374,112,775,635,804,724,121,833,680,41,560,50,26,388,403,369,516,239,912,917,62,79,42,75,69,80,41,65,60,59,29,72,63,38,71,50,80,64,33,59,33,39,24,53,58,48,40,40,55,51,70,60
[ 31.229423] wil6210-aoa$0,1606461631.388818,04:d6:aa:c1:38:97,2,1,1,0,128,570,481,568,647,882,986,465,289,573,588,390,370,901,298,287,805,779,698,498,530,189,913,18,864,19,387,399,350,463,196,540,474,69,84,45,82,82,90,43,71,68,64,33,82,70,41,77,55,92,70,35,65,36,45,28,59,63,53,47,47,62,61,82,75
[ 31.260458] wil6210-aoa$0,1606461631.419844,04:d6:aa:c1:38:97,2,1,1,0,128,114,751,556,653,897,954,418,340,518,582,369,337,317,93,270,807,237,521,60,754,685,50,36,884,655,626,457,404,520,248,259,147,66,82,44,77,77,86,43,70,66,65,33,83,70,42,81,55,91,70,36,67,39,47,30,59,65,57,49,52,63,66,84,78
[ 31.289018] wil6210-aoa$0,1606461631.448410,04:d6:aa:c1:38:97,2,1,1,0,128,117,766,580,701,909,1013,881,84,531,570,786,108,399,155,354,867,852,753,94,762,716,82,608,38,551,530,399,351,457,219,836,841,66,79,42,78,76,85,44,69,67,64,31,79,68,40,78,52,88,67,35,65,36,42,26,55,60,48,45,45,60,57,78,68
[ 31.322918] wil6210-aoa$0,1606461631.482305,04:d6:aa:c1:38:97,2,1,1,0,128,150,742,537,676,887,994,374,276,562,619,399,351,1000,357,302,797,767,717,82,835,696,57,24,886,531,563,900,201,501,262,889,837,68,83,43,79,80,89,42,69,68,65,32,82,71,42,82,57,91,71,36,68,38,46,28,59,66,56,47,49,62,64,84,74
[ 31.351103] wil6210-aoa$0,1606461631.510494,04:d6:aa:c1:38:97,2,1,1,0,128,93,717,588,690,950,1012,459,319,594,634,399,365,942,336,363,810,820,728,57,803,672,74,671,79,674,632,461,419,502,248,374,171,67,82,45,82,79,86,43,69,67,62,33,82,68,41,78,55,87,68,37,65,36,46,27,59,63,53,46,48,59,59,81,72
[ 31.386295] wil6210-aoa$0,1606461631.545689,04:d6:aa:c1:38:97,2,1,1,0,128,625,558,571,642,943,38,332,276,629,629,394,364,923,322,769,608,784,737,61,768,727,101,629,64,551,550,500,402,502,240,1013,929,68,80,46,80,80,90,44,71,66,66,35,86,71,43,83,56,91,70,38,69,40,48,30,61,67,58,49,51,64,65,86,79
[ 31.414644] wil6210-aoa$0,1606461631.574037,04:d6:aa:c1:38:97,2,1,1,0,128,141,724,1009,440,323,814,414,300,537,569,854,116,340,76,763,630,833,725,19,766,657,36,600,67,992,388,337,322,540,273,11,943,72,87,49,85,85,96,48,74,74,69,36,92,75,46,88,60,95,73,39,73,41,49,31,64,69,59,51,52,66,69,91,82
[ 31.457802] wil6210-aoa$0,1606461631.617200,04:d6:aa:c1:38:97,2,1,1,0,128,108,735,564,617,927,992,421,279,576,608,274,277,378,119,330,836,726,684,45,783,691,65,590,27,592,553,420,382,507,242,1008,983,68,82,44,79,79,88,43,69,68,65,35,84,71,42,82,56,89,70,37,67,39,47,30,61,65,58,48,51,66,68,88,79
[ 31.490131] wil6210-aoa$0,1606461631.649527,04:d6:aa:c1:38:97,2,1,1,0,128,615,581,979,451,359,808,357,283,94,465,371,329,353,112,329,856,766,717,19,733,159,876,26,839,33,426,938,234,512,264,166,1021,67,84,44,78,77,87,44,69,66,64,33,82,70,42,81,56,90,69,35,68,37,47,29,58,67,56,45,48,64,65,86,74
[ 31.516814] wil6210-aoa$0,1606461631.676211,04:d6:aa:c1:38:97,2,1,1,0,128,81,710,960,393,909,1021,364,244,616,638,467,356,372,122,812,620,729,664,100,773,698,60,563,1020,607,588,346,342,459,230,334,222,73,86,48,85,81,93,46,72,74,69,36,89,74,46,85,61,98,76,39,73,41,51,31,62,69,59,50,55,69,70,92,85
[ 31.548747] wil6210-aoa$0,1606461631.708138,04:d6:aa:c1:38:97,2,1,1,0,128,85,723,516,623,920,1012,428,298,581,576,398,352,917,299,319,814,834,750,75,765,735,138,531,0,3,327,938,188,940,1022,204,124,68,82,47,79,81,91,46,70,67,68,35,85,71,46,84,58,93,70,37,68,39,48,31,62,67,57,49,51,68,68,91,83
[ 31.583047] wil6210-aoa$0,1606461631.742438,04:d6:aa:c1:38:97,2,1,1,0,128,120,762,519,629,967,1013,433,277,606,599,381,394,918,293,697,576,244,514,89,774,157,891,1003,805,78,431,882,170,466,220,101,73,64,79,42,74,74,82,40,64,62,60,30,77,66,40,73,51,85,65,34,62,35,43,28,56,60,53,43,47,59,58,79,71
[ 31.616085] wil6210-aoa$0,1606461631.775480,04:d6:aa:c1:38:97,2,1,1,0,128,55,683,521,620,937,1001,387,251,665,671,373,358,884,274,329,831,735,659,54,813,727,63,54,883,22,361,875,120,957,73,423,383,71,85,45,83,83,91,44,72,69,63,32,82,73,41,78,55,89,68,36,64,35,44,25,57,60,52,46,48,59,59,77,69
[ 31.646093] wil6210-aoa$0,1606461631.805484,04:d6:aa:c1:38:97,2,1,1,0,128,118,717,522,587,970,16,396,254,631,630,361,359,910,304,330,832,775,711,82,785,678,80,29,885,20,371,435,412,498,287,56,984,68,85,46,83,81,87,46,69,68,65,35,84,72,44,85,60,94,73,37,70,40,47,29,60,68,58,47,51,63,65,88,80
[ 31.673350] wil6210-aoa$0,1606461631.832744,04:d6:aa:c1:38:97,2,1,1,0,128,569,483,30,436,401,834,842,96,32,451,813,107,405,154,756,605,207,482,528,522,173,927,570,38,34,383,406,333,548,264,626,613,60,82,42,80,74,83,39,66,64,59,30,74,65,38,73,53,83,67,33,61,33,40,23,51,58,46,42,42,54,53,72,63
[ 31.700447] wil6210-aoa$0,1606461631.859842,04:d6:aa:c1:38:97,2,1,1,0,128,172,780,530,615,926,1001,406,266,602,626,400,345,983,343,332,867,753,682,47,760,747,136,560,46,668,635,404,414,489,257,429,382,66,85,45,80,78,87,42,67,66,62,32,79,68,39,78,53,87,68,35,65,33,44,25,55,61,51,45,44,59,60,75,66
[ 31.731653] wil6210-aoa$0,1606461631.891043,04:d6:aa:c1:38:97,2,1,1,0,128,67,685,533,641,934,2,412,295,605,635,395,390,949,353,280,816,757,707,98,817,680,93,528,23,548,572,409,378,528,293,379,279,68,83,44,80,78,88,45,69,68,67,33,82,70,42,80,56,91,69,35,69,38,47,28,59,66,58,47,50,64,65,85,76
[ 31.763993] wil6210-aoa$0,1606461631.923389,04:d6:aa:c1:38:97,2,1,1,0,128,68,672,496,631,352,821,383,265,599,625,864,104,956,301,322,808,268,530,527,550,197,879,589,39,561,583,363,343,493,194,769,742,67,84,45,78,81,86,44,69,68,64,33,80,68,42,79,55,92,70,36,66,37,47,27,58,64,54,47,50,65,64,84,75
[ 31.790675] wil6210-aoa$0,1606461631.950072,04:d6:aa:c1:38:97,2,1,1,0,128,603,592,574,665,918,1017,375,263,568,594,380,320,979,333,286,795,798,719,603,603,750,114,999,850,23,378,894,175,955,45,15,938,68,83,44,80,79,89,44,70,68,66,34,83,71,44,82,59,93,69,36,68,39,47,31,61,66,58,47,50,65,66,87,76
[ 31.823418] wil6210-aoa$0,1606461631.982813,04:d6:aa:c1:38:97,2,1,1,0,128,561,530,974,429,350,816,881,99,55,432,393,353,344,54,792,627,784,692,534,573,749,129,542,16,484,533,834,115,1007,60,467,511,66,82,43,78,77,87,42,69,66,62,29,79,68,40,77,55,87,68,35,64,35,42,25,55,60,50,42,43,57,57,73,67
[ 31.850605] wil6210-aoa$0,1606461632.010002,04:d6:aa:c1:38:97,2,1,1,0,128,532,460,28,476,343,747,910,115,999,385,855,131,419,158,306,857,235,482,565,579,211,935,596,47,562,575,870,138,981,37,976,951,66,83,44,76,78,84,44,68,67,63,31,82,68,39,79,53,88,67,35,66,36,44,26,57,61,51,45,49,59,61,81,72
[ 31.883300] wil6210-aoa$0,1606461632.042690,04:d6:aa:c1:38:97,2,1,1,0,128,110,687,567,633,963,1015,427,297,570,616,862,151,979,346,301,814,798,728,77,770,152,892,604,13,590,591,455,414,540,304,306,157,65,77,43,77,78,85,42,67,68,62,32,80,69,39,76,51,86,68,35,63,33,42,26,53,60,52,42,44,58,59,75,68
[ 31.918756] wil6210-aoa$0,1606461632.078146,04:d6:aa:c1:38:97,2,1,1,0,128,605,489,979,409,382,828,926,111,47,415,828,124,383,116,318,821,744,654,102,775,152,910,2,876,39,393,912,214,508,259,242,194,68,82,43,77,79,87,46,69,68,66,33,85,71,42,83,57,92,68,36,67,38,48,30,61,65,58,49,52,64,66,89,79
[ 31.951233] wil6210-aoa$0,1606461632.110631,04:d6:aa:c1:38:97,2,1,1,0,128,121,758,493,640,944,1018,427,273,631,634,340,308,964,351,256,801,760,707,496,547,716,51,514,1020,602,614,428,367,483,255,555,423,63,81,43,78,76,82,38,65,62,57,30,77,64,36,73,51,81,65,32,59,33,38,23,51,56,46,41,39,52,50,69,64
[ 31.983615] wil6210-aoa$0,1606461632.143006,04:d6:aa:c1:38:97,2,1,1,0,128,80,732,541,662,943,13,413,271,607,636,418,366,935,327,329,810,812,676,142,847,707,53,609,36,548,525,432,364,526,231,289,128,68,83,46,84,80,91,45,69,69,64,34,84,73,43,83,58,88,71,37,67,36,47,28,58,65,55,47,49,63,64,82,76
[ 32.018348] wil6210-aoa$0,1606461632.177738,04:d6:aa:c1:38:97,2,1,1,0,128,75,709,542,656,888,992,864,86,540,586,819,110,423,163,317,877,756,649,610,584,182,942,640,41,548,541,438,434,905,42,71,35,69,83,46,81,79,91,46,71,71,68,34,86,73,45,83,58,94,71,39,70,40,48,30,62,67,59,49,51,68,68,88,80
[ 32.052893] wil6210-aoa$0,1606461632.212284,04:d6:aa:c1:38:97,2,1,1,0,128,47,695,597,685,867,1002,854,66,561,589,372,321,932,305,366,839,766,712,35,757,681,77,513,10,17,385,885,177,985,75,743,644,70,83,46,80,81,91,46,73,70,67,35,85,71,42,83,58,92,71,37,69,37,47,29,59,65,55,47,51,65,65,85,77
[ 32.087345] wil6210-aoa$0,1606461632.246740,04:d6:aa:c1:38:97,2,1,1,0,128,149,743,504,575,898,981,422,257,578,615,814,130,959,299,281,774,248,509,25,745,144,918,557,64,529,551,883,199,469,182,443,436,69,84,44,79,80,87,43,68,66,62,35,82,70,42,81,57,89,69,36,68,36,44,28,57,63,53,46,47,60,59,82,71
[ 32.116054] wil6210-aoa$0,1606461632.275445,04:d6:aa:c1:38:97,2,1,1,0,128,145,758,533,653,956,40,434,297,613,642,402,366,917,336,320,884,841,754,36,784,734,98,585,37,574,562,457,377,565,280,576,434,72,90,47,86,84,93,46,73,71,66,34,85,73,42,83,57,95,73,35,69,39,45,28,57,66,54,47,49,63,61,83,73
[ 32.151350] wil6210-aoa$0,1606461632.310745,04:d6:aa:c1:38:97,2,1,1,0,128,86,714,552,613,954,1007,456,313,583,620,355,349,919,296,275,810,748,701,55,797,677,71,585,56,566,574,379,372,510,281,386,254,67,83,44,79,79,89,43,67,67,64,34,84,72,42,80,57,91,71,37,68,41,48,30,62,66,57,48,52,65,66,87,79
[ 32.178399] wil6210-aoa$0,1606461632.337797,04:d6:aa:c1:38:97,2,1,1,0,128,537,545,996,462,909,1007,384,246,573,583,391,341,899,262,357,850,767,693,552,541,94,869,0,842,597,606,386,365,491,229,220,121,70,88,45,84,83,92,44,74,71,69,33,85,73,43,84,57,93,73,38,71,39,47,29,61,67,55,48,51,65,64,88,80
[ 32.209258] wil6210-aoa$0,1606461632.368648,04:d6:aa:c1:38:97,2,1,1,0,128,56,723,540,671,898,1010,395,295,605,679,449,416,940,366,340,888,712,679,107,780,695,92,566,61,610,606,445,364,545,266,12,841,67,81,44,79,79,88,45,68,67,65,34,86,69,41,81,56,92,68,37,68,37,48,28,61,66,57,48,49,63,66,85,78
[ 32.237165] wil6210-aoa$0,1606461632.396556,04:d6:aa:c1:38:97,2,1,1,0,128,118,718,558,663,824,973,840,36,42,404,418,369,311,71,349,848,804,691,82,795,725,81,583,6,1013,347,417,354,538,231,894,768,69,83,43,78,79,86,43,68,66,63,33,80,69,39,78,53,88,66,34,64,36,42,25,56,60,51,46,43,57,59,77,68
[ 32.272012] wil6210-aoa$0,1606461632.431405,04:d6:aa:c1:38:97,2,1,1,0,128,125,779,547,633,930,1023,414,297,592,601,438,381,993,335,311,801,734,671,520,532,114,874,564,45,573,595,455,399,542,277,171,14,68,83,45,77,79,88,46,68,68,66,36,85,70,42,83,58,93,70,37,66,40,49,30,60,66,58,49,53,66,67,87,79
[ 32.305101] wil6210-aoa$0,1606461632.464497,04:d6:aa:c1:38:97,2,1,1,0,128,68,672,11,441,376,787,876,58,620,602,384,352,958,332,322,828,774,705,15,749,666,73,536,4,582,633,379,361,537,276,509,462,68,81,45,78,78,87,45,69,69,64,34,86,71,41,83,56,93,70,36,70,39,47,30,61,68,58,49,51,68,67,88,80
[ 32.332286] wil6210-aoa$0,1606461632.491682,04:d6:aa:c1:38:97,2,1,1,0,128,80,673,585,684,916,1001,448,337,606,665,466,446,972,329,266,789,796,699,90,768,719,100,569,3,561,574,428,368,540,286,382,172,66,81,43,79,76,86,42,67,66,64,33,84,68,40,79,56,88,68,34,66,36,45,26,57,63,54,47,46,64,64,82,74
[ 32.366678] wil6210-aoa$0,1606461632.526070,04:d6:aa:c1:38:97,2,1,1,0,128,79,675,554,680,881,988,848,47,23,405,836,122,960,321,350,838,772,735,101,771,706,87,568,47,544,580,859,145,472,256,551,512,70,85,47,78,81,90,45,69,69,65,34,86,72,44,83,58,92,72,38,70,38,48,29,60,68,58,50,52,66,66,87,81
[ 32.402173] wil6210-aoa$0,1606461632.561565,04:d6:aa:c1:38:97,2,1,1,0,128,85,698,537,630,973,26,354,289,626,612,402,344,958,351,258,809,812,768,92,805,719,102,581,47,597,581,430,392,497,260,429,356,67,82,44,81,79,87,45,71,68,64,31,81,69,41,81,55,89,71,35,66,36,44,26,53,62,51,43,44,58,59,74,68
[ 32.433515] wil6210-aoa$0,1606461632.592908,04:d6:aa:c1:38:97,2,1,1,0,128,105,694,562,644,906,982,407,278,605,617,374,371,318,74,721,596,265,550,60,805,694,101,544,70,569,599,449,422,484,267,654,571,68,85,45,82,79,88,44,70,67,65,34,83,71,39,78,56,89,69,36,68,39,42,27,57,64,50,46,47,60,59,79,71
[ 32.461404] wil6210-aoa$0,1606461632.620794,04:d6:aa:c1:38:97,2,1,1,0,128,84,721,538,637,310,783,900,115,670,673,380,346,379,153,298,816,834,767,21,763,143,935,568,70,585,572,402,343,510,277,1010,995,64,83,44,80,78,86,41,68,66,61,31,80,68,40,76,55,86,68,34,65,35,45,26,56,59,53,44,45,59,60,76,69
[ 32.492470] wil6210-aoa$0,1606461632.651868,04:d6:aa:c1:38:97,2,1,1,0,128,70,688,545,652,962,1006,431,290,578,620,382,351,876,289,248,783,254,529,581,602,129,864,590,43,581,584,359,333,522,247,561,441,63,76,40,71,72,80,40,63,62,57,32,76,65,40,74,52,83,63,34,63,34,43,24,55,59,50,43,43,55,60,74,67
[ 32.520640] wil6210-aoa$0,1606461632.680036,04:d6:aa:c1:38:97,2,1,1,0,128,75,687,567,663,842,984,375,235,586,600,396,350,925,322,349,842,749,674,58,758,731,87,565,30,588,560,469,377,492,228,608,501,68,81,46,78,79,90,46,68,69,65,34,86,69,43,85,57,90,70,37,69,38,48,29,62,65,55,47,52,65,66,84,78
[ 32.548132] wil6210-aoa$0,1606461632.707528,04:d6:aa:c1:38:97,2,1,1,0,128,116,749,577,629,878,947,922,112,572,579,839,179,962,344,302,839,816,714,67,772,734,106,575,35,521,599,376,316,499,267,22,914,66,81,44,76,78,87,43,67,67,64,34,82,68,41,80,55,89,67,36,67,37,47,28,58,63,55,45,50,63,64,84,76
[ 32.579117] wil6210-aoa$0,1606461632.738508,04:d6:aa:c1:38:97,2,1,1,0,128,57,661,484,573,904,999,373,287,48,430,830,170,359,129,272,831,729,661,136,804,712,94,483,989,1011,353,909,206,952,23,972,973,67,81,45,78,77,88,45,71,67,65,35,84,69,41,81,55,88,70,36,65,36,44,27,57,64,54,46,47,60,63,80,71
[ 32.606818] wil6210-aoa$0,1606461632.766213,04:d6:aa:c1:38:97,2,1,1,0,128,104,713,564,660,930,975,438,317,596,598,393,358,907,315,359,843,713,617,611,615,732,80,561,39,583,612,390,392,512,245,1006,848,67,81,45,81,78,86,44,69,67,63,35,82,71,42,79,56,88,70,34,64,36,45,26,56,62,53,43,47,61,60,81,69
[ 32.637490] wil6210-aoa$0,1606461632.796882,04:d6:aa:c1:38:97,2,1,1,0,128,95,704,516,633,943,1009,433,302,616,656,448,403,908,296,328,848,793,711,84,762,713,73,600,41,595,584,841,156,991,56,233,215,65,81,42,79,76,86,40,66,66,62,31,79,67,42,77,53,85,68,36,64,36,43,27,57,61,51,44,47,60,61,81,72
[ 32.666535] wil6210-aoa$0,1606461632.825933,04:d6:aa:c1:38:97,2,1,1,0,128,69,644,0,430,327,775,919,136,606,644,419,364,909,289,388,878,792,731,137,791,681,33,613,72,985,376,490,457,486,285,285,110,66,81,44,78,77,86,44,68,69,64,34,82,70,42,82,55,90,70,37,66,37,46,30,59,64,55,47,50,63,65,86,76
[ 32.695584] wil6210-aoa$0,1606461632.854975,04:d6:aa:c1:38:97,2,1,1,0,128,101,712,562,664,922,992,419,273,608,629,397,311,910,284,336,834,251,534,626,604,148,856,59,878,596,570,414,375,502,229,756,648,66,80,43,77,77,86,44,69,66,64,33,80,68,41,81,56,88,71,37,67,36,46,27,56,64,56,45,48,61,63,78,70
[ 32.731792] wil6210-aoa$0,1606461632.891186,04:d6:aa:c1:38:97,2,1,1,0,128,87,694,529,639,946,1003,362,267,593,623,797,145,392,124,754,622,247,555,77,798,774,101,584,33,645,629,448,420,546,296,137,1014,67,82,45,78,78,87,44,70,66,64,35,86,70,43,80,56,92,70,36,69,39,49,30,60,64,57,47,51,64,67,84,78
[ 32.763460] wil6210-aoa$0,1606461632.922856,04:d6:aa:c1:38:97,2,1,1,0,128,74,675,40,462,931,5,867,91,19,365,805,101,355,85,328,832,716,669,83,801,699,17,32,888,31,358,912,193,520,228,662,584,66,81,43,79,78,86,43,67,66,62,30,78,66,40,76,54,86,67,34,63,35,44,27,56,61,51,45,45,59,57,79,70
[ 32.795847] wil6210-aoa$0,1606461632.955244,04:d6:aa:c1:38:97,2,1,1,0,128,79,718,992,408,412,830,462,304,620,659,317,309,996,355,282,801,828,747,93,780,733,88,627,57,577,582,409,351,485,232,778,625,68,82,43,79,79,87,45,70,69,65,35,83,72,43,81,57,91,70,37,66,38,48,30,60,64,56,49,52,63,65,85,78
[ 32.827769] wil6210-aoa$0,1606461632.987160,04:d6:aa:c1:38:97,2,1,1,0,128,579,517,553,619,423,819,423,300,592,602,397,371,951,322,257,785,231,517,63,776,715,72,581,1021,601,583,401,340,509,251,764,748,69,83,48,80,83,91,45,70,70,68,35,84,73,44,85,58,95,71,37,70,39,48,29,60,68,60,48,53,68,70,90,82
[ 32.857248] wil6210-aoa$0,1606461633.016640,04:d6:aa:c1:38:97,2,1,1,0,128,139,740,539,649,877,954,863,80,53,431,817,137,361,95,712,574,229,487,586,544,180,917,4,841,1016,379,885,164,502,250,251,126,68,83,45,81,80,89,44,71,68,65,33,83,67,42,81,56,91,70,36,69,37,44,27,57,65,54,46,47,61,62,77,70
[ 32.893136] wil6210-aoa$0,1606461633.052532,04:d6:aa:c1:38:97,2,1,1,0,128,96,719,544,646,357,798,385,273,621,619,870,153,976,356,279,826,788,728,64,777,718,111,568,32,527,546,385,360,518,264,238,254,67,84,44,78,80,87,45,70,69,65,34,83,70,43,84,56,92,70,37,66,38,46,28,58,65,55,48,49,63,65,85,78
[ 32.920832] wil6210-aoa$0,1606461633.080227,04:d6:aa:c1:38:97,2,1,1,0,128,87,706,497,645,926,6,383,266,604,599,406,322,923,295,304,855,794,701,103,775,693,65,596,14,563,550,427,409,504,228,733,664,67,80,46,79,80,88,44,69,66,64,34,84,71,43,83,58,91,70,36,67,39,48,28,61,66,56,46,51,64,67,84,75
[ 32.952416] wil6210-aoa$0,1606461633.111806,04:d6:aa:c1:38:97,2,1,1,0,128,81,743,0,428,377,850,411,296,653,679,381,331,933,332,310,812,748,685,50,768,130,867,599,30,1023,377,896,194,530,242,703,586,71,88,47,85,84,96,45,73,70,66,34,87,76,45,87,60,95,74,38,70,39,49,29,61,69,60,49,51,64,67,86,77
[ 32.985991] wil6210-aoa$0,1606461633.145387,04:d6:aa:c1:38:97,2,1,1,0,128,124,714,520,604,369,790,960,139,587,647,369,301,957,301,760,585,803,722,14,746,723,94,10,822,23,334,911,194,462,278,436,431,71,87,47,87,83,92,46,75,71,68,37,89,74,46,87,61,99,75,40,72,42,50,32,65,71,61,51,54,69,71,92,82
[ 33.013623] wil6210-aoa$0,1606461633.173018,04:d6:aa:c1:38:97,2,1,1,0,128,573,507,985,423,870,971,856,63,6,378,863,148,368,74,804,590,816,750,48,752,691,62,524,11,63,387,415,369,506,237,691,627,65,81,43,78,76,82,41,66,63,58,31,75,64,38,72,51,84,66,33,61,34,40,24,53,57,46,41,43,53,55,72,61
[ 33.041116] wil6210-aoa$0,1606461633.200513,04:d6:aa:c1:38:97,2,1,1,0,128,177,747,512,646,833,974,877,88,594,638,394,351,1008,356,291,803,808,725,39,758,755,133,555,39,591,610,371,396,511,245,58,93,65,80,43,78,77,86,42,68,65,61,32,79,69,38,77,54,86,67,35,63,37,45,26,55,63,52,43,47,58,59,78,68
[ 33.072194] wil6210-aoa$0,1606461633.231585,04:d6:aa:c1:38:97,2,1,1,0,128,586,523,548,639,943,1,417,266,578,622,313,252,364,124,319,830,727,685,75,784,723,105,605,42,563,553,410,396,467,233,397,308,65,80,44,76,78,86,43,69,67,65,34,82,71,41,78,54,90,70,34,66,36,45,26,57,62,53,46,48,60,63,78,74
[ 33.106262] wil6210-aoa$0,1606461633.265660,04:d6:aa:c1:38:97,2,1,1,0,128,40,641,533,656,887,968,859,74,89,440,336,294,975,320,291,833,791,704,83,746,711,56,571,83,539,593,397,341,487,230,763,613,65,79,44,79,77,87,43,67,66,63,35,82,69,42,80,55,88,69,37,66,37,45,28,58,62,53,45,46,61,62,78,72
[ 33.138642] wil6210-aoa$0,1606461633.298032,04:d6:aa:c1:38:97,2,1,1,0,128,132,733,590,652,860,970,419,316,590,619,393,354,924,295,337,840,798,694,75,754,724,62,608,34,613,576,411,369,1011,73,706,632,71,86,46,85,84,95,46,72,70,68,34,84,74,43,85,58,92,74,37,68,37,47,28,58,65,55,48,48,63,64,84,73
[ 33.173037] wil6210-aoa$0,1606461633.332432,04:d6:aa:c1:38:97,2,1,1,0,128,133,745,498,635,931,11,863,103,592,632,389,322,924,340,358,885,795,723,151,847,718,58,570,35,615,615,408,377,536,263,615,488,71,88,47,83,83,93,47,72,71,70,36,88,73,44,84,59,95,74,39,67,41,51,30,63,68,59,50,53,68,68,92,83
[ 33.207495] wil6210-aoa$0,1606461633.366889,04:d6:aa:c1:38:97,2,1,1,0,128,103,704,547,630,896,981,483,337,643,639,447,398,922,298,340,854,790,686,51,726,118,897,570,28,603,578,408,347,548,300,1011,849,68,84,46,80,79,88,43,70,66,63,31,80,70,42,79,56,91,70,36,66,36,44,28,57,62,55,46,49,62,62,82,73
[ 33.240174] wil6210-aoa$0,1606461633.399566,04:d6:aa:c1:38:97,2,1,1,0,128,197,798,511,607,318,797,396,285,580,601,410,338,947,336,256,781,779,701,108,791,719,109,538,34,560,562,452,410,436,222,562,447,69,83,46,80,80,90,44,69,67,62,32,82,72,43,80,54,86,69,38,67,37,44,28,56,61,52,45,45,61,60,81,70
[ 33.269953] wil6210-aoa$0,1606461633.429344,04:d6:aa:c1:38:97,2,1,1,0,128,551,548,543,682,273,756,903,65,62,410,381,329,919,339,741,638,211,521,562,551,170,922,538,40,6,401,839,129,931,38,807,761,61,79,41,73,74,81,41,63,62,60,30,75,65,39,74,50,83,65,32,61,33,41,24,52,58,48,41,43,57,57,73,65
[ 33.306319] wil6210-aoa$0,1606461633.465713,04:d6:aa:c1:38:97,2,1,1,0,128,34,677,1006,443,889,988,848,96,607,644,385,347,933,318,292,781,174,492,43,772,663,53,621,48,561,599,388,396,454,197,110,30,66,81,44,78,76,86,43,69,68,64,33,81,69,41,75,53,88,70,35,64,36,43,27,56,63,53,44,46,59,61,79,70
[ 33.336919] wil6210-aoa$0,1606461633.496311,04:d6:aa:c1:38:97,2,1,1,0,128,63,669,1020,449,973,13,390,279,584,643,862,152,928,319,309,820,764,663,115,752,718,98,554,1013,558,580,361,331,955,34,817,802,68,81,43,78,78,87,45,68,68,65,34,83,72,42,82,58,90,69,37,67,38,47,28,59,65,58,48,50,64,66,82,75
[ 33.371824] wil6210-aoa$0,1606461633.531218,04:d6:aa:c1:38:97,2,1,1,0,128,72,708,578,710,915,2,429,340,664,683,400,350,947,319,395,871,772,689,589,616,658,1020,612,45,584,598,475,399,505,249,354,185,65,82,44,78,75,85,42,68,67,62,31,79,69,41,76,53,87,68,33,64,35,44,26,55,62,50,42,45,58,59,75,67
[ 33.400156] wil6210-aoa$0,1606461633.559551,04:d6:aa:c1:38:97,2,1,1,0,128,31,668,633,672,846,927,858,46,648,655,386,327,931,280,332,846,818,740,75,773,730,107,557,36,18,370,880,190,470,244,506,436,72,87,47,83,84,92,47,72,70,66,35,85,73,44,88,59,97,74,38,71,39,48,31,61,70,58,49,53,69,68,90,81
[ 33.433538] wil6210-aoa$0,1606461633.592934,04:d6:aa:c1:38:97,2,1,1,0,128,575,463,1019,474,902,991,389,260,597,632,371,313,978,315,807,667,228,528,610,614,708,70,1003,822,94,399,424,358,562,266,630,531,64,80,42,79,77,87,42,67,65,61,32,78,67,40,78,52,85,67,35,64,35,44,27,57,61,51,45,46,59,59,81,68
[ 33.466734] wil6210-aoa$0,1606461633.626124,04:d6:aa:c1:38:97,2,1,1,0,128,157,748,561,675,888,959,373,272,592,612,851,120,373,129,285,779,867,756,43,754,693,62,1004,851,598,579,882,147,989,70,88,7,72,86,47,84,84,93,45,73,72,65,35,87,72,43,85,58,96,74,37,71,40,47,29,62,70,58,49,53,66,69,88,80
[ 33.500115] wil6210-aoa$0,1606461633.659510,04:d6:aa:c1:38:97,2,1,1,0,128,122,723,541,598,352,755,989,122,620,638,391,342,927,350,312,821,845,740,32,738,763,82,591,34,566,604,373,370,571,323,579,403,71,88,47,85,82,94,46,73,71,68,38,92,73,45,88,61,95,74,38,72,41,48,32,64,70,60,50,52,69,70,93,83
[ 33.534630] wil6210-aoa$0,1606461633.694019,04:d6:aa:c1:38:97,2,1,1,0,128,592,539,23,446,374,785,864,72,98,475,376,349,999,372,282,799,259,553,71,753,147,896,71,882,16,352,930,215,1001,51,340,216,66,83,44,77,77,86,43,67,67,65,32,82,70,42,80,56,90,69,36,66,38,45,27,60,65,56,46,50,63,63,85,76
[ 33.571031] wil6210-aoa$0,1606461633.730426,04:d6:aa:c1:38:97,2,1,1,0,128,624,539,561,690,859,1001,352,282,617,664,353,346,967,339,328,853,725,697,107,811,723,111,593,79,520,526,410,385,488,245,286,212,67,80,45,79,75,87,43,69,66,65,34,82,68,42,80,56,89,68,36,67,36,44,28,59,65,55,45,48,63,64,85,75
[ 33.599897] wil6210-aoa$0,1606461633.759290,04:d6:aa:c1:38:97,2,1,1,0,128,89,725,514,600,956,1,847,112,529,617,364,361,944,363,294,828,782,709,35,751,656,55,21,851,584,605,852,163,967,84,240,178,67,84,44,80,79,88,43,68,67,66,33,81,70,42,81,57,91,71,36,67,38,47,28,59,63,53,47,48,63,64,81,73
[ 33.633127] wil6210-aoa$0,1606461633.792523,04:d6:aa:c1:38:97,2,1,1,0,128,517,528,977,413,380,814,929,106,1006,360,806,85,385,98,735,572,224,495,482,517,169,903,29,853,985,346,831,131,936,1007,104,162,63,77,43,75,73,81,41,66,63,58,30,75,65,39,72,51,84,64,33,61,34,41,25,51,59,51,42,45,58,57,77,69
[ 33.661863] wil6210-aoa$0,1606461633.821258,04:d6:aa:c1:38:97,2,1,1,0,128,97,754,537,667,925,1017,367,217,661,679,364,293,383,117,777,645,841,751,43,749,752,124,561,39,557,585,416,395,483,285,446,351,68,84,45,80,79,91,43,71,67,66,35,86,71,43,83,57,93,73,37,69,39,48,30,61,67,57,49,53,67,68,87,77
[ 33.690269] wil6210-aoa$0,1606461633.849664,04:d6:aa:c1:38:97,2,1,1,0,128,117,715,549,650,953,1018,448,302,602,641,465,411,876,299,292,799,834,765,26,735,172,941,571,55,631,657,325,308,541,244,248,199,63,78,41,74,75,83,42,64,63,59,32,77,64,39,76,53,86,65,34,65,36,44,26,57,60,51,45,47,61,61,78,70
[ 33.724753] wil6210-aoa$0,1606461633.884148,04:d6:aa:c1:38:97,2,1,1,0,128,608,505,984,393,904,984,385,271,641,653,342,289,982,352,715,587,788,727,508,570,729,89,51,867,18,375,857,173,959,85,143,91,62,72,39,70,70,79,41,62,62,61,32,75,64,40,73,51,82,64,32,61,34,41,26,53,59,51,43,46,57,59,77,68
[ 33.753364] wil6210-aoa$0,1606461633.912761,04:d6:aa:c1:38:97,2,1,1,0,128,95,716,1006,424,879,973,423,288,612,630,414,327,964,316,268,775,771,680,100,799,722,103,550,1023,621,634,362,365,532,269,758,592,67,81,45,77,80,89,44,67,68,65,34,86,70,43,81,57,93,69,36,65,38,47,29,60,66,56,47,50,62,64,84,79
[ 33.783448] wil6210-aoa$0,1606461633.942839,04:d6:aa:c1:38:97,2,1,1,0,128,72,678,575,647,857,985,403,291,583,606,321,326,892,304,314,847,806,726,55,772,138,875,636,70,569,593,385,355,510,211,251,67,65,80,43,77,74,85,39,64,64,59,30,74,65,38,70,50,82,65,32,60,33,38,23,51,56,47,41,42,52,56,73,65
[ 33.820562] wil6210-aoa$0,1606461633.979955,04:d6:aa:c1:38:97,2,1,1,0,128,583,544,18,429,328,786,426,278,532,615,370,336,945,343,292,825,797,681,96,796,663,51,557,18,615,603,297,286,990,64,690,636,67,81,41,75,79,86,41,68,67,63,31,80,69,40,79,55,86,65,35,64,37,45,26,56,63,52,44,47,61,61,82,72
[ 33.852099] wil6210-aoa$0,1606461634.011488,04:d6:aa:c1:38:97,2,1,1,0,128,84,673,585,659,914,978,362,290,592,620,362,349,328,79,368,821,821,731,52,755,713,74,579,16,524,550,848,209,989,64,266,302,66,87,43,82,80,89,44,70,70,66,32,81,71,42,81,55,89,72,35,66,35,45,26,55,63,52,45,45,60,60,76,69
[ 33.889106] wil6210-aoa$0,1606461634.048501,04:d6:aa:c1:38:97,2,1,1,0,128,106,715,995,433,930,1009,435,293,618,627,346,309,906,327,293,828,780,742,83,771,702,48,972,849,584,591,396,392,503,248,803,689,66,79,41,74,78,84,41,68,63,60,31,76,66,38,73,51,86,66,34,64,33,40,25,54,57,49,41,42,56,56,69,61
[ 33.923020] wil6210-aoa$0,1606461634.082417,04:d6:aa:c1:38:97,2,1,1,0,128,86,688,1,468,939,1009,887,74,609,617,839,119,287,65,295,815,765,675,92,771,697,53,566,31,566,577,406,390,505,246,38,1020,70,87,48,84,83,96,46,73,72,68,35,88,74,44,85,58,96,74,37,72,40,50,30,63,69,57,50,52,66,68,87,80
[ 33.951404] wil6210-aoa$0,1606461634.110799,04:d6:aa:c1:38:97,2,1,1,0,128,182,755,594,700,873,964,449,301,602,657,360,300,949,294,329,792,769,693,76,779,693,80,520,18,601,601,382,344,562,269,391,264,66,81,45,79,79,86,44,68,69,65,34,81,70,42,80,55,89,70,36,67,38,45,27,57,65,56,45,49,64,63,83,74
[ 33.980003] wil6210-aoa$0,1606461634.139398,04:d6:aa:c1:38:97,2,1,1,0,128,66,692,568,646,909,1001,414,260,628,644,358,306,939,328,242,795,720,670,505,581,152,914,21,858,1018,368,931,176,1016,122,250,173,73,85,47,83,84,90,47,74,72,67,35,88,73,45,85,58,94,71,40,71,39,48,30,64,69,60,51,53,68,72,92,83
[ 34.015751] wil6210-aoa$0,1606461634.175147,04:d6:aa:c1:38:97,2,1,1,0,128,132,734,535,647,940,7,440,271,632,629,322,302,881,269,803,626,834,733,40,719,151,872,60,877,600,611,444,397,478,202,110,1003,67,82,45,78,80,90,43,68,68,65,34,83,70,44,84,58,91,70,37,69,39,49,30,61,67,60,50,55,67,69,89,82
[ 34.049875] wil6210-aoa$0,1606461634.209268,04:d6:aa:c1:38:97,2,1,1,0,128,85,717,574,629,905,960,891,113,594,630,404,352,943,344,301,850,814,735,98,813,731,74,562,32,49,392,453,414,536,287,300,147,63,77,42,73,73,82,40,63,64,59,30,75,64,39,73,52,82,66,34,63,34,42,26,54,58,48,43,43,57,57,76,67
[ 34.082956] wil6210-aoa$0,1606461634.242351,04:d6:aa:c1:38:97,2,1,1,0,128,139,744,570,696,894,985,332,215,637,631,369,300,974,340,258,792,701,668,97,776,692,64,589,23,615,606,458,435,510,265,236,67,64,78,41,73,73,81,42,65,63,61,33,79,66,40,77,52,83,65,34,63,36,43,26,53,60,51,45,46,58,60,81,73
[ 34.120062] wil6210-aoa$0,1606461634.279452,04:d6:aa:c1:38:97,2,1,1,0,128,49,748,618,689,943,14,380,277,617,671,317,301,942,306,278,839,811,751,97,836,726,104,585,34,605,633,431,378,504,238,611,484,71,86,47,82,84,94,46,74,73,70,36,90,75,45,86,60,98,74,37,73,40,50,29,62,70,58,50,52,67,68,88,78
[ 34.156062] wil6210-aoa$0,1606461634.315459,04:d6:aa:c1:38:97,2,1,1,0,128,106,701,575,643,959,11,414,326,647,659,414,375,954,339,322,877,844,774,62,760,673,86,607,61,605,619,412,388,521,298,744,609,66,78,45,78,77,88,45,71,67,65,34,85,71,42,81,58,92,71,36,67,40,47,30,60,70,60,50,52,67,68,87,79
[ 34.189413] wil6210-aoa$0,1606461634.348804,04:d6:aa:c1:38:97,2,1,1,0,128,34,691,547,639,897,992,404,269,31,416,860,145,938,277,339,818,285,564,66,743,735,105,587,7,26,378,465,393,484,239,406,389,68,83,44,78,78,87,44,67,68,63,34,83,69,41,79,55,89,69,36,66,38,46,29,60,65,55,46,50,64,64,85,75
[ 34.219840] wil6210-aoa$0,1606461634.379231,04:d6:aa:c1:38:97,2,1,1,0,128,548,526,576,656,918,962,877,51,1,376,911,195,917,311,305,810,227,530,541,592,705,99,546,15,587,588,382,355,966,62,376,302,71,87,47,83,84,93,45,71,71,67,34,84,72,43,82,57,95,72,37,69,38,47,28,61,67,58,47,50,66,68,81,76
[ 34.257007] wil6210-aoa$0,1606461634.416402,04:d6:aa:c1:38:97,2,1,1,0,128,109,713,550,667,942,2,392,277,609,611,387,366,913,281,314,793,763,685,77,785,752,89,586,49,558,585,442,400,470,234,747,548,67,88,44,83,83,87,43,71,70,62,33,82,71,42,80,54,88,69,36,66,36,44,26,58,63,50,47,47,59,61,78,67
[ 34.288254] wil6210-aoa$0,1606461634.447646,04:d6:aa:c1:38:97,2,1,1,0,128,121,747,550,647,905,1007,394,293,617,621,395,368,358,128,317,848,793,687,82,771,723,104,595,33,508,545,441,380,530,254,677,588,65,79,43,77,77,85,42,66,64,62,32,78,68,40,78,51,87,67,35,65,34,43,26,55,58,51,45,46,58,60,78,72
[ 34.324407] wil6210-aoa$0,1606461634.483801,04:d6:aa:c1:38:97,2,1,1,0,128,133,802,499,654,955,2,370,263,628,619,478,370,892,264,333,813,715,654,66,803,676,57,549,12,599,587,469,388,534,282,728,563,66,82,42,77,76,86,43,67,66,64,32,81,68,41,79,53,89,67,35,66,35,45,27,58,63,53,47,48,62,60,82,75
[ 34.358012] wil6210-aoa$0,1606461634.517400,04:d6:aa:c1:38:97,2,1,1,0,128,149,718,537,598,976,39,394,282,589,623,337,306,903,298,313,822,800,752,49,771,662,65,519,1022,541,562,814,138,483,222,479,434,66,80,43,78,78,87,43,69,66,63,34,82,70,41,81,54,91,70,35,67,39,45,28,58,63,56,47,48,64,64,86,77
[ 34.389372] wil6210-aoa$0,1606461634.548763,04:d6:aa:c1:38:97,2,1,1,0,128,93,733,560,657,858,956,418,305,613,666,361,341,989,351,333,845,860,787,77,800,705,73,557,27,619,589,447,399,499,224,311,316,67,82,44,77,77,87,43,67,66,65,34,84,68,41,79,55,86,66,35,66,36,46,27,57,64,56,43,46,60,63,82,73
[ 34.425793] wil6210-aoa$0,1606461634.585188,04:d6:aa:c1:38:97,2,1,1,0,128,78,719,547,650,947,4,435,311,638,646,382,320,935,256,305,818,720,657,555,587,150,888,619,57,581,621,417,389,477,251,32,1002,63,74,40,74,73,80,40,65,62,57,31,77,64,38,73,49,83,64,34,60,34,40,24,51,57,49,41,39,55,55,71,61
[ 34.459034] wil6210-aoa$0,1606461634.618427,04:d6:aa:c1:38:97,2,1,1,0,128,119,706,566,650,907,998,450,338,616,633,386,367,868,309,288,845,845,754,43,752,725,86,570,50,584,576,389,370,553,284,707,677,67,85,43,79,78,86,42,67,65,61,30,77,69,41,79,52,86,69,36,65,33,43,25,56,60,52,44,46,59,62,78,70
[ 34.490097] wil6210-aoa$0,1606461634.649489,04:d6:aa:c1:38:97,2,1,1,0,128,124,725,519,645,965,1020,421,286,566,622,391,382,911,281,287,816,756,729,110,824,717,82,566,35,601,615,413,396,499,256,780,636,70,84,46,80,80,89,46,68,68,64,33,83,71,41,83,57,93,70,38,69,38,46,30,60,67,58,49,51,63,66,86,78
[ 34.528316] wil6210-aoa$0,1606461634.687710,04:d6:aa:c1:38:97,2,1,1,0,128,191,808,508,623,994,53,393,301,563,602,385,346,948,323,313,827,829,756,129,819,727,89,570,20,599,623,437,413,515,282,150,1017,64,81,43,77,77,83,41,68,65,59,30,78,66,38,75,51,84,66,33,62,34,43,23,52,57,49,43,41,54,53,71,60
[ 34.560112] wil6210-aoa$0,1606461634.719504,04:d6:aa:c1:38:97,2,1,1,0,128,515,478,561,686,938,1,357,242,585,601,407,368,888,302,331,830,775,701,7,716,201,936,566,42,41,381,866,207,932,82,27,990,71,86,45,83,83,94,46,71,71,68,34,87,74,44,84,59,97,75,38,70,39,48,28,61,67,55,49,49,65,67,87,77
[ 34.595495] wil6210-aoa$0,1606461634.754889,04:d6:aa:c1:38:97,2,1,1,0,128,123,739,616,689,901,976,436,309,585,632,369,349,996,346,345,840,823,759,106,816,722,83,568,1023,604,601,386,364,524,267,854,670,66,80,44,77,77,84,44,69,67,64,34,85,70,44,83,58,90,70,35,69,39,48,29,59,66,57,48,50,64,66,87,80
[ 34.629958] wil6210-aoa$0,1606461634.789352,04:d6:aa:c1:38:97,2,1,1,0,128,122,751,505,630,978,33,403,256,624,696,373,315,981,327,364,857,847,748,34,743,780,130,513,1008,601,593,450,370,545,238,402,246,67,83,43,79,78,86,41,69,68,64,33,83,69,43,82,56,90,70,37,68,39,48,29,59,64,56,48,50,64,65,86,80
[ 34.662510] wil6210-aoa$0,1606461634.821900,04:d6:aa:c1:38:97,2,1,1,0,128,92,708,542,642,906,981,877,91,585,598,848,129,921,324,232,784,812,736,583,593,734,98,15,844,61,390,866,171,542,253,257,212,65,80,43,77,79,86,41,68,66,61,31,78,67,39,74,50,83,69,34,63,34,42,25,55,60,49,43,43,56,57,76,66
[ 34.692219] wil6210-aoa$0,1606461634.851613,04:d6:aa:c1:38:97,2,1,1,0,128,173,745,561,658,938,993,438,314,653,664,338,312,976,346,324,808,805,721,161,847,693,85,587,84,580,604,445,410,474,246,324,289,65,82,42,78,78,87,42,68,67,65,34,84,68,42,81,57,92,71,35,67,39,47,30,60,65,57,48,51,65,66,84,76
[ 34.721512] wil6210-aoa$0,1606461634.880906,04:d6:aa:c1:38:97,2,1,1,0,128,114,696,580,680,912,998,395,311,599,624,368,327,904,289,342,839,784,700,92,742,691,98,513,1005,625,608,370,353,497,263,942,936,67,81,44,78,77,84,43,68,67,62,33,79,69,42,77,54,87,67,37,63,35,46,28,56,61,54,45,49,61,62,81,72
[ 34.751331] wil6210-aoa$0,1606461634.910723,04:d6:aa:c1:38:97,2,1,1,0,128,547,496,13,448,879,960,413,313,595,626,318,305,966,315,291,840,801,741,92,761,141,905,50,904,51,410,429,349,5,79,571,534,71,88,47,83,85,94,48,74,73,71,37,94,76,47,89,62,99,76,39,73,43,51,33,65,69,62,53,55,74,72,94,88
[ 34.784962] wil6210-aoa$0,1606461634.944359,04:d6:aa:c1:38:97,2,1,1,0,128,566,511,13,446,398,821,443,300,594,594,328,330,912,301,365,852,847,760,67,759,777,103,550,39,1009,379,900,195,499,268,305,187,65,82,41,75,76,84,42,66,66,62,32,82,69,41,75,56,89,68,35,66,36,46,26,58,62,53,47,49,62,61,84,75
[ 34.821614] wil6210-aoa$0,1606461634.981006,04:d6:aa:c1:38:97,2,1,1,0,128,115,727,599,668,913,1008,426,305,556,600,853,143,414,176,753,611,841,765,78,793,775,125,522,14,546,578,463,393,540,307,654,543,67,84,43,78,79,88,44,69,67,65,32,82,69,42,79,55,89,69,36,67,36,46,27,57,62,54,47,49,61,62,82,73
[ 34.860752] wil6210-aoa$0,1606461635.020141,04:d6:aa:c1:38:97,2,1,1,0,128,57,690,513,626,856,973,914,75,44,413,350,325,396,131,326,809,816,712,530,587,138,896,548,43,15,341,409,358,545,290,88,51,66,83,46,82,80,87,42,70,66,61,32,79,70,40,78,54,89,69,36,65,35,46,28,58,64,54,46,48,63,61,83,74
[ 34.893764] wil6210-aoa$0,1606461635.053158,04:d6:aa:c1:38:97,2,1,1,0,128,110,665,583,628,381,798,916,86,640,661,429,367,991,341,299,782,737,694,9,711,720,46,576,33,47,418,901,204,500,238,223,123,68,83,45,80,81,88,46,71,68,65,35,86,71,43,83,57,94,71,37,69,38,47,28,60,65,55,48,51,64,64,87,79
[ 34.922686] wil6210-aoa$0,1606461635.082081,04:d6:aa:c1:38:97,2,1,1,0,128,42,660,508,615,383,847,959,118,594,633,335,323,891,311,301,814,784,707,166,837,687,101,541,14,21,372,858,185,953,60,607,533,69,85,45,82,80,91,45,71,70,67,36,86,71,43,85,59,95,74,37,70,39,50,32,64,68,59,51,53,69,70,88,83
[ 34.952297] wil6210-aoa$0,1606461635.111692,04:d6:aa:c1:38:97,2,1,1,0,128,532,479,1014,388,345,777,858,53,566,603,846,139,383,136,312,825,724,673,96,761,668,64,576,21,1003,368,394,338,493,287,45,988,68,82,44,80,78,88,43,68,68,64,32,83,70,42,81,55,88,66,37,68,38,46,28,58,65,57,48,49,64,65,85,77
[ 34.981552] wil6210-aoa$0,1606461635.140947,04:d6:aa:c1:38:97,2,1,1,0,128,610,505,22,451,357,795,450,317,565,604,854,141,395,113,785,616,172,466,565,597,740,73,570,43,999,333,890,191,488,216,18,896,67,80,44,79,77,86,44,68,67,66,33,83,69,42,81,55,91,69,36,66,37,45,28,58,66,56,46,49,63,67,85,77
[ 35.011192] wil6210-aoa$0,1606461635.170588,04:d6:aa:c1:38:97,2,1,1,0,128,601,539,617,681,898,961,432,295,581,614,353,334,384,116,768,649,778,711,94,781,753,115,552,0,595,562,902,203,507,236,417,351,66,82,45,79,77,85,44,67,66,61,32,80,68,41,80,54,87,68,34,63,36,45,26,57,62,53,44,47,61,60,80,70
[ 35.046194] wil6210-aoa$0,1606461635.205589,04:d6:aa:c1:38:97,2,1,1,0,128,578,489,538,624,966,13,373,280,553,569,359,330,935,291,316,816,844,731,56,799,739,91,617,67,540,588,477,460,459,227,519,456,72,87,47,83,84,93,46,72,72,67,35,87,75,45,86,61,94,75,37,71,40,49,31,62,69,59,51,51,68,70,88,80
[ 35.078388] wil6210-aoa$0,1606461635.237779,04:d6:aa:c1:38:97,2,1,1,0,128,577,525,54,471,355,795,851,35,111,424,835,136,351,72,750,605,840,763,28,726,168,921,96,919,984,342,862,129,548,284,397,393,66,82,44,78,78,84,43,67,65,59,34,84,67,40,79,56,88,69,35,65,34,45,28,55,62,52,46,46,60,65,79,70
[ 35.114696] wil6210-aoa$0,1606461635.274092,04:d6:aa:c1:38:97,2,1,1,0,128,87,760,568,670,945,13,398,310,574,602,414,403,909,323,350,862,790,745,78,783,143,901,32,869,582,603,436,411,507,273,988,916,67,81,46,76,76,86,45,68,67,66,33,81,70,42,81,58,88,69,36,66,38,47,28,57,66,56,46,49,64,65,83,76
[ 35.149268] wil6210-aoa$0,1606461635.308659,04:d6:aa:c1:38:97,2,1,1,0,128,71,685,6,435,906,1002,443,292,560,608,391,326,878,248,304,832,790,703,103,821,698,62,577,23,617,603,408,355,517,259,586,394,71,86,47,84,84,92,44,73,70,65,35,83,73,43,82,56,92,73,35,68,38,47,28,61,66,56,49,50,65,66,85,77
[ 35.183653] wil6210-aoa$0,1606461635.343047,04:d6:aa:c1:38:97,2,1,1,0,128,85,713,579,700,931,12,445,317,599,628,401,358,939,340,323,843,859,740,39,739,755,140,578,79,604,641,388,419,561,317,916,756,64,77,41,77,74,83,40,65,64,60,28,77,65,39,74,53,84,65,34,62,34,43,25,53,60,50,43,45,58,60,76,68
[ 35.213017] wil6210-aoa$0,1606461635.372413,04:d6:aa:c1:38:97,2,1,1,0,128,165,735,509,592,987,5,414,259,607,652,406,315,393,118,736,602,788,737,69,767,658,89,620,49,621,638,391,359,520,254,107,5,65,80,43,78,77,85,43,67,67,60,33,83,69,42,78,57,89,69,36,67,37,45,27,58,64,53,45,49,62,62,80,75
