
[ 24.404983] wil6210-aoa$0,1606461623.885000,04:d6:aa:c1:38:97,2,1,1,0,128,471,335,214,25,965,992,408,674,687,1018,618,57,565,670,440,957,491,78,218,859,196,860,842,68,744,75,589,124,284,773,731,255,60,90,60,85,81,88,56,45,87,102,57,91,85,53,100,99,52,40,58,41,38,64,44,71,83,71,57,61,68,94,117,84
[ 24.432713] wil6210-aoa$0,1606461623.912726,04:d6:aa:c1:38:97,2,1,1,0,128,448,291,98,959,966,1002,433,670,660,996,522,40,88,547,983,172,29,307,815,73,780,92,872,90,740,81,560,105,256,772,1011,525,56,86,54,81,75,78,49,41,80,95,53,84,81,49,89,90,48,38,55,37,36,60,40,64,74,68,54,58,62,86,108,80
[ 24.455659] wil6210-aoa$0,1606461623.935678,04:d6:aa:c1:38:97,2,1,1,0,128,488,318,136,954,924,991,981,542,593,996,556,36,642,761,967,144,38,325,815,56,781,58,335,936,735,60,620,124,262,754,694,205,56,86,55,80,75,79,51,42,81,98,51,86,82,51,93,91,50,36,56,39,36,61,42,67,77,70,55,60,65,88,115,82
[ 24.485911] wil6210-aoa$0,1606461623.965928,04:d6:aa:c1:38:97,2,1,1,0,128,932,130,152,1021,974,1018,428,684,722,2,584,28,621,698,1011,165,998,241,247,876,725,53,869,71,794,105,617,146,259,771,776,383,54,84,57,80,75,79,51,40,81,98,52,85,84,49,92,89,49,37,53,35,34,57,40,62,76,67,51,55,60,85,100,75
[ 24.508047] wil6210-aoa$0,1606461623.988067,04:d6:aa:c1:38:97,2,1,1,0,128,384,258,103,966,979,24,494,745,655,1012,584,43,578,665,48,173,54,353,766,77,750,87,951,125,719,68,574,80,253,782,853,424,57,85,54,81,75,79,50,41,82,97,52,85,82,51,94,93,49,36,53,36,35,62,40,67,78,69,54,60,63,90,113,80
[ 24.533815] wil6210-aoa$0,1606461624.013835,04:d6:aa:c1:38:97,2,1,1,0,128,472,298,177,989,352,792,443,722,643,1015,535,21,628,689,41,171,55,321,791,63,789,81,893,94,715,54,563,136,265,792,212,660,62,93,57,85,81,86,53,44,85,103,54,92,87,55,100,99,54,40,59,41,37,67,45,71,84,72,58,64,69,94,120,87
[ 24.564921] wil6210-aoa$0,1606461624.044933,04:d6:aa:c1:38:97,2,1,1,0,128,915,91,614,820,468,875,428,658,660,987,640,76,7,489,435,955,575,155,739,40,806,67,833,62,719,77,537,75,272,790,270,861,59,90,59,86,79,85,52,43,84,103,53,89,88,52,95,94,51,40,56,38,36,61,40,66,78,67,55,62,64,89,109,77
[ 24.592160] wil6210-aoa$0,1606461624.072173,04:d6:aa:c1:38:97,2,1,1,0,128,498,307,110,4,19,45,464,737,632,999,618,39,103,527,980,127,546,104,258,872,771,45,846,61,770,106,577,93,189,712,1010,595,59,90,56,86,78,86,54,44,86,105,56,92,86,55,99,100,53,39,60,38,37,64,42,70,81,72,54,61,65,93,111,81
[ 24.617279] wil6210-aoa$0,1606461624.097297,04:d6:aa:c1:38:97,2,1,1,0,128,512,365,165,1012,979,1007,426,626,64,803,92,853,635,692,999,152,52,294,762,10,732,38,358,944,724,33,548,63,257,766,597,141,57,89,57,83,78,84,53,44,84,103,53,87,84,50,91,91,50,38,56,37,35,57,39,66,79,67,51,58,64,88,107,78
[ 24.643539] wil6210-aoa$0,1606461624.123552,04:d6:aa:c1:38:97,2,1,1,0,128,924,95,96,938,413,782,955,479,179,829,631,53,614,682,1014,168,24,307,775,43,752,68,860,107,689,75,16,954,729,582,939,514,63,93,59,87,85,86,52,44,89,107,56,90,89,54,97,98,51,40,56,38,36,62,43,67,84,72,55,58,66,93,110,80
[ 24.671951] wil6210-aoa$0,1606461624.151967,04:d6:aa:c1:38:97,2,1,1,0,128,483,367,157,1,1009,11,442,713,653,993,582,71,579,687,981,132,45,314,857,151,728,71,927,136,727,91,616,92,255,769,509,74,55,80,51,76,69,75,47,40,74,90,49,80,79,47,87,87,47,35,52,34,33,59,38,62,73,66,50,55,60,82,103,75
[ 24.697656] wil6210-aoa$0,1606461624.177674,04:d6:aa:c1:38:97,2,1,1,0,128,495,320,173,1003,995,1001,874,454,762,30,530,1023,573,662,509,21,10,324,778,56,791,87,809,56,691,71,599,104,205,696,596,164,58,90,56,84,79,84,52,43,83,101,54,88,85,51,94,92,51,39,56,38,37,60,41,67,79,69,55,61,64,89,109,83
[ 24.721064] wil6210-aoa$0,1606461624.201080,04:d6:aa:c1:38:97,2,1,1,0,128,541,375,147,989,933,969,454,647,632,1001,573,40,596,647,987,121,32,258,777,49,743,56,850,53,724,51,74,998,225,739,176,726,61,91,58,86,77,86,53,44,85,101,53,91,88,53,101,98,52,39,58,39,37,66,44,69,80,73,55,62,70,92,116,85
[ 24.752316] wil6210-aoa$0,1606461624.232330,04:d6:aa:c1:38:97,2,1,1,0,128,421,270,119,970,918,966,937,492,710,27,552,39,670,711,961,158,1004,234,259,898,215,877,333,882,728,40,687,128,268,809,556,66,60,92,56,84,78,82,50,42,83,99,52,88,86,50,90,93,49,38,53,37,35,56,37,65,79,65,51,53,62,85,100,75
[ 24.779519] wil6210-aoa$0,1606461624.259537,04:d6:aa:c1:38:97,2,1,1,0,128,529,347,117,975,917,965,462,685,666,989,613,54,559,670,457,1007,45,279,790,67,729,39,896,93,704,37,597,122,244,731,263,842,64,97,63,90,83,90,57,45,91,110,59,96,92,58,104,102,54,42,62,41,41,68,45,74,84,78,59,63,71,100,125,89
[ 24.803094] wil6210-aoa$0,1606461624.283108,04:d6:aa:c1:38:97,2,1,1,0,128,16,141,618,812,951,990,527,751,590,955,620,46,636,700,452,960,495,111,228,897,803,115,836,59,741,61,652,154,206,740,483,30,64,98,62,90,83,89,58,48,90,109,58,94,92,55,101,101,52,40,61,41,39,66,44,73,86,74,59,64,70,95,119,87
[ 24.830833] wil6210-aoa$0,1606461624.310853,04:d6:aa:c1:38:97,2,1,1,0,128,957,148,590,808,417,817,494,726,122,842,995,817,62,480,499,1022,483,99,227,841,253,913,321,915,173,892,991,915,700,499,858,507,59,88,56,83,77,84,52,42,86,102,54,88,87,53,94,94,50,40,57,37,36,62,40,67,78,70,54,58,65,91,109,79
[ 24.859656] wil6210-aoa$0,1606461624.339672,04:d6:aa:c1:38:97,2,1,1,0,128,27,155,96,988,932,987,504,755,699,6,601,34,612,662,973,142,1012,250,785,68,772,79,858,44,746,94,596,109,278,765,636,158,54,79,51,77,70,76,49,40,75,89,48,79,77,47,87,86,47,36,52,36,34,58,39,64,72,65,50,56,61,84,106,74
[ 24.885195] wil6210-aoa$0,1606461624.365213,04:d6:aa:c1:38:97,2,1,1,0,128,499,347,116,960,933,985,938,441,137,791,617,39,600,709,1014,150,1010,274,748,37,707,21,843,26,185,893,30,894,723,537,89,760,58,90,58,85,77,83,54,45,85,101,53,89,87,54,96,97,51,38,57,39,37,65,42,69,81,72,55,60,68,93,115,85
[ 24.910180] wil6210-aoa$0,1606461624.390193,04:d6:aa:c1:38:97,2,1,1,0,128,458,318,110,980,7,1004,523,706,636,991,619,43,27,480,504,982,41,316,809,44,779,60,900,88,751,36,594,132,216,745,47,642,60,90,58,87,78,83,53,42,84,103,53,89,86,54,98,96,50,40,57,39,37,61,41,68,81,72,54,61,67,92,113,80
[ 24.938788] wil6210-aoa$0,1606461624.418800,04:d6:aa:c1:38:97,2,1,1,0,128,443,333,74,980,418,823,969,523,634,984,49,852,670,724,18,156,43,318,764,7,213,877,338,916,125,844,561,69,213,732,932,516,63,96,62,89,85,89,58,47,89,107,56,92,92,55,104,100,53,42,61,41,39,67,44,74,87,76,59,65,71,97,122,89
[ 24.965329] wil6210-aoa$0,1606461624.445347,04:d6:aa:c1:38:97,2,1,1,0,128,950,116,208,19,928,1018,531,728,654,995,599,40,642,716,466,1017,44,325,727,1022,792,78,912,94,707,37,560,72,753,590,7,621,57,90,56,84,78,81,50,43,83,101,51,87,86,53,93,92,48,38,54,37,34,56,38,61,77,67,51,56,62,85,102,74
[ 24.987830] wil6210-aoa$0,1606461624.467849,04:d6:aa:c1:38:97,2,1,1,0,128,982,156,138,990,371,803,976,551,81,837,596,29,639,724,440,944,44,277,228,856,177,891,365,918,717,55,607,93,246,747,801,414,59,90,56,84,77,81,52,43,83,101,54,88,85,51,93,93,48,38,55,37,36,62,39,66,79,69,54,57,64,90,104,79
[ 25.017076] wil6210-aoa$0,1606461624.497090,04:d6:aa:c1:38:97,2,1,1,0,128,998,164,69,955,463,857,437,681,685,996,633,64,634,716,4,146,55,300,808,54,805,60,841,50,717,55,529,66,293,774,168,828,63,94,61,88,83,88,56,46,88,105,57,92,90,55,99,101,52,42,60,40,39,64,44,72,84,74,58,62,68,96,114,85
[ 25.045176] wil6210-aoa$0,1606461624.525190,04:d6:aa:c1:38:97,2,1,1,0,128,458,310,603,789,415,773,968,542,685,1018,608,23,612,666,485,986,4,264,802,54,796,96,833,46,177,905,6,918,747,589,314,996,52,79,51,72,70,74,48,40,75,91,48,80,76,47,84,85,44,34,52,34,32,55,36,60,72,61,49,52,57,78,95,70
[ 25.073255] wil6210-aoa$0,1606461624.553269,04:d6:aa:c1:38:97,2,1,1,0,128,930,112,135,960,1007,11,513,757,608,946,576,39,605,667,1009,154,48,254,797,66,806,80,883,67,726,92,529,69,737,583,218,768,63,94,61,90,84,90,56,47,90,107,59,95,95,57,102,100,54,42,62,42,39,67,47,72,86,75,59,66,71,98,124,90
[ 25.101504] wil6210-aoa$0,1606461624.581521,04:d6:aa:c1:38:97,2,1,1,0,128,464,283,197,992,962,13,438,696,87,819,90,877,625,715,1022,188,59,275,879,86,711,22,326,899,193,898,48,956,205,745,991,497,53,80,51,75,70,75,47,38,74,89,49,78,77,48,86,86,45,34,50,35,33,56,35,59,73,62,49,53,60,82,96,71
[ 25.128539] wil6210-aoa$0,1606461624.608557,04:d6:aa:c1:38:97,2,1,1,0,128,465,333,191,1019,999,1017,433,689,82,775,45,854,68,496,448,969,504,131,758,27,255,923,874,90,738,65,539,76,278,763,875,455,52,79,50,77,70,76,46,39,75,91,48,78,76,46,85,82,45,34,50,32,31,54,36,58,70,62,48,51,58,79,99,70
[ 25.152177] wil6210-aoa$0,1606461624.632191,04:d6:aa:c1:38:97,2,1,1,0,128,432,276,127,974,1006,1013,519,726,644,1014,512,7,628,723,990,146,37,341,804,112,713,53,860,86,775,108,528,41,261,770,836,371,63,95,61,89,83,89,56,45,91,110,58,95,91,58,103,103,54,42,62,41,42,66,47,75,86,79,60,66,72,97,125,91
[ 25.179411] wil6210-aoa$0,1606461624.659429,04:d6:aa:c1:38:97,2,1,1,0,128,479,319,138,974,988,1013,494,725,682,1012,617,91,698,771,16,209,78,367,811,68,809,116,920,134,662,28,586,110,255,749,905,419,61,89,57,85,79,86,52,43,85,104,57,91,87,54,100,97,51,41,59,39,40,66,43,71,81,76,57,64,68,95,124,87
[ 25.208093] wil6210-aoa$0,1606461624.688104,04:d6:aa:c1:38:97,2,1,1,0,128,488,338,172,5,942,992,520,686,724,24,603,48,643,706,440,986,56,311,860,102,763,72,906,73,729,95,566,82,216,728,39,532,54,81,51,74,70,75,47,39,75,92,48,79,78,46,88,85,46,36,53,35,33,58,38,63,73,64,49,53,58,82,103,73
[ 25.230402] wil6210-aoa$0,1606461624.710415,04:d6:aa:c1:38:97,2,1,1,0,128,519,317,159,988,8,19,408,687,671,15,631,62,622,672,53,180,54,300,792,56,789,82,824,70,693,50,537,86,261,739,762,305,54,82,52,80,72,77,49,41,79,96,51,86,81,50,92,87,49,36,54,37,35,58,38,60,74,66,51,55,64,84,106,77
[ 25.261659] wil6210-aoa$0,1606461624.741674,04:d6:aa:c1:38:97,2,1,1,0,128,514,323,96,999,982,1013,455,701,90,795,549,16,596,659,459,1009,26,241,273,897,772,74,911,81,709,60,591,103,183,729,560,113,52,79,51,73,68,71,45,39,72,90,48,74,75,45,81,81,43,34,47,32,30,52,34,55,70,58,46,48,53,73,89,67
[ 25.290032] wil6210-aoa$0,1606461624.770050,04:d6:aa:c1:38:97,2,1,1,0,128,522,351,162,5,902,945,523,736,649,993,613,26,621,713,1008,174,45,308,795,59,804,60,862,79,695,51,597,121,259,769,512,1016,56,88,57,83,75,80,52,42,84,100,53,87,85,50,92,91,50,38,53,37,34,58,37,63,77,66,51,55,61,88,101,76
[ 25.313560] wil6210-aoa$0,1606461624.793574,04:d6:aa:c1:38:97,2,1,1,0,128,487,327,95,950,994,9,409,693,601,991,595,31,48,510,1005,152,71,319,807,54,722,25,887,75,727,68,603,87,214,736,844,388,58,88,57,84,77,83,51,43,84,103,53,87,85,52,97,93,50,40,57,38,37,61,40,66,81,69,53,59,63,91,110,80
[ 25.343827] wil6210-aoa$0,1606461624.823841,04:d6:aa:c1:38:97,2,1,1,0,128,482,327,198,23,970,1005,486,681,631,1005,618,58,668,760,988,147,22,290,765,1015,196,897,900,90,730,67,585,81,295,746,370,868,64,95,60,89,83,89,56,46,91,110,58,93,91,55,100,98,53,40,60,41,38,65,44,70,84,74,56,62,68,93,118,83
[ 25.366933] wil6210-aoa$0,1606461624.846953,04:d6:aa:c1:38:97,2,1,1,0,128,542,357,114,988,997,36,388,693,680,1002,589,23,652,725,438,979,31,306,761,83,799,75,884,75,691,56,589,130,259,767,1006,534,61,96,60,89,82,87,56,46,86,105,57,93,88,53,93,97,51,40,55,38,38,62,41,68,80,71,56,62,65,92,109,79
[ 25.392921] wil6210-aoa$0,1606461624.872938,04:d6:aa:c1:38:97,2,1,1,0,128,526,335,161,965,965,991,524,764,622,962,1011,796,120,498,1010,148,61,297,766,0,733,32,843,57,694,15,587,100,235,729,514,144,61,95,59,87,84,88,56,46,87,107,56,92,89,54,97,96,51,42,58,40,38,64,40,67,85,72,56,61,67,94,112,83
[ 25.425657] wil6210-aoa$0,1606461624.905670,04:d6:aa:c1:38:97,2,1,1,0,128,533,369,186,1015,979,1009,489,720,658,1003,546,20,598,696,490,1004,30,253,295,906,223,904,981,151,634,1009,593,128,205,720,717,242,57,89,56,80,76,80,51,42,82,100,52,87,84,51,93,91,48,37,53,36,34,58,38,66,78,66,53,57,61,86,104,79
[ 25.450491] wil6210-aoa$0,1606461624.930509,04:d6:aa:c1:38:97,2,1,1,0,128,925,114,141,1003,965,1001,425,657,619,996,570,11,669,716,15,166,35,328,757,58,788,84,812,9,717,69,613,102,293,778,80,605,54,80,53,76,69,76,49,40,77,92,50,81,77,49,88,88,46,36,51,34,36,60,39,64,74,66,51,57,61,85,108,77
[ 25.481097] wil6210-aoa$0,1606461624.961112,04:d6:aa:c1:38:97,2,1,1,0,128,452,325,102,977,996,5,497,729,654,1007,590,25,627,705,977,139,518,118,807,80,215,861,387,921,730,59,559,86,198,757,720,312,60,96,60,89,82,86,54,44,91,107,57,93,90,56,99,99,53,40,58,39,37,64,44,69,82,74,56,61,69,95,117,86
[ 25.510114] wil6210-aoa$0,1606461624.990129,04:d6:aa:c1:38:97,2,1,1,0,128,985,119,89,1007,913,999,454,686,618,972,588,1,637,680,432,969,530,82,815,50,746,45,879,63,673,30,617,89,748,605,889,429,63,95,60,89,83,88,56,47,89,107,58,92,90,55,101,100,54,42,61,42,40,66,45,73,85,77,60,66,73,99,120,90
[ 25.539742] wil6210-aoa$0,1606461625.019760,04:d6:aa:c1:38:97,2,1,1,0,128,485,337,184,21,945,13,446,730,645,1010,578,64,628,700,19,199,16,300,890,143,809,95,836,68,775,92,576,116,285,795,332,858,62,96,59,87,80,86,54,44,88,106,55,91,86,52,98,98,52,41,56,38,38,62,41,66,81,70,55,57,64,91,107,78
[ 25.563644] wil6210-aoa$0,1606461625.043657,04:d6:aa:c1:38:97,2,1,1,0,128,501,329,636,826,997,998,513,736,603,984,575,30,586,655,500,13,515,91,742,38,767,22,832,40,205,914,558,97,185,737,660,363,63,95,60,88,81,86,56,45,88,106,57,93,90,53,98,97,52,41,58,41,38,65,42,68,83,72,56,60,68,95,114,83
[ 25.594196] wil6210-aoa$0,1606461625.074212,04:d6:aa:c1:38:97,2,1,1,0,128,980,132,592,798,951,956,982,521,173,862,574,1,617,669,453,973,544,124,740,6,224,912,243,803,182,901,503,65,228,758,208,861,60,92,59,86,81,85,54,43,88,105,55,88,87,54,97,95,50,40,56,38,36,59,41,65,80,67,55,55,63,89,110,75
[ 25.623409] wil6210-aoa$0,1606461625.103423,04:d6:aa:c1:38:97,2,1,1,0,128,434,259,91,965,1013,1018,501,719,624,973,575,35,67,496,429,976,551,116,795,45,833,103,890,85,723,83,578,107,266,763,415,923,62,95,60,87,82,86,54,45,88,106,55,91,88,53,96,95,51,42,57,38,37,62,40,65,83,70,55,58,66,92,109,77
[ 25.652607] wil6210-aoa$0,1606461625.132620,04:d6:aa:c1:38:97,2,1,1,0,128,416,245,158,996,934,974,556,792,595,1001,565,24,679,783,1020,210,9,305,780,70,775,79,957,144,747,90,623,102,274,795,133,618,58,90,57,85,79,83,51,42,83,101,52,87,87,52,96,96,49,40,57,39,38,64,42,69,79,70,55,61,66,91,115,84
[ 25.682322] wil6210-aoa$0,1606461625.162334,04:d6:aa:c1:38:97,2,1,1,0,128,459,322,168,13,886,976,443,714,679,967,1014,861,130,541,1001,199,41,304,787,49,803,87,772,50,715,91,631,148,298,775,406,1013,63,94,61,88,82,86,55,48,87,105,58,91,89,56,99,98,51,40,57,39,39,65,42,69,84,72,56,63,67,95,115,84
[ 25.705881] wil6210-aoa$0,1606461625.185899,04:d6:aa:c1:38:97,2,1,1,0,128,505,352,81,963,939,999,451,725,642,0,618,59,627,732,7,163,76,345,876,135,784,74,870,63,739,58,550,85,166,707,56,684,60,94,59,89,83,88,55,46,88,107,55,93,90,55,98,98,54,40,60,40,38,65,43,70,83,74,57,63,68,94,116,84
[ 25.733032] wil6210-aoa$0,1606461625.213046,04:d6:aa:c1:38:97,2,1,1,0,128,501,334,99,975,417,775,945,500,125,840,42,886,633,746,44,226,989,234,779,53,768,64,896,89,155,868,110,966,279,768,918,457,62,95,60,88,83,86,56,46,88,108,58,93,91,56,102,99,54,41,61,43,38,65,45,70,87,72,57,63,71,95,119,86
[ 25.762734] wil6210-aoa$0,1606461625.242747,04:d6:aa:c1:38:97,2,1,1,0,128,970,179,135,1001,931,964,539,716,677,1,620,72,603,649,1018,158,44,288,228,838,264,913,862,56,694,47,565,103,203,755,767,371,65,95,62,88,82,88,57,46,87,106,58,94,92,56,105,101,54,41,62,42,39,69,47,73,85,77,60,66,71,98,124,89
[ 25.786086] wil6210-aoa$0,1606461625.266104,04:d6:aa:c1:38:97,2,1,1,0,128,489,286,139,1006,918,954,540,741,650,1013,619,51,603,703,1012,165,12,263,251,875,145,850,913,93,755,85,613,96,233,717,132,698,62,93,60,86,82,87,53,45,89,106,55,90,88,52,96,97,50,40,57,40,37,63,41,68,84,73,55,61,66,92,112,83
[ 25.813849] wil6210-aoa$0,1606461625.293864,04:d6:aa:c1:38:97,2,1,1,0,128,473,270,101,973,995,3,391,672,696,23,48,859,106,491,425,967,48,305,778,42,796,64,904,71,94,835,49,930,750,563,883,419,62,93,61,89,81,86,54,45,90,104,56,90,89,57,99,98,51,39,60,39,39,66,43,71,83,73,55,62,68,95,116,83
[ 25.843919] wil6210-aoa$0,1606461625.323933,04:d6:aa:c1:38:97,2,1,1,0,128,455,308,232,44,938,978,490,736,616,993,517,1015,656,712,1007,144,66,288,815,67,775,42,827,54,716,87,613,128,281,810,955,433,57,89,58,83,77,81,53,44,84,101,55,89,85,50,96,97,51,39,57,40,37,63,41,67,81,71,56,61,65,94,116,84
[ 25.872969] wil6210-aoa$0,1606461625.352984,04:d6:aa:c1:38:97,2,1,1,0,128,514,353,139,976,985,999,415,666,632,1008,624,67,685,756,982,139,31,276,767,39,781,61,320,920,758,91,545,73,245,747,806,348,63,93,60,87,82,89,56,46,88,106,58,92,90,56,102,101,53,42,63,41,40,68,45,72,83,77,59,65,71,97,122,89
[ 25.902764] wil6210-aoa$0,1606461625.382779,04:d6:aa:c1:38:97,2,1,1,0,128,490,326,114,1005,966,993,491,728,638,994,576,40,593,697,1011,150,1017,264,796,49,735,29,950,73,697,31,579,76,233,738,200,782,59,94,61,88,82,87,55,45,91,107,58,93,91,55,100,101,54,43,60,40,39,66,44,70,84,74,59,64,70,97,120,84
[ 25.932368] wil6210-aoa$0,1606461625.412382,04:d6:aa:c1:38:97,2,1,1,0,128,490,309,206,19,975,979,518,739,663,1016,655,59,626,699,1006,206,45,312,877,129,791,85,924,84,662,49,560,112,192,756,612,55,63,95,59,89,83,88,54,47,91,110,56,93,91,56,99,100,52,41,59,39,38,65,44,72,84,72,57,63,70,94,120,87
[ 25.958782] wil6210-aoa$0,1606461625.438800,04:d6:aa:c1:38:97,2,1,1,0,128,526,336,128,993,917,953,430,650,702,21,578,5,646,705,16,157,1005,295,813,70,826,99,879,81,710,48,553,90,285,801,922,482,63,93,61,88,82,87,53,47,87,107,58,91,89,55,99,99,52,39,60,41,39,65,43,72,86,74,58,63,69,96,121,86
[ 25.985366] wil6210-aoa$0,1606461625.465380,04:d6:aa:c1:38:97,2,1,1,0,128,458,295,130,991,978,9,534,776,655,1023,604,28,649,717,397,981,487,89,790,55,833,106,867,68,682,17,644,127,231,750,789,397,58,88,56,82,77,82,49,42,83,100,51,86,81,50,90,91,49,39,54,35,35,60,40,61,76,66,53,57,61,88,106,76
[ 26.013546] wil6210-aoa$0,1606461625.493563,04:d6:aa:c1:38:97,2,1,1,0,128,448,294,134,1002,950,984,483,742,658,999,544,13,628,712,9,149,52,279,824,86,784,112,839,52,692,46,583,136,180,748,879,496,60,89,57,83,78,82,52,42,83,100,52,86,84,52,90,92,48,39,55,37,34,59,39,64,78,66,53,56,62,87,103,77
[ 26.036764] wil6210-aoa$0,1606461625.516785,04:d6:aa:c1:38:97,2,1,1,0,128,430,295,112,989,948,972,479,706,701,32,578,26,621,722,1002,143,1023,286,715,25,800,88,850,48,698,67,625,149,214,730,362,873,59,94,58,85,79,84,52,46,86,104,54,88,86,51,94,95,48,39,56,38,34,59,39,64,78,64,55,56,62,88,104,78
[ 26.066592] wil6210-aoa$0,1606461625.546605,04:d6:aa:c1:38:97,2,1,1,0,128,996,142,140,1005,1010,1017,447,702,650,1013,624,67,642,699,961,142,25,290,790,41,803,97,812,62,692,57,486,57,714,567,909,595,60,89,58,84,79,82,51,44,85,103,55,89,87,53,93,97,50,39,56,36,35,59,37,65,79,67,54,58,63,87,104,78
[ 26.095646] wil6210-aoa$0,1606461625.575666,04:d6:aa:c1:38:97,2,1,1,0,128,1002,133,633,796,475,806,887,441,102,770,1014,839,7,463,457,983,537,100,182,859,263,934,322,899,156,877,25,960,733,559,814,496,60,91,58,88,81,85,54,45,87,105,54,90,86,54,94,96,50,39,57,38,37,62,40,66,81,71,56,59,63,92,113,83
[ 26.121859] wil6210-aoa$0,1606461625.601872,04:d6:aa:c1:38:97,2,1,1,0,128,469,311,153,1019,918,961,489,695,643,1018,581,59,632,681,459,2,1016,274,760,17,736,36,867,67,161,891,629,121,213,748,191,817,58,88,54,81,75,79,49,42,83,99,54,85,84,50,90,90,48,36,54,35,33,58,37,62,75,63,50,52,60,83,100,73
[ 26.151543] wil6210-aoa$0,1606461625.631555,04:d6:aa:c1:38:97,2,1,1,0,128,948,102,93,988,954,1004,445,664,654,1012,611,25,648,728,1018,187,53,315,799,55,747,34,879,46,148,852,569,83,234,768,160,749,57,89,57,84,77,84,51,44,83,101,53,88,87,52,95,95,49,39,56,36,36,60,41,66,79,69,53,59,65,88,110,79
[ 26.181150] wil6210-aoa$0,1606461625.661163,04:d6:aa:c1:38:97,2,1,1,0,128,516,370,127,970,9,33,451,718,670,26,604,70,587,680,19,213,0,305,761,66,772,45,853,82,713,68,579,105,258,771,669,144,63,94,61,86,84,89,54,46,90,106,58,91,93,55,99,99,51,41,60,41,38,65,44,70,82,73,57,63,68,97,119,87
[ 26.210146] wil6210-aoa$0,1606461625.690158,04:d6:aa:c1:38:97,2,1,1,0,128,493,304,108,987,972,1005,476,734,672,973,623,50,578,638,999,94,546,115,835,86,767,73,917,114,666,48,584,134,206,736,32,636,62,91,60,89,81,86,54,45,86,104,58,91,91,55,100,99,53,39,58,38,38,65,42,70,83,72,56,61,68,95,115,84
[ 26.233506] wil6210-aoa$0,1606461625.713526,04:d6:aa:c1:38:97,2,1,1,0,128,488,358,147,1020,980,17,490,680,685,19,574,20,659,706,42,194,3,284,865,86,700,33,878,89,717,37,578,100,284,769,875,371,56,88,55,83,77,83,51,43,84,99,52,86,84,52,89,91,49,39,52,37,34,61,39,63,80,68,53,57,63,89,106,79
[ 26.272442] wil6210-aoa$0,1606461625.752461,04:d6:aa:c1:38:97,2,1,1,0,128,514,297,186,4,982,997,501,704,699,20,587,27,721,776,13,181,79,339,820,98,772,81,889,99,795,109,609,136,271,806,223,815,58,92,58,84,80,84,53,45,86,104,53,90,87,53,97,97,50,40,57,38,35,62,40,67,80,68,55,60,65,88,107,80
[ 26.295583] wil6210-aoa$0,1606461625.775602,04:d6:aa:c1:38:97,2,1,1,0,128,513,340,107,992,2,29,427,676,625,998,51,880,653,749,1021,127,40,310,798,53,751,46,238,854,131,834,66,942,303,773,881,367,59,86,58,83,77,83,54,43,86,104,55,90,86,54,98,96,52,40,57,40,38,65,42,67,80,74,54,63,69,92,116,86
[ 26.327201] wil6210-aoa$0,1606461625.807219,04:d6:aa:c1:38:97,2,1,1,0,128,931,88,171,997,964,991,390,669,739,43,578,28,631,685,412,991,10,271,816,64,813,95,876,110,716,66,538,86,220,769,849,405,62,93,61,86,82,90,54,45,88,106,57,92,90,55,98,99,54,42,59,41,40,68,45,71,85,76,57,66,69,97,120,86
[ 26.353118] wil6210-aoa$0,1606461625.833131,04:d6:aa:c1:38:97,2,1,1,0,128,443,315,171,997,931,974,502,747,688,997,606,47,610,720,7,166,59,317,779,22,725,28,307,910,727,70,607,77,205,739,533,40,56,88,55,82,75,80,51,42,81,98,51,86,82,49,92,92,48,37,53,37,34,59,39,65,77,67,53,58,64,89,103,77
[ 26.382895] wil6210-aoa$0,1606461625.862908,04:d6:aa:c1:38:97,2,1,1,0,128,510,345,152,34,946,979,491,732,783,91,569,37,604,670,3,159,77,276,821,97,784,98,924,134,705,42,562,74,254,748,73,692,57,86,57,83,78,83,53,43,82,100,52,87,87,53,95,95,50,39,56,38,37,63,42,66,78,70,53,60,64,92,110,81
[ 26.406151] wil6210-aoa$0,1606461625.886169,04:d6:aa:c1:38:97,2,1,1,0,128,476,323,150,15,990,1023,384,630,640,981,636,70,617,687,995,121,17,261,792,14,700,33,843,65,696,44,8,900,202,706,1018,660,60,91,59,86,80,84,55,45,87,108,55,91,88,54,98,98,52,40,58,41,37,64,42,68,84,73,55,60,68,94,116,81
[ 26.433527] wil6210-aoa$0,1606461625.913540,04:d6:aa:c1:38:97,2,1,1,0,128,494,334,82,1001,391,780,971,564,639,1000,592,15,603,683,985,171,59,331,763,39,752,97,960,149,753,113,586,108,227,709,694,281,61,93,60,86,82,87,54,44,88,107,56,92,89,55,100,97,52,41,57,39,37,63,41,68,82,71,56,62,66,93,114,83
[ 26.460126] wil6210-aoa$0,1606461625.940143,04:d6:aa:c1:38:97,2,1,1,0,128,910,109,128,985,992,987,476,729,638,1001,639,47,60,510,983,119,25,302,801,61,727,34,868,68,742,53,641,108,235,754,681,212,62,94,60,87,83,87,52,45,88,106,57,90,90,54,96,97,52,42,59,40,37,62,42,68,81,70,57,63,67,95,111,85
[ 26.488905] wil6210-aoa$0,1606461625.968923,04:d6:aa:c1:38:97,2,1,1,0,128,422,283,101,979,987,984,465,688,649,974,601,37,625,686,1003,183,21,310,756,22,762,48,850,116,742,88,602,146,236,777,321,924,63,93,61,87,82,87,58,47,87,105,58,94,90,53,101,102,55,41,61,42,40,67,45,73,86,78,58,65,71,95,122,88
[ 26.519778] wil6210-aoa$0,1606461625.999767,04:d6:aa:c1:38:97,2,1,1,0,128,936,101,590,779,980,1013,433,667,573,949,9,859,587,643,977,140,32,295,182,853,248,926,310,900,751,77,561,117,250,766,36,578,62,92,60,86,82,86,54,45,87,103,54,90,87,53,99,97,52,39,59,37,37,64,42,66,81,70,56,61,65,93,115,83
[ 26.553495] wil6210-aoa$0,1606461626.033509,04:d6:aa:c1:38:97,2,1,1,0,128,917,72,134,991,990,1018,490,713,628,958,647,40,669,751,4,195,47,300,840,95,780,74,870,58,694,34,629,113,260,735,883,523,60,93,61,88,82,86,55,44,86,105,58,90,90,56,100,97,53,41,60,42,39,67,46,71,84,76,59,65,70,94,120,87
[ 26.583520] wil6210-aoa$0,1606461626.063534,04:d6:aa:c1:38:97,2,1,1,0,128,454,297,98,975,965,1014,482,758,638,1012,568,30,631,711,982,146,1002,281,776,27,255,965,815,42,741,45,620,82,271,775,205,718,49,79,50,72,69,70,45,37,73,86,47,78,76,45,82,81,44,34,48,34,32,53,35,57,70,59,47,53,55,79,95,69
[ 26.614004] wil6210-aoa$0,1606461626.094019,04:d6:aa:c1:38:97,2,1,1,0,128,988,134,149,1012,948,1011,502,690,631,989,569,1023,608,690,997,164,2,267,823,73,793,59,884,80,670,37,597,112,249,763,572,124,57,90,57,82,78,83,54,43,83,99,53,87,86,52,95,94,49,38,55,37,37,62,40,66,80,71,55,62,68,93,113,82
[ 26.644135] wil6210-aoa$0,1606461626.124151,04:d6:aa:c1:38:97,2,1,1,0,128,441,303,124,1002,1010,12,421,684,679,8,547,22,612,693,45,194,61,346,789,61,688,30,845,57,720,59,73,948,257,763,951,516,61,92,58,87,81,84,52,47,86,107,56,91,89,54,95,96,50,41,55,38,37,63,40,68,83,73,53,58,66,93,110,78
[ 26.673813] wil6210-aoa$0,1606461626.153828,04:d6:aa:c1:38:97,2,1,1,0,128,438,278,168,1011,397,815,548,772,644,982,609,36,648,724,36,179,35,314,876,113,745,32,350,898,156,870,79,946,708,547,900,447,61,92,58,87,80,84,55,44,84,104,55,88,88,54,96,97,51,41,58,39,38,64,43,68,81,71,55,62,67,92,115,84
[ 26.703996] wil6210-aoa$0,1606461626.184008,04:d6:aa:c1:38:97,2,1,1,0,128,543,329,169,16,963,996,479,723,661,996,568,69,50,505,977,161,42,299,731,54,749,38,859,49,654,35,612,123,215,773,106,683,61,92,59,87,78,85,53,44,88,103,54,91,88,52,96,98,51,39,57,37,36,61,38,65,82,68,52,57,66,92,109,80
[ 26.733965] wil6210-aoa$0,1606461626.213978,04:d6:aa:c1:38:97,2,1,1,0,128,513,332,119,993,964,1002,431,685,643,1023,591,36,666,767,1013,194,7,279,804,55,784,54,903,93,674,40,684,168,266,764,172,747,60,93,58,87,80,84,52,45,87,103,55,92,89,53,96,98,49,40,57,38,36,62,40,68,83,70,55,58,67,92,111,80
[ 26.764239] wil6210-aoa$0,1606461626.244253,04:d6:aa:c1:38:97,2,1,1,0,128,488,308,184,1019,934,985,956,514,667,962,28,828,635,663,11,195,36,251,821,48,762,69,848,70,708,1019,614,137,255,768,594,180,59,93,58,87,82,86,57,44,89,105,56,92,90,54,100,97,52,42,57,40,39,64,43,69,82,74,58,62,67,95,117,85
[ 26.795025] wil6210-aoa$0,1606461626.275038,04:d6:aa:c1:38:97,2,1,1,0,128,485,322,102,949,962,983,921,493,75,809,52,853,633,685,479,999,491,64,310,915,727,60,919,97,689,27,574,111,229,777,100,689,59,89,58,84,79,82,50,44,84,103,52,88,84,51,90,89,47,38,54,36,34,57,36,60,76,63,50,51,56,84,91,70
[ 26.824840] wil6210-aoa$0,1606461626.304857,04:d6:aa:c1:38:97,2,1,1,0,128,493,288,116,963,940,990,875,444,139,820,643,72,706,742,12,168,52,327,762,28,818,70,876,90,753,93,571,65,248,712,42,704,64,91,60,88,80,87,55,45,85,106,57,92,90,56,99,100,52,40,62,41,41,69,45,73,84,77,58,67,70,96,126,88
[ 26.851006] wil6210-aoa$0,1606461626.331019,04:d6:aa:c1:38:97,2,1,1,0,128,508,341,165,1023,982,1010,413,679,707,1023,596,23,568,701,1002,98,971,237,837,83,743,62,918,117,720,41,619,127,192,725,489,130,61,94,59,86,80,88,57,46,85,104,58,94,89,52,101,98,52,40,60,41,40,64,44,72,85,77,57,64,69,95,121,85
[ 26.881974] wil6210-aoa$0,1606461626.361989,04:d6:aa:c1:38:97,2,1,1,0,128,1010,172,76,956,960,1013,463,702,712,22,534,13,623,682,990,147,75,334,777,53,760,86,869,119,695,69,616,143,240,782,481,39,56,89,58,84,77,81,51,43,84,97,52,86,85,51,90,94,49,38,55,36,35,62,39,63,78,70,54,57,62,89,110,79
[ 26.910427] wil6210-aoa$0,1606461626.390446,04:d6:aa:c1:38:97,2,1,1,0,128,459,312,142,989,990,16,471,706,648,1002,584,22,621,703,992,147,59,281,821,94,762,55,890,98,729,48,577,43,208,715,425,113,57,87,55,82,77,83,52,42,84,101,53,87,82,51,94,92,51,39,55,39,34,63,40,67,78,71,56,58,65,89,111,80
[ 26.938559] wil6210-aoa$0,1606461626.418574,04:d6:aa:c1:38:97,2,1,1,0,128,458,257,156,991,947,985,501,730,638,989,602,111,19,481,40,208,998,282,761,54,238,922,880,74,688,50,582,101,254,736,395,932,57,88,55,83,76,80,51,42,83,98,53,86,82,50,92,91,49,38,55,38,36,61,40,68,78,69,54,61,64,89,113,82
[ 26.969447] wil6210-aoa$0,1606461626.449463,04:d6:aa:c1:38:97,2,1,1,0,128,948,90,629,837,960,975,944,536,637,992,595,20,599,704,998,161,32,295,832,34,721,63,865,53,144,840,44,940,213,708,697,276,59,90,57,84,79,83,55,44,87,103,54,90,88,52,97,97,50,40,56,37,36,60,40,66,80,71,56,58,65,92,109,80
[ 26.999952] wil6210-aoa$0,1606461626.479965,04:d6:aa:c1:38:97,2,1,1,0,128,454,275,102,947,952,973,919,515,100,778,608,44,584,663,998,140,34,274,283,903,718,31,873,90,662,51,582,93,198,696,341,981,62,90,59,85,82,86,56,45,86,106,57,93,90,54,101,96,52,41,60,40,39,66,43,69,84,74,57,64,68,97,118,84
[ 27.024021] wil6210-aoa$0,1606461626.504038,04:d6:aa:c1:38:97,2,1,1,0,128,958,114,146,1014,932,999,473,727,638,995,36,878,636,674,448,991,22,277,793,34,782,6,896,79,703,24,569,99,211,727,655,234,61,91,59,88,80,86,53,46,87,103,55,91,88,55,99,97,52,40,59,39,38,68,44,71,83,76,58,62,72,96,117,86
[ 27.058137] wil6210-aoa$0,1606461626.538151,04:d6:aa:c1:38:97,2,1,1,0,128,978,160,138,993,995,1000,468,712,631,987,599,32,85,505,399,935,522,132,768,23,829,95,856,47,686,21,90,946,262,739,624,249,61,93,61,87,80,87,56,45,88,106,56,92,90,55,99,97,54,41,60,41,38,66,43,69,82,73,56,62,68,93,117,82
[ 27.088720] wil6210-aoa$0,1606461626.568737,04:d6:aa:c1:38:97,2,1,1,0,128,412,303,596,829,959,986,464,710,684,998,595,26,614,679,37,198,42,315,758,1,805,78,815,42,773,73,1011,865,777,582,200,790,63,92,60,87,79,86,56,45,88,105,57,92,88,54,100,98,53,41,61,40,39,67,45,71,84,76,58,65,70,97,123,89
[ 27.113691] wil6210-aoa$0,1606461626.593704,04:d6:aa:c1:38:97,2,1,1,0,128,476,328,111,993,974,1,420,654,128,853,588,30,634,750,988,158,54,314,808,61,790,75,879,76,769,66,595,83,258,774,991,574,60,94,58,86,81,86,55,45,84,104,57,92,88,55,100,98,53,39,59,40,38,65,41,70,81,72,55,62,69,95,117,87
[ 27.145123] wil6210-aoa$0,1606461626.625137,04:d6:aa:c1:38:97,2,1,1,0,128,992,138,623,800,404,773,899,466,103,817,47,882,47,467,459,1015,484,61,255,874,740,67,312,924,697,52,638,147,763,595,908,407,61,92,58,87,80,84,53,45,86,104,53,88,87,51,94,95,50,38,58,40,37,64,42,66,81,70,57,61,66,94,115,84
[ 27.169856] wil6210-aoa$0,1606461626.649870,04:d6:aa:c1:38:97,2,1,1,0,128,470,319,198,34,989,6,545,747,674,27,566,43,688,706,1018,195,12,273,841,92,816,85,867,53,754,40,674,167,272,777,462,928,58,88,57,87,77,80,51,43,83,100,52,84,84,50,88,91,48,40,52,35,34,56,36,62,76,62,48,52,58,82,98,72
[ 27.199082] wil6210-aoa$0,1606461626.679099,04:d6:aa:c1:38:97,2,1,1,0,128,986,113,142,990,917,982,429,709,643,1010,614,57,619,674,33,137,474,95,265,921,742,61,371,935,744,81,584,118,240,772,575,116,60,92,57,87,80,83,53,45,86,103,53,88,89,53,95,94,51,39,58,39,38,63,41,68,81,72,56,61,66,92,112,84
[ 27.227567] wil6210-aoa$0,1606461626.707580,04:d6:aa:c1:38:97,2,1,1,0,128,490,344,139,1010,1003,1007,477,722,702,1020,628,58,646,725,971,119,67,292,844,66,846,109,890,103,760,60,585,102,251,733,351,924,61,93,60,85,81,85,56,46,87,106,57,92,88,54,99,97,53,40,61,40,39,65,43,71,82,74,57,63,69,95,116,88
[ 27.259123] wil6210-aoa$0,1606461626.739137,04:d6:aa:c1:38:97,2,1,1,0,128,474,323,197,14,961,973,489,749,663,993,612,53,627,668,1016,176,49,315,800,79,778,64,873,92,754,76,580,81,196,745,602,134,60,92,58,86,81,86,55,46,88,105,57,90,89,53,98,97,52,40,58,40,37,62,42,68,81,70,55,60,66,92,111,81
[ 27.290008] wil6210-aoa$0,1606461626.770021,04:d6:aa:c1:38:97,2,1,1,0,128,440,263,139,988,930,983,502,711,615,1001,64,902,65,520,977,158,12,304,854,121,841,106,868,117,700,25,632,119,278,723,530,34,62,91,57,86,79,86,53,44,87,104,56,89,89,55,100,98,53,42,61,41,40,67,44,73,83,75,57,62,67,94,117,85
[ 27.314746] wil6210-aoa$0,1606461626.794763,04:d6:aa:c1:38:97,2,1,1,0,128,502,294,137,973,1021,1018,514,762,635,979,595,1,627,704,14,194,100,346,814,55,782,47,839,24,707,42,577,100,271,758,826,298,58,89,57,85,80,83,54,44,85,101,55,89,88,52,97,96,52,38,56,38,37,64,40,67,81,70,56,58,66,91,111,80
[ 27.342302] wil6210-aoa$0,1606461626.822316,04:d6:aa:c1:38:97,2,1,1,0,128,532,342,75,934,418,836,523,728,668,1,29,879,612,700,1022,169,30,286,810,54,730,56,857,75,744,50,581,90,181,712,926,551,58,91,58,85,78,82,50,44,86,102,55,89,85,50,87,93,50,38,53,37,36,60,37,63,78,66,50,54,61,87,101,74
[ 27.371178] wil6210-aoa$0,1606461626.851198,04:d6:aa:c1:38:97,2,1,1,0,128,519,321,181,1023,1005,4,404,678,632,1007,610,46,605,715,982,155,37,308,249,883,764,65,848,64,715,66,614,85,731,549,79,737,50,77,50,70,67,71,44,38,72,88,45,75,74,45,82,82,45,34,49,33,32,54,36,56,69,62,47,51,57,79,97,70
[ 27.400528] wil6210-aoa$0,1606461626.880549,04:d6:aa:c1:38:97,2,1,1,0,128,513,334,75,935,986,1010,950,526,667,1007,563,3,637,697,1002,139,31,289,752,30,786,103,874,83,780,73,608,169,243,773,954,532,61,91,59,86,79,85,53,45,87,102,56,92,87,54,97,99,51,40,59,39,39,64,42,69,83,74,55,61,69,94,117,84
[ 27.427482] wil6210-aoa$0,1606461626.907495,04:d6:aa:c1:38:97,2,1,1,0,128,451,299,79,943,934,921,991,542,637,1003,575,52,592,670,1020,159,37,259,761,24,755,82,885,83,742,75,618,145,248,733,945,460,59,90,57,84,79,84,50,43,83,103,52,84,87,51,92,92,49,39,54,35,35,59,39,63,77,68,53,56,60,87,106,75
[ 27.458878] wil6210-aoa$0,1606461626.938899,04:d6:aa:c1:38:97,2,1,1,0,128,567,386,159,20,31,0,569,746,604,980,644,40,678,732,33,180,35,296,816,93,797,97,898,90,781,112,700,201,281,816,605,983,59,92,59,86,82,86,55,45,87,105,54,88,91,55,100,100,53,41,59,40,40,65,43,71,83,77,58,63,69,96,119,87
[ 27.490182] wil6210-aoa$0,1606461626.970169,04:d6:aa:c1:38:97,2,1,1,0,128,925,87,108,946,1014,995,450,679,657,1017,577,41,114,568,3,142,35,316,203,809,227,896,352,905,188,886,587,119,215,751,199,788,58,90,53,80,77,79,50,44,82,99,51,83,81,48,87,89,46,38,53,36,32,54,34,59,76,59,49,50,55,80,90,66
[ 27.523424] wil6210-aoa$0,1606461627.003443,04:d6:aa:c1:38:97,2,1,1,0,128,954,117,121,996,1005,8,451,653,658,1020,32,847,695,724,429,943,580,123,736,999,263,911,291,888,195,903,60,920,751,598,279,931,60,90,58,84,80,83,52,43,84,100,52,86,85,50,92,88,48,38,51,35,34,56,37,60,75,62,51,52,56,84,99,68
[ 27.548574] wil6210-aoa$0,1606461627.028594,04:d6:aa:c1:38:97,2,1,1,0,128,506,338,202,17,945,1007,910,480,119,799,7,836,81,528,526,2,41,267,845,84,203,889,871,64,730,71,562,62,257,768,791,272,59,89,58,87,81,86,53,45,86,103,56,90,88,54,99,97,50,40,58,38,38,64,42,68,84,72,57,61,68,93,118,85
[ 27.578374] wil6210-aoa$0,1606461627.058387,04:d6:aa:c1:38:97,2,1,1,0,128,467,299,81,1005,937,983,564,787,724,34,651,67,557,635,471,1017,497,80,779,62,809,59,934,116,719,34,605,137,166,676,640,270,57,87,56,83,79,82,51,42,81,99,52,88,85,50,93,92,50,38,57,38,37,61,41,64,79,70,55,60,66,90,114,82
[ 27.609820] wil6210-aoa$0,1606461627.089834,04:d6:aa:c1:38:97,2,1,1,0,128,463,324,168,1011,1012,10,459,711,641,1007,525,1019,614,705,401,966,503,52,253,873,201,866,345,936,180,868,588,111,217,711,958,493,60,94,59,86,80,85,54,45,86,103,54,90,87,55,100,96,53,40,58,41,40,64,43,69,83,73,58,62,69,96,118,86
[ 27.642064] wil6210-aoa$0,1606461627.122078,04:d6:aa:c1:38:97,2,1,1,0,128,469,317,29,963,1010,1007,515,698,639,989,590,1007,635,726,1004,140,57,343,703,1017,197,945,312,910,733,80,69,971,259,773,20,549,60,91,60,87,80,88,53,44,85,104,54,89,87,54,99,96,52,39,57,39,37,62,42,69,83,71,56,60,66,95,113,81
[ 27.672335] wil6210-aoa$0,1606461627.152353,04:d6:aa:c1:38:97,2,1,1,0,128,496,364,119,1013,902,957,944,495,634,977,581,17,676,739,1001,167,989,217,852,81,786,22,944,122,690,59,566,77,206,705,648,222,60,89,60,86,78,87,53,46,85,105,55,88,87,54,93,94,49,40,54,37,35,61,39,65,78,69,53,55,63,87,102,73
[ 27.697109] wil6210-aoa$0,1606461627.177130,04:d6:aa:c1:38:97,2,1,1,0,128,958,137,584,809,414,835,528,738,144,875,533,998,686,737,971,183,70,325,810,58,219,845,400,937,705,32,591,117,278,754,34,629,59,87,54,83,75,80,52,41,85,100,54,88,85,52,93,93,50,38,55,38,38,62,41,66,77,72,54,58,65,89,113,82
[ 27.728101] wil6210-aoa$0,1606461627.208114,04:d6:aa:c1:38:97,2,1,1,0,128,513,356,104,978,960,969,500,719,636,1005,11,867,7,482,438,990,550,140,834,94,824,131,279,928,647,8,59,943,307,796,1008,536,62,92,61,88,81,84,55,45,86,103,56,91,87,53,96,97,52,39,58,38,38,65,42,68,83,71,56,61,66,91,111,82
[ 27.759601] wil6210-aoa$0,1606461627.239615,04:d6:aa:c1:38:97,2,1,1,0,128,521,328,145,8,907,944,981,529,39,774,33,837,79,488,447,1002,50,295,769,45,711,80,302,925,705,67,606,132,747,585,615,262,59,91,58,87,79,86,54,44,85,106,55,91,90,53,95,95,50,41,57,38,36,61,41,66,82,70,54,62,65,95,114,85
[ 27.791194] wil6210-aoa$0,1606461627.271214,04:d6:aa:c1:38:97,2,1,1,0,128,531,349,132,1007,959,998,432,658,117,793,622,50,150,526,1002,168,6,279,818,68,764,45,819,62,160,885,74,979,719,584,509,61,61,93,59,87,81,86,55,45,88,103,55,93,87,53,96,95,52,40,58,38,38,66,42,68,84,73,56,60,67,91,115,82
[ 27.815864] wil6210-aoa$0,1606461627.295885,04:d6:aa:c1:38:97,2,1,1,0,128,416,280,141,1000,966,992,477,681,141,846,626,53,560,646,465,958,514,89,817,96,783,89,826,25,715,45,528,64,225,739,1000,570,61,92,59,86,79,85,52,44,83,103,55,89,87,52,93,97,49,40,57,40,37,61,40,66,82,71,53,57,65,91,108,78
[ 27.845056] wil6210-aoa$0,1606461627.325070,04:d6:aa:c1:38:97,2,1,1,0,128,440,259,119,1002,1010,1015,483,721,701,21,641,71,597,680,1012,186,45,297,817,40,820,80,891,83,701,52,10,925,294,814,820,375,63,92,60,87,80,86,53,45,86,106,58,91,90,55,99,100,51,40,58,39,38,63,41,70,84,74,54,62,69,95,116,84
[ 27.870955] wil6210-aoa$0,1606461627.350972,04:d6:aa:c1:38:97,2,1,1,0,128,493,332,108,972,963,994,442,665,171,885,583,59,652,695,498,1008,13,272,204,888,761,41,904,93,749,55,580,92,237,748,600,136,65,93,61,88,82,86,56,46,87,107,56,94,90,55,103,101,56,40,62,41,40,69,45,71,85,77,59,65,70,97,126,88
[ 27.900792] wil6210-aoa$0,1606461627.380812,04:d6:aa:c1:38:97,2,1,1,0,128,514,317,150,1023,970,1010,467,721,614,976,627,52,579,661,433,1011,33,305,816,100,225,918,861,95,735,65,598,148,251,793,866,371,57,90,56,81,78,79,50,41,82,102,49,83,83,48,83,87,44,35,50,34,31,52,32,54,72,60,46,49,55,78,89,67
[ 27.930553] wil6210-aoa$0,1606461627.410566,04:d6:aa:c1:38:97,2,1,1,0,128,515,337,105,981,952,979,465,699,679,0,644,86,631,674,1008,183,46,278,785,40,807,57,860,77,715,62,570,92,253,773,940,476,62,93,59,86,80,86,55,45,87,107,58,91,88,53,101,100,53,40,62,40,38,66,44,72,83,74,58,63,71,94,123,88
[ 27.955834] wil6210-aoa$0,1606461627.435853,04:d6:aa:c1:38:97,2,1,1,0,128,393,274,124,8,995,9,490,739,734,24,640,93,648,702,1021,189,54,327,823,64,756,23,880,70,711,36,633,100,263,753,603,86,58,88,55,81,73,79,50,41,82,101,53,85,84,50,94,93,51,38,54,36,35,62,39,63,76,68,52,57,61,85,108,79
[ 27.984020] wil6210-aoa$0,1606461627.464034,04:d6:aa:c1:38:97,2,1,1,2,128,393,274,124,8,995,9,490,739,734,24,640,93,648,702,1021,189,54,327,823,64,756,23,880,70,711,36,633,100,263,753,603,86,58,88,55,81,73,79,50,41,82,101,53,85,84,50,94,93,51,38,54,36,35,62,39,63,76,68,52,57,61,85,108,79
[ 28.015529] wil6210-aoa$0,1606461627.495543,04:d6:aa:c1:38:97,2,1,1,0,128,931,99,566,813,977,993,477,695,97,805,65,853,130,548,450,989,553,131,133,839,812,61,316,910,166,887,589,117,289,791,71,625,59,90,57,84,77,83,52,44,84,101,55,89,85,51,94,93,52,39,54,38,36,63,40,66,81,68,55,58,63,88,106,79
[ 28.045529] wil6210-aoa$0,1606461627.525550,04:d6:aa:c1:38:97,2,1,1,0,128,549,358,78,968,948,986,445,709,688,16,0,832,643,714,20,202,74,311,785,32,762,59,832,51,220,903,600,74,682,509,656,348,60,92,57,86,80,87,53,44,86,104,56,90,88,54,98,95,51,39,57,38,38,63,42,69,82,71,55,62,70,92,117,83
[ 28.073093] wil6210-aoa$0,1606461627.553107,04:d6:aa:c1:38:97,2,1,1,0,128,934,146,139,2,395,783,515,731,650,1003,551,55,593,691,414,986,24,299,255,927,222,936,816,59,730,98,624,119,238,766,769,286,59,92,57,83,79,81,54,43,83,102,54,88,87,53,96,94,52,38,57,38,37,62,40,68,81,71,56,60,67,92,113,82
[ 28.105062] wil6210-aoa$0,1606461627.585078,04:d6:aa:c1:38:97,2,1,1,0,128,454,319,145,937,964,999,444,689,101,803,601,9,669,738,1005,132,98,369,728,10,692,1022,874,46,127,836,568,90,244,737,154,726,58,90,57,86,80,84,53,42,87,105,52,88,87,52,94,98,49,41,56,38,38,64,41,67,80,72,56,60,66,91,114,84
[ 28.137223] wil6210-aoa$0,1606461627.617237,04:d6:aa:c1:38:97,2,1,1,0,128,935,94,118,969,418,821,478,729,641,1011,548,1012,85,508,22,154,32,310,762,991,827,92,812,59,221,898,636,131,197,703,887,496,60,90,58,85,78,82,53,45,84,103,53,88,88,52,91,94,51,38,54,37,35,59,38,64,78,64,54,57,62,87,105,76
[ 28.169517] wil6210-aoa$0,1606461627.649531,04:d6:aa:c1:38:97,2,1,1,0,128,481,308,158,1004,914,968,488,724,78,803,71,869,80,546,431,969,517,105,257,891,781,73,794,55,749,48,600,92,221,748,866,477,59,87,59,85,79,84,52,45,87,103,55,89,88,53,98,96,51,40,58,39,37,63,43,68,81,72,56,61,66,92,111,83
[ 28.198711] wil6210-aoa$0,1606461627.678730,04:d6:aa:c1:38:97,2,1,1,0,128,1006,157,234,5,1013,30,468,706,658,956,64,888,648,700,980,124,32,293,808,33,745,45,916,141,717,51,547,69,206,745,621,214,59,92,58,86,80,88,54,43,87,104,55,92,88,55,97,97,54,41,59,39,37,65,44,68,81,72,56,63,68,93,118,87
[ 28.228613] wil6210-aoa$0,1606461627.708627,04:d6:aa:c1:38:97,2,1,1,0,128,922,87,134,1002,945,997,549,740,598,982,686,88,602,696,988,165,563,123,853,118,748,73,810,52,659,37,582,115,210,708,665,239,61,93,57,85,80,83,54,44,85,102,54,86,86,51,93,95,51,39,55,38,36,60,40,66,81,70,53,58,66,90,111,80
[ 28.260883] wil6210-aoa$0,1606461627.740897,04:d6:aa:c1:38:97,2,1,1,0,128,528,339,161,0,931,992,457,680,649,994,609,39,593,677,10,179,52,303,771,29,194,863,334,883,172,903,53,930,276,759,899,372,59,89,57,82,77,83,51,43,83,102,51,86,86,51,90,89,49,39,54,35,35,56,38,60,78,66,53,53,60,88,104,72
[ 28.293315] wil6210-aoa$0,1606461627.773329,04:d6:aa:c1:38:97,2,1,1,0,128,508,347,140,981,986,997,522,728,671,16,602,50,512,641,436,963,28,292,768,60,779,111,276,893,714,33,652,170,174,696,461,54,59,92,59,88,81,87,54,44,87,103,54,87,90,53,95,98,49,39,56,39,36,62,40,67,82,70,55,61,67,93,113,82
[ 28.325485] wil6210-aoa$0,1606461627.805499,04:d6:aa:c1:38:97,2,1,1,0,128,986,143,135,953,1005,1006,504,711,675,1022,603,39,99,507,434,970,521,106,721,28,189,856,336,920,694,8,650,121,180,743,355,16,61,92,58,87,81,88,56,44,87,102,57,93,88,54,100,100,53,38,61,39,40,68,46,73,83,76,57,66,72,94,124,89
[ 28.358319] wil6210-aoa$0,1606461627.838339,04:d6:aa:c1:38:97,2,1,1,0,128,448,256,170,1,954,3,491,745,688,1004,679,83,656,715,4,161,1022,289,741,40,786,102,832,29,726,38,628,143,194,730,360,887,59,90,59,84,80,84,54,45,86,104,56,91,90,52,98,99,53,40,58,39,39,66,43,67,84,75,57,63,68,93,118,85
[ 28.384682] wil6210-aoa$0,1606461627.864695,04:d6:aa:c1:38:97,2,1,1,0,128,927,104,672,830,387,820,942,534,160,861,563,22,628,676,491,983,38,277,801,22,732,12,877,43,157,908,565,72,688,531,625,191,60,91,59,87,77,84,52,44,82,102,57,91,87,53,96,98,52,39,57,38,37,62,41,68,82,72,57,62,66,92,115,84
[ 28.417367] wil6210-aoa$0,1606461627.897381,04:d6:aa:c1:38:97,2,1,1,0,128,535,369,113,1003,965,1009,393,665,717,17,572,55,644,741,18,174,29,332,843,88,755,28,282,917,700,70,550,97,273,762,236,773,59,92,60,85,78,83,52,43,85,102,53,90,87,52,98,98,50,40,57,38,38,65,43,69,81,72,57,62,68,93,118,84
[ 28.447333] wil6210-aoa$0,1606461627.927353,04:d6:aa:c1:38:97,2,1,1,0,128,945,129,622,768,432,795,978,506,97,806,618,57,634,704,1014,150,71,325,753,35,745,63,834,11,207,875,544,69,275,752,133,642,60,93,56,85,81,84,51,45,87,102,55,88,87,53,95,94,50,40,56,38,36,62,39,64,80,68,55,58,64,91,112,81
[ 28.477188] wil6210-aoa$0,1606461627.957203,04:d6:aa:c1:38:97,2,1,1,0,128,972,127,597,786,419,824,951,505,680,1000,578,1002,109,529,416,979,475,64,225,863,254,891,872,62,712,21,583,86,675,492,834,458,60,92,60,85,78,86,54,43,86,105,54,90,88,52,98,98,50,40,57,37,37,60,41,67,80,70,55,60,63,87,112,80
[ 28.507513] wil6210-aoa$0,1606461627.987533,04:d6:aa:c1:38:97,2,1,1,0,128,934,119,154,1009,950,942,542,749,621,992,522,994,95,521,451,975,521,90,827,70,239,929,318,901,219,914,24,923,253,771,648,195,58,88,56,84,78,80,50,43,82,98,51,85,81,50,84,90,46,37,52,35,32,54,36,58,75,62,50,50,57,82,96,68
[ 28.537149] wil6210-aoa$0,1606461628.017164,04:d6:aa:c1:38:97,2,1,1,0,128,936,133,163,2,923,955,989,562,631,992,564,19,660,691,430,971,494,93,821,119,756,38,905,86,677,16,28,941,693,584,617,220,58,92,57,83,79,85,52,43,84,103,53,86,88,50,94,94,50,41,56,36,36,61,41,64,80,69,55,60,65,90,110,82
[ 28.569595] wil6210-aoa$0,1606461628.049609,04:d6:aa:c1:38:97,2,1,1,0,128,513,324,134,3,924,955,457,646,75,788,607,16,649,719,17,146,37,271,792,21,783,46,901,101,656,5,610,130,698,567,464,2,59,92,58,84,78,80,54,45,87,101,54,87,88,53,95,95,52,39,57,37,38,63,40,67,82,70,54,59,66,91,114,82
[ 28.601599] wil6210-aoa$0,1606461628.081613,04:d6:aa:c1:38:97,2,1,1,0,128,505,320,105,1004,936,1015,449,721,669,0,599,39,620,712,28,164,53,301,778,25,812,118,813,54,628,18,55,944,248,769,594,178,61,90,59,87,81,87,54,45,86,106,53,90,89,55,100,99,52,41,57,40,39,66,44,69,83,74,58,63,70,94,119,87
[ 28.632784] wil6210-aoa$0,1606461628.112805,04:d6:aa:c1:38:97,2,1,1,0,128,489,370,167,5,1021,18,450,674,650,995,683,96,657,719,977,131,75,286,811,68,870,98,832,51,683,42,560,53,198,695,459,22,61,90,58,85,79,83,51,44,85,101,55,91,86,51,93,93,50,38,54,38,35,58,40,65,79,66,55,58,63,89,107,79
[ 28.658142] wil6210-aoa$0,1606461628.138161,04:d6:aa:c1:38:97,2,1,1,0,128,1000,153,109,993,349,780,1012,543,73,797,18,869,29,482,419,947,588,132,827,84,212,900,363,967,653,19,36,936,731,551,70,813,53,76,48,72,68,73,47,39,72,89,47,77,75,46,82,84,42,35,49,33,33,53,38,60,69,63,47,52,57,80,99,73
[ 28.688462] wil6210-aoa$0,1606461628.168477,04:d6:aa:c1:38:97,2,1,1,0,128,487,335,38,960,993,990,500,725,655,0,650,55,627,684,35,185,61,315,815,85,728,48,862,25,727,34,560,107,238,749,896,369,63,92,59,85,80,86,54,45,86,107,57,90,89,53,100,97,53,41,59,40,39,65,44,71,81,73,56,63,69,94,119,86
[ 28.718096] wil6210-aoa$0,1606461628.198114,04:d6:aa:c1:38:97,2,1,1,0,128,406,260,134,1011,990,1022,482,714,89,836,614,62,686,715,4,145,41,268,826,76,798,100,862,54,702,58,599,65,257,799,806,320,55,86,54,80,73,80,49,41,79,96,49,81,79,47,89,88,46,37,52,35,34,57,35,60,73,61,48,51,58,82,94,69
[ 28.747820] wil6210-aoa$0,1606461628.227835,04:d6:aa:c1:38:97,2,1,1,0,128,533,381,81,982,973,975,461,639,667,1008,589,37,658,705,980,156,21,256,772,35,806,105,867,51,694,41,599,154,209,731,1014,496,59,91,58,85,79,84,53,44,86,103,53,87,87,53,94,96,50,40,56,39,37,63,41,67,80,71,56,60,64,90,114,81
[ 28.773907] wil6210-aoa$0,1606461628.253920,04:d6:aa:c1:38:97,2,1,1,0,128,537,383,99,983,948,973,543,732,675,1018,604,63,625,679,18,167,83,342,844,86,816,84,811,40,674,1015,659,120,290,767,16,558,62,92,60,87,81,87,54,42,86,104,55,89,88,55,99,98,53,41,61,39,38,64,44,72,82,76,57,64,70,95,117,86
[ 28.806639] wil6210-aoa$0,1606461628.286652,04:d6:aa:c1:38:97,2,1,1,0,128,500,311,168,24,985,32,491,730,667,9,615,88,636,719,983,145,32,298,812,61,788,96,911,93,707,23,638,148,227,718,2,550,59,89,57,85,77,83,52,43,85,104,52,88,87,52,92,93,49,40,56,38,36,62,40,65,79,68,55,56,64,87,105,77
[ 28.832927] wil6210-aoa$0,1606461628.312945,04:d6:aa:c1:38:97,2,1,1,0,128,445,330,90,977,960,980,449,671,124,842,46,882,630,689,993,150,49,315,804,73,798,55,898,84,743,101,563,93,232,751,383,972,61,92,57,88,79,85,56,45,83,104,56,90,86,52,98,98,53,40,61,41,39,66,44,70,84,74,58,62,68,96,119,85
[ 28.864115] wil6210-aoa$0,1606461628.344132,04:d6:aa:c1:38:97,2,1,1,0,128,969,139,106,942,466,832,423,658,665,1008,603,1017,566,644,444,982,18,268,810,73,807,89,938,129,704,54,582,103,234,749,328,912,62,91,59,86,79,86,54,44,84,102,55,91,89,53,101,98,53,42,59,39,37,64,43,67,82,73,54,60,66,90,113,81
[ 28.890232] wil6210-aoa$0,1606461628.370251,04:d6:aa:c1:38:97,2,1,1,0,128,482,306,151,1002,1007,14,514,750,681,999,607,61,606,639,34,180,105,337,838,98,710,55,319,910,712,3,647,143,279,770,980,433,61,92,57,82,79,86,53,46,84,104,54,89,88,51,94,95,51,39,55,39,35,60,40,63,79,66,54,58,62,87,107,77
[ 28.921721] wil6210-aoa$0,1606461628.401735,04:d6:aa:c1:38:97,2,1,1,0,128,489,340,101,971,955,17,462,735,696,3,601,69,634,721,972,154,1014,304,793,18,217,868,307,878,201,911,58,964,298,756,269,826,61,91,58,85,80,85,54,44,85,103,55,91,89,51,98,98,49,39,56,38,37,61,40,68,80,69,55,60,65,90,108,80
[ 28.951377] wil6210-aoa$0,1606461628.431395,04:d6:aa:c1:38:97,2,1,1,0,128,936,130,100,996,36,62,475,725,660,1012,673,80,622,736,984,137,96,333,829,93,754,49,851,48,696,36,598,89,210,729,153,674,59,90,57,85,77,81,51,44,84,101,53,87,85,52,92,94,49,40,53,37,35,59,37,63,79,70,53,57,64,90,106,76
[ 28.982344] wil6210-aoa$0,1606461628.462357,04:d6:aa:c1:38:97,2,1,1,0,128,929,104,171,14,22,1008,494,734,619,1016,623,69,46,507,476,980,53,250,755,18,824,100,862,98,723,61,592,119,232,778,365,904,59,91,58,84,79,85,52,44,86,103,53,88,85,52,95,94,51,40,58,38,35,62,41,67,80,70,56,59,66,89,110,81
[ 29.012495] wil6210-aoa$0,1606461628.492516,04:d6:aa:c1:38:97,2,1,1,0,128,989,148,137,1005,896,984,492,707,110,803,51,824,136,533,37,174,2,293,831,62,833,119,881,75,632,28,35,905,282,763,186,810,60,93,61,86,80,87,55,45,86,104,58,92,89,54,99,100,51,40,59,39,41,67,45,72,83,75,56,64,68,95,120,87
[ 29.038354] wil6210-aoa$0,1606461628.518372,04:d6:aa:c1:38:97,2,1,1,0,128,480,345,131,979,892,949,950,468,629,989,627,54,685,717,998,167,64,321,786,63,732,88,838,61,773,95,469,40,746,571,246,813,60,91,58,85,79,83,53,44,84,101,52,89,86,50,96,95,51,40,55,37,36,58,38,63,81,69,54,58,63,89,106,78
[ 29.069616] wil6210-aoa$0,1606461628.549634,04:d6:aa:c1:38:97,2,1,1,0,128,462,253,601,846,965,1004,461,687,657,998,56,885,634,701,1020,168,1020,226,807,42,214,909,885,50,737,55,599,101,246,756,598,63,59,92,57,86,79,84,55,42,88,105,55,92,86,53,99,97,53,39,59,39,36,62,41,68,84,70,56,62,66,91,116,82
[ 29.098962] wil6210-aoa$0,1606461628.578975,04:d6:aa:c1:38:97,2,1,1,0,128,481,284,165,3,972,980,473,682,640,1005,573,8,72,513,485,1006,87,342,777,45,755,32,323,904,692,25,570,88,239,751,969,491,58,91,58,83,79,82,51,44,82,101,53,87,84,50,95,95,48,39,54,35,33,56,39,61,76,65,52,51,59,87,103,73
[ 29.125102] wil6210-aoa$0,1606461628.605120,04:d6:aa:c1:38:97,2,1,1,0,128,557,357,116,1023,979,1,468,687,648,994,612,88,704,747,28,149,68,302,278,922,756,57,984,154,758,64,602,100,236,726,99,658,62,90,60,86,79,85,54,43,86,107,57,88,90,53,99,98,54,40,59,40,40,66,44,69,83,72,56,62,69,95,119,87
[ 29.152795] wil6210-aoa$0,1606461628.632810,04:d6:aa:c1:38:97,2,1,1,0,128,958,120,148,1013,410,785,1002,529,679,18,541,1012,692,726,20,155,20,340,764,65,755,58,882,88,730,40,594,128,185,701,180,729,59,91,59,86,79,85,53,45,86,106,55,90,87,52,96,96,52,39,58,38,37,63,41,66,84,71,55,62,69,92,115,83
[ 29.186279] wil6210-aoa$0,1606461628.666294,04:d6:aa:c1:38:97,2,1,1,0,128,1002,183,71,972,357,753,920,493,106,860,24,823,83,500,393,935,94,319,763,32,816,60,844,73,695,30,606,121,179,743,1019,616,61,91,57,85,79,85,54,45,87,104,54,88,88,53,99,96,52,40,58,40,38,65,42,68,82,70,54,60,66,93,115,82
[ 29.214357] wil6210-aoa$0,1606461628.694371,04:d6:aa:c1:38:97,2,1,1,0,128,465,300,136,962,22,999,422,637,633,985,619,17,677,732,990,175,42,294,791,94,772,101,829,62,676,31,610,152,275,768,649,193,61,90,59,89,79,85,54,44,86,104,54,90,89,54,98,98,51,41,58,39,38,64,41,70,81,75,55,63,69,95,120,83
[ 29.243100] wil6210-aoa$0,1606461628.723118,04:d6:aa:c1:38:97,2,1,1,0,128,451,281,124,996,917,1007,459,697,624,974,623,51,648,706,963,150,24,299,813,86,765,77,866,112,670,37,64,983,212,740,854,425,59,90,56,83,78,85,54,45,86,102,52,91,86,53,98,98,53,38,57,41,38,63,42,70,82,69,58,61,65,94,115,84
[ 29.274804] wil6210-aoa$0,1606461628.754821,04:d6:aa:c1:38:97,2,1,1,0,128,471,339,94,971,437,840,470,696,642,1012,543,10,641,716,1005,167,36,267,769,39,787,56,867,47,725,70,607,101,263,742,929,487,61,91,59,85,81,86,54,44,84,102,57,90,87,52,93,95,51,41,56,38,37,63,41,68,82,73,56,62,66,95,117,81
[ 29.304940] wil6210-aoa$0,1606461628.784953,04:d6:aa:c1:38:97,2,1,1,0,128,938,93,608,792,394,781,517,715,663,1010,571,25,631,697,964,160,988,251,785,31,747,36,312,901,671,53,544,95,256,738,231,778,60,91,58,86,80,84,53,44,87,104,55,92,88,53,98,96,51,41,61,39,37,65,44,71,83,76,57,63,70,95,120,87
[ 29.331240] wil6210-aoa$0,1606461628.811257,04:d6:aa:c1:38:97,2,1,1,0,128,519,376,105,1005,974,1001,515,744,666,1011,569,16,601,723,494,1022,110,327,794,44,778,42,889,63,683,31,648,164,231,739,725,164,60,89,58,85,76,80,52,42,83,103,55,89,85,51,92,94,48,40,55,37,34,59,37,64,78,65,53,56,59,87,105,77
[ 29.357710] wil6210-aoa$0,1606461628.837727,04:d6:aa:c1:38:97,2,1,1,0,128,464,316,608,809,363,791,1006,541,157,862,624,69,658,754,1017,169,22,313,803,52,783,33,932,90,718,80,587,100,269,779,677,253,59,91,57,84,79,82,51,44,84,102,51,86,84,51,93,92,47,39,54,37,35,60,38,64,76,66,54,56,60,87,103,76
[ 29.387109] wil6210-aoa$0,1606461628.867121,04:d6:aa:c1:38:97,2,1,1,0,128,951,92,630,818,966,948,500,733,644,8,594,27,624,670,442,951,40,290,820,59,705,14,912,98,710,45,598,123,252,737,534,93,56,87,53,81,77,83,50,42,83,99,52,85,82,50,92,92,49,38,54,38,37,60,39,66,77,68,53,58,63,88,113,81
[ 29.413809] wil6210-aoa$0,1606461628.893821,04:d6:aa:c1:38:97,2,1,1,0,128,442,305,192,19,995,1010,429,676,677,20,644,37,625,653,489,996,82,339,793,61,783,87,845,47,727,50,652,149,255,765,737,278,60,90,58,86,79,83,51,44,83,101,53,86,86,51,93,93,48,37,54,36,33,56,38,63,76,65,53,54,60,85,104,73
[ 29.447595] wil6210-aoa$0,1606461628.927607,04:d6:aa:c1:38:97,2,1,1,0,128,531,344,141,976,1001,6,490,726,621,997,598,37,652,725,1000,131,94,363,814,68,820,97,804,27,723,74,623,122,190,731,170,693,59,91,60,86,78,83,53,44,86,101,54,88,87,53,93,95,51,39,57,37,36,62,40,65,80,70,55,57,64,89,107,79
[ 29.474974] wil6210-aoa$0,1606461628.954988,04:d6:aa:c1:38:97,2,1,1,0,128,436,276,144,978,937,1009,458,710,646,1000,573,25,26,490,19,179,487,101,810,76,825,91,285,906,188,933,609,122,215,751,711,407,59,92,57,85,80,84,52,44,83,104,54,85,86,53,95,95,50,38,55,37,36,62,40,66,81,69,55,60,64,92,112,80
[ 29.509213] wil6210-aoa$0,1606461628.989227,04:d6:aa:c1:38:97,2,1,1,0,128,462,329,151,36,948,1004,404,678,675,1016,557,43,698,711,39,218,46,343,777,25,775,83,884,104,694,49,611,120,280,762,735,181,59,90,56,84,79,83,52,43,84,102,52,86,85,51,88,90,49,37,52,36,35,59,36,61,78,66,50,54,62,86,102,75
[ 29.536110] wil6210-aoa$0,1606461629.016124,04:d6:aa:c1:38:97,2,1,1,0,128,979,123,168,998,27,1021,503,730,619,996,535,11,651,685,994,175,998,269,795,67,725,42,899,105,734,79,627,124,230,757,413,950,58,91,56,85,78,83,50,43,83,105,54,87,86,51,94,93,49,38,55,37,35,58,38,65,80,67,54,57,64,89,109,80
[ 29.571682] wil6210-aoa$0,1606461629.051695,04:d6:aa:c1:38:97,2,1,1,0,128,523,314,118,999,406,787,473,687,672,1004,616,45,618,715,996,144,69,310,823,98,685,22,873,71,683,33,599,140,293,813,86,572,61,93,59,87,83,85,56,44,87,105,56,90,89,54,103,99,54,40,60,40,41,68,46,72,83,75,58,63,71,95,120,88
[ 29.598392] wil6210-aoa$0,1606461629.078405,04:d6:aa:c1:38:97,2,1,1,0,128,507,332,125,985,934,980,536,753,583,964,37,867,90,523,4,158,68,304,853,105,757,69,868,84,752,79,559,71,270,792,222,828,61,92,58,86,80,84,52,42,84,100,54,87,87,53,95,94,48,39,57,39,34,61,41,66,79,67,55,58,64,88,111,80
[ 29.631758] wil6210-aoa$0,1606461629.111771,04:d6:aa:c1:38:97,2,1,1,0,128,976,154,123,971,924,981,934,537,716,29,586,23,619,686,1000,113,30,276,273,868,772,81,787,14,146,872,18,935,243,704,716,324,60,91,58,83,78,84,53,45,85,105,54,90,87,52,98,97,52,40,55,38,39,63,41,67,82,70,57,61,68,93,115,84
[ 29.664503] wil6210-aoa$0,1606461629.144521,04:d6:aa:c1:38:97,2,1,1,0,128,481,310,167,1017,976,16,464,694,631,1007,635,57,647,719,1010,156,40,319,797,73,810,84,894,79,150,892,586,108,682,542,527,128,56,86,56,80,78,80,51,41,80,99,51,86,82,50,92,92,50,37,55,37,36,61,40,64,76,68,54,58,65,90,111,80
[ 29.694224] wil6210-aoa$0,1606461629.174237,04:d6:aa:c1:38:97,2,1,1,0,128,565,429,112,1009,928,970,414,682,652,1009,608,20,611,716,68,219,1021,280,810,93,802,118,820,36,700,21,638,114,297,795,184,656,60,90,59,86,80,86,54,44,86,106,56,90,88,54,100,96,51,39,60,39,38,63,43,69,83,72,58,62,67,92,119,85
[ 29.728336] wil6210-aoa$0,1606461629.208351,04:d6:aa:c1:38:97,2,1,1,0,128,488,330,129,1002,986,12,522,735,589,988,581,26,670,737,1006,175,13,299,824,79,743,63,879,60,717,40,37,927,663,512,412,18,60,92,57,84,80,85,51,44,84,102,52,87,84,52,90,93,51,39,55,37,36,58,40,64,79,67,53,55,63,87,107,75
[ 29.775419] wil6210-aoa$0,1606461629.255437,04:d6:aa:c1:38:97,2,1,1,0,128,546,322,136,1013,986,1018,875,488,697,25,558,42,628,712,438,979,2,278,289,923,243,919,317,925,137,848,66,936,261,754,477,984,60,89,60,86,79,86,53,44,85,103,54,91,87,51,98,99,51,40,58,40,37,63,41,71,82,71,56,60,68,94,114,84
[ 29.807467] wil6210-aoa$0,1606461629.287485,04:d6:aa:c1:38:97,2,1,1,0,128,966,81,631,774,421,799,921,498,687,992,640,61,604,698,23,155,21,295,210,854,197,886,320,914,695,52,582,88,235,726,566,115,61,89,59,84,79,85,55,46,85,103,55,90,86,52,99,96,52,39,58,39,38,63,42,69,83,72,57,61,69,93,115,85
[ 29.838170] wil6210-aoa$0,1606461629.318184,04:d6:aa:c1:38:97,2,1,1,0,128,481,294,122,983,943,999,959,582,639,1006,591,12,638,733,984,194,991,274,821,53,766,72,841,61,680,78,579,109,237,741,794,359,59,90,56,84,78,81,50,43,86,103,51,86,85,52,91,92,48,39,55,37,33,57,36,63,75,64,51,55,59,84,100,72
[ 29.872716] wil6210-aoa$0,1606461629.352732,04:d6:aa:c1:38:97,2,1,1,0,128,977,133,579,799,468,843,974,522,701,17,590,66,627,745,21,127,64,290,798,80,214,908,936,135,149,867,56,952,707,537,205,871,62,92,58,83,79,86,54,46,84,103,54,90,88,53,100,99,51,39,58,40,39,64,43,71,82,74,57,65,69,96,118,86
[ 29.902123] wil6210-aoa$0,1606461629.382141,04:d6:aa:c1:38:97,2,1,1,0,128,502,360,98,986,997,1003,506,695,644,984,13,853,114,518,984,113,96,291,259,947,830,100,858,68,721,41,584,70,231,691,530,124,58,89,56,85,78,83,51,43,85,103,53,85,83,51,91,92,48,37,55,36,35,57,39,63,76,65,53,54,59,85,103,72
[ 29.931236] wil6210-aoa$0,1606461629.411250,04:d6:aa:c1:38:97,2,1,1,0,128,927,86,146,974,1017,14,483,727,650,1005,599,24,98,520,407,972,10,260,803,42,834,76,823,57,173,892,56,946,693,524,946,538,55,86,57,83,75,81,51,41,80,97,52,85,84,51,92,92,50,36,56,36,37,61,39,64,79,71,53,59,64,89,113,80
[ 29.961621] wil6210-aoa$0,1606461629.441642,04:d6:aa:c1:38:97,2,1,1,0,128,956,132,111,976,427,832,486,714,77,794,536,1021,108,529,446,1008,518,105,285,889,791,78,827,58,709,55,555,129,224,766,331,828,57,91,56,82,76,80,51,42,85,101,52,85,80,49,88,89,45,37,53,36,32,53,35,61,76,62,52,52,58,85,100,73
[ 29.988538] wil6210-aoa$0,1606461629.468558,04:d6:aa:c1:38:97,2,1,1,0,128,462,275,70,932,412,817,911,501,103,832,612,75,76,506,9,175,1011,278,792,50,767,68,880,122,696,56,633,132,191,711,282,842,60,91,57,83,81,85,53,44,85,100,54,88,87,52,93,95,49,39,56,39,37,61,40,67,79,68,52,60,63,89,105,78
[ 30.022979] wil6210-aoa$0,1606461629.502993,04:d6:aa:c1:38:97,2,1,1,0,128,976,138,157,983,428,814,946,532,143,825,632,46,621,687,973,125,35,286,771,34,212,890,336,915,177,895,26,921,240,736,306,896,62,91,59,88,79,87,56,44,87,104,55,90,89,55,100,98,54,39,59,41,39,67,44,73,84,77,58,65,72,97,123,90
[ 30.057744] wil6210-aoa$0,1606461629.537758,04:d6:aa:c1:38:97,2,1,1,0,128,539,347,116,962,983,1003,437,676,643,1004,573,16,609,707,1016,164,63,276,236,877,232,944,320,896,129,899,552,89,264,763,222,742,59,91,58,83,77,82,50,44,83,102,52,86,84,51,91,93,48,38,56,36,36,60,40,67,81,69,55,57,64,91,107,79
[ 30.092582] wil6210-aoa$0,1606461629.572596,04:d6:aa:c1:38:97,2,1,1,0,128,951,129,142,13,1005,1002,469,719,652,997,631,40,84,479,1019,144,444,28,188,816,257,911,869,28,699,6,616,122,300,783,694,201,58,89,57,84,80,83,53,44,85,102,53,89,86,52,96,94,50,40,57,38,37,62,41,66,81,71,56,59,65,90,112,80
[ 30.119911] wil6210-aoa$0,1606461629.599928,04:d6:aa:c1:38:97,2,1,1,0,128,529,315,177,1019,953,971,501,714,92,813,32,844,94,483,480,991,58,315,812,85,758,56,780,39,720,17,608,107,217,744,562,64,60,91,56,83,78,84,53,45,86,102,55,90,87,52,93,96,48,38,56,37,36,60,39,67,79,70,54,58,66,89,108,79
[ 30.149216] wil6210-aoa$0,1606461629.629231,04:d6:aa:c1:38:97,2,1,1,0,128,490,327,79,937,397,814,537,735,602,969,618,67,661,736,1013,134,490,110,246,874,773,77,842,71,221,933,60,974,289,768,927,443,59,91,58,84,79,83,51,43,86,104,52,88,87,53,93,93,51,39,58,37,34,62,41,67,80,70,54,59,64,90,112,84
[ 30.177375] wil6210-aoa$0,1606461629.657393,04:d6:aa:c1:38:97,2,1,1,0,128,488,309,79,962,391,808,1021,538,62,799,670,68,679,701,1006,141,56,314,810,68,728,72,888,74,746,75,621,134,227,739,516,72,59,90,58,87,79,84,54,43,83,103,54,89,87,52,95,95,51,40,56,37,36,63,39,65,82,72,53,58,65,90,111,80
[ 30.221848] wil6210-aoa$0,1606461629.701868,04:d6:aa:c1:38:97,2,1,1,0,128,458,358,118,1003,961,1009,501,718,650,38,571,35,642,750,948,172,47,286,811,98,787,91,960,128,711,64,610,96,667,513,148,782,54,83,55,81,75,77,49,42,76,98,50,84,81,50,89,86,47,36,51,35,34,59,38,61,77,64,51,55,61,87,104,77
[ 30.248673] wil6210-aoa$0,1606461629.728693,04:d6:aa:c1:38:97,2,1,1,0,128,478,311,120,966,919,997,919,501,690,17,654,76,635,708,29,187,29,292,781,45,798,74,872,97,742,66,78,1001,252,726,28,707,61,91,60,85,79,87,53,45,84,104,56,90,87,56,99,99,52,39,58,39,38,64,43,69,81,75,55,61,67,93,117,86
[ 30.280237] wil6210-aoa$0,1606461629.760257,04:d6:aa:c1:38:97,2,1,1,0,128,9,157,118,970,980,1006,463,692,124,829,586,1022,606,692,421,961,564,116,800,33,836,77,863,67,717,42,49,930,250,754,158,827,59,94,57,85,80,87,53,45,84,103,55,90,86,54,100,98,52,39,58,41,37,66,43,69,82,74,58,60,67,93,117,83
[ 30.308594] wil6210-aoa$0,1606461629.788606,04:d6:aa:c1:38:97,2,1,1,0,128,501,291,223,50,964,988,506,707,640,999,574,4,636,734,1017,160,41,327,728,28,235,887,914,82,706,52,554,92,252,790,608,162,58,89,58,85,76,80,53,44,84,103,53,87,85,52,95,94,50,40,55,38,34,60,39,64,79,68,54,58,62,89,107,79
[ 30.343085] wil6210-aoa$0,1606461629.823097,04:d6:aa:c1:38:97,2,1,1,0,128,901,10,614,821,432,774,932,484,694,10,527,1017,691,747,464,973,472,101,750,39,810,103,889,57,749,90,638,130,245,733,675,184,61,90,57,86,79,84,51,45,84,101,52,89,86,51,91,92,49,39,55,37,36,60,41,64,80,68,55,56,65,88,110,81
[ 30.374758] wil6210-aoa$0,1606461629.854778,04:d6:aa:c1:38:97,2,1,1,0,128,507,272,120,958,924,970,969,519,612,1004,9,830,133,541,495,1012,53,342,761,45,723,42,307,903,170,891,112,989,241,746,175,796,57,89,55,84,76,81,52,44,84,103,51,87,83,51,93,92,48,39,54,35,34,59,38,64,77,66,53,58,64,88,106,77
[ 30.406982] wil6210-aoa$0,1606461629.886993,04:d6:aa:c1:38:97,2,1,1,0,128,474,291,145,962,955,986,517,746,631,962,584,19,631,696,1009,174,73,324,823,107,725,68,888,74,710,67,590,110,231,779,494,4,62,94,62,87,83,87,55,45,86,106,55,92,89,53,98,99,51,40,56,40,36,60,42,69,84,71,56,59,67,92,111,81
[ 30.435514] wil6210-aoa$0,1606461629.915528,04:d6:aa:c1:38:97,2,1,1,0,128,455,340,166,6,877,947,927,502,135,857,76,895,92,506,1,177,0,317,758,33,728,17,870,72,748,65,629,119,264,771,118,710,60,91,58,86,79,85,53,46,86,101,55,91,86,54,98,97,52,40,56,39,39,66,44,67,80,72,56,60,67,94,119,85
[ 30.469948] wil6210-aoa$0,1606461629.949966,04:d6:aa:c1:38:97,2,1,1,0,128,996,166,104,954,407,805,510,738,615,969,18,838,39,481,475,1011,31,300,795,63,738,55,868,65,719,46,634,121,264,739,865,391,59,92,56,84,81,85,53,45,84,102,54,89,87,53,96,96,51,41,58,37,38,62,43,67,83,71,55,59,67,89,113,82
[ 30.499803] wil6210-aoa$0,1606461629.979816,04:d6:aa:c1:38:97,2,1,1,0,128,534,377,211,49,959,999,412,679,645,1006,665,111,620,709,3,184,85,335,806,76,763,33,351,965,755,89,573,93,243,757,355,868,59,90,58,85,77,84,52,44,85,101,54,88,86,52,93,93,48,38,54,36,36,59,38,65,79,68,53,57,63,87,109,76
[ 30.537114] wil6210-aoa$0,1606461630.017133,04:d6:aa:c1:38:97,2,1,1,0,128,458,307,174,25,909,967,466,698,625,1001,60,880,94,529,997,143,64,293,813,65,761,99,910,130,733,83,605,119,172,700,551,93,53,81,52,77,68,73,46,38,73,89,46,77,77,46,86,84,45,35,52,36,33,56,37,60,71,63,49,53,60,82,99,73
[ 30.568438] wil6210-aoa$0,1606461630.048450,04:d6:aa:c1:38:97,2,1,1,0,128,449,253,104,968,363,816,497,727,108,776,570,40,606,668,502,5,476,95,823,71,763,74,894,96,738,94,598,109,211,735,609,136,60,93,56,83,79,82,53,44,85,103,52,87,85,52,94,92,50,39,55,38,36,61,39,65,79,68,54,58,64,90,106,78
[ 30.600053] wil6210-aoa$0,1606461630.080071,04:d6:aa:c1:38:97,2,1,1,0,128,429,316,611,792,479,867,458,738,607,1013,621,68,641,704,56,198,478,64,177,848,268,930,865,49,737,67,638,128,246,728,224,820,64,96,61,89,81,86,57,45,90,107,58,93,91,55,101,102,53,41,61,41,40,68,42,71,85,76,60,64,67,95,117,87
[ 30.632221] wil6210-aoa$0,1606461630.112240,04:d6:aa:c1:38:97,2,1,1,0,128,473,366,162,4,962,33,546,759,706,14,578,7,677,754,0,194,49,298,825,71,769,47,920,152,688,35,616,120,243,775,359,851,53,80,53,76,73,77,48,39,76,89,49,77,78,46,84,84,42,35,50,34,32,52,36,57,70,61,47,51,57,79,92,69
[ 30.658446] wil6210-aoa$0,1606461630.138467,04:d6:aa:c1:38:97,2,1,1,0,128,517,397,195,23,985,0,419,692,711,5,626,84,563,650,1023,169,73,296,795,48,793,87,848,70,134,862,557,71,256,751,802,293,63,92,59,88,81,88,57,45,88,107,55,94,89,56,103,102,53,42,60,41,40,68,45,71,85,76,59,64,71,98,124,89
[ 30.690861] wil6210-aoa$0,1606461630.170874,04:d6:aa:c1:38:97,2,1,1,0,128,511,359,128,1005,928,947,990,561,680,0,559,24,682,692,465,962,28,252,778,60,783,73,830,36,759,114,604,112,253,733,330,890,61,93,57,85,79,84,49,44,84,100,52,88,85,51,93,95,50,40,55,35,36,59,40,64,79,67,53,57,63,87,111,78
[ 30.723342] wil6210-aoa$0,1606461630.203359,04:d6:aa:c1:38:97,2,1,1,0,128,886,117,204,1018,932,958,443,696,625,998,550,43,63,489,464,979,482,100,267,861,227,857,345,896,172,895,58,919,721,514,934,525,51,80,53,75,72,76,48,40,74,93,48,79,76,47,85,87,44,36,50,34,31,54,35,59,70,59,48,52,55,79,95,69
[ 30.756293] wil6210-aoa$0,1606461630.236315,04:d6:aa:c1:38:97,2,1,1,0,128,460,349,111,979,994,26,414,702,638,985,607,30,684,718,989,118,87,333,779,14,796,73,877,108,764,69,577,92,221,754,416,950,57,92,55,82,77,81,49,44,84,100,53,86,83,48,89,89,47,39,52,36,34,58,37,62,76,64,53,53,62,86,102,74
[ 30.786841] wil6210-aoa$0,1606461630.266854,04:d6:aa:c1:38:97,2,1,1,0,128,555,339,548,773,453,836,439,693,630,997,1017,835,629,702,993,160,1006,242,218,856,718,14,292,854,714,24,32,939,692,521,165,749,62,88,58,86,79,88,55,45,84,103,56,88,88,54,99,97,52,40,60,40,40,66,45,72,80,72,55,62,68,92,117,84
[ 30.822575] wil6210-aoa$0,1606461630.302589,04:d6:aa:c1:38:97,2,1,1,0,128,494,285,131,980,463,875,525,740,661,9,547,15,671,687,1011,128,42,280,785,44,772,36,841,31,723,54,62,925,711,558,289,876,64,96,62,89,85,90,55,47,89,108,58,93,94,56,101,103,54,43,63,39,39,65,45,72,86,74,56,65,69,95,120,88
[ 30.857887] wil6210-aoa$0,1606461630.337907,04:d6:aa:c1:38:97,2,1,1,0,128,434,283,119,976,397,781,944,526,50,778,135,912,583,644,1022,158,13,296,253,879,240,896,875,63,757,81,566,87,221,724,630,228,60,92,59,86,80,83,52,44,86,102,54,87,86,51,92,91,48,38,56,36,35,59,39,64,79,68,53,56,60,90,106,77
[ 30.887160] wil6210-aoa$0,1606461630.367174,04:d6:aa:c1:38:97,2,1,1,0,128,513,348,149,996,979,989,501,736,681,1002,623,50,564,664,991,125,499,74,286,900,771,45,868,83,712,24,646,104,303,823,887,306,58,89,57,82,78,83,53,43,87,103,52,88,86,53,94,92,50,39,57,36,35,63,41,67,79,69,53,59,65,90,114,82
[ 30.922719] wil6210-aoa$0,1606461630.402733,04:d6:aa:c1:38:97,2,1,1,0,128,470,348,110,991,969,5,448,685,700,1,600,53,634,736,979,172,75,332,818,79,735,28,865,43,721,55,80,976,299,812,941,480,64,92,59,89,82,86,56,46,89,107,57,91,90,55,102,99,52,40,60,41,38,66,43,72,83,76,59,63,70,95,122,89
[ 30.955678] wil6210-aoa$0,1606461630.435695,04:d6:aa:c1:38:97,2,1,1,0,128,446,358,123,1011,978,1007,502,709,670,983,601,67,608,701,437,977,497,72,214,872,813,71,925,106,756,81,630,126,253,770,303,914,61,93,58,86,82,86,55,46,87,105,57,89,91,56,98,97,50,39,59,39,38,65,43,70,86,73,57,63,69,95,118,85
[ 30.991591] wil6210-aoa$0,1606461630.471606,04:d6:aa:c1:38:97,2,1,1,0,128,497,351,130,992,941,984,465,690,597,998,568,63,632,707,1021,162,11,301,804,65,748,65,894,81,699,30,582,133,201,759,426,935,59,92,59,86,81,85,55,45,87,104,55,92,88,50,99,97,52,40,56,37,38,63,41,66,82,72,55,58,66,92,113,81
[ 31.026876] wil6210-aoa$0,1606461630.506890,04:d6:aa:c1:38:97,2,1,1,0,128,552,350,116,997,949,959,479,707,623,954,586,38,599,683,982,119,71,328,784,64,801,57,864,59,761,72,625,120,304,747,445,994,61,93,59,88,80,87,52,44,88,105,54,93,88,53,98,99,53,41,59,40,39,64,45,68,83,72,56,61,67,94,120,83
[ 31.062326] wil6210-aoa$0,1606461630.542339,04:d6:aa:c1:38:97,2,1,1,0,128,982,132,154,1004,935,981,489,687,699,1001,623,32,556,616,475,990,992,230,201,868,746,30,838,48,702,55,8,951,234,729,959,545,62,94,60,87,81,85,53,45,86,105,57,87,85,52,98,96,50,39,56,38,36,62,41,68,80,68,56,60,64,91,114,81
[ 31.094685] wil6210-aoa$0,1606461630.574702,04:d6:aa:c1:38:97,2,1,1,0,128,455,277,206,1013,992,1013,428,703,663,6,612,55,632,705,979,158,20,279,805,71,794,85,896,100,715,71,598,115,259,783,115,779,60,92,58,85,80,83,52,45,84,101,54,87,84,52,94,94,46,38,56,37,35,59,38,63,76,64,53,55,63,88,107,79
[ 31.121911] wil6210-aoa$0,1606461630.601927,04:d6:aa:c1:38:97,2,1,1,0,128,949,95,125,966,996,1014,470,680,672,1013,580,36,552,626,455,970,509,85,789,63,734,51,869,54,717,11,102,977,216,732,278,901,60,91,58,85,81,85,54,43,85,105,54,88,87,53,96,94,49,39,57,39,36,61,42,65,81,71,54,59,67,92,109,80
[ 31.154892] wil6210-aoa$0,1606461630.634910,04:d6:aa:c1:38:97,2,1,1,0,128,495,321,186,41,1003,17,448,694,81,808,8,851,80,486,497,7,496,104,253,899,264,913,897,70,737,24,15,882,770,625,349,988,62,92,59,88,80,87,52,44,87,105,55,91,88,54,101,101,53,42,58,39,38,66,44,71,82,75,57,64,69,94,123,89
[ 31.181934] wil6210-aoa$0,1606461630.661951,04:d6:aa:c1:38:97,2,1,1,0,128,538,354,124,983,992,974,481,698,614,961,603,41,614,701,1019,145,446,53,788,67,699,58,812,38,674,53,567,126,257,716,129,690,60,91,57,87,78,84,50,43,84,100,53,86,85,53,92,91,50,39,54,36,36,61,39,66,79,69,50,57,64,88,109,78
[ 31.215027] wil6210-aoa$0,1606461630.695045,04:d6:aa:c1:38:97,2,1,1,0,128,924,83,154,1020,991,983,498,759,653,1023,566,41,649,717,54,182,29,254,789,61,781,78,967,116,716,64,602,94,218,710,31,581,61,90,58,84,81,85,54,44,85,102,54,91,87,53,97,96,51,40,58,39,37,65,43,69,82,74,58,63,69,92,114,85
[ 31.247476] wil6210-aoa$0,1606461630.727490,04:d6:aa:c1:38:97,2,1,1,0,128,961,139,100,993,933,991,934,475,648,1017,618,18,35,504,525,27,12,317,784,45,763,63,338,927,680,50,573,119,197,720,647,184,62,96,60,87,82,86,53,47,87,107,56,91,91,56,97,96,50,40,57,39,38,60,41,67,80,69,55,59,62,89,112,81
[ 31.280068] wil6210-aoa$0,1606461630.760085,04:d6:aa:c1:38:97,2,1,1,0,128,505,345,163,1006,982,1009,392,682,71,760,58,870,132,510,471,966,64,314,790,57,740,55,874,92,182,895,579,115,244,741,615,297,60,94,59,88,83,85,56,46,86,105,55,91,88,54,97,95,52,40,56,39,38,63,42,69,81,72,56,60,67,93,111,82
[ 31.312697] wil6210-aoa$0,1606461630.792715,04:d6:aa:c1:38:97,2,1,1,0,128,415,251,188,1006,416,780,496,712,158,846,608,38,587,676,442,979,10,274,800,42,757,36,849,67,170,885,105,990,211,741,277,795,60,93,57,86,83,84,52,43,85,103,54,89,87,51,95,95,49,38,54,37,34,60,39,64,78,68,54,58,63,90,107,80
[ 31.340542] wil6210-aoa$0,1606461630.820560,04:d6:aa:c1:38:97,2,1,1,0,128,462,309,43,935,442,813,1005,553,86,835,535,4,64,511,1007,169,1022,282,823,73,791,96,931,107,719,68,554,84,282,756,476,37,63,94,60,87,80,85,54,43,86,106,55,89,90,53,98,98,52,40,58,38,39,65,42,70,82,72,56,62,67,94,116,85
[ 31.373561] wil6210-aoa$0,1606461630.853579,04:d6:aa:c1:38:97,2,1,1,0,128,466,297,606,811,430,783,928,499,64,786,31,856,142,535,389,975,553,147,190,821,263,930,284,901,211,923,85,966,232,762,371,982,61,93,58,86,80,86,53,46,86,103,56,91,89,54,98,99,50,40,59,40,38,64,41,68,84,73,55,63,68,95,116,85
[ 31.403918] wil6210-aoa$0,1606461630.883932,04:d6:aa:c1:38:97,2,1,1,0,128,463,323,183,7,909,1001,471,721,577,986,585,20,633,726,969,167,9,275,271,924,794,102,869,60,773,101,572,123,287,759,703,210,61,91,59,86,81,87,53,45,84,105,54,91,90,54,96,99,52,40,58,39,37,64,44,71,83,76,55,63,69,95,119,88
[ 31.451611] wil6210-aoa$0,1606461630.931625,04:d6:aa:c1:38:97,2,1,1,0,128,484,335,106,991,18,31,483,752,668,998,645,57,591,681,1017,172,58,321,749,23,808,113,837,103,745,77,581,77,201,693,219,809,58,91,56,83,77,82,52,43,84,103,53,90,85,52,91,95,48,37,55,39,35,61,39,66,77,67,54,58,62,88,109,80
[ 31.486138] wil6210-aoa$0,1606461630.966158,04:d6:aa:c1:38:97,2,1,1,0,128,980,108,579,794,438,829,465,745,653,992,542,986,68,516,1003,174,1022,279,804,83,753,52,807,26,710,32,63,903,293,737,189,816,62,92,59,86,80,86,54,42,86,104,56,92,88,54,98,97,51,40,58,39,40,67,44,70,82,74,57,64,69,93,121,86
[ 31.517664] wil6210-aoa$0,1606461630.997676,04:d6:aa:c1:38:97,2,1,1,0,128,454,301,99,947,953,952,448,708,659,1016,572,35,559,637,1002,145,116,360,754,43,750,65,912,83,782,106,606,163,206,757,370,878,56,88,56,83,76,80,50,42,80,97,53,85,83,50,91,91,49,37,54,33,34,57,39,63,75,67,52,56,62,86,106,77
[ 31.546664] wil6210-aoa$0,1606461631.026676,04:d6:aa:c1:38:97,2,1,1,0,128,411,304,87,946,416,840,525,759,606,995,577,9,622,694,3,127,52,302,798,43,247,921,334,911,196,932,556,91,756,568,485,65,60,91,59,87,79,85,51,44,86,105,51,87,87,52,95,94,49,39,56,38,37,62,40,67,80,71,54,59,65,92,110,80
[ 31.583176] wil6210-aoa$0,1606461631.063193,04:d6:aa:c1:38:97,2,1,1,0,128,933,140,558,763,412,795,474,716,642,997,641,87,658,735,1017,157,86,334,829,58,802,117,907,87,692,48,54,940,733,592,1021,530,63,93,61,89,82,88,57,47,87,106,55,94,91,55,104,104,55,43,61,41,40,68,44,74,86,76,56,65,71,97,121,88
[ 31.611338] wil6210-aoa$0,1606461631.091354,04:d6:aa:c1:38:97,2,1,1,0,128,485,331,136,1,948,938,914,480,691,1022,582,43,594,724,923,114,75,306,766,13,236,917,279,873,730,73,591,103,271,765,161,647,63,95,61,88,81,89,56,46,88,104,57,92,92,55,101,99,51,41,59,40,40,67,45,72,84,76,56,63,71,94,121,89
[ 31.644276] wil6210-aoa$0,1606461631.124290,04:d6:aa:c1:38:97,2,1,1,0,128,438,311,190,13,953,995,544,778,650,984,599,44,579,697,413,965,44,281,759,27,785,49,888,105,684,79,638,131,214,718,294,793,60,92,56,81,77,81,53,41,84,101,54,86,84,53,94,93,50,38,57,38,37,63,41,67,82,71,54,62,65,91,114,84
[ 31.680277] wil6210-aoa$0,1606461631.160290,04:d6:aa:c1:38:97,2,1,1,0,128,452,282,111,950,415,806,951,496,653,1011,636,47,691,765,977,130,36,328,758,52,245,934,876,109,801,115,573,94,260,767,970,525,60,94,59,84,82,84,52,46,86,102,52,86,84,52,88,90,48,40,51,35,34,54,36,59,75,63,50,54,57,84,96,69
[ 31.714070] wil6210-aoa$0,1606461631.194087,04:d6:aa:c1:38:97,2,1,1,0,128,487,339,147,978,879,973,478,722,673,1002,627,46,568,678,999,151,33,274,797,65,818,93,874,73,693,49,558,80,277,759,57,545,60,92,57,85,78,81,51,42,83,100,50,83,83,47,88,89,45,38,50,37,33,54,35,58,74,62,49,51,59,81,92,68
[ 31.741608] wil6210-aoa$0,1606461631.221625,04:d6:aa:c1:38:97,2,1,1,0,128,438,317,118,1000,957,1005,469,717,664,7,614,71,651,719,75,187,28,287,777,58,786,87,847,79,768,50,631,117,249,796,605,137,60,92,58,85,81,84,54,45,86,106,52,89,88,54,98,95,50,39,58,39,36,61,41,67,81,71,56,61,64,90,111,81
[ 31.769840] wil6210-aoa$0,1606461631.249857,04:d6:aa:c1:38:97,2,1,1,0,128,504,324,138,34,992,1005,529,762,640,994,647,85,622,678,1,190,95,349,844,89,722,63,845,47,801,119,577,90,356,782,7,492,59,90,59,86,81,85,56,45,85,105,55,90,89,53,100,99,53,41,58,40,38,65,43,70,84,73,58,63,67,92,117,86
[ 31.801071] wil6210-aoa$0,1606461631.281084,04:d6:aa:c1:38:97,2,1,1,0,128,921,125,82,956,944,928,992,525,66,791,523,1018,670,728,995,125,73,358,754,39,761,75,866,74,691,42,596,104,273,758,698,332,60,92,58,86,79,85,55,44,87,103,55,91,88,55,96,95,52,39,57,39,37,63,42,68,80,70,56,60,64,91,110,83
[ 31.829813] wil6210-aoa$0,1606461631.309830,04:d6:aa:c1:38:97,2,1,1,0,128,992,128,647,807,982,1012,512,730,657,0,17,857,85,518,436,986,532,114,837,90,216,886,863,55,668,1005,67,958,266,732,334,998,61,92,58,84,80,87,54,46,88,103,52,90,88,54,92,95,51,39,58,38,36,63,41,66,80,69,54,56,64,91,111,82
[ 31.860911] wil6210-aoa$0,1606461631.340924,04:d6:aa:c1:38:97,2,1,1,0,128,469,364,137,1018,994,16,540,754,712,38,601,30,656,692,1004,191,19,311,773,28,730,1023,876,65,720,33,577,77,247,731,8,543,61,92,58,86,79,84,56,45,86,104,54,88,87,54,98,97,53,39,57,39,36,62,42,67,83,72,58,61,67,93,115,83
[ 31.904561] wil6210-aoa$0,1606461631.384578,04:d6:aa:c1:38:97,2,1,1,0,128,572,372,105,1011,946,14,472,736,734,45,565,84,571,684,30,169,33,341,808,87,757,72,900,100,744,63,598,99,237,693,680,233,60,92,58,86,79,85,53,45,87,104,56,90,88,55,98,98,52,40,59,39,38,65,43,71,81,73,56,62,67,94,115,83
[ 31.932989] wil6210-aoa$0,1606461631.413002,04:d6:aa:c1:38:97,2,1,1,0,128,988,147,182,990,993,20,463,658,656,969,624,80,604,667,28,176,18,305,785,82,767,80,818,17,138,885,571,91,737,568,936,568,61,91,58,84,81,86,54,44,87,104,54,89,86,51,96,96,51,39,54,38,36,63,41,66,82,73,54,60,66,94,115,83
[ 31.964668] wil6210-aoa$0,1606461631.444684,04:d6:aa:c1:38:97,2,1,1,0,128,469,299,75,955,994,8,470,679,717,43,604,54,606,666,1006,161,1005,226,752,45,749,24,902,86,743,78,575,128,246,788,865,434,60,91,59,86,80,84,54,44,88,105,54,91,89,52,96,95,52,39,56,39,37,63,41,66,81,71,56,62,67,94,113,83
[ 31.992966] wil6210-aoa$0,1606461631.472979,04:d6:aa:c1:38:97,2,1,1,0,128,504,347,107,979,1017,33,509,728,668,999,608,47,654,720,1000,138,48,298,779,62,773,66,876,50,182,908,605,88,255,743,671,247,58,91,55,82,79,82,51,42,83,101,52,86,81,50,90,89,49,36,52,37,34,56,37,61,77,63,51,53,60,82,98,72
[ 32.025631] wil6210-aoa$0,1606461631.505648,04:d6:aa:c1:38:97,2,1,1,0,128,916,57,132,968,429,799,935,535,683,1016,610,72,650,716,935,132,7,241,775,49,706,33,879,115,685,39,1018,941,750,599,612,197,53,78,52,77,70,74,47,40,74,89,48,77,78,47,85,85,44,34,49,34,33,56,37,59,69,64,48,55,58,81,103,75
[ 32.053953] wil6210-aoa$0,1606461631.533972,04:d6:aa:c1:38:97,2,1,1,0,128,523,351,87,971,952,13,507,726,99,818,681,109,572,699,1019,173,1,270,284,925,201,892,316,886,253,931,594,117,211,731,64,648,55,81,52,75,70,75,48,41,76,90,47,78,77,47,85,86,45,35,50,34,33,55,35,60,71,62,49,54,57,81,100,71
[ 32.084690] wil6210-aoa$0,1606461631.564704,04:d6:aa:c1:38:97,2,1,1,0,128,514,363,109,977,987,0,429,684,665,1023,590,17,624,739,6,175,62,346,800,76,728,61,909,125,743,68,588,112,243,729,251,874,58,90,56,84,77,81,50,43,82,101,55,85,84,52,90,90,48,36,53,36,34,59,40,65,76,68,51,58,63,89,108,80
[ 32.121560] wil6210-aoa$0,1606461631.601574,04:d6:aa:c1:38:97,2,1,1,0,128,1002,145,93,965,949,984,965,532,96,800,599,24,603,661,8,171,18,299,906,154,679,17,865,64,643,1011,102,988,238,750,820,390,62,93,60,86,81,85,55,45,88,106,55,93,89,54,99,98,54,41,60,39,38,66,43,71,84,76,57,64,70,97,120,88
[ 32.153801] wil6210-aoa$0,1606461631.633821,04:d6:aa:c1:38:97,2,1,1,0,128,487,337,149,17,999,1013,512,733,678,986,620,56,599,712,1003,144,73,311,781,25,786,106,866,77,743,70,556,86,255,748,596,116,57,87,55,81,77,79,51,43,81,99,49,85,84,49,89,90,47,37,52,36,32,56,37,61,72,62,51,54,58,85,104,75
[ 32.184491] wil6210-aoa$0,1606461631.664504,04:d6:aa:c1:38:97,2,1,1,0,128,953,111,605,828,952,3,473,714,640,969,574,19,624,673,1023,171,994,262,783,85,785,92,876,78,722,52,583,91,216,747,822,394,62,91,58,85,81,85,53,44,87,104,54,88,89,53,98,98,50,40,56,38,36,62,41,68,81,70,56,61,66,90,112,84
[ 32.220780] wil6210-aoa$0,1606461631.700798,04:d6:aa:c1:38:97,2,1,1,0,128,521,375,52,939,16,998,425,681,634,992,643,59,632,672,439,1009,65,294,848,79,805,92,893,90,137,839,581,77,254,715,607,132,59,90,59,86,80,86,52,44,85,103,55,89,87,52,95,94,50,39,55,38,35,61,40,66,78,69,53,59,63,91,108,79
[ 32.249151] wil6210-aoa$0,1606461631.729172,04:d6:aa:c1:38:97,2,1,1,0,128,488,338,97,970,978,1012,447,723,658,7,567,29,630,717,418,936,528,131,824,82,727,33,803,15,226,915,617,106,204,696,97,642,60,94,60,86,80,86,54,43,86,103,54,92,87,53,99,97,49,40,58,39,36,62,40,67,81,70,56,58,67,91,112,81
[ 32.283271] wil6210-aoa$0,1606461631.763286,04:d6:aa:c1:38:97,2,1,1,0,128,476,344,108,980,947,983,454,680,683,1014,82,872,110,553,955,139,40,317,829,45,215,917,316,909,771,88,518,42,757,552,794,404,60,90,57,86,80,85,53,46,84,104,56,90,89,54,99,98,52,41,59,39,37,64,44,70,82,74,57,63,69,95,121,88
[ 32.320110] wil6210-aoa$0,1606461631.800125,04:d6:aa:c1:38:97,2,1,1,0,128,442,323,126,0,26,31,486,708,670,21,608,42,614,687,42,148,62,308,809,80,754,61,799,15,155,867,567,60,232,718,455,68,60,91,57,83,79,84,52,44,85,97,53,85,85,53,92,93,50,39,54,36,35,60,39,62,79,68,53,57,64,90,105,78
[ 32.347896] wil6210-aoa$0,1606461631.827917,04:d6:aa:c1:38:97,2,1,1,0,128,486,307,132,1004,998,1007,480,717,82,799,631,54,63,479,446,959,524,104,769,32,210,889,282,890,190,914,611,131,243,777,427,984,60,92,59,86,81,85,53,44,85,101,56,89,90,54,97,96,52,39,59,39,38,64,43,70,84,72,57,62,67,92,117,84
[ 32.380650] wil6210-aoa$0,1606461631.860664,04:d6:aa:c1:38:97,2,1,1,0,128,936,83,136,984,982,976,510,671,640,998,47,864,113,551,0,164,17,276,803,30,800,93,924,97,739,49,505,83,209,690,457,101,61,91,58,85,82,86,55,44,87,104,58,91,87,54,96,96,52,40,56,38,37,61,39,67,79,67,55,59,64,90,110,82
[ 32.410538] wil6210-aoa$0,1606461631.890553,04:d6:aa:c1:38:97,2,1,1,0,128,953,139,614,842,998,1004,496,721,681,1002,595,42,639,688,976,159,43,299,772,60,740,54,889,90,667,28,686,143,202,753,802,359,58,90,55,83,76,80,51,42,82,100,51,86,84,50,89,88,47,37,53,37,34,57,38,62,74,64,51,55,57,83,97,75
[ 32.447731] wil6210-aoa$0,1606461631.927752,04:d6:aa:c1:38:97,2,1,1,0,128,471,281,137,984,927,1010,897,522,83,829,634,47,36,484,494,1009,11,300,801,98,786,106,893,46,723,58,583,115,262,755,961,525,53,77,51,72,69,73,47,39,73,88,49,77,77,47,87,84,45,35,51,34,32,55,37,58,70,63,47,54,59,81,97,72
[ 32.478790] wil6210-aoa$0,1606461631.958804,04:d6:aa:c1:38:97,2,1,1,0,128,910,96,183,971,381,791,491,700,644,1012,562,13,625,691,989,106,48,318,768,64,781,103,812,66,735,99,551,81,226,718,963,581,53,83,54,79,74,77,50,42,79,95,50,82,79,49,90,90,47,36,55,35,34,59,37,61,74,66,51,57,61,84,105,77
[ 32.514156] wil6210-aoa$0,1606461631.994176,04:d6:aa:c1:38:97,2,1,1,0,128,509,309,116,954,992,1001,460,713,654,977,560,1019,41,446,511,11,51,362,744,24,802,94,882,117,696,45,657,136,208,751,270,842,59,88,57,83,76,81,51,42,84,102,51,87,84,51,96,95,51,39,55,37,37,64,40,70,79,71,55,60,65,92,116,84
[ 32.547165] wil6210-aoa$0,1606461632.027178,04:d6:aa:c1:38:97,2,1,1,0,128,492,321,124,978,380,783,890,467,80,811,75,894,630,702,419,980,109,347,752,17,745,67,828,56,144,877,3,914,274,763,467,12,62,93,59,88,80,87,56,45,88,103,57,90,90,55,100,100,52,39,59,40,41,67,43,70,84,76,56,63,68,95,118,87
[ 32.581028] wil6210-aoa$0,1606461632.061048,04:d6:aa:c1:38:97,2,1,1,0,128,554,332,96,949,918,989,501,735,684,1008,574,53,616,690,442,991,13,305,802,63,746,11,822,49,735,73,642,151,262,794,741,270,58,91,58,85,78,84,54,45,86,104,55,90,87,52,94,95,51,40,55,39,35,63,40,66,82,70,55,58,64,92,111,76
[ 32.614963] wil6210-aoa$0,1606461632.094983,04:d6:aa:c1:38:97,2,1,1,0,128,414,289,156,980,929,984,435,690,167,884,642,64,640,722,4,178,1002,264,737,27,761,50,268,863,724,47,998,904,258,742,556,71,60,91,58,88,80,85,54,45,86,103,54,89,87,54,95,95,50,39,58,39,36,65,40,68,81,68,56,59,65,94,112,83
[ 32.647605] wil6210-aoa$0,1606461632.127619,04:d6:aa:c1:38:97,2,1,1,0,128,448,300,121,978,394,752,1022,542,674,1012,600,36,604,662,1010,146,23,292,216,874,192,860,331,910,190,890,581,100,180,686,1001,554,60,92,57,84,81,85,52,44,84,104,53,90,86,53,93,94,49,41,55,38,36,60,40,64,79,69,54,56,64,90,109,77
[ 32.682765] wil6210-aoa$0,1606461632.162783,04:d6:aa:c1:38:97,2,1,1,0,128,896,40,183,992,365,771,1005,542,682,21,598,3,1017,492,471,1002,507,94,269,903,198,891,831,67,184,939,538,120,704,559,974,657,60,92,57,84,80,84,52,43,84,103,52,88,86,52,92,94,47,38,56,36,35,59,39,64,79,69,54,59,63,89,111,81
[ 32.711835] wil6210-aoa$0,1606461632.191856,04:d6:aa:c1:38:97,2,1,1,0,128,473,318,114,949,929,1022,450,739,617,976,609,63,568,665,483,1011,91,350,763,46,778,96,847,63,745,85,562,128,250,763,534,124,57,92,56,80,78,81,52,43,84,98,53,86,84,51,86,91,46,37,53,35,32,53,35,58,75,60,51,51,57,84,92,69
[ 32.740656] wil6210-aoa$0,1606461632.220676,04:d6:aa:c1:38:97,2,1,1,0,128,484,285,123,959,909,975,471,703,92,809,41,897,632,713,988,111,40,278,220,882,240,922,343,914,716,62,41,968,669,526,470,134,61,91,58,85,80,86,56,46,87,102,56,92,89,53,99,98,55,41,59,41,39,66,44,71,82,75,58,64,70,95,123,88
[ 32.773448] wil6210-aoa$0,1606461632.253462,04:d6:aa:c1:38:97,2,1,1,0,128,546,350,154,1004,922,1000,479,692,688,1003,598,23,643,704,7,177,98,336,815,94,791,71,867,59,739,86,639,122,294,775,457,1013,60,89,57,84,79,85,54,44,86,103,56,89,87,52,99,96,49,39,58,40,39,61,43,68,81,73,56,62,66,91,115,83
[ 32.811212] wil6210-aoa$0,1606461632.291225,04:d6:aa:c1:38:97,2,1,1,0,128,495,327,81,954,968,965,947,493,95,777,35,867,656,720,962,110,520,78,793,43,768,76,865,68,727,69,591,132,256,774,542,130,61,95,57,86,81,86,54,44,87,105,57,93,91,54,99,99,54,41,59,40,39,66,42,70,83,74,58,61,69,94,117,86
[ 32.846350] wil6210-aoa$0,1606461632.326371,04:d6:aa:c1:38:97,2,1,1,0,128,461,306,168,1015,956,984,439,680,634,993,628,42,654,743,999,176,66,276,824,109,780,130,857,111,711,34,659,187,263,772,92,651,62,96,58,87,81,85,53,45,88,103,55,92,88,53,95,97,51,40,58,37,37,63,41,68,81,70,55,59,66,93,110,78
[ 32.881635] wil6210-aoa$0,1606461632.361650,04:d6:aa:c1:38:97,2,1,1,0,128,526,394,93,14,944,1020,535,789,656,24,625,68,57,484,520,7,40,288,795,73,781,105,889,71,720,44,28,895,780,578,751,255,61,91,56,85,80,84,51,43,86,101,53,85,88,53,96,96,51,39,58,38,37,61,41,68,79,69,53,59,64,91,111,79
[ 32.913950] wil6210-aoa$0,1606461632.393970,04:d6:aa:c1:38:97,2,1,1,0,128,486,285,135,988,976,978,960,502,638,988,558,1004,669,714,3,185,19,297,744,19,745,37,315,903,131,880,598,109,244,757,431,1005,57,88,57,82,76,81,52,42,79,97,50,83,82,50,85,88,48,37,50,34,32,55,35,59,74,62,48,50,55,83,91,68
[ 32.943021] wil6210-aoa$0,1606461632.423040,04:d6:aa:c1:38:97,2,1,1,0,128,462,288,164,984,931,967,525,749,613,990,635,78,594,715,15,197,13,293,811,76,812,126,834,74,721,72,625,148,236,736,76,546,62,94,56,85,81,87,56,44,87,105,55,89,88,53,97,96,49,40,56,38,36,62,41,66,81,69,54,59,64,89,108,81
[ 32.971930] wil6210-aoa$0,1606461632.451950,04:d6:aa:c1:38:97,2,1,1,0,128,470,305,594,816,962,1005,444,657,103,847,584,21,71,540,30,202,10,287,837,91,211,917,855,60,735,53,17,921,698,514,128,727,59,91,58,84,80,83,51,42,83,103,54,85,83,51,93,92,49,38,54,36,34,59,39,61,79,66,54,55,62,86,107,76
[ 33.003730] wil6210-aoa$0,1606461632.483743,04:d6:aa:c1:38:97,2,1,1,0,128,538,367,115,965,983,996,504,677,688,9,626,25,683,734,944,93,75,288,840,99,769,72,859,62,695,7,577,82,174,710,751,275,59,89,56,85,78,84,52,43,83,102,54,88,87,51,92,96,48,38,56,36,36,61,40,65,81,67,52,56,63,87,105,76
[ 33.041174] wil6210-aoa$0,1606461632.521185,04:d6:aa:c1:38:97,2,1,1,0,128,400,296,139,3,968,1013,535,754,681,4,602,53,603,691,1023,189,91,338,790,86,755,52,882,99,679,42,643,138,264,789,829,386,62,91,60,86,79,83,54,46,85,104,55,89,88,53,100,99,53,40,58,40,38,66,44,70,84,73,56,64,68,95,119,86
[ 33.070559] wil6210-aoa$0,1606461632.550579,04:d6:aa:c1:38:97,2,1,1,0,128,470,301,109,1006,933,980,550,760,596,980,605,52,634,707,1023,167,985,249,784,18,747,72,858,61,729,70,631,162,231,767,76,642,59,91,57,84,79,84,51,44,86,103,54,87,87,52,90,93,50,40,53,37,36,60,38,64,79,68,53,57,62,89,104,77
[ 33.105504] wil6210-aoa$0,1606461632.585518,04:d6:aa:c1:38:97,2,1,1,0,128,496,324,159,25,914,981,504,726,683,1014,569,12,601,717,1001,175,97,366,847,82,750,79,937,103,729,70,600,110,342,851,554,83,59,90,57,82,81,84,51,44,84,104,54,87,87,51,98,97,50,40,59,39,36,63,42,66,80,71,56,60,66,91,112,83
[ 33.143500] wil6210-aoa$0,1606461632.623513,04:d6:aa:c1:38:97,2,1,1,0,128,486,327,202,51,953,1007,465,739,622,957,568,1009,621,707,1003,179,48,305,853,98,796,79,910,98,746,47,641,141,215,734,509,920,60,91,55,85,78,83,52,42,83,104,52,88,86,53,94,97,50,40,54,37,35,59,41,67,78,68,55,60,63,87,109,80
[ 33.174533] wil6210-aoa$0,1606461632.654547,04:d6:aa:c1:38:97,2,1,1,0,128,977,141,101,981,1018,1006,441,662,152,803,74,884,76,518,458,969,56,311,773,6,827,66,870,56,660,23,544,55,265,754,104,685,56,87,56,84,79,83,51,44,83,102,53,85,83,49,94,93,48,39,54,35,35,60,40,63,79,67,52,54,61,86,102,71
[ 33.220501] wil6210-aoa$0,1606461632.700521,04:d6:aa:c1:38:97,2,1,1,0,128,435,282,109,984,970,986,492,739,671,13,559,28,560,653,962,92,1020,240,297,912,211,896,886,100,152,907,63,954,289,746,225,800,53,79,50,72,69,74,47,38,73,89,47,76,75,46,83,84,43,34,50,34,33,53,35,60,71,62,49,53,58,78,95,70
[ 33.254335] wil6210-aoa$0,1606461632.734352,04:d6:aa:c1:38:97,2,1,1,0,128,439,275,136,5,1006,1003,505,730,696,44,552,7,584,696,40,188,1008,251,779,16,780,71,898,90,704,20,590,127,196,744,231,748,63,94,60,89,81,87,56,46,87,104,55,90,87,54,97,99,52,42,57,40,38,66,43,68,83,73,57,62,67,95,119,82
[ 33.287308] wil6210-aoa$0,1606461632.767320,04:d6:aa:c1:38:97,2,1,1,0,128,974,108,610,819,995,994,946,519,643,975,600,37,602,653,983,121,561,127,199,835,178,857,383,941,726,44,615,105,241,753,990,592,53,79,53,77,71,77,47,40,74,92,49,79,77,47,86,84,45,35,49,35,34,56,38,60,72,64,47,54,59,80,102,71
[ 33.318855] wil6210-aoa$0,1606461632.798868,04:d6:aa:c1:38:97,2,1,1,0,128,427,323,156,8,904,983,501,733,604,942,619,52,643,698,992,140,1,292,225,879,267,949,870,106,715,96,591,138,222,734,970,498,65,95,61,88,81,88,57,46,87,106,58,93,90,56,100,101,53,43,62,41,40,68,46,75,85,75,59,67,71,97,122,91
[ 33.357125] wil6210-aoa$0,1606461632.837146,04:d6:aa:c1:38:97,2,1,1,0,128,507,312,104,996,991,1002,897,491,94,814,623,18,624,681,34,199,46,343,780,79,741,52,840,20,709,61,594,85,279,780,623,155,63,94,59,89,81,87,56,46,89,105,57,92,89,55,99,100,51,39,60,40,39,64,44,71,83,74,59,63,70,94,120,87
[ 33.389071] wil6210-aoa$0,1606461632.869085,04:d6:aa:c1:38:97,2,1,1,0,128,544,350,200,1022,958,996,489,678,676,1,576,4,657,702,472,956,103,322,852,116,752,75,876,64,141,885,6,908,717,570,956,548,60,90,59,88,80,86,53,45,87,105,55,91,89,55,97,97,50,40,58,37,38,62,41,68,80,71,57,58,66,91,114,81
[ 33.420250] wil6210-aoa$0,1606461632.900265,04:d6:aa:c1:38:97,2,1,1,0,128,969,144,127,996,968,1016,533,760,644,22,544,5,602,699,498,1022,16,288,224,859,241,912,296,890,182,888,30,934,708,552,498,60,60,91,59,86,78,84,49,42,85,98,54,86,85,51,92,92,48,37,55,39,34,58,39,63,77,66,52,56,62,87,101,75
[ 33.453451] wil6210-aoa$0,1606461632.933470,04:d6:aa:c1:38:97,2,1,1,0,128,510,364,151,999,989,1005,445,703,702,1023,683,77,627,686,7,145,91,357,801,38,785,39,861,48,717,59,583,74,212,743,430,1013,61,92,58,87,79,85,53,44,86,103,55,89,90,53,97,97,50,41,56,39,37,60,41,68,83,73,54,59,67,93,115,83
