
[ 26.199382] wil6210-aoa$0,1606461625.821473,04:d6:aa:c1:38:97,2,1,1,0,128,271,1002,888,850,939,989,491,493,83,304,966,130,797,990,204,439,877,962,499,946,683,1006,720,1022,603,71,1010,199,272,969,361,94,68,115,108,117,87,84,67,52,107,104,82,41,67,69,126,73,88,71,69,68,42,55,51,58,99,58,63,56,58,91,84,95
[ 26.231348] wil6210-aoa$0,1606461625.853440,04:d6:aa:c1:38:97,2,1,1,0,128,350,999,776,787,971,1000,379,474,34,272,900,126,803,982,179,453,881,998,440,884,659,11,692,1017,48,273,977,193,299,984,379,108,69,113,107,117,89,87,66,51,106,104,82,43,71,69,124,74,89,72,70,67,46,60,53,62,102,63,66,60,62,94,96,103
[ 26.259840] wil6210-aoa$0,1606461625.881934,04:d6:aa:c1:38:97,2,1,1,0,128,297,988,819,786,957,973,854,253,65,278,1,222,757,993,135,432,911,1018,413,878,679,18,731,5,160,346,1004,223,307,995,623,288,71,117,112,122,91,91,70,53,106,112,85,42,70,67,128,75,90,70,72,66,46,56,51,60,102,61,65,57,56,90,88,96
[ 26.285929] wil6210-aoa$0,1606461625.908025,04:d6:aa:c1:38:97,2,1,1,0,128,376,1021,843,801,425,822,475,527,32,278,984,123,792,996,157,399,948,1013,442,925,678,44,765,42,26,241,979,206,235,954,840,656,65,105,103,112,84,82,59,47,100,96,73,35,62,60,114,65,80,64,63,58,40,48,47,53,89,52,59,52,50,79,79,86
[ 26.311767] wil6210-aoa$0,1606461625.933862,04:d6:aa:c1:38:97,2,1,1,0,128,305,986,846,813,967,1002,855,243,38,290,902,125,752,975,191,444,938,5,489,944,678,10,741,24,85,240,959,179,325,1020,60,796,70,119,109,120,90,89,63,52,103,104,80,35,65,64,121,70,83,71,68,63,41,50,47,54,97,52,59,53,52,78,75,84
[ 26.340848] wil6210-aoa$0,1606461625.962942,04:d6:aa:c1:38:97,2,1,1,0,128,301,990,860,837,966,981,875,274,527,30,498,1023,816,0,160,430,954,1002,451,885,644,996,718,998,504,38,507,24,317,960,205,977,71,119,109,120,93,90,69,53,105,106,83,41,70,70,128,72,87,73,71,67,46,56,54,61,102,61,67,59,62,90,91,100
[ 26.367338] wil6210-aoa$0,1606461625.989434,04:d6:aa:c1:38:97,2,1,1,0,128,380,8,785,767,395,796,433,469,12,226,333,937,220,797,676,209,887,993,900,703,643,1011,763,23,90,256,997,221,251,935,530,325,64,104,102,111,81,81,61,48,95,96,74,36,64,63,117,67,83,65,63,60,40,50,45,51,92,54,59,49,53,79,82,84
[ 26.391233] wil6210-aoa$0,1606461626.013326,04:d6:aa:c1:38:97,2,1,1,0,128,739,771,314,620,417,827,845,249,555,70,927,129,774,975,579,180,345,808,883,674,108,830,193,827,535,69,496,65,294,974,630,414,71,117,110,121,92,90,70,55,109,106,85,43,71,69,129,75,93,73,71,67,47,57,54,61,102,62,70,60,58,94,96,102
[ 26.422933] wil6210-aoa$0,1606461626.045027,04:d6:aa:c1:38:97,2,1,1,0,128,315,1,819,792,399,801,902,318,525,68,969,145,779,965,164,409,955,4,440,896,624,941,207,842,555,94,949,167,301,972,1001,801,69,118,111,123,90,87,66,53,106,103,83,39,67,65,122,69,87,69,68,63,43,52,49,57,98,56,61,54,54,88,84,92
[ 26.453268] wil6210-aoa$0,1606461626.075336,04:d6:aa:c1:38:97,2,1,1,0,128,333,994,890,803,962,6,396,453,45,268,357,935,228,787,607,201,950,951,469,902,160,843,159,810,582,85,30,190,320,990,144,887,72,118,114,122,91,93,70,56,108,107,86,45,71,70,132,77,93,75,73,67,46,61,55,62,105,64,69,63,64,95,98,101
[ 26.483921] wil6210-aoa$0,1606461626.106018,04:d6:aa:c1:38:97,2,1,1,0,128,289,979,783,771,970,1005,402,450,1018,238,963,144,784,1008,163,436,866,948,464,922,130,837,766,43,504,32,996,195,304,960,437,222,71,118,112,123,91,93,70,54,105,109,87,44,70,70,129,77,89,71,70,66,44,55,52,61,102,57,66,60,59,90,90,98
[ 26.512305] wil6210-aoa$0,1606461626.134398,04:d6:aa:c1:38:97,2,1,1,0,128,341,1002,906,846,960,998,473,479,1018,243,944,151,732,961,652,209,912,967,509,944,671,20,760,26,70,278,975,197,295,986,96,784,72,116,113,120,90,91,66,52,109,109,80,38,69,68,127,74,88,71,70,64,43,52,49,55,96,53,62,55,53,83,83,90
[ 26.539570] wil6210-aoa$0,1606461626.161668,04:d6:aa:c1:38:97,2,1,1,0,128,374,27,918,858,992,1020,341,455,14,286,967,127,802,2,577,202,996,19,511,956,696,55,771,53,60,245,973,188,286,952,338,77,73,117,112,121,93,92,70,56,110,111,86,46,72,71,132,76,94,74,73,70,47,59,54,62,106,65,69,62,64,95,98,104
[ 26.563326] wil6210-aoa$0,1606461626.185419,04:d6:aa:c1:38:97,2,1,1,0,128,327,1004,860,825,968,981,439,451,10,262,891,104,794,1009,632,210,927,1006,473,936,706,2,744,42,102,319,992,209,274,975,882,567,69,120,113,123,92,89,67,53,107,107,82,39,71,67,128,72,89,73,72,67,45,55,51,58,100,57,65,58,56,87,87,95
[ 26.590673] wil6210-aoa$0,1606461626.212770,04:d6:aa:c1:38:97,2,1,1,0,128,349,980,823,776,412,821,834,233,511,88,933,141,692,969,147,386,948,13,400,882,91,860,152,873,50,287,961,211,266,973,158,928,71,117,112,120,91,88,65,51,107,106,80,38,68,68,122,69,87,72,67,63,43,52,48,55,99,56,61,54,53,85,80,89
[ 26.620766] wil6210-aoa$0,1606461626.242860,04:d6:aa:c1:38:97,2,1,1,0,128,334,989,871,801,934,985,444,482,5,277,923,120,811,7,97,407,901,988,395,902,677,14,707,34,127,297,995,205,266,919,577,352,68,116,112,120,91,89,67,53,108,104,81,40,66,67,123,71,85,71,67,65,42,52,48,55,95,54,61,56,54,84,84,91
[ 26.646894] wil6210-aoa$0,1606461626.268991,04:d6:aa:c1:38:97,2,1,1,0,128,813,823,852,835,925,976,434,455,44,282,911,110,237,807,145,377,948,995,471,906,708,43,778,54,132,324,993,215,263,977,883,662,69,117,114,121,90,85,65,51,108,104,81,37,66,66,122,71,83,70,68,62,41,49,45,52,93,52,56,51,50,79,73,81
[ 26.672814] wil6210-aoa$0,1606461626.294908,04:d6:aa:c1:38:97,2,1,1,0,128,358,15,841,828,975,999,410,459,6,253,906,112,797,7,189,466,1009,0,451,937,782,70,758,33,97,247,5,204,329,977,164,867,72,119,116,124,93,91,70,56,108,111,82,43,71,70,128,73,91,76,69,67,47,59,51,59,103,60,67,59,60,95,93,98
[ 26.701936] wil6210-aoa$0,1606461626.324029,04:d6:aa:c1:38:97,2,1,1,0,128,789,783,350,594,416,852,403,456,83,334,970,135,817,1011,162,375,937,985,428,875,618,1006,726,1022,37,267,984,197,224,934,888,695,72,115,112,121,92,92,70,55,107,109,87,44,73,70,131,76,94,74,72,67,48,60,55,63,105,64,67,60,63,94,92,99
[ 26.730129] wil6210-aoa$0,1606461626.352226,04:d6:aa:c1:38:97,2,1,1,0,128,260,975,879,831,966,1010,447,479,1019,264,930,138,739,1010,241,495,848,977,418,875,122,817,162,833,569,70,73,224,287,962,780,473,71,117,111,122,90,89,68,51,110,108,84,43,69,69,127,73,91,73,71,66,44,56,50,60,96,58,65,57,55,86,88,97
[ 26.758214] wil6210-aoa$0,1606461626.380306,04:d6:aa:c1:38:97,2,1,1,0,128,377,1021,914,811,942,980,417,493,539,89,405,989,164,745,624,219,926,984,941,708,750,30,726,41,57,246,467,1010,241,908,406,206,72,118,110,119,91,96,70,55,112,110,87,46,73,70,133,79,94,75,74,70,45,61,55,64,106,66,69,62,65,95,101,107
[ 26.785890] wil6210-aoa$0,1606461626.407987,04:d6:aa:c1:38:97,2,1,1,0,128,792,810,274,557,388,786,929,261,15,242,409,1004,737,984,616,234,932,11,378,875,659,23,700,1015,39,262,374,964,753,788,254,15,71,118,112,124,92,88,65,53,107,104,83,39,70,67,126,71,91,73,71,65,43,55,50,57,103,57,62,55,57,85,83,89
[ 26.811175] wil6210-aoa$0,1606461626.433268,04:d6:aa:c1:38:97,2,1,1,0,128,857,835,873,756,406,794,400,423,81,288,947,119,212,777,624,232,353,815,942,733,704,30,758,28,6,229,983,215,744,824,876,609,73,118,113,124,92,92,67,54,108,109,87,42,72,72,132,77,93,74,72,69,46,60,53,62,104,64,69,60,62,92,96,102
[ 26.841450] wil6210-aoa$0,1606461626.463542,04:d6:aa:c1:38:97,2,1,1,0,128,336,1022,848,811,973,1000,440,497,1009,242,1011,167,793,1007,213,449,949,1020,456,942,656,10,774,75,52,239,0,184,335,996,251,895,74,116,111,120,91,91,71,53,111,109,87,46,74,70,129,79,95,75,75,70,47,62,57,65,103,67,69,63,67,96,102,109
[ 26.869513] wil6210-aoa$0,1606461626.491611,04:d6:aa:c1:38:97,2,1,1,0,128,400,1016,875,829,10,1009,419,487,18,243,995,200,796,17,126,378,865,959,906,743,626,984,705,999,529,43,41,238,295,991,713,399,73,117,113,122,91,91,71,54,108,109,84,43,74,71,131,77,93,73,73,67,48,59,54,63,104,63,66,61,64,95,94,103
[ 26.895062] wil6210-aoa$0,1606461626.517155,04:d6:aa:c1:38:97,2,1,1,0,128,324,997,867,820,965,3,369,447,1016,247,363,922,241,796,671,244,376,813,854,682,88,782,211,838,555,80,462,15,767,767,725,476,70,119,112,123,88,89,65,52,107,107,80,39,68,68,127,72,87,73,72,65,43,51,50,58,98,57,63,55,56,85,86,94
[ 26.924904] wil6210-aoa$0,1606461626.546997,04:d6:aa:c1:38:97,2,1,1,0,128,359,1003,853,838,1013,51,362,482,7,221,392,979,192,734,648,237,360,775,925,696,136,801,209,848,87,279,463,6,306,954,505,231,70,120,111,123,90,89,66,53,111,109,85,41,68,72,129,73,89,74,71,67,44,56,50,59,99,57,66,57,57,87,85,94
[ 26.947378] wil6210-aoa$0,1606461626.569474,04:d6:aa:c1:38:97,2,1,1,0,128,355,1000,830,783,937,1002,874,292,22,266,957,142,771,1005,185,405,366,790,890,697,131,840,208,838,65,275,977,182,239,935,294,25,69,117,108,119,90,88,65,52,106,105,82,38,69,67,123,72,86,69,68,63,43,49,48,56,95,52,60,54,52,81,82,87
[ 26.977762] wil6210-aoa$0,1606461626.599860,04:d6:aa:c1:38:97,2,1,1,0,128,318,981,837,798,921,972,461,491,22,257,1010,183,766,1002,160,428,931,1013,412,885,666,14,189,856,62,276,977,216,275,987,830,509,70,114,110,119,89,87,67,52,104,102,82,40,70,66,124,72,87,69,70,64,43,55,51,58,98,59,63,56,54,84,85,94
[ 27.004807] wil6210-aoa$0,1606461626.626900,04:d6:aa:c1:38:97,2,1,1,0,128,360,1004,852,823,981,998,463,452,85,294,989,153,724,944,594,202,993,35,397,899,632,986,712,1000,513,36,435,985,795,797,513,355,68,113,107,116,89,84,66,50,106,103,82,40,69,67,125,70,87,70,68,64,43,55,51,55,97,58,65,57,58,88,87,96
[ 27.033844] wil6210-aoa$0,1606461626.655936,04:d6:aa:c1:38:97,2,1,1,0,128,757,741,286,601,0,1016,855,236,47,287,964,145,804,1014,180,421,371,792,904,678,109,828,815,53,125,229,972,202,300,968,249,3,67,112,111,119,88,84,66,53,103,101,79,38,68,66,122,72,86,70,69,63,43,53,49,57,98,57,62,55,55,85,84,89
[ 27.062502] wil6210-aoa$0,1606461626.684596,04:d6:aa:c1:38:97,2,1,1,0,128,298,963,778,763,976,2,418,482,483,94,976,148,809,33,118,388,894,976,447,905,650,1002,175,869,564,135,996,201,292,984,885,731,67,112,109,119,88,86,63,49,104,102,78,38,66,67,118,68,84,69,65,61,41,49,47,52,93,54,61,52,52,80,79,88
[ 27.091686] wil6210-aoa$0,1606461626.713778,04:d6:aa:c1:38:97,2,1,1,0,128,266,947,849,821,948,977,396,441,81,305,948,138,765,1014,89,369,889,980,432,899,684,50,701,2,117,278,1010,211,251,971,986,700,69,114,108,117,88,89,65,52,104,106,81,40,68,68,125,74,86,70,69,66,42,54,51,58,94,60,63,57,56,86,89,97
[ 27.119620] wil6210-aoa$0,1606461626.741717,04:d6:aa:c1:38:97,2,1,1,0,128,767,797,810,824,1002,1017,467,498,15,272,1022,208,749,1,189,445,880,994,488,951,650,19,724,39,66,233,1022,204,350,1001,747,390,66,108,107,118,88,84,66,50,104,104,76,37,66,65,121,69,85,69,66,60,42,51,48,53,96,52,60,51,53,82,80,88
[ 27.145269] wil6210-aoa$0,1606461626.767361,04:d6:aa:c1:38:97,2,1,1,0,128,353,997,820,782,990,1003,383,422,76,289,945,149,834,36,174,467,874,960,458,923,650,1019,747,57,104,314,1018,168,248,960,610,229,68,112,108,115,88,87,65,50,106,105,79,40,68,67,124,72,88,70,68,63,43,53,48,56,98,59,62,57,57,88,88,95
[ 27.170925] wil6210-aoa$0,1606461626.793021,04:d6:aa:c1:38:97,2,1,1,0,128,325,974,911,861,919,1006,368,445,61,292,942,115,199,813,190,455,962,11,478,932,701,13,765,12,37,278,966,156,340,979,662,441,67,111,105,113,84,82,61,50,99,102,76,34,62,63,119,68,82,68,65,59,42,49,47,53,95,53,58,52,52,81,77,85
[ 27.202088] wil6210-aoa$0,1606461626.824180,04:d6:aa:c1:38:97,2,1,1,0,128,789,782,247,586,406,818,929,283,101,279,924,96,220,792,625,214,909,1008,497,965,650,19,738,21,112,282,932,165,269,964,509,187,68,110,107,118,87,86,65,51,101,102,79,41,69,67,126,72,89,69,68,64,45,54,52,59,98,60,64,56,58,86,88,93
[ 27.231713] wil6210-aoa$0,1606461626.853807,04:d6:aa:c1:38:97,2,1,1,0,128,323,1009,864,830,958,1008,818,238,522,79,385,935,781,963,674,253,972,985,448,891,724,45,713,9,64,249,1020,220,331,11,982,651,68,109,106,116,88,85,66,50,104,104,79,41,66,66,124,71,89,71,66,64,42,54,49,57,96,57,63,55,56,87,84,94
[ 27.260831] wil6210-aoa$0,1606461626.882927,04:d6:aa:c1:38:97,2,1,1,0,128,344,988,960,878,990,990,442,495,53,254,3,186,820,2,196,448,889,1000,454,934,700,21,809,68,58,268,978,176,333,1006,355,12,69,113,108,117,90,86,66,51,104,105,80,40,69,67,123,70,86,70,69,64,44,55,52,60,98,57,63,57,59,88,89,97
[ 27.285270] wil6210-aoa$0,1606461626.907364,04:d6:aa:c1:38:97,2,1,1,0,128,320,963,864,800,1000,1012,379,466,1013,217,970,191,805,1011,178,465,916,1004,500,962,619,971,788,43,107,289,1020,221,317,13,33,666,67,106,104,112,86,87,66,49,100,103,81,45,66,66,123,71,88,69,67,64,44,57,51,59,97,60,63,58,59,87,94,98
[ 27.316793] wil6210-aoa$0,1606461626.938885,04:d6:aa:c1:38:97,2,1,1,0,128,790,735,867,838,911,996,390,450,516,138,917,119,750,968,591,191,403,820,908,716,180,900,792,58,67,299,1012,185,274,1002,267,10,71,116,109,119,89,89,66,51,107,105,82,42,69,68,127,73,88,72,71,66,45,55,53,61,100,60,64,59,61,89,91,100
[ 27.345198] wil6210-aoa$0,1606461626.967294,04:d6:aa:c1:38:97,2,1,1,0,128,370,1016,862,809,962,984,380,450,39,293,960,148,757,1015,202,466,990,62,416,933,743,57,740,12,127,306,1009,218,320,992,713,424,69,117,108,117,88,84,65,50,105,101,80,38,67,66,121,71,85,68,69,62,43,53,48,57,96,54,60,52,54,83,80,88
[ 27.372582] wil6210-aoa$0,1606461626.994674,04:d6:aa:c1:38:97,2,1,1,0,128,858,822,243,556,472,817,902,297,85,297,943,131,792,995,132,394,951,1016,811,643,105,799,209,819,134,279,977,162,749,759,621,454,69,117,109,120,90,91,68,53,107,105,84,42,70,69,126,72,92,73,72,67,45,58,55,60,102,63,68,59,60,91,92,99
[ 27.402400] wil6210-aoa$0,1606461627.024492,04:d6:aa:c1:38:97,2,1,1,0,128,371,1009,884,857,938,1005,426,468,48,282,957,127,769,978,148,422,398,791,925,725,711,59,745,1022,79,269,1023,206,287,940,681,404,72,115,110,120,92,93,68,55,109,107,85,46,73,70,127,78,94,73,74,68,49,62,57,65,105,67,68,62,64,95,99,104
[ 27.430841] wil6210-aoa$0,1606461627.052939,04:d6:aa:c1:38:97,2,1,1,0,128,824,824,833,779,986,985,402,439,515,24,416,940,216,813,624,193,370,782,485,895,116,818,160,802,538,78,427,998,315,977,116,907,63,106,98,110,83,77,59,45,97,95,74,34,60,58,112,61,78,63,62,56,36,45,43,50,84,46,55,49,46,71,72,79
[ 27.456649] wil6210-aoa$0,1606461627.078741,04:d6:aa:c1:38:97,2,1,1,0,128,823,832,855,831,5,36,435,482,93,300,966,143,795,8,188,436,963,988,440,910,108,801,808,43,49,260,980,160,350,1015,170,905,72,115,108,118,91,91,66,52,106,107,82,41,70,69,126,74,89,72,71,64,44,54,52,58,101,60,65,57,58,87,91,93
[ 27.486610] wil6210-aoa$0,1606461627.108699,04:d6:aa:c1:38:97,2,1,1,0,128,841,824,843,791,951,993,453,509,60,306,947,139,779,966,635,233,919,1005,384,881,649,6,745,30,119,290,45,219,310,980,526,190,73,115,111,121,93,92,71,55,107,107,87,45,72,72,127,78,92,75,75,69,47,60,57,63,104,65,70,65,65,98,102,107
[ 27.511140] wil6210-aoa$0,1606461627.133232,04:d6:aa:c1:38:97,2,1,1,0,128,768,794,256,562,418,798,878,266,454,35,370,940,221,832,169,373,946,1016,459,906,695,17,797,84,30,278,927,132,735,803,1004,793,70,116,108,118,90,86,65,53,105,105,84,41,71,69,127,72,88,71,70,67,45,56,51,60,100,56,64,57,59,88,88,94
[ 27.542895] wil6210-aoa$0,1606461627.164990,04:d6:aa:c1:38:97,2,1,1,0,128,732,786,827,784,355,774,891,231,69,299,915,120,724,0,151,438,954,42,468,924,698,30,774,60,53,250,1000,223,287,1001,980,726,71,116,108,121,93,90,70,55,109,107,85,43,72,69,128,74,94,74,74,67,46,60,54,62,102,63,68,61,65,96,95,102
[ 27.566622] wil6210-aoa$0,1606461627.188718,04:d6:aa:c1:38:97,2,1,1,0,128,328,962,888,815,980,1005,409,474,3,238,980,191,751,986,154,425,990,21,460,917,712,20,716,24,109,329,2,202,323,4,692,400,70,120,112,121,90,88,69,53,104,105,84,41,67,69,126,73,88,72,71,65,43,53,50,56,98,56,64,54,55,85,85,90
[ 27.596613] wil6210-aoa$0,1606461627.218709,04:d6:aa:c1:38:97,2,1,1,0,128,329,1019,803,805,970,993,430,482,65,325,1000,188,782,1009,190,459,942,1010,421,894,687,7,201,883,570,76,517,55,318,1022,387,66,72,118,112,120,93,92,71,56,109,107,87,46,72,70,128,75,92,74,72,68,47,59,55,63,102,64,69,61,63,95,99,103
[ 27.624671] wil6210-aoa$0,1606461627.246763,04:d6:aa:c1:38:97,2,1,1,0,128,815,830,283,605,432,815,896,287,532,59,451,988,762,984,604,201,909,2,468,891,689,30,767,40,50,247,447,24,764,818,550,289,71,118,112,120,87,88,68,52,107,106,81,38,68,68,124,72,86,71,70,64,43,52,49,57,98,54,63,55,54,84,86,89
[ 27.653454] wil6210-aoa$0,1606461627.275551,04:d6:aa:c1:38:97,2,1,1,0,128,374,990,869,828,981,1009,423,478,17,268,921,132,807,1022,157,414,901,1008,449,927,618,993,803,69,89,307,999,212,301,983,854,525,71,114,110,118,92,89,67,53,107,106,83,39,68,70,126,72,90,72,70,67,44,54,50,58,102,59,65,58,56,87,87,95
[ 27.677401] wil6210-aoa$0,1606461627.299498,04:d6:aa:c1:38:97,2,1,1,0,128,324,1005,819,841,904,967,381,458,445,9,476,2,786,1011,177,451,945,17,458,924,700,34,719,20,125,329,986,182,232,950,642,437,69,117,110,120,89,88,67,51,107,106,84,40,66,68,122,75,88,70,68,67,43,55,50,58,97,55,61,54,56,85,84,91
[ 27.706651] wil6210-aoa$0,1606461627.328743,04:d6:aa:c1:38:97,2,1,1,0,128,335,2,831,823,982,984,425,466,9,247,907,109,812,22,134,439,909,998,424,925,62,798,198,845,86,260,986,193,287,950,154,860,69,115,109,120,92,91,68,55,105,106,85,42,73,70,127,74,89,71,71,67,45,58,53,60,102,61,65,60,60,91,95,102
[ 27.736435] wil6210-aoa$0,1606461627.358532,04:d6:aa:c1:38:97,2,1,1,0,128,741,781,279,610,941,975,423,507,34,271,949,151,183,782,676,258,436,886,422,922,741,46,154,818,96,287,1010,223,272,981,538,206,70,118,111,120,92,90,66,53,107,108,82,40,69,68,130,73,88,73,70,67,43,55,52,59,101,60,66,58,58,88,90,96
[ 27.761923] wil6210-aoa$0,1606461627.384015,04:d6:aa:c1:38:97,2,1,1,0,128,337,1002,847,829,977,1015,381,443,82,308,915,156,761,983,121,368,944,1015,429,906,739,73,666,1004,72,255,15,213,319,987,906,618,70,119,110,120,90,84,65,52,107,103,82,37,66,67,123,69,87,70,69,63,42,54,49,57,97,56,62,55,55,85,84,94
[ 27.793335] wil6210-aoa$0,1606461627.415428,04:d6:aa:c1:38:97,2,1,1,0,128,306,1000,890,846,1011,29,450,496,50,295,920,173,776,2,126,401,914,1022,443,920,650,1021,732,14,124,303,6,234,266,962,773,510,72,116,110,123,91,89,70,52,110,109,84,45,72,71,127,75,92,75,74,68,47,58,54,61,101,63,68,61,62,94,95,103
[ 27.823491] wil6210-aoa$0,1606461627.445583,04:d6:aa:c1:38:97,2,1,1,0,128,302,967,224,574,423,830,936,324,1018,267,868,107,719,955,155,438,855,973,421,879,665,42,704,1021,64,221,451,1020,774,775,339,115,69,117,109,117,91,88,65,50,107,105,82,37,68,68,122,71,88,69,69,64,45,52,49,55,94,54,61,54,53,82,82,89
[ 27.855462] wil6210-aoa$0,1606461627.477556,04:d6:aa:c1:38:97,2,1,1,2,128,302,967,224,574,423,830,936,324,1018,267,868,107,719,955,155,438,855,973,421,879,665,42,704,1021,64,221,451,1020,774,775,339,115,72,116,110,123,91,89,70,52,110,109,84,45,72,71,127,75,92,75,74,68,47,58,54,61,101,63,68,61,62,94,95,103
[ 27.884422] wil6210-aoa$0,1606461627.506519,04:d6:aa:c1:38:97,2,1,1,0,128,355,1010,889,803,920,986,387,429,49,288,933,120,773,959,163,415,984,6,467,907,706,19,719,1008,616,97,12,200,242,961,299,12,68,117,110,119,87,84,64,50,103,102,78,34,61,63,118,67,83,69,65,62,40,47,45,53,90,51,59,51,50,80,75,84
[ 27.910680] wil6210-aoa$0,1606461627.532772,04:d6:aa:c1:38:97,2,1,1,0,128,296,999,835,821,939,13,372,472,1007,215,953,155,778,1007,109,396,934,977,469,954,675,1008,670,967,103,268,995,149,269,927,413,159,68,111,104,113,86,86,65,50,104,102,81,42,70,68,124,71,87,69,70,65,46,57,49,57,96,59,66,56,57,87,90,97
[ 27.941190] wil6210-aoa$0,1606461627.563285,04:d6:aa:c1:38:97,2,1,1,0,128,308,997,274,585,0,20,402,483,1011,233,926,147,725,956,139,397,946,8,450,950,675,42,739,52,60,272,964,185,790,812,589,348,72,118,112,122,92,90,68,53,108,106,84,42,71,73,125,74,90,70,71,68,46,58,52,61,103,61,65,57,60,89,92,102
[ 27.964866] wil6210-aoa$0,1606461627.586964,04:d6:aa:c1:38:97,2,1,1,0,128,356,1011,846,838,951,959,409,469,50,271,1014,202,722,952,178,433,969,1006,516,984,673,21,754,52,64,267,1022,237,279,1004,617,308,70,116,110,121,89,88,65,53,107,106,86,43,67,68,124,71,89,71,72,66,43,55,49,58,100,60,65,55,59,91,91,96
[ 27.995435] wil6210-aoa$0,1606461627.617530,04:d6:aa:c1:38:97,2,1,1,0,128,328,986,845,807,963,1006,444,470,53,235,911,113,837,8,150,431,934,980,421,945,691,55,780,60,87,275,23,243,271,975,139,824,70,117,109,122,89,87,66,51,108,107,82,38,69,64,127,72,91,70,68,64,43,54,50,57,101,56,63,55,57,86,85,90
[ 28.024463] wil6210-aoa$0,1606461627.646559,04:d6:aa:c1:38:97,2,1,1,0,128,342,1001,859,862,1010,1016,419,453,1013,269,954,157,835,13,135,404,937,1001,472,945,658,16,782,23,100,286,15,226,320,988,490,181,71,116,109,122,90,88,67,53,106,104,83,39,68,70,124,73,88,69,69,65,43,54,48,58,99,57,62,54,54,84,83,92
[ 28.051314] wil6210-aoa$0,1606461627.673408,04:d6:aa:c1:38:97,2,1,1,0,128,380,31,862,831,15,13,407,456,51,268,994,158,800,1012,85,423,929,1002,499,946,691,6,680,1012,43,237,388,992,782,760,32,788,70,111,111,120,85,87,66,51,103,107,82,38,68,68,126,72,87,70,70,67,43,53,50,57,98,56,64,54,59,89,84,95
[ 28.081852] wil6210-aoa$0,1606461627.703943,04:d6:aa:c1:38:97,2,1,1,0,128,303,974,825,772,408,809,923,282,58,301,970,157,225,841,641,257,890,949,493,916,649,965,727,1001,117,261,1023,213,247,937,837,543,69,113,109,119,89,88,64,49,108,108,82,38,67,68,126,69,89,71,70,64,41,52,48,55,94,55,64,56,54,83,84,93
[ 28.110794] wil6210-aoa$0,1606461627.732889,04:d6:aa:c1:38:97,2,1,1,0,128,306,1007,825,763,431,864,444,518,37,271,398,968,202,801,638,252,349,815,921,709,111,839,736,1010,87,287,35,230,238,959,373,67,70,114,109,118,89,89,67,51,106,103,82,39,68,68,122,71,87,70,68,64,43,53,49,56,97,56,61,55,54,84,86,94
[ 28.138739] wil6210-aoa$0,1606461627.760833,04:d6:aa:c1:38:97,2,1,1,0,128,301,989,895,820,962,995,392,522,42,284,955,115,767,1004,156,422,980,41,505,934,706,30,764,66,48,223,948,154,302,1003,579,245,70,113,109,122,91,87,68,50,108,108,81,38,66,68,122,72,87,72,68,65,41,52,47,56,95,54,59,55,55,83,81,91
[ 28.168264] wil6210-aoa$0,1606461627.790360,04:d6:aa:c1:38:97,2,1,1,0,128,807,783,828,786,427,804,407,491,35,217,910,135,789,1000,188,434,1001,23,417,900,701,40,643,981,57,296,422,1000,706,760,1015,712,68,112,110,118,89,87,67,51,105,104,82,38,67,64,123,70,85,70,69,63,42,53,49,55,100,59,62,54,54,85,83,90
[ 28.195045] wil6210-aoa$0,1606461627.817138,04:d6:aa:c1:38:97,2,1,1,0,128,346,1010,884,827,950,1014,425,438,84,306,934,146,761,999,161,408,946,10,462,937,681,17,722,1005,41,251,970,197,213,944,888,640,72,114,110,119,91,89,69,52,108,106,85,42,69,68,128,75,92,71,72,65,47,55,53,59,102,59,66,57,59,89,86,94
[ 28.225763] wil6210-aoa$0,1606461627.847860,04:d6:aa:c1:38:97,2,1,1,0,128,337,978,895,837,965,970,868,319,30,287,939,138,799,4,133,416,961,1020,489,929,670,10,711,43,74,297,1019,197,292,994,1010,700,71,116,109,119,91,90,67,54,107,109,80,41,69,67,124,73,91,72,70,68,45,55,52,59,101,61,67,59,59,93,93,99
[ 28.251398] wil6210-aoa$0,1606461627.873490,04:d6:aa:c1:38:97,2,1,1,0,128,818,805,247,576,498,865,373,468,69,287,980,148,760,976,633,228,322,779,985,728,630,991,731,16,84,264,987,189,263,942,507,264,70,117,111,118,89,87,67,52,108,105,84,39,70,69,126,71,88,71,70,64,44,54,51,57,99,59,65,57,57,87,88,96
[ 28.282792] wil6210-aoa$0,1606461627.904885,04:d6:aa:c1:38:97,2,1,1,0,128,366,1017,832,827,23,33,384,439,34,244,928,155,770,975,173,410,943,1020,414,886,717,24,721,1017,60,291,975,181,314,973,576,184,71,115,107,120,88,88,67,50,107,106,82,40,70,68,124,70,90,71,70,64,45,55,51,58,102,61,65,57,58,89,89,94
[ 28.307361] wil6210-aoa$0,1606461627.929457,04:d6:aa:c1:38:97,2,1,1,0,128,308,993,244,584,933,995,454,482,51,297,950,124,744,965,124,399,877,960,866,698,134,830,738,20,64,242,914,167,243,934,812,589,69,117,109,120,91,89,67,52,108,107,85,38,68,67,125,73,87,70,71,67,43,54,53,58,98,57,65,57,59,90,89,97
[ 28.335423] wil6210-aoa$0,1606461627.957517,04:d6:aa:c1:38:97,2,1,1,0,128,828,832,294,580,413,786,863,263,478,34,387,921,164,744,639,222,302,785,431,843,699,33,707,26,528,74,453,20,267,963,269,39,69,115,110,121,89,86,65,50,107,102,81,38,67,66,123,71,86,71,66,63,41,50,48,52,94,50,57,51,49,77,77,84
[ 28.368596] wil6210-aoa$0,1606461627.990689,04:d6:aa:c1:38:97,2,1,1,0,128,360,970,867,830,40,14,406,471,65,282,891,81,226,757,206,436,854,973,451,896,638,1011,775,19,131,263,968,158,255,919,894,617,70,115,111,120,91,89,67,51,106,105,82,41,70,68,127,72,89,72,69,64,46,56,51,58,100,61,66,59,61,92,95,101
[ 28.396904] wil6210-aoa$0,1606461628.019001,04:d6:aa:c1:38:97,2,1,1,0,128,304,1002,853,861,973,990,423,453,37,285,921,125,751,923,639,220,908,981,501,897,142,846,246,900,556,83,1020,231,272,972,927,687,70,117,111,120,92,86,66,51,107,103,81,40,68,67,126,74,89,70,69,64,43,52,49,55,98,55,61,55,54,84,82,89
[ 28.426095] wil6210-aoa$0,1606461628.048187,04:d6:aa:c1:38:97,2,1,1,0,128,289,991,918,893,951,1003,344,430,80,287,917,125,787,5,665,255,934,1010,430,903,756,45,748,14,121,290,981,212,262,948,313,989,68,115,112,121,89,84,64,51,102,101,81,37,67,66,120,71,84,70,66,63,42,50,47,55,96,53,58,52,51,78,78,86
[ 28.455590] wil6210-aoa$0,1606461628.077687,04:d6:aa:c1:38:97,2,1,1,0,128,305,987,858,807,996,1020,426,427,21,199,988,170,779,973,219,486,876,941,445,906,693,1015,743,999,58,252,983,184,330,1001,636,385,70,117,112,120,93,87,69,55,106,107,81,42,70,68,126,74,90,73,71,66,45,54,49,56,100,56,61,55,57,88,88,94
[ 28.483108] wil6210-aoa$0,1606461628.105200,04:d6:aa:c1:38:97,2,1,1,0,128,329,1003,827,810,978,972,410,489,79,344,1010,193,751,969,226,490,884,981,530,986,714,41,754,42,96,279,11,221,252,911,897,566,71,117,110,120,90,88,68,51,107,106,82,43,69,68,127,71,91,71,73,68,45,56,50,59,99,59,68,59,59,90,90,97
[ 28.514083] wil6210-aoa$0,1606461628.136176,04:d6:aa:c1:38:97,2,1,1,0,128,343,963,817,790,1001,1015,395,467,67,308,964,141,719,995,147,423,888,968,994,774,137,849,230,862,78,237,40,245,283,941,447,77,72,116,111,120,92,91,68,51,110,107,85,42,70,70,129,76,92,73,71,68,46,60,54,62,105,62,68,59,64,94,97,104
[ 28.545625] wil6210-aoa$0,1606461628.167718,04:d6:aa:c1:38:97,2,1,1,0,128,310,1006,245,623,1007,22,406,477,105,286,1016,210,774,1011,190,459,961,12,465,921,666,38,753,7,39,231,987,160,325,945,137,832,72,119,111,122,94,93,68,52,107,107,85,42,69,68,128,71,90,71,72,66,45,53,53,58,103,57,63,58,58,88,88,98
[ 28.573345] wil6210-aoa$0,1606461628.195441,04:d6:aa:c1:38:97,2,1,1,0,128,337,1000,872,866,980,1010,452,502,112,348,950,174,758,992,109,401,943,4,917,759,687,36,786,76,100,267,994,209,302,974,413,48,70,114,112,121,91,91,68,51,107,106,82,37,69,68,127,73,89,71,69,67,44,54,51,59,101,59,65,56,58,90,89,95
[ 28.604395] wil6210-aoa$0,1606461628.226488,04:d6:aa:c1:38:97,2,1,1,0,128,344,1014,855,815,927,1004,389,491,979,213,941,183,777,981,170,464,953,16,522,977,667,9,760,24,61,239,14,235,294,960,848,546,71,118,113,121,92,91,67,53,107,109,83,40,70,68,125,71,91,73,73,66,44,54,54,58,100,58,66,58,57,86,89,96
[ 28.635955] wil6210-aoa$0,1606461628.258049,04:d6:aa:c1:38:97,2,1,1,0,128,336,30,841,847,952,1000,454,489,33,228,977,170,823,53,125,402,967,22,446,920,660,1015,766,39,59,261,1017,235,264,953,633,203,72,117,110,121,90,86,66,54,107,107,84,40,66,67,124,71,85,69,70,63,43,53,51,58,98,55,61,54,58,83,87,92
[ 28.665088] wil6210-aoa$0,1606461628.287184,04:d6:aa:c1:38:97,2,1,1,0,128,338,992,843,825,8,1013,449,445,55,243,938,110,201,786,647,197,924,980,466,932,691,13,753,24,94,270,992,214,276,954,805,485,72,114,113,121,91,91,68,55,108,110,83,42,72,70,127,73,92,74,72,67,45,57,52,59,101,61,67,60,58,91,91,98
[ 28.692148] wil6210-aoa$0,1606461628.314240,04:d6:aa:c1:38:97,2,1,1,0,128,293,1004,911,845,965,988,415,469,96,292,951,161,871,31,150,441,910,965,469,923,743,38,726,4,76,260,9,226,267,960,106,879,68,114,109,117,90,88,65,52,103,104,82,40,68,66,127,71,87,70,67,64,44,52,48,56,98,54,62,54,54,85,82,90
[ 28.722854] wil6210-aoa$0,1606461628.344951,04:d6:aa:c1:38:97,2,1,1,0,128,327,29,841,831,1,7,371,438,93,290,944,134,719,964,207,447,928,1016,459,934,667,18,810,57,82,307,16,245,355,1002,787,517,69,115,110,115,90,88,67,53,109,107,82,41,70,68,125,72,89,71,69,66,44,57,52,60,99,60,65,58,60,91,89,96
[ 28.747048] wil6210-aoa$0,1606461628.369144,04:d6:aa:c1:38:97,2,1,1,0,128,834,839,293,614,926,958,858,268,29,309,969,125,769,1005,114,372,973,22,454,899,646,1000,744,31,62,221,1016,219,286,951,972,788,72,115,110,121,91,89,68,52,109,107,84,44,72,71,127,75,91,74,70,67,46,59,53,60,103,62,66,61,61,92,98,102
[ 28.778248] wil6210-aoa$0,1606461628.400341,04:d6:aa:c1:38:97,2,1,1,0,128,344,3,868,824,945,973,912,323,507,56,991,168,774,1002,624,226,918,968,971,743,651,1015,751,6,492,38,917,109,292,992,702,369,68,115,111,118,89,88,66,51,105,105,80,38,67,65,123,70,86,71,70,65,44,52,51,58,98,55,64,55,57,87,87,95
[ 28.809324] wil6210-aoa$0,1606461628.431417,04:d6:aa:c1:38:97,2,1,1,0,128,311,938,880,806,1009,1015,418,460,62,271,948,136,743,975,672,265,908,1006,484,941,618,10,738,37,53,301,971,211,301,986,550,245,62,107,99,108,80,76,58,45,94,90,71,32,58,58,109,62,77,62,59,55,37,45,42,48,86,47,53,45,47,73,69,77
[ 28.840379] wil6210-aoa$0,1606461628.462471,04:d6:aa:c1:38:97,2,1,1,0,128,299,988,881,798,441,818,415,449,561,104,398,977,773,988,176,447,957,4,380,848,78,812,245,845,614,116,1023,189,308,950,934,695,72,116,110,122,89,92,69,54,107,109,86,43,71,68,129,74,92,73,73,68,47,59,55,63,102,64,68,60,63,93,96,103
[ 28.870504] wil6210-aoa$0,1606461628.492601,04:d6:aa:c1:38:97,2,1,1,0,128,320,1005,856,797,979,993,368,396,540,42,912,123,805,22,129,380,929,1003,423,906,712,32,772,33,90,275,988,171,265,983,387,195,67,115,110,119,89,87,67,52,105,103,82,39,66,66,122,72,87,71,68,65,42,53,48,56,101,56,61,55,56,82,80,90
[ 28.898550] wil6210-aoa$0,1606461628.520642,04:d6:aa:c1:38:97,2,1,1,0,128,773,734,315,597,968,1013,372,475,7,234,968,105,811,994,153,421,940,993,496,911,657,996,752,1011,549,79,427,997,789,796,530,269,70,115,111,120,92,88,68,53,109,109,83,42,70,69,128,74,91,72,72,68,44,56,53,59,101,59,66,58,57,88,89,95
[ 28.929485] wil6210-aoa$0,1606461628.551581,04:d6:aa:c1:38:97,2,1,1,0,128,351,1007,822,783,963,989,434,473,71,269,986,152,772,1001,121,362,957,1022,427,893,639,1013,773,1008,100,277,22,232,305,974,648,317,71,116,112,119,91,89,66,53,108,106,84,41,69,68,126,74,88,72,71,68,45,57,50,57,101,59,65,58,58,92,87,94
[ 28.956954] wil6210-aoa$0,1606461628.579049,04:d6:aa:c1:38:97,2,1,1,0,128,256,978,268,639,950,993,382,438,502,97,903,113,773,1004,155,411,988,45,395,921,164,878,736,21,523,76,454,1007,253,936,702,440,70,116,110,119,89,88,67,51,108,106,83,42,69,70,128,74,89,72,71,67,47,57,52,60,101,59,65,57,57,91,93,100
[ 28.988754] wil6210-aoa$0,1606461628.610851,04:d6:aa:c1:38:97,2,1,1,0,128,317,987,830,764,990,1015,416,495,73,273,970,149,737,974,170,435,932,1007,873,692,716,9,726,1010,143,311,28,228,292,971,104,802,69,116,110,119,88,86,69,53,104,105,84,38,67,66,127,70,86,71,68,63,43,53,46,55,94,54,62,53,54,82,76,84
[ 29.015278] wil6210-aoa$0,1606461628.637371,04:d6:aa:c1:38:97,2,1,1,0,128,754,782,829,815,990,1005,476,523,80,294,987,176,767,972,117,364,402,837,909,735,678,1020,774,41,144,316,976,209,226,951,132,839,70,119,111,120,91,86,65,51,105,101,81,37,67,67,125,70,82,70,69,62,42,51,49,53,94,52,60,51,51,80,79,86
[ 29.046940] wil6210-aoa$0,1606461628.669034,04:d6:aa:c1:38:97,2,1,1,0,128,348,997,867,813,1006,997,420,471,18,276,908,93,226,808,604,206,937,972,851,673,153,832,697,12,109,289,978,183,320,968,455,181,72,118,112,119,89,92,67,54,105,107,86,44,72,71,128,75,90,74,71,67,47,59,55,63,103,64,67,61,63,94,97,105
[ 29.076326] wil6210-aoa$0,1606461628.698421,04:d6:aa:c1:38:97,2,1,1,0,128,802,801,293,613,464,819,473,547,12,233,433,991,237,822,613,193,909,988,495,897,687,0,745,38,95,296,954,184,759,733,183,999,72,116,110,121,91,88,67,53,108,105,83,42,67,67,124,72,87,70,69,64,42,53,50,58,98,55,65,56,55,86,88,92
[ 29.104217] wil6210-aoa$0,1606461628.726309,04:d6:aa:c1:38:97,2,1,1,0,128,347,11,824,813,991,1012,394,451,67,263,919,137,747,981,181,445,954,999,369,841,727,23,730,21,68,303,973,210,286,977,351,6,70,112,110,120,87,85,67,52,104,103,79,37,65,66,123,71,86,71,69,63,43,54,50,55,99,57,62,55,55,87,83,90
[ 29.134635] wil6210-aoa$0,1606461628.756732,04:d6:aa:c1:38:97,2,1,1,0,128,324,1000,844,775,940,941,888,261,64,244,395,986,244,808,159,397,868,4,484,920,705,48,670,32,86,271,30,230,305,1009,886,574,68,115,106,118,85,81,64,50,103,99,77,33,63,64,115,66,83,68,64,59,37,45,43,50,90,46,54,46,45,74,69,77
[ 29.161829] wil6210-aoa$0,1606461628.783922,04:d6:aa:c1:38:97,2,1,1,0,128,345,2,848,831,897,977,838,249,505,36,444,1011,761,957,620,216,354,792,925,722,687,5,212,896,549,49,449,1016,274,996,177,885,72,118,113,120,90,92,69,52,108,107,84,43,70,70,127,75,89,72,72,66,45,55,51,59,100,61,68,59,60,91,94,99
[ 29.194151] wil6210-aoa$0,1606461628.816245,04:d6:aa:c1:38:97,2,1,1,0,128,820,808,243,568,413,797,913,291,465,65,447,939,224,777,622,227,310,780,919,726,85,842,180,859,508,67,442,1016,663,712,329,258,70,115,110,121,89,87,68,53,104,108,84,41,72,68,128,73,89,72,70,66,44,55,52,60,99,60,65,57,56,88,88,95
[ 29.226404] wil6210-aoa$0,1606461628.848497,04:d6:aa:c1:38:97,2,1,1,0,128,328,989,298,615,998,1007,882,283,535,86,425,932,173,792,664,265,358,827,899,713,85,824,227,836,164,324,955,152,257,951,533,282,71,119,111,121,91,89,68,52,109,107,83,40,70,68,125,72,88,71,73,64,43,54,52,57,97,57,66,54,57,87,88,94
[ 29.253008] wil6210-aoa$0,1606461628.875105,04:d6:aa:c1:38:97,2,1,1,0,128,322,1002,821,763,988,6,414,464,28,286,944,122,759,975,121,403,914,1015,476,945,652,1020,702,987,70,280,982,183,288,1023,828,506,69,117,112,121,91,90,67,53,107,107,80,37,71,70,127,74,88,72,71,66,46,56,50,59,101,62,68,60,58,91,91,99
[ 29.285394] wil6210-aoa$0,1606461628.907486,04:d6:aa:c1:38:97,2,1,1,0,128,300,960,784,759,423,785,868,255,526,88,412,23,756,989,226,483,888,981,420,902,158,853,204,883,96,278,1004,196,302,962,532,212,67,116,111,120,87,86,65,52,107,105,80,39,66,66,122,73,84,70,66,62,41,50,48,54,97,54,62,55,54,83,79,88
[ 29.317268] wil6210-aoa$0,1606461628.939361,04:d6:aa:c1:38:97,2,1,1,0,128,364,1017,931,825,995,991,423,533,485,79,425,987,255,826,603,233,353,804,927,723,85,831,171,821,132,317,983,190,268,986,709,469,70,108,109,117,87,88,66,52,105,104,83,41,68,67,126,75,89,70,70,66,44,57,51,61,99,61,66,57,60,89,91,94
[ 29.343625] wil6210-aoa$0,1606461628.965718,04:d6:aa:c1:38:97,2,1,1,0,128,312,1009,852,833,918,1018,922,248,27,242,976,150,767,961,177,406,959,1007,431,895,684,19,767,6,66,258,30,191,306,1002,245,0,69,111,109,115,87,87,63,50,105,103,78,37,67,63,122,69,85,69,67,61,43,51,48,56,95,56,60,53,53,85,81,90
[ 29.375665] wil6210-aoa$0,1606461628.997758,04:d6:aa:c1:38:97,2,1,1,0,128,742,792,274,593,436,831,895,302,67,293,957,139,233,818,623,196,380,828,440,933,691,1021,676,2,61,222,944,127,788,768,454,231,68,111,106,116,84,88,66,51,104,104,82,43,69,68,124,72,85,71,69,63,45,56,49,59,99,58,63,57,56,88,91,98
[ 29.401116] wil6210-aoa$0,1606461629.023209,04:d6:aa:c1:38:97,2,1,1,0,128,366,7,821,809,950,983,429,491,32,251,1017,172,785,16,132,400,894,998,424,874,656,1014,687,1015,61,247,988,190,271,1011,930,575,67,111,107,117,85,84,65,50,103,103,79,38,66,64,121,68,85,70,66,63,41,51,47,54,97,55,60,51,55,84,81,86
[ 29.431623] wil6210-aoa$0,1606461629.053720,04:d6:aa:c1:38:97,2,1,1,0,128,321,1003,851,809,971,1012,408,472,101,290,967,135,762,992,193,441,942,1009,497,974,636,987,745,23,107,281,14,213,273,970,920,626,67,111,107,116,87,82,62,48,100,102,78,38,65,64,123,70,84,68,68,63,43,50,50,57,94,56,61,56,54,84,86,91
[ 29.457438] wil6210-aoa$0,1606461629.079534,04:d6:aa:c1:38:97,2,1,1,0,128,803,810,871,844,995,1019,389,471,25,257,358,948,244,786,227,470,943,2,393,883,622,991,152,806,514,47,468,32,279,937,678,312,68,110,104,113,85,86,65,49,104,104,80,39,70,66,124,72,86,69,69,64,45,56,49,57,100,60,64,56,59,87,88,94
[ 29.483837] wil6210-aoa$0,1606461629.105934,04:d6:aa:c1:38:97,2,1,1,0,128,265,973,878,860,927,977,932,307,543,98,928,117,833,27,170,439,928,1014,430,898,690,20,175,891,115,295,8,240,292,978,20,697,62,104,99,110,83,81,61,48,99,98,74,37,64,63,117,67,82,67,66,60,41,52,48,56,94,56,63,54,57,84,85,90
[ 29.511132] wil6210-aoa$0,1606461629.133225,04:d6:aa:c1:38:97,2,1,1,0,128,316,1019,776,759,24,0,438,486,29,270,912,101,829,1,218,446,938,1017,449,877,150,851,173,844,53,245,996,229,313,997,295,988,67,110,102,112,85,86,64,50,102,101,79,39,66,66,123,70,87,69,68,63,43,55,51,56,96,59,64,56,58,84,89,96
[ 29.542967] wil6210-aoa$0,1606461629.165060,04:d6:aa:c1:38:97,2,1,1,0,128,794,801,844,776,909,974,463,459,46,267,405,974,173,780,674,224,898,1008,495,933,693,39,709,1012,557,77,1007,205,272,981,872,606,61,102,99,108,82,78,59,47,96,95,72,35,62,62,114,65,78,65,61,58,38,47,44,51,88,50,55,51,50,77,76,84
[ 29.575068] wil6210-aoa$0,1606461629.197163,04:d6:aa:c1:38:97,2,1,1,0,128,390,32,792,796,959,986,405,495,1017,251,963,144,804,1002,180,425,930,993,491,975,685,25,717,6,51,295,967,219,270,983,51,766,63,103,101,107,82,80,63,47,96,98,75,38,65,62,115,67,83,65,65,60,42,52,49,55,92,56,62,55,55,85,85,91
[ 29.616354] wil6210-aoa$0,1606461629.238451,04:d6:aa:c1:38:97,2,1,1,0,128,827,826,287,619,447,830,401,484,86,308,940,119,771,970,197,486,893,982,443,924,680,27,761,40,105,295,1005,187,748,793,611,409,68,113,107,119,88,86,65,50,104,101,78,37,66,66,123,69,85,69,67,62,42,52,49,53,97,56,63,53,54,85,85,94
[ 29.646288] wil6210-aoa$0,1606461629.268383,04:d6:aa:c1:38:97,2,1,1,0,128,287,964,883,845,942,968,893,274,46,256,348,896,784,1014,177,412,926,1006,467,953,639,20,678,1019,40,252,977,206,753,791,166,1006,71,113,109,116,90,88,66,52,103,106,84,43,70,66,127,76,89,71,71,66,45,58,53,60,102,62,66,61,62,92,91,100
[ 29.672473] wil6210-aoa$0,1606461629.294570,04:d6:aa:c1:38:97,2,1,1,0,128,311,5,795,823,993,1014,449,478,59,289,928,149,788,1002,630,253,946,989,417,901,161,883,786,58,89,299,0,231,304,963,900,526,64,102,98,108,78,78,61,48,95,95,75,38,62,61,115,66,80,64,62,58,40,53,46,53,91,55,59,51,52,81,85,89
[ 29.702364] wil6210-aoa$0,1606461629.324457,04:d6:aa:c1:38:97,2,1,1,0,128,821,789,895,801,1005,17,429,524,60,277,952,178,764,982,155,417,864,973,517,977,689,11,746,29,125,321,1022,218,288,1001,336,50,66,108,103,110,86,85,65,50,99,98,76,39,67,66,119,69,84,69,66,62,42,53,50,56,97,56,62,57,56,86,88,94
[ 29.734562] wil6210-aoa$0,1606461629.356654,04:d6:aa:c1:38:97,2,1,1,0,128,364,23,846,821,978,33,421,492,13,279,934,119,779,977,191,453,931,995,493,953,685,23,681,1018,44,278,981,172,305,1021,886,606,66,111,104,113,84,81,64,50,100,99,80,36,67,63,120,67,83,67,65,59,40,49,47,52,91,50,59,51,52,81,76,85
[ 29.764817] wil6210-aoa$0,1606461629.386914,04:d6:aa:c1:38:97,2,1,1,0,128,324,985,889,879,916,995,854,238,67,250,991,151,809,1002,165,412,885,1004,435,930,610,7,758,34,71,268,1005,209,282,943,500,184,69,108,103,110,90,87,68,52,104,105,80,43,69,67,126,75,88,69,69,64,45,57,54,59,99,62,66,60,62,91,96,101
[ 29.793836] wil6210-aoa$0,1606461629.415928,04:d6:aa:c1:38:97,2,1,1,0,128,389,24,880,831,961,968,434,461,52,267,988,174,807,1012,150,466,954,1019,437,954,633,7,742,43,90,254,2,229,319,1008,178,839,69,111,106,114,86,86,66,51,103,104,79,42,68,66,125,73,87,69,68,63,44,55,51,57,98,60,64,59,58,88,91,96
[ 29.819601] wil6210-aoa$0,1606461629.441697,04:d6:aa:c1:38:97,2,1,1,0,128,780,797,867,841,453,831,443,476,1020,263,379,962,230,800,160,413,902,1019,461,945,691,39,745,15,32,254,441,1023,312,979,593,257,60,102,99,108,81,77,58,48,96,95,72,35,61,60,113,65,76,64,60,57,38,45,44,49,88,49,55,50,49,73,76,82
[ 29.846113] wil6210-aoa$0,1606461629.468210,04:d6:aa:c1:38:97,2,1,1,0,128,256,960,864,829,916,959,941,317,24,295,940,134,823,63,196,467,932,8,489,963,701,66,752,1017,121,299,1011,200,319,1002,572,198,62,108,105,114,83,82,61,51,99,99,74,35,61,62,116,67,79,65,64,59,39,46,46,53,91,49,57,50,50,76,75,83
[ 29.875403] wil6210-aoa$0,1606461629.497497,04:d6:aa:c1:38:97,2,1,1,0,128,328,984,876,819,949,986,834,239,490,83,339,963,247,842,175,414,907,988,437,890,636,1005,726,2,39,241,434,1009,686,782,958,731,65,105,100,108,81,81,62,48,95,95,76,40,65,62,115,69,84,64,64,62,41,54,47,56,93,57,60,55,56,83,87,93
[ 29.901395] wil6210-aoa$0,1606461629.523493,04:d6:aa:c1:38:97,2,1,1,0,128,252,996,754,756,1000,9,416,505,68,279,987,188,796,1010,186,472,988,23,484,968,623,1012,760,13,564,48,483,21,780,803,257,947,63,104,99,108,79,80,62,49,96,96,75,38,65,62,111,67,83,66,65,60,41,53,47,54,91,55,60,53,53,82,84,88
[ 29.927075] wil6210-aoa$0,1606461629.549172,04:d6:aa:c1:38:97,2,1,1,0,128,345,1015,862,833,946,1003,410,475,54,255,930,124,164,816,636,253,927,1015,507,929,696,16,726,15,96,330,1010,211,288,998,408,147,64,103,99,105,83,83,62,49,98,97,76,38,64,64,116,68,83,66,66,60,43,52,49,56,93,57,61,54,54,84,87,92
[ 29.953552] wil6210-aoa$0,1606461629.575650,04:d6:aa:c1:38:97,2,1,1,0,128,314,967,884,825,992,1012,433,522,95,318,942,140,776,1001,158,447,922,23,403,907,74,807,192,874,26,233,1017,253,282,1002,790,477,61,104,98,106,80,78,59,45,93,93,70,35,60,60,109,63,77,62,59,56,36,43,42,47,84,48,52,47,48,72,67,76
[ 29.980402] wil6210-aoa$0,1606461629.602499,04:d6:aa:c1:38:97,2,1,1,0,128,311,978,884,834,957,993,440,459,981,237,883,47,222,808,642,241,329,765,474,895,737,49,699,982,541,91,954,164,268,927,99,905,62,104,97,110,80,78,59,47,96,96,73,38,61,61,112,66,80,63,63,58,40,51,46,52,91,53,57,50,52,79,77,82
[ 30.012250] wil6210-aoa$0,1606461629.634348,04:d6:aa:c1:38:97,2,1,1,0,128,818,812,832,826,401,811,417,486,462,3,400,937,236,835,647,220,417,873,890,676,688,1019,767,27,71,280,1007,173,334,1015,492,147,64,105,96,107,80,81,61,47,99,96,73,39,62,62,116,67,82,65,65,60,41,52,47,54,91,55,61,53,54,83,84,91
[ 30.037830] wil6210-aoa$0,1606461629.659929,04:d6:aa:c1:38:97,2,1,1,0,128,383,1023,845,778,998,978,403,484,56,238,944,115,832,11,84,421,904,1002,409,900,665,27,724,12,106,288,7,230,316,1018,617,374,70,111,108,115,88,89,66,52,105,102,84,44,70,68,128,74,90,70,69,65,45,55,53,62,101,61,65,59,61,91,96,100
[ 30.064540] wil6210-aoa$0,1606461629.686638,04:d6:aa:c1:38:97,2,1,1,0,128,294,990,898,814,979,985,437,510,1013,200,884,84,230,788,614,196,961,13,455,917,711,22,782,54,34,219,949,173,223,951,402,132,68,115,107,117,88,86,65,50,105,103,79,37,65,64,120,68,84,68,68,62,41,51,47,55,93,52,61,54,52,78,81,87
[ 30.093507] wil6210-aoa$0,1606461629.715574,04:d6:aa:c1:38:97,2,1,1,0,128,767,753,337,626,407,814,437,447,544,96,921,99,805,1000,168,417,979,1013,441,874,663,1000,703,1017,569,62,992,165,233,951,253,964,73,124,116,125,94,93,66,52,113,108,85,39,70,69,128,73,90,73,71,66,43,53,52,60,100,56,62,55,55,85,85,93
[ 30.132293] wil6210-aoa$0,1606461629.754389,04:d6:aa:c1:38:97,2,1,1,0,128,764,801,386,648,347,780,956,291,525,80,986,118,252,776,184,427,885,976,512,955,699,8,719,11,84,274,983,178,250,945,806,536,71,117,112,122,94,91,70,54,110,110,84,42,73,69,127,77,91,73,72,68,47,57,52,62,105,62,68,59,60,93,92,101
[ 30.160668] wil6210-aoa$0,1606461629.782759,04:d6:aa:c1:38:97,2,1,1,0,128,312,989,855,802,971,993,875,245,24,282,988,122,749,951,106,385,931,1021,456,925,95,833,192,843,118,289,957,194,323,987,298,16,64,110,105,114,85,82,62,51,102,101,79,38,67,64,124,72,86,67,67,63,42,51,48,54,97,54,62,51,54,83,84,89
[ 30.193839] wil6210-aoa$0,1606461629.815937,04:d6:aa:c1:38:97,2,1,1,0,128,310,997,870,818,1016,1020,382,458,54,266,325,864,246,771,653,211,954,997,919,707,724,21,710,1015,95,265,1006,168,785,773,669,409,71,118,114,123,92,89,68,51,110,108,86,42,71,68,129,75,90,72,72,66,46,58,54,62,103,61,68,61,61,90,93,100
[ 30.221549] wil6210-aoa$0,1606461629.843642,04:d6:aa:c1:38:97,2,1,1,0,128,343,992,851,823,980,1,426,488,71,288,967,146,776,1001,144,414,902,983,445,907,691,18,830,98,52,294,1007,194,331,16,8,727,65,105,95,106,81,83,62,47,99,97,76,39,64,63,117,68,84,66,65,62,41,54,50,58,92,59,62,55,57,85,87,93
[ 30.253990] wil6210-aoa$0,1606461629.876083,04:d6:aa:c1:38:97,2,1,1,0,128,793,801,286,575,455,806,377,430,35,230,966,137,774,987,206,460,937,1004,421,917,120,846,749,32,82,294,1008,237,320,1008,949,706,72,116,112,121,92,92,70,54,110,111,85,46,72,71,127,74,95,75,73,70,48,61,55,63,106,68,68,62,63,98,100,106
[ 30.285492] wil6210-aoa$0,1606461629.907590,04:d6:aa:c1:38:97,2,1,1,0,128,291,960,297,612,986,979,389,431,1010,233,338,957,183,775,648,249,349,794,913,725,110,826,197,861,594,122,1006,171,787,819,423,196,73,119,111,120,89,91,67,53,109,109,84,43,71,70,130,75,91,73,73,68,44,60,54,61,103,63,68,59,62,93,96,103
[ 30.316245] wil6210-aoa$0,1606461629.938338,04:d6:aa:c1:38:97,2,1,1,0,128,818,811,844,820,1009,1,502,499,8,247,903,71,228,775,660,196,398,841,900,710,102,812,196,837,117,302,971,160,248,960,427,190,73,118,112,120,93,91,68,55,110,108,86,44,72,71,128,75,93,75,73,69,47,61,55,63,106,66,70,63,64,97,100,105
[ 30.348158] wil6210-aoa$0,1606461629.970256,04:d6:aa:c1:38:97,2,1,1,0,128,341,996,276,598,952,1011,376,459,1001,234,350,956,212,760,673,221,934,1011,416,892,684,35,719,18,522,66,496,34,261,973,353,65,72,116,114,122,90,89,68,53,111,109,83,43,68,68,130,77,92,73,72,67,47,60,53,61,103,62,69,59,61,93,93,101
[ 30.377718] wil6210-aoa$0,1606461629.999813,04:d6:aa:c1:38:97,2,1,1,0,128,270,960,836,792,944,1005,397,470,559,118,929,136,796,995,152,431,904,999,470,951,655,9,651,1014,78,265,993,220,279,990,575,202,71,118,113,121,92,91,69,51,110,109,85,43,68,69,129,75,96,72,71,68,46,58,54,61,101,62,66,58,61,90,94,100
[ 30.410070] wil6210-aoa$0,1606461630.032166,04:d6:aa:c1:38:97,2,1,1,0,128,323,994,283,612,12,8,433,507,93,360,938,174,748,1010,624,235,883,987,465,932,703,15,733,1008,170,329,1020,229,314,1007,139,849,63,102,97,105,82,79,59,47,94,93,75,38,65,61,114,68,80,64,65,60,40,52,47,53,91,55,59,54,52,80,79,87
[ 30.438985] wil6210-aoa$0,1606461630.061077,04:d6:aa:c1:38:97,2,1,1,0,128,782,758,880,832,946,995,420,450,58,300,961,185,756,991,207,457,887,1006,464,943,619,19,757,55,68,261,1014,224,256,957,631,355,68,114,103,116,88,86,63,49,103,104,82,40,66,66,121,71,85,69,68,64,41,54,49,57,96,59,64,55,57,86,88,96
[ 30.473153] wil6210-aoa$0,1606461630.095245,04:d6:aa:c1:38:97,2,1,1,0,128,330,966,880,840,899,987,435,471,25,270,963,137,769,998,185,450,892,979,430,936,69,846,752,1,539,48,477,43,256,964,306,93,67,105,100,109,84,83,63,49,99,99,77,42,68,65,118,71,86,67,67,64,42,55,52,59,93,59,64,57,60,88,92,98
[ 30.505955] wil6210-aoa$0,1606461630.128048,04:d6:aa:c1:38:97,2,1,1,0,128,323,1018,829,812,1003,1009,386,451,67,255,926,133,807,1018,194,442,910,1003,475,927,677,1018,735,1023,51,215,1001,213,226,928,993,755,67,113,105,117,88,86,63,50,101,102,81,37,66,67,123,70,87,72,68,62,43,52,50,55,95,53,62,56,56,83,83,91
[ 30.544990] wil6210-aoa$0,1606461630.167086,04:d6:aa:c1:38:97,2,1,1,0,128,349,8,871,822,395,796,460,511,1003,279,959,141,822,32,135,463,903,15,417,879,752,36,731,1016,555,77,393,976,750,727,155,960,67,108,102,112,85,82,65,50,100,101,78,39,67,64,123,69,85,69,66,65,41,52,48,57,96,56,61,56,58,87,84,94
[ 30.571098] wil6210-aoa$0,1606461630.193190,04:d6:aa:c1:38:97,2,1,1,0,128,284,968,897,818,937,948,427,486,977,194,959,165,185,782,152,377,973,17,472,952,671,15,755,35,581,112,962,193,263,973,738,549,67,102,99,107,82,81,60,48,97,97,75,39,64,62,114,66,81,64,66,58,43,52,48,53,90,56,60,55,56,81,83,90
[ 30.601724] wil6210-aoa$0,1606461630.223821,04:d6:aa:c1:38:97,2,1,1,0,128,345,984,857,822,994,15,350,417,63,292,911,106,762,980,679,280,374,820,462,939,679,49,784,85,147,304,957,183,230,959,513,218,62,104,97,105,81,80,60,48,95,96,74,35,61,60,111,63,77,65,63,58,38,47,45,51,89,49,57,49,50,75,74,83
[ 30.627853] wil6210-aoa$0,1606461630.249951,04:d6:aa:c1:38:97,2,1,1,0,128,807,780,850,803,408,808,902,250,565,125,418,963,224,777,644,240,995,34,467,937,618,989,732,43,78,247,457,33,792,821,578,330,65,106,103,110,85,84,65,48,97,101,78,39,65,65,120,69,86,67,67,61,42,53,49,56,96,58,60,53,55,84,82,91
[ 30.654016] wil6210-aoa$0,1606461630.276113,04:d6:aa:c1:38:97,2,1,1,0,128,771,773,317,654,400,805,431,488,12,246,1018,157,784,1020,133,396,357,784,928,722,143,828,223,874,565,85,447,16,750,773,789,566,63,104,98,106,82,77,58,47,94,94,72,33,58,58,107,61,75,63,60,56,36,45,41,48,85,47,52,48,45,71,69,77
[ 30.682308] wil6210-aoa$0,1606461630.304399,04:d6:aa:c1:38:97,2,1,1,0,128,376,29,848,819,1003,1011,900,247,518,79,452,993,221,798,665,227,945,991,874,703,716,21,709,989,98,264,1010,173,340,987,603,209,63,101,99,105,80,80,63,48,99,97,74,39,66,63,117,69,84,66,63,60,41,54,49,56,94,58,62,56,57,86,88,94
[ 30.715825] wil6210-aoa$0,1606461630.337917,04:d6:aa:c1:38:97,2,1,1,0,128,337,988,843,789,356,805,911,328,54,339,955,129,850,33,158,471,931,0,483,901,147,880,723,1,146,304,965,206,236,958,399,115,70,120,110,122,91,92,67,52,110,106,83,41,70,70,129,74,88,71,73,67,44,53,52,59,101,60,66,57,58,91,92,100
[ 30.758665] wil6210-aoa$0,1606461630.380762,04:d6:aa:c1:38:97,2,1,1,0,128,362,1023,833,790,963,18,393,484,9,283,313,911,166,811,684,274,879,976,896,736,688,39,701,1013,604,124,441,999,808,818,603,346,64,110,102,109,81,76,58,47,96,94,72,32,57,59,110,63,77,64,62,56,36,45,40,45,83,46,50,46,45,72,65,76
[ 30.789307] wil6210-aoa$0,1606461630.411405,04:d6:aa:c1:38:97,2,1,1,0,128,356,1014,886,842,996,1023,377,448,38,251,927,116,746,977,196,480,939,992,485,936,734,50,799,48,58,260,28,211,340,5,878,523,63,104,98,105,80,77,61,47,93,93,74,36,60,60,114,65,79,65,63,59,41,48,46,53,90,53,57,52,52,81,80,84
[ 30.820106] wil6210-aoa$0,1606461630.442197,04:d6:aa:c1:38:97,2,1,1,0,128,345,20,870,850,984,1008,467,484,19,281,992,153,766,1000,112,349,930,965,473,924,635,1000,699,1022,88,287,26,234,253,985,575,168,64,99,98,104,79,81,61,49,95,96,74,40,65,61,115,67,81,64,64,61,42,50,48,55,94,55,60,52,53,83,83,90
[ 30.846131] wil6210-aoa$0,1606461630.468227,04:d6:aa:c1:38:97,2,1,1,0,128,818,842,313,661,994,1019,401,502,16,258,939,130,709,960,185,422,942,7,465,961,589,982,729,1006,68,230,981,167,733,796,56,948,67,112,108,117,88,87,65,51,105,102,81,40,67,67,123,72,87,73,68,65,42,53,51,58,98,58,63,55,55,87,89,94
[ 30.876336] wil6210-aoa$0,1606461630.498428,04:d6:aa:c1:38:97,2,1,1,0,128,844,837,852,794,983,999,853,236,483,55,1008,171,744,987,201,456,919,1011,452,899,681,18,703,1007,576,93,62,215,308,1004,788,412,68,113,108,118,85,87,65,51,104,102,79,37,68,67,123,72,87,70,69,64,44,53,50,59,100,60,62,58,58,89,90,92
[ 30.911361] wil6210-aoa$0,1606461630.533454,04:d6:aa:c1:38:97,2,1,1,0,128,302,990,806,804,934,992,384,461,5,260,944,126,852,7,153,439,948,9,493,930,625,999,659,1002,87,312,998,249,189,941,896,663,68,114,110,118,87,90,67,51,104,105,82,42,69,70,126,73,86,69,69,64,44,56,51,60,97,59,65,58,58,89,91,97
[ 30.945069] wil6210-aoa$0,1606461630.567162,04:d6:aa:c1:38:97,2,1,1,0,128,352,9,943,869,904,954,420,467,43,323,941,127,846,6,219,427,918,992,412,896,727,41,748,49,80,257,45,244,290,964,410,44,63,102,96,108,82,82,63,48,95,96,76,37,64,60,115,66,81,65,65,60,40,50,47,52,90,55,59,50,52,80,79,84
[ 30.971664] wil6210-aoa$0,1606461630.593755,04:d6:aa:c1:38:97,2,1,1,0,128,381,11,829,787,983,29,442,521,39,301,959,169,836,14,146,421,875,1011,433,950,637,1008,194,840,569,110,27,234,344,1,721,285,64,111,102,112,84,79,62,49,100,99,74,37,63,62,115,65,83,67,65,62,41,51,47,55,93,55,61,53,55,83,84,89
[ 31.005746] wil6210-aoa$0,1606461630.627839,04:d6:aa:c1:38:97,2,1,1,0,128,244,982,869,852,470,831,384,424,97,311,976,148,792,974,144,406,937,1015,467,899,674,13,701,17,35,236,1011,178,247,953,436,209,65,111,105,114,84,81,63,48,103,99,75,36,62,63,115,66,83,67,66,60,41,50,47,52,92,48,56,48,48,76,74,80
[ 31.033749] wil6210-aoa$0,1606461630.655843,04:d6:aa:c1:38:97,2,1,1,0,128,332,1023,806,772,447,855,418,473,91,329,969,135,779,1,609,206,379,826,958,749,142,824,203,852,63,240,1012,216,307,965,888,651,71,116,111,122,91,91,69,53,111,112,83,43,71,70,133,76,93,74,73,68,46,58,53,61,105,64,65,60,62,93,93,100
[ 31.062972] wil6210-aoa$0,1606461630.685068,04:d6:aa:c1:38:97,2,1,1,0,128,791,801,283,608,372,761,974,319,57,279,969,106,758,962,157,448,945,991,495,948,603,984,754,52,505,35,13,198,753,795,257,133,70,116,109,120,91,89,66,51,108,107,81,38,68,67,128,74,90,74,70,65,44,56,50,57,102,58,63,55,56,88,85,92
[ 31.090389] wil6210-aoa$0,1606461630.712481,04:d6:aa:c1:38:97,2,1,1,0,128,342,12,855,827,940,992,417,487,40,299,961,103,775,991,111,391,918,989,427,901,642,995,713,17,74,255,990,202,278,970,172,852,63,103,97,106,81,81,62,50,96,96,76,37,62,61,115,67,82,65,63,60,39,51,46,53,90,54,58,52,54,83,80,87
[ 31.120778] wil6210-aoa$0,1606461630.742874,04:d6:aa:c1:38:97,2,1,1,0,128,316,968,863,827,951,978,397,486,90,302,946,168,807,1002,109,392,935,981,462,918,704,34,713,4,120,287,37,240,387,3,327,943,66,108,102,111,84,83,63,48,99,101,79,39,65,64,119,69,85,67,65,62,41,53,48,55,95,56,61,53,56,86,86,90
[ 31.151993] wil6210-aoa$0,1606461630.774089,04:d6:aa:c1:38:97,2,1,1,0,128,814,818,844,810,445,833,442,490,55,277,985,154,765,990,111,356,364,802,921,704,134,842,212,830,567,115,929,181,364,997,111,824,64,101,96,105,81,81,61,48,95,94,74,41,65,63,119,69,83,65,65,59,44,54,48,56,93,60,62,57,57,88,89,95
[ 31.178627] wil6210-aoa$0,1606461630.800723,04:d6:aa:c1:38:97,2,1,1,0,128,328,1008,839,800,435,863,334,428,44,256,938,123,780,1001,180,447,876,956,481,958,693,20,685,991,111,249,470,11,315,967,193,938,62,102,98,106,81,79,60,48,95,96,74,34,60,60,113,65,78,64,63,58,38,49,46,51,90,51,55,49,49,76,74,80
[ 31.209857] wil6210-aoa$0,1606461630.831948,04:d6:aa:c1:38:97,2,1,1,0,128,811,834,307,656,938,1019,444,470,95,306,970,151,809,9,161,436,961,15,461,943,671,21,731,44,531,87,986,190,324,1005,17,729,71,121,109,120,92,90,68,53,109,106,84,43,70,69,131,75,92,72,71,68,46,59,52,61,104,63,67,60,61,95,97,105
[ 31.236406] wil6210-aoa$0,1606461630.858503,04:d6:aa:c1:38:97,2,1,1,0,128,777,840,873,867,943,1007,426,460,38,265,911,138,821,15,168,437,424,812,943,708,701,23,748,9,129,300,997,182,304,992,654,365,66,110,102,111,85,84,63,51,101,99,78,39,65,64,119,68,85,67,66,63,41,52,50,55,96,54,63,52,55,81,84,90
[ 31.266495] wil6210-aoa$0,1606461630.888587,04:d6:aa:c1:38:97,2,1,1,0,128,286,991,908,875,1011,1016,448,522,27,277,924,103,833,1,194,442,922,987,377,877,703,41,707,26,117,288,51,249,302,968,144,843,65,110,103,116,86,82,63,49,102,103,77,38,68,65,119,69,85,68,66,61,41,50,47,53,93,54,60,53,53,81,80,89
[ 31.301499] wil6210-aoa$0,1606461630.923591,04:d6:aa:c1:38:97,2,1,1,0,128,805,790,851,804,1006,1021,416,468,15,245,1,157,769,1001,196,418,979,1014,396,882,655,15,144,787,545,75,999,169,268,953,158,894,76,121,112,123,96,95,72,56,111,113,88,45,75,74,134,80,95,75,75,71,48,61,56,64,104,66,67,62,65,95,98,104
[ 31.340719] wil6210-aoa$0,1606461630.962814,04:d6:aa:c1:38:97,2,1,1,0,128,262,974,855,816,931,984,447,475,6,254,943,144,775,1001,181,421,945,1022,569,996,704,83,758,35,90,304,11,227,313,978,847,428,67,113,108,116,87,86,68,53,103,102,82,43,68,68,125,73,91,69,69,67,44,58,52,60,99,62,67,58,61,92,93,100
[ 31.371518] wil6210-aoa$0,1606461630.993615,04:d6:aa:c1:38:97,2,1,1,0,128,314,1013,823,799,449,821,437,516,54,290,981,179,780,993,133,427,890,983,923,741,699,30,751,51,76,311,965,172,314,987,878,557,65,103,98,107,83,83,61,47,95,97,74,41,64,63,118,68,82,66,64,60,42,53,50,56,93,57,61,56,56,84,87,92
[ 31.398215] wil6210-aoa$0,1606461631.020312,04:d6:aa:c1:38:97,2,1,1,0,128,233,903,318,646,336,774,941,314,450,21,993,154,225,783,162,444,936,1017,513,945,629,989,703,22,40,222,984,188,255,937,414,35,74,116,110,119,91,95,67,54,111,111,86,45,73,70,127,78,94,75,74,71,47,62,56,64,106,66,70,64,64,96,102,106
[ 31.429915] wil6210-aoa$0,1606461631.052013,04:d6:aa:c1:38:97,2,1,1,0,128,854,845,851,813,974,990,325,384,56,259,938,161,797,997,609,206,924,998,960,732,93,809,177,796,577,60,431,994,793,846,680,377,71,117,113,123,91,92,69,53,112,110,86,45,71,71,129,76,93,73,73,70,47,58,54,62,104,65,68,62,62,96,96,106
[ 31.461964] wil6210-aoa$0,1606461631.084058,04:d6:aa:c1:38:97,2,1,1,0,128,378,8,768,793,949,995,446,453,1013,260,902,123,786,993,155,441,881,981,517,975,707,78,772,76,38,264,994,235,261,943,349,49,63,103,96,104,82,82,61,47,97,97,73,39,63,61,117,65,82,65,65,61,40,53,48,56,93,55,61,53,55,82,84,91
[ 31.492901] wil6210-aoa$0,1606461631.114999,04:d6:aa:c1:38:97,2,1,1,0,128,321,989,843,817,919,941,942,293,16,276,886,118,751,993,627,229,995,1023,429,901,688,28,696,1012,33,282,16,249,301,973,116,916,71,119,111,120,88,88,66,51,112,108,82,38,69,67,124,71,87,70,70,64,43,54,48,52,97,53,62,53,52,83,83,92
[ 31.520621] wil6210-aoa$0,1606461631.142719,04:d6:aa:c1:38:97,2,1,1,0,128,792,795,895,848,956,1015,462,498,994,230,941,154,194,756,646,202,895,998,457,913,620,994,741,999,117,282,1015,226,250,948,610,422,70,116,110,119,90,91,67,52,107,105,79,39,69,66,126,70,89,73,71,67,44,56,52,58,103,60,66,59,57,87,87,96
[ 31.548042] wil6210-aoa$0,1606461631.170141,04:d6:aa:c1:38:97,2,1,1,0,128,307,3,794,753,12,24,288,453,98,332,989,196,762,997,182,446,892,959,503,930,139,816,794,76,48,254,46,233,313,1008,637,316,63,105,99,105,81,81,62,48,98,96,75,38,61,61,114,67,82,65,63,61,40,51,47,53,90,53,59,51,54,81,80,88
[ 31.574556] wil6210-aoa$0,1606461631.196653,04:d6:aa:c1:38:97,2,1,1,0,128,335,999,911,864,956,1019,470,531,64,273,950,126,824,1007,187,430,916,998,464,893,717,11,706,982,125,320,953,183,280,979,101,738,64,102,98,105,81,82,62,47,96,96,73,40,64,64,115,67,81,64,65,61,43,54,48,55,91,56,61,54,55,84,84,92
[ 31.605916] wil6210-aoa$0,1606461631.228009,04:d6:aa:c1:38:97,2,1,1,0,128,291,997,865,837,1,17,434,485,35,225,420,1,188,766,214,425,961,1000,453,937,686,1000,773,22,4,244,1011,216,249,939,449,189,73,121,110,122,91,88,67,52,107,106,84,41,69,70,129,75,91,72,73,66,44,57,52,59,103,61,67,59,60,91,93,102
[ 31.640845] wil6210-aoa$0,1606461631.262939,04:d6:aa:c1:38:97,2,1,1,0,128,382,8,822,796,960,2,420,459,1021,253,427,978,825,1009,190,470,965,1001,454,873,94,855,723,9,16,194,999,171,730,762,334,156,62,98,97,102,79,79,61,47,95,96,74,37,63,63,111,65,82,63,63,58,39,51,46,53,90,55,59,51,52,81,78,84
[ 31.674441] wil6210-aoa$0,1606461631.296538,04:d6:aa:c1:38:97,2,1,1,0,128,326,1011,873,848,946,1019,438,485,72,265,898,101,760,997,174,429,913,1017,440,913,693,26,721,48,124,295,979,198,325,997,938,624,69,112,105,115,88,89,66,51,101,104,79,40,68,66,119,71,88,69,68,63,43,54,51,56,97,58,62,58,57,88,90,96
[ 31.704818] wil6210-aoa$0,1606461631.326910,04:d6:aa:c1:38:97,2,1,1,0,128,385,19,902,822,935,981,883,280,1015,226,942,162,779,993,205,441,865,967,461,927,702,30,736,26,63,276,968,199,322,1012,204,884,67,110,108,116,84,80,63,50,102,97,77,33,62,63,117,67,81,67,64,57,38,48,44,49,90,49,54,48,49,76,72,78
[ 31.740024] wil6210-aoa$0,1606461631.362117,04:d6:aa:c1:38:97,2,1,1,0,128,369,20,826,834,1019,21,428,503,989,228,852,78,230,781,630,228,328,792,901,698,115,805,140,844,605,95,432,7,259,969,34,811,71,115,107,118,89,87,67,52,104,104,82,41,68,66,122,69,86,70,68,64,43,53,50,58,97,59,62,54,56,84,87,93
[ 31.774716] wil6210-aoa$0,1606461631.396810,04:d6:aa:c1:38:97,2,1,1,0,128,300,1017,822,770,14,26,429,471,108,340,936,129,780,1016,174,454,898,991,402,856,704,53,727,14,62,304,1017,259,300,1001,364,1020,72,116,113,124,91,91,66,52,109,108,83,39,67,68,127,74,88,72,72,67,42,54,52,60,99,59,64,57,55,88,87,95
[ 31.802806] wil6210-aoa$0,1606461631.424899,04:d6:aa:c1:38:97,2,1,1,0,128,310,991,866,835,979,1008,862,277,68,261,937,120,740,968,173,391,930,1020,460,920,738,59,713,1022,45,232,986,133,739,734,873,709,71,116,113,123,91,90,69,52,111,110,82,42,74,70,130,75,91,71,73,68,47,60,53,62,102,61,69,60,61,93,94,104
[ 31.838251] wil6210-aoa$0,1606461631.460344,04:d6:aa:c1:38:97,2,1,1,0,128,784,798,309,628,407,831,942,364,0,272,955,140,773,985,147,425,863,968,922,720,131,838,209,847,509,60,444,1007,689,767,299,42,70,116,111,121,91,89,67,53,109,107,84,40,70,70,128,74,90,72,71,68,45,57,51,60,101,61,67,57,58,92,91,97
[ 31.870183] wil6210-aoa$0,1606461631.492280,04:d6:aa:c1:38:97,2,1,1,0,128,331,1014,768,819,965,975,427,493,1023,218,1016,176,813,1017,166,456,909,995,412,911,695,31,783,36,57,266,959,166,294,995,363,1012,63,104,98,105,80,81,60,46,95,96,75,38,65,63,116,68,80,65,66,62,41,53,48,54,91,57,61,55,55,84,86,90
[ 31.902535] wil6210-aoa$0,1606461631.524627,04:d6:aa:c1:38:97,2,1,1,0,128,818,811,841,820,978,5,392,464,526,103,935,133,234,854,116,427,961,1008,481,909,653,992,716,1019,534,50,993,163,726,750,223,44,70,119,112,120,92,87,66,53,107,104,82,40,69,69,125,73,90,72,72,65,43,57,51,59,101,59,65,57,60,91,91,98
[ 31.930131] wil6210-aoa$0,1606461631.552228,04:d6:aa:c1:38:97,2,1,1,0,128,856,856,803,758,445,792,897,283,12,244,953,135,769,984,193,428,838,939,889,731,677,10,164,862,34,205,24,203,295,990,59,704,70,115,112,122,89,88,71,53,108,109,82,42,70,68,125,72,88,72,70,64,44,54,51,59,101,57,65,56,57,87,90,99
[ 31.960805] wil6210-aoa$0,1606461631.582900,04:d6:aa:c1:38:97,2,1,1,0,128,356,21,833,805,957,969,415,478,17,266,930,136,741,988,248,528,897,1004,480,943,720,77,726,41,14,221,34,251,295,982,802,569,74,119,114,126,94,93,71,55,113,113,87,47,75,72,129,80,96,75,76,70,49,61,56,65,106,68,69,61,64,95,101,107
[ 31.994325] wil6210-aoa$0,1606461631.616422,04:d6:aa:c1:38:97,2,1,1,0,128,261,917,900,793,971,998,422,481,66,289,914,154,758,992,157,395,327,788,963,750,666,6,712,1014,593,92,995,200,286,987,479,228,62,101,95,104,80,77,59,47,95,94,73,37,59,60,110,65,80,62,62,58,39,49,43,50,86,51,56,49,51,79,75,84
[ 32.025061] wil6210-aoa$0,1606461631.647153,04:d6:aa:c1:38:97,2,1,1,0,128,315,989,808,824,398,818,884,255,44,252,992,169,803,41,83,414,959,10,417,903,682,29,682,3,47,269,427,1010,347,998,857,558,71,116,113,120,92,90,68,54,109,107,85,42,71,69,127,76,93,72,71,65,45,57,51,59,102,61,66,59,60,93,94,102
[ 32.057668] wil6210-aoa$0,1606461631.679763,04:d6:aa:c1:38:97,2,1,1,0,128,396,51,801,798,987,6,440,541,97,342,909,122,824,21,155,409,955,1,468,939,708,35,743,6,110,268,2,212,291,978,614,302,65,101,97,105,81,80,61,47,94,95,75,41,65,63,116,68,82,64,63,59,42,54,49,56,92,59,62,56,55,86,89,92
[ 32.089120] wil6210-aoa$0,1606461631.711217,04:d6:aa:c1:38:97,2,1,1,0,128,836,852,274,597,1020,21,868,248,508,58,387,914,290,800,625,227,366,780,907,699,79,806,203,867,547,58,408,11,695,736,872,648,69,112,105,114,87,86,66,51,105,103,79,43,68,65,123,72,88,68,68,64,45,57,51,57,100,60,64,58,59,86,90,97
[ 32.116648] wil6210-aoa$0,1606461631.738745,04:d6:aa:c1:38:97,2,1,1,0,128,752,777,296,612,992,1002,451,511,30,269,984,160,782,1011,140,393,930,1010,455,909,102,811,230,913,93,247,408,1006,330,1005,531,310,73,120,117,123,95,93,70,57,111,112,86,42,73,70,132,76,92,76,74,70,45,59,54,63,108,63,68,61,63,94,93,102
[ 32.149044] wil6210-aoa$0,1606461631.771136,04:d6:aa:c1:38:97,2,1,1,0,128,339,1020,891,822,13,27,456,463,41,251,958,111,758,1000,195,458,897,982,465,922,702,1020,701,4,482,33,457,5,288,966,999,767,65,103,100,108,84,84,64,49,97,98,76,41,65,63,120,71,86,68,66,62,43,54,49,56,94,59,63,56,58,87,88,94
[ 32.182267] wil6210-aoa$0,1606461631.804363,04:d6:aa:c1:38:97,2,1,1,0,128,345,17,847,823,8,28,395,472,52,258,909,121,828,30,153,430,984,4,498,973,684,1008,726,987,115,245,979,180,278,929,911,671,64,109,105,112,84,83,65,49,101,102,77,38,64,65,120,68,85,68,64,63,42,54,48,54,95,55,60,53,52,82,81,91
[ 32.209733] wil6210-aoa$0,1606461631.831830,04:d6:aa:c1:38:97,2,1,1,0,128,313,977,875,799,960,1004,830,225,524,18,373,960,258,835,232,482,918,980,430,889,663,1012,710,6,135,315,0,182,734,774,130,1023,72,115,111,119,94,90,69,54,109,107,85,41,71,69,126,73,90,73,71,67,45,59,52,59,103,58,64,59,58,90,90,97
[ 32.242790] wil6210-aoa$0,1606461631.864886,04:d6:aa:c1:38:97,2,1,1,0,128,868,844,832,811,925,958,937,291,12,232,410,988,210,805,166,439,894,958,488,948,685,19,769,63,47,302,1001,155,263,965,299,5,62,102,99,105,81,82,62,48,94,99,77,40,65,63,118,67,83,65,64,61,42,54,48,56,91,58,61,57,58,86,89,96
[ 32.269748] wil6210-aoa$0,1606461631.891844,04:d6:aa:c1:38:97,2,1,1,0,128,792,815,292,609,971,993,431,452,77,320,399,949,160,781,614,197,312,798,867,659,154,826,167,816,533,75,27,238,285,960,735,489,70,113,112,120,91,89,68,54,109,109,84,41,70,67,132,73,89,73,72,66,46,55,53,59,102,59,64,57,59,88,91,96
[ 32.297631] wil6210-aoa$0,1606461631.919730,04:d6:aa:c1:38:97,2,1,1,0,128,369,996,842,793,945,994,857,279,494,59,400,960,243,827,610,232,373,828,892,694,139,865,682,1009,528,95,428,20,755,782,341,1009,69,118,112,121,91,89,67,53,109,103,81,40,69,68,126,71,85,69,70,64,44,52,49,55,98,54,61,55,55,86,85,93
[ 32.327890] wil6210-aoa$0,1606461631.949984,04:d6:aa:c1:38:97,2,1,1,0,128,321,993,816,817,976,989,422,452,2,250,987,164,772,1005,612,219,403,869,446,904,708,22,710,1020,134,311,2,209,326,984,166,802,73,122,114,123,92,94,69,55,114,114,86,42,72,72,135,76,94,76,76,68,44,56,51,59,100,60,68,57,58,90,88,95
[ 32.362757] wil6210-aoa$0,1606461631.984854,04:d6:aa:c1:38:97,2,1,1,0,128,304,1004,887,857,952,1001,412,439,56,262,976,140,799,989,183,443,942,980,471,926,660,1017,778,61,55,247,1005,168,284,973,564,141,63,101,95,103,81,81,60,46,95,94,76,38,65,60,114,66,82,65,64,60,43,52,49,56,91,57,60,54,55,82,86,92
[ 32.394501] wil6210-aoa$0,1606461632.016595,04:d6:aa:c1:38:97,2,1,1,0,128,330,1015,855,816,926,1002,471,496,27,248,904,100,798,1004,630,244,912,1010,443,953,650,1006,784,33,66,279,21,260,322,988,470,220,60,102,97,106,81,80,60,46,94,96,74,37,63,61,114,65,79,63,60,58,39,47,45,52,87,52,57,49,50,76,77,83
[ 32.427541] wil6210-aoa$0,1606461632.049637,04:d6:aa:c1:38:97,2,1,1,0,128,339,1020,837,831,901,953,367,453,53,273,962,142,796,1010,130,446,957,17,415,903,671,5,727,27,11,226,933,139,308,989,172,861,65,109,98,110,84,81,61,48,97,99,77,36,62,62,118,67,84,67,64,62,42,53,46,52,93,55,60,53,54,82,79,85
[ 32.460177] wil6210-aoa$0,1606461632.082273,04:d6:aa:c1:38:97,2,1,1,0,128,355,987,807,778,478,834,467,475,67,236,368,963,214,777,611,196,345,807,948,742,681,17,710,14,109,286,1000,196,774,797,251,16,63,100,95,104,80,80,60,45,94,97,72,39,62,62,117,66,83,62,64,60,40,54,49,56,92,58,61,56,56,85,88,93
[ 32.487483] wil6210-aoa$0,1606461632.109580,04:d6:aa:c1:38:97,2,1,1,0,128,308,959,805,770,373,793,939,274,20,257,965,125,803,1009,93,391,940,991,480,911,608,985,739,28,57,264,947,152,291,997,220,964,75,119,112,123,94,93,73,55,113,113,86,46,72,70,130,75,96,75,73,70,46,61,56,62,103,64,68,60,62,94,95,100
[ 32.520607] wil6210-aoa$0,1606461632.142704,04:d6:aa:c1:38:97,2,1,1,0,128,827,796,815,788,907,975,428,483,1013,203,400,980,774,993,197,456,913,1003,419,862,106,838,715,38,60,270,968,197,748,801,581,299,73,121,114,123,92,89,68,53,110,109,80,38,68,66,128,73,88,73,69,66,44,53,52,58,102,56,64,58,54,88,85,93
[ 32.548862] wil6210-aoa$0,1606461632.170959,04:d6:aa:c1:38:97,2,1,1,0,128,336,0,821,812,991,15,373,469,80,321,1002,207,788,23,165,458,932,38,432,936,701,40,750,32,40,289,1012,219,344,14,575,270,69,111,105,114,87,87,67,51,103,103,83,41,69,68,123,75,90,70,70,65,45,59,52,61,98,61,65,58,59,91,96,97
[ 32.581622] wil6210-aoa$0,1606461632.203714,04:d6:aa:c1:38:97,2,1,1,0,128,298,7,850,833,957,4,349,400,509,56,989,177,776,1023,596,218,364,807,465,914,688,48,709,6,527,44,492,23,299,951,885,591,68,118,112,118,91,88,65,53,110,107,82,37,68,70,124,72,88,72,68,63,43,52,47,54,98,56,62,53,53,84,79,87
[ 32.613615] wil6210-aoa$0,1606461632.235712,04:d6:aa:c1:38:97,2,1,1,0,128,390,1002,835,834,923,1019,416,493,36,282,990,174,796,1005,182,427,984,29,407,929,737,53,687,15,150,356,960,199,299,994,684,335,67,114,110,119,91,86,66,52,106,105,80,37,69,68,121,70,86,71,67,63,42,52,47,55,98,57,61,52,54,86,82,90
[ 32.647751] wil6210-aoa$0,1606461632.269848,04:d6:aa:c1:38:97,2,1,1,0,128,343,11,808,791,993,0,393,439,5,239,951,134,769,1004,142,399,916,966,899,677,700,1008,764,8,17,246,42,258,292,943,605,331,61,100,95,104,83,83,62,48,95,96,75,35,63,61,114,66,82,66,63,57,40,50,45,53,89,53,57,50,52,76,76,83
[ 32.679322] wil6210-aoa$0,1606461632.301415,04:d6:aa:c1:38:97,2,1,1,0,128,308,971,869,807,950,1006,885,246,531,116,935,169,835,29,213,479,925,1017,423,876,706,1010,747,2,38,253,1017,201,255,918,547,342,67,108,106,112,86,85,64,50,101,101,80,44,67,65,124,71,88,69,68,63,46,58,51,59,99,62,64,58,61,91,93,100
[ 32.709328] wil6210-aoa$0,1606461632.331422,04:d6:aa:c1:38:97,2,1,1,0,128,363,51,856,794,960,996,404,468,1022,251,945,168,810,10,158,417,903,1010,488,936,675,1020,205,857,598,52,491,36,269,966,392,185,66,108,101,111,84,84,63,49,103,101,79,41,66,67,121,71,85,67,68,61,43,53,50,57,92,58,62,54,58,85,87,94
[ 32.745764] wil6210-aoa$0,1606461632.367862,04:d6:aa:c1:38:97,2,1,1,0,128,782,814,850,831,15,38,431,539,0,272,995,221,796,1003,192,479,923,29,445,939,648,14,774,63,124,307,2,218,294,954,947,580,60,101,97,105,76,73,56,46,93,91,69,32,60,56,107,62,73,61,58,55,36,42,41,47,81,45,50,44,43,65,64,72
[ 32.775296] wil6210-aoa$0,1606461632.397387,04:d6:aa:c1:38:97,2,1,1,0,128,764,754,310,634,397,805,863,277,63,274,936,139,228,809,649,178,987,17,497,927,110,809,719,1004,474,34,435,1018,715,772,402,226,64,102,96,107,79,78,61,47,95,96,73,36,64,62,115,66,81,63,63,58,41,51,48,53,91,56,60,54,54,82,83,91
[ 32.811486] wil6210-aoa$0,1606461632.433580,04:d6:aa:c1:38:97,2,1,1,0,128,387,18,875,822,948,1,399,465,1016,230,976,147,755,977,156,421,904,998,469,948,684,26,676,980,603,142,987,202,342,993,463,150,70,115,109,121,90,89,68,54,107,106,83,42,73,70,128,73,93,73,72,65,45,57,50,60,100,58,63,57,59,89,88,95
[ 32.843233] wil6210-aoa$0,1606461632.465329,04:d6:aa:c1:38:97,2,1,1,0,128,747,783,866,831,391,819,433,406,530,119,946,160,655,929,651,229,320,753,934,686,145,839,738,1013,584,92,987,168,700,733,611,452,65,107,102,111,83,84,63,48,100,100,78,41,68,66,120,70,86,68,66,62,41,55,51,57,94,58,62,57,56,85,90,95
[ 32.876974] wil6210-aoa$0,1606461632.499072,04:d6:aa:c1:38:97,2,1,1,0,128,301,964,847,770,944,1008,813,199,38,244,359,913,207,748,681,235,880,974,407,884,634,989,717,1001,93,263,915,139,315,989,203,869,64,101,97,104,80,79,60,48,96,96,76,39,64,62,116,68,80,65,65,61,40,51,47,55,93,55,60,53,54,82,82,87
[ 32.910617] wil6210-aoa$0,1606461632.532710,04:d6:aa:c1:38:97,2,1,1,0,128,318,1012,790,769,995,1011,384,420,78,260,945,119,734,986,110,382,933,1012,429,892,662,1003,742,9,96,266,979,217,291,1016,230,1020,65,106,102,110,82,82,63,49,95,95,77,38,65,63,116,69,82,66,65,60,42,51,49,55,92,53,60,53,55,80,83,88
[ 32.943620] wil6210-aoa$0,1606461632.565717,04:d6:aa:c1:38:97,2,1,1,0,128,846,825,848,776,936,965,410,480,52,271,912,119,806,1020,156,421,902,994,918,724,163,882,692,1009,539,49,475,29,328,999,850,566,66,111,107,116,86,87,65,50,102,101,80,39,67,65,121,71,86,69,67,64,43,54,50,57,99,56,63,57,56,87,89,96
[ 32.979102] wil6210-aoa$0,1606461632.601199,04:d6:aa:c1:38:97,2,1,1,0,128,325,972,286,607,986,997,403,436,13,235,361,961,221,778,173,436,875,950,929,735,666,8,735,22,40,228,982,197,274,951,1002,779,74,120,116,125,94,92,69,52,112,111,89,41,73,71,131,77,93,73,73,68,47,58,54,59,103,61,67,60,60,93,97,103
[ 33.012384] wil6210-aoa$0,1606461632.634477,04:d6:aa:c1:38:97,2,1,1,0,128,791,808,843,812,890,980,444,480,83,302,982,148,727,983,131,397,879,998,455,938,685,56,709,37,143,303,31,231,266,982,313,988,64,101,97,104,80,80,60,47,95,96,76,40,65,61,114,67,82,65,65,63,41,51,48,54,93,56,59,54,54,84,85,91
[ 33.045847] wil6210-aoa$0,1606461632.667943,04:d6:aa:c1:38:97,2,1,1,0,128,330,1010,876,822,959,0,442,488,68,258,930,130,184,790,669,222,955,983,453,896,732,20,688,994,518,25,429,1013,765,750,542,260,64,104,98,106,82,80,60,48,97,95,76,38,63,62,116,66,82,65,64,61,41,50,48,54,93,54,60,53,55,83,84,90
[ 33.079349] wil6210-aoa$0,1606461632.701441,04:d6:aa:c1:38:97,2,1,1,0,128,288,975,798,778,5,13,414,490,56,276,918,110,856,41,158,465,940,11,386,925,630,2,755,9,105,269,16,210,316,997,269,1007,63,100,97,105,81,82,60,48,94,94,77,39,65,62,115,68,82,65,65,59,40,54,50,55,92,57,62,54,58,84,86,91
[ 33.111031] wil6210-aoa$0,1606461632.733128,04:d6:aa:c1:38:97,2,1,1,0,128,322,1012,787,770,464,819,413,451,130,328,979,182,828,982,128,361,913,973,914,687,147,865,748,8,28,231,1010,219,344,999,0,734,65,107,104,111,85,83,61,48,100,98,75,37,63,63,115,67,83,66,65,62,40,51,46,54,95,51,60,54,52,80,79,86
[ 33.144590] wil6210-aoa$0,1606461632.766687,04:d6:aa:c1:38:97,2,1,1,0,128,346,1,814,770,959,986,390,461,38,251,975,156,767,977,586,193,403,808,946,709,167,866,773,62,143,309,32,243,277,968,146,903,69,117,110,116,92,89,66,53,108,106,83,41,69,68,128,75,92,71,72,67,46,58,52,61,102,62,67,59,60,93,92,99
[ 33.176416] wil6210-aoa$0,1606461632.798510,04:d6:aa:c1:38:97,2,1,1,0,128,359,1007,847,809,910,995,448,483,17,252,992,144,785,1013,98,391,982,1019,457,938,663,997,741,14,115,290,996,174,327,998,12,620,76,119,115,125,94,94,71,55,113,110,89,47,75,74,128,78,97,76,76,69,48,61,57,67,108,67,72,63,65,98,99,105
[ 33.210951] wil6210-aoa$0,1606461632.833048,04:d6:aa:c1:38:97,2,1,1,0,128,321,1005,872,853,940,1014,434,511,84,321,962,114,800,986,153,468,961,1016,438,923,710,21,757,17,119,315,973,157,253,933,487,143,67,116,109,117,88,85,65,52,106,103,82,37,67,66,125,72,88,70,69,64,43,52,49,57,95,56,63,56,57,85,84,92
[ 33.244646] wil6210-aoa$0,1606461632.866744,04:d6:aa:c1:38:97,2,1,1,0,128,283,1015,322,640,950,992,443,484,530,116,352,956,296,835,633,227,956,1015,458,937,667,3,721,1012,83,272,48,240,264,961,82,826,62,100,98,105,80,79,60,47,94,92,70,35,61,59,109,62,80,64,60,55,39,48,44,49,88,51,55,49,48,77,72,80
[ 33.275077] wil6210-aoa$0,1606461632.897169,04:d6:aa:c1:38:97,2,1,1,0,128,323,1013,817,814,967,992,838,257,508,74,390,954,229,786,604,173,417,824,394,877,699,1023,189,889,92,265,961,204,273,956,599,374,62,100,98,107,80,78,58,46,94,92,74,34,62,61,112,64,79,64,62,57,39,48,45,50,88,52,57,49,51,77,78,80
[ 33.305008] wil6210-aoa$0,1606461632.927106,04:d6:aa:c1:38:97,2,1,1,0,128,313,992,905,852,970,996,453,525,82,321,971,184,781,973,175,450,900,980,433,921,641,1023,744,9,60,241,994,195,282,980,224,912,68,108,103,113,88,87,65,51,102,103,81,38,68,67,123,70,85,71,68,62,43,55,52,57,95,59,62,57,55,84,87,94
[ 33.333522] wil6210-aoa$0,1606461632.955620,04:d6:aa:c1:38:97,2,1,1,0,128,801,832,849,800,987,12,492,519,16,234,982,147,816,1021,152,399,928,1022,892,709,152,844,208,868,71,233,986,172,310,1000,48,800,65,108,104,115,82,78,60,48,96,95,71,31,56,58,108,61,74,65,59,52,35,41,38,43,80,41,46,41,40,61,59,66
[ 33.375538] wil6210-aoa$0,1606461632.997635,04:d6:aa:c1:38:97,2,1,1,0,128,816,816,822,798,978,1,406,461,1015,264,944,138,773,981,649,241,339,795,971,765,629,985,178,835,537,41,490,20,750,734,898,594,68,114,108,117,87,85,63,50,104,102,79,39,66,64,120,68,84,69,67,63,40,52,48,56,97,56,63,54,55,85,84,93
[ 33.409475] wil6210-aoa$0,1606461633.031572,04:d6:aa:c1:38:97,2,1,1,0,128,353,1005,827,805,1011,8,392,434,550,102,434,963,265,828,621,231,391,817,905,733,670,1018,771,27,67,234,1014,214,296,956,392,210,73,119,112,121,90,93,69,54,111,109,87,45,74,71,132,78,94,74,74,70,48,62,55,65,103,65,68,63,66,97,100,108
[ 33.441187] wil6210-aoa$0,1606461633.063280,04:d6:aa:c1:38:97,2,1,1,0,128,295,986,814,786,941,1001,499,531,43,270,923,106,800,8,100,422,885,969,451,922,640,14,759,54,30,255,965,226,716,765,47,826,62,103,95,105,79,80,61,48,95,96,74,38,65,63,112,65,81,63,62,57,40,50,46,51,90,52,58,52,53,80,83,91
[ 33.475810] wil6210-aoa$0,1606461633.097907,04:d6:aa:c1:38:97,2,1,1,0,128,305,0,927,896,1003,29,414,468,29,279,938,132,735,991,696,257,923,963,493,905,126,814,233,881,88,245,43,215,317,1008,93,786,68,117,111,119,89,87,67,52,108,105,81,41,66,68,126,73,89,70,68,64,43,54,49,56,97,54,62,55,54,83,82,90
[ 33.507833] wil6210-aoa$0,1606461633.129926,04:d6:aa:c1:38:97,2,1,1,0,128,302,976,816,807,394,781,858,238,557,98,953,146,801,1006,173,454,935,1020,462,890,694,6,755,30,558,77,6,223,246,965,676,348,63,104,97,106,79,78,57,45,96,93,74,35,61,59,112,63,80,65,62,56,38,47,45,50,87,51,55,49,50,78,76,82
[ 33.541508] wil6210-aoa$0,1606461633.163605,04:d6:aa:c1:38:97,2,1,1,0,128,716,774,314,676,907,969,948,289,469,18,355,922,238,792,656,232,339,776,941,753,110,863,725,18,57,265,8,210,321,1021,821,380,71,116,108,120,93,90,70,53,109,108,85,42,71,68,130,75,90,71,72,68,43,56,52,61,105,60,68,58,60,91,92,100
[ 33.570212] wil6210-aoa$0,1606461633.192309,04:d6:aa:c1:38:97,2,1,1,0,128,840,820,888,796,987,988,388,441,54,279,1010,145,820,1022,140,395,943,1012,434,895,646,11,703,15,62,261,50,276,263,5,490,252,72,115,113,122,90,90,67,52,108,107,85,43,70,69,128,75,92,71,71,65,46,59,55,62,105,62,67,59,62,95,96,100
[ 33.604561] wil6210-aoa$0,1606461633.226659,04:d6:aa:c1:38:97,2,1,1,0,128,817,812,872,835,943,994,469,495,50,281,990,134,804,1002,211,475,943,1019,451,905,687,5,754,15,158,295,951,167,339,990,824,423,61,101,96,102,80,81,59,48,93,94,75,39,64,61,114,68,82,64,61,60,40,50,48,56,92,56,58,53,54,83,85,90
[ 33.638971] wil6210-aoa$0,1606461633.261064,04:d6:aa:c1:38:97,2,1,1,0,128,294,986,838,823,960,991,441,503,999,245,376,965,771,971,201,388,925,1013,494,938,696,54,717,7,140,330,998,224,347,1022,411,114,63,102,96,102,79,78,58,47,93,95,75,37,63,64,116,67,82,64,64,60,41,52,49,56,92,57,62,54,55,82,86,92
[ 33.671635] wil6210-aoa$0,1606461633.293732,04:d6:aa:c1:38:97,2,1,1,0,128,289,973,836,794,1013,3,313,407,1021,238,959,157,211,821,145,416,927,995,490,927,681,31,689,11,554,105,16,235,294,1012,135,833,70,116,109,119,92,88,68,52,105,108,82,41,70,68,128,74,90,71,71,67,45,55,51,59,102,61,66,57,58,91,90,99
[ 33.701070] wil6210-aoa$0,1606461633.323164,04:d6:aa:c1:38:97,2,1,1,0,128,809,816,846,777,957,959,417,475,979,222,894,114,206,815,645,240,403,822,914,691,156,876,215,864,547,77,522,28,816,832,183,961,72,116,114,121,91,90,69,55,111,109,84,40,70,70,127,73,92,74,73,68,44,58,52,61,103,62,66,59,60,92,94,99
[ 33.733606] wil6210-aoa$0,1606461633.355704,04:d6:aa:c1:38:97,2,1,1,0,128,271,975,260,601,899,981,468,513,57,279,891,148,784,1020,132,415,905,1016,433,931,665,1022,743,14,59,280,1012,246,279,978,570,259,73,119,114,125,94,92,71,55,110,110,86,46,71,69,132,77,94,74,72,69,45,57,55,62,105,62,68,60,63,96,97,101
[ 33.763689] wil6210-aoa$0,1606461633.385784,04:d6:aa:c1:38:97,2,1,1,0,128,354,1006,848,797,987,11,386,445,54,276,1002,196,759,980,201,455,919,985,413,913,676,1013,787,21,513,49,965,210,227,952,536,281,74,118,114,124,96,93,70,55,112,112,86,45,74,70,133,77,97,74,75,69,47,59,53,63,109,64,69,63,64,98,99,104
[ 33.801474] wil6210-aoa$0,1606461633.423566,04:d6:aa:c1:38:97,2,1,1,0,128,344,18,852,839,986,33,354,425,70,289,942,167,752,986,606,205,908,973,440,895,696,12,715,1006,107,266,1010,227,300,975,93,783,68,112,107,116,87,85,66,52,101,103,80,40,69,68,123,71,88,70,67,64,43,53,51,57,95,57,63,56,54,84,90,95
[ 33.835196] wil6210-aoa$0,1606461633.457292,04:d6:aa:c1:38:97,2,1,1,0,128,312,992,856,797,463,863,886,304,499,63,357,947,274,840,638,234,891,929,954,732,652,996,149,816,547,45,373,984,767,770,737,515,69,117,113,121,90,87,65,52,106,104,82,39,67,67,124,72,88,74,67,64,43,53,48,55,97,56,61,55,54,87,83,89
[ 33.871212] wil6210-aoa$0,1606461633.493305,04:d6:aa:c1:38:97,2,1,1,0,128,802,804,273,604,349,787,886,268,508,104,422,1002,250,857,194,456,907,994,485,896,687,1004,676,963,548,40,509,46,737,754,267,136,61,99,97,107,77,74,60,45,94,91,69,35,57,58,109,63,75,61,58,53,37,44,42,47,85,48,52,46,47,72,69,77
[ 33.908335] wil6210-aoa$0,1606461633.530434,04:d6:aa:c1:38:97,2,1,1,0,128,806,783,845,822,385,817,903,275,31,253,929,149,769,966,162,415,923,1009,479,908,681,1020,715,35,23,250,7,257,277,984,920,625,62,106,102,110,82,82,61,50,100,101,74,36,64,63,117,69,82,67,63,59,40,50,44,52,91,52,58,51,49,79,76,86
[ 33.939980] wil6210-aoa$0,1606461633.562073,04:d6:aa:c1:38:97,2,1,1,0,128,309,1004,889,847,1011,27,438,476,86,292,936,146,789,1017,193,468,931,22,523,1002,689,70,736,51,61,298,1006,228,325,1015,718,336,67,108,103,111,84,84,64,49,101,100,78,37,67,66,118,68,85,66,66,61,42,54,50,57,97,58,64,55,57,88,88,96
[ 33.975558] wil6210-aoa$0,1606461633.597656,04:d6:aa:c1:38:97,2,1,1,0,128,324,997,824,824,918,982,454,540,16,270,358,978,189,823,641,223,954,32,432,914,110,815,714,1010,61,293,1023,215,315,1003,366,57,75,117,115,122,93,94,71,54,114,112,87,45,75,73,137,81,95,76,78,70,48,64,56,66,108,66,69,61,64,95,101,105
[ 34.010127] wil6210-aoa$0,1606461633.632223,04:d6:aa:c1:38:97,2,1,1,0,128,348,1022,819,807,970,994,418,477,30,249,1006,186,799,992,172,465,967,1014,437,907,663,1013,777,5,70,265,976,177,319,976,648,401,62,101,98,105,81,78,61,48,95,93,73,36,62,60,115,68,81,64,63,59,40,50,47,53,92,55,58,52,53,81,83,87
[ 34.039145] wil6210-aoa$0,1606461633.661242,04:d6:aa:c1:38:97,2,1,1,0,128,322,975,829,791,998,12,413,464,50,276,932,108,784,980,101,383,421,858,475,964,645,18,763,30,498,50,1015,219,740,786,503,345,61,101,97,105,79,79,59,45,93,91,75,39,63,60,113,67,81,64,63,58,41,51,48,55,91,58,59,52,56,82,83,91
[ 34.073062] wil6210-aoa$0,1606461633.695156,04:d6:aa:c1:38:97,2,1,1,0,128,340,1023,278,622,429,860,509,545,45,309,908,75,818,999,168,410,905,979,442,890,120,841,108,770,547,44,505,20,790,801,76,886,68,114,112,120,86,86,67,49,108,107,79,38,68,67,126,71,85,70,68,63,43,55,49,55,100,57,63,55,58,89,89,96
[ 34.110858] wil6210-aoa$0,1606461633.732954,04:d6:aa:c1:38:97,2,1,1,0,128,418,28,750,788,1012,9,425,484,25,207,955,135,748,993,163,406,928,0,409,908,715,32,719,0,34,259,425,31,304,1000,397,91,66,109,105,113,86,82,60,49,100,97,77,36,64,63,117,67,83,66,64,58,42,50,47,52,90,51,55,50,50,80,74,82
[ 34.139496] wil6210-aoa$0,1606461633.761593,04:d6:aa:c1:38:97,2,1,1,0,128,356,1017,790,754,995,1005,383,462,987,243,943,118,739,937,177,461,959,19,433,887,685,15,738,41,513,74,15,176,737,753,344,117,65,108,103,114,83,79,58,48,96,97,74,34,59,60,114,65,79,65,63,57,38,46,44,49,88,49,53,47,48,75,71,79
[ 34.171842] wil6210-aoa$0,1606461633.793936,04:d6:aa:c1:38:97,2,1,1,0,128,314,984,828,752,1019,1008,432,466,22,253,901,127,776,1012,110,369,901,991,460,897,93,823,784,37,100,296,1017,213,295,973,178,818,73,123,114,123,95,94,72,54,115,112,88,43,74,73,135,77,96,77,75,71,46,57,53,62,102,63,69,60,63,92,95,101
[ 34.207811] wil6210-aoa$0,1606461633.829907,04:d6:aa:c1:38:97,2,1,1,0,128,294,987,888,853,946,962,413,468,507,103,959,162,800,1020,607,205,384,805,413,885,676,51,736,1023,90,259,27,209,222,946,276,26,68,114,109,116,87,86,64,52,103,101,81,37,66,66,122,69,85,69,66,62,43,52,49,56,95,56,63,54,53,84,85,91
[ 34.250085] wil6210-aoa$0,1606461633.872182,04:d6:aa:c1:38:97,2,1,1,0,128,302,988,854,834,981,11,457,509,43,236,925,155,761,999,195,457,921,2,452,921,669,1018,742,38,23,206,1012,171,338,989,385,73,63,101,98,105,80,81,60,48,95,93,72,37,63,61,114,67,80,65,63,59,41,50,46,52,90,53,58,51,51,80,80,86
[ 34.278619] wil6210-aoa$0,1606461633.900711,04:d6:aa:c1:38:97,2,1,1,0,128,310,991,261,597,413,822,855,222,543,90,431,985,236,809,165,386,907,962,915,673,136,833,239,872,528,58,442,1012,194,910,463,264,65,103,98,105,78,80,61,47,96,98,73,38,63,61,115,67,79,65,66,60,41,52,48,54,90,55,59,52,54,81,82,89
[ 34.327028] wil6210-aoa$0,1606461633.949127,04:d6:aa:c1:38:97,2,1,1,0,128,325,995,858,835,1002,8,391,459,70,320,923,154,795,1004,213,458,906,12,431,919,75,822,816,80,64,272,942,155,785,785,584,372,68,113,108,121,91,88,70,54,108,107,85,44,69,69,128,74,88,72,72,67,44,58,51,60,103,62,67,57,60,91,92,100
[ 34.361087] wil6210-aoa$0,1606461633.983181,04:d6:aa:c1:38:97,2,1,1,0,128,276,977,775,764,411,853,869,243,49,288,957,134,788,1011,179,422,949,1013,448,928,728,66,750,40,107,283,1021,231,206,939,492,165,64,102,99,106,80,81,60,47,96,95,75,40,65,64,116,68,82,66,63,60,42,54,48,57,93,59,62,54,56,83,87,94
[ 34.390487] wil6210-aoa$0,1606461634.012583,04:d6:aa:c1:38:97,2,1,1,0,128,297,984,827,790,1011,0,454,496,42,299,957,174,816,1019,165,408,916,946,505,988,732,49,731,62,107,317,997,147,325,976,144,806,71,117,109,121,91,89,67,53,108,109,84,41,71,69,130,73,90,72,71,65,45,56,51,58,101,59,65,56,58,88,91,97
[ 34.424130] wil6210-aoa$0,1606461634.046221,04:d6:aa:c1:38:97,2,1,1,0,128,388,1008,796,785,947,979,909,277,78,306,361,959,266,830,180,406,967,1017,451,931,700,28,708,989,580,79,986,172,260,968,79,855,71,114,109,121,89,86,67,50,109,107,85,39,68,67,127,71,88,70,72,65,44,55,52,58,99,57,64,55,56,88,90,97
[ 34.462460] wil6210-aoa$0,1606461634.084553,04:d6:aa:c1:38:97,2,1,1,0,128,353,14,932,868,332,764,869,227,541,98,928,112,820,18,118,409,958,987,464,962,725,31,762,40,33,244,386,1012,322,1007,607,364,62,100,96,103,77,80,60,47,93,93,75,41,65,60,115,68,82,65,64,61,41,53,49,57,92,58,59,53,57,85,86,91
[ 34.498856] wil6210-aoa$0,1606461634.120955,04:d6:aa:c1:38:97,2,1,1,0,128,342,2,829,812,983,1008,444,450,544,77,22,188,775,1000,197,405,952,996,496,906,675,43,719,27,102,261,6,203,299,980,910,563,63,100,98,103,78,80,62,48,95,95,74,38,63,62,113,65,81,64,63,60,40,52,47,52,93,56,59,52,53,79,82,87
[ 34.532005] wil6210-aoa$0,1606461634.154097,04:d6:aa:c1:38:97,2,1,1,0,128,818,818,796,754,440,831,437,491,45,245,975,165,799,998,182,411,941,1017,444,900,630,1008,718,15,66,275,969,188,297,986,678,347,69,110,107,114,86,88,65,53,102,107,81,42,68,65,122,70,88,67,68,64,43,55,51,59,98,59,64,57,58,88,92,98
[ 34.567008] wil6210-aoa$0,1606461634.189104,04:d6:aa:c1:38:97,2,1,1,0,128,333,993,243,606,406,809,468,520,43,269,991,120,860,4,163,427,975,21,481,918,651,1011,754,10,155,269,1016,177,263,962,912,550,66,112,104,116,85,83,63,49,101,99,77,36,61,64,117,67,82,66,65,61,40,48,46,53,90,50,59,49,52,77,79,87
[ 34.601958] wil6210-aoa$0,1606461634.224053,04:d6:aa:c1:38:97,2,1,1,0,128,243,978,829,836,952,1001,426,511,6,274,999,182,788,13,201,422,941,995,455,877,658,20,789,24,483,31,431,997,732,743,323,154,68,113,103,115,84,83,64,50,102,99,79,38,63,62,119,69,81,67,64,61,39,50,44,53,92,52,59,50,52,77,75,84
[ 34.634713] wil6210-aoa$0,1606461634.256810,04:d6:aa:c1:38:97,2,1,1,0,128,344,977,832,807,952,987,892,255,50,246,932,166,752,962,640,252,324,769,460,904,628,969,768,27,88,261,954,158,748,771,166,1005,61,102,99,104,82,78,59,49,93,95,72,35,59,59,112,63,78,63,58,54,38,46,43,48,87,50,52,48,48,74,71,79
[ 34.664423] wil6210-aoa$0,1606461634.286520,04:d6:aa:c1:38:97,2,1,1,0,128,818,831,860,838,1000,3,437,505,1012,248,952,132,752,974,184,417,919,1021,480,912,717,6,779,50,60,239,481,1023,286,961,87,828,63,108,103,113,82,82,60,47,97,98,74,36,64,63,116,65,82,68,64,61,41,50,48,51,92,53,61,51,51,79,79,85
[ 34.697212] wil6210-aoa$0,1606461634.319303,04:d6:aa:c1:38:97,2,1,1,0,128,384,23,874,837,970,5,395,451,16,240,953,123,812,1003,102,355,395,800,441,902,719,50,714,1005,508,42,413,994,731,748,96,855,64,103,98,103,80,80,61,48,92,95,74,40,64,63,114,65,82,65,63,60,39,52,49,55,92,57,62,54,54,84,84,91
[ 34.732172] wil6210-aoa$0,1606461634.354269,04:d6:aa:c1:38:97,2,1,1,0,128,355,3,820,807,947,991,415,455,527,128,928,147,801,1001,169,428,933,4,487,948,639,964,782,41,99,295,22,223,291,979,272,62,72,113,110,119,92,91,68,54,107,105,86,46,73,71,133,76,93,73,71,69,48,61,56,65,106,68,69,61,65,97,103,109
[ 34.761504] wil6210-aoa$0,1606461634.383602,04:d6:aa:c1:38:97,2,1,1,0,128,324,1000,840,835,956,963,862,239,48,277,967,165,770,0,151,418,913,968,514,966,733,57,798,52,67,260,996,197,294,971,643,389,69,114,110,118,88,83,65,51,108,106,81,40,66,66,119,72,89,70,69,63,44,55,51,55,96,57,63,53,55,88,86,92
[ 34.790827] wil6210-aoa$0,1606461634.412927,04:d6:aa:c1:38:97,2,1,1,0,128,364,1018,859,846,975,1001,348,414,19,274,982,174,757,1021,178,433,938,1015,429,922,720,20,724,27,91,263,1018,211,267,976,181,981,73,115,110,118,90,91,67,53,107,108,82,43,73,70,131,77,93,73,72,69,46,60,53,63,104,64,68,60,62,95,97,101
[ 34.825586] wil6210-aoa$0,1606461634.447682,04:d6:aa:c1:38:97,2,1,1,0,128,384,4,860,852,915,981,376,469,88,315,982,174,824,1000,228,488,916,3,436,926,759,52,708,23,109,279,987,173,307,968,536,288,72,115,111,121,90,89,68,54,107,106,84,40,69,69,126,74,91,72,71,66,47,58,52,61,102,62,67,60,62,95,96,98
[ 34.857462] wil6210-aoa$0,1606461634.479555,04:d6:aa:c1:38:97,2,1,1,0,128,761,780,324,632,935,993,442,480,36,255,400,945,229,789,195,495,870,1009,890,712,66,815,178,803,526,38,1003,187,801,828,924,639,75,120,112,120,96,96,70,55,111,111,89,45,73,72,135,79,96,76,75,69,48,61,56,65,106,65,70,62,64,96,99,106
[ 34.895021] wil6210-aoa$0,1606461634.517118,04:d6:aa:c1:38:97,2,1,1,0,128,346,999,840,804,897,963,379,451,59,297,895,127,772,955,226,489,990,30,480,974,648,2,662,1016,81,279,24,240,253,941,584,356,62,104,95,104,79,80,59,47,93,94,74,35,61,60,115,68,79,64,63,60,40,50,47,55,89,54,59,52,53,82,84,89
[ 34.929097] wil6210-aoa$0,1606461634.551195,04:d6:aa:c1:38:97,2,1,1,0,128,337,991,890,836,951,1007,401,456,21,242,955,106,226,785,150,378,868,933,963,709,736,42,780,28,64,272,994,175,230,926,14,776,62,103,96,105,83,79,59,47,94,95,73,35,62,59,116,65,78,65,62,58,40,48,47,52,89,53,59,53,53,80,80,88
[ 34.961452] wil6210-aoa$0,1606461634.583546,04:d6:aa:c1:38:97,2,1,1,0,128,325,995,860,806,992,1023,429,462,47,276,977,116,819,1022,179,454,965,997,479,935,684,20,769,56,147,350,955,184,246,950,559,222,66,111,105,114,82,81,62,49,100,103,77,37,67,65,121,69,87,69,66,62,42,53,49,55,93,54,61,52,55,84,83,87
[ 34.997755] wil6210-aoa$0,1606461634.619852,04:d6:aa:c1:38:97,2,1,1,0,128,901,841,860,852,944,1001,874,270,79,292,361,967,836,1013,198,458,972,1019,427,888,674,988,187,849,136,242,1020,235,247,977,525,279,72,119,113,125,93,92,69,55,109,108,85,40,72,70,130,76,90,75,74,68,43,56,54,59,101,59,64,58,57,89,89,95
[ 35.033570] wil6210-aoa$0,1606461634.655665,04:d6:aa:c1:38:97,2,1,1,0,128,328,982,872,799,949,992,413,447,61,255,946,174,750,968,620,239,897,940,1014,743,672,1005,769,46,93,282,1021,205,253,940,261,924,64,106,99,108,84,82,59,48,96,94,74,36,62,62,113,65,77,64,61,57,38,45,44,49,85,47,52,46,46,74,70,76
[ 35.072093] wil6210-aoa$0,1606461634.694187,04:d6:aa:c1:38:97,2,1,1,0,128,339,1004,841,807,1,1015,395,461,89,285,968,149,847,1020,196,455,947,1019,430,869,678,1007,713,12,93,270,945,199,290,996,931,639,74,119,112,122,92,91,68,54,108,107,84,41,70,69,128,74,91,72,72,66,45,57,52,59,100,59,64,57,58,90,87,98
[ 35.102432] wil6210-aoa$0,1606461634.724528,04:d6:aa:c1:38:97,2,1,1,0,128,294,978,797,783,423,795,889,318,94,292,428,992,765,995,231,463,920,991,392,890,664,1016,777,23,34,252,961,171,325,943,536,274,62,99,98,106,81,79,60,47,96,95,74,38,62,61,114,69,80,65,63,60,40,53,47,56,91,56,61,52,54,83,86,92
[ 35.131954] wil6210-aoa$0,1606461634.754051,04:d6:aa:c1:38:97,2,1,1,0,128,798,804,294,640,972,971,946,303,37,282,957,184,712,997,167,483,871,936,962,743,644,975,151,804,550,108,22,287,270,966,86,862,64,104,100,105,82,79,60,47,95,95,74,38,64,62,116,64,82,66,63,60,40,53,47,54,91,57,61,54,54,82,84,89
[ 35.162233] wil6210-aoa$0,1606461634.784332,04:d6:aa:c1:38:97,2,1,1,0,128,810,833,827,788,974,996,387,454,50,245,978,134,780,960,598,190,353,750,928,691,169,876,737,16,527,55,471,4,752,782,544,302,70,116,111,122,89,86,67,51,109,107,82,38,69,68,126,70,90,73,69,64,44,55,51,58,99,59,67,58,56,90,91,98
[ 35.191980] wil6210-aoa$0,1606461634.814077,04:d6:aa:c1:38:97,2,1,1,0,128,370,998,825,763,392,776,935,282,40,255,375,931,222,796,593,212,289,776,932,717,79,835,744,26,37,251,9,194,776,760,588,277,69,116,110,120,90,90,68,52,107,106,85,40,70,70,127,73,89,71,73,65,42,56,51,57,100,59,66,58,59,88,92,96
[ 35.229744] wil6210-aoa$0,1606461634.851840,04:d6:aa:c1:38:97,2,1,1,0,128,321,1001,820,780,478,862,882,232,525,57,416,943,315,827,205,451,889,964,428,874,730,48,748,13,74,286,14,189,690,739,164,26,66,116,109,119,87,86,64,50,103,108,81,36,65,65,124,73,84,70,69,63,41,51,47,56,95,53,60,53,52,82,83,91
[ 35.311977] wil6210-aoa$0,1606461634.934076,04:d6:aa:c1:38:97,2,1,1,0,128,316,970,905,859,925,999,444,473,49,281,962,168,784,1005,153,430,946,9,390,894,93,833,783,54,516,76,986,233,319,1011,455,80,75,118,115,123,94,96,69,54,111,112,87,46,74,71,127,79,94,76,75,69,47,61,56,64,108,69,72,61,64,99,100,109
[ 35.342171] wil6210-aoa$0,1606461634.964267,04:d6:aa:c1:38:97,2,1,1,0,128,292,1021,835,827,937,993,332,426,433,37,398,963,230,835,181,447,948,19,418,923,644,13,744,1023,101,316,26,225,319,1000,807,551,72,118,113,123,90,89,67,53,112,110,86,45,70,69,130,78,92,73,72,68,47,59,54,62,103,62,69,61,63,96,98,104
[ 35.372807] wil6210-aoa$0,1606461634.994903,04:d6:aa:c1:38:97,2,1,1,0,128,324,994,830,790,7,1010,387,476,45,280,889,106,762,1021,143,409,907,1004,413,926,673,30,716,1019,109,269,1006,149,349,1008,110,763,68,110,106,114,86,86,66,52,102,104,80,42,67,66,122,71,88,70,66,63,42,55,49,58,97,58,62,56,56,87,87,94
[ 35.405381] wil6210-aoa$0,1606461635.027475,04:d6:aa:c1:38:97,2,1,1,0,128,369,1005,853,834,905,993,433,455,19,252,941,169,790,1017,186,455,984,13,446,904,667,1019,766,25,77,314,998,203,276,964,836,514,67,111,106,114,89,87,65,51,101,103,80,41,67,67,124,74,87,70,67,63,44,54,51,57,98,60,61,57,58,87,89,96
