
[ 25.153423] wil6210-aoa$-62,1606461624.101315,00:00:00:00:00:00,0,0,0,0,0
[ 25.818862] wil6210-aoa$-62,1606461624.766759,00:00:00:00:00:00,0,0,0,0,0
[ 26.578833] wil6210-aoa$-62,1606461625.526726,00:00:00:00:00:00,0,0,0,0,0
[ 27.228857] wil6210-aoa$-62,1606461626.176751,00:00:00:00:00:00,0,0,0,0,0
[ 27.998861] wil6210-aoa$-62,1606461626.946755,00:00:00:00:00:00,0,0,0,0,0
[ 28.648853] wil6210-aoa$-62,1606461627.596744,00:00:00:00:00:00,0,0,0,0,0
[ 29.418901] wil6210-aoa$-62,1606461628.366800,00:00:00:00:00:00,0,0,0,0,0
[ 30.068972] wil6210-aoa$-62,1606461629.016866,00:00:00:00:00:00,0,0,0,0,0
[ 30.828831] wil6210-aoa$-62,1606461629.776729,00:00:00:00:00:00,0,0,0,0,0
[ 31.478861] wil6210-aoa$-62,1606461630.426758,00:00:00:00:00:00,0,0,0,0,0
[ 32.248913] wil6210-aoa$-62,1606461631.196807,00:00:00:00:00:00,0,0,0,0,0
[ 32.898867] wil6210-aoa$-62,1606461631.846760,00:00:00:00:00:00,0,0,0,0,0
[ 33.658832] wil6210-aoa$-62,1606461632.606727,00:00:00:00:00:00,0,0,0,0,0
[ 34.308851] wil6210-aoa$-62,1606461633.256746,00:00:00:00:00:00,0,0,0,0,0
[ 34.759023] wil6210-aoa$-16,1606461633.706916,00:00:00:00:00:00,0,0,0,0,0
[ 35.108806] wil6210-aoa$-16,1606461634.056697,00:00:00:00:00:00,0,0,0,0,0
[ 35.468799] wil6210-aoa$-16,1606461634.416693,00:00:00:00:00:00,0,0,0,0,0
[ 36.098838] wil6210-aoa$-16,1606461635.046731,00:00:00:00:00:00,0,0,0,0,0
[ 36.438789] wil6210-aoa$-16,1606461635.386682,00:00:00:00:00:00,0,0,0,0,0
[ 36.799030] wil6210-aoa$-16,1606461635.746923,00:00:00:00:00:00,0,0,0,0,0
[ 37.428825] wil6210-aoa$-16,1606461636.376714,00:00:00:00:00:00,0,0,0,0,0
[ 37.779058] wil6210-aoa$-16,1606461636.726949,00:00:00:00:00:00,0,0,0,0,0
[ 38.118797] wil6210-aoa$-16,1606461637.066691,00:00:00:00:00:00,0,0,0,0,0
[ 38.748854] wil6210-aoa$-16,1606461637.696747,00:00:00:00:00:00,0,0,0,0,0
[ 39.088892] wil6210-aoa$-16,1606461638.036782,00:00:00:00:00:00,0,0,0,0,0
[ 39.428790] wil6210-aoa$-16,1606461638.376681,00:00:00:00:00:00,0,0,0,0,0
[ 40.059060] wil6210-aoa$-16,1606461639.006949,00:00:00:00:00:00,0,0,0,0,0
[ 40.408855] wil6210-aoa$-16,1606461639.356745,00:00:00:00:00:00,0,0,0,0,0
[ 40.768811] wil6210-aoa$-16,1606461639.716706,00:00:00:00:00:00,0,0,0,0,0
[ 41.398834] wil6210-aoa$-16,1606461640.346727,00:00:00:00:00:00,0,0,0,0,0
[ 41.738762] wil6210-aoa$-16,1606461640.686656,00:00:00:00:00:00,0,0,0,0,0
[ 42.098842] wil6210-aoa$-16,1606461641.046733,00:00:00:00:00:00,0,0,0,0,0
[ 42.729080] wil6210-aoa$-16,1606461641.676973,00:00:00:00:00:00,0,0,0,0,0
[ 43.078850] wil6210-aoa$-16,1606461642.026740,00:00:00:00:00:00,0,0,0,0,0
[ 43.428793] wil6210-aoa$-16,1606461642.376684,00:00:00:00:00:00,0,0,0,0,0
[ 44.048773] wil6210-aoa$-16,1606461642.996668,00:00:00:00:00:00,0,0,0,0,0
[ 44.388837] wil6210-aoa$-16,1606461643.336731,00:00:00:00:00:00,0,0,0,0,0
[ 44.738836] wil6210-aoa$-16,1606461643.686728,00:00:00:00:00:00,0,0,0,0,0
[ 45.368808] wil6210-aoa$-16,1606461644.316706,00:00:00:00:00:00,0,0,0,0,0
[ 45.708794] wil6210-aoa$-16,1606461644.656684,00:00:00:00:00:00,0,0,0,0,0
[ 46.058838] wil6210-aoa$-16,1606461645.006733,00:00:00:00:00:00,0,0,0,0,0
[ 46.678769] wil6210-aoa$-16,1606461645.626660,00:00:00:00:00:00,0,0,0,0,0
[ 47.019085] wil6210-aoa$-16,1606461645.966976,00:00:00:00:00:00,0,0,0,0,0
[ 47.368790] wil6210-aoa$-16,1606461646.316686,00:00:00:00:00:00,0,0,0,0,0
[ 47.998827] wil6210-aoa$-16,1606461646.946720,00:00:00:00:00:00,0,0,0,0,0
[ 48.338837] wil6210-aoa$-16,1606461647.286729,00:00:00:00:00:00,0,0,0,0,0
[ 48.699021] wil6210-aoa$-16,1606461647.646913,00:00:00:00:00:00,0,0,0,0,0
[ 49.328795] wil6210-aoa$-16,1606461648.276687,00:00:00:00:00:00,0,0,0,0,0
[ 49.678778] wil6210-aoa$-16,1606461648.626675,00:00:00:00:00:00,0,0,0,0,0
[ 50.018833] wil6210-aoa$-16,1606461648.966724,00:00:00:00:00:00,0,0,0,0,0
[ 50.649064] wil6210-aoa$-16,1606461649.596958,00:00:00:00:00:00,0,0,0,0,0
[ 50.998792] wil6210-aoa$-16,1606461649.946683,00:00:00:00:00:00,0,0,0,0,0
[ 51.348857] wil6210-aoa$-16,1606461650.296750,00:00:00:00:00:00,0,0,0,0,0
[ 51.978809] wil6210-aoa$-16,1606461650.926704,00:00:00:00:00:00,0,0,0,0,0
[ 52.318843] wil6210-aoa$-16,1606461651.266734,00:00:00:00:00:00,0,0,0,0,0
[ 52.678779] wil6210-aoa$-16,1606461651.626672,00:00:00:00:00:00,0,0,0,0,0
[ 53.308837] wil6210-aoa$-16,1606461652.256731,00:00:00:00:00:00,0,0,0,0,0
[ 53.658866] wil6210-aoa$-16,1606461652.606758,00:00:00:00:00:00,0,0,0,0,0
[ 54.008792] wil6210-aoa$-16,1606461652.956683,00:00:00:00:00:00,0,0,0,0,0
[ 54.638816] wil6210-aoa$-16,1606461653.586709,00:00:00:00:00:00,0,0,0,0,0
[ 54.978846] wil6210-aoa$-16,1606461653.926738,00:00:00:00:00:00,0,0,0,0,0
[ 55.338834] wil6210-aoa$-16,1606461654.286727,00:00:00:00:00:00,0,0,0,0,0
[ 55.968815] wil6210-aoa$-16,1606461654.916710,00:00:00:00:00:00,0,0,0,0,0
[ 56.318916] wil6210-aoa$-16,1606461655.266807,00:00:00:00:00:00,0,0,0,0,0
[ 56.658805] wil6210-aoa$-16,1606461655.606698,00:00:00:00:00:00,0,0,0,0,0
[ 57.288797] wil6210-aoa$-16,1606461656.236688,00:00:00:00:00:00,0,0,0,0,0
[ 57.638839] wil6210-aoa$-16,1606461656.586733,00:00:00:00:00:00,0,0,0,0,0
[ 57.998791] wil6210-aoa$-16,1606461656.946684,00:00:00:00:00:00,0,0,0,0,0
[ 58.628821] wil6210-aoa$-16,1606461657.576715,00:00:00:00:00:00,0,0,0,0,0
[ 58.968855] wil6210-aoa$-16,1606461657.916749,00:00:00:00:00:00,0,0,0,0,0
[ 59.328790] wil6210-aoa$-16,1606461658.276686,00:00:00:00:00:00,0,0,0,0,0
[ 59.958811] wil6210-aoa$-16,1606461658.906705,00:00:00:00:00:00,0,0,0,0,0
[ 60.308841] wil6210-aoa$-16,1606461659.256735,00:00:00:00:00:00,0,0,0,0,0
[ 60.668798] wil6210-aoa$-16,1606461659.616690,00:00:00:00:00:00,0,0,0,0,0
[ 61.288763] wil6210-aoa$-16,1606461660.236657,00:00:00:00:00:00,0,0,0,0,0
[ 61.639022] wil6210-aoa$-16,1606461660.586910,00:00:00:00:00:00,0,0,0,0,0
[ 61.998794] wil6210-aoa$-16,1606461660.946686,00:00:00:00:00:00,0,0,0,0,0
[ 62.618768] wil6210-aoa$-16,1606461661.566661,00:00:00:00:00:00,0,0,0,0,0
[ 62.958771] wil6210-aoa$-16,1606461661.906666,00:00:00:00:00:00,0,0,0,0,0
[ 63.309026] wil6210-aoa$-16,1606461662.256917,00:00:00:00:00:00,0,0,0,0,0
[ 63.928756] wil6210-aoa$-16,1606461662.876650,00:00:00:00:00:00,0,0,0,0,0
[ 64.268791] wil6210-aoa$-16,1606461663.216685,00:00:00:00:00:00,0,0,0,0,0
[ 64.618775] wil6210-aoa$-16,1606461663.566670,00:00:00:00:00:00,0,0,0,0,0
[ 65.238757] wil6210-aoa$-16,1606461664.186651,00:00:00:00:00:00,0,0,0,0,0
[ 65.588774] wil6210-aoa$-16,1606461664.536665,00:00:00:00:00:00,0,0,0,0,0
[ 65.938836] wil6210-aoa$-16,1606461664.886727,00:00:00:00:00:00,0,0,0,0,0
[ 66.558772] wil6210-aoa$-16,1606461665.506668,00:00:00:00:00:00,0,0,0,0,0
[ 66.898816] wil6210-aoa$-16,1606461665.846708,00:00:00:00:00:00,0,0,0,0,0
[ 67.248831] wil6210-aoa$-16,1606461666.196726,00:00:00:00:00:00,0,0,0,0,0
[ 67.868770] wil6210-aoa$-16,1606461666.816661,00:00:00:00:00:00,0,0,0,0,0
[ 68.208796] wil6210-aoa$-16,1606461667.156690,00:00:00:00:00:00,0,0,0,0,0
[ 68.548816] wil6210-aoa$-16,1606461667.496707,00:00:00:00:00:00,0,0,0,0,0
[ 69.168765] wil6210-aoa$-16,1606461668.116657,00:00:00:00:00:00,0,0,0,0,0
[ 69.518791] wil6210-aoa$-16,1606461668.466684,00:00:00:00:00:00,0,0,0,0,0
[ 69.858775] wil6210-aoa$-16,1606461668.806668,00:00:00:00:00:00,0,0,0,0,0
[ 70.478727] wil6210-aoa$-16,1606461669.426622,00:00:00:00:00:00,0,0,0,0,0
[ 70.818780] wil6210-aoa$-16,1606461669.766674,00:00:00:00:00:00,0,0,0,0,0
[ 71.158790] wil6210-aoa$-16,1606461670.106682,00:00:00:00:00:00,0,0,0,0,0
[ 71.778744] wil6210-aoa$-16,1606461670.726639,00:00:00:00:00:00,0,0,0,0,0
[ 72.119087] wil6210-aoa$-16,1606461671.066979,00:00:00:00:00:00,0,0,0,0,0
[ 72.468788] wil6210-aoa$-16,1606461671.416680,00:00:00:00:00:00,0,0,0,0,0
[ 73.088764] wil6210-aoa$-16,1606461672.036656,00:00:00:00:00:00,0,0,0,0,0
[ 73.429089] wil6210-aoa$-16,1606461672.376981,00:00:00:00:00:00,0,0,0,0,0
[ 73.768783] wil6210-aoa$-16,1606461672.716676,00:00:00:00:00:00,0,0,0,0,0
[ 74.388823] wil6210-aoa$-16,1606461673.336717,00:00:00:00:00:00,0,0,0,0,0
[ 74.738840] wil6210-aoa$-16,1606461673.686733,00:00:00:00:00:00,0,0,0,0,0
[ 75.088807] wil6210-aoa$-16,1606461674.036700,00:00:00:00:00:00,0,0,0,0,0
[ 75.708777] wil6210-aoa$-16,1606461674.656669,00:00:00:00:00:00,0,0,0,0,0
[ 76.058785] wil6210-aoa$-16,1606461675.006677,00:00:00:00:00:00,0,0,0,0,0
[ 76.398787] wil6210-aoa$-16,1606461675.346678,00:00:00:00:00:00,0,0,0,0,0
[ 77.018842] wil6210-aoa$-16,1606461675.966734,00:00:00:00:00:00,0,0,0,0,0
[ 77.368770] wil6210-aoa$-16,1606461676.316663,00:00:00:00:00:00,0,0,0,0,0
[ 77.718787] wil6210-aoa$-16,1606461676.666680,00:00:00:00:00:00,0,0,0,0,0
[ 78.338776] wil6210-aoa$-16,1606461677.286671,00:00:00:00:00:00,0,0,0,0,0
[ 78.679027] wil6210-aoa$-16,1606461677.626923,00:00:00:00:00:00,0,0,0,0,0
[ 79.028806] wil6210-aoa$-16,1606461677.976698,00:00:00:00:00:00,0,0,0,0,0
[ 79.648787] wil6210-aoa$-16,1606461678.596677,00:00:00:00:00:00,0,0,0,0,0
[ 79.998789] wil6210-aoa$-16,1606461678.946681,00:00:00:00:00:00,0,0,0,0,0
[ 80.348787] wil6210-aoa$-16,1606461679.296680,00:00:00:00:00:00,0,0,0,0,0
[ 80.968973] wil6210-aoa$-16,1606461679.916866,00:00:00:00:00:00,0,0,0,0,0
[ 81.318782] wil6210-aoa$-16,1606461680.266678,00:00:00:00:00:00,0,0,0,0,0
[ 81.658797] wil6210-aoa$-16,1606461680.606690,00:00:00:00:00:00,0,0,0,0,0
[ 82.278764] wil6210-aoa$-16,1606461681.226657,00:00:00:00:00:00,0,0,0,0,0
[ 82.628779] wil6210-aoa$-16,1606461681.576672,00:00:00:00:00:00,0,0,0,0,0
[ 82.968974] wil6210-aoa$-16,1606461681.916869,00:00:00:00:00:00,0,0,0,0,0
[ 83.588784] wil6210-aoa$-16,1606461682.536674,00:00:00:00:00:00,0,0,0,0,0
[ 83.928783] wil6210-aoa$-16,1606461682.876675,00:00:00:00:00:00,0,0,0,0,0
[ 84.288769] wil6210-aoa$-16,1606461683.236664,00:00:00:00:00:00,0,0,0,0,0
[ 84.908761] wil6210-aoa$-16,1606461683.856652,00:00:00:00:00:00,0,0,0,0,0
[ 85.268773] wil6210-aoa$-16,1606461684.216668,00:00:00:00:00:00,0,0,0,0,0
[ 85.609029] wil6210-aoa$-16,1606461684.556923,00:00:00:00:00:00,0,0,0,0,0
[ 86.228760] wil6210-aoa$-16,1606461685.176654,00:00:00:00:00:00,0,0,0,0,0
[ 86.578814] wil6210-aoa$-16,1606461685.526707,00:00:00:00:00:00,0,0,0,0,0
[ 86.938845] wil6210-aoa$-16,1606461685.886737,00:00:00:00:00:00,0,0,0,0,0
[ 87.558821] wil6210-aoa$-16,1606461686.506711,00:00:00:00:00:00,0,0,0,0,0
[ 87.908760] wil6210-aoa$-16,1606461686.856652,00:00:00:00:00:00,0,0,0,0,0
[ 88.249023] wil6210-aoa$-16,1606461687.196915,00:00:00:00:00:00,0,0,0,0,0
[ 88.868808] wil6210-aoa$-16,1606461687.816701,00:00:00:00:00:00,0,0,0,0,0
[ 89.218796] wil6210-aoa$-16,1606461688.166689,00:00:00:00:00:00,0,0,0,0,0
[ 89.578837] wil6210-aoa$-16,1606461688.526729,00:00:00:00:00:00,0,0,0,0,0
[ 90.209012] wil6210-aoa$-16,1606461689.156906,00:00:00:00:00:00,0,0,0,0,0
[ 90.558761] wil6210-aoa$-16,1606461689.506656,00:00:00:00:00:00,0,0,0,0,0
[ 90.918772] wil6210-aoa$-16,1606461689.866665,00:00:00:00:00:00,0,0,0,0,0
[ 91.538825] wil6210-aoa$-16,1606461690.486716,00:00:00:00:00:00,0,0,0,0,0
[ 91.888814] wil6210-aoa$-16,1606461690.836705,00:00:00:00:00:00,0,0,0,0,0
[ 92.238769] wil6210-aoa$-16,1606461691.186665,00:00:00:00:00:00,0,0,0,0,0
[ 92.858753] wil6210-aoa$-16,1606461691.806645,00:00:00:00:00:00,0,0,0,0,0
[ 93.208780] wil6210-aoa$-16,1606461692.156672,00:00:00:00:00:00,0,0,0,0,0
[ 93.558789] wil6210-aoa$-16,1606461692.506680,00:00:00:00:00:00,0,0,0,0,0
[ 94.178758] wil6210-aoa$-16,1606461693.126650,00:00:00:00:00:00,0,0,0,0,0
[ 94.529020] wil6210-aoa$-16,1606461693.476910,00:00:00:00:00:00,0,0,0,0,0
[ 94.879041] wil6210-aoa$-16,1606461693.826937,00:00:00:00:00:00,0,0,0,0,0
[ 95.498867] wil6210-aoa$-16,1606461694.446761,00:00:00:00:00:00,0,0,0,0,0
[ 95.848721] wil6210-aoa$-16,1606461694.796612,00:00:00:00:00:00,0,0,0,0,0
[ 96.198778] wil6210-aoa$-16,1606461695.146674,00:00:00:00:00:00,0,0,0,0,0
[ 96.818770] wil6210-aoa$-16,1606461695.766661,00:00:00:00:00:00,0,0,0,0,0
[ 97.168798] wil6210-aoa$-16,1606461696.116693,00:00:00:00:00:00,0,0,0,0,0
[ 97.518812] wil6210-aoa$-16,1606461696.466707,00:00:00:00:00:00,0,0,0,0,0
[ 98.138795] wil6210-aoa$-16,1606461697.086686,00:00:00:00:00:00,0,0,0,0,0
[ 98.498800] wil6210-aoa$-16,1606461697.446695,00:00:00:00:00:00,0,0,0,0,0
[ 98.858774] wil6210-aoa$-16,1606461697.806668,00:00:00:00:00:00,0,0,0,0,0
[ 99.478773] wil6210-aoa$-16,1606461698.426668,00:00:00:00:00:00,0,0,0,0,0
[ 99.828778] wil6210-aoa$-16,1606461698.776669,00:00:00:00:00:00,0,0,0,0,0
[ 100.178796] wil6210-aoa$-16,1606461699.126687,00:00:00:00:00:00,0,0,0,0,0
[ 100.798778] wil6210-aoa$-16,1606461699.746667,00:00:00:00:00:00,0,0,0,0,0
[ 101.148780] wil6210-aoa$-16,1606461700.096669,00:00:00:00:00:00,0,0,0,0,0
[ 101.499022] wil6210-aoa$-16,1606461700.446912,00:00:00:00:00:00,0,0,0,0,0
[ 102.118770] wil6210-aoa$-16,1606461701.066665,00:00:00:00:00:00,0,0,0,0,0
[ 102.488768] wil6210-aoa$-16,1606461701.436661,00:00:00:00:00:00,0,0,0,0,0
[ 102.848810] wil6210-aoa$-16,1606461701.796703,00:00:00:00:00:00,0,0,0,0,0
[ 103.468814] wil6210-aoa$-16,1606461702.416708,00:00:00:00:00:00,0,0,0,0,0
[ 103.818780] wil6210-aoa$-16,1606461702.766672,00:00:00:00:00:00,0,0,0,0,0
[ 104.168788] wil6210-aoa$-16,1606461703.116680,00:00:00:00:00:00,0,0,0,0,0
[ 104.788784] wil6210-aoa$-16,1606461703.736677,00:00:00:00:00:00,0,0,0,0,0
[ 105.138780] wil6210-aoa$-16,1606461704.086672,00:00:00:00:00:00,0,0,0,0,0
[ 105.488796] wil6210-aoa$-16,1606461704.436689,00:00:00:00:00:00,0,0,0,0,0
[ 106.108788] wil6210-aoa$-16,1606461705.056680,00:00:00:00:00:00,0,0,0,0,0
[ 106.459026] wil6210-aoa$-16,1606461705.406917,00:00:00:00:00:00,0,0,0,0,0
[ 106.818836] wil6210-aoa$-16,1606461705.766730,00:00:00:00:00:00,0,0,0,0,0
[ 107.438767] wil6210-aoa$-16,1606461706.386662,00:00:00:00:00:00,0,0,0,0,0
[ 107.788806] wil6210-aoa$-16,1606461706.736698,00:00:00:00:00:00,0,0,0,0,0
[ 108.138784] wil6210-aoa$-16,1606461707.086674,00:00:00:00:00:00,0,0,0,0,0
[ 108.758772] wil6210-aoa$-16,1606461707.706667,00:00:00:00:00:00,0,0,0,0,0
[ 109.118772] wil6210-aoa$-16,1606461708.066663,00:00:00:00:00:00,0,0,0,0,0
[ 109.478776] wil6210-aoa$-16,1606461708.426672,00:00:00:00:00:00,0,0,0,0,0
[ 110.098800] wil6210-aoa$-16,1606461709.046693,00:00:00:00:00:00,0,0,0,0,0
[ 110.448780] wil6210-aoa$-16,1606461709.396673,00:00:00:00:00:00,0,0,0,0,0
[ 110.799090] wil6210-aoa$-16,1606461709.746979,00:00:00:00:00:00,0,0,0,0,0
[ 111.418749] wil6210-aoa$-16,1606461710.366641,00:00:00:00:00:00,0,0,0,0,0
[ 111.768767] wil6210-aoa$-16,1606461710.716661,00:00:00:00:00:00,0,0,0,0,0
[ 112.128788] wil6210-aoa$-16,1606461711.076676,00:00:00:00:00:00,0,0,0,0,0
[ 112.748760] wil6210-aoa$-16,1606461711.696649,00:00:00:00:00:00,0,0,0,0,0
[ 113.108860] wil6210-aoa$-16,1606461712.056751,00:00:00:00:00:00,0,0,0,0,0
[ 113.458770] wil6210-aoa$-16,1606461712.406662,00:00:00:00:00:00,0,0,0,0,0
[ 114.078757] wil6210-aoa$-16,1606461713.026649,00:00:00:00:00:00,0,0,0,0,0
[ 114.438774] wil6210-aoa$-16,1606461713.386668,00:00:00:00:00:00,0,0,0,0,0
[ 114.788774] wil6210-aoa$-16,1606461713.736668,00:00:00:00:00:00,0,0,0,0,0
[ 115.408764] wil6210-aoa$-16,1606461714.356654,00:00:00:00:00:00,0,0,0,0,0
[ 115.758777] wil6210-aoa$-16,1606461714.706670,00:00:00:00:00:00,0,0,0,0,0
[ 116.118783] wil6210-aoa$-16,1606461715.066674,00:00:00:00:00:00,0,0,0,0,0
[ 116.738771] wil6210-aoa$-16,1606461715.686662,00:00:00:00:00:00,0,0,0,0,0
[ 117.088781] wil6210-aoa$-16,1606461716.036673,00:00:00:00:00:00,0,0,0,0,0
[ 117.438784] wil6210-aoa$-16,1606461716.386675,00:00:00:00:00:00,0,0,0,0,0
[ 118.058782] wil6210-aoa$-16,1606461717.006675,00:00:00:00:00:00,0,0,0,0,0
[ 118.418916] wil6210-aoa$-16,1606461717.366811,00:00:00:00:00:00,0,0,0,0,0
[ 118.768828] wil6210-aoa$-16,1606461717.716723,00:00:00:00:00:00,0,0,0,0,0
[ 119.388854] wil6210-aoa$-16,1606461718.336743,00:00:00:00:00:00,0,0,0,0,0
[ 119.738797] wil6210-aoa$-16,1606461718.686692,00:00:00:00:00:00,0,0,0,0,0
[ 120.088915] wil6210-aoa$-16,1606461719.036795,00:00:00:00:00:00,0,0,0,0,0
[ 120.718764] wil6210-aoa$-16,1606461719.666655,00:00:00:00:00:00,0,0,0,0,0
[ 121.079051] wil6210-aoa$-16,1606461720.026943,00:00:00:00:00:00,0,0,0,0,0
[ 121.438789] wil6210-aoa$-16,1606461720.386681,00:00:00:00:00:00,0,0,0,0,0
[ 122.058766] wil6210-aoa$-16,1606461721.006658,00:00:00:00:00:00,0,0,0,0,0
[ 122.408835] wil6210-aoa$-16,1606461721.356727,00:00:00:00:00:00,0,0,0,0,0
[ 122.758795] wil6210-aoa$-16,1606461721.706688,00:00:00:00:00:00,0,0,0,0,0
[ 123.378773] wil6210-aoa$-16,1606461722.326667,00:00:00:00:00:00,0,0,0,0,0
[ 123.729048] wil6210-aoa$-16,1606461722.676941,00:00:00:00:00:00,0,0,0,0,0
[ 124.078803] wil6210-aoa$-16,1606461723.026696,00:00:00:00:00:00,0,0,0,0,0
[ 124.708765] wil6210-aoa$-16,1606461723.656660,00:00:00:00:00:00,0,0,0,0,0
[ 125.058794] wil6210-aoa$-16,1606461724.006683,00:00:00:00:00:00,0,0,0,0,0
[ 125.408780] wil6210-aoa$-16,1606461724.356673,00:00:00:00:00:00,0,0,0,0,0
[ 126.038816] wil6210-aoa$-16,1606461724.986707,00:00:00:00:00:00,0,0,0,0,0
[ 126.398797] wil6210-aoa$-16,1606461725.346688,00:00:00:00:00:00,0,0,0,0,0
[ 126.758787] wil6210-aoa$-16,1606461725.706676,00:00:00:00:00:00,0,0,0,0,0
[ 127.378803] wil6210-aoa$-16,1606461726.326695,00:00:00:00:00:00,0,0,0,0,0
[ 127.728786] wil6210-aoa$-16,1606461726.676680,00:00:00:00:00:00,0,0,0,0,0
[ 128.078798] wil6210-aoa$-16,1606461727.026694,00:00:00:00:00:00,0,0,0,0,0
[ 128.698772] wil6210-aoa$-16,1606461727.646666,00:00:00:00:00:00,0,0,0,0,0
[ 129.059039] wil6210-aoa$-16,1606461728.006931,00:00:00:00:00:00,0,0,0,0,0
[ 129.418825] wil6210-aoa$-16,1606461728.366716,00:00:00:00:00:00,0,0,0,0,0
[ 130.038799] wil6210-aoa$-16,1606461728.986690,00:00:00:00:00:00,0,0,0,0,0
[ 130.398784] wil6210-aoa$-16,1606461729.346678,00:00:00:00:00:00,0,0,0,0,0
[ 130.758799] wil6210-aoa$-16,1606461729.706689,00:00:00:00:00:00,0,0,0,0,0
[ 131.378768] wil6210-aoa$-16,1606461730.326663,00:00:00:00:00:00,0,0,0,0,0
[ 131.728781] wil6210-aoa$-16,1606461730.676674,00:00:00:00:00:00,0,0,0,0,0
[ 132.078802] wil6210-aoa$-16,1606461731.026694,00:00:00:00:00:00,0,0,0,0,0
[ 132.699272] wil6210-aoa$-16,1606461731.647164,00:00:00:00:00:00,0,0,0,0,0
[ 133.058854] wil6210-aoa$-16,1606461732.006745,00:00:00:00:00:00,0,0,0,0,0
[ 133.408853] wil6210-aoa$-16,1606461732.356744,00:00:00:00:00:00,0,0,0,0,0
[ 134.038820] wil6210-aoa$-16,1606461732.986710,00:00:00:00:00:00,0,0,0,0,0
[ 134.388839] wil6210-aoa$-16,1606461733.336734,00:00:00:00:00:00,0,0,0,0,0
[ 134.738782] wil6210-aoa$-16,1606461733.686674,00:00:00:00:00:00,0,0,0,0,0
[ 135.358771] wil6210-aoa$-16,1606461734.306660,00:00:00:00:00:00,0,0,0,0,0
[ 135.709067] wil6210-aoa$-16,1606461734.656958,00:00:00:00:00:00,0,0,0,0,0
[ 136.068846] wil6210-aoa$-16,1606461735.016740,00:00:00:00:00:00,0,0,0,0,0
[ 136.688761] wil6210-aoa$-16,1606461735.636653,00:00:00:00:00:00,0,0,0,0,0
[ 137.038778] wil6210-aoa$-16,1606461735.986668,00:00:00:00:00:00,0,0,0,0,0
[ 137.388786] wil6210-aoa$-16,1606461736.336677,00:00:00:00:00:00,0,0,0,0,0
[ 138.018803] wil6210-aoa$-16,1606461736.966695,00:00:00:00:00:00,0,0,0,0,0
[ 138.368792] wil6210-aoa$-16,1606461737.316683,00:00:00:00:00:00,0,0,0,0,0
[ 138.719090] wil6210-aoa$-16,1606461737.666980,00:00:00:00:00:00,0,0,0,0,0
[ 139.338775] wil6210-aoa$-16,1606461738.286668,00:00:00:00:00:00,0,0,0,0,0
[ 139.688791] wil6210-aoa$-16,1606461738.636682,00:00:00:00:00:00,0,0,0,0,0
[ 140.048774] wil6210-aoa$-16,1606461738.996666,00:00:00:00:00:00,0,0,0,0,0
[ 140.668762] wil6210-aoa$-16,1606461739.616654,00:00:00:00:00:00,0,0,0,0,0
[ 141.028842] wil6210-aoa$-16,1606461739.976733,00:00:00:00:00:00,0,0,0,0,0
[ 141.378838] wil6210-aoa$-16,1606461740.326729,00:00:00:00:00:00,0,0,0,0,0
[ 141.998826] wil6210-aoa$-16,1606461740.946717,00:00:00:00:00:00,0,0,0,0,0
[ 142.348784] wil6210-aoa$-16,1606461741.296674,00:00:00:00:00:00,0,0,0,0,0
[ 142.698840] wil6210-aoa$-16,1606461741.646732,00:00:00:00:00:00,0,0,0,0,0
[ 143.318778] wil6210-aoa$-16,1606461742.266672,00:00:00:00:00:00,0,0,0,0,0
[ 143.668786] wil6210-aoa$-16,1606461742.616676,00:00:00:00:00:00,0,0,0,0,0
[ 144.018826] wil6210-aoa$-16,1606461742.966715,00:00:00:00:00:00,0,0,0,0,0
[ 144.638763] wil6210-aoa$-16,1606461743.586655,00:00:00:00:00:00,0,0,0,0,0
[ 144.988794] wil6210-aoa$-16,1606461743.936685,00:00:00:00:00:00,0,0,0,0,0
[ 145.348782] wil6210-aoa$-16,1606461744.296674,00:00:00:00:00:00,0,0,0,0,0
[ 145.968759] wil6210-aoa$-16,1606461744.916652,00:00:00:00:00:00,0,0,0,0,0
[ 146.318795] wil6210-aoa$-16,1606461745.266687,00:00:00:00:00:00,0,0,0,0,0
[ 146.668830] wil6210-aoa$-16,1606461745.616725,00:00:00:00:00:00,0,0,0,0,0
[ 147.298783] wil6210-aoa$-16,1606461746.246677,00:00:00:00:00:00,0,0,0,0,0
[ 147.658798] wil6210-aoa$-16,1606461746.606691,00:00:00:00:00:00,0,0,0,0,0
[ 148.009186] wil6210-aoa$-16,1606461746.957073,00:00:00:00:00:00,0,0,0,0,0
[ 148.628772] wil6210-aoa$-16,1606461747.576665,00:00:00:00:00:00,0,0,0,0,0
[ 148.978837] wil6210-aoa$-16,1606461747.926728,00:00:00:00:00:00,0,0,0,0,0
[ 149.328809] wil6210-aoa$-16,1606461748.276704,00:00:00:00:00:00,0,0,0,0,0
[ 149.948827] wil6210-aoa$-16,1606461748.896716,00:00:00:00:00:00,0,0,0,0,0
[ 150.298784] wil6210-aoa$-16,1606461749.246677,00:00:00:00:00:00,0,0,0,0,0
[ 150.658788] wil6210-aoa$-16,1606461749.606679,00:00:00:00:00:00,0,0,0,0,0
[ 151.278779] wil6210-aoa$-16,1606461750.226671,00:00:00:00:00:00,0,0,0,0,0
[ 151.628827] wil6210-aoa$-16,1606461750.576718,00:00:00:00:00:00,0,0,0,0,0
[ 151.978836] wil6210-aoa$-16,1606461750.926727,00:00:00:00:00:00,0,0,0,0,0
[ 152.598828] wil6210-aoa$-16,1606461751.546723,00:00:00:00:00:00,0,0,0,0,0
[ 152.958759] wil6210-aoa$-16,1606461751.906654,00:00:00:00:00:00,0,0,0,0,0
[ 153.308858] wil6210-aoa$-16,1606461752.256751,00:00:00:00:00:00,0,0,0,0,0
[ 153.928824] wil6210-aoa$-16,1606461752.876716,00:00:00:00:00:00,0,0,0,0,0
[ 154.278856] wil6210-aoa$-16,1606461753.226745,00:00:00:00:00:00,0,0,0,0,0
[ 154.638793] wil6210-aoa$-16,1606461753.586682,00:00:00:00:00:00,0,0,0,0,0
[ 155.259082] wil6210-aoa$-16,1606461754.206973,00:00:00:00:00:00,0,0,0,0,0
[ 155.618808] wil6210-aoa$-16,1606461754.566703,00:00:00:00:00:00,0,0,0,0,0
[ 155.978836] wil6210-aoa$-16,1606461754.926727,00:00:00:00:00:00,0,0,0,0,0
[ 156.598882] wil6210-aoa$-16,1606461755.546773,00:00:00:00:00:00,0,0,0,0,0
[ 156.958765] wil6210-aoa$-16,1606461755.906658,00:00:00:00:00:00,0,0,0,0,0
[ 157.319083] wil6210-aoa$-16,1606461756.266973,00:00:00:00:00:00,0,0,0,0,0
[ 157.948763] wil6210-aoa$-16,1606461756.896654,00:00:00:00:00:00,0,0,0,0,0
[ 158.308785] wil6210-aoa$-16,1606461757.256680,00:00:00:00:00:00,0,0,0,0,0
[ 158.658792] wil6210-aoa$-16,1606461757.606684,00:00:00:00:00:00,0,0,0,0,0
[ 159.278786] wil6210-aoa$-16,1606461758.226676,00:00:00:00:00:00,0,0,0,0,0
[ 159.628836] wil6210-aoa$-16,1606461758.576728,00:00:00:00:00:00,0,0,0,0,0
[ 159.978906] wil6210-aoa$-16,1606461758.926800,00:00:00:00:00:00,0,0,0,0,0
[ 160.598825] wil6210-aoa$-16,1606461759.546718,00:00:00:00:00:00,0,0,0,0,0
