
[ 26.918826] wil6210-aoa$-62,1606461624.809392,00:00:00:00:00:00,0,0,0,0,0
[ 27.568807] wil6210-aoa$-62,1606461625.459370,00:00:00:00:00:00,0,0,0,0,0
[ 28.328785] wil6210-aoa$-62,1606461626.219349,00:00:00:00:00:00,0,0,0,0,0
[ 28.979562] wil6210-aoa$-62,1606461626.870126,00:00:00:00:00:00,0,0,0,0,0
[ 29.748794] wil6210-aoa$-62,1606461627.639360,00:00:00:00:00:00,0,0,0,0,0
[ 30.398786] wil6210-aoa$-62,1606461628.289350,00:00:00:00:00:00,0,0,0,0,0
[ 31.158798] wil6210-aoa$-62,1606461629.049362,00:00:00:00:00:00,0,0,0,0,0
[ 31.808799] wil6210-aoa$-62,1606461629.699363,00:00:00:00:00:00,0,0,0,0,0
[ 32.568776] wil6210-aoa$-62,1606461630.459340,00:00:00:00:00:00,0,0,0,0,0
[ 33.238779] wil6210-aoa$-62,1606461631.129342,00:00:00:00:00:00,0,0,0,0,0
[ 34.008855] wil6210-aoa$-62,1606461631.899422,00:00:00:00:00:00,0,0,0,0,0
[ 34.668781] wil6210-aoa$-62,1606461632.559348,00:00:00:00:00:00,0,0,0,0,0
[ 35.439064] wil6210-aoa$-62,1606461633.329625,00:00:00:00:00:00,0,0,0,0,0
[ 36.098850] wil6210-aoa$-62,1606461633.989410,00:00:00:00:00:00,0,0,0,0,0
[ 36.558724] wil6210-aoa$-16,1606461634.449289,00:00:00:00:00:00,0,0,0,0,0
[ 36.898704] wil6210-aoa$-16,1606461634.789264,00:00:00:00:00:00,0,0,0,0,0
[ 37.238723] wil6210-aoa$-16,1606461635.129288,00:00:00:00:00:00,0,0,0,0,0
[ 37.868723] wil6210-aoa$-16,1606461635.759288,00:00:00:00:00:00,0,0,0,0,0
[ 38.208729] wil6210-aoa$-16,1606461636.099289,00:00:00:00:00:00,0,0,0,0,0
[ 38.548704] wil6210-aoa$-16,1606461636.439269,00:00:00:00:00:00,0,0,0,0,0
[ 39.168677] wil6210-aoa$-16,1606461637.059240,00:00:00:00:00:00,0,0,0,0,0
[ 39.508770] wil6210-aoa$-16,1606461637.399329,00:00:00:00:00:00,0,0,0,0,0
[ 39.868686] wil6210-aoa$-16,1606461637.759249,00:00:00:00:00:00,0,0,0,0,0
[ 40.498733] wil6210-aoa$-16,1606461638.389295,00:00:00:00:00:00,0,0,0,0,0
[ 40.838707] wil6210-aoa$-16,1606461638.729268,00:00:00:00:00:00,0,0,0,0,0
[ 41.178708] wil6210-aoa$-16,1606461639.069270,00:00:00:00:00:00,0,0,0,0,0
[ 41.808974] wil6210-aoa$-16,1606461639.699534,00:00:00:00:00:00,0,0,0,0,0
[ 42.158765] wil6210-aoa$-16,1606461640.049326,00:00:00:00:00:00,0,0,0,0,0
[ 42.498707] wil6210-aoa$-16,1606461640.389268,00:00:00:00:00:00,0,0,0,0,0
[ 43.118694] wil6210-aoa$-16,1606461641.009256,00:00:00:00:00:00,0,0,0,0,0
[ 43.458682] wil6210-aoa$-16,1606461641.349247,00:00:00:00:00:00,0,0,0,0,0
[ 43.798690] wil6210-aoa$-16,1606461641.689252,00:00:00:00:00:00,0,0,0,0,0
[ 44.418664] wil6210-aoa$-16,1606461642.309225,00:00:00:00:00:00,0,0,0,0,0
[ 44.758965] wil6210-aoa$-16,1606461642.649528,00:00:00:00:00:00,0,0,0,0,0
[ 45.098746] wil6210-aoa$-16,1606461642.989309,00:00:00:00:00:00,0,0,0,0,0
[ 45.718699] wil6210-aoa$-16,1606461643.609259,00:00:00:00:00:00,0,0,0,0,0
[ 46.068713] wil6210-aoa$-16,1606461643.959277,00:00:00:00:00:00,0,0,0,0,0
[ 46.418718] wil6210-aoa$-16,1606461644.309280,00:00:00:00:00:00,0,0,0,0,0
[ 47.038746] wil6210-aoa$-16,1606461644.929307,00:00:00:00:00:00,0,0,0,0,0
[ 47.388708] wil6210-aoa$-16,1606461645.279268,00:00:00:00:00:00,0,0,0,0,0
[ 47.738704] wil6210-aoa$-16,1606461645.629264,00:00:00:00:00:00,0,0,0,0,0
[ 48.358704] wil6210-aoa$-16,1606461646.249263,00:00:00:00:00:00,0,0,0,0,0
[ 48.708686] wil6210-aoa$-16,1606461646.599250,00:00:00:00:00:00,0,0,0,0,0
[ 49.048895] wil6210-aoa$-16,1606461646.939455,00:00:00:00:00:00,0,0,0,0,0
[ 49.668687] wil6210-aoa$-16,1606461647.559247,00:00:00:00:00:00,0,0,0,0,0
[ 50.008762] wil6210-aoa$-16,1606461647.899323,00:00:00:00:00:00,0,0,0,0,0
[ 50.348708] wil6210-aoa$-16,1606461648.239269,00:00:00:00:00:00,0,0,0,0,0
[ 50.968678] wil6210-aoa$-16,1606461648.859241,00:00:00:00:00:00,0,0,0,0,0
[ 51.318718] wil6210-aoa$-16,1606461649.209278,00:00:00:00:00:00,0,0,0,0,0
[ 51.658687] wil6210-aoa$-16,1606461649.549248,00:00:00:00:00:00,0,0,0,0,0
[ 52.278756] wil6210-aoa$-16,1606461650.169320,00:00:00:00:00:00,0,0,0,0,0
[ 52.628755] wil6210-aoa$-16,1606461650.519321,00:00:00:00:00:00,0,0,0,0,0
[ 52.968747] wil6210-aoa$-16,1606461650.859309,00:00:00:00:00:00,0,0,0,0,0
[ 53.588619] wil6210-aoa$-16,1606461651.479183,00:00:00:00:00:00,0,0,0,0,0
[ 53.928704] wil6210-aoa$-16,1606461651.819265,00:00:00:00:00:00,0,0,0,0,0
[ 54.278705] wil6210-aoa$-16,1606461652.169263,00:00:00:00:00:00,0,0,0,0,0
[ 54.898735] wil6210-aoa$-16,1606461652.789295,00:00:00:00:00:00,0,0,0,0,0
[ 55.248703] wil6210-aoa$-16,1606461653.139269,00:00:00:00:00:00,0,0,0,0,0
[ 55.588705] wil6210-aoa$-16,1606461653.479266,00:00:00:00:00:00,0,0,0,0,0
[ 56.208720] wil6210-aoa$-16,1606461654.099278,00:00:00:00:00:00,0,0,0,0,0
[ 56.558705] wil6210-aoa$-16,1606461654.449263,00:00:00:00:00:00,0,0,0,0,0
[ 56.908701] wil6210-aoa$-16,1606461654.799262,00:00:00:00:00:00,0,0,0,0,0
[ 57.528696] wil6210-aoa$-16,1606461655.419259,00:00:00:00:00:00,0,0,0,0,0
[ 57.868935] wil6210-aoa$-16,1606461655.759496,00:00:00:00:00:00,0,0,0,0,0
[ 58.218739] wil6210-aoa$-16,1606461656.109300,00:00:00:00:00:00,0,0,0,0,0
[ 58.848673] wil6210-aoa$-16,1606461656.739236,00:00:00:00:00:00,0,0,0,0,0
[ 59.188953] wil6210-aoa$-16,1606461657.079515,00:00:00:00:00:00,0,0,0,0,0
[ 59.538817] wil6210-aoa$-16,1606461657.429377,00:00:00:00:00:00,0,0,0,0,0
[ 60.168676] wil6210-aoa$-16,1606461658.059238,00:00:00:00:00:00,0,0,0,0,0
[ 60.518706] wil6210-aoa$-16,1606461658.409268,00:00:00:00:00:00,0,0,0,0,0
[ 60.868753] wil6210-aoa$-16,1606461658.759318,00:00:00:00:00:00,0,0,0,0,0
[ 61.498676] wil6210-aoa$-16,1606461659.389239,00:00:00:00:00:00,0,0,0,0,0
[ 61.838705] wil6210-aoa$-16,1606461659.729264,00:00:00:00:00:00,0,0,0,0,0
[ 62.178740] wil6210-aoa$-16,1606461660.069301,00:00:00:00:00:00,0,0,0,0,0
[ 62.798677] wil6210-aoa$-16,1606461660.689238,00:00:00:00:00:00,0,0,0,0,0
[ 63.158703] wil6210-aoa$-16,1606461661.049265,00:00:00:00:00:00,0,0,0,0,0
[ 63.508707] wil6210-aoa$-16,1606461661.399268,00:00:00:00:00:00,0,0,0,0,0
[ 64.128734] wil6210-aoa$-16,1606461662.019293,00:00:00:00:00:00,0,0,0,0,0
[ 64.468993] wil6210-aoa$-16,1606461662.359554,00:00:00:00:00:00,0,0,0,0,0
[ 64.818803] wil6210-aoa$-16,1606461662.709362,00:00:00:00:00:00,0,0,0,0,0
[ 65.438676] wil6210-aoa$-16,1606461663.329239,00:00:00:00:00:00,0,0,0,0,0
[ 65.778703] wil6210-aoa$-16,1606461663.669267,00:00:00:00:00:00,0,0,0,0,0
[ 66.118997] wil6210-aoa$-16,1606461664.009558,00:00:00:00:00:00,0,0,0,0,0
[ 66.738751] wil6210-aoa$-16,1606461664.629317,00:00:00:00:00:00,0,0,0,0,0
[ 67.078725] wil6210-aoa$-16,1606461664.969287,00:00:00:00:00:00,0,0,0,0,0
[ 67.418771] wil6210-aoa$-16,1606461665.309333,00:00:00:00:00:00,0,0,0,0,0
[ 68.038947] wil6210-aoa$-16,1606461665.929510,00:00:00:00:00:00,0,0,0,0,0
[ 68.388707] wil6210-aoa$-16,1606461666.279269,00:00:00:00:00:00,0,0,0,0,0
[ 68.738742] wil6210-aoa$-16,1606461666.629306,00:00:00:00:00:00,0,0,0,0,0
[ 69.358765] wil6210-aoa$-16,1606461667.249326,00:00:00:00:00:00,0,0,0,0,0
[ 69.708945] wil6210-aoa$-16,1606461667.599507,00:00:00:00:00:00,0,0,0,0,0
[ 70.058759] wil6210-aoa$-16,1606461667.949324,00:00:00:00:00:00,0,0,0,0,0
[ 70.688693] wil6210-aoa$-16,1606461668.579257,00:00:00:00:00:00,0,0,0,0,0
[ 71.038711] wil6210-aoa$-16,1606461668.929273,00:00:00:00:00:00,0,0,0,0,0
[ 71.388772] wil6210-aoa$-16,1606461669.279331,00:00:00:00:00:00,0,0,0,0,0
[ 72.018714] wil6210-aoa$-16,1606461669.909277,00:00:00:00:00:00,0,0,0,0,0
[ 72.358742] wil6210-aoa$-16,1606461670.249303,00:00:00:00:00:00,0,0,0,0,0
[ 72.708804] wil6210-aoa$-16,1606461670.599364,00:00:00:00:00:00,0,0,0,0,0
[ 73.338677] wil6210-aoa$-16,1606461671.229239,00:00:00:00:00:00,0,0,0,0,0
[ 73.678762] wil6210-aoa$-16,1606461671.569322,00:00:00:00:00:00,0,0,0,0,0
[ 74.038702] wil6210-aoa$-16,1606461671.929266,00:00:00:00:00:00,0,0,0,0,0
[ 74.658712] wil6210-aoa$-16,1606461672.549274,00:00:00:00:00:00,0,0,0,0,0
[ 74.998694] wil6210-aoa$-16,1606461672.889258,00:00:00:00:00:00,0,0,0,0,0
[ 75.358706] wil6210-aoa$-16,1606461673.249270,00:00:00:00:00:00,0,0,0,0,0
[ 75.978688] wil6210-aoa$-16,1606461673.869252,00:00:00:00:00:00,0,0,0,0,0
[ 76.328696] wil6210-aoa$-16,1606461674.219261,00:00:00:00:00:00,0,0,0,0,0
[ 76.668708] wil6210-aoa$-16,1606461674.559269,00:00:00:00:00:00,0,0,0,0,0
[ 77.288685] wil6210-aoa$-16,1606461675.179250,00:00:00:00:00:00,0,0,0,0,0
[ 77.638953] wil6210-aoa$-16,1606461675.529518,00:00:00:00:00:00,0,0,0,0,0
[ 77.988758] wil6210-aoa$-16,1606461675.879320,00:00:00:00:00:00,0,0,0,0,0
[ 78.608674] wil6210-aoa$-16,1606461676.499236,00:00:00:00:00:00,0,0,0,0,0
[ 78.949002] wil6210-aoa$-16,1606461676.839565,00:00:00:00:00:00,0,0,0,0,0
[ 79.298718] wil6210-aoa$-16,1606461677.189277,00:00:00:00:00:00,0,0,0,0,0
[ 79.918719] wil6210-aoa$-16,1606461677.809279,00:00:00:00:00:00,0,0,0,0,0
[ 80.258756] wil6210-aoa$-16,1606461678.149320,00:00:00:00:00:00,0,0,0,0,0
[ 80.608757] wil6210-aoa$-16,1606461678.499322,00:00:00:00:00:00,0,0,0,0,0
[ 81.228737] wil6210-aoa$-16,1606461679.119298,00:00:00:00:00:00,0,0,0,0,0
[ 81.568714] wil6210-aoa$-16,1606461679.459278,00:00:00:00:00:00,0,0,0,0,0
[ 81.918940] wil6210-aoa$-16,1606461679.809501,00:00:00:00:00:00,0,0,0,0,0
[ 82.538782] wil6210-aoa$-16,1606461680.429346,00:00:00:00:00:00,0,0,0,0,0
[ 82.888740] wil6210-aoa$-16,1606461680.779303,00:00:00:00:00:00,0,0,0,0,0
[ 83.238998] wil6210-aoa$-16,1606461681.129561,00:00:00:00:00:00,0,0,0,0,0
[ 83.858729] wil6210-aoa$-16,1606461681.749289,00:00:00:00:00:00,0,0,0,0,0
[ 84.198715] wil6210-aoa$-16,1606461682.089277,00:00:00:00:00:00,0,0,0,0,0
[ 84.548744] wil6210-aoa$-16,1606461682.439306,00:00:00:00:00:00,0,0,0,0,0
[ 85.168793] wil6210-aoa$-16,1606461683.059353,00:00:00:00:00:00,0,0,0,0,0
[ 85.518791] wil6210-aoa$-16,1606461683.409353,00:00:00:00:00:00,0,0,0,0,0
[ 85.868712] wil6210-aoa$-16,1606461683.759275,00:00:00:00:00:00,0,0,0,0,0
[ 86.488732] wil6210-aoa$-16,1606461684.379294,00:00:00:00:00:00,0,0,0,0,0
[ 86.828707] wil6210-aoa$-16,1606461684.719268,00:00:00:00:00:00,0,0,0,0,0
[ 87.178703] wil6210-aoa$-16,1606461685.069263,00:00:00:00:00:00,0,0,0,0,0
[ 87.798724] wil6210-aoa$-16,1606461685.689289,00:00:00:00:00:00,0,0,0,0,0
[ 88.138702] wil6210-aoa$-16,1606461686.029263,00:00:00:00:00:00,0,0,0,0,0
[ 88.488715] wil6210-aoa$-16,1606461686.379277,00:00:00:00:00:00,0,0,0,0,0
[ 89.108732] wil6210-aoa$-16,1606461686.999293,00:00:00:00:00:00,0,0,0,0,0
[ 89.448705] wil6210-aoa$-16,1606461687.339268,00:00:00:00:00:00,0,0,0,0,0
[ 89.808700] wil6210-aoa$-16,1606461687.699263,00:00:00:00:00:00,0,0,0,0,0
[ 90.428699] wil6210-aoa$-16,1606461688.319262,00:00:00:00:00:00,0,0,0,0,0
[ 90.788751] wil6210-aoa$-16,1606461688.679314,00:00:00:00:00:00,0,0,0,0,0
[ 91.148724] wil6210-aoa$-16,1606461689.039282,00:00:00:00:00:00,0,0,0,0,0
[ 91.768680] wil6210-aoa$-16,1606461689.659241,00:00:00:00:00:00,0,0,0,0,0
[ 92.128697] wil6210-aoa$-16,1606461690.019259,00:00:00:00:00:00,0,0,0,0,0
[ 92.478708] wil6210-aoa$-16,1606461690.369273,00:00:00:00:00:00,0,0,0,0,0
[ 93.098678] wil6210-aoa$-16,1606461690.989243,00:00:00:00:00:00,0,0,0,0,0
[ 93.448753] wil6210-aoa$-16,1606461691.339318,00:00:00:00:00:00,0,0,0,0,0
[ 93.798972] wil6210-aoa$-16,1606461691.689531,00:00:00:00:00:00,0,0,0,0,0
[ 94.418714] wil6210-aoa$-16,1606461692.309274,00:00:00:00:00:00,0,0,0,0,0
[ 94.778739] wil6210-aoa$-16,1606461692.669299,00:00:00:00:00:00,0,0,0,0,0
[ 95.129272] wil6210-aoa$-16,1606461693.019832,00:00:00:00:00:00,0,0,0,0,0
[ 95.758680] wil6210-aoa$-16,1606461693.649239,00:00:00:00:00:00,0,0,0,0,0
[ 96.108714] wil6210-aoa$-16,1606461693.999276,00:00:00:00:00:00,0,0,0,0,0
[ 96.458699] wil6210-aoa$-16,1606461694.349260,00:00:00:00:00:00,0,0,0,0,0
[ 97.088676] wil6210-aoa$-16,1606461694.979239,00:00:00:00:00:00,0,0,0,0,0
[ 97.438957] wil6210-aoa$-16,1606461695.329522,00:00:00:00:00:00,0,0,0,0,0
[ 97.798703] wil6210-aoa$-16,1606461695.689266,00:00:00:00:00:00,0,0,0,0,0
[ 98.428675] wil6210-aoa$-16,1606461696.319236,00:00:00:00:00:00,0,0,0,0,0
[ 98.778710] wil6210-aoa$-16,1606461696.669269,00:00:00:00:00:00,0,0,0,0,0
[ 99.128827] wil6210-aoa$-16,1606461697.019378,00:00:00:00:00:00,0,0,0,0,0
[ 99.748604] wil6210-aoa$-16,1606461697.639163,00:00:00:00:00:00,0,0,0,0,0
[ 100.108742] wil6210-aoa$-16,1606461697.999300,00:00:00:00:00:00,0,0,0,0,0
[ 100.468711] wil6210-aoa$-16,1606461698.359270,00:00:00:00:00:00,0,0,0,0,0
[ 101.098690] wil6210-aoa$-16,1606461698.989254,00:00:00:00:00:00,0,0,0,0,0
[ 101.448709] wil6210-aoa$-16,1606461699.339270,00:00:00:00:00:00,0,0,0,0,0
[ 101.808720] wil6210-aoa$-16,1606461699.699284,00:00:00:00:00:00,0,0,0,0,0
[ 102.438672] wil6210-aoa$-16,1606461700.329236,00:00:00:00:00:00,0,0,0,0,0
[ 102.788706] wil6210-aoa$-16,1606461700.679266,00:00:00:00:00:00,0,0,0,0,0
[ 103.138741] wil6210-aoa$-16,1606461701.029301,00:00:00:00:00:00,0,0,0,0,0
[ 103.768695] wil6210-aoa$-16,1606461701.659256,00:00:00:00:00:00,0,0,0,0,0
[ 104.118755] wil6210-aoa$-16,1606461702.009317,00:00:00:00:00:00,0,0,0,0,0
[ 104.468706] wil6210-aoa$-16,1606461702.359268,00:00:00:00:00:00,0,0,0,0,0
[ 105.098662] wil6210-aoa$-16,1606461702.989223,00:00:00:00:00:00,0,0,0,0,0
[ 105.448725] wil6210-aoa$-16,1606461703.339287,00:00:00:00:00:00,0,0,0,0,0
[ 105.808757] wil6210-aoa$-16,1606461703.699323,00:00:00:00:00:00,0,0,0,0,0
[ 106.438674] wil6210-aoa$-16,1606461704.329234,00:00:00:00:00:00,0,0,0,0,0
[ 106.798707] wil6210-aoa$-16,1606461704.689268,00:00:00:00:00:00,0,0,0,0,0
[ 107.158789] wil6210-aoa$-16,1606461705.049348,00:00:00:00:00:00,0,0,0,0,0
[ 107.788692] wil6210-aoa$-16,1606461705.679251,00:00:00:00:00:00,0,0,0,0,0
[ 108.138750] wil6210-aoa$-16,1606461706.029311,00:00:00:00:00:00,0,0,0,0,0
[ 108.488709] wil6210-aoa$-16,1606461706.379269,00:00:00:00:00:00,0,0,0,0,0
[ 109.118664] wil6210-aoa$-16,1606461707.009222,00:00:00:00:00:00,0,0,0,0,0
[ 109.478712] wil6210-aoa$-16,1606461707.369275,00:00:00:00:00:00,0,0,0,0,0
[ 109.828695] wil6210-aoa$-16,1606461707.719260,00:00:00:00:00:00,0,0,0,0,0
[ 110.448686] wil6210-aoa$-16,1606461708.339248,00:00:00:00:00:00,0,0,0,0,0
[ 110.798709] wil6210-aoa$-16,1606461708.689268,00:00:00:00:00:00,0,0,0,0,0
[ 111.148742] wil6210-aoa$-16,1606461709.039301,00:00:00:00:00:00,0,0,0,0,0
[ 111.778707] wil6210-aoa$-16,1606461709.669266,00:00:00:00:00:00,0,0,0,0,0
[ 112.128950] wil6210-aoa$-16,1606461710.019514,00:00:00:00:00:00,0,0,0,0,0
[ 112.488709] wil6210-aoa$-16,1606461710.379271,00:00:00:00:00:00,0,0,0,0,0
[ 113.118690] wil6210-aoa$-16,1606461711.009251,00:00:00:00:00:00,0,0,0,0,0
[ 113.478690] wil6210-aoa$-16,1606461711.369251,00:00:00:00:00:00,0,0,0,0,0
[ 113.838717] wil6210-aoa$-16,1606461711.729279,00:00:00:00:00:00,0,0,0,0,0
[ 114.468670] wil6210-aoa$-16,1606461712.359234,00:00:00:00:00:00,0,0,0,0,0
[ 114.818710] wil6210-aoa$-16,1606461712.709273,00:00:00:00:00:00,0,0,0,0,0
[ 115.178719] wil6210-aoa$-16,1606461713.069279,00:00:00:00:00:00,0,0,0,0,0
[ 115.808695] wil6210-aoa$-16,1606461713.699258,00:00:00:00:00:00,0,0,0,0,0
[ 116.158723] wil6210-aoa$-16,1606461714.049283,00:00:00:00:00:00,0,0,0,0,0
[ 116.508698] wil6210-aoa$-16,1606461714.399260,00:00:00:00:00:00,0,0,0,0,0
[ 117.138723] wil6210-aoa$-16,1606461715.029285,00:00:00:00:00:00,0,0,0,0,0
[ 117.488717] wil6210-aoa$-16,1606461715.379277,00:00:00:00:00:00,0,0,0,0,0
[ 117.838706] wil6210-aoa$-16,1606461715.729266,00:00:00:00:00:00,0,0,0,0,0
[ 118.468674] wil6210-aoa$-16,1606461716.359236,00:00:00:00:00:00,0,0,0,0,0
[ 118.818758] wil6210-aoa$-16,1606461716.709318,00:00:00:00:00:00,0,0,0,0,0
[ 119.178638] wil6210-aoa$-16,1606461717.069197,00:00:00:00:00:00,0,0,0,0,0
[ 119.808704] wil6210-aoa$-16,1606461717.699269,00:00:00:00:00:00,0,0,0,0,0
[ 120.158710] wil6210-aoa$-16,1606461718.049272,00:00:00:00:00:00,0,0,0,0,0
[ 120.508708] wil6210-aoa$-16,1606461718.399270,00:00:00:00:00:00,0,0,0,0,0
[ 121.138717] wil6210-aoa$-16,1606461719.029279,00:00:00:00:00:00,0,0,0,0,0
[ 121.488723] wil6210-aoa$-16,1606461719.379287,00:00:00:00:00:00,0,0,0,0,0
[ 121.838765] wil6210-aoa$-16,1606461719.729324,00:00:00:00:00:00,0,0,0,0,0
[ 122.468688] wil6210-aoa$-16,1606461720.359252,00:00:00:00:00:00,0,0,0,0,0
[ 122.818818] wil6210-aoa$-16,1606461720.709378,00:00:00:00:00:00,0,0,0,0,0
[ 123.168698] wil6210-aoa$-16,1606461721.059259,00:00:00:00:00:00,0,0,0,0,0
[ 123.788687] wil6210-aoa$-16,1606461721.679250,00:00:00:00:00:00,0,0,0,0,0
[ 124.138699] wil6210-aoa$-16,1606461722.029260,00:00:00:00:00:00,0,0,0,0,0
[ 124.498699] wil6210-aoa$-16,1606461722.389260,00:00:00:00:00:00,0,0,0,0,0
[ 125.118710] wil6210-aoa$-16,1606461723.009268,00:00:00:00:00:00,0,0,0,0,0
[ 125.478710] wil6210-aoa$-16,1606461723.369270,00:00:00:00:00:00,0,0,0,0,0
[ 125.838708] wil6210-aoa$-16,1606461723.729269,00:00:00:00:00:00,0,0,0,0,0
[ 126.458684] wil6210-aoa$-16,1606461724.349244,00:00:00:00:00:00,0,0,0,0,0
[ 126.808747] wil6210-aoa$-16,1606461724.699311,00:00:00:00:00:00,0,0,0,0,0
[ 127.158707] wil6210-aoa$-16,1606461725.049269,00:00:00:00:00:00,0,0,0,0,0
[ 127.788679] wil6210-aoa$-16,1606461725.679242,00:00:00:00:00:00,0,0,0,0,0
[ 128.148709] wil6210-aoa$-16,1606461726.039267,00:00:00:00:00:00,0,0,0,0,0
[ 128.498723] wil6210-aoa$-16,1606461726.389283,00:00:00:00:00:00,0,0,0,0,0
[ 129.118675] wil6210-aoa$-16,1606461727.009233,00:00:00:00:00:00,0,0,0,0,0
[ 129.468695] wil6210-aoa$-16,1606461727.359256,00:00:00:00:00:00,0,0,0,0,0
[ 129.818694] wil6210-aoa$-16,1606461727.709258,00:00:00:00:00:00,0,0,0,0,0
[ 130.438664] wil6210-aoa$-16,1606461728.329230,00:00:00:00:00:00,0,0,0,0,0
[ 130.788699] wil6210-aoa$-16,1606461728.679259,00:00:00:00:00:00,0,0,0,0,0
[ 131.138984] wil6210-aoa$-16,1606461729.029544,00:00:00:00:00:00,0,0,0,0,0
[ 131.758727] wil6210-aoa$-16,1606461729.649289,00:00:00:00:00:00,0,0,0,0,0
[ 132.118711] wil6210-aoa$-16,1606461730.009270,00:00:00:00:00:00,0,0,0,0,0
[ 132.468702] wil6210-aoa$-16,1606461730.359265,00:00:00:00:00:00,0,0,0,0,0
[ 133.088691] wil6210-aoa$-16,1606461730.979255,00:00:00:00:00:00,0,0,0,0,0
[ 133.438699] wil6210-aoa$-16,1606461731.329261,00:00:00:00:00:00,0,0,0,0,0
[ 133.788691] wil6210-aoa$-16,1606461731.679252,00:00:00:00:00:00,0,0,0,0,0
[ 134.410037] wil6210-aoa$-16,1606461732.300601,00:00:00:00:00:00,0,0,0,0,0
[ 134.758939] wil6210-aoa$-16,1606461732.649499,00:00:00:00:00:00,0,0,0,0,0
[ 135.108708] wil6210-aoa$-16,1606461732.999267,00:00:00:00:00:00,0,0,0,0,0
[ 135.728683] wil6210-aoa$-16,1606461733.619243,00:00:00:00:00:00,0,0,0,0,0
[ 136.088895] wil6210-aoa$-16,1606461733.979457,00:00:00:00:00:00,0,0,0,0,0
[ 136.438721] wil6210-aoa$-16,1606461734.329282,00:00:00:00:00:00,0,0,0,0,0
[ 137.068705] wil6210-aoa$-16,1606461734.959264,00:00:00:00:00:00,0,0,0,0,0
[ 137.418690] wil6210-aoa$-16,1606461735.309254,00:00:00:00:00:00,0,0,0,0,0
[ 137.768724] wil6210-aoa$-16,1606461735.659282,00:00:00:00:00:00,0,0,0,0,0
[ 138.398775] wil6210-aoa$-16,1606461736.289336,00:00:00:00:00:00,0,0,0,0,0
[ 138.748930] wil6210-aoa$-16,1606461736.639489,00:00:00:00:00:00,0,0,0,0,0
[ 139.098749] wil6210-aoa$-16,1606461736.989310,00:00:00:00:00:00,0,0,0,0,0
[ 139.728700] wil6210-aoa$-16,1606461737.619261,00:00:00:00:00:00,0,0,0,0,0
[ 140.088704] wil6210-aoa$-16,1606461737.979265,00:00:00:00:00:00,0,0,0,0,0
[ 140.438706] wil6210-aoa$-16,1606461738.329266,00:00:00:00:00:00,0,0,0,0,0
[ 141.058700] wil6210-aoa$-16,1606461738.949261,00:00:00:00:00:00,0,0,0,0,0
[ 141.408744] wil6210-aoa$-16,1606461739.299305,00:00:00:00:00:00,0,0,0,0,0
[ 141.758747] wil6210-aoa$-16,1606461739.649312,00:00:00:00:00:00,0,0,0,0,0
[ 142.378691] wil6210-aoa$-16,1606461740.269254,00:00:00:00:00:00,0,0,0,0,0
[ 142.728707] wil6210-aoa$-16,1606461740.619268,00:00:00:00:00:00,0,0,0,0,0
[ 143.088741] wil6210-aoa$-16,1606461740.979303,00:00:00:00:00:00,0,0,0,0,0
[ 143.708733] wil6210-aoa$-16,1606461741.599292,00:00:00:00:00:00,0,0,0,0,0
[ 144.068745] wil6210-aoa$-16,1606461741.959306,00:00:00:00:00:00,0,0,0,0,0
[ 144.428743] wil6210-aoa$-16,1606461742.319305,00:00:00:00:00:00,0,0,0,0,0
[ 145.048741] wil6210-aoa$-16,1606461742.939301,00:00:00:00:00:00,0,0,0,0,0
[ 145.408701] wil6210-aoa$-16,1606461743.299262,00:00:00:00:00:00,0,0,0,0,0
[ 145.758705] wil6210-aoa$-16,1606461743.649266,00:00:00:00:00:00,0,0,0,0,0
[ 146.378775] wil6210-aoa$-16,1606461744.269335,00:00:00:00:00:00,0,0,0,0,0
[ 146.728991] wil6210-aoa$-16,1606461744.619555,00:00:00:00:00:00,0,0,0,0,0
[ 147.088737] wil6210-aoa$-16,1606461744.979298,00:00:00:00:00:00,0,0,0,0,0
[ 147.718678] wil6210-aoa$-16,1606461745.609240,00:00:00:00:00:00,0,0,0,0,0
[ 148.078718] wil6210-aoa$-16,1606461745.969282,00:00:00:00:00:00,0,0,0,0,0
[ 148.438696] wil6210-aoa$-16,1606461746.329255,00:00:00:00:00:00,0,0,0,0,0
[ 149.058775] wil6210-aoa$-16,1606461746.949333,00:00:00:00:00:00,0,0,0,0,0
[ 149.418752] wil6210-aoa$-16,1606461747.309310,00:00:00:00:00:00,0,0,0,0,0
[ 149.768714] wil6210-aoa$-16,1606461747.659275,00:00:00:00:00:00,0,0,0,0,0
[ 150.388727] wil6210-aoa$-16,1606461748.279288,00:00:00:00:00:00,0,0,0,0,0
[ 150.738756] wil6210-aoa$-16,1606461748.629316,00:00:00:00:00:00,0,0,0,0,0
[ 151.088719] wil6210-aoa$-16,1606461748.979281,00:00:00:00:00:00,0,0,0,0,0
[ 151.708686] wil6210-aoa$-16,1606461749.599246,00:00:00:00:00:00,0,0,0,0,0
[ 152.058767] wil6210-aoa$-16,1606461749.949329,00:00:00:00:00:00,0,0,0,0,0
[ 152.418707] wil6210-aoa$-16,1606461750.309267,00:00:00:00:00:00,0,0,0,0,0
[ 153.038681] wil6210-aoa$-16,1606461750.929239,00:00:00:00:00:00,0,0,0,0,0
[ 153.388689] wil6210-aoa$-16,1606461751.279248,00:00:00:00:00:00,0,0,0,0,0
[ 153.758711] wil6210-aoa$-16,1606461751.649272,00:00:00:00:00:00,0,0,0,0,0
[ 154.378725] wil6210-aoa$-16,1606461752.269285,00:00:00:00:00:00,0,0,0,0,0
[ 154.728690] wil6210-aoa$-16,1606461752.619254,00:00:00:00:00:00,0,0,0,0,0
[ 155.088731] wil6210-aoa$-16,1606461752.979293,00:00:00:00:00:00,0,0,0,0,0
[ 155.708731] wil6210-aoa$-16,1606461753.599291,00:00:00:00:00:00,0,0,0,0,0
[ 156.068718] wil6210-aoa$-16,1606461753.959280,00:00:00:00:00:00,0,0,0,0,0
[ 156.428693] wil6210-aoa$-16,1606461754.319258,00:00:00:00:00:00,0,0,0,0,0
[ 157.048695] wil6210-aoa$-16,1606461754.939254,00:00:00:00:00:00,0,0,0,0,0
[ 157.398709] wil6210-aoa$-16,1606461755.289272,00:00:00:00:00:00,0,0,0,0,0
[ 157.748699] wil6210-aoa$-16,1606461755.639261,00:00:00:00:00:00,0,0,0,0,0
[ 158.368727] wil6210-aoa$-16,1606461756.259287,00:00:00:00:00:00,0,0,0,0,0
[ 158.718692] wil6210-aoa$-16,1606461756.609255,00:00:00:00:00:00,0,0,0,0,0
[ 159.078818] wil6210-aoa$-16,1606461756.969377,00:00:00:00:00:00,0,0,0,0,0
[ 159.708917] wil6210-aoa$-16,1606461757.599479,00:00:00:00:00:00,0,0,0,0,0
[ 160.058688] wil6210-aoa$-16,1606461757.949252,00:00:00:00:00:00,0,0,0,0,0
[ 160.408970] wil6210-aoa$-16,1606461758.299528,00:00:00:00:00:00,0,0,0,0,0
[ 161.028670] wil6210-aoa$-16,1606461758.919231,00:00:00:00:00:00,0,0,0,0,0
[ 161.378692] wil6210-aoa$-16,1606461759.269254,00:00:00:00:00:00,0,0,0,0,0
[ 161.748700] wil6210-aoa$-16,1606461759.639259,00:00:00:00:00:00,0,0,0,0,0
[ 162.368677] wil6210-aoa$-16,1606461760.259239,00:00:00:00:00:00,0,0,0,0,0
