
[ 26.920992] wil6210-aoa$0,1606461625.892725,04:d6:aa:c1:38:97,2,1,1,0,128,874,808,325,649,966,4,861,295,47,291,949,142,770,1010,142,459,874,965,482,943,704,35,734,18,94,312,3,243,289,990,236,47,67,114,106,115,86,84,62,51,105,102,79,37,67,68,119,70,81,69,68,64,43,53,50,56,96,54,62,52,52,80,79,83
[ 26.951345] wil6210-aoa$0,1606461625.923078,04:d6:aa:c1:38:97,2,1,1,0,128,861,824,252,576,430,819,957,322,536,118,389,945,248,809,213,440,893,1015,853,670,134,821,192,851,540,39,504,25,271,989,840,591,65,107,104,111,86,84,65,49,102,102,79,40,68,67,120,73,89,70,67,65,45,57,51,57,99,60,64,58,59,89,90,98
[ 26.979426] wil6210-aoa$0,1606461625.951162,04:d6:aa:c1:38:97,2,1,1,0,128,290,992,783,765,22,0,432,472,32,266,979,138,803,2,174,431,886,972,886,690,206,903,722,1022,66,254,2,212,273,961,601,331,67,108,104,110,86,86,66,50,99,101,80,41,65,62,121,71,85,67,68,62,43,53,50,55,99,59,62,55,57,83,84,89
[ 27.002599] wil6210-aoa$0,1606461625.974330,04:d6:aa:c1:38:97,2,1,1,0,128,305,975,804,795,930,998,839,232,539,110,980,197,794,12,157,433,910,1008,485,912,728,8,791,29,109,314,1012,215,261,963,292,18,68,108,105,110,86,85,65,51,103,102,78,40,68,66,117,70,86,68,68,63,44,57,51,59,97,60,62,56,56,88,84,94
[ 27.029676] wil6210-aoa$0,1606461626.001412,04:d6:aa:c1:38:97,2,1,1,0,128,305,941,361,661,942,995,463,514,28,267,990,134,827,985,211,413,915,1014,425,917,682,21,706,28,17,222,34,252,233,970,287,1013,71,115,108,115,89,89,69,54,107,104,83,43,70,67,125,76,89,74,73,68,46,57,54,63,101,62,66,61,58,87,90,97
[ 27.060271] wil6210-aoa$0,1606461626.032002,04:d6:aa:c1:38:97,2,1,1,0,128,785,793,276,612,1019,1018,415,457,14,256,958,129,762,964,644,243,925,1014,930,732,721,5,744,32,101,287,969,183,230,970,182,918,67,109,102,109,85,82,63,51,100,101,77,36,62,64,113,67,82,67,65,61,39,52,47,53,92,55,62,54,54,83,82,91
[ 27.086332] wil6210-aoa$0,1606461626.058067,04:d6:aa:c1:38:97,2,1,1,0,128,371,1007,861,798,998,1016,402,493,25,267,362,955,785,992,654,242,856,962,515,908,702,1023,773,11,84,254,998,119,794,762,219,22,66,108,106,110,85,84,65,50,99,99,78,40,67,66,118,70,86,70,70,62,43,53,49,58,94,56,61,53,53,81,84,87
[ 27.112498] wil6210-aoa$0,1606461626.084233,04:d6:aa:c1:38:97,2,1,1,0,128,348,978,827,781,1020,1015,438,455,24,253,917,126,734,973,625,209,918,1007,421,869,118,830,192,868,602,119,476,17,281,986,164,876,65,109,104,110,84,84,64,50,100,100,79,38,67,65,117,69,85,68,69,63,43,55,51,56,96,59,63,55,56,84,86,92
[ 27.136533] wil6210-aoa$0,1606461626.108269,04:d6:aa:c1:38:97,2,1,1,0,128,802,801,360,623,388,805,904,318,49,271,319,969,163,758,628,210,323,781,946,734,77,782,197,807,623,127,1000,184,310,998,186,985,67,108,104,112,85,87,64,51,100,100,82,41,67,67,121,73,88,70,67,63,43,55,51,60,94,59,62,57,57,86,87,92
[ 27.163167] wil6210-aoa$0,1606461626.134903,04:d6:aa:c1:38:97,2,1,1,0,128,326,973,869,791,380,801,415,483,469,45,967,132,718,957,605,200,883,997,946,751,611,989,180,837,578,80,401,992,260,971,580,382,66,109,103,110,86,82,63,50,101,99,78,39,66,64,118,69,84,68,67,62,42,53,49,56,92,57,62,54,54,84,84,92
[ 27.195111] wil6210-aoa$0,1606461626.166843,04:d6:aa:c1:38:97,2,1,1,0,128,281,964,854,813,959,945,478,497,81,317,934,123,770,11,191,458,876,991,440,876,123,813,194,834,34,238,11,191,348,1006,409,97,64,109,102,109,84,80,61,49,101,96,76,36,63,64,112,68,83,66,65,60,41,50,46,54,91,54,61,55,55,80,81,89
[ 27.223026] wil6210-aoa$0,1606461626.194758,04:d6:aa:c1:38:97,2,1,1,0,128,344,983,822,804,455,805,841,247,538,137,979,146,761,972,182,452,851,930,968,744,639,4,195,823,523,61,987,214,217,928,26,811,66,105,102,110,86,85,64,50,102,103,80,41,66,64,119,70,85,68,68,62,42,53,48,54,94,56,62,55,58,85,87,93
[ 27.250954] wil6210-aoa$0,1606461626.222685,04:d6:aa:c1:38:97,2,1,1,0,128,341,1002,846,804,368,772,472,516,20,268,975,149,787,8,165,454,898,977,458,920,129,855,702,15,530,107,10,206,228,972,355,89,68,107,103,110,86,85,64,51,102,101,79,41,68,64,118,69,87,69,66,63,43,56,53,58,97,59,64,58,58,87,91,95
[ 27.276823] wil6210-aoa$0,1606461626.248562,04:d6:aa:c1:38:97,2,1,1,0,128,360,976,820,785,1018,1021,309,439,71,272,915,109,828,7,102,380,932,3,480,916,711,23,725,27,30,271,975,197,309,1008,866,521,65,110,103,110,86,83,62,51,96,100,77,37,63,65,114,69,84,70,66,62,41,53,49,54,93,55,60,53,54,83,80,88
[ 27.303002] wil6210-aoa$0,1606461626.274734,04:d6:aa:c1:38:97,2,1,1,0,128,262,966,818,781,428,815,407,467,97,272,980,169,822,17,122,421,921,961,445,881,100,822,178,836,65,272,957,235,275,980,462,181,67,108,100,108,86,82,64,49,101,101,78,42,68,66,119,69,85,69,68,66,43,55,50,59,97,61,64,57,58,89,92,97
[ 27.326308] wil6210-aoa$0,1606461626.298046,04:d6:aa:c1:38:97,2,1,1,0,128,288,957,236,605,983,1021,411,462,57,267,1002,178,789,1002,158,413,899,992,898,714,647,1,707,0,1021,230,931,158,754,780,932,702,64,106,101,107,82,81,62,50,96,96,76,39,64,64,114,66,82,67,64,60,41,52,46,54,92,53,60,52,53,82,80,85
[ 27.352883] wil6210-aoa$0,1606461626.324619,04:d6:aa:c1:38:97,2,1,1,0,128,758,768,866,814,467,820,447,462,10,261,929,156,205,814,169,453,906,1005,495,934,687,23,743,14,63,283,954,147,303,1001,138,790,67,111,100,107,84,81,62,50,100,97,78,36,65,65,115,69,83,66,65,61,41,52,46,53,95,56,61,53,54,83,80,89
[ 27.392000] wil6210-aoa$0,1606461626.363738,04:d6:aa:c1:38:97,2,1,1,0,128,334,960,869,802,985,993,473,529,135,365,1005,155,760,14,151,420,919,1017,442,937,657,3,777,29,112,295,1010,201,187,933,282,40,68,111,106,113,88,86,65,52,102,100,80,37,66,64,120,70,84,68,67,62,43,49,49,54,95,52,61,52,52,80,79,86
[ 27.414606] wil6210-aoa$0,1606461626.386343,04:d6:aa:c1:38:97,2,1,1,0,128,322,968,872,790,947,1002,397,458,63,278,933,109,788,962,117,411,879,974,481,921,722,45,767,16,97,277,994,220,268,972,383,79,66,105,102,109,85,84,62,48,101,100,78,37,66,64,117,67,83,66,67,60,41,50,47,55,90,56,60,55,54,83,83,90
[ 27.446191] wil6210-aoa$0,1606461626.417927,04:d6:aa:c1:38:97,2,1,1,0,128,370,985,843,781,958,1022,462,469,72,306,930,129,756,991,176,411,974,1013,509,948,685,1,754,49,35,261,932,144,352,8,26,700,65,107,101,108,81,78,60,49,96,93,75,37,64,63,114,66,82,65,64,58,40,49,46,52,88,52,56,50,49,77,76,85
[ 27.469837] wil6210-aoa$0,1606461626.441573,04:d6:aa:c1:38:97,2,1,1,0,128,303,1014,801,758,988,1001,482,508,82,293,1002,156,766,1,120,412,918,998,466,937,720,53,787,79,80,281,9,230,371,5,28,738,67,107,104,111,85,84,62,48,100,100,77,40,66,66,118,69,82,68,67,63,43,54,49,57,95,58,64,54,56,87,88,93
[ 27.497923] wil6210-aoa$0,1606461626.469653,04:d6:aa:c1:38:97,2,1,1,0,128,337,988,857,850,922,987,351,427,39,259,1004,179,764,997,266,504,932,25,420,907,711,55,728,39,36,298,1005,224,292,997,426,21,66,107,103,110,82,85,63,49,99,100,79,41,65,65,116,68,86,68,67,62,43,55,49,56,94,57,63,56,57,85,86,94
[ 27.525753] wil6210-aoa$0,1606461626.497488,04:d6:aa:c1:38:97,2,1,1,0,128,323,999,832,797,1009,1011,380,476,54,247,957,157,815,9,180,438,939,990,458,905,731,36,746,57,22,215,15,202,263,981,914,585,70,111,108,116,89,87,67,51,103,105,85,42,70,68,123,71,89,71,70,65,46,57,55,61,97,60,67,58,61,90,90,95
[ 27.548163] wil6210-aoa$0,1606461626.519898,04:d6:aa:c1:38:97,2,1,1,0,128,274,975,806,759,966,1013,362,445,561,122,1015,188,750,982,151,398,916,957,969,775,680,1001,697,4,138,281,18,203,256,945,365,4,65,106,102,109,82,82,64,48,99,99,76,42,64,65,119,69,85,68,67,64,43,54,50,56,95,57,63,54,56,86,87,92
[ 27.578017] wil6210-aoa$0,1606461626.549747,04:d6:aa:c1:38:97,2,1,1,0,128,317,992,799,766,964,997,364,475,26,283,969,131,850,43,195,478,887,1000,470,947,727,30,735,58,94,319,975,213,272,966,640,352,64,106,99,109,85,83,63,49,98,97,76,37,66,61,113,68,83,67,64,61,42,51,47,52,91,54,57,50,53,83,79,85
[ 27.606970] wil6210-aoa$0,1606461626.578706,04:d6:aa:c1:38:97,2,1,1,0,128,317,1,843,790,900,977,799,244,505,97,420,962,218,786,633,211,926,1019,953,721,112,843,675,971,503,14,1012,182,311,1005,675,478,65,107,101,108,85,82,63,50,98,99,76,39,65,64,117,71,85,69,67,63,43,55,51,57,95,59,64,55,58,86,89,94
[ 27.630744] wil6210-aoa$0,1606461626.602475,04:d6:aa:c1:38:97,2,1,1,0,128,326,1002,858,787,960,2,421,460,34,226,971,176,790,1002,596,181,909,991,420,888,661,37,690,1,57,233,974,149,754,746,428,117,69,106,100,108,84,86,64,52,99,100,81,42,67,66,119,72,88,67,68,63,43,57,51,60,96,62,63,56,59,89,92,98
[ 27.663105] wil6210-aoa$0,1606461626.634836,04:d6:aa:c1:38:97,2,1,1,0,128,345,997,827,805,944,969,384,454,102,344,929,130,774,17,162,424,948,11,338,862,647,1022,214,871,78,281,993,192,316,976,543,348,68,113,106,111,87,87,65,51,104,104,80,41,70,64,122,71,87,73,67,64,42,53,49,56,97,57,65,59,57,89,84,94
[ 27.692130] wil6210-aoa$0,1606461626.663862,04:d6:aa:c1:38:97,2,1,1,0,128,344,998,859,836,982,984,903,264,496,81,909,128,269,831,639,220,393,828,904,714,687,35,221,880,570,90,973,217,251,976,369,153,64,108,100,110,82,76,61,48,96,96,76,35,63,62,112,67,81,66,65,60,42,51,46,52,91,51,58,50,53,78,79,86
[ 27.721295] wil6210-aoa$0,1606461626.693027,04:d6:aa:c1:38:97,2,1,1,0,128,791,831,281,600,419,807,908,290,545,67,439,1002,792,982,187,461,881,1002,924,681,667,0,691,1014,106,294,490,39,284,996,288,66,67,110,104,112,87,83,66,51,102,102,80,40,66,66,122,70,87,71,67,64,42,52,49,56,95,56,65,54,56,86,83,92
[ 27.750401] wil6210-aoa$0,1606461626.722136,04:d6:aa:c1:38:97,2,1,1,0,128,280,990,892,854,957,1011,463,490,460,49,981,150,216,780,243,490,931,0,402,880,714,31,776,41,81,280,1008,212,297,988,288,48,65,106,104,110,84,80,63,48,99,97,75,37,63,63,112,67,83,67,63,58,40,49,46,52,91,53,58,52,52,82,77,85
[ 27.774962] wil6210-aoa$0,1606461626.746700,04:d6:aa:c1:38:97,2,1,1,2,128,280,990,892,854,957,1011,463,490,460,49,981,150,216,780,243,490,931,0,402,880,714,31,776,41,81,280,1008,212,297,988,288,48,67,110,104,112,87,83,66,51,102,102,80,40,66,66,122,70,87,71,67,64,42,52,49,56,95,56,65,54,56,86,83,92
[ 27.802227] wil6210-aoa$0,1606461626.773959,04:d6:aa:c1:38:97,2,1,1,0,128,296,978,809,781,389,793,385,429,508,63,970,159,817,25,93,368,928,1017,436,919,670,5,749,33,33,257,937,125,245,932,130,23,66,109,102,111,86,81,63,50,99,98,76,35,64,62,113,65,81,65,64,59,40,47,47,53,93,51,57,49,51,76,76,83
[ 27.831352] wil6210-aoa$0,1606461626.803083,04:d6:aa:c1:38:97,2,1,1,0,128,815,826,246,588,424,822,857,271,8,297,935,153,718,962,160,409,881,982,430,924,664,21,186,860,50,230,484,16,764,788,240,96,66,111,103,112,84,79,63,50,101,100,78,36,63,64,117,69,82,67,66,62,42,51,47,53,93,54,61,53,54,81,80,88
[ 27.859418] wil6210-aoa$0,1606461626.831156,04:d6:aa:c1:38:97,2,1,1,0,128,318,991,295,589,454,837,899,294,96,297,934,124,800,1004,627,199,902,990,880,685,98,828,683,969,49,226,450,5,753,795,866,687,63,105,100,106,82,81,61,49,98,98,76,37,64,63,114,69,82,66,63,60,40,51,46,53,91,54,59,51,52,83,79,87
[ 27.883732] wil6210-aoa$0,1606461626.855464,04:d6:aa:c1:38:97,2,1,1,0,128,755,801,905,838,963,975,414,457,73,289,975,153,790,993,160,430,943,5,887,672,689,1006,724,998,143,268,978,194,339,988,565,313,65,103,100,107,85,82,64,50,98,99,77,41,67,66,117,67,83,67,67,62,43,53,48,57,94,56,62,54,56,83,86,92
[ 27.914597] wil6210-aoa$0,1606461626.886329,04:d6:aa:c1:38:97,2,1,1,0,128,353,4,856,815,980,1019,381,490,67,298,901,119,802,10,104,370,924,993,931,708,627,1005,761,77,59,295,85,263,242,1012,813,566,65,105,99,107,82,81,63,48,97,96,77,37,64,64,115,67,85,67,65,62,42,51,48,54,92,56,61,55,57,85,88,93
[ 27.943420] wil6210-aoa$0,1606461626.915152,04:d6:aa:c1:38:97,2,1,1,0,128,339,984,905,865,995,7,360,478,4,267,411,949,797,1020,185,459,933,1007,529,965,707,1016,770,36,77,259,976,149,256,967,547,236,69,111,104,110,87,83,63,52,102,101,80,36,66,66,119,70,85,71,68,66,42,54,50,57,96,56,62,55,55,86,82,88
[ 27.972644] wil6210-aoa$0,1606461626.944376,04:d6:aa:c1:38:97,2,1,1,0,128,354,1015,896,853,979,973,387,480,25,234,1000,159,851,21,129,421,957,1013,447,916,672,1,783,47,34,207,1018,211,291,959,415,45,63,106,101,107,83,78,62,48,97,94,74,37,65,62,114,68,81,65,65,60,41,51,48,56,92,55,58,52,52,79,80,85
[ 28.001777] wil6210-aoa$0,1606461626.973510,04:d6:aa:c1:38:97,2,1,1,0,128,309,975,790,770,5,32,380,474,43,265,999,182,767,1013,164,430,955,1016,460,914,658,1006,214,855,57,257,984,179,242,943,837,579,66,105,99,107,83,84,64,50,99,97,76,41,67,65,119,72,84,69,68,63,43,56,51,58,93,60,64,58,60,87,90,94
[ 28.029635] wil6210-aoa$0,1606461627.001371,04:d6:aa:c1:38:97,2,1,1,0,128,365,998,836,775,1023,18,401,482,1020,238,957,125,748,980,644,252,906,980,465,925,718,31,724,17,100,296,1020,198,219,921,997,831,65,106,100,107,83,83,65,51,99,98,80,41,67,65,119,70,87,67,66,62,44,55,51,56,95,58,64,56,56,87,88,97
[ 28.055366] wil6210-aoa$0,1606461627.027098,04:d6:aa:c1:38:97,2,1,1,0,128,324,1020,911,832,957,976,466,493,1016,250,988,159,782,991,125,372,951,1022,461,898,677,1009,780,43,59,229,962,189,277,965,958,629,67,108,101,109,84,83,63,49,97,97,78,41,65,65,116,69,83,68,67,63,42,53,50,56,94,58,61,56,55,83,87,93
[ 28.082140] wil6210-aoa$0,1606461627.053876,04:d6:aa:c1:38:97,2,1,1,2,128,324,1020,911,832,957,976,466,493,1016,250,988,159,782,991,125,372,951,1022,461,898,677,1009,780,43,59,229,962,189,277,965,958,629,65,106,100,107,83,83,65,51,99,98,80,41,67,65,119,70,87,67,66,62,44,55,51,56,95,58,64,56,56,87,88,97
[ 28.111344] wil6210-aoa$0,1606461627.083081,04:d6:aa:c1:38:97,2,1,1,0,128,368,26,841,811,951,1007,837,259,53,296,953,164,840,35,165,440,979,3,486,958,649,19,708,1000,165,255,1010,171,321,976,184,932,64,106,101,108,82,82,61,49,97,97,75,36,63,64,118,69,83,67,65,62,42,52,50,55,92,56,61,53,55,81,83,89
[ 28.134202] wil6210-aoa$0,1606461627.105939,04:d6:aa:c1:38:97,2,1,1,0,128,301,976,868,812,978,988,391,452,447,21,444,991,822,1017,198,427,940,979,447,890,88,829,176,788,589,105,444,1009,789,791,242,1021,63,107,99,106,83,81,62,47,98,97,77,37,61,64,117,67,82,67,66,61,41,50,47,53,92,52,60,52,53,79,80,86
[ 28.164569] wil6210-aoa$0,1606461627.136301,04:d6:aa:c1:38:97,2,1,1,0,128,334,1004,851,815,1009,999,406,456,97,297,358,922,742,954,604,229,892,942,403,840,116,797,270,871,85,289,19,233,277,974,780,403,65,106,101,105,81,79,61,47,97,95,75,36,63,63,115,68,83,65,65,59,42,49,48,54,93,52,59,52,51,77,77,85
[ 28.188346] wil6210-aoa$0,1606461627.160051,04:d6:aa:c1:38:97,2,1,1,0,128,819,807,843,753,406,838,345,430,99,283,964,139,742,958,605,215,935,8,427,904,639,1023,706,27,515,67,369,9,738,812,539,411,64,106,99,106,84,81,61,48,99,96,76,38,64,62,116,67,82,65,65,63,39,52,47,53,91,55,61,54,52,82,83,89
[ 28.223656] wil6210-aoa$0,1606461627.195392,04:d6:aa:c1:38:97,2,1,1,0,128,398,76,890,812,965,1006,456,480,29,247,902,121,752,993,626,247,932,1009,503,912,665,1005,746,13,167,332,995,172,283,955,392,128,64,105,99,106,82,80,61,47,98,99,76,36,63,64,115,67,82,68,64,61,41,52,47,54,92,53,60,52,52,80,81,87
[ 28.252877] wil6210-aoa$0,1606461627.224614,04:d6:aa:c1:38:97,2,1,1,0,128,333,991,821,790,967,1016,434,447,60,250,1017,140,800,998,168,416,983,9,486,897,736,31,741,1020,80,253,994,203,331,23,614,252,66,105,99,108,82,80,64,49,97,97,76,38,65,62,119,66,82,66,66,60,41,52,48,56,95,56,60,54,55,84,82,89
[ 28.276009] wil6210-aoa$0,1606461627.247745,04:d6:aa:c1:38:97,2,1,1,0,128,319,1002,858,816,980,1010,452,509,36,249,908,127,763,937,174,459,862,965,479,947,705,1009,788,77,117,308,13,243,338,1020,361,953,64,105,100,107,82,78,62,47,99,96,76,36,63,62,112,66,80,65,65,57,40,49,47,52,89,51,59,50,53,78,79,86
[ 28.305492] wil6210-aoa$0,1606461627.277224,04:d6:aa:c1:38:97,2,1,1,0,128,823,849,260,565,483,829,902,248,70,296,966,161,795,997,179,435,945,991,430,857,739,37,144,853,122,301,1008,194,291,987,961,674,66,106,105,113,86,84,66,53,102,102,79,39,65,67,121,69,86,70,67,65,42,54,52,58,96,58,65,57,58,85,86,91
[ 28.330664] wil6210-aoa$0,1606461627.302401,04:d6:aa:c1:38:97,2,1,1,0,128,285,981,848,769,966,992,431,462,991,236,984,167,820,3,178,451,945,37,422,907,121,863,702,13,530,70,478,32,723,791,568,304,67,109,105,112,85,82,63,50,98,101,77,39,65,64,119,69,80,69,67,62,40,50,49,55,91,52,59,54,51,80,77,86
[ 28.361855] wil6210-aoa$0,1606461627.333586,04:d6:aa:c1:38:97,2,1,1,0,128,263,975,804,780,949,968,865,245,12,254,889,101,213,849,132,424,381,837,893,710,712,35,683,996,116,289,950,158,336,1017,887,591,66,110,107,111,84,83,62,50,98,98,76,37,62,64,117,71,83,68,68,63,41,50,50,56,96,56,60,56,55,85,82,89
[ 28.391773] wil6210-aoa$0,1606461627.363505,04:d6:aa:c1:38:97,2,1,1,0,128,733,776,258,604,352,806,930,317,493,70,967,149,818,1010,166,425,925,990,485,910,616,993,693,989,81,270,1006,177,773,801,298,53,68,109,106,113,86,85,64,52,102,101,80,39,67,66,122,70,87,70,68,63,42,54,50,57,96,56,62,56,56,87,86,91
[ 28.421429] wil6210-aoa$0,1606461627.393165,04:d6:aa:c1:38:97,2,1,1,0,128,356,989,858,774,0,12,449,475,9,255,961,150,643,940,619,271,902,1015,465,917,656,1016,836,78,488,64,33,246,259,932,774,483,66,104,100,104,80,84,66,49,98,98,76,42,66,64,117,69,85,67,66,64,41,55,49,57,96,61,62,57,59,89,89,97
[ 28.444784] wil6210-aoa$0,1606461627.416520,04:d6:aa:c1:38:97,2,1,1,0,128,357,16,795,762,960,1016,405,456,23,247,360,945,779,1003,152,437,970,69,434,902,639,998,737,31,52,254,1007,210,339,997,534,220,65,108,104,114,85,82,62,51,101,101,77,36,63,63,116,67,79,67,65,60,39,48,46,53,90,51,58,50,49,76,75,83
[ 28.474938] wil6210-aoa$0,1606461627.446670,04:d6:aa:c1:38:97,2,1,1,0,128,279,972,316,637,418,816,870,280,469,38,932,95,188,799,173,437,947,31,438,909,604,1008,692,1007,573,99,447,22,734,785,42,876,64,103,101,107,83,86,65,49,99,102,76,42,68,65,117,69,86,68,67,63,44,58,50,58,97,63,65,58,61,89,93,98
[ 28.503426] wil6210-aoa$0,1606461627.475162,04:d6:aa:c1:38:97,2,1,1,0,128,376,29,902,819,1022,34,395,472,77,260,971,142,788,978,105,346,971,3,412,876,690,0,826,80,116,266,40,227,301,993,846,467,65,106,101,107,83,83,62,48,100,97,76,39,67,64,117,68,83,66,65,62,42,52,48,56,94,57,61,52,55,84,86,91
[ 28.526788] wil6210-aoa$0,1606461627.498526,04:d6:aa:c1:38:97,2,1,1,0,128,343,983,855,823,942,997,423,474,46,296,922,104,783,966,222,438,908,967,533,943,716,51,704,1004,50,204,437,1001,769,779,862,667,66,104,100,107,82,80,62,47,98,98,76,39,64,62,116,69,82,66,65,61,42,50,46,55,91,53,59,52,53,80,80,87
[ 28.557666] wil6210-aoa$0,1606461627.529397,04:d6:aa:c1:38:97,2,1,1,0,128,305,1005,918,884,951,987,431,491,75,281,1015,180,781,1000,102,450,924,4,421,903,671,1023,770,56,44,233,1008,179,289,959,731,526,64,105,99,108,83,83,61,48,99,98,75,37,61,62,113,67,78,64,66,61,39,49,47,53,89,51,58,51,50,77,79,86
[ 28.586606] wil6210-aoa$0,1606461627.558342,04:d6:aa:c1:38:97,2,1,1,0,128,781,778,276,553,974,1012,314,399,505,77,966,156,228,794,173,416,906,978,390,836,75,822,195,809,541,69,421,1014,762,808,955,712,68,111,105,113,87,86,64,51,103,104,80,38,68,67,122,72,88,69,69,66,43,56,52,57,98,59,64,57,57,89,90,96
[ 28.610330] wil6210-aoa$0,1606461627.582069,04:d6:aa:c1:38:97,2,1,1,0,128,360,1020,843,798,988,987,379,470,68,238,942,125,720,953,633,242,898,979,393,840,174,846,756,22,511,21,483,22,253,919,447,229,65,102,100,107,82,82,64,50,95,95,78,39,67,65,117,68,84,66,67,62,42,53,49,55,92,59,62,56,56,85,90,94
[ 28.640826] wil6210-aoa$0,1606461627.612558,04:d6:aa:c1:38:97,2,1,1,0,128,346,1008,848,822,946,16,366,464,39,298,965,143,791,1022,197,482,922,17,404,911,660,4,755,45,1001,213,1001,233,301,983,685,243,65,110,106,110,85,82,64,50,100,99,76,38,63,63,114,67,81,67,64,61,41,48,48,54,93,53,59,53,53,80,78,84
[ 28.671448] wil6210-aoa$0,1606461627.643180,04:d6:aa:c1:38:97,2,1,1,0,128,266,959,859,852,960,1005,371,421,1006,232,906,76,193,788,179,431,915,981,516,964,591,992,712,995,533,62,1002,222,272,995,66,816,65,106,100,108,81,81,61,49,98,98,75,36,63,62,114,67,81,65,66,60,39,51,47,54,91,52,59,52,53,80,81,88
[ 28.701695] wil6210-aoa$0,1606461627.673427,04:d6:aa:c1:38:97,2,1,1,0,128,324,1010,877,857,939,970,355,444,496,75,394,912,249,823,181,407,947,1010,942,733,123,847,173,851,76,219,1001,203,342,963,924,588,62,104,100,107,83,81,59,47,95,94,74,33,60,58,109,65,77,64,62,57,39,45,45,51,87,48,57,47,47,72,72,79
[ 28.731052] wil6210-aoa$0,1606461627.702790,04:d6:aa:c1:38:97,2,1,1,0,128,409,33,876,811,7,8,359,419,20,253,908,122,794,987,153,440,961,1014,439,885,731,44,763,36,66,250,986,173,312,1001,556,248,63,106,100,109,81,78,59,48,96,96,76,35,63,62,113,65,79,66,64,59,40,48,46,52,87,50,58,50,52,80,77,84
[ 28.756252] wil6210-aoa$0,1606461627.727984,04:d6:aa:c1:38:97,2,1,1,0,128,303,952,885,839,1003,13,350,446,10,237,945,137,775,15,139,377,904,992,455,898,97,780,248,876,38,235,16,161,291,985,424,218,67,110,105,113,87,86,64,50,101,101,79,37,66,67,120,68,87,73,67,63,44,54,49,57,95,58,63,56,55,86,84,89
[ 28.786987] wil6210-aoa$0,1606461627.758719,04:d6:aa:c1:38:97,2,1,1,0,128,289,974,862,822,917,981,378,453,55,305,967,176,684,958,685,288,926,974,505,942,700,4,679,3,536,36,476,32,787,775,913,663,62,102,101,108,81,79,59,47,97,96,72,34,59,60,109,66,77,62,61,55,38,44,41,48,87,47,53,45,47,72,70,75
[ 28.814916] wil6210-aoa$0,1606461627.786654,04:d6:aa:c1:38:97,2,1,1,0,128,344,1015,882,808,934,1007,347,439,502,100,939,111,749,1017,182,448,949,11,515,1002,698,14,772,40,535,71,6,197,786,808,726,371,64,104,102,107,82,83,64,50,97,97,75,39,67,63,119,70,82,66,66,62,41,54,49,55,94,57,61,55,55,84,85,92
[ 28.841656] wil6210-aoa$0,1606461627.813387,04:d6:aa:c1:38:97,2,1,1,0,128,326,1013,846,812,426,823,469,493,21,249,989,154,812,1012,196,444,871,989,927,743,91,821,172,824,42,254,1000,168,357,998,308,1017,64,104,99,107,81,79,57,47,95,94,73,33,60,60,107,63,78,66,65,56,39,48,46,51,88,50,57,51,50,76,78,85
[ 28.872360] wil6210-aoa$0,1606461627.844096,04:d6:aa:c1:38:97,2,1,1,0,128,325,1001,930,880,952,1020,431,486,1017,247,935,156,780,10,116,417,936,32,408,904,681,39,775,27,84,267,1018,209,246,956,374,182,64,109,104,112,85,80,59,48,101,99,77,36,64,65,117,69,82,67,68,60,41,50,47,53,94,53,57,51,51,80,80,84
[ 28.896687] wil6210-aoa$0,1606461627.868424,04:d6:aa:c1:38:97,2,1,1,0,128,326,11,810,792,961,1000,381,463,57,290,987,149,740,980,168,453,923,1001,400,881,613,978,737,13,99,305,1001,180,318,964,67,853,64,105,98,105,82,81,62,48,97,97,76,40,64,62,116,66,82,66,64,60,41,52,47,54,95,56,60,54,56,84,83,92
[ 28.925935] wil6210-aoa$0,1606461627.897667,04:d6:aa:c1:38:97,2,1,1,0,128,831,837,862,852,910,997,368,469,1007,218,381,970,754,994,650,274,923,1012,873,703,159,881,678,1008,103,313,1,210,280,958,591,322,78,126,120,129,100,97,75,57,119,119,91,48,76,75,134,80,102,82,80,72,49,63,59,65,112,66,73,65,64,99,99,105
[ 28.956500] wil6210-aoa$0,1606461627.928235,04:d6:aa:c1:38:97,2,1,1,0,128,308,1023,845,844,964,983,411,482,465,49,951,142,803,999,254,516,916,990,495,925,669,1015,700,959,577,54,446,1007,256,953,186,823,65,107,101,108,84,80,63,49,98,100,74,38,64,64,119,66,82,68,64,60,41,48,45,51,89,49,56,50,49,77,73,80
[ 28.982230] wil6210-aoa$0,1606461627.953961,04:d6:aa:c1:38:97,2,1,1,0,128,814,800,870,799,976,1000,419,485,67,258,917,102,211,818,666,231,364,811,942,722,82,814,185,862,558,65,6,232,283,980,791,407,64,107,100,110,83,82,61,48,99,100,77,36,64,63,116,67,82,66,65,60,42,48,45,52,92,50,58,52,52,76,78,86
[ 29.013390] wil6210-aoa$0,1606461627.985121,04:d6:aa:c1:38:97,2,1,1,0,128,333,972,842,812,1016,61,400,464,68,328,908,129,792,23,195,446,958,12,470,940,745,32,728,15,148,289,43,250,285,957,637,267,77,127,122,128,99,96,72,58,120,115,90,42,75,77,136,81,96,79,79,70,48,58,55,61,106,60,67,57,60,89,87,95
[ 29.037489] wil6210-aoa$0,1606461628.009225,04:d6:aa:c1:38:97,2,1,1,0,128,272,969,859,818,375,789,808,221,22,255,403,996,740,982,654,247,903,1013,461,901,673,20,775,37,101,321,980,203,331,1002,752,426,78,126,123,131,98,99,71,58,117,116,91,42,75,74,127,78,95,80,75,71,50,58,53,65,110,65,72,65,64,96,97,106
[ 29.066556] wil6210-aoa$0,1606461628.038289,04:d6:aa:c1:38:97,2,1,1,0,128,345,996,878,806,955,982,400,444,49,281,949,171,767,995,118,359,992,11,419,895,710,21,780,60,63,255,42,306,278,998,353,62,68,109,105,111,84,85,62,49,101,100,78,38,64,66,120,70,84,67,66,62,45,50,49,56,95,58,61,54,53,82,83,90
[ 29.096841] wil6210-aoa$0,1606461628.068573,04:d6:aa:c1:38:97,2,1,1,0,128,300,991,874,820,961,990,436,481,32,256,991,146,184,800,208,465,917,1009,461,948,721,43,688,14,110,319,985,243,320,1001,946,635,81,130,121,130,100,98,77,61,120,121,90,45,78,76,135,83,98,80,81,75,49,61,57,66,114,67,73,68,66,102,104,108
[ 29.126590] wil6210-aoa$0,1606461628.098325,04:d6:aa:c1:38:97,2,1,1,0,128,316,997,868,808,935,977,866,260,558,105,929,120,779,943,163,466,893,962,898,723,157,810,734,1022,88,261,25,249,323,1006,718,378,64,104,99,106,81,78,62,49,96,97,76,40,64,64,115,68,81,68,66,62,42,52,47,53,92,56,61,54,58,80,84,89
[ 29.153518] wil6210-aoa$0,1606461628.125248,04:d6:aa:c1:38:97,2,1,1,0,128,316,1008,868,824,980,995,443,473,457,32,383,965,215,807,624,242,907,979,948,719,664,4,738,1016,513,55,1020,206,272,963,682,463,65,105,97,103,83,83,62,48,98,99,76,43,65,65,117,68,84,66,66,62,42,53,50,57,93,58,64,56,57,88,87,94
[ 29.184327] wil6210-aoa$0,1606461628.156065,04:d6:aa:c1:38:97,2,1,1,0,128,361,997,339,641,7,30,413,496,30,241,982,190,781,985,80,375,918,1011,459,937,725,44,710,14,67,273,0,194,274,947,406,99,64,103,98,104,84,81,61,48,95,97,75,38,65,62,114,67,84,66,65,60,41,50,48,54,90,55,60,52,53,81,83,89
[ 29.208516] wil6210-aoa$0,1606461628.180254,04:d6:aa:c1:38:97,2,1,1,2,128,361,997,339,641,7,30,413,496,30,241,982,190,781,985,80,375,918,1011,459,937,725,44,710,14,67,273,0,194,274,947,406,99,65,105,97,103,83,83,62,48,98,99,76,43,65,65,117,68,84,66,66,62,42,53,50,57,93,58,64,56,57,88,87,94
[ 29.235571] wil6210-aoa$0,1606461628.207303,04:d6:aa:c1:38:97,2,1,1,0,128,316,968,889,829,954,1007,413,474,68,297,13,219,815,11,176,438,951,4,509,953,675,51,752,24,17,221,936,133,307,980,809,468,74,126,119,124,95,93,70,57,116,113,86,41,71,70,129,74,94,78,73,70,47,58,51,60,106,60,66,58,60,92,86,96
[ 29.266218] wil6210-aoa$0,1606461628.237954,04:d6:aa:c1:38:97,2,1,1,0,128,349,990,304,641,987,1002,420,474,15,275,1007,200,765,978,606,266,907,1015,488,949,660,1018,794,22,47,266,953,198,269,956,326,92,76,126,120,129,100,96,73,59,116,115,88,45,75,73,132,78,92,78,78,71,47,59,54,63,107,62,70,59,59,92,85,98
[ 29.292576] wil6210-aoa$0,1606461628.264308,04:d6:aa:c1:38:97,2,1,1,0,128,335,1000,805,810,945,992,899,287,34,251,924,187,824,3,177,488,916,12,525,946,691,49,771,62,73,257,30,241,290,943,6,685,62,106,98,105,80,79,60,49,96,94,72,35,61,62,109,63,78,64,62,57,39,49,46,53,88,50,57,50,52,75,78,83
[ 29.323079] wil6210-aoa$0,1606461628.294812,04:d6:aa:c1:38:97,2,1,1,0,128,321,1015,901,836,957,979,902,298,498,36,971,151,764,981,237,487,828,950,969,746,692,17,759,53,512,79,409,1010,341,999,67,756,63,103,98,104,81,77,59,46,94,93,72,34,59,61,110,63,80,63,62,57,39,49,44,51,87,49,57,51,49,78,74,81
[ 29.354236] wil6210-aoa$0,1606461628.325966,04:d6:aa:c1:38:97,2,1,1,0,128,307,1017,851,853,960,1001,406,470,1007,232,365,950,707,923,713,319,955,46,457,906,646,987,195,879,556,86,1017,169,311,1017,368,42,60,104,96,104,77,75,57,46,90,91,70,32,54,56,106,60,76,62,58,54,36,42,41,46,83,46,52,45,46,72,65,72
[ 29.385413] wil6210-aoa$0,1606461628.357144,04:d6:aa:c1:38:97,2,1,1,0,128,279,968,871,786,993,6,386,460,20,272,904,110,745,995,588,209,888,976,423,909,639,994,736,31,539,83,965,195,246,952,868,649,79,128,119,128,97,99,74,58,120,117,90,45,76,74,139,80,98,80,81,73,50,61,57,65,109,65,69,61,62,95,96,102
[ 29.414889] wil6210-aoa$0,1606461628.386629,04:d6:aa:c1:38:97,2,1,1,0,128,765,767,290,570,412,792,420,499,463,52,911,125,747,973,603,206,904,987,966,744,685,14,144,808,524,63,464,12,722,770,323,69,65,102,97,105,82,80,61,48,96,97,74,38,63,61,115,67,79,66,62,61,40,50,47,52,91,53,57,53,54,82,78,86
[ 29.438632] wil6210-aoa$0,1606461628.410368,04:d6:aa:c1:38:97,2,1,1,0,128,342,1015,830,766,947,989,800,237,467,51,417,1003,784,947,124,388,922,999,464,984,606,1011,769,45,123,291,1022,211,309,975,330,94,64,102,99,106,81,80,59,47,96,94,75,36,63,62,112,66,78,64,64,58,39,47,46,53,90,51,58,51,52,80,81,86
[ 29.471370] wil6210-aoa$0,1606461628.443107,04:d6:aa:c1:38:97,2,1,1,0,128,300,975,873,821,958,1018,402,500,975,198,966,132,782,993,154,442,908,12,462,948,671,10,711,13,55,248,954,172,219,924,496,273,68,111,103,110,85,83,66,51,100,100,78,42,66,67,120,71,86,68,70,64,44,54,53,60,97,60,64,57,60,89,92,99
[ 29.496037] wil6210-aoa$0,1606461628.467773,04:d6:aa:c1:38:97,2,1,1,0,128,356,991,864,823,983,7,433,469,39,252,953,170,797,3,222,465,991,43,475,967,623,13,749,40,66,286,996,173,266,988,930,588,65,109,105,112,87,83,63,49,101,97,79,38,66,67,114,70,86,69,64,62,43,52,48,55,95,55,62,57,55,84,85,91
[ 29.524884] wil6210-aoa$0,1606461628.496616,04:d6:aa:c1:38:97,2,1,1,0,128,390,18,849,829,2,1006,369,471,38,255,926,142,792,1022,188,464,925,1016,403,908,669,1013,180,842,107,309,1007,212,288,980,219,1005,74,127,123,130,98,94,70,57,115,114,88,38,72,74,129,74,93,79,76,69,48,55,53,60,106,58,67,55,58,88,88,93
[ 29.555942] wil6210-aoa$0,1606461628.527677,04:d6:aa:c1:38:97,2,1,1,0,128,378,991,925,863,965,1010,371,424,530,99,884,96,201,778,209,439,966,1009,416,871,654,13,726,16,83,235,37,187,317,987,122,847,80,126,123,131,98,102,76,59,119,121,94,50,80,79,137,85,103,82,81,76,53,67,62,69,112,72,75,69,70,103,108,112
[ 29.583557] wil6210-aoa$0,1606461628.555289,04:d6:aa:c1:38:97,2,1,1,0,128,804,812,833,786,1001,15,436,490,31,287,940,141,765,1002,187,437,913,1015,459,917,620,1018,752,58,58,249,29,231,722,790,878,672,63,108,97,108,82,81,59,47,94,98,76,35,63,61,111,66,79,65,64,60,40,52,47,54,90,55,59,52,53,80,82,90
[ 29.615146] wil6210-aoa$0,1606461628.586881,04:d6:aa:c1:38:97,2,1,1,0,128,354,3,866,843,979,1016,393,454,53,322,944,169,774,1007,584,189,973,1003,912,747,695,1,761,42,114,296,994,214,282,954,987,666,66,110,103,111,85,82,61,51,100,98,77,36,65,63,117,69,82,67,66,60,42,50,48,54,92,54,56,51,50,79,74,84
[ 29.641205] wil6210-aoa$0,1606461628.612936,04:d6:aa:c1:38:97,2,1,1,0,128,836,802,259,583,499,848,863,274,549,93,384,977,266,821,618,231,380,823,966,745,738,16,760,1008,47,207,1009,194,268,977,500,327,65,105,94,105,83,81,62,47,98,97,76,37,64,65,116,69,83,67,67,62,42,54,48,55,92,58,62,55,55,84,88,94
[ 29.673226] wil6210-aoa$0,1606461628.644957,04:d6:aa:c1:38:97,2,1,1,0,128,861,820,344,635,951,999,888,282,101,297,966,140,712,992,158,414,907,989,891,691,685,31,726,1020,544,61,466,27,273,997,780,566,65,108,104,110,84,80,62,50,100,99,74,37,64,64,114,67,82,68,64,60,40,51,48,56,93,53,60,54,54,81,80,88
[ 29.706078] wil6210-aoa$0,1606461628.677809,04:d6:aa:c1:38:97,2,1,1,0,128,347,7,836,793,437,842,391,457,65,274,943,145,795,1006,157,390,911,951,462,919,713,38,717,1023,0,218,991,217,282,986,303,982,66,103,100,104,83,80,62,48,96,97,78,38,62,62,116,66,83,66,64,62,40,52,49,56,92,55,62,55,56,83,85,91
[ 29.737260] wil6210-aoa$0,1606461628.708991,04:d6:aa:c1:38:97,2,1,1,0,128,381,1009,868,811,981,1011,321,416,60,288,915,91,837,1021,151,424,925,1006,400,893,659,1000,163,801,566,55,490,19,289,958,916,564,63,104,99,106,82,80,62,49,96,97,76,35,63,62,113,67,81,64,64,57,39,50,46,54,89,53,58,51,52,79,79,85
[ 29.767447] wil6210-aoa$0,1606461628.739183,04:d6:aa:c1:38:97,2,1,1,0,128,308,996,869,809,1001,7,430,481,17,240,911,95,809,993,144,415,869,936,508,960,643,1022,704,1021,83,285,24,238,286,958,600,272,77,127,122,131,101,97,73,58,118,116,90,46,80,79,141,81,101,83,79,76,50,66,59,66,114,70,75,69,66,101,104,110
[ 29.795806] wil6210-aoa$0,1606461628.767537,04:d6:aa:c1:38:97,2,1,1,0,128,322,1003,795,785,969,1003,902,305,8,238,954,137,795,31,565,195,420,806,952,725,627,955,729,1019,84,255,1009,229,316,1000,198,939,63,105,98,104,83,81,61,47,99,99,75,39,64,63,114,68,82,67,66,60,42,52,49,55,92,56,62,53,55,81,84,90
[ 29.827019] wil6210-aoa$0,1606461628.798755,04:d6:aa:c1:38:97,2,1,1,0,128,812,786,286,600,408,785,903,282,70,310,963,198,753,994,109,411,868,1008,895,710,83,795,260,862,587,98,986,190,257,954,253,964,63,104,99,106,81,79,61,48,95,96,73,37,62,62,115,65,82,65,66,63,40,51,47,54,90,56,59,52,57,83,85,91
[ 29.854748] wil6210-aoa$0,1606461628.826479,04:d6:aa:c1:38:97,2,1,1,0,128,341,1,822,841,974,1019,382,457,81,278,363,940,274,843,667,220,923,1010,456,912,708,11,715,1011,120,267,1015,214,240,941,152,930,74,125,122,130,99,95,72,59,116,116,90,43,73,72,136,82,97,78,78,72,50,57,53,61,108,62,69,60,60,91,89,94
[ 29.886897] wil6210-aoa$0,1606461628.858633,04:d6:aa:c1:38:97,2,1,1,0,128,853,881,852,810,987,4,485,527,0,238,951,109,235,802,171,413,898,982,886,704,104,808,787,70,136,324,980,172,294,985,698,389,78,123,127,130,98,97,75,59,118,119,90,44,76,74,142,82,100,79,80,74,51,63,58,65,110,67,72,66,66,101,100,108
[ 29.913916] wil6210-aoa$0,1606461628.885647,04:d6:aa:c1:38:97,2,1,1,0,128,330,992,878,819,1002,1008,406,476,11,221,995,191,779,1014,211,461,921,978,417,868,698,1023,178,848,559,80,24,182,308,959,895,556,63,104,100,107,79,80,58,46,97,95,76,35,62,60,111,65,78,63,64,59,40,50,47,52,89,54,57,52,53,81,83,90
[ 29.945724] wil6210-aoa$0,1606461628.917455,04:d6:aa:c1:38:97,2,1,1,0,128,837,833,320,627,991,975,915,285,530,83,986,158,825,1006,168,383,926,1006,909,687,167,876,714,1,509,68,19,206,271,981,418,17,63,103,98,102,80,77,61,47,93,94,74,37,63,61,113,64,80,65,64,57,37,48,46,50,86,50,54,46,48,74,73,73
[ 29.975388] wil6210-aoa$0,1606461628.947123,04:d6:aa:c1:38:97,2,1,1,0,128,343,1004,796,791,930,961,395,481,31,273,410,980,248,849,658,256,345,797,940,729,71,812,758,47,22,258,0,180,305,962,179,998,67,107,101,111,85,85,65,51,102,100,77,39,65,64,115,67,86,67,66,62,41,55,49,55,94,56,62,54,57,87,86,94
[ 30.003681] wil6210-aoa$0,1606461628.975413,04:d6:aa:c1:38:97,2,1,1,0,128,343,977,271,604,994,988,839,246,514,63,935,124,201,791,623,217,969,1007,846,663,131,804,759,14,101,300,977,192,302,971,61,811,65,108,101,108,81,77,61,49,99,97,75,35,60,62,112,65,78,64,65,59,39,47,46,52,88,50,57,51,52,80,78,84
[ 30.034163] wil6210-aoa$0,1606461629.005899,04:d6:aa:c1:38:97,2,1,1,0,128,308,970,292,619,996,13,429,480,56,269,938,143,816,1022,199,429,935,1005,949,732,115,819,224,887,101,289,967,196,725,766,367,216,74,128,119,127,94,95,72,56,116,118,87,41,71,71,129,76,93,74,75,68,44,54,52,59,104,57,64,58,56,88,84,96
[ 30.062673] wil6210-aoa$0,1606461629.034405,04:d6:aa:c1:38:97,2,1,1,0,128,360,991,263,643,407,777,935,324,547,101,947,110,741,939,616,189,368,804,921,686,99,806,695,1012,553,87,420,8,731,786,349,194,78,127,122,131,98,98,74,57,120,116,93,46,77,73,133,82,100,77,77,71,50,59,57,63,110,61,71,61,62,91,92,104
[ 30.094577] wil6210-aoa$0,1606461629.066311,04:d6:aa:c1:38:97,2,1,1,0,128,767,771,335,637,401,821,429,491,984,239,940,113,758,1000,265,454,960,1013,450,881,167,870,187,861,55,310,988,178,334,14,164,893,62,102,99,103,79,79,60,47,96,95,74,35,61,62,110,64,80,65,61,57,38,48,43,51,88,50,55,49,49,75,73,82
[ 30.123696] wil6210-aoa$0,1606461629.095428,04:d6:aa:c1:38:97,2,1,1,0,128,351,8,875,820,984,1015,388,451,33,258,930,80,788,1003,606,215,371,824,423,901,636,24,758,56,152,323,1003,237,241,951,689,397,61,103,99,105,80,78,60,48,97,96,73,34,61,62,110,67,80,65,64,58,41,51,44,52,88,50,55,51,50,76,74,79
[ 30.154480] wil6210-aoa$0,1606461629.126216,04:d6:aa:c1:38:97,2,1,1,0,128,342,1001,816,761,436,810,849,261,518,63,347,927,287,863,652,231,437,863,428,932,725,61,731,36,9,261,425,978,753,786,617,444,64,101,97,105,81,82,61,48,97,98,77,40,66,62,116,69,84,64,65,61,42,54,48,55,93,58,62,57,58,86,90,93
[ 30.182885] wil6210-aoa$0,1606461629.154616,04:d6:aa:c1:38:97,2,1,1,0,128,874,841,847,836,986,28,864,268,63,275,357,955,165,792,589,176,920,1015,427,886,135,854,719,981,99,322,980,197,282,1001,112,948,78,130,120,129,97,97,73,56,118,115,93,42,77,74,127,79,98,79,80,72,46,60,56,63,106,62,69,61,61,96,94,103
[ 30.215490] wil6210-aoa$0,1606461629.187225,04:d6:aa:c1:38:97,2,1,1,0,128,830,796,275,582,436,837,454,472,518,77,941,127,723,958,143,397,357,757,940,692,673,1015,713,1007,68,265,924,111,299,998,924,640,63,105,98,103,83,82,62,48,96,96,74,37,64,62,114,67,84,65,65,61,40,52,48,53,91,54,60,54,56,81,83,89
[ 30.242471] wil6210-aoa$0,1606461629.214202,04:d6:aa:c1:38:97,2,1,1,0,128,834,830,832,796,1012,0,384,466,51,282,960,164,757,965,143,438,938,1006,451,890,707,17,766,13,97,238,1014,175,247,941,274,1016,65,104,98,105,81,80,60,46,96,96,77,42,64,63,114,68,84,66,66,60,41,53,51,56,92,58,61,55,57,82,88,92
[ 30.270370] wil6210-aoa$0,1606461629.242107,04:d6:aa:c1:38:97,2,1,1,0,128,280,992,809,801,983,1000,349,457,95,312,957,138,778,1005,159,390,915,4,486,965,714,68,718,4,102,287,989,203,292,991,632,326,63,106,98,106,82,79,61,50,98,97,75,36,61,62,113,68,80,66,64,60,38,48,44,52,89,50,57,51,49,78,75,85
[ 30.309403] wil6210-aoa$0,1606461629.281140,04:d6:aa:c1:38:97,2,1,1,0,128,296,967,889,855,991,1008,473,551,4,250,965,126,802,5,227,505,939,992,490,912,660,1021,790,22,56,250,974,160,307,995,296,1006,61,104,98,105,80,78,60,46,94,94,73,34,58,60,108,64,79,64,63,58,38,49,45,51,88,50,56,52,50,78,77,84
[ 30.339353] wil6210-aoa$0,1606461629.311088,04:d6:aa:c1:38:97,2,1,1,0,128,346,992,880,807,469,835,358,433,97,285,896,100,758,981,172,405,383,817,403,863,83,787,214,830,80,265,949,126,745,760,68,831,63,103,99,107,81,78,59,49,93,93,74,35,61,61,110,66,79,64,62,59,39,48,45,50,89,49,57,49,51,74,76,81
[ 30.364563] wil6210-aoa$0,1606461629.336299,04:d6:aa:c1:38:97,2,1,1,0,128,317,985,833,828,360,795,870,261,519,70,929,120,826,25,233,479,947,1010,385,902,706,26,762,999,134,304,973,190,345,1012,310,4,79,127,124,130,100,98,76,57,122,120,93,48,76,78,128,84,101,82,78,75,51,67,60,67,113,70,76,67,69,103,104,113
[ 30.394689] wil6210-aoa$0,1606461629.366421,04:d6:aa:c1:38:97,2,1,1,0,128,297,966,879,818,993,1003,873,277,32,279,952,153,773,998,590,175,974,2,405,872,117,846,188,849,555,64,493,40,285,992,437,121,62,108,103,109,82,81,62,51,99,100,76,38,64,64,117,68,85,67,66,62,42,52,48,52,95,54,60,53,54,83,82,86
[ 30.425890] wil6210-aoa$0,1606461629.397627,04:d6:aa:c1:38:97,2,1,1,0,128,388,34,780,741,956,995,443,473,63,307,945,122,754,985,597,205,388,803,474,931,726,41,766,12,44,227,428,1021,296,939,924,635,64,103,101,106,82,81,62,49,96,97,75,40,65,64,115,68,83,65,64,62,41,55,50,57,95,59,62,56,57,85,88,92
[ 30.450975] wil6210-aoa$0,1606461629.422711,04:d6:aa:c1:38:97,2,1,1,0,128,308,974,841,801,987,1016,434,525,32,258,944,108,805,1002,147,448,922,2,491,958,664,23,781,69,14,234,9,220,282,987,91,928,63,105,99,105,81,81,60,48,98,96,75,38,62,63,115,67,83,64,64,60,41,52,47,53,91,56,59,53,54,82,81,90
[ 30.481590] wil6210-aoa$0,1606461629.453324,04:d6:aa:c1:38:97,2,1,1,0,128,801,833,840,780,972,986,887,322,54,305,993,184,750,993,174,430,949,1001,407,869,174,857,144,796,560,81,1007,194,263,965,404,85,79,127,123,132,100,97,74,58,120,117,90,47,78,77,138,81,96,80,79,72,51,62,57,62,110,65,71,63,64,93,96,105
[ 30.513783] wil6210-aoa$0,1606461629.485520,04:d6:aa:c1:38:97,2,1,1,0,128,816,782,317,655,924,987,413,466,441,27,406,978,208,790,666,264,943,10,480,925,680,37,696,8,52,239,434,999,703,789,56,842,78,127,120,130,101,101,75,58,120,120,91,49,78,79,143,83,101,83,80,76,50,67,61,69,113,69,78,66,69,106,108,116
[ 30.542653] wil6210-aoa$0,1606461629.514385,04:d6:aa:c1:38:97,2,1,1,0,128,819,823,262,536,469,849,876,276,5,247,955,137,172,786,611,203,887,996,440,904,675,29,792,52,75,260,399,993,278,952,913,684,79,123,118,128,100,101,76,58,119,120,92,52,80,78,142,87,104,84,81,76,53,67,62,69,113,72,76,67,69,105,105,110
[ 30.574196] wil6210-aoa$0,1606461629.545931,04:d6:aa:c1:38:97,2,1,1,0,128,354,1016,876,861,956,1011,434,485,77,293,955,126,779,981,196,435,952,995,463,955,742,56,786,10,108,284,1016,173,282,981,57,806,78,124,123,131,98,98,72,56,118,119,89,42,76,76,128,79,97,78,78,69,49,60,56,63,105,61,69,61,59,91,93,98
[ 30.603110] wil6210-aoa$0,1606461629.574842,04:d6:aa:c1:38:97,2,1,1,0,128,338,1002,900,797,1008,28,385,447,60,300,967,163,765,982,165,424,936,1021,443,920,659,2,706,1006,80,242,978,161,354,7,227,946,80,131,123,133,101,102,76,59,122,122,95,49,81,80,134,83,104,83,80,76,53,67,62,70,113,71,77,70,70,106,108,116
[ 30.629541] wil6210-aoa$0,1606461629.601274,04:d6:aa:c1:38:97,2,1,1,0,128,416,17,806,820,994,1006,359,432,95,320,904,138,186,766,147,410,956,39,449,931,726,18,754,36,58,247,433,990,807,802,400,219,76,128,122,127,97,95,72,56,117,113,89,39,73,73,133,75,91,76,75,66,45,56,54,59,100,57,67,56,57,90,87,93
[ 30.659942] wil6210-aoa$0,1606461629.631679,04:d6:aa:c1:38:97,2,1,1,0,128,363,987,815,755,984,1008,372,458,37,259,903,130,778,1013,113,390,874,982,830,677,81,836,158,824,523,56,420,977,738,768,989,829,66,108,103,111,84,81,64,50,101,98,77,40,64,63,119,69,86,68,67,63,42,54,50,54,95,56,62,55,56,87,84,91
[ 30.690175] wil6210-aoa$0,1606461629.661907,04:d6:aa:c1:38:97,2,1,1,0,128,285,959,881,857,950,1000,456,450,85,283,935,131,776,997,181,422,886,993,910,711,643,1008,703,28,43,243,965,180,280,964,665,405,75,125,121,130,95,95,73,56,116,116,87,43,72,75,129,77,95,77,77,74,48,60,55,63,109,62,70,60,63,97,92,102
[ 30.716647] wil6210-aoa$0,1606461629.688383,04:d6:aa:c1:38:97,2,1,1,0,128,316,956,250,591,979,5,409,496,23,299,967,175,780,979,163,413,916,8,457,904,672,2,761,54,79,264,474,1003,739,756,197,967,79,130,120,131,100,99,75,57,121,122,94,49,78,78,144,85,99,82,82,76,52,67,63,71,114,70,77,67,70,105,109,115
[ 30.746709] wil6210-aoa$0,1606461629.718442,04:d6:aa:c1:38:97,2,1,1,0,128,333,18,788,762,971,1021,380,456,37,260,380,998,257,848,150,353,912,1004,908,738,680,40,713,1022,95,254,31,266,296,973,104,808,67,109,103,109,85,82,63,50,100,100,79,36,66,64,117,70,82,68,67,62,41,52,49,54,95,57,60,54,54,82,81,88
[ 30.779505] wil6210-aoa$0,1606461629.751240,04:d6:aa:c1:38:97,2,1,1,0,128,342,997,822,802,971,1001,425,485,90,282,902,95,818,22,158,470,971,7,451,881,707,1013,802,10,493,1018,442,1019,267,924,868,546,79,128,124,132,100,98,73,60,122,120,94,46,78,78,128,84,100,81,79,73,49,64,59,68,115,70,73,65,69,102,105,113
[ 30.805704] wil6210-aoa$0,1606461629.777440,04:d6:aa:c1:38:97,2,1,1,0,128,323,975,807,771,428,846,832,263,40,275,904,67,800,1011,572,213,921,983,972,735,668,16,735,6,83,301,3,216,298,995,182,987,66,107,103,110,83,83,63,50,100,101,78,40,66,66,122,69,86,69,67,65,43,56,52,59,95,59,65,57,60,89,92,96
[ 30.835419] wil6210-aoa$0,1606461629.807150,04:d6:aa:c1:38:97,2,1,1,0,128,851,797,818,798,414,822,385,460,6,268,950,166,752,3,151,430,933,31,441,917,651,51,709,7,85,294,1,208,328,997,160,790,65,105,103,109,83,77,59,50,96,96,75,33,64,60,113,65,80,65,62,59,40,46,44,51,91,49,55,49,51,73,73,80
[ 30.866222] wil6210-aoa$0,1606461629.837958,04:d6:aa:c1:38:97,2,1,1,0,128,315,1012,813,831,37,49,411,424,48,269,925,134,764,1011,174,473,907,1006,467,928,712,64,736,54,79,332,1007,205,287,1007,9,794,78,129,120,128,98,99,73,56,121,119,93,45,78,77,127,80,98,78,77,72,49,61,58,67,112,70,73,64,65,101,98,107
[ 30.895393] wil6210-aoa$0,1606461629.867124,04:d6:aa:c1:38:97,2,1,1,0,128,296,954,860,822,952,990,386,438,47,265,959,106,232,805,198,444,383,807,459,931,639,16,723,1020,120,281,1018,234,254,1002,335,79,65,105,96,106,82,81,62,48,96,96,76,42,65,64,115,68,85,65,65,62,43,56,51,56,92,59,63,56,58,86,89,96
[ 30.927141] wil6210-aoa$0,1606461629.898876,04:d6:aa:c1:38:97,2,1,1,0,128,303,979,889,846,1012,2,440,525,1018,283,932,107,802,2,143,423,956,41,546,1006,626,984,736,1017,170,340,946,156,270,957,252,5,78,128,119,129,100,96,71,56,117,116,93,44,74,77,137,79,96,79,79,74,49,62,59,65,109,63,70,64,63,95,99,107
[ 30.956717] wil6210-aoa$0,1606461629.928448,04:d6:aa:c1:38:97,2,1,1,0,128,325,992,873,857,1001,14,356,425,54,269,356,893,808,994,109,386,897,4,444,923,649,8,146,848,71,241,1022,228,286,983,127,815,64,103,97,102,82,80,62,48,95,94,74,40,64,61,117,67,82,67,66,61,41,51,49,54,91,56,59,53,56,83,83,90
[ 30.989466] wil6210-aoa$0,1606461629.961199,04:d6:aa:c1:38:97,2,1,1,0,128,306,990,865,821,947,1008,430,494,1010,268,923,138,808,1018,162,439,955,1019,508,953,641,6,190,832,594,96,985,163,302,946,878,540,79,128,123,130,98,98,75,60,118,118,88,45,77,74,128,82,98,78,77,72,51,61,59,63,109,67,73,65,63,96,98,103
[ 31.023228] wil6210-aoa$0,1606461629.994959,04:d6:aa:c1:38:97,2,1,1,0,128,356,985,850,759,991,1007,801,254,1001,210,935,161,812,13,149,392,913,1002,441,902,653,1018,752,23,46,243,505,41,699,743,279,92,62,103,99,104,81,78,58,46,95,93,75,34,62,64,107,63,80,64,63,56,39,49,45,51,89,53,55,48,50,76,74,79
[ 31.056487] wil6210-aoa$0,1606461630.028218,04:d6:aa:c1:38:97,2,1,1,0,128,381,16,762,774,981,1006,346,422,89,300,911,149,811,9,159,453,937,13,391,905,742,72,732,32,68,244,39,264,265,990,521,199,79,127,118,130,100,100,74,58,118,118,95,45,76,77,129,82,98,78,79,74,51,61,58,67,108,66,74,65,67,100,102,109
[ 31.089557] wil6210-aoa$0,1606461630.061292,04:d6:aa:c1:38:97,2,1,1,0,128,442,28,822,753,965,947,422,461,23,275,893,104,213,814,132,397,935,1023,448,908,693,1010,722,16,33,216,966,151,227,958,903,783,66,109,101,109,83,81,62,49,100,96,78,37,67,64,116,68,82,68,64,61,41,53,48,55,94,56,62,53,54,82,83,92
[ 31.115543] wil6210-aoa$0,1606461630.087279,04:d6:aa:c1:38:97,2,1,1,0,128,311,960,833,792,976,990,473,526,10,274,925,122,686,945,188,450,882,940,429,892,634,17,716,1009,516,63,24,227,260,962,806,490,63,104,98,105,82,79,61,47,96,94,75,35,61,60,112,64,80,64,65,59,39,49,44,51,88,49,57,51,51,75,76,83
[ 31.145011] wil6210-aoa$0,1606461630.116741,04:d6:aa:c1:38:97,2,1,1,0,128,297,7,949,885,972,1010,440,481,63,300,960,142,810,1002,190,438,905,966,447,907,680,17,710,28,133,315,15,174,327,982,510,166,62,105,101,105,79,77,60,47,97,93,76,37,63,62,113,66,81,66,63,58,41,51,47,53,88,53,58,52,55,78,82,88
[ 31.171471] wil6210-aoa$0,1606461630.143202,04:d6:aa:c1:38:97,2,1,1,0,128,753,798,308,640,958,990,416,462,9,283,1007,138,707,975,601,215,312,763,893,655,769,67,802,49,71,256,1011,203,305,953,83,901,63,103,97,104,82,79,60,47,95,92,75,36,62,59,110,66,79,66,62,58,39,49,46,52,91,54,56,50,52,78,76,83
[ 31.202140] wil6210-aoa$0,1606461630.173876,04:d6:aa:c1:38:97,2,1,1,0,128,291,966,796,789,940,1002,434,441,50,249,942,107,799,4,148,434,945,9,469,928,679,13,753,37,67,285,49,255,312,1001,355,987,64,103,96,107,81,80,59,47,96,96,75,38,63,62,115,67,81,64,64,60,43,50,47,54,91,56,59,53,54,82,82,90
[ 31.227819] wil6210-aoa$0,1606461630.199555,04:d6:aa:c1:38:97,2,1,1,0,128,327,1006,856,780,974,1,312,408,480,82,340,952,192,790,650,287,917,999,411,921,635,44,740,15,82,281,999,228,302,1019,818,487,67,107,103,112,82,82,62,49,100,98,79,39,65,65,118,70,83,67,66,63,42,53,49,55,93,55,57,53,53,80,84,88
[ 31.254200] wil6210-aoa$0,1606461630.225932,04:d6:aa:c1:38:97,2,1,1,0,128,353,12,883,836,964,1018,767,187,571,90,402,982,833,1023,151,386,936,990,437,909,726,63,727,33,92,262,1009,174,317,946,719,336,60,101,98,106,80,77,58,46,94,92,73,35,59,59,107,64,78,63,61,57,38,49,43,50,87,51,55,47,50,76,75,79
[ 31.287546] wil6210-aoa$0,1606461630.259278,04:d6:aa:c1:38:97,2,1,1,0,128,330,990,844,812,989,11,441,478,983,244,953,142,842,998,192,436,918,1003,913,693,650,9,155,811,102,297,1019,182,290,988,738,300,76,128,122,130,97,94,69,56,116,115,90,39,74,73,129,79,94,77,76,72,49,57,55,63,106,63,68,59,60,92,92,99
[ 31.314565] wil6210-aoa$0,1606461630.286297,04:d6:aa:c1:38:97,2,1,1,0,128,370,1011,830,825,955,1008,401,479,475,72,343,931,812,975,129,405,930,12,487,980,712,20,701,28,108,235,974,200,248,931,861,656,78,126,119,130,101,98,74,57,120,119,90,46,75,75,133,81,97,79,79,74,49,63,59,66,113,67,74,65,67,102,99,109
[ 31.348602] wil6210-aoa$0,1606461630.320333,04:d6:aa:c1:38:97,2,1,1,0,128,826,769,278,606,384,796,755,208,524,67,983,165,807,1022,577,203,380,801,433,883,96,848,704,1013,60,242,412,1013,708,754,787,668,79,124,122,129,99,99,75,58,119,119,90,48,78,78,135,83,98,81,77,74,50,63,60,69,113,72,74,67,68,103,105,112
[ 31.381506] wil6210-aoa$0,1606461630.353242,04:d6:aa:c1:38:97,2,1,1,0,128,350,995,809,769,393,804,807,284,48,266,338,924,204,803,193,417,899,962,931,723,121,862,207,844,572,94,407,1016,311,969,473,314,65,105,103,111,84,81,62,50,99,97,76,38,64,63,117,68,83,66,66,62,41,53,46,54,93,56,58,52,51,81,83,84
[ 31.411448] wil6210-aoa$0,1606461630.383179,04:d6:aa:c1:38:97,2,1,1,0,128,334,990,830,779,433,803,868,229,520,87,384,928,290,868,226,441,961,1023,439,867,647,1017,669,999,538,78,0,223,259,956,376,55,64,104,97,105,82,80,60,46,99,97,77,37,63,61,115,67,80,64,63,59,40,50,46,53,90,54,59,52,54,81,82,88
[ 31.443517] wil6210-aoa$0,1606461630.415254,04:d6:aa:c1:38:97,2,1,1,0,128,338,1015,913,817,993,1001,372,432,27,259,381,931,160,741,698,292,895,994,414,881,746,49,732,10,79,285,14,234,241,986,759,555,78,128,123,129,99,98,74,58,117,117,88,43,77,71,134,76,95,77,76,69,46,56,55,59,105,60,67,58,60,91,86,94
[ 31.473442] wil6210-aoa$0,1606461630.445173,04:d6:aa:c1:38:97,2,1,1,0,128,324,999,829,783,408,802,417,457,1000,227,398,962,281,797,626,193,847,932,417,886,643,1003,161,796,131,296,15,214,218,915,628,414,68,110,103,109,85,86,65,50,100,101,78,41,67,66,122,70,86,67,68,64,45,56,51,59,97,60,66,57,59,89,88,96
[ 31.504121] wil6210-aoa$0,1606461630.475827,04:d6:aa:c1:38:97,2,1,1,0,128,304,964,798,798,972,1020,390,450,506,65,415,959,809,998,163,437,912,1012,428,895,660,997,681,1009,60,239,995,191,700,722,962,670,63,104,99,106,81,81,63,48,96,96,75,36,64,63,114,68,81,66,64,60,41,52,48,54,91,55,60,53,53,81,82,89
[ 31.543662] wil6210-aoa$0,1606461630.515397,04:d6:aa:c1:38:97,2,1,1,0,128,350,1005,856,802,971,975,895,274,39,238,972,163,747,976,193,414,931,1002,493,916,681,2,790,54,94,256,976,164,299,1020,8,726,78,126,120,128,100,99,73,59,119,116,90,44,78,76,127,81,98,79,77,72,48,62,56,66,109,67,73,65,65,100,97,107
[ 31.573658] wil6210-aoa$0,1606461630.545389,04:d6:aa:c1:38:97,2,1,1,0,128,838,801,271,576,455,811,446,442,518,71,892,90,264,825,230,477,914,4,401,921,704,47,669,22,69,266,1017,232,265,955,910,694,78,128,124,129,99,98,73,59,118,121,93,44,77,78,141,83,99,82,80,74,51,66,60,68,113,70,75,66,64,100,102,111
[ 31.600940] wil6210-aoa$0,1606461630.572676,04:d6:aa:c1:38:97,2,1,1,0,128,837,797,305,620,2,24,404,468,9,243,933,118,723,960,608,186,305,786,903,730,138,864,684,18,82,255,424,1016,758,776,259,124,64,106,101,108,81,76,57,46,94,92,72,32,57,58,107,62,76,62,60,57,36,43,42,49,81,45,51,44,44,71,66,73
[ 31.626777] wil6210-aoa$0,1606461630.598514,04:d6:aa:c1:38:97,2,1,1,0,128,288,957,838,785,1022,1001,459,487,65,284,932,129,792,1016,175,476,855,981,441,934,662,21,670,1016,566,97,10,219,270,957,601,358,63,103,99,105,81,80,60,47,94,93,73,35,63,62,114,67,82,65,64,58,40,50,47,52,90,55,57,52,51,79,79,87
[ 31.657265] wil6210-aoa$0,1606461630.628995,04:d6:aa:c1:38:97,2,1,1,0,128,315,995,816,765,430,810,386,423,523,98,946,123,206,780,174,446,892,987,413,865,158,867,669,1014,83,201,441,1003,725,739,214,921,81,126,123,128,100,99,78,59,118,119,90,48,79,77,142,84,99,80,79,73,50,63,57,67,115,71,74,65,68,100,105,114
[ 31.684781] wil6210-aoa$0,1606461630.656517,04:d6:aa:c1:38:97,2,1,1,0,128,235,978,874,839,968,15,432,476,69,258,1020,184,793,1004,166,387,956,986,428,927,673,44,664,1019,130,268,999,186,286,962,878,550,63,103,98,105,81,80,61,48,99,94,74,37,62,63,111,66,81,65,64,57,39,51,46,53,90,54,58,50,54,79,81,87
[ 31.713024] wil6210-aoa$0,1606461630.684756,04:d6:aa:c1:38:97,2,1,1,0,128,350,2,815,762,468,881,470,474,76,317,943,115,807,975,651,222,406,827,420,904,656,1002,740,0,37,237,1004,210,249,1006,642,445,62,101,97,107,80,80,60,47,97,97,75,37,63,62,112,68,80,64,64,59,41,51,46,56,88,54,59,50,55,80,81,87
[ 31.746926] wil6210-aoa$0,1606461630.718656,04:d6:aa:c1:38:97,2,1,1,0,128,345,988,867,811,980,987,430,503,69,272,941,158,761,979,141,360,942,969,452,867,664,991,763,42,528,80,992,145,298,976,265,44,67,109,102,110,86,85,65,52,101,100,80,43,69,67,122,71,87,69,68,64,42,56,52,58,97,62,63,58,58,88,91,98
[ 31.775330] wil6210-aoa$0,1606461630.747061,04:d6:aa:c1:38:97,2,1,1,0,128,307,991,823,808,943,997,320,445,25,284,5,186,780,1018,146,413,923,1006,475,927,709,5,682,17,75,296,8,249,266,1,303,993,76,129,121,127,98,93,73,57,117,117,87,39,70,70,128,77,92,76,75,69,46,55,55,58,105,58,68,58,58,93,83,94
[ 31.809924] wil6210-aoa$0,1606461630.781660,04:d6:aa:c1:38:97,2,1,1,0,128,305,991,858,810,417,821,433,500,1016,236,977,162,851,1,152,419,866,995,437,917,669,26,707,32,144,346,977,199,325,1001,979,643,62,101,96,106,80,78,60,49,94,94,73,37,62,60,112,65,81,67,64,59,39,48,47,52,90,51,59,52,52,80,80,86
[ 31.836585] wil6210-aoa$0,1606461630.808322,04:d6:aa:c1:38:97,2,1,1,0,128,790,783,273,604,435,830,855,201,515,72,423,1006,861,17,165,432,938,13,426,900,661,3,714,1017,71,267,982,218,211,921,404,255,62,102,97,106,78,77,60,46,94,92,73,37,62,60,112,66,79,64,63,58,40,50,46,51,88,52,56,50,54,81,80,85
[ 31.866760] wil6210-aoa$0,1606461630.838491,04:d6:aa:c1:38:97,2,1,1,0,128,849,842,880,814,958,957,411,474,52,273,311,893,840,976,108,354,905,997,387,860,646,0,693,1023,54,237,959,197,250,957,738,510,80,128,121,129,100,101,77,57,122,119,90,47,79,76,140,80,99,80,81,72,50,60,59,63,109,63,73,60,63,94,93,101
[ 31.901546] wil6210-aoa$0,1606461630.873278,04:d6:aa:c1:38:97,2,1,1,0,128,297,1016,789,801,427,835,490,528,26,272,940,146,816,19,195,478,912,1003,458,917,701,13,736,5,557,122,446,29,233,954,132,887,75,126,122,132,100,98,73,58,118,117,90,44,78,76,128,79,97,80,78,71,50,63,59,66,111,64,72,62,63,95,101,104
[ 31.936011] wil6210-aoa$0,1606461630.907740,04:d6:aa:c1:38:97,2,1,1,0,128,303,1012,848,821,987,1,427,505,87,302,970,160,829,4,207,465,864,941,561,992,635,17,747,26,74,258,1000,196,283,947,699,403,67,109,102,111,85,85,64,51,104,100,81,39,65,65,120,70,86,69,67,64,43,55,50,59,98,59,65,57,58,86,88,95
[ 31.964152] wil6210-aoa$0,1606461630.935884,04:d6:aa:c1:38:97,2,1,1,0,128,326,995,827,802,396,805,437,463,509,63,927,127,841,1011,174,436,873,976,423,916,672,43,718,8,503,35,514,95,285,942,605,448,76,127,121,129,99,93,71,55,117,113,85,37,74,73,127,75,93,78,72,67,45,54,52,57,103,58,61,58,56,89,85,91
[ 31.993713] wil6210-aoa$0,1606461630.965448,04:d6:aa:c1:38:97,2,1,1,0,128,810,785,893,824,973,984,419,470,19,263,952,175,779,1005,175,429,893,1014,430,917,624,998,766,44,69,252,2,199,249,940,464,196,64,104,98,105,80,79,61,46,96,97,74,37,61,61,113,68,78,64,63,59,39,50,45,52,91,53,57,50,52,79,77,85
[ 32.020450] wil6210-aoa$0,1606461630.992187,04:d6:aa:c1:38:97,2,1,1,0,128,292,977,872,814,948,959,915,248,54,260,1019,209,786,1008,213,452,877,991,488,948,684,1022,746,51,14,253,1010,198,224,984,98,722,79,124,117,127,99,99,75,59,122,119,94,50,80,79,139,83,102,81,79,76,51,67,61,70,115,71,76,68,72,105,110,117
[ 32.051068] wil6210-aoa$0,1606461631.022800,04:d6:aa:c1:38:97,2,1,1,0,128,880,847,877,832,971,1009,421,496,30,270,984,192,791,1009,604,218,324,840,902,730,624,998,699,1012,77,299,982,219,293,1000,39,792,61,103,97,104,79,79,58,47,94,93,69,32,58,59,107,65,75,62,59,54,36,44,42,48,84,47,53,45,45,69,72,74
[ 32.084390] wil6210-aoa$0,1606461631.056126,04:d6:aa:c1:38:97,2,1,1,0,128,388,5,871,845,1000,6,402,482,53,235,411,957,178,769,680,276,950,1005,527,972,668,24,724,24,29,222,1003,181,309,1013,465,139,68,111,104,112,87,86,66,51,104,102,81,42,66,67,122,73,87,71,70,65,44,57,50,58,99,59,65,56,61,90,92,101
[ 32.114887] wil6210-aoa$0,1606461631.086622,04:d6:aa:c1:38:97,2,1,1,0,128,366,6,825,781,469,829,904,280,587,111,954,158,762,1003,205,493,970,16,475,920,707,33,746,1020,80,224,425,7,276,961,465,266,73,125,119,129,95,92,68,54,114,112,87,38,69,71,130,75,90,77,72,64,45,51,50,53,98,56,60,54,53,85,80,90
[ 32.141736] wil6210-aoa$0,1606461631.113473,04:d6:aa:c1:38:97,2,1,1,0,128,345,993,890,828,946,990,413,467,16,276,961,176,757,1008,152,444,907,988,428,903,662,27,681,1008,119,284,1008,217,288,973,850,537,62,102,100,106,82,81,59,47,94,96,75,37,63,62,113,65,81,66,62,59,42,51,48,54,88,56,60,52,53,82,80,88
[ 32.169039] wil6210-aoa$0,1606461631.140776,04:d6:aa:c1:38:97,2,1,1,0,128,350,17,808,812,987,2,433,490,73,295,984,154,788,1020,143,466,917,1003,495,965,659,59,724,31,53,262,979,162,350,999,89,855,76,124,120,131,95,93,67,55,114,111,86,38,71,71,127,73,92,77,72,66,45,55,51,56,100,56,63,56,53,85,83,93
[ 32.199178] wil6210-aoa$0,1606461631.170910,04:d6:aa:c1:38:97,2,1,1,0,128,301,998,774,787,992,999,385,414,48,257,921,146,848,10,173,426,938,5,393,875,671,988,722,2,61,249,991,167,254,928,909,641,78,126,121,130,100,99,76,61,120,120,91,48,78,75,128,83,97,79,80,74,51,63,58,66,112,65,76,65,65,98,102,107
[ 32.226661] wil6210-aoa$0,1606461631.198393,04:d6:aa:c1:38:97,2,1,1,0,128,345,987,865,819,919,987,381,447,21,276,362,977,160,751,623,220,343,819,440,895,127,863,707,0,71,275,970,187,279,976,66,830,64,109,103,108,83,83,64,49,101,99,78,41,64,66,116,68,85,67,67,62,42,53,50,57,93,56,62,54,56,83,84,89
[ 32.261032] wil6210-aoa$0,1606461631.232764,04:d6:aa:c1:38:97,2,1,1,0,128,825,824,866,805,977,996,414,472,11,285,898,87,717,980,181,441,889,992,431,900,87,810,205,859,566,71,1007,215,257,982,691,350,74,127,120,130,97,95,73,57,117,115,90,43,75,74,130,81,96,79,77,69,47,58,57,62,108,61,68,61,60,93,92,100
[ 32.294232] wil6210-aoa$0,1606461631.265969,04:d6:aa:c1:38:97,2,1,1,0,128,322,981,858,868,1015,45,453,505,35,273,944,132,790,982,164,469,919,0,416,904,665,21,764,47,110,313,16,257,287,977,581,252,62,103,97,104,78,78,59,48,94,95,74,35,61,61,108,65,80,62,64,59,41,49,46,54,90,53,56,50,53,81,77,84
[ 32.324019] wil6210-aoa$0,1606461631.295751,04:d6:aa:c1:38:97,2,1,1,0,128,268,987,849,832,23,11,444,509,75,323,995,133,787,1003,199,407,895,1019,429,836,711,7,740,25,36,234,389,1005,765,802,787,602,62,101,95,105,81,80,60,45,96,93,75,35,63,62,113,66,79,65,62,59,40,50,46,52,90,53,57,50,51,78,80,87
[ 32.351213] wil6210-aoa$0,1606461631.322949,04:d6:aa:c1:38:97,2,1,1,0,128,320,1005,261,638,934,1009,377,460,45,306,932,147,728,955,203,466,907,995,434,927,626,1012,776,58,53,281,4,248,321,1012,760,379,78,127,121,130,99,98,76,58,120,119,91,45,78,78,136,80,99,80,80,74,51,63,58,67,113,69,75,64,67,102,103,112
[ 32.378701] wil6210-aoa$0,1606461631.350440,04:d6:aa:c1:38:97,2,1,1,0,128,277,971,876,823,954,1003,442,481,1023,239,953,149,761,1012,179,485,896,970,859,678,99,819,269,909,98,272,1011,213,252,962,420,149,79,128,120,131,101,101,75,61,116,118,93,47,81,78,132,84,100,81,81,72,51,66,59,70,113,69,75,66,67,102,107,112
[ 32.412117] wil6210-aoa$0,1606461631.383850,04:d6:aa:c1:38:97,2,1,1,0,128,760,757,364,630,419,812,888,284,33,262,916,134,703,951,229,475,871,966,959,710,66,785,161,821,583,88,471,11,205,928,198,17,62,106,102,109,81,78,60,48,98,94,72,31,59,59,111,64,78,64,61,55,37,45,42,47,90,48,54,46,47,72,68,74
[ 32.442654] wil6210-aoa$0,1606461631.414390,04:d6:aa:c1:38:97,2,1,1,0,128,338,1008,845,805,973,972,903,287,90,273,975,138,797,1004,117,382,923,985,409,906,612,1013,167,817,551,41,479,1022,305,969,659,357,62,102,99,103,79,80,61,47,94,96,75,38,62,61,116,68,80,66,66,62,41,54,49,56,92,58,62,54,54,84,82,92
[ 32.470174] wil6210-aoa$0,1606461631.441911,04:d6:aa:c1:38:97,2,1,1,0,128,834,844,799,798,890,923,339,417,486,51,402,955,861,8,163,435,928,1001,485,905,684,13,707,1013,93,253,953,143,371,0,414,79,62,102,96,101,82,80,60,48,94,95,74,36,62,61,115,67,79,64,64,60,40,50,46,51,89,53,60,50,50,78,77,81
[ 32.496594] wil6210-aoa$0,1606461631.468327,04:d6:aa:c1:38:97,2,1,1,0,128,289,989,865,829,972,1004,386,428,532,70,399,998,760,988,146,374,395,854,462,955,667,7,773,31,575,50,32,228,262,963,757,416,75,127,120,127,95,94,71,55,115,114,87,40,72,74,128,76,93,77,75,68,46,58,52,58,106,59,68,58,61,95,89,98
[ 32.531425] wil6210-aoa$0,1606461631.503157,04:d6:aa:c1:38:97,2,1,1,0,128,242,967,837,805,986,991,436,490,67,283,940,143,764,1012,134,401,885,981,903,704,174,850,770,28,77,261,966,142,328,949,642,362,79,122,123,129,98,97,72,59,118,116,90,45,76,75,130,80,101,82,78,74,49,62,58,65,110,66,73,63,64,97,100,109
[ 32.565390] wil6210-aoa$0,1606461631.537126,04:d6:aa:c1:38:97,2,1,1,0,128,327,972,956,886,970,994,475,535,77,301,990,190,740,996,142,416,944,1018,505,950,626,983,778,23,107,291,8,237,286,958,160,808,75,126,118,129,97,93,69,54,117,113,86,41,73,73,131,77,94,78,75,67,45,59,52,59,104,59,68,56,58,87,88,93
[ 32.593649] wil6210-aoa$0,1606461631.565386,04:d6:aa:c1:38:97,2,1,1,0,128,306,8,809,778,991,1022,419,446,484,34,987,143,776,1007,132,418,862,986,449,911,656,985,765,22,86,275,1015,214,375,0,476,81,78,126,119,129,99,97,74,56,122,119,91,45,76,74,136,78,99,79,78,73,50,58,57,65,107,62,70,64,61,95,94,105
[ 32.621833] wil6210-aoa$0,1606461631.593567,04:d6:aa:c1:38:97,2,1,1,0,128,767,781,818,807,410,822,399,495,467,52,938,114,277,842,139,434,935,1005,427,886,707,66,201,885,149,330,1005,185,300,991,88,752,67,107,101,110,84,84,63,50,100,100,79,40,68,67,117,71,84,67,67,63,43,55,49,57,95,59,63,55,57,87,90,96
[ 32.652863] wil6210-aoa$0,1606461631.624599,04:d6:aa:c1:38:97,2,1,1,0,128,301,958,338,608,2,6,465,512,59,331,946,156,776,974,182,435,912,3,475,931,681,16,716,1019,88,233,966,169,722,782,447,226,66,109,103,107,84,82,61,49,98,97,75,36,62,62,113,67,80,66,65,61,39,50,46,52,91,52,55,52,51,79,80,86
[ 32.679756] wil6210-aoa$0,1606461631.651492,04:d6:aa:c1:38:97,2,1,1,0,128,329,1002,819,783,408,834,871,261,517,83,408,965,177,775,659,256,377,790,438,907,746,50,782,26,102,293,3,211,761,776,403,219,59,102,97,103,79,77,57,46,94,92,72,33,57,59,104,60,75,59,57,53,36,43,40,45,82,44,50,43,43,65,64,70
[ 32.712100] wil6210-aoa$0,1606461631.683835,04:d6:aa:c1:38:97,2,1,1,0,128,342,1015,862,835,994,1007,350,429,69,260,966,140,781,983,212,458,924,990,863,689,753,113,702,13,72,248,1002,202,310,972,312,976,78,127,120,129,100,100,74,60,119,117,93,45,79,75,140,84,100,81,77,75,53,63,59,67,113,70,73,68,69,99,105,109
[ 32.740394] wil6210-aoa$0,1606461631.712130,04:d6:aa:c1:38:97,2,1,1,0,128,757,768,939,874,931,963,431,496,973,240,949,114,152,754,662,227,302,746,971,740,129,876,202,863,44,225,979,190,214,933,81,951,79,126,120,127,99,98,73,58,121,119,90,47,79,78,140,82,102,81,81,75,50,63,60,66,112,68,75,65,69,102,101,112
[ 32.773765] wil6210-aoa$0,1606461631.745501,04:d6:aa:c1:38:97,2,1,1,0,128,405,46,880,819,999,1008,412,464,998,197,949,115,242,808,631,214,942,995,449,909,677,1019,756,1023,29,212,981,158,301,994,143,942,75,125,118,127,95,94,71,56,117,114,86,41,73,74,131,76,91,75,72,65,44,52,50,55,103,57,62,57,57,88,83,92
[ 32.802056] wil6210-aoa$0,1606461631.773793,04:d6:aa:c1:38:97,2,1,1,0,128,322,4,797,781,975,1004,409,462,34,246,908,100,822,14,184,434,944,1017,436,928,694,24,742,1000,72,285,931,171,306,1011,557,353,78,127,118,127,99,100,76,58,117,119,92,48,76,76,142,81,101,80,80,74,50,65,60,67,115,69,76,66,66,103,104,113
[ 32.835946] wil6210-aoa$0,1606461631.807683,04:d6:aa:c1:38:97,2,1,1,0,128,341,978,867,803,944,972,440,506,81,306,934,124,774,1008,188,430,910,995,513,966,696,27,769,52,85,276,1022,194,273,982,577,263,77,126,121,128,98,95,70,58,116,114,91,41,74,74,135,79,95,79,76,69,48,60,57,63,108,63,69,62,62,95,97,103
[ 32.863438] wil6210-aoa$0,1606461631.835174,04:d6:aa:c1:38:97,2,1,1,0,128,317,992,257,616,395,798,485,505,8,235,393,959,229,788,681,232,419,826,941,731,659,1018,721,9,103,282,987,209,254,922,896,618,73,128,120,129,94,92,72,59,114,113,90,42,75,72,137,79,97,80,78,71,49,60,56,66,110,63,70,62,66,96,94,102
[ 32.891766] wil6210-aoa$0,1606461631.863498,04:d6:aa:c1:38:97,2,1,1,0,128,345,7,865,850,947,4,422,462,15,248,987,149,829,4,131,424,983,47,406,930,712,19,726,1023,115,297,1016,212,275,1001,4,777,79,125,118,129,98,100,76,57,118,118,93,49,79,78,127,83,100,79,79,75,49,64,59,69,112,68,73,65,68,100,103,110
[ 32.922853] wil6210-aoa$0,1606461631.894590,04:d6:aa:c1:38:97,2,1,1,0,128,378,1015,826,787,1009,0,369,455,55,265,917,106,763,976,611,167,361,818,960,704,674,23,751,20,598,100,1007,197,272,957,534,199,66,111,102,112,86,84,63,50,101,102,79,35,65,66,113,68,84,68,68,62,39,52,47,54,94,52,59,53,53,78,76,86
[ 32.958099] wil6210-aoa$0,1606461631.929830,04:d6:aa:c1:38:97,2,1,1,0,128,338,4,838,765,987,1014,440,472,65,285,930,127,822,1001,88,361,937,995,447,924,651,1021,699,1018,104,265,1005,191,314,1001,15,758,65,108,100,109,82,82,62,49,99,97,75,37,64,64,115,67,81,65,67,60,41,52,49,55,90,54,60,53,55,82,83,89
[ 33.030951] wil6210-aoa$0,1606461632.002687,04:d6:aa:c1:38:97,2,1,1,0,128,795,840,806,798,953,974,393,447,36,261,956,165,760,944,174,499,864,975,364,874,638,999,773,26,104,281,1006,214,222,914,633,302,68,107,103,109,84,85,62,50,100,100,79,40,65,66,120,70,84,66,66,64,43,54,52,57,92,59,64,57,57,86,87,92
[ 33.064514] wil6210-aoa$0,1606461632.036251,04:d6:aa:c1:38:97,2,1,1,0,128,333,23,815,799,951,1023,457,510,83,309,976,158,750,962,258,498,919,981,425,873,711,34,731,1020,513,48,447,990,315,972,956,721,67,109,103,108,84,84,66,48,99,100,79,42,66,66,120,70,85,68,67,63,44,53,50,56,95,55,59,53,56,84,82,88
[ 33.092082] wil6210-aoa$0,1606461632.063819,04:d6:aa:c1:38:97,2,1,1,0,128,395,24,882,876,949,996,404,472,39,318,955,161,787,22,160,427,964,1011,445,913,638,1022,691,1022,105,308,1013,201,293,961,563,275,66,108,101,107,86,85,62,49,99,100,77,39,66,65,119,69,85,69,66,62,42,54,49,56,94,57,64,55,57,86,87,93
[ 33.120292] wil6210-aoa$0,1606461632.092023,04:d6:aa:c1:38:97,2,1,1,0,128,809,786,841,773,374,776,905,303,445,18,444,1016,787,994,625,236,933,5,470,904,638,981,117,783,566,59,468,22,761,784,951,794,66,106,102,109,84,82,64,49,99,101,78,40,66,65,117,69,83,68,68,64,41,54,50,57,92,58,62,55,56,86,89,95
[ 33.151805] wil6210-aoa$0,1606461632.123543,04:d6:aa:c1:38:97,2,1,1,0,128,362,10,840,789,945,1013,480,524,5,252,941,160,782,1007,164,443,925,1002,507,939,686,0,731,33,30,244,995,270,276,1005,113,739,66,109,102,107,83,83,65,51,100,99,80,41,66,64,118,69,85,67,68,62,42,54,49,58,91,56,63,56,59,87,87,91
[ 33.179493] wil6210-aoa$0,1606461632.151224,04:d6:aa:c1:38:97,2,1,1,0,128,338,18,892,834,967,5,395,451,72,256,979,187,773,8,162,429,976,0,436,954,749,53,756,64,131,327,1,228,273,983,808,438,67,105,101,110,89,85,66,51,96,100,79,41,68,65,119,72,88,68,68,65,45,57,50,56,97,61,65,58,59,88,93,97
[ 33.211031] wil6210-aoa$0,1606461632.182768,04:d6:aa:c1:38:97,2,1,1,0,128,291,1012,846,808,933,31,383,466,82,347,987,181,790,1012,169,433,937,10,486,936,659,15,721,990,160,308,987,197,253,974,690,356,65,107,99,107,85,82,60,47,98,96,76,39,66,63,116,66,83,66,67,62,42,51,50,57,95,57,62,55,54,83,87,93
[ 33.243501] wil6210-aoa$0,1606461632.215240,04:d6:aa:c1:38:97,2,1,1,0,128,322,1005,798,778,1020,2,429,499,1003,240,398,935,223,803,662,248,906,1003,954,763,683,54,727,20,1015,194,390,1015,248,946,935,673,67,107,102,110,85,84,65,51,102,102,78,43,66,65,119,71,87,68,67,63,44,56,49,58,96,60,66,58,58,89,90,95
[ 33.274399] wil6210-aoa$0,1606461632.246131,04:d6:aa:c1:38:97,2,1,1,0,128,345,35,775,764,429,830,851,251,27,267,929,133,772,988,153,412,343,801,445,911,98,823,764,3,491,1023,427,1022,311,958,173,1002,65,106,102,108,83,84,64,50,100,98,77,38,64,65,117,68,84,67,67,62,40,51,48,53,95,55,60,53,55,81,82,90
[ 33.310476] wil6210-aoa$0,1606461632.282208,04:d6:aa:c1:38:97,2,1,1,0,128,311,997,755,774,958,996,367,456,0,206,939,142,792,998,620,216,850,983,416,889,644,1003,729,17,996,187,474,992,248,967,352,132,68,104,104,108,84,84,64,51,99,96,78,39,67,65,118,69,84,67,68,61,43,53,50,57,93,57,62,55,56,83,84,91
[ 33.346186] wil6210-aoa$0,1606461632.317922,04:d6:aa:c1:38:97,2,1,1,0,128,349,3,846,829,939,1002,461,481,127,340,963,163,772,997,114,389,954,17,366,854,128,816,206,855,573,109,427,25,297,980,942,602,65,108,102,108,84,83,63,49,99,99,76,36,63,60,114,68,81,66,64,61,40,50,46,52,89,53,58,52,51,79,77,84
[ 33.375312] wil6210-aoa$0,1606461632.347044,04:d6:aa:c1:38:97,2,1,1,0,128,379,964,820,790,972,999,884,279,39,262,880,89,232,791,153,396,955,16,438,923,683,1,736,42,46,240,23,219,300,981,563,284,65,107,102,108,85,85,62,51,99,100,76,40,66,65,116,68,83,69,64,60,41,52,47,54,93,56,58,54,54,83,83,86
[ 33.411122] wil6210-aoa$0,1606461632.382854,04:d6:aa:c1:38:97,2,1,1,0,128,818,797,812,812,946,1017,391,444,23,257,852,73,226,808,623,253,896,1013,435,894,688,3,727,12,548,82,15,227,756,794,811,571,66,110,103,110,87,83,63,51,101,101,79,40,65,63,117,71,85,69,67,61,42,52,50,55,93,56,62,55,55,83,83,91
[ 33.442503] wil6210-aoa$0,1606461632.414238,04:d6:aa:c1:38:97,2,1,1,0,128,738,762,250,572,362,769,839,242,534,46,410,971,243,768,638,188,358,767,900,730,94,835,176,826,517,44,470,1018,740,760,33,835,65,106,103,107,82,83,62,47,95,94,75,37,63,63,114,68,82,66,65,59,41,52,47,53,94,54,59,53,53,83,80,87
[ 33.471311] wil6210-aoa$0,1606461632.443042,04:d6:aa:c1:38:97,2,1,1,0,128,316,956,864,795,992,1001,316,401,62,303,969,163,759,997,160,421,941,1006,450,900,654,1022,732,34,103,300,985,185,348,1006,570,230,67,106,99,104,83,82,63,48,100,99,78,41,65,63,117,70,86,66,68,63,43,56,51,58,95,60,64,55,59,86,90,94
[ 33.503032] wil6210-aoa$0,1606461632.474768,04:d6:aa:c1:38:97,2,1,1,0,128,338,995,847,827,12,4,422,498,48,273,28,174,833,5,180,423,963,16,467,951,697,75,771,60,78,259,1022,223,314,1009,165,872,78,128,122,132,98,96,75,60,119,120,92,44,79,77,138,82,98,82,82,73,50,62,56,66,112,66,70,65,61,94,100,104
[ 33.536523] wil6210-aoa$0,1606461632.508259,04:d6:aa:c1:38:97,2,1,1,0,128,815,816,808,759,419,809,875,291,57,251,854,73,819,985,596,196,374,825,451,883,637,1013,655,981,500,1011,469,19,755,784,465,249,65,103,98,104,83,81,63,50,96,95,75,40,64,64,116,67,82,67,64,61,41,51,48,55,90,53,60,55,53,82,83,88
[ 33.567916] wil6210-aoa$0,1606461632.539647,04:d6:aa:c1:38:97,2,1,1,0,128,314,1015,808,809,985,1022,353,424,129,299,943,160,812,1020,228,461,936,1021,484,925,685,58,690,11,76,294,983,185,244,954,825,631,64,105,99,104,82,79,58,48,96,93,76,39,64,63,113,68,83,65,65,60,41,52,47,55,93,55,60,52,55,82,86,90
[ 33.596579] wil6210-aoa$0,1606461632.568315,04:d6:aa:c1:38:97,2,1,1,0,128,802,782,825,789,981,1006,391,449,21,236,985,165,746,944,642,195,404,838,450,895,645,21,746,29,142,302,992,223,269,950,679,433,74,124,121,129,92,92,73,57,116,113,92,43,75,74,129,79,96,79,78,71,49,61,53,63,110,64,72,63,63,97,97,106
[ 33.628169] wil6210-aoa$0,1606461632.599900,04:d6:aa:c1:38:97,2,1,1,0,128,316,967,850,786,407,810,873,258,112,312,959,93,807,970,206,464,900,991,387,872,675,1016,704,1011,17,210,959,205,238,931,110,823,79,129,118,126,100,94,76,57,120,117,92,45,77,75,132,82,100,81,79,72,49,61,56,62,109,63,71,62,63,95,97,108
[ 33.662416] wil6210-aoa$0,1606461632.634154,04:d6:aa:c1:38:97,2,1,1,0,128,357,28,831,794,18,12,418,409,73,307,837,107,818,1020,137,415,935,994,904,709,692,7,180,808,532,73,493,61,243,985,931,635,67,106,102,106,82,82,62,47,99,98,76,34,63,62,115,64,76,65,62,58,38,48,43,49,89,50,56,48,49,77,72,79
[ 33.690495] wil6210-aoa$0,1606461632.662233,04:d6:aa:c1:38:97,2,1,1,0,128,293,985,849,860,1015,47,340,460,56,255,955,113,796,13,195,427,980,1000,474,903,698,42,674,999,119,289,8,238,281,1003,272,824,68,111,105,111,85,85,64,52,103,103,81,40,67,69,121,71,87,68,68,62,44,56,50,58,98,59,63,56,58,89,88,93
[ 33.724644] wil6210-aoa$0,1606461632.696380,04:d6:aa:c1:38:97,2,1,1,0,128,354,1003,798,727,449,827,881,264,524,26,1002,148,795,988,630,225,907,986,386,806,96,797,164,781,610,108,19,211,251,962,459,197,65,105,98,105,84,83,62,48,97,98,79,39,64,63,118,68,84,66,66,62,42,51,48,55,94,55,61,51,55,82,83,88
[ 33.752942] wil6210-aoa$0,1606461632.724678,04:d6:aa:c1:38:97,2,1,1,0,128,810,808,243,607,994,1014,371,429,17,264,947,182,772,987,218,445,937,1013,390,870,684,35,696,4,83,281,447,21,299,997,199,941,64,106,102,108,82,79,62,47,97,93,73,33,63,61,111,65,79,64,63,57,40,49,44,51,88,52,55,49,49,77,75,82
[ 33.786453] wil6210-aoa$0,1606461632.758190,04:d6:aa:c1:38:97,2,1,1,0,128,352,1007,864,830,963,1006,415,502,27,275,952,134,804,1008,175,407,960,1018,394,904,668,998,725,1000,78,278,996,201,309,964,243,17,65,107,100,109,81,80,63,49,98,95,76,37,64,62,113,66,83,66,67,60,41,51,47,51,90,52,59,48,51,79,78,82
[ 33.820687] wil6210-aoa$0,1606461632.792418,04:d6:aa:c1:38:97,2,1,1,0,128,319,1010,904,824,961,988,405,417,10,255,975,141,816,997,103,368,938,1003,499,933,646,4,707,15,116,330,1002,240,334,1004,208,896,66,106,102,111,84,80,63,49,98,96,79,38,65,63,116,69,82,66,66,58,42,49,47,53,89,52,60,52,51,78,79,86
[ 33.852692] wil6210-aoa$0,1606461632.824431,04:d6:aa:c1:38:97,2,1,1,0,128,349,1000,286,616,994,26,367,457,51,288,1000,167,212,746,639,224,381,787,460,934,133,851,246,847,582,67,1012,171,243,941,499,163,75,129,122,128,99,97,72,57,118,116,88,40,71,71,129,78,92,77,75,69,48,55,52,57,106,56,65,56,57,87,82,91
[ 33.887179] wil6210-aoa$0,1606461632.858915,04:d6:aa:c1:38:97,2,1,1,0,128,299,972,274,657,953,2,421,473,508,85,406,993,721,961,597,223,333,796,971,772,719,34,731,9,83,283,1015,203,257,955,741,383,63,102,97,104,81,79,61,49,93,95,73,36,59,61,109,62,80,66,61,58,38,48,44,50,88,50,55,51,49,76,71,81
[ 33.920437] wil6210-aoa$0,1606461632.892173,04:d6:aa:c1:38:97,2,1,1,0,128,807,847,778,762,993,996,409,452,526,94,927,91,794,1014,672,268,371,763,1019,781,662,20,743,10,526,34,1018,193,772,808,106,945,63,104,96,107,80,81,59,46,97,95,75,39,63,61,112,67,81,64,64,61,42,54,49,53,92,57,61,55,55,83,85,91
[ 33.950472] wil6210-aoa$0,1606461632.922202,04:d6:aa:c1:38:97,2,1,1,0,128,299,1008,303,616,416,830,893,283,39,276,955,166,748,1002,177,448,894,1004,521,944,656,998,775,2,547,28,440,997,354,983,478,157,63,102,96,105,80,80,60,49,94,89,75,34,60,60,112,63,79,64,62,56,37,46,45,48,87,50,56,48,49,75,73,81
[ 33.987094] wil6210-aoa$0,1606461632.958830,04:d6:aa:c1:38:97,2,1,1,0,128,352,1006,830,803,990,1019,422,451,80,274,944,124,200,791,158,394,998,1022,500,963,681,25,704,6,17,245,975,171,263,933,116,783,77,126,121,130,98,94,73,54,120,119,89,41,73,72,128,75,94,77,75,68,47,57,53,59,105,59,65,58,58,93,88,96
[ 34.018146] wil6210-aoa$0,1606461632.989877,04:d6:aa:c1:38:97,2,1,1,0,128,817,806,809,772,1005,28,423,493,35,275,938,122,752,984,139,373,979,14,409,857,625,1009,765,50,23,259,446,1018,730,792,19,823,67,108,102,109,82,83,63,50,100,98,77,39,66,65,115,69,82,67,66,61,42,52,49,55,94,55,60,54,52,82,83,91
[ 34.053014] wil6210-aoa$0,1606461633.024750,04:d6:aa:c1:38:97,2,1,1,0,128,307,1021,860,817,991,14,425,489,30,295,895,136,798,7,206,479,878,995,423,935,643,1011,738,56,77,302,991,214,286,955,166,921,65,108,103,109,85,82,60,49,99,97,75,37,61,64,119,68,83,67,65,62,42,52,49,55,96,57,62,55,55,86,86,91
[ 34.085292] wil6210-aoa$0,1606461633.057023,04:d6:aa:c1:38:97,2,1,1,0,128,341,987,880,806,1018,1021,427,504,1004,230,981,134,813,1004,81,355,885,989,939,684,671,10,666,1001,112,305,947,186,249,965,857,458,78,127,119,129,100,96,74,60,118,116,92,45,78,74,138,77,98,79,75,72,49,60,54,64,109,65,69,63,64,93,90,99
[ 34.119817] wil6210-aoa$0,1606461633.091554,04:d6:aa:c1:38:97,2,1,1,0,128,806,809,816,797,933,950,430,433,100,317,934,135,764,993,171,432,907,1002,414,875,685,1023,746,27,62,281,974,210,250,930,751,544,76,129,118,127,95,92,70,54,118,116,87,39,72,73,130,74,92,78,73,70,46,56,52,60,102,57,67,57,56,85,87,94
[ 34.154494] wil6210-aoa$0,1606461633.126229,04:d6:aa:c1:38:97,2,1,1,0,128,325,1009,860,825,967,14,362,442,84,321,930,143,756,963,124,390,428,827,503,910,635,981,687,1002,121,271,977,162,284,931,14,716,66,106,103,108,84,81,60,49,97,97,76,36,64,63,112,67,83,66,62,59,41,49,45,53,88,51,57,51,51,76,79,84
[ 34.187348] wil6210-aoa$0,1606461633.159079,04:d6:aa:c1:38:97,2,1,1,0,128,279,957,338,623,383,786,436,496,995,253,938,104,218,776,140,414,940,1015,388,838,692,1011,751,2,65,262,1005,215,228,946,295,100,66,106,103,111,85,84,64,49,99,98,77,36,64,65,114,66,82,67,66,59,42,49,48,53,91,52,59,52,53,80,81,86
[ 34.221595] wil6210-aoa$0,1606461633.193331,04:d6:aa:c1:38:97,2,1,1,0,128,312,985,841,795,959,986,399,450,1018,232,994,166,738,980,175,400,968,1008,497,928,692,33,725,7,83,304,1021,255,261,962,286,941,67,106,102,109,83,82,64,50,99,98,79,42,65,64,115,69,84,67,67,62,42,53,49,56,94,58,61,54,55,85,84,91
[ 34.250283] wil6210-aoa$0,1606461633.222021,04:d6:aa:c1:38:97,2,1,1,0,128,353,995,849,771,481,835,421,458,79,271,994,115,768,981,116,406,877,968,468,899,126,851,170,837,39,256,968,200,257,958,345,104,65,108,104,110,84,82,64,50,100,100,75,37,65,63,115,67,83,67,65,61,40,51,46,51,91,49,58,51,51,77,75,85
[ 34.284603] wil6210-aoa$0,1606461633.256341,04:d6:aa:c1:38:97,2,1,1,0,128,343,996,865,789,948,981,873,251,536,94,964,156,788,1002,609,190,952,995,471,935,667,0,728,40,81,277,33,243,319,1006,505,242,68,112,108,115,88,84,65,51,104,102,81,40,68,68,120,70,86,71,70,62,44,53,51,56,97,56,63,55,56,85,86,92
[ 34.319061] wil6210-aoa$0,1606461633.290797,04:d6:aa:c1:38:97,2,1,1,0,128,311,1005,202,587,466,845,884,268,583,109,952,137,758,995,146,395,895,985,923,702,685,12,782,35,28,228,971,178,267,960,386,66,78,131,122,132,101,98,71,57,121,118,91,43,79,77,137,79,101,80,77,73,50,60,57,64,109,66,70,62,64,97,95,102
[ 34.351046] wil6210-aoa$0,1606461633.322778,04:d6:aa:c1:38:97,2,1,1,0,128,827,811,828,785,396,755,881,234,527,89,963,160,827,11,152,432,843,940,506,947,622,1001,735,26,102,267,985,212,738,790,603,388,80,129,121,128,100,100,76,61,118,119,94,44,76,76,128,80,99,79,81,73,51,62,59,65,110,66,75,65,66,100,101,110
[ 34.386322] wil6210-aoa$0,1606461633.358057,04:d6:aa:c1:38:97,2,1,1,0,128,340,1003,863,770,440,816,905,282,989,217,953,142,815,1016,113,414,936,1004,426,913,605,972,817,82,80,320,1009,190,253,972,493,198,79,127,124,128,99,100,76,59,119,119,91,47,79,78,133,82,101,81,80,73,49,64,57,68,113,67,71,66,67,101,103,106
[ 34.421799] wil6210-aoa$0,1606461633.393530,04:d6:aa:c1:38:97,2,1,1,0,128,313,989,291,620,444,822,892,280,482,52,426,995,151,757,627,211,369,797,962,708,123,838,247,889,567,99,995,197,766,786,787,523,65,104,98,105,82,79,62,48,94,94,74,39,64,63,115,68,84,65,64,62,42,53,49,54,93,57,60,56,55,83,87,93
[ 34.453837] wil6210-aoa$0,1606461633.425574,04:d6:aa:c1:38:97,2,1,1,0,128,325,973,796,777,431,805,848,238,73,257,951,141,733,994,105,381,855,976,468,906,117,833,192,866,544,72,402,997,763,818,251,1017,64,108,100,108,82,78,62,50,99,99,74,36,60,62,114,69,79,66,64,61,39,48,45,52,88,50,58,50,50,75,76,84
[ 34.483577] wil6210-aoa$0,1606461633.455308,04:d6:aa:c1:38:97,2,1,1,0,128,291,984,804,766,953,985,389,460,18,293,966,176,761,1007,153,404,380,809,474,910,689,1002,777,30,115,269,997,159,743,742,44,808,65,104,100,106,80,78,59,48,95,95,73,37,63,63,111,67,80,66,61,59,40,51,47,53,91,54,59,52,53,83,83,91
[ 34.521179] wil6210-aoa$0,1606461633.492914,04:d6:aa:c1:38:97,2,1,1,0,128,305,1000,872,830,973,991,447,549,65,295,955,133,823,6,150,437,905,1016,429,928,660,1022,758,25,59,241,513,39,240,924,121,914,64,105,96,101,79,80,62,48,95,93,75,36,64,62,112,65,81,64,63,58,41,49,45,52,91,51,56,50,50,76,76,83
[ 34.554489] wil6210-aoa$0,1606461633.526225,04:d6:aa:c1:38:97,2,1,1,0,128,352,976,252,569,421,807,837,257,8,201,340,963,801,1010,157,449,940,1018,487,924,677,19,187,846,569,113,989,176,297,10,135,878,69,113,102,113,87,85,64,51,100,100,80,40,65,66,122,70,85,70,70,65,45,53,52,57,96,59,64,55,58,88,87,94
[ 34.583416] wil6210-aoa$0,1606461633.555154,04:d6:aa:c1:38:97,2,1,1,0,128,328,981,798,768,986,19,349,450,59,284,891,99,803,993,172,409,964,27,458,914,710,35,686,10,119,295,27,208,252,933,641,403,66,105,102,108,82,82,63,49,99,98,77,40,66,65,119,69,85,68,66,62,42,55,48,56,93,58,61,57,56,85,86,92
[ 34.611640] wil6210-aoa$0,1606461633.583377,04:d6:aa:c1:38:97,2,1,1,0,128,320,990,883,827,934,998,389,460,474,101,962,164,276,866,128,370,378,825,926,717,143,880,168,842,632,102,460,1022,372,1015,673,377,66,107,103,109,85,85,61,49,97,98,75,37,64,63,117,69,81,68,65,61,39,51,48,54,91,54,59,53,54,82,81,88
[ 34.640739] wil6210-aoa$0,1606461633.612474,04:d6:aa:c1:38:97,2,1,1,0,128,295,993,898,864,1006,8,450,497,69,325,1003,172,721,992,209,458,928,979,482,930,679,19,770,45,35,252,1005,180,270,1010,727,381,66,104,102,108,84,83,63,49,96,98,75,38,63,63,118,67,82,69,65,62,41,53,48,55,92,55,60,54,55,82,81,86
[ 34.675055] wil6210-aoa$0,1606461633.646790,04:d6:aa:c1:38:97,2,1,1,0,128,344,1023,858,821,864,950,452,497,35,258,937,136,751,1006,191,419,915,943,503,943,681,7,728,27,98,270,19,213,309,974,4,662,64,104,100,108,82,82,61,49,98,97,76,38,66,64,115,69,83,66,66,59,41,50,47,54,91,53,58,52,54,81,80,87
[ 34.708185] wil6210-aoa$0,1606461633.679916,04:d6:aa:c1:38:97,2,1,1,0,128,321,981,853,795,920,1013,819,216,561,81,897,119,829,1002,99,398,914,968,448,942,741,67,752,27,76,290,7,235,312,1022,960,701,78,129,121,128,103,100,76,60,120,118,94,49,80,78,131,82,103,82,79,74,50,63,59,68,113,67,73,65,67,100,102,112
[ 34.742169] wil6210-aoa$0,1606461633.713904,04:d6:aa:c1:38:97,2,1,1,0,128,310,1005,914,865,1004,1018,378,452,35,278,984,168,750,936,232,446,853,975,433,852,119,873,736,1014,74,261,1013,218,299,991,965,593,64,107,100,109,83,80,59,49,98,93,75,33,62,61,111,65,77,64,62,57,39,45,45,49,86,46,53,49,47,73,72,78
[ 34.779642] wil6210-aoa$0,1606461633.751374,04:d6:aa:c1:38:97,2,1,1,0,128,378,995,881,861,985,6,456,567,88,321,954,150,851,16,119,402,997,8,514,979,708,49,812,76,85,300,62,255,296,996,192,857,66,107,104,109,85,83,62,50,101,101,79,37,67,63,120,71,83,69,67,64,43,53,50,58,93,59,61,55,55,87,86,91
[ 34.816847] wil6210-aoa$0,1606461633.788583,04:d6:aa:c1:38:97,2,1,1,0,128,348,11,815,792,963,1006,833,240,48,278,961,127,755,996,139,434,917,1008,925,729,646,4,718,30,105,298,18,237,334,1011,881,564,67,104,101,108,83,81,64,50,98,99,77,39,65,64,117,70,84,69,65,63,42,54,49,56,92,56,61,54,53,82,82,90
[ 34.848485] wil6210-aoa$0,1606461633.820217,04:d6:aa:c1:38:97,2,1,1,0,128,294,987,841,775,422,799,410,479,20,267,980,143,776,994,157,439,875,987,519,945,696,1016,712,989,545,46,23,233,290,990,455,205,78,127,118,128,98,99,75,58,118,116,92,45,77,76,130,78,99,78,79,74,50,60,56,65,107,63,70,62,65,94,95,103
[ 34.884779] wil6210-aoa$0,1606461633.856514,04:d6:aa:c1:38:97,2,1,1,0,128,275,979,844,805,1023,17,411,490,39,268,986,204,764,1010,635,230,947,1016,471,908,671,3,711,982,81,249,971,167,302,980,936,588,66,107,107,113,88,86,65,52,103,104,79,39,67,65,121,70,88,70,68,65,43,53,50,56,98,58,62,56,55,85,87,92
[ 34.918709] wil6210-aoa$0,1606461633.890442,04:d6:aa:c1:38:97,2,1,1,0,128,790,766,310,607,404,789,396,434,0,257,939,113,215,776,599,212,367,840,447,895,632,25,698,30,93,294,976,168,750,787,612,426,64,105,98,104,81,79,61,48,95,96,76,37,66,63,116,67,79,65,65,59,42,51,48,55,92,57,60,53,53,83,87,93
[ 34.952042] wil6210-aoa$0,1606461633.923777,04:d6:aa:c1:38:97,2,1,1,0,128,732,748,342,614,409,822,393,464,12,263,1009,152,767,971,128,382,371,809,917,694,673,16,717,1019,559,72,440,1016,695,733,236,37,64,100,99,107,83,82,63,48,96,95,75,37,65,62,114,66,77,66,61,56,38,49,47,51,89,52,57,50,50,79,77,83
[ 34.980985] wil6210-aoa$0,1606461633.952718,04:d6:aa:c1:38:97,2,1,1,0,128,324,4,879,828,1009,32,473,516,62,275,990,150,816,23,147,398,991,14,456,908,716,42,702,1018,34,188,2,226,310,976,503,195,66,108,102,108,82,82,61,47,98,96,76,39,63,63,115,67,81,66,66,60,41,50,49,55,93,56,59,51,54,83,79,87
[ 35.014163] wil6210-aoa$0,1606461633.985901,04:d6:aa:c1:38:97,2,1,1,0,128,778,782,838,797,951,968,353,399,502,38,958,105,715,932,548,146,393,817,892,696,63,788,160,776,507,26,468,1017,299,956,890,663,67,109,107,113,86,84,65,54,100,101,82,39,68,66,121,71,86,68,68,65,43,53,50,57,98,58,60,55,54,86,86,89
[ 35.043498] wil6210-aoa$0,1606461634.015234,04:d6:aa:c1:38:97,2,1,1,0,128,358,11,802,788,411,832,412,476,64,289,905,100,783,973,652,197,390,788,922,743,121,834,206,849,134,303,999,172,272,973,144,880,64,109,102,110,81,80,60,48,97,96,72,34,61,60,113,66,80,65,63,59,38,49,46,52,86,51,57,49,51,80,77,85
[ 35.075131] wil6210-aoa$0,1606461634.046863,04:d6:aa:c1:38:97,2,1,1,0,128,772,805,839,790,982,3,872,286,492,84,899,102,191,756,148,429,951,14,482,946,661,1009,716,15,622,92,413,991,776,785,209,1020,65,108,102,111,85,83,63,50,99,101,78,39,64,64,116,68,83,68,63,61,43,51,49,55,93,54,61,56,54,83,84,92
[ 35.111688] wil6210-aoa$0,1606461634.083426,04:d6:aa:c1:38:97,2,1,1,0,128,303,983,218,555,440,804,866,252,73,317,947,157,810,0,169,417,385,814,949,742,132,856,170,812,558,53,450,2,735,756,235,955,62,106,100,107,82,80,60,48,96,98,75,38,62,63,114,66,80,64,63,59,41,51,47,54,90,54,58,52,54,80,83,88
[ 35.140552] wil6210-aoa$0,1606461634.112287,04:d6:aa:c1:38:97,2,1,1,0,128,299,1000,301,573,442,823,399,488,30,270,1000,179,730,965,137,432,842,959,440,884,125,818,783,1023,44,233,1008,195,205,961,460,217,62,105,97,104,79,77,59,46,95,91,73,35,63,59,111,63,77,62,60,57,38,46,42,50,85,47,55,48,49,73,74,81
[ 35.175758] wil6210-aoa$0,1606461634.147495,04:d6:aa:c1:38:97,2,1,1,0,128,809,806,358,647,1021,12,462,530,1008,252,968,167,830,8,136,401,937,987,953,710,714,9,712,1023,48,279,1017,228,256,949,872,601,78,125,118,124,98,99,77,59,117,119,92,44,77,79,129,83,101,80,79,73,51,63,58,65,113,68,71,65,64,98,103,106
[ 35.210651] wil6210-aoa$0,1606461634.182390,04:d6:aa:c1:38:97,2,1,1,0,128,288,980,838,814,998,5,444,447,14,254,868,80,230,828,112,378,297,786,460,895,119,839,722,20,516,63,978,206,312,963,156,835,77,128,119,130,98,95,72,57,121,118,89,46,76,77,139,79,97,78,79,73,49,59,55,65,108,64,70,61,64,97,95,104
[ 35.239788] wil6210-aoa$0,1606461634.211524,04:d6:aa:c1:38:97,2,1,1,0,128,803,797,880,811,911,963,427,470,466,59,440,1003,713,959,202,447,954,2,431,925,642,988,723,6,102,253,948,193,343,1015,213,1000,65,105,102,110,81,80,61,50,97,98,77,35,64,63,112,67,81,66,63,59,40,49,46,49,89,51,56,49,50,74,74,81
[ 35.274372] wil6210-aoa$0,1606461634.246103,04:d6:aa:c1:38:97,2,1,1,0,128,361,21,824,835,941,992,380,481,1021,232,933,116,795,8,199,474,378,817,1005,779,684,7,860,63,115,305,1022,193,314,996,628,371,64,103,99,106,81,80,60,46,94,93,74,34,61,62,110,66,80,63,62,59,40,50,46,52,88,51,57,51,50,77,79,87
[ 35.312805] wil6210-aoa$0,1606461634.284542,04:d6:aa:c1:38:97,2,1,1,0,128,347,983,916,824,949,1001,362,439,485,91,340,942,822,978,183,464,911,985,498,938,732,61,716,1,102,307,999,227,274,979,523,185,79,126,119,131,98,96,74,59,113,112,93,43,76,76,129,82,99,80,79,74,50,61,59,67,112,67,72,62,64,97,101,103
[ 35.342384] wil6210-aoa$0,1606461634.314120,04:d6:aa:c1:38:97,2,1,1,0,128,326,980,775,757,996,8,369,435,53,283,828,58,258,795,651,261,1002,6,437,915,654,27,710,1013,100,257,1005,205,256,953,752,383,62,102,96,103,83,81,61,48,94,94,73,40,63,62,115,68,83,67,64,62,41,53,49,55,91,58,60,54,56,85,86,94
[ 35.371794] wil6210-aoa$0,1606461634.343533,04:d6:aa:c1:38:97,2,1,1,0,128,323,1020,904,856,958,987,426,467,1022,257,970,116,726,950,185,438,977,34,447,893,676,15,802,50,18,224,995,166,341,1019,64,856,64,105,101,106,83,81,62,48,97,95,75,38,64,63,113,67,82,65,66,59,41,52,48,54,90,55,59,53,56,80,82,86
[ 35.401046] wil6210-aoa$0,1606461634.372785,04:d6:aa:c1:38:97,2,1,1,0,128,355,1,865,835,1015,7,377,459,37,265,970,171,193,796,687,248,922,1017,432,915,711,65,681,15,560,94,466,46,279,997,653,311,66,106,97,105,81,80,61,48,96,97,75,35,61,61,110,64,79,63,64,59,37,50,45,52,89,52,55,50,50,78,75,83
[ 35.434813] wil6210-aoa$0,1606461634.406545,04:d6:aa:c1:38:97,2,1,1,0,128,352,1001,858,853,954,990,476,541,39,299,995,189,715,963,221,447,870,938,409,884,689,17,755,10,81,256,992,247,283,981,1017,704,66,110,105,112,84,80,62,50,100,100,76,33,63,63,115,65,82,67,65,59,42,46,47,50,90,49,58,49,50,76,74,78
[ 35.464552] wil6210-aoa$0,1606461634.436290,04:d6:aa:c1:38:97,2,1,1,0,128,313,983,837,763,958,993,871,264,30,250,933,95,789,10,164,433,895,954,415,913,665,35,691,0,47,239,984,157,258,946,757,433,62,104,101,110,82,80,59,48,95,97,75,34,62,60,107,63,77,64,60,56,37,46,43,49,87,48,53,47,49,70,70,77
[ 35.498102] wil6210-aoa$0,1606461634.469832,04:d6:aa:c1:38:97,2,1,1,0,128,307,963,848,793,954,1006,349,428,65,247,447,987,749,1004,630,258,944,1020,473,927,153,853,690,17,68,267,10,174,314,989,1007,695,61,104,99,106,82,80,60,48,95,95,76,36,63,62,114,69,81,66,63,60,41,50,47,54,93,57,60,52,54,82,80,87
[ 35.532270] wil6210-aoa$0,1606461634.504006,04:d6:aa:c1:38:97,2,1,1,0,128,338,995,872,816,964,1012,493,531,27,311,951,156,795,12,185,453,920,995,462,946,75,826,792,26,39,236,1017,211,287,942,381,37,79,127,120,132,101,98,73,59,119,120,91,44,75,76,137,80,95,78,77,72,48,59,54,63,107,64,70,60,62,97,97,104
[ 35.563323] wil6210-aoa$0,1606461634.535056,04:d6:aa:c1:38:97,2,1,1,0,128,808,799,867,846,954,1022,406,470,59,304,1019,199,804,1018,217,467,919,1011,535,997,670,1015,799,87,105,321,1003,198,276,987,222,970,77,127,121,127,100,97,73,59,119,118,91,44,76,76,136,83,96,81,76,72,50,59,58,65,110,62,71,62,62,96,91,101
[ 35.602804] wil6210-aoa$0,1606461634.574540,04:d6:aa:c1:38:97,2,1,1,0,128,373,9,881,812,1001,12,393,428,1021,226,896,91,266,824,627,211,912,1019,410,901,729,46,718,18,71,285,975,209,300,1009,429,110,78,129,123,127,102,98,74,58,117,118,90,41,76,75,129,78,97,81,76,73,49,59,56,66,109,65,70,64,63,94,95,106
[ 35.632523] wil6210-aoa$0,1606461634.604261,04:d6:aa:c1:38:97,2,1,1,0,128,368,18,857,780,914,931,391,479,4,249,957,119,768,984,212,454,960,3,457,924,690,1018,741,46,76,262,977,180,295,974,394,160,66,107,105,112,83,84,65,51,100,99,78,38,67,66,117,67,85,67,66,59,41,50,48,54,92,54,60,52,53,81,85,88
[ 35.661927] wil6210-aoa$0,1606461634.633662,04:d6:aa:c1:38:97,2,1,1,0,128,314,992,858,818,977,1005,876,290,41,259,943,155,764,965,614,205,365,757,938,723,671,23,686,1001,75,217,998,160,339,1006,1019,725,67,108,102,111,85,85,64,49,100,99,78,40,65,64,119,70,83,68,67,62,42,53,50,57,96,60,60,54,57,87,87,93
[ 35.691930] wil6210-aoa$0,1606461634.663666,04:d6:aa:c1:38:97,2,1,1,0,128,225,941,337,645,979,12,375,476,3,271,925,131,239,829,183,449,940,2,493,918,656,5,721,1006,48,281,6,237,261,977,436,204,64,103,98,105,79,81,60,46,97,96,75,37,63,60,113,67,80,63,64,60,41,50,48,53,93,56,60,53,54,84,83,91
[ 35.720692] wil6210-aoa$0,1606461634.692428,04:d6:aa:c1:38:97,2,1,1,0,128,343,971,829,787,981,1016,841,234,11,226,936,167,787,969,147,390,948,13,415,859,641,989,729,15,538,89,458,43,254,952,640,389,80,128,121,129,99,100,73,56,119,118,90,42,76,75,137,78,98,79,77,73,48,61,57,65,110,64,72,63,61,95,97,106
[ 35.756256] wil6210-aoa$0,1606461634.727992,04:d6:aa:c1:38:97,2,1,1,0,128,386,5,811,763,921,966,857,283,517,85,361,908,199,766,710,237,309,750,934,656,202,868,721,998,71,266,957,176,723,761,986,789,78,126,123,128,100,99,72,56,115,111,87,40,75,72,129,78,93,78,74,67,47,54,55,60,105,58,67,58,56,87,85,89
[ 35.791817] wil6210-aoa$0,1606461634.763555,04:d6:aa:c1:38:97,2,1,1,0,128,368,21,864,835,971,978,409,463,21,254,946,145,802,26,165,434,905,941,448,924,696,17,734,2,44,219,32,235,341,21,520,205,69,112,104,112,87,85,63,52,101,100,80,41,65,66,121,73,84,67,67,64,43,51,49,55,95,55,60,54,53,80,84,90
[ 35.821217] wil6210-aoa$0,1606461634.792952,04:d6:aa:c1:38:97,2,1,1,0,128,269,943,344,668,929,984,900,285,18,307,885,120,746,985,189,459,882,1009,485,951,641,3,744,25,41,289,976,203,352,1008,191,906,64,107,101,109,82,82,63,49,96,98,76,40,63,64,112,66,82,66,65,60,41,50,46,55,92,56,60,53,55,84,82,90
[ 35.856730] wil6210-aoa$0,1606461634.828466,04:d6:aa:c1:38:97,2,1,1,0,128,344,1017,816,799,1000,1009,440,469,122,307,928,134,739,979,101,354,334,757,914,678,146,878,145,834,585,90,440,990,798,821,952,750,65,106,102,109,84,80,62,49,100,95,76,36,62,62,114,65,81,64,63,59,41,50,47,51,92,50,57,50,50,77,77,85
[ 35.892462] wil6210-aoa$0,1606461634.864195,04:d6:aa:c1:38:97,2,1,1,0,128,746,753,312,612,950,960,388,420,558,75,937,101,752,1001,187,434,937,989,447,901,682,31,709,979,590,43,1002,175,223,940,530,264,81,127,123,129,99,99,75,59,122,119,92,44,78,78,138,82,101,80,78,76,52,62,57,67,113,68,73,65,66,98,98,105
[ 35.931772] wil6210-aoa$0,1606461634.903504,04:d6:aa:c1:38:97,2,1,1,0,128,282,989,842,800,994,30,484,509,70,277,924,121,835,11,200,494,963,5,558,995,670,10,699,1019,91,291,4,245,282,968,350,97,64,103,99,106,79,78,59,47,93,93,73,33,61,59,110,64,79,63,61,58,38,46,45,50,87,50,55,51,48,74,76,81
[ 35.966750] wil6210-aoa$0,1606461634.938485,04:d6:aa:c1:38:97,2,1,1,2,128,282,989,842,800,994,30,484,509,70,277,924,121,835,11,200,494,963,5,558,995,670,10,699,1019,91,291,4,245,282,968,350,97,81,127,123,129,99,99,75,59,122,119,92,44,78,78,138,82,101,80,78,76,52,62,57,67,113,68,73,65,66,98,98,105
[ 35.996268] wil6210-aoa$0,1606461634.968003,04:d6:aa:c1:38:97,2,1,1,0,128,764,789,823,750,1017,19,376,442,76,253,351,913,227,806,171,424,388,819,430,863,142,843,755,4,182,297,917,141,282,947,588,308,65,107,102,108,83,81,62,49,99,97,75,34,63,60,113,65,82,65,65,59,40,51,46,51,90,49,57,51,52,79,80,86
