
[ 26.431223] wil6210-aoa$0,1606461626.005780,04:d6:aa:c1:38:97,2,1,1,0,128,788,824,912,881,971,978,399,469,3,231,890,103,750,962,195,437,943,31,478,913,632,1008,701,17,58,246,921,161,302,976,883,550,76,117,109,119,93,92,72,52,112,112,90,47,79,74,132,80,91,74,73,70,50,62,55,64,106,68,71,65,68,99,97,105
[ 26.464243] wil6210-aoa$0,1606461626.038793,04:d6:aa:c1:38:97,2,1,1,0,128,310,16,844,838,425,832,403,481,11,251,926,133,770,962,114,381,965,0,510,956,706,41,715,20,83,250,931,178,312,1006,839,483,73,114,111,118,93,91,73,51,112,110,86,48,79,73,130,81,90,74,73,68,50,64,59,67,109,70,74,65,68,103,103,109
[ 26.493429] wil6210-aoa$0,1606461626.067981,04:d6:aa:c1:38:97,2,1,1,0,128,322,14,874,832,954,969,424,484,44,329,900,139,676,913,656,186,26,82,390,875,691,1021,774,33,533,67,1009,184,363,1,295,1023,76,119,111,122,95,90,71,51,115,113,86,45,77,74,133,79,90,75,74,68,48,59,56,63,107,65,71,62,64,99,92,100
[ 26.517267] wil6210-aoa$0,1606461626.091820,04:d6:aa:c1:38:97,2,1,1,0,128,291,2,868,842,966,10,410,480,14,275,1008,189,698,958,645,229,959,6,460,927,665,9,775,47,1021,266,997,225,296,957,238,863,77,120,116,125,94,93,73,52,115,112,86,51,81,75,134,83,92,76,76,71,50,64,58,67,111,71,73,66,68,100,96,107
[ 26.547205] wil6210-aoa$0,1606461626.121760,04:d6:aa:c1:38:97,2,1,1,0,128,374,11,877,819,978,1008,399,508,990,238,338,929,802,992,592,253,897,1011,470,908,124,851,733,41,82,279,22,245,323,1018,242,886,74,118,116,125,94,92,71,52,114,113,90,50,81,75,129,84,92,78,75,69,51,63,56,66,110,70,72,65,67,99,101,105
[ 26.571686] wil6210-aoa$0,1606461626.146238,04:d6:aa:c1:38:97,2,1,1,0,128,324,975,845,796,945,1003,339,410,471,36,374,962,194,769,647,251,921,1019,441,923,623,998,755,1015,29,211,967,189,703,758,678,514,80,128,119,131,101,94,73,54,121,117,89,45,81,75,129,79,89,78,73,69,47,55,55,57,108,62,68,59,61,95,86,95
[ 26.598824] wil6210-aoa$0,1606461626.173378,04:d6:aa:c1:38:97,2,1,1,0,128,334,40,922,863,994,1002,423,513,38,258,945,159,799,994,151,369,911,974,515,910,710,2,774,35,74,276,976,157,286,988,620,304,76,121,113,124,92,92,71,51,116,114,90,48,78,73,128,82,89,77,75,67,46,60,55,63,109,67,70,62,66,98,93,102
[ 26.629117] wil6210-aoa$0,1606461626.203667,04:d6:aa:c1:38:97,2,1,1,0,128,278,1010,886,838,971,986,484,494,422,8,1018,177,745,976,119,352,986,53,490,915,680,48,684,987,54,228,993,170,290,982,236,956,77,120,113,121,95,94,72,54,118,113,89,49,77,76,134,78,93,77,77,70,49,60,56,64,109,67,72,63,66,96,95,101
[ 26.655467] wil6210-aoa$0,1606461626.230020,04:d6:aa:c1:38:97,2,1,1,0,128,333,1010,906,865,952,937,374,460,998,210,412,968,236,818,649,243,357,818,996,779,108,835,167,856,60,254,923,170,275,972,474,218,71,113,106,115,87,84,67,48,105,103,79,41,69,68,122,71,84,73,69,61,44,53,52,57,100,63,65,58,60,89,87,92
[ 26.681714] wil6210-aoa$0,1606461626.256265,04:d6:aa:c1:38:97,2,1,1,0,128,309,1007,274,611,432,857,910,338,1017,214,913,98,730,929,612,191,961,1014,475,894,650,977,732,1002,505,49,444,1015,288,962,38,718,82,128,123,133,105,98,78,59,123,122,94,51,86,80,132,86,99,84,81,75,54,64,61,67,119,74,77,71,71,107,107,113
[ 26.711631] wil6210-aoa$0,1606461626.286183,04:d6:aa:c1:38:97,2,1,1,0,128,347,1005,883,833,947,986,395,465,974,227,971,136,725,945,265,457,946,1009,470,922,688,1012,724,12,87,294,956,198,281,957,157,823,77,121,115,122,98,93,73,53,116,114,88,46,80,75,135,79,92,78,75,70,50,62,58,63,109,67,75,66,66,96,97,105
[ 26.739132] wil6210-aoa$0,1606461626.313687,04:d6:aa:c1:38:97,2,1,1,0,128,833,812,884,820,6,1008,472,572,123,323,937,165,781,1015,195,420,922,8,483,981,642,1014,776,46,98,311,988,229,251,943,413,91,79,122,115,124,96,94,74,51,117,116,89,50,78,76,131,81,92,76,76,70,49,62,57,65,109,68,74,63,66,102,100,106
[ 26.764047] wil6210-aoa$0,1606461626.338596,04:d6:aa:c1:38:97,2,1,1,0,128,825,810,944,870,969,1002,431,473,1009,275,937,145,789,994,124,399,955,1016,521,981,662,1019,165,813,519,51,455,33,729,776,145,956,80,122,117,125,95,93,73,52,116,117,92,51,83,76,132,81,93,77,77,71,50,63,60,67,111,70,74,66,69,101,101,110
[ 26.795156] wil6210-aoa$0,1606461626.369707,04:d6:aa:c1:38:97,2,1,1,0,128,317,12,878,854,994,1019,466,542,19,243,927,129,814,1001,188,421,894,996,497,914,726,23,191,875,63,300,964,212,281,988,640,236,77,120,115,127,94,91,71,53,112,111,86,43,72,74,127,73,87,74,72,64,44,52,51,57,101,61,63,57,58,84,81,90
[ 26.831137] wil6210-aoa$0,1606461626.405690,04:d6:aa:c1:38:97,2,1,1,0,128,393,69,848,862,970,1023,386,470,40,254,990,195,770,982,88,362,957,15,513,907,692,1017,808,54,73,276,970,198,247,923,526,246,77,120,116,126,98,92,73,52,117,113,88,47,78,75,134,81,90,77,74,66,47,59,54,60,107,67,70,59,60,92,92,98
[ 26.858666] wil6210-aoa$0,1606461626.433216,04:d6:aa:c1:38:97,2,1,1,0,128,348,985,841,790,409,784,868,301,503,58,361,916,187,797,596,130,378,766,952,698,751,1020,763,14,53,228,452,36,290,979,1001,766,80,121,118,124,96,98,75,53,116,115,92,52,84,79,137,82,94,79,76,71,52,65,60,68,113,73,76,70,71,107,108,113
[ 26.886157] wil6210-aoa$0,1606461626.460712,04:d6:aa:c1:38:97,2,1,1,0,128,354,1023,886,818,882,939,413,447,26,245,954,195,745,991,136,435,933,32,401,872,631,1013,793,81,74,270,1007,247,247,959,117,734,78,122,118,124,96,94,75,53,114,115,90,50,81,75,135,82,93,78,76,68,50,62,59,64,109,70,73,65,65,102,100,105
[ 26.911839] wil6210-aoa$0,1606461626.486389,04:d6:aa:c1:38:97,2,1,1,0,128,389,25,895,820,12,15,438,506,19,248,932,151,803,19,121,377,905,1002,525,968,742,62,819,62,79,265,913,177,228,993,810,532,77,120,114,123,94,92,73,53,115,114,90,45,79,77,131,81,91,76,76,69,48,60,58,64,109,67,72,67,64,97,97,105
[ 26.941349] wil6210-aoa$0,1606461626.515900,04:d6:aa:c1:38:97,2,1,1,0,128,783,838,881,826,927,971,413,491,1000,227,930,113,801,957,104,372,889,993,445,907,663,23,240,855,70,258,942,158,262,956,466,117,77,121,118,125,91,90,72,53,116,113,89,44,78,75,127,81,87,76,74,69,46,57,56,63,104,64,69,61,62,92,91,98
[ 26.964439] wil6210-aoa$0,1606461626.538993,04:d6:aa:c1:38:97,2,1,1,0,128,293,1003,916,842,981,16,392,491,76,310,920,143,741,974,104,374,939,1017,515,936,697,47,707,2,99,290,0,270,292,1022,95,801,77,118,114,125,96,94,74,52,118,113,88,48,79,77,133,79,89,76,75,69,50,59,57,64,108,67,71,61,65,97,92,104
[ 26.994835] wil6210-aoa$0,1606461626.569389,04:d6:aa:c1:38:97,2,1,1,0,128,357,1000,933,882,15,41,440,506,20,246,902,161,813,1023,150,424,910,17,477,940,666,986,791,35,143,309,1022,231,331,1013,858,467,81,130,123,133,98,94,76,53,121,121,92,47,80,80,130,82,94,81,77,71,50,60,58,65,114,68,75,66,67,101,98,106
[ 27.020866] wil6210-aoa$0,1606461626.595415,04:d6:aa:c1:38:97,2,1,1,0,128,332,1,869,775,987,977,944,324,38,285,939,109,776,990,122,357,919,1004,437,904,680,25,148,840,54,236,990,260,280,942,725,471,76,124,115,123,96,91,70,52,115,111,86,48,80,74,134,81,89,76,76,71,52,62,56,64,109,69,72,65,68,101,103,108
[ 27.050590] wil6210-aoa$0,1606461626.625139,04:d6:aa:c1:38:97,2,1,1,0,128,339,1014,263,550,401,828,894,314,530,67,382,960,796,14,102,378,943,1016,450,891,166,861,746,11,80,298,995,204,287,980,355,117,79,120,115,122,97,95,76,54,115,115,90,50,79,73,135,81,93,76,77,70,50,60,58,64,109,71,75,63,68,100,100,105
[ 27.078155] wil6210-aoa$0,1606461626.652709,04:d6:aa:c1:38:97,2,1,1,0,128,364,1013,849,764,988,973,423,504,983,218,878,78,217,782,184,383,879,1008,964,749,627,993,774,9,501,62,961,183,303,961,294,953,77,117,113,120,94,93,72,53,114,112,89,50,81,76,129,82,92,76,76,69,51,65,60,66,108,69,72,66,69,103,102,110
[ 27.105384] wil6210-aoa$0,1606461626.679933,04:d6:aa:c1:38:97,2,1,1,0,128,305,982,339,671,932,991,353,429,488,55,411,945,256,826,188,389,950,1006,889,680,123,815,166,808,554,66,416,1004,275,976,931,571,79,120,116,125,95,93,71,51,113,114,89,47,79,74,133,79,88,75,75,69,48,60,56,62,106,65,69,59,65,96,91,103
[ 27.129642] wil6210-aoa$0,1606461626.704191,04:d6:aa:c1:38:97,2,1,1,0,128,326,998,866,787,970,1000,877,285,38,289,366,943,762,981,596,188,928,1019,466,892,696,20,734,1016,65,267,932,193,239,928,302,80,77,120,118,125,96,93,74,52,109,110,88,48,79,74,130,82,92,77,73,68,49,59,56,64,109,67,70,63,66,99,96,104
[ 27.161678] wil6210-aoa$0,1606461626.736227,04:d6:aa:c1:38:97,2,1,1,0,128,327,995,888,829,941,963,914,308,1021,234,945,134,820,12,232,473,935,0,531,976,637,1005,788,7,552,81,432,41,238,964,332,954,77,121,115,122,95,90,71,52,114,114,89,48,78,75,135,81,93,78,73,71,49,62,58,65,111,71,75,67,67,100,102,111
[ 27.190789] wil6210-aoa$0,1606461626.765339,04:d6:aa:c1:38:97,2,1,1,0,128,854,835,890,820,944,990,457,522,1015,244,910,135,769,945,628,196,883,962,445,878,129,826,750,18,69,275,905,148,204,921,608,332,78,118,113,123,95,94,74,52,113,115,90,50,82,75,130,81,92,78,76,70,51,61,58,65,111,70,74,65,68,100,101,109
[ 27.214594] wil6210-aoa$0,1606461626.789149,04:d6:aa:c1:38:97,2,1,1,0,128,318,1008,848,775,443,814,901,292,2,248,924,127,736,961,137,414,875,974,514,935,96,811,803,22,43,253,974,181,255,933,63,863,73,119,113,122,93,91,71,50,114,112,85,47,78,74,130,77,89,74,71,66,47,59,54,61,105,64,70,59,62,96,94,102
[ 27.244759] wil6210-aoa$0,1606461626.819286,04:d6:aa:c1:38:97,2,1,1,0,128,791,818,843,816,17,13,406,476,65,313,928,121,720,949,159,376,920,1011,462,900,656,1011,770,26,43,288,912,133,258,960,170,912,76,116,109,117,93,92,72,51,114,112,87,48,77,72,132,79,91,75,74,69,49,63,57,65,109,70,73,65,69,102,100,108
[ 27.281279] wil6210-aoa$0,1606461626.855833,04:d6:aa:c1:38:97,2,1,1,2,128,791,818,843,816,17,13,406,476,65,313,928,121,720,949,159,376,920,1011,462,900,656,1011,770,26,43,288,912,133,258,960,170,912,73,119,113,122,93,91,71,50,114,112,85,47,78,74,130,77,89,74,71,66,47,59,54,61,105,64,70,59,62,96,94,102
[ 27.304439] wil6210-aoa$0,1606461626.878993,04:d6:aa:c1:38:97,2,1,1,0,128,840,873,831,778,992,1013,417,481,16,258,892,106,742,995,75,333,974,10,437,911,614,1019,715,5,558,34,974,161,266,980,991,701,80,125,119,127,98,96,75,55,119,114,91,47,83,76,130,81,94,79,78,71,51,64,59,66,111,69,77,66,67,99,100,110
[ 27.334247] wil6210-aoa$0,1606461626.908798,04:d6:aa:c1:38:97,2,1,1,0,128,375,31,825,807,373,814,921,331,68,299,920,138,738,969,153,393,904,1001,436,900,711,1011,740,0,50,248,943,167,309,981,159,919,76,122,115,126,92,87,69,51,114,110,83,36,74,66,125,73,81,70,70,62,42,48,49,50,95,53,60,51,51,80,73,82
[ 27.363809] wil6210-aoa$0,1606461626.938366,04:d6:aa:c1:38:97,2,1,1,0,128,368,1018,844,792,377,801,852,243,535,111,914,142,759,997,567,174,955,16,434,921,662,1016,713,1017,88,292,915,150,304,985,157,875,79,123,118,127,98,93,74,54,117,117,89,48,81,76,136,82,93,78,76,73,51,64,60,66,113,69,74,66,69,100,97,109
[ 27.388760] wil6210-aoa$0,1606461626.963312,04:d6:aa:c1:38:97,2,1,1,0,128,358,0,853,768,985,1007,416,502,982,217,901,162,732,989,136,375,896,988,408,881,708,12,718,5,28,229,940,169,282,999,931,621,78,125,118,127,98,95,74,53,120,119,91,49,82,77,139,84,95,79,77,72,51,64,59,66,115,70,77,69,70,104,102,109
[ 27.420689] wil6210-aoa$0,1606461626.995238,04:d6:aa:c1:38:97,2,1,1,0,128,774,796,359,624,506,863,907,307,27,242,1015,169,788,1003,187,402,361,818,973,736,668,12,727,994,64,232,1005,221,229,907,96,873,81,121,120,129,99,95,75,55,120,116,92,52,83,78,131,86,96,79,79,71,52,67,61,70,117,78,78,69,72,107,109,116
[ 27.450595] wil6210-aoa$0,1606461627.025146,04:d6:aa:c1:38:97,2,1,1,0,128,362,1023,886,845,1007,16,471,510,3,229,900,115,720,945,181,397,851,988,508,943,704,10,787,88,42,249,0,225,284,957,458,86,75,113,109,117,93,90,70,51,110,109,85,48,78,73,131,80,88,74,73,66,49,59,55,63,107,67,68,60,64,96,95,102
[ 27.479846] wil6210-aoa$0,1606461627.054394,04:d6:aa:c1:38:97,2,1,1,0,128,396,39,904,888,903,946,477,502,1003,211,356,949,184,786,202,429,1013,39,417,923,677,4,821,51,46,269,943,174,253,963,443,51,75,123,119,126,94,88,70,52,114,113,87,45,75,72,127,79,86,76,72,67,48,55,52,59,108,60,66,59,60,92,85,93
[ 27.509124] wil6210-aoa$0,1606461627.083677,04:d6:aa:c1:38:97,2,1,1,0,128,408,49,816,806,982,1017,387,475,52,253,924,168,813,996,141,414,886,973,478,940,673,6,731,27,14,247,1002,246,289,986,114,820,77,126,119,130,97,93,73,55,118,113,90,47,81,77,128,80,92,81,75,68,48,60,56,62,112,66,72,64,64,97,92,100
[ 27.533170] wil6210-aoa$0,1606461627.107722,04:d6:aa:c1:38:97,2,1,1,0,128,380,2,858,808,442,788,944,302,24,271,904,114,813,991,102,381,881,998,458,889,104,797,259,883,510,67,940,153,295,1003,734,456,74,113,111,121,92,89,72,52,112,112,86,46,77,74,132,79,92,76,75,69,49,61,58,66,108,70,70,65,67,100,98,107
[ 27.565076] wil6210-aoa$0,1606461627.139627,04:d6:aa:c1:38:97,2,1,1,0,128,318,981,809,779,939,1002,361,489,47,261,912,133,749,993,162,394,904,1021,495,931,699,4,727,2,32,183,980,208,239,938,985,716,76,117,113,122,92,92,73,50,115,111,90,50,80,76,128,79,90,75,75,69,51,64,59,66,106,71,71,64,68,99,101,110
[ 27.590175] wil6210-aoa$0,1606461627.164725,04:d6:aa:c1:38:97,2,1,1,0,128,354,5,919,873,968,993,368,450,1006,207,957,143,241,801,119,325,333,785,41,774,661,5,705,1013,11,208,394,990,713,736,803,630,75,118,113,119,92,91,73,51,111,110,88,47,78,73,134,78,91,77,75,70,49,59,56,63,107,68,71,65,65,99,97,106
[ 27.621399] wil6210-aoa$0,1606461627.195948,04:d6:aa:c1:38:97,2,1,1,0,128,268,983,812,825,954,0,418,463,84,297,901,140,765,972,125,451,936,38,450,913,710,27,796,55,54,320,977,191,292,992,849,667,76,117,113,124,90,91,73,51,114,113,87,46,78,75,130,79,89,75,72,69,50,62,55,59,105,66,70,64,65,96,99,106
[ 27.651029] wil6210-aoa$0,1606461627.225575,04:d6:aa:c1:38:97,2,1,1,0,128,779,819,312,611,429,812,937,337,1005,199,369,950,218,782,632,167,360,835,980,756,704,14,698,2,544,71,405,19,717,757,482,273,78,119,113,121,96,93,73,52,113,112,88,47,78,75,127,81,91,75,76,68,48,59,57,62,110,69,71,63,66,94,96,106
[ 27.674529] wil6210-aoa$0,1606461627.249083,04:d6:aa:c1:38:97,2,1,1,0,128,835,826,362,637,967,1004,844,272,1005,245,855,71,240,788,599,222,960,31,495,904,686,997,203,826,498,1019,472,39,748,772,16,833,75,120,112,121,93,92,70,51,114,113,88,48,79,76,132,79,89,76,74,69,49,60,56,63,108,66,71,63,67,98,96,104
[ 27.704611] wil6210-aoa$0,1606461627.279161,04:d6:aa:c1:38:97,2,1,1,0,128,337,1009,922,876,937,1008,316,404,484,87,934,155,746,962,222,472,890,978,459,950,662,1019,701,14,6,235,915,196,313,7,686,321,74,118,113,121,95,90,72,53,108,109,87,46,78,73,130,79,89,75,73,68,48,59,55,60,109,67,70,60,63,95,88,99
[ 27.734909] wil6210-aoa$0,1606461627.309456,04:d6:aa:c1:38:97,2,1,1,0,128,343,10,834,811,944,978,441,477,1,269,327,930,701,900,182,409,955,41,481,940,702,0,746,35,1012,186,974,182,260,950,644,518,79,122,112,122,93,95,73,52,113,112,88,48,79,74,133,82,93,74,76,70,50,63,59,66,109,68,73,65,69,100,100,108
[ 27.759305] wil6210-aoa$0,1606461627.333854,04:d6:aa:c1:38:97,2,1,1,0,128,392,5,866,851,966,1014,423,530,982,209,953,162,732,973,208,455,378,847,459,915,647,986,701,994,41,236,961,199,335,974,289,18,77,119,112,120,93,94,74,53,113,112,88,50,82,76,134,82,92,76,76,70,51,64,59,68,111,72,73,66,69,101,102,107
[ 27.791539] wil6210-aoa$0,1606461627.366089,04:d6:aa:c1:38:97,2,1,1,0,128,351,6,899,811,971,1011,424,501,978,215,927,126,731,941,135,365,948,2,412,888,655,1004,731,1017,1010,181,403,995,741,763,133,823,77,120,114,122,93,89,73,52,114,112,87,47,78,74,131,81,91,76,76,70,50,62,56,66,111,68,72,65,67,99,98,105
[ 27.821525] wil6210-aoa$0,1606461627.396075,04:d6:aa:c1:38:97,2,1,1,0,128,771,803,851,772,397,803,925,298,456,35,979,190,805,1016,111,379,896,3,425,893,682,6,719,1014,65,279,987,230,273,982,430,172,79,122,114,122,93,94,76,53,113,113,92,51,81,77,128,81,95,75,76,72,52,67,60,67,111,74,77,69,70,103,105,114
[ 27.852497] wil6210-aoa$0,1606461627.427047,04:d6:aa:c1:38:97,2,1,1,0,128,378,20,872,828,936,973,831,220,526,38,407,959,788,993,183,377,989,18,462,903,741,10,719,36,15,229,915,110,252,924,1013,742,76,120,113,122,94,91,73,53,113,114,88,47,79,74,132,78,90,78,73,67,47,60,55,62,108,67,71,64,66,97,96,104
[ 27.876352] wil6210-aoa$0,1606461627.450906,04:d6:aa:c1:38:97,2,1,1,0,128,817,854,322,660,434,816,435,498,28,243,933,117,783,961,172,447,891,20,449,911,732,34,723,998,72,270,985,181,287,937,538,276,77,120,115,124,94,94,74,53,115,112,90,49,79,74,135,82,92,77,75,70,52,64,60,67,110,70,74,66,70,104,100,108
[ 27.906704] wil6210-aoa$0,1606461627.481258,04:d6:aa:c1:38:97,2,1,1,0,128,289,972,876,839,1000,1001,428,502,4,242,950,176,716,949,129,378,958,23,486,915,701,37,788,26,37,273,990,213,225,962,902,666,77,117,116,122,94,90,69,52,114,113,88,45,77,73,132,80,87,74,73,68,47,58,53,59,107,64,68,59,63,95,88,96
[ 27.933932] wil6210-aoa$0,1606461627.508482,04:d6:aa:c1:38:97,2,1,1,0,128,365,4,843,788,1010,1016,895,275,4,214,940,135,711,953,605,197,283,784,21,778,619,5,753,24,1,235,935,243,238,979,622,460,76,120,114,123,94,90,70,50,113,112,87,46,76,73,130,78,92,77,76,69,49,57,55,61,105,64,68,62,64,96,92,102
[ 27.957853] wil6210-aoa$0,1606461627.532407,04:d6:aa:c1:38:97,2,1,1,0,128,363,8,851,820,949,984,880,308,57,280,931,130,789,1023,166,425,934,1018,492,941,719,43,724,11,9,186,952,156,760,781,862,536,70,108,107,112,87,84,69,50,105,105,83,46,75,68,124,75,86,69,68,65,47,57,53,60,103,67,68,62,64,93,95,102
[ 27.989492] wil6210-aoa$0,1606461627.564045,04:d6:aa:c1:38:97,2,1,1,0,128,379,10,849,858,935,968,491,499,14,237,908,124,806,1003,175,399,930,1012,460,919,715,2,770,14,89,259,1012,255,309,980,915,631,74,120,114,122,93,91,71,52,115,110,87,45,75,71,128,77,86,75,74,68,47,56,57,61,105,62,68,59,58,88,86,95
[ 28.015636] wil6210-aoa$0,1606461627.590188,04:d6:aa:c1:38:97,2,1,1,0,128,337,993,872,841,3,10,351,478,1007,224,986,175,756,962,635,225,396,815,496,976,687,12,741,3,22,240,11,262,233,960,862,464,72,117,112,121,91,88,73,53,112,112,87,50,76,74,127,81,88,72,71,68,49,57,55,60,106,64,68,61,63,94,90,103
[ 28.045717] wil6210-aoa$0,1606461627.620271,04:d6:aa:c1:38:97,2,1,1,0,128,300,7,865,838,942,1010,376,468,81,271,944,132,779,954,136,381,943,1019,454,869,139,812,773,1011,552,63,385,974,750,761,967,776,76,119,114,122,94,90,71,53,114,111,88,47,78,73,132,78,90,74,72,68,47,56,53,60,106,65,68,60,63,96,95,99
[ 28.070278] wil6210-aoa$0,1606461627.644828,04:d6:aa:c1:38:97,2,1,1,0,128,327,3,917,879,971,1001,466,526,9,254,878,108,783,987,142,423,932,2,477,902,713,51,796,25,31,269,974,171,272,954,537,191,76,119,114,123,94,93,73,54,110,113,89,49,80,75,134,82,89,75,73,70,47,61,57,63,110,69,72,64,66,98,100,106
[ 28.102265] wil6210-aoa$0,1606461627.676817,04:d6:aa:c1:38:97,2,1,1,0,128,322,979,828,756,491,824,826,235,564,81,390,970,219,786,647,174,987,28,431,841,129,816,183,842,549,91,940,180,272,914,500,285,75,117,112,118,93,93,73,53,113,112,88,49,77,73,131,79,91,75,74,70,48,62,58,66,110,69,73,65,71,101,100,107
[ 28.126843] wil6210-aoa$0,1606461627.701397,04:d6:aa:c1:38:97,2,1,1,0,128,304,999,842,814,1022,29,348,480,481,10,369,934,773,955,122,380,914,973,498,927,639,993,740,5,69,286,993,215,280,943,385,122,80,125,123,128,101,95,78,55,122,120,92,49,81,77,137,86,95,80,77,71,50,62,58,63,112,67,72,62,64,99,96,102
[ 28.154574] wil6210-aoa$0,1606461627.729124,04:d6:aa:c1:38:97,2,1,1,0,128,803,810,382,653,440,787,931,314,12,239,936,121,748,963,620,189,426,870,534,951,645,1012,720,1021,523,24,930,146,702,727,16,798,74,122,115,123,94,91,71,51,113,110,87,46,78,74,129,80,88,75,73,67,49,59,55,61,108,64,71,60,63,96,93,102
[ 28.186421] wil6210-aoa$0,1606461627.760970,04:d6:aa:c1:38:97,2,1,1,0,128,362,1008,844,807,964,1001,856,251,498,57,339,900,786,948,627,198,395,833,930,717,86,851,140,822,551,87,932,161,251,954,916,680,80,126,121,128,100,97,75,55,123,119,93,49,83,77,135,80,93,77,79,71,49,59,58,64,110,66,74,63,65,100,96,107
[ 28.215549] wil6210-aoa$0,1606461627.790103,04:d6:aa:c1:38:97,2,1,1,0,128,799,848,901,864,447,845,868,296,13,259,922,134,814,986,650,220,373,794,971,741,118,838,750,26,39,230,986,190,284,964,428,129,73,115,113,121,91,88,71,52,108,108,87,47,75,73,129,78,88,76,72,66,49,60,54,63,108,68,71,62,63,97,95,101
[ 28.242270] wil6210-aoa$0,1606461627.816820,04:d6:aa:c1:38:97,2,1,1,0,128,858,866,849,825,372,817,903,290,518,62,912,127,652,886,676,198,430,854,504,901,718,44,783,21,77,273,988,240,266,956,229,880,78,121,116,128,99,96,74,52,122,119,92,48,79,76,127,82,94,78,77,70,51,61,59,66,112,70,73,64,68,100,94,107
[ 28.273212] wil6210-aoa$0,1606461627.847764,04:d6:aa:c1:38:97,2,1,1,0,128,829,857,324,630,451,828,398,503,29,239,909,80,772,1005,130,382,915,1001,497,934,724,14,732,24,66,259,996,212,297,1000,172,865,72,114,108,119,89,87,70,49,112,109,87,47,75,73,127,77,88,72,73,67,49,60,57,64,107,67,72,62,66,96,96,105
[ 28.298619] wil6210-aoa$0,1606461627.873168,04:d6:aa:c1:38:97,2,1,1,0,128,852,855,898,813,1011,1010,441,513,18,259,982,142,712,910,694,216,386,800,513,912,153,843,779,43,35,282,929,142,280,938,548,213,77,122,118,129,97,95,73,53,117,118,91,47,81,78,137,84,94,79,78,71,51,61,58,65,113,68,71,65,67,100,101,105
[ 28.330905] wil6210-aoa$0,1606461627.905456,04:d6:aa:c1:38:97,2,1,1,0,128,299,1002,904,814,988,981,377,424,51,290,946,159,763,954,122,348,364,801,420,876,706,31,757,16,41,253,964,167,300,963,602,288,84,127,126,127,100,96,76,56,127,125,96,48,84,79,131,86,94,82,81,72,53,62,60,65,117,69,74,64,67,100,100,103
[ 28.361110] wil6210-aoa$0,1606461627.935664,04:d6:aa:c1:38:97,2,1,1,0,128,271,978,816,792,931,979,862,249,1016,260,870,71,813,1023,127,395,909,15,412,922,118,879,235,879,504,75,436,34,731,735,780,546,78,124,117,124,97,96,72,54,116,115,91,49,79,76,135,84,93,79,74,71,50,60,57,64,113,69,70,63,66,99,93,103
[ 28.387715] wil6210-aoa$0,1606461627.962266,04:d6:aa:c1:38:97,2,1,1,0,128,339,13,819,823,988,1016,403,472,16,285,896,154,739,991,130,407,895,1021,459,937,685,1010,170,799,69,242,961,188,296,966,588,347,71,116,108,118,90,85,67,49,109,106,85,42,75,70,125,74,87,72,69,65,47,56,52,58,102,64,67,58,63,91,90,97
[ 28.418715] wil6210-aoa$0,1606461627.993272,04:d6:aa:c1:38:97,2,1,1,0,128,420,15,889,832,945,958,438,470,55,208,920,117,774,979,104,318,846,981,458,903,608,1012,722,1020,547,56,982,164,285,976,145,831,78,124,121,124,96,91,71,52,117,117,88,46,81,77,135,81,89,79,74,68,49,58,57,62,109,65,70,65,66,97,94,104
[ 28.444643] wil6210-aoa$0,1606461628.019192,04:d6:aa:c1:38:97,2,1,1,0,128,801,791,309,633,451,862,437,473,1022,257,904,157,765,982,199,443,963,7,531,993,646,1008,772,18,48,273,958,180,253,957,482,304,76,124,115,127,96,92,69,49,116,115,89,44,78,73,130,78,88,75,74,67,48,57,55,61,105,64,69,61,65,91,92,100
[ 28.485427] wil6210-aoa$0,1606461628.059981,04:d6:aa:c1:38:97,2,1,1,0,128,383,8,809,766,999,1017,387,508,36,275,871,98,715,950,614,201,939,1017,469,913,653,1021,722,997,112,309,954,230,308,1000,784,368,83,130,124,136,104,98,81,57,130,125,99,51,89,85,128,87,100,85,85,76,56,67,65,69,120,73,80,68,71,108,104,116
[ 28.513732] wil6210-aoa$0,1606461628.088283,04:d6:aa:c1:38:97,2,1,1,0,128,338,1014,891,844,939,977,883,293,484,58,344,960,230,766,155,368,360,813,505,905,145,860,215,840,588,56,465,28,290,947,982,692,81,132,128,135,103,101,77,57,126,124,96,50,83,80,139,87,95,82,81,72,51,64,60,66,115,70,77,63,68,104,98,105
[ 28.545111] wil6210-aoa$0,1606461628.119662,04:d6:aa:c1:38:97,2,1,1,0,128,807,832,305,638,13,25,427,462,41,284,889,94,191,790,615,212,938,13,450,876,740,53,715,6,1,190,949,194,246,942,754,478,71,114,112,122,90,89,71,51,112,108,85,44,75,72,128,78,87,73,72,66,48,57,53,60,107,63,69,60,65,95,93,100
[ 28.576178] wil6210-aoa$0,1606461628.150729,04:d6:aa:c1:38:97,2,1,1,0,128,301,1002,879,821,984,6,378,439,1011,250,860,122,773,1007,139,400,968,26,428,918,662,12,203,886,78,270,965,214,259,968,974,725,74,118,109,119,90,88,71,49,112,109,86,46,75,71,128,77,86,73,75,67,45,59,54,61,103,65,68,62,64,92,91,101
[ 28.600905] wil6210-aoa$0,1606461628.175457,04:d6:aa:c1:38:97,2,1,1,0,128,338,994,889,814,939,993,408,496,1016,247,975,171,753,973,176,422,955,1008,484,932,621,14,716,1016,42,233,0,216,252,957,726,360,78,123,121,127,100,93,73,54,121,115,88,45,81,76,127,84,92,80,75,71,50,62,57,64,113,69,73,66,65,99,95,105
[ 28.634298] wil6210-aoa$0,1606461628.208848,04:d6:aa:c1:38:97,2,1,1,0,128,359,6,874,816,922,983,391,466,58,285,945,110,865,18,183,419,966,42,454,901,657,1006,169,847,516,52,369,979,814,819,614,353,73,112,108,119,90,87,68,51,109,108,86,46,76,73,127,80,87,74,71,65,46,58,54,62,106,66,70,62,63,95,95,103
[ 28.665219] wil6210-aoa$0,1606461628.239769,04:d6:aa:c1:38:97,2,1,1,0,128,336,11,841,829,964,1021,839,260,55,270,954,142,789,1022,151,403,1012,81,485,953,724,1018,691,982,61,269,956,177,319,967,90,786,71,113,109,117,89,83,67,47,109,106,82,40,73,70,125,74,84,71,69,64,43,55,51,57,101,61,64,57,60,91,87,95
[ 28.696312] wil6210-aoa$0,1606461628.270862,04:d6:aa:c1:38:97,2,1,1,0,128,376,33,861,806,1021,31,371,432,80,313,888,124,783,13,207,439,952,20,479,950,705,25,720,987,90,267,962,196,284,970,917,656,75,123,114,125,92,89,70,51,113,112,84,42,75,72,126,76,85,75,71,66,46,53,51,55,106,55,63,54,52,82,76,85
[ 28.726978] wil6210-aoa$0,1606461628.301534,04:d6:aa:c1:38:97,2,1,1,0,128,318,12,868,809,15,29,367,451,479,52,941,137,213,789,123,387,933,12,523,933,721,50,803,82,993,188,25,256,270,970,999,708,78,125,119,129,95,94,72,51,119,116,89,49,80,76,132,83,92,78,75,69,50,61,58,65,111,69,72,64,68,101,97,109
[ 28.752423] wil6210-aoa$0,1606461628.326972,04:d6:aa:c1:38:97,2,1,1,0,128,819,863,881,865,407,818,464,544,0,256,873,90,211,793,695,274,951,43,526,949,680,29,715,13,29,235,944,208,259,954,123,907,74,114,106,117,90,87,68,51,109,110,84,49,76,71,128,80,89,73,72,68,49,60,55,63,104,68,69,63,63,96,99,105
[ 28.784054] wil6210-aoa$0,1606461628.358604,04:d6:aa:c1:38:97,2,1,1,0,128,842,854,905,859,421,796,929,365,15,243,967,168,765,970,204,413,931,1017,423,888,119,812,194,854,4,176,994,208,286,976,540,235,73,122,118,125,95,90,71,51,117,116,87,45,78,76,134,80,91,78,76,68,48,57,55,60,107,65,68,61,61,95,94,101
[ 28.813924] wil6210-aoa$0,1606461628.388479,04:d6:aa:c1:38:97,2,1,1,0,128,323,979,868,827,975,1009,414,473,464,24,898,122,749,1009,169,417,338,819,929,730,680,10,182,837,519,83,966,212,705,744,136,892,74,119,116,127,95,89,70,50,118,114,87,46,76,74,131,80,89,76,74,69,47,58,54,61,109,65,70,63,62,94,92,101
[ 28.842121] wil6210-aoa$0,1606461628.416670,04:d6:aa:c1:38:97,2,1,1,0,128,336,991,923,827,14,19,402,463,22,267,973,181,753,994,201,445,928,1018,441,935,623,1004,803,1022,29,239,968,182,245,944,386,113,82,127,124,128,100,98,77,55,125,121,93,49,85,80,127,82,99,82,80,75,51,64,59,65,114,69,77,69,68,101,101,111
[ 28.874256] wil6210-aoa$0,1606461628.448806,04:d6:aa:c1:38:97,2,1,1,0,128,751,804,313,605,491,836,461,495,2,230,915,91,229,772,673,213,341,803,907,722,147,850,747,15,26,222,946,194,342,996,293,960,78,122,116,125,98,93,71,53,118,119,91,47,82,75,135,83,94,80,76,71,51,65,60,66,113,71,74,67,69,104,104,115
[ 28.906479] wil6210-aoa$0,1606461628.481028,04:d6:aa:c1:38:97,2,1,1,0,128,298,977,846,821,965,1000,419,548,1006,239,862,74,759,982,176,386,439,822,506,917,99,813,800,79,59,249,5,255,199,959,967,719,70,110,105,115,89,85,69,50,109,109,83,46,74,69,128,75,87,68,71,63,47,58,52,57,103,63,66,61,61,92,93,101
[ 28.931360] wil6210-aoa$0,1606461628.505910,04:d6:aa:c1:38:97,2,1,1,0,128,726,750,342,632,964,980,849,254,1,203,919,140,768,1000,171,427,1000,1018,471,943,647,1017,797,70,28,285,1000,238,282,998,717,336,75,121,115,126,94,88,72,53,116,112,87,45,78,75,128,78,88,74,73,67,47,58,55,62,109,65,69,61,63,96,93,99
[ 28.964841] wil6210-aoa$0,1606461628.539391,04:d6:aa:c1:38:97,2,1,1,0,128,340,11,852,836,401,807,414,513,974,220,974,156,746,993,113,395,905,983,510,934,649,18,766,12,104,292,898,134,242,934,141,872,72,116,110,121,93,89,69,51,113,109,85,47,75,72,127,76,86,74,73,68,47,58,53,61,104,64,69,59,63,93,93,96
[ 28.991018] wil6210-aoa$0,1606461628.565571,04:d6:aa:c1:38:97,2,1,1,0,128,308,986,291,623,414,786,861,291,489,51,392,956,180,742,665,204,947,7,507,918,692,1021,774,993,516,44,943,130,753,716,916,712,73,117,111,118,91,90,70,51,109,109,83,42,78,72,127,77,86,71,72,66,47,57,53,60,107,64,69,58,62,93,88,92
[ 29.024277] wil6210-aoa$0,1606461628.598831,04:d6:aa:c1:38:97,2,1,1,0,128,859,848,302,646,428,838,418,489,30,224,941,166,757,1004,166,429,929,11,417,890,119,847,748,38,44,257,30,240,257,961,254,932,77,122,118,127,98,90,73,51,117,112,86,43,79,73,127,77,89,76,72,67,49,57,54,58,106,63,69,60,60,91,86,96
[ 29.048865] wil6210-aoa$0,1606461628.623419,04:d6:aa:c1:38:97,2,1,1,0,128,352,22,846,804,937,976,396,495,58,273,373,972,228,794,135,382,437,878,436,902,715,18,726,1014,103,258,938,197,276,914,273,18,75,119,111,119,91,90,68,50,110,110,86,45,75,72,129,76,88,77,71,66,45,55,54,58,103,62,66,59,59,92,87,98
[ 29.080900] wil6210-aoa$0,1606461628.655457,04:d6:aa:c1:38:97,2,1,1,0,128,337,39,798,787,1000,1019,408,499,1012,244,927,167,179,789,199,456,963,10,483,911,643,998,760,13,58,219,928,168,740,708,128,944,79,125,121,129,100,96,75,54,120,116,88,45,80,76,134,81,92,78,75,69,49,59,56,62,112,65,69,61,64,96,95,97
[ 29.108919] wil6210-aoa$0,1606461628.683470,04:d6:aa:c1:38:97,2,1,1,0,128,881,872,355,655,22,1009,362,433,20,219,350,938,797,971,138,364,429,843,951,699,116,837,207,861,493,48,443,39,279,994,326,973,77,119,110,119,93,92,71,52,111,109,87,47,78,73,131,77,90,73,76,67,49,60,57,63,107,68,70,62,67,99,100,109
[ 29.140607] wil6210-aoa$0,1606461628.715164,04:d6:aa:c1:38:97,2,1,1,0,128,324,1005,880,796,967,970,456,513,983,157,390,943,219,776,618,216,907,1016,453,889,622,1000,698,1001,6,207,441,36,290,993,644,306,82,126,121,127,102,96,75,55,122,119,92,48,82,77,129,82,95,79,76,70,53,62,58,66,112,67,73,66,67,98,100,105
[ 29.166290] wil6210-aoa$0,1606461628.740846,04:d6:aa:c1:38:97,2,1,1,0,128,341,989,327,607,435,812,898,323,998,248,870,82,785,1006,153,377,892,1003,489,940,692,21,724,19,84,290,977,249,261,962,991,586,79,126,120,126,99,92,72,52,119,113,86,42,76,72,129,78,89,77,72,67,47,54,52,58,108,61,68,59,61,94,84,95
[ 29.196200] wil6210-aoa$0,1606461628.770751,04:d6:aa:c1:38:97,2,1,1,0,128,422,50,876,878,999,1021,400,455,31,255,937,117,724,957,196,425,947,7,499,939,728,44,768,24,74,262,996,241,218,923,198,928,74,118,113,123,93,88,69,50,108,108,83,44,74,71,127,75,86,74,70,64,47,57,52,58,104,61,67,55,60,94,83,92
[ 29.228711] wil6210-aoa$0,1606461628.803268,04:d6:aa:c1:38:97,2,1,1,0,128,340,1013,285,598,486,863,400,507,69,277,898,146,755,971,167,376,865,938,984,740,127,839,735,15,56,262,992,206,311,964,258,3,74,111,111,117,91,88,71,52,112,110,87,47,76,73,129,78,91,73,73,68,51,62,58,64,108,67,71,64,66,98,96,103
[ 29.253811] wil6210-aoa$0,1606461628.828367,04:d6:aa:c1:38:97,2,1,1,0,128,318,29,843,804,942,965,406,440,488,88,921,99,736,951,105,384,958,20,546,964,742,62,779,50,30,238,948,200,741,753,190,963,76,117,111,117,92,95,73,51,112,112,88,49,79,75,130,81,92,75,74,71,49,62,58,66,107,70,74,67,68,99,102,109
[ 29.279703] wil6210-aoa$0,1606461628.854261,04:d6:aa:c1:38:97,2,1,1,0,128,329,983,859,822,940,35,395,502,8,261,981,223,742,1000,154,403,949,990,445,911,101,820,161,825,536,29,417,1018,755,754,886,662,73,119,113,121,94,91,72,49,110,109,86,47,76,74,130,80,88,75,74,69,47,60,55,63,107,68,70,62,65,99,98,107
[ 29.306703] wil6210-aoa$0,1606461628.881258,04:d6:aa:c1:38:97,2,1,1,0,128,846,857,878,821,1022,31,430,514,17,253,922,151,730,951,660,245,899,6,482,921,125,857,738,61,41,239,375,985,285,942,210,996,75,118,113,121,91,90,70,51,110,111,87,46,77,74,129,79,88,73,72,70,47,60,56,63,106,65,67,63,66,94,94,101
[ 29.335137] wil6210-aoa$0,1606461628.909685,04:d6:aa:c1:38:97,2,1,1,0,128,334,1002,852,817,944,962,855,295,469,37,937,113,810,1009,160,384,974,32,418,923,688,24,714,6,13,206,937,142,189,897,532,234,78,124,120,125,97,89,72,53,117,113,90,46,79,77,135,82,92,77,75,70,50,59,57,63,111,69,71,63,66,103,99,107
[ 29.366979] wil6210-aoa$0,1606461628.941528,04:d6:aa:c1:38:97,2,1,1,0,128,331,1011,871,847,1000,1017,409,472,13,221,954,152,816,1003,216,371,936,978,439,890,637,998,761,63,1002,201,1020,217,226,920,540,322,74,118,113,120,92,89,71,50,111,107,83,45,76,74,129,78,88,75,72,66,47,57,53,58,103,64,67,57,61,93,84,96
[ 29.397047] wil6210-aoa$0,1606461628.971603,04:d6:aa:c1:38:97,2,1,1,0,128,372,1016,911,821,931,990,455,496,29,249,927,108,781,949,123,325,950,3,447,915,684,26,739,9,30,247,959,200,279,970,679,333,80,127,121,130,98,95,71,52,120,118,87,42,77,73,130,80,89,77,73,67,49,55,51,61,107,61,67,60,58,87,84,93
[ 29.426652] wil6210-aoa$0,1606461629.001200,04:d6:aa:c1:38:97,2,1,1,0,128,837,836,854,788,1021,28,452,499,1013,182,914,133,718,983,176,403,976,44,466,895,665,22,761,40,522,74,449,41,235,960,336,104,79,126,120,126,96,94,76,54,121,117,89,46,80,76,137,79,90,78,76,69,49,60,56,61,109,65,71,60,62,95,87,97
[ 29.452067] wil6210-aoa$0,1606461629.026617,04:d6:aa:c1:38:97,2,1,1,0,128,301,1014,847,811,431,815,908,322,44,282,931,132,806,975,141,391,922,1010,903,692,158,851,268,894,7,181,464,36,299,974,108,882,77,117,115,122,96,94,73,52,114,110,87,47,78,73,134,79,91,75,75,69,48,59,56,62,107,65,70,63,65,97,96,104
[ 29.485297] wil6210-aoa$0,1606461629.059846,04:d6:aa:c1:38:97,2,1,1,0,128,334,994,920,852,963,966,925,330,14,278,863,113,756,978,153,403,959,25,474,920,693,48,735,1011,114,291,2,232,352,31,81,775,75,118,111,121,96,89,74,53,111,110,86,48,78,75,128,78,92,78,76,68,48,62,58,65,111,69,73,64,67,98,97,105
[ 29.511540] wil6210-aoa$0,1606461629.086094,04:d6:aa:c1:38:97,2,1,1,0,128,279,1008,933,836,1015,1022,446,518,25,271,929,160,716,974,147,390,933,1016,494,953,679,1023,736,37,1006,222,969,178,342,11,734,432,82,126,123,132,100,97,76,53,122,118,93,48,84,78,137,83,95,80,80,74,54,65,61,69,115,70,79,67,70,105,106,111
[ 29.543155] wil6210-aoa$0,1606461629.117712,04:d6:aa:c1:38:97,2,1,1,0,128,307,1014,287,615,459,841,874,297,514,60,881,120,263,766,620,184,394,809,474,935,135,837,205,869,36,236,979,218,305,992,896,646,76,114,111,120,92,93,73,54,112,108,87,49,76,70,131,79,90,75,72,70,48,60,55,63,109,70,70,64,64,98,95,102
[ 29.572242] wil6210-aoa$0,1606461629.146792,04:d6:aa:c1:38:97,2,1,1,0,128,339,27,876,841,952,1022,388,419,567,109,941,121,719,939,550,116,997,51,952,744,100,824,756,9,80,280,963,216,265,938,294,29,82,129,120,130,103,99,77,56,123,120,93,48,82,78,139,85,97,82,80,74,50,63,59,67,115,69,77,68,69,102,100,109
[ 29.598256] wil6210-aoa$0,1606461629.172781,04:d6:aa:c1:38:97,2,1,1,0,128,856,906,851,869,1018,20,413,490,70,300,982,167,774,985,201,464,954,6,462,944,726,31,721,16,39,265,985,194,262,908,835,495,76,125,119,130,97,90,75,55,117,118,90,45,76,75,130,79,88,79,74,68,47,56,56,62,107,62,71,61,61,93,92,98
[ 29.639526] wil6210-aoa$0,1606461629.214079,04:d6:aa:c1:38:97,2,1,1,0,128,366,1007,868,831,1019,1014,419,492,12,250,874,91,152,751,216,479,866,995,534,962,671,998,762,19,12,264,23,270,242,972,148,739,73,118,112,120,95,90,72,52,111,112,84,47,77,72,132,79,91,74,72,66,49,60,56,62,108,69,71,63,65,97,94,103
[ 29.668875] wil6210-aoa$0,1606461629.243429,04:d6:aa:c1:38:97,2,1,1,0,128,304,952,881,833,976,989,374,454,22,269,968,171,765,992,157,385,958,18,496,932,700,36,660,974,517,78,968,193,778,814,524,289,75,118,114,121,95,93,71,51,112,110,89,47,77,73,134,78,91,74,74,68,50,61,56,61,107,68,73,65,67,101,98,108
[ 29.698558] wil6210-aoa$0,1606461629.273110,04:d6:aa:c1:38:97,2,1,1,0,128,829,821,290,609,991,1,378,463,26,235,901,149,766,1015,122,384,960,38,429,912,634,1014,194,857,547,94,974,194,789,776,707,450,77,116,114,122,92,93,72,52,113,112,87,49,79,73,134,80,93,76,75,70,50,64,59,66,106,71,73,66,69,102,103,111
[ 29.731159] wil6210-aoa$0,1606461629.305710,04:d6:aa:c1:38:97,2,1,1,0,128,354,39,856,824,995,32,458,480,38,278,941,145,723,936,210,387,1003,11,442,868,648,963,188,826,522,47,431,1007,727,775,314,75,78,120,114,123,95,93,70,52,113,114,86,48,81,76,127,78,91,76,76,70,48,62,58,67,111,70,71,66,68,101,101,107
[ 29.763497] wil6210-aoa$0,1606461629.338046,04:d6:aa:c1:38:97,2,1,1,0,128,393,35,786,767,1000,998,450,493,10,216,922,95,763,978,199,408,914,1010,519,971,684,25,732,33,113,317,939,181,311,992,916,652,79,126,120,128,99,93,74,53,122,117,91,48,82,77,127,80,94,77,76,72,52,62,57,65,113,69,74,62,66,99,96,105
[ 29.796052] wil6210-aoa$0,1606461629.370603,04:d6:aa:c1:38:97,2,1,1,0,128,327,1007,871,844,1005,3,415,478,49,278,904,111,179,779,194,402,876,978,903,681,130,850,227,871,57,243,419,1019,355,1016,245,957,78,120,111,120,90,89,69,50,113,110,85,45,78,72,130,80,89,74,74,67,48,60,56,62,106,64,72,63,64,95,95,103
[ 29.828688] wil6210-aoa$0,1606461629.403239,04:d6:aa:c1:38:97,2,1,1,0,128,372,38,850,821,19,1023,355,415,484,35,923,86,694,963,622,163,358,805,983,720,131,853,137,768,569,97,949,168,278,971,786,464,83,125,123,129,102,99,77,56,121,123,93,51,84,80,127,85,98,81,79,74,53,67,60,68,117,71,75,68,69,103,98,105
[ 29.861206] wil6210-aoa$0,1606461629.435757,04:d6:aa:c1:38:97,2,1,1,0,128,365,1007,898,821,967,977,345,427,457,36,310,926,219,774,704,250,956,16,432,921,691,13,735,12,32,250,988,205,269,962,1011,697,76,118,115,121,95,93,70,51,114,110,87,45,78,73,128,78,90,75,71,67,46,57,53,60,108,64,67,62,64,96,94,99
[ 29.892451] wil6210-aoa$0,1606461629.467008,04:d6:aa:c1:38:97,2,1,1,0,128,851,838,818,793,959,968,905,292,12,238,381,972,120,709,619,165,292,778,934,729,102,804,797,45,583,64,439,13,705,758,861,574,74,119,113,121,93,90,68,51,116,111,86,45,76,70,129,76,87,74,71,67,47,55,52,59,106,62,68,59,64,92,90,100
[ 29.920877] wil6210-aoa$0,1606461629.495427,04:d6:aa:c1:38:97,2,1,1,0,128,363,1001,951,844,998,1003,409,456,19,233,968,170,800,986,160,409,914,1021,939,729,61,804,198,833,518,55,962,218,273,995,1023,696,75,119,112,122,95,92,73,53,111,109,88,46,78,74,130,78,90,74,71,67,49,59,57,61,106,64,70,60,64,95,92,100
[ 29.953905] wil6210-aoa$0,1606461629.528460,04:d6:aa:c1:38:97,2,1,1,0,128,790,823,332,589,954,991,377,447,1021,233,997,138,221,781,679,181,956,11,443,880,59,734,217,825,554,75,1013,216,298,987,273,1011,75,118,115,123,90,90,72,53,111,107,87,45,77,73,128,77,88,74,72,66,49,59,56,62,108,65,68,60,63,95,94,103
[ 29.981347] wil6210-aoa$0,1606461629.555897,04:d6:aa:c1:38:97,2,1,1,0,128,283,986,864,832,374,767,905,269,467,29,375,967,210,781,662,230,926,1013,436,900,117,823,742,43,455,9,996,227,234,935,247,9,75,116,113,121,91,86,70,50,112,109,86,44,78,71,129,79,87,71,73,66,47,59,55,64,105,63,71,62,62,97,94,102
[ 30.013784] wil6210-aoa$0,1606461629.588334,04:d6:aa:c1:38:97,2,1,1,0,128,785,818,920,844,425,812,836,238,441,37,328,955,721,909,628,169,353,860,894,687,677,14,700,6,46,255,365,993,764,784,490,234,73,112,107,116,88,88,70,49,110,107,84,46,75,70,129,77,86,73,71,66,46,61,54,60,102,65,71,62,62,96,96,105
[ 30.040206] wil6210-aoa$0,1606461629.614729,04:d6:aa:c1:38:97,2,1,1,0,128,292,998,875,858,967,1011,454,501,1006,217,933,148,804,14,138,400,970,17,548,1001,664,1015,714,13,31,205,954,189,705,697,788,571,77,119,118,125,92,90,72,52,118,114,85,43,78,74,130,80,88,75,74,69,47,57,55,59,107,62,69,60,61,93,90,98
[ 30.075638] wil6210-aoa$0,1606461629.650192,04:d6:aa:c1:38:97,2,1,1,0,128,350,60,867,821,10,1,417,488,15,249,912,124,821,995,173,408,993,41,474,923,651,987,764,2,39,245,968,201,331,975,801,461,78,125,119,127,98,92,73,53,120,114,91,48,82,80,130,84,92,78,77,70,50,63,59,66,111,72,75,64,69,101,99,106
[ 30.106316] wil6210-aoa$0,1606461629.680870,04:d6:aa:c1:38:97,2,1,1,0,128,370,38,880,846,970,10,373,445,44,283,878,111,831,1014,196,390,949,2,468,932,713,1022,782,37,451,1013,423,1019,740,797,210,849,71,113,107,115,93,88,68,47,111,107,81,41,72,68,125,74,87,71,70,65,45,56,52,58,103,61,66,58,62,90,88,94
[ 30.135059] wil6210-aoa$0,1606461629.709609,04:d6:aa:c1:38:97,2,1,1,0,128,352,1014,925,873,986,997,475,515,1016,279,913,104,770,997,145,406,354,798,494,943,671,23,789,54,71,274,36,291,264,976,426,70,72,114,109,117,89,85,67,49,107,106,81,40,72,71,125,75,86,72,70,64,45,57,53,62,103,64,67,60,63,92,90,98
[ 30.166377] wil6210-aoa$0,1606461629.740930,04:d6:aa:c1:38:97,2,1,1,0,128,869,867,840,763,1009,1018,402,486,64,245,967,179,777,963,197,420,955,12,445,924,680,12,756,24,34,239,912,171,272,977,308,117,82,128,126,129,104,98,76,57,127,125,94,50,84,81,139,85,97,84,84,77,53,66,64,70,123,76,80,70,73,109,110,118
[ 30.195242] wil6210-aoa$0,1606461629.769793,04:d6:aa:c1:38:97,2,1,1,0,128,344,1022,854,844,8,49,355,464,1001,204,934,115,778,997,142,404,908,999,928,724,679,67,718,1015,537,69,947,236,252,935,906,590,77,119,116,123,94,89,73,52,115,112,89,47,80,75,134,79,93,76,74,70,49,60,57,62,109,69,73,64,68,99,95,104
[ 30.227052] wil6210-aoa$0,1606461629.801606,04:d6:aa:c1:38:97,2,1,1,0,128,302,987,287,591,479,827,384,474,21,258,953,178,779,969,183,400,939,992,468,911,661,10,700,24,61,256,1002,240,242,977,988,628,80,131,124,134,102,97,76,53,125,124,93,47,82,78,128,84,95,81,79,73,51,63,60,65,118,70,77,67,67,104,101,109
[ 30.256106] wil6210-aoa$0,1606461629.830658,04:d6:aa:c1:38:97,2,1,1,0,128,341,1021,844,780,458,812,406,507,17,238,900,101,788,990,203,368,920,1017,498,910,724,17,797,54,97,279,984,222,246,953,114,845,76,120,118,126,94,89,71,51,114,111,88,41,76,71,127,76,86,74,75,65,46,56,55,57,108,61,65,54,60,90,84,91
[ 30.289219] wil6210-aoa$0,1606461629.863768,04:d6:aa:c1:38:97,2,1,1,0,128,368,32,983,899,919,988,399,475,995,228,867,126,705,926,150,438,961,56,507,973,674,41,757,20,488,47,978,219,282,985,985,637,73,116,111,118,92,88,68,52,110,108,85,44,75,72,128,77,89,73,72,67,46,56,54,60,104,65,70,62,63,96,95,103
[ 30.319246] wil6210-aoa$0,1606461629.893800,04:d6:aa:c1:38:97,2,1,1,0,128,348,995,874,836,965,11,427,514,25,267,854,67,184,783,572,184,373,836,453,887,196,900,767,35,63,258,947,178,269,931,486,212,73,116,111,119,89,87,71,50,111,109,81,43,74,71,125,76,88,74,71,67,44,54,52,59,100,61,66,57,59,91,89,99
[ 30.349746] wil6210-aoa$0,1606461629.924299,04:d6:aa:c1:38:97,2,1,1,0,128,273,942,842,809,429,810,448,485,41,240,972,145,795,980,111,371,870,982,489,948,135,829,218,875,40,232,959,209,275,963,80,907,79,127,123,128,98,95,75,53,120,119,87,44,80,75,130,83,89,78,75,69,50,61,58,59,112,66,73,64,65,100,96,101
[ 30.375467] wil6210-aoa$0,1606461629.950021,04:d6:aa:c1:38:97,2,1,1,0,128,336,1001,880,829,1021,40,391,459,14,276,896,109,741,1007,105,403,926,11,393,866,686,30,757,24,3,253,917,192,323,989,860,605,75,120,118,125,93,87,69,51,117,108,87,41,76,72,126,78,86,73,72,65,47,55,53,59,104,61,69,58,60,92,88,96
[ 30.406060] wil6210-aoa$0,1606461629.980608,04:d6:aa:c1:38:97,2,1,1,0,128,367,18,886,827,982,991,884,287,1005,225,904,114,813,1008,147,411,945,16,432,903,737,23,788,41,47,280,957,177,333,1023,747,457,71,113,110,118,91,88,68,49,108,107,84,47,77,73,127,79,90,73,72,67,46,62,55,62,107,68,71,63,67,99,100,104
[ 30.432685] wil6210-aoa$0,1606461630.007239,04:d6:aa:c1:38:97,2,1,1,0,128,363,8,851,841,991,1013,391,485,526,77,923,123,787,997,169,456,900,1006,435,916,733,74,785,52,98,278,956,157,283,1009,116,915,82,129,123,130,101,96,77,55,127,122,94,46,82,77,127,81,94,81,76,71,50,62,56,64,112,66,74,63,65,100,94,104
[ 30.460773] wil6210-aoa$0,1606461630.035325,04:d6:aa:c1:38:97,2,1,1,0,128,298,986,864,821,973,1001,425,490,542,110,918,120,204,803,166,370,946,26,475,950,645,992,260,867,15,213,390,1021,719,726,703,455,70,120,115,123,90,86,68,51,110,113,85,42,76,70,128,75,86,76,70,66,47,56,51,56,103,61,64,56,57,89,80,91
[ 30.494550] wil6210-aoa$0,1606461630.069100,04:d6:aa:c1:38:97,2,1,1,0,128,793,820,361,606,412,824,863,296,995,179,931,136,209,762,614,160,361,800,911,693,107,809,169,814,470,1012,418,1017,746,792,794,648,76,120,115,123,96,91,71,52,113,113,89,48,81,76,135,81,93,75,74,69,50,60,58,63,109,69,71,65,64,99,96,103
[ 30.534208] wil6210-aoa$0,1606461630.108762,04:d6:aa:c1:38:97,2,1,1,0,128,302,990,857,802,434,785,922,313,1023,223,921,107,720,947,218,458,939,1012,933,707,135,805,760,1004,76,219,442,1021,294,961,512,344,75,121,116,122,93,90,72,52,115,115,86,44,75,72,130,80,88,77,74,69,48,56,54,61,110,66,73,62,63,94,92,99
[ 30.566218] wil6210-aoa$0,1606461630.140773,04:d6:aa:c1:38:97,2,1,1,0,128,839,820,894,831,994,3,457,519,7,240,914,109,704,974,616,193,389,834,938,713,702,31,685,944,72,260,919,188,262,997,180,939,71,108,105,116,86,87,71,51,108,105,84,46,75,70,124,75,89,70,71,65,46,59,55,62,103,68,69,60,64,97,95,104
[ 30.594715] wil6210-aoa$0,1606461630.169265,04:d6:aa:c1:38:97,2,1,1,0,128,829,806,921,824,391,794,875,243,490,81,944,123,220,806,164,361,377,804,970,701,657,1016,770,19,60,247,406,983,773,764,751,551,76,119,117,125,97,91,74,54,115,112,87,45,78,76,132,80,92,77,73,68,50,61,55,61,111,64,73,63,65,95,97,100
[ 30.626688] wil6210-aoa$0,1606461630.201243,04:d6:aa:c1:38:97,2,1,1,0,128,832,841,853,850,960,5,434,506,991,225,937,126,777,995,120,379,904,990,878,698,135,831,246,893,2,201,446,6,363,1018,424,56,76,121,116,123,95,91,72,53,112,111,87,45,77,74,132,81,90,75,73,69,50,57,55,63,109,67,68,61,63,95,89,97
[ 30.655149] wil6210-aoa$0,1606461630.229698,04:d6:aa:c1:38:97,2,1,1,0,128,341,6,781,744,1018,1014,397,472,66,286,869,76,775,950,192,438,919,9,501,916,626,12,209,869,30,239,976,192,746,767,460,186,80,119,115,124,95,93,73,52,114,115,89,46,78,76,132,78,90,77,74,67,49,60,57,63,110,67,74,65,67,99,97,107
[ 30.688288] wil6210-aoa$0,1606461630.262842,04:d6:aa:c1:38:97,2,1,1,0,128,272,981,902,851,940,977,340,395,489,41,349,953,205,783,121,353,966,25,423,863,151,821,660,1002,519,52,968,159,326,1003,88,679,75,115,108,118,95,90,69,51,111,109,86,46,78,74,131,79,88,72,73,69,48,61,56,62,107,68,71,64,64,99,98,104
[ 30.716010] wil6210-aoa$0,1606461630.290560,04:d6:aa:c1:38:97,2,1,1,0,128,338,7,905,847,978,1020,446,507,1022,197,368,968,220,788,621,212,983,11,479,907,647,1021,784,43,41,237,930,157,253,923,183,920,81,123,121,128,99,95,75,54,121,117,93,49,81,74,130,80,93,77,76,70,51,64,59,66,115,69,74,67,67,99,100,105
[ 30.750024] wil6210-aoa$0,1606461630.324578,04:d6:aa:c1:38:97,2,1,1,0,128,338,5,875,849,956,993,407,482,1021,205,969,160,740,953,118,360,916,1015,897,724,76,794,738,17,109,266,932,187,220,931,324,59,76,118,112,119,92,89,69,51,111,111,87,44,75,73,127,76,86,72,72,67,47,56,53,62,104,63,67,60,61,96,92,99
[ 30.776132] wil6210-aoa$0,1606461630.350688,04:d6:aa:c1:38:97,2,1,1,0,128,307,2,809,759,464,830,868,293,450,19,368,918,771,971,610,205,348,838,432,946,611,981,664,994,523,75,962,199,747,750,839,594,79,124,115,128,95,93,72,51,114,113,88,44,78,73,127,79,89,78,75,68,49,59,55,62,110,64,67,60,63,91,90,99
[ 30.806321] wil6210-aoa$0,1606461630.380872,04:d6:aa:c1:38:97,2,1,1,0,128,299,974,282,608,371,798,864,255,494,72,307,939,743,948,648,201,400,810,505,904,676,1019,712,1019,513,23,405,17,248,931,430,97,77,123,117,125,96,94,71,53,116,118,88,45,79,73,134,80,88,74,75,68,49,58,55,61,107,63,68,59,61,93,88,97
[ 30.840001] wil6210-aoa$0,1606461630.414551,04:d6:aa:c1:38:97,2,1,1,0,128,389,3,844,804,1002,998,919,328,999,244,911,154,756,975,166,423,963,1014,461,911,637,995,698,9,71,274,913,142,272,970,998,739,76,121,116,124,95,90,70,50,117,114,87,43,79,74,130,78,88,78,72,68,47,57,54,59,106,65,70,58,62,94,90,99
[ 30.873771] wil6210-aoa$0,1606461630.448321,04:d6:aa:c1:38:97,2,1,1,0,128,299,1013,850,835,441,846,839,281,459,20,928,134,748,975,641,184,381,820,996,759,619,994,781,25,5,208,983,181,227,924,156,810,81,127,123,133,101,97,76,56,121,119,91,48,83,76,130,84,96,80,78,72,52,62,59,65,117,70,76,66,67,103,100,108
[ 30.916069] wil6210-aoa$0,1606461630.490625,04:d6:aa:c1:38:97,2,1,1,0,128,346,1006,244,552,462,824,906,280,52,234,930,109,183,765,570,124,990,42,468,902,632,1004,719,11,103,272,1005,234,239,945,440,117,83,126,125,129,102,102,78,57,122,122,97,54,87,84,135,91,101,83,83,78,55,68,65,71,120,78,82,71,75,111,113,119
[ 30.950939] wil6210-aoa$0,1606461630.525492,04:d6:aa:c1:38:97,2,1,1,0,128,867,874,897,814,975,1018,445,500,79,288,1014,179,798,1002,97,365,897,1002,483,930,713,12,757,11,59,242,976,186,333,987,9,704,82,131,123,137,102,101,80,56,124,122,96,53,88,82,128,88,96,81,81,74,54,69,64,71,122,76,81,72,75,112,114,117
[ 30.984950] wil6210-aoa$0,1606461630.559500,04:d6:aa:c1:38:97,2,1,1,0,128,350,1001,872,833,972,1019,395,465,446,70,876,127,783,973,113,352,967,3,431,920,667,992,767,11,543,48,26,261,284,1011,22,737,77,119,118,124,96,95,74,54,115,115,91,50,82,79,138,85,95,77,78,71,52,64,61,66,111,72,76,69,70,104,103,110
[ 31.018950] wil6210-aoa$0,1606461630.593500,04:d6:aa:c1:38:97,2,1,1,0,128,389,26,842,811,978,11,451,543,64,260,938,153,788,1013,221,426,896,981,447,912,691,33,725,16,141,318,962,196,248,915,809,472,76,127,119,128,94,88,71,51,116,110,84,37,74,72,125,74,83,75,70,62,46,50,50,52,101,51,64,51,51,82,72,81
[ 31.053068] wil6210-aoa$0,1606461630.627618,04:d6:aa:c1:38:97,2,1,1,0,128,813,837,830,810,990,1012,886,348,42,269,886,68,209,760,603,163,934,1008,488,897,672,36,798,60,66,255,409,999,749,743,890,656,77,119,114,125,93,91,73,53,111,111,86,47,79,75,134,78,91,77,73,67,48,59,54,61,106,67,70,61,63,96,94,101
[ 31.086824] wil6210-aoa$0,1606461630.661375,04:d6:aa:c1:38:97,2,1,1,0,128,349,27,930,909,971,7,411,487,1007,237,968,162,775,1015,191,425,980,19,504,962,723,58,680,993,523,69,1017,218,251,959,987,690,79,122,120,127,97,94,73,54,118,116,89,49,81,76,135,82,93,80,75,69,49,61,58,64,111,68,73,66,66,100,97,106
[ 31.120877] wil6210-aoa$0,1606461630.695430,04:d6:aa:c1:38:97,2,1,1,0,128,315,999,917,868,990,990,371,467,56,276,987,208,834,1005,109,373,925,1001,481,917,726,36,750,45,22,236,963,189,289,960,42,861,78,123,116,127,95,93,72,54,118,116,87,42,76,73,130,78,90,75,74,67,47,54,53,59,106,62,68,60,62,88,85,96
[ 31.147344] wil6210-aoa$0,1606461630.721899,04:d6:aa:c1:38:97,2,1,1,0,128,303,27,780,772,973,997,533,550,1017,237,958,154,794,1010,103,422,928,20,488,971,662,17,754,51,60,278,995,233,266,953,760,479,78,122,117,130,97,94,75,56,117,115,92,48,81,77,136,82,93,78,79,71,51,64,59,66,112,70,75,64,67,100,102,110
[ 31.179466] wil6210-aoa$0,1606461630.754020,04:d6:aa:c1:38:97,2,1,1,0,128,337,14,902,825,397,745,906,300,993,215,323,948,804,1014,131,403,936,5,497,902,653,17,729,20,1,209,978,193,261,928,258,28,74,116,110,117,90,94,70,51,109,109,87,49,78,74,127,78,87,73,72,67,49,63,55,65,108,70,71,63,67,98,98,106
[ 31.205516] wil6210-aoa$0,1606461630.780070,04:d6:aa:c1:38:97,2,1,1,0,128,794,814,320,620,1016,1016,415,476,1015,254,886,139,800,11,97,346,951,3,950,705,176,827,745,1006,56,205,447,15,733,741,1013,858,73,113,106,117,90,85,69,49,108,107,85,43,72,70,128,75,86,71,70,63,46,58,52,56,102,60,64,55,61,90,86,94
[ 31.235646] wil6210-aoa$0,1606461630.810195,04:d6:aa:c1:38:97,2,1,1,0,128,345,1002,333,650,3,13,375,442,26,233,931,112,753,990,185,438,951,9,460,891,635,1008,184,841,517,67,988,174,283,925,578,288,82,128,127,137,104,96,78,56,125,124,96,49,86,81,138,85,98,83,79,73,53,64,59,66,117,71,79,67,69,104,103,112
[ 31.269866] wil6210-aoa$0,1606461630.844418,04:d6:aa:c1:38:97,2,1,1,0,128,369,0,819,777,998,1012,472,529,1017,249,921,131,748,941,190,418,920,989,502,951,718,52,737,8,33,260,996,171,271,989,300,937,72,109,107,117,86,87,70,50,108,106,83,46,74,70,124,75,86,73,70,66,47,57,55,61,105,66,67,60,62,94,95,104
[ 31.304338] wil6210-aoa$0,1606461630.878890,04:d6:aa:c1:38:97,2,1,1,0,128,269,964,260,597,431,825,913,339,455,48,358,954,774,966,664,204,944,1013,473,925,667,0,715,977,68,241,1008,248,261,965,184,870,81,128,121,132,101,98,77,56,125,123,95,49,85,80,142,86,98,81,80,76,51,66,60,68,120,75,77,67,71,107,105,113
[ 31.332996] wil6210-aoa$0,1606461630.907547,04:d6:aa:c1:38:97,2,1,1,0,128,351,11,844,811,437,802,851,255,486,67,363,964,790,7,161,416,891,992,965,708,132,822,790,21,512,36,21,214,259,954,53,855,81,129,124,129,99,99,77,54,124,122,94,49,85,80,127,87,96,80,77,71,50,62,58,65,114,71,74,67,67,103,99,108
[ 31.366548] wil6210-aoa$0,1606461630.941098,04:d6:aa:c1:38:97,2,1,1,0,128,831,858,838,793,934,966,908,309,56,284,937,133,790,1006,212,436,973,17,500,935,702,25,692,993,36,264,985,214,290,959,90,788,80,127,123,131,99,95,72,53,121,119,89,46,82,78,137,84,93,80,75,72,51,60,56,64,113,64,73,59,65,98,94,101
[ 31.398077] wil6210-aoa$0,1606461630.972633,04:d6:aa:c1:38:97,2,1,1,0,128,348,1000,776,819,989,7,324,422,17,264,928,130,804,8,94,420,897,27,487,970,700,11,747,1015,82,232,13,231,246,938,868,578,82,128,125,133,97,95,76,55,124,121,91,46,80,76,137,83,93,78,79,74,48,60,59,66,115,67,73,64,66,100,95,103
[ 31.429417] wil6210-aoa$0,1606461631.003974,04:d6:aa:c1:38:97,2,1,1,0,128,375,19,857,778,933,962,407,490,40,280,915,142,739,1004,165,373,911,975,458,910,712,27,250,893,521,113,959,208,261,936,428,125,72,115,112,123,91,84,67,50,111,108,79,41,72,68,124,73,81,73,69,62,44,50,48,53,100,57,60,53,55,86,73,84
[ 31.455945] wil6210-aoa$0,1606461631.030502,04:d6:aa:c1:38:97,2,1,1,0,128,346,8,848,861,914,953,836,235,5,223,938,122,761,952,191,387,933,1010,471,893,686,2,179,824,96,270,959,173,290,972,916,601,80,128,119,132,102,99,75,55,125,123,95,49,84,79,132,86,102,84,81,75,53,67,62,68,117,70,78,68,71,107,104,112
[ 31.486193] wil6210-aoa$0,1606461631.060742,04:d6:aa:c1:38:97,2,1,1,0,128,314,997,859,829,997,986,414,518,1001,249,868,112,771,969,126,403,891,10,458,928,666,989,731,14,494,35,388,12,287,981,887,659,74,120,113,123,96,92,72,54,113,115,88,48,79,73,137,82,91,78,78,71,50,64,58,64,112,71,75,68,70,103,103,110
[ 31.521205] wil6210-aoa$0,1606461631.095755,04:d6:aa:c1:38:97,2,1,1,0,128,330,7,839,789,1009,1007,421,497,1007,214,930,128,766,977,140,397,944,25,409,902,673,20,733,38,77,297,1021,276,281,971,1009,799,81,124,119,128,98,95,75,55,117,114,90,50,83,78,137,83,96,79,79,71,53,65,59,66,111,71,75,68,71,104,106,113
[ 31.556108] wil6210-aoa$0,1606461631.130657,04:d6:aa:c1:38:97,2,1,1,0,128,260,956,881,819,949,1000,404,492,54,254,895,81,783,997,118,394,891,1001,453,911,690,21,724,18,18,260,946,199,235,979,857,513,72,116,110,118,90,87,67,49,109,106,84,41,74,69,126,73,85,73,69,64,44,56,51,57,97,61,65,60,60,88,88,93
[ 31.586303] wil6210-aoa$0,1606461631.160853,04:d6:aa:c1:38:97,2,1,1,0,128,782,787,342,629,7,28,398,446,517,90,914,100,250,827,598,193,376,838,401,896,127,845,160,841,516,47,930,172,201,901,421,215,75,113,109,117,90,91,70,52,111,109,85,48,76,71,130,80,91,74,73,67,48,62,58,64,105,69,72,64,66,100,102,107
[ 31.620779] wil6210-aoa$0,1606461631.195330,04:d6:aa:c1:38:97,2,1,1,0,128,356,1002,862,843,410,794,845,274,40,253,925,104,843,1011,148,360,927,8,464,930,696,1011,776,16,15,223,963,189,275,957,460,183,78,123,116,127,95,93,75,50,117,114,89,49,80,75,127,82,95,76,77,72,51,65,59,66,114,70,75,67,71,105,100,107
[ 31.651930] wil6210-aoa$0,1606461631.226487,04:d6:aa:c1:38:97,2,1,1,0,128,847,843,807,803,441,853,400,493,423,24,989,157,730,974,172,387,958,11,979,744,622,990,727,9,526,27,410,1011,742,781,634,365,80,128,123,127,96,94,70,51,119,115,86,41,78,74,131,75,82,76,72,62,43,52,48,53,103,58,62,55,57,83,77,87
[ 31.678858] wil6210-aoa$0,1606461631.253415,04:d6:aa:c1:38:97,2,1,1,0,128,355,1020,305,597,985,993,921,310,1007,228,911,120,745,958,210,392,945,14,958,751,634,13,719,1010,13,230,1,239,265,962,241,997,80,125,125,133,99,96,76,53,122,119,88,46,78,76,134,81,90,78,73,68,48,57,53,60,111,60,67,60,60,94,86,97
[ 31.712054] wil6210-aoa$0,1606461631.286611,04:d6:aa:c1:38:97,2,1,1,0,128,351,4,914,887,971,985,359,503,17,214,942,128,834,1001,209,409,957,982,490,933,670,27,722,7,71,266,26,268,284,948,224,956,71,112,105,113,86,85,68,50,106,108,86,46,72,70,128,76,86,72,72,65,47,57,56,59,104,64,68,62,62,93,92,97
[ 31.738796] wil6210-aoa$0,1606461631.313353,04:d6:aa:c1:38:97,2,1,1,0,128,333,23,864,839,994,996,392,479,49,267,933,175,735,976,147,372,990,37,526,963,702,58,745,45,65,283,997,224,290,987,531,172,72,117,113,121,92,85,70,50,113,110,85,41,74,70,126,75,85,72,69,66,43,51,50,57,101,57,64,54,54,84,78,89
[ 31.771536] wil6210-aoa$0,1606461631.346085,04:d6:aa:c1:38:97,2,1,1,0,128,333,9,915,855,955,1001,379,463,997,211,863,78,196,761,663,254,914,1016,983,775,648,18,713,70,21,234,1010,198,257,990,30,787,80,128,121,127,100,96,74,52,123,121,92,49,83,81,135,83,94,80,78,72,51,63,59,65,114,67,72,64,65,100,96,106
[ 31.806122] wil6210-aoa$0,1606461631.380672,04:d6:aa:c1:38:97,2,1,1,0,128,365,30,842,810,1006,1003,379,454,19,260,878,102,183,754,183,427,951,1004,488,893,135,818,758,20,14,225,938,167,227,949,303,4,76,118,114,122,94,89,69,50,115,111,83,42,74,73,129,76,88,75,71,67,46,55,53,56,103,62,67,57,58,90,85,94
[ 31.838118] wil6210-aoa$0,1606461631.412672,04:d6:aa:c1:38:97,2,1,1,0,128,349,1012,852,825,421,814,405,479,463,32,1006,159,747,942,211,439,900,947,460,894,661,19,767,30,1006,217,967,155,240,972,534,254,78,127,121,131,98,92,75,55,120,118,93,48,81,76,141,84,95,81,77,71,52,66,59,66,118,73,77,66,69,107,104,111
[ 31.870679] wil6210-aoa$0,1606461631.445235,04:d6:aa:c1:38:97,2,1,1,0,128,831,857,853,822,473,812,430,467,7,218,876,107,230,800,119,368,946,1020,470,898,163,860,765,1013,57,237,969,140,735,752,664,359,79,127,122,129,101,97,77,56,120,115,91,47,83,76,143,82,93,80,77,70,51,62,58,65,114,67,75,65,68,106,94,105
[ 31.901051] wil6210-aoa$0,1606461631.475600,04:d6:aa:c1:38:97,2,1,1,0,128,384,1022,831,792,978,1004,391,458,0,249,867,82,791,1002,139,451,877,966,949,713,178,875,718,19,28,190,464,6,274,974,267,14,82,127,128,127,103,100,78,57,124,121,96,50,85,79,140,88,98,83,79,75,54,67,62,69,119,74,76,68,72,108,100,113
[ 31.936094] wil6210-aoa$0,1606461631.510651,04:d6:aa:c1:38:97,2,1,1,0,128,315,999,859,801,920,973,926,329,3,230,875,88,767,974,133,336,913,1000,1015,740,699,33,747,1006,537,17,31,244,271,923,41,752,82,131,128,134,101,99,72,55,123,120,93,47,80,79,127,83,94,79,77,69,50,57,56,63,110,63,73,62,63,95,94,102
[ 31.966082] wil6210-aoa$0,1606461631.540632,04:d6:aa:c1:38:97,2,1,1,0,128,334,30,866,861,947,8,834,261,485,73,426,1017,241,811,672,252,923,1002,476,914,687,1016,145,794,561,15,435,22,771,756,138,866,69,114,108,118,87,87,69,51,105,105,82,43,72,70,126,75,87,70,69,65,45,55,54,59,101,61,67,59,60,91,89,96
[ 32.000999] wil6210-aoa$0,1606461631.575548,04:d6:aa:c1:38:97,2,1,1,0,128,355,1014,923,843,993,987,429,496,1010,237,942,131,759,974,194,385,893,1003,446,921,125,836,753,34,54,255,10,218,242,962,413,158,73,115,111,119,90,88,69,51,111,106,85,43,74,71,127,74,85,72,73,65,45,56,54,60,105,62,67,60,60,93,87,95
[ 32.036199] wil6210-aoa$0,1606461631.610749,04:d6:aa:c1:38:97,2,1,1,0,128,832,828,325,634,398,788,476,520,958,178,929,138,792,1002,177,404,909,5,507,942,632,988,219,880,480,36,989,215,285,974,353,89,75,120,118,125,92,89,71,51,115,112,86,44,77,73,129,78,88,78,71,66,48,56,52,57,105,61,66,58,61,90,85,94
[ 32.071505] wil6210-aoa$0,1606461631.646057,04:d6:aa:c1:38:97,2,1,1,0,128,809,855,290,587,440,827,890,268,54,239,313,892,207,793,579,163,407,884,878,662,120,823,141,826,582,79,934,188,225,930,544,324,81,125,123,128,101,95,74,55,122,117,93,46,81,76,135,81,91,77,76,70,51,59,54,61,112,62,71,61,66,96,89,99
[ 32.105892] wil6210-aoa$0,1606461631.680447,04:d6:aa:c1:38:97,2,1,1,0,128,835,808,872,825,1000,1009,344,436,504,34,928,101,790,999,81,378,851,977,482,897,141,835,773,16,72,283,977,192,286,981,906,646,83,127,125,131,103,99,78,56,125,121,94,48,85,78,145,85,98,82,81,73,51,65,60,70,118,73,77,68,70,108,103,113
[ 32.137151] wil6210-aoa$0,1606461631.711701,04:d6:aa:c1:38:97,2,1,1,0,128,810,831,843,820,974,1002,892,318,422,1016,364,968,224,826,633,194,349,823,542,980,655,1018,842,97,42,303,984,191,277,998,40,836,82,128,121,130,102,98,77,56,125,120,94,51,82,80,128,85,100,82,81,74,51,65,59,68,118,69,76,67,69,102,103,114
[ 32.171187] wil6210-aoa$0,1606461631.745741,04:d6:aa:c1:38:97,2,1,1,0,128,353,3,900,889,987,0,393,475,21,251,905,104,719,980,143,394,976,9,547,943,678,1013,785,82,24,246,898,150,236,956,341,70,81,128,121,132,101,95,76,54,123,118,94,48,80,77,133,83,94,82,79,70,49,63,59,62,113,66,76,61,66,100,98,106
[ 32.201319] wil6210-aoa$0,1606461631.775867,04:d6:aa:c1:38:97,2,1,1,0,128,343,1022,839,801,981,996,440,515,37,246,963,150,775,992,247,463,958,1,486,903,695,10,814,50,11,209,949,183,255,922,308,56,77,124,121,130,97,94,71,51,119,116,92,43,79,76,134,79,91,77,77,66,48,59,56,60,112,64,70,62,64,97,97,99
[ 32.234502] wil6210-aoa$0,1606461631.809056,04:d6:aa:c1:38:97,2,1,1,0,128,797,811,900,836,946,968,418,495,1017,209,891,94,121,718,641,212,381,861,489,898,686,1016,776,36,42,243,934,195,247,958,244,965,76,117,113,122,95,89,71,50,112,110,85,44,78,70,128,78,89,76,71,66,46,56,54,59,106,63,67,62,62,94,89,102
[ 32.266527] wil6210-aoa$0,1606461631.841077,04:d6:aa:c1:38:97,2,1,1,0,128,363,19,844,791,1019,4,388,507,1002,214,952,154,738,972,188,461,914,1002,492,946,636,1009,754,6,533,81,1008,225,276,981,356,124,83,131,123,127,100,96,78,55,125,121,94,47,82,80,142,86,96,82,79,73,53,65,60,66,118,72,79,66,71,109,102,114
[ 32.302294] wil6210-aoa$0,1606461631.876844,04:d6:aa:c1:38:97,2,1,1,0,128,316,1002,860,831,951,982,393,474,24,276,999,176,838,16,58,340,977,42,495,972,675,26,730,28,15,221,433,59,251,953,413,179,80,129,121,131,100,96,72,52,124,121,90,44,80,78,136,79,91,78,78,69,49,58,56,63,111,65,74,62,64,94,93,101
[ 32.336522] wil6210-aoa$0,1606461631.911076,04:d6:aa:c1:38:97,2,1,1,0,128,346,1021,873,867,943,1014,901,295,38,242,341,948,781,991,668,238,935,998,469,877,66,790,267,871,75,221,1019,208,233,929,292,996,78,123,115,124,98,90,71,54,114,113,86,42,79,72,131,80,89,76,77,71,49,59,56,63,111,66,70,63,65,98,92,101
[ 32.367254] wil6210-aoa$0,1606461631.941804,04:d6:aa:c1:38:97,2,1,1,0,128,358,1005,842,832,7,5,384,407,29,206,908,92,817,997,671,240,910,1004,516,910,693,0,778,72,44,264,976,207,224,935,120,901,79,125,118,129,98,94,73,53,119,116,91,48,83,77,127,83,93,78,78,71,51,63,57,65,112,70,74,66,70,100,101,109
[ 32.395858] wil6210-aoa$0,1606461631.970414,04:d6:aa:c1:38:97,2,1,1,0,128,340,997,901,833,956,988,438,506,35,246,970,167,692,928,689,207,869,943,489,908,697,1023,795,45,42,244,936,183,181,896,413,147,80,122,119,125,98,95,75,53,118,118,92,49,83,76,139,81,94,79,80,72,52,64,60,66,114,70,76,67,69,103,103,111
[ 32.428677] wil6210-aoa$0,1606461632.003233,04:d6:aa:c1:38:97,2,1,1,0,128,351,1023,905,864,927,953,472,527,1001,229,914,118,801,11,110,375,938,49,533,996,633,27,760,63,45,258,1003,217,330,1021,54,733,71,114,105,114,86,86,68,48,104,107,83,45,71,67,126,75,83,70,69,64,45,57,52,57,103,63,67,60,61,92,91,98
[ 32.461398] wil6210-aoa$0,1606461632.035953,04:d6:aa:c1:38:97,2,1,1,0,128,358,4,839,807,412,784,880,322,1023,256,953,159,700,956,162,404,896,965,899,692,113,832,765,31,30,253,369,982,748,751,1019,769,82,127,123,134,101,100,78,55,122,121,91,48,82,77,140,82,96,83,81,71,51,61,59,66,117,70,74,67,69,100,100,107
[ 32.492196] wil6210-aoa$0,1606461632.066747,04:d6:aa:c1:38:97,2,1,1,0,128,777,820,320,634,482,851,907,277,484,67,356,939,200,783,711,220,987,9,471,870,690,0,752,1015,34,215,423,1013,796,824,879,685,79,128,122,130,101,98,78,56,122,122,94,51,83,78,138,85,100,80,79,73,52,67,60,69,118,71,78,70,72,109,104,113
[ 32.526770] wil6210-aoa$0,1606461632.101323,04:d6:aa:c1:38:97,2,1,1,0,128,837,829,378,650,933,974,361,438,516,78,938,131,770,995,155,424,880,987,879,650,110,816,811,20,521,58,932,178,302,967,806,530,74,120,116,125,93,87,68,50,114,110,86,44,76,70,128,78,88,74,70,66,47,58,54,59,106,64,70,59,61,92,90,96
[ 32.558147] wil6210-aoa$0,1606461632.132695,04:d6:aa:c1:38:97,2,1,1,0,128,341,988,911,844,981,1014,329,448,42,308,895,141,781,992,180,392,966,18,423,894,659,1021,745,4,43,227,934,139,228,962,700,467,79,129,121,132,99,93,70,52,122,118,88,44,80,75,131,80,90,77,70,66,48,55,52,57,109,61,65,56,59,91,83,91
[ 32.585768] wil6210-aoa$0,1606461632.160323,04:d6:aa:c1:38:97,2,1,1,0,128,318,990,873,819,992,1006,432,506,3,205,957,137,723,932,196,414,953,1018,466,932,621,986,225,841,549,74,444,1010,329,1023,110,846,75,118,114,122,94,92,73,52,115,111,86,46,78,73,132,80,88,77,74,68,50,58,55,62,108,64,69,62,60,97,91,102
[ 32.616647] wil6210-aoa$0,1606461632.191199,04:d6:aa:c1:38:97,2,1,1,0,128,296,1017,851,817,383,787,887,272,529,67,958,132,181,761,660,218,968,34,478,920,696,1013,719,7,37,234,1001,214,276,963,958,752,80,124,122,129,98,94,72,54,122,115,87,43,80,76,136,80,89,77,75,70,50,57,54,61,110,64,70,62,64,95,90,100
[ 32.652313] wil6210-aoa$0,1606461632.226863,04:d6:aa:c1:38:97,2,1,1,0,128,819,810,284,627,466,819,876,269,39,250,985,133,749,957,195,426,935,998,532,990,639,1009,708,28,74,311,944,192,305,968,574,315,77,127,118,131,96,90,70,53,117,115,84,38,72,70,124,72,84,75,69,65,45,51,49,54,105,58,64,56,58,90,77,89
[ 32.688133] wil6210-aoa$0,1606461632.262687,04:d6:aa:c1:38:97,2,1,1,0,128,364,15,857,807,1011,1000,461,510,9,313,880,134,769,981,167,399,973,38,485,963,660,985,722,24,96,273,965,206,249,944,618,318,83,127,122,127,101,99,78,58,124,126,92,51,86,80,128,87,98,82,80,73,52,65,61,67,116,73,80,69,69,104,103,110
[ 32.718796] wil6210-aoa$0,1606461632.293348,04:d6:aa:c1:38:97,2,1,1,0,128,379,29,917,859,962,1023,467,510,19,212,975,172,744,962,236,465,930,3,470,941,657,4,767,49,78,272,4,198,352,5,3,667,76,118,116,124,94,88,71,50,114,110,86,41,74,72,128,74,85,75,72,61,46,53,52,56,102,58,65,56,58,88,83,94
[ 32.752499] wil6210-aoa$0,1606461632.327054,04:d6:aa:c1:38:97,2,1,1,0,128,336,1019,892,840,1023,1017,391,456,73,261,903,89,778,999,159,393,912,1,446,897,725,57,759,17,63,253,975,190,211,916,30,789,78,122,118,128,98,93,74,56,116,114,91,47,82,77,134,84,92,79,76,70,49,64,59,65,111,70,75,66,66,101,101,107
[ 32.783645] wil6210-aoa$0,1606461632.358196,04:d6:aa:c1:38:97,2,1,1,0,128,347,1005,860,791,1008,1015,457,499,997,236,937,144,693,964,208,428,983,0,500,937,662,1004,247,864,1020,198,8,213,314,1009,1014,643,73,114,108,115,89,89,70,51,110,107,87,49,76,71,129,76,88,71,72,67,48,61,56,62,104,69,71,64,66,98,97,104
[ 32.820244] wil6210-aoa$0,1606461632.394797,04:d6:aa:c1:38:97,2,1,1,0,128,842,815,356,648,458,834,420,500,57,213,947,106,215,783,620,216,406,852,472,932,723,6,708,5,34,189,403,1016,295,957,192,875,79,124,119,129,97,95,74,54,117,115,88,50,82,78,128,82,95,77,76,72,51,62,59,67,113,71,74,67,68,103,104,110
[ 32.854532] wil6210-aoa$0,1606461632.429087,04:d6:aa:c1:38:97,2,1,1,0,128,802,813,344,617,11,37,423,549,21,257,922,122,727,959,163,414,928,1001,910,687,133,861,706,1011,536,77,954,185,745,785,794,481,83,128,122,134,103,100,79,56,125,123,98,51,85,82,141,89,99,83,82,76,54,69,63,70,119,75,79,71,72,109,108,118
[ 32.886911] wil6210-aoa$0,1606461632.461462,04:d6:aa:c1:38:97,2,1,1,0,128,834,832,894,801,956,996,399,473,36,280,917,163,746,946,163,419,972,12,435,911,663,10,795,65,0,234,411,1021,300,981,738,500,81,124,120,129,102,100,80,56,123,123,94,52,83,82,134,85,101,82,80,75,52,68,62,71,117,77,79,71,74,111,109,119
[ 32.915431] wil6210-aoa$0,1606461632.489986,04:d6:aa:c1:38:97,2,1,1,0,128,326,996,934,825,413,796,849,235,0,181,360,954,730,949,171,408,872,999,403,860,196,910,745,44,23,223,979,198,289,999,75,781,78,123,124,132,98,91,73,53,117,115,89,42,78,73,134,78,86,76,72,66,49,55,52,58,109,60,65,57,61,90,84,92
[ 32.942794] wil6210-aoa$0,1606461632.517348,04:d6:aa:c1:38:97,2,1,1,0,128,351,1019,887,834,1019,1018,403,445,11,210,362,920,288,813,105,379,997,61,494,932,711,40,716,1013,56,274,949,245,257,970,935,611,81,128,123,132,101,96,75,53,122,122,91,45,81,77,137,83,92,82,77,71,48,61,57,61,114,68,73,64,65,100,96,107
[ 32.976708] wil6210-aoa$0,1606461632.551263,04:d6:aa:c1:38:97,2,1,1,0,128,315,1009,848,811,36,17,382,484,23,218,386,954,207,771,594,225,347,811,909,690,143,855,753,1023,561,23,389,1001,275,975,1004,659,84,129,125,134,101,100,79,56,126,124,97,53,85,81,143,86,101,84,80,74,54,68,60,67,117,73,79,68,69,110,108,117
[ 33.009571] wil6210-aoa$0,1606461632.584121,04:d6:aa:c1:38:97,2,1,1,0,128,848,857,827,771,972,1014,414,514,13,284,352,928,865,4,186,447,937,27,483,911,732,25,763,39,92,286,998,188,295,999,569,308,83,127,120,129,97,98,76,55,123,119,95,51,85,82,130,86,97,81,80,72,54,66,63,69,116,74,76,67,71,108,110,116
[ 33.038389] wil6210-aoa$0,1606461632.612939,04:d6:aa:c1:38:97,2,1,1,0,128,382,27,857,818,956,990,790,242,17,255,911,157,756,1006,140,385,921,7,468,927,687,58,771,18,20,251,970,185,322,977,717,488,83,128,123,127,101,97,80,55,125,123,94,50,86,81,129,86,96,81,81,75,53,64,59,66,118,70,77,66,69,104,103,112
[ 33.075907] wil6210-aoa$0,1606461632.650462,04:d6:aa:c1:38:97,2,1,1,0,128,807,826,920,866,945,1017,861,268,58,317,944,159,795,982,187,452,902,989,537,979,705,23,789,49,96,250,985,206,305,962,248,977,81,128,121,127,101,98,76,57,122,123,92,50,83,77,131,86,98,81,78,75,53,66,61,67,117,70,76,67,71,107,101,112
[ 33.106724] wil6210-aoa$0,1606461632.681273,04:d6:aa:c1:38:97,2,1,1,0,128,314,987,905,885,1008,1018,479,528,91,313,939,131,789,1006,205,428,921,10,487,917,699,28,749,28,66,246,917,142,294,968,489,191,79,127,121,130,98,97,76,55,124,123,94,51,85,81,129,84,98,83,79,74,51,67,63,68,119,74,78,71,71,107,105,113
[ 33.142076] wil6210-aoa$0,1606461632.716631,04:d6:aa:c1:38:97,2,1,1,0,128,306,1013,843,791,941,959,874,278,470,56,340,968,234,780,594,186,394,861,464,942,714,56,714,1,565,59,984,234,306,1012,876,710,71,115,109,118,91,85,67,49,107,106,83,43,74,69,123,75,84,71,69,64,46,55,53,58,99,60,63,58,60,88,90,96
[ 33.170593] wil6210-aoa$0,1606461632.745148,04:d6:aa:c1:38:97,2,1,1,0,128,326,1021,876,831,28,29,400,486,999,243,947,141,761,991,135,397,977,60,441,913,650,5,767,29,71,308,947,162,271,960,70,824,84,130,124,129,104,100,79,57,127,123,96,50,85,82,132,87,101,83,82,76,54,64,60,68,119,72,79,68,70,106,103,113
[ 33.205023] wil6210-aoa$0,1606461632.779580,04:d6:aa:c1:38:97,2,1,1,0,128,850,848,818,805,450,817,416,475,41,252,887,115,764,26,114,376,976,24,468,930,723,29,737,44,975,197,992,238,304,978,335,51,79,120,118,125,93,89,72,51,115,112,87,42,77,71,131,78,87,75,72,67,46,56,52,60,107,61,67,57,60,92,86,94
[ 33.237203] wil6210-aoa$0,1606461632.811752,04:d6:aa:c1:38:97,2,1,1,0,128,284,983,906,878,967,0,408,458,518,56,369,960,221,809,634,201,1002,28,422,898,723,19,745,4,77,257,956,201,284,959,705,360,79,128,121,134,99,95,73,51,124,119,91,45,80,78,135,81,91,80,77,70,49,60,57,60,108,64,73,59,61,95,90,102
[ 33.265150] wil6210-aoa$0,1606461632.839704,04:d6:aa:c1:38:97,2,1,1,0,128,330,1007,831,781,425,808,798,283,58,295,909,133,796,980,149,406,938,10,472,895,661,1021,736,5,582,108,922,199,285,951,418,76,80,124,119,130,99,94,74,54,121,118,92,47,82,75,139,82,94,79,76,71,50,59,56,64,115,68,74,64,66,102,93,105
[ 33.296754] wil6210-aoa$0,1606461632.871303,04:d6:aa:c1:38:97,2,1,1,0,128,317,964,337,635,474,866,858,258,522,53,380,955,760,962,154,423,924,1011,479,886,115,850,223,862,53,212,1016,236,269,956,26,804,81,127,122,130,97,95,75,55,122,118,91,49,81,78,142,83,95,80,78,73,52,64,60,67,117,70,76,69,69,105,99,111
[ 33.331105] wil6210-aoa$0,1606461632.905659,04:d6:aa:c1:38:97,2,1,1,0,128,365,30,867,823,1002,13,466,491,16,254,4,184,745,979,183,409,953,1004,498,940,656,985,791,23,44,250,996,173,260,964,871,504,80,129,122,128,100,98,77,55,122,121,94,50,83,77,137,84,96,80,78,71,50,65,59,66,115,71,74,66,67,103,101,112
[ 33.364709] wil6210-aoa$0,1606461632.939263,04:d6:aa:c1:38:97,2,1,1,0,128,337,963,914,857,1011,26,430,494,1004,198,998,144,774,998,201,448,905,996,953,724,668,1008,148,772,563,80,967,218,245,991,723,488,81,129,122,132,100,96,73,53,121,121,92,48,83,80,129,84,92,82,77,71,53,63,58,66,115,68,72,63,66,101,99,105
[ 33.396619] wil6210-aoa$0,1606461632.971168,04:d6:aa:c1:38:97,2,1,1,0,128,336,16,905,831,945,989,399,506,1022,217,940,144,771,989,611,187,418,893,499,941,704,55,744,2,39,224,917,163,262,943,305,992,82,130,124,128,102,98,77,56,123,121,92,51,85,79,141,84,97,80,78,69,51,63,61,65,114,69,77,66,67,101,101,109
[ 33.426781] wil6210-aoa$0,1606461633.001337,04:d6:aa:c1:38:97,2,1,1,0,128,354,1007,894,826,963,1020,398,445,453,61,385,959,772,990,159,406,902,993,936,738,674,1011,784,19,48,269,391,1,711,771,890,668,84,127,121,133,103,102,79,55,125,122,95,51,85,82,143,86,99,83,81,75,52,69,63,69,117,75,79,72,73,109,108,119
[ 33.457744] wil6210-aoa$0,1606461633.032294,04:d6:aa:c1:38:97,2,1,1,0,128,857,860,336,588,479,818,857,208,528,72,339,918,187,745,195,440,877,975,440,890,693,11,705,1013,20,234,396,1023,719,766,250,56,74,115,114,123,94,89,72,52,115,111,86,45,76,72,129,78,90,75,72,66,48,59,55,61,109,65,70,64,63,93,94,100
[ 33.487461] wil6210-aoa$0,1606461633.062015,04:d6:aa:c1:38:97,2,1,1,0,128,288,1002,826,781,1014,10,404,503,20,240,933,146,237,806,610,155,409,815,489,930,671,995,698,1016,79,243,9,245,221,957,959,649,80,127,123,133,97,96,75,52,120,118,91,46,83,79,136,82,90,80,77,69,50,61,58,65,113,67,72,65,67,99,98,107
[ 33.524215] wil6210-aoa$0,1606461633.098765,04:d6:aa:c1:38:97,2,1,1,0,128,312,1003,879,778,957,966,445,505,1008,222,954,141,782,974,159,414,951,15,512,964,693,14,787,37,33,222,977,177,728,754,486,277,81,128,121,129,100,99,77,57,123,120,93,49,85,77,133,85,97,82,80,75,50,65,58,67,118,70,78,69,71,107,104,112
[ 33.554726] wil6210-aoa$0,1606461633.129275,04:d6:aa:c1:38:97,2,1,1,0,128,379,18,883,842,971,993,458,513,1,250,880,120,739,990,175,418,923,1021,430,924,693,68,722,1023,80,283,968,226,239,957,435,71,74,113,110,118,88,88,69,52,108,108,86,46,76,72,128,76,88,73,70,66,48,60,53,60,105,68,67,61,64,97,95,102
[ 33.591578] wil6210-aoa$0,1606461633.166129,04:d6:aa:c1:38:97,2,1,1,0,128,327,993,895,852,939,982,322,450,982,192,985,169,793,965,168,413,1006,38,479,959,693,12,751,58,45,267,941,189,277,943,401,113,74,115,105,115,90,89,70,50,109,107,84,47,78,72,128,75,84,70,73,64,47,59,56,61,104,67,71,62,63,95,97,105
[ 33.624447] wil6210-aoa$0,1606461633.199002,04:d6:aa:c1:38:97,2,1,1,0,128,331,999,918,881,1001,1016,422,478,57,266,3,203,806,1015,183,439,905,1,435,923,706,49,738,55,72,310,952,196,246,931,237,1006,73,111,109,116,91,89,71,51,108,110,86,46,77,71,131,79,86,75,71,67,47,59,56,62,105,68,69,62,63,97,94,102
[ 33.660968] wil6210-aoa$0,1606461633.235519,04:d6:aa:c1:38:97,2,1,1,0,128,338,10,857,854,944,1013,383,463,30,260,996,155,742,990,134,404,896,970,953,729,137,872,805,67,49,237,5,242,274,937,324,1021,81,128,124,129,102,99,76,55,122,122,92,50,84,79,142,87,98,83,81,73,52,66,62,69,118,70,78,67,70,103,102,110
[ 33.696969] wil6210-aoa$0,1606461633.271523,04:d6:aa:c1:38:97,2,1,1,0,128,337,996,884,817,17,1012,349,448,9,250,903,116,801,1001,151,373,906,997,917,704,697,40,719,1022,77,255,985,221,233,944,39,801,76,120,115,122,96,93,74,53,115,114,88,48,77,75,133,80,92,77,75,69,49,60,56,64,109,67,73,65,65,99,98,105
[ 33.729876] wil6210-aoa$0,1606461633.304427,04:d6:aa:c1:38:97,2,1,1,0,128,833,821,858,829,448,833,882,305,488,74,923,103,755,986,138,362,883,998,495,909,721,16,785,43,57,255,959,221,259,964,785,516,85,128,125,130,100,98,78,55,122,122,94,50,85,80,144,85,96,79,80,71,52,65,62,68,114,70,75,69,68,104,102,111
[ 33.764649] wil6210-aoa$0,1606461633.339203,04:d6:aa:c1:38:97,2,1,1,0,128,320,7,839,773,1019,17,351,415,466,18,359,920,221,766,630,209,947,18,483,949,640,24,763,22,52,258,1014,260,266,943,706,367,80,127,124,133,101,96,75,55,123,116,92,47,82,78,142,84,92,80,75,69,50,59,56,64,111,65,71,61,63,98,93,100
[ 33.793165] wil6210-aoa$0,1606461633.367722,04:d6:aa:c1:38:97,2,1,1,0,128,423,7,317,639,437,817,944,293,464,44,927,124,755,967,146,373,885,995,468,902,111,819,225,864,470,18,961,176,238,915,197,974,75,116,116,125,92,90,70,52,115,111,85,47,78,75,129,81,92,77,75,67,49,62,58,61,109,68,70,62,65,97,94,102
[ 33.823163] wil6210-aoa$0,1606461633.397713,04:d6:aa:c1:38:97,2,1,1,0,128,801,806,906,860,1017,41,455,530,996,233,924,169,763,947,205,476,912,10,451,930,698,35,859,83,35,252,1,233,299,997,649,396,78,126,123,127,100,95,77,56,122,121,91,48,84,79,131,84,96,80,80,72,51,62,58,64,116,69,74,65,66,106,95,107
[ 33.860153] wil6210-aoa$0,1606461633.434704,04:d6:aa:c1:38:97,2,1,1,0,128,378,5,886,815,1021,46,413,479,43,256,885,124,869,1019,136,412,926,1004,453,919,691,0,723,1014,49,246,944,184,270,925,769,444,80,130,122,135,98,96,77,55,123,120,93,48,82,80,142,85,92,82,80,71,50,63,59,67,113,67,74,63,68,99,100,107
[ 33.892933] wil6210-aoa$0,1606461633.467489,04:d6:aa:c1:38:97,2,1,1,0,128,359,1021,859,829,948,994,441,505,999,249,936,136,769,986,141,368,989,19,401,877,668,15,759,23,47,224,965,182,318,1,697,383,81,127,124,128,99,97,76,56,125,122,91,51,81,78,141,85,96,80,78,73,52,65,59,66,116,74,77,67,72,108,108,113
[ 33.929625] wil6210-aoa$0,1606461633.504175,04:d6:aa:c1:38:97,2,1,1,0,128,456,33,839,825,1011,3,442,470,15,232,965,157,772,1000,216,442,907,1007,503,900,681,3,711,992,36,256,937,191,271,977,11,669,81,129,122,131,103,100,77,56,121,121,95,49,84,79,141,83,96,83,80,75,53,64,63,67,118,72,78,70,69,106,105,113
[ 33.967183] wil6210-aoa$0,1606461633.541740,04:d6:aa:c1:38:97,2,1,1,0,128,348,1001,845,810,966,1001,413,497,996,247,912,92,806,993,157,394,968,1012,485,910,719,2,767,22,1011,222,953,229,281,971,669,334,80,121,117,125,98,97,76,54,116,115,91,49,82,78,135,81,94,78,77,70,51,65,60,67,112,72,74,66,69,102,99,108
[ 33.998999] wil6210-aoa$0,1606461633.573550,04:d6:aa:c1:38:97,2,1,1,0,128,315,981,925,821,955,992,417,503,36,254,927,105,764,975,163,426,949,22,458,893,679,4,705,1000,556,61,427,1017,272,921,629,313,79,125,119,127,94,91,68,51,117,114,88,43,77,76,136,82,90,77,76,69,50,58,56,61,109,64,71,62,64,96,96,98
[ 34.034986] wil6210-aoa$0,1606461633.609540,04:d6:aa:c1:38:97,2,1,1,0,128,315,1020,819,764,965,997,421,468,35,261,926,143,736,981,600,188,895,984,447,938,640,1009,737,49,67,295,982,181,289,969,275,981,73,115,110,116,90,88,74,52,109,105,85,46,76,72,128,78,89,72,71,66,47,59,56,60,105,65,70,62,62,93,93,98
[ 34.068544] wil6210-aoa$0,1606461633.643094,04:d6:aa:c1:38:97,2,1,1,0,128,286,1000,847,804,943,988,427,492,1016,222,910,100,274,822,187,422,947,8,476,909,757,36,703,1010,29,234,933,191,246,912,689,357,82,130,124,134,106,99,76,57,122,121,93,47,83,80,131,81,96,84,80,74,51,63,62,67,118,70,77,66,68,104,96,107
[ 34.103189] wil6210-aoa$0,1606461633.677744,04:d6:aa:c1:38:97,2,1,1,0,128,343,988,905,836,985,983,462,549,959,219,874,91,749,960,148,402,950,36,512,940,675,4,720,48,998,193,400,4,192,895,159,1013,79,125,123,132,99,96,79,57,123,121,94,52,83,80,129,85,100,80,80,76,51,69,62,67,122,76,78,74,73,109,111,120
[ 34.137522] wil6210-aoa$0,1606461633.712076,04:d6:aa:c1:38:97,2,1,1,0,128,381,1022,863,805,403,815,918,320,36,261,904,115,723,983,112,366,376,822,462,905,684,10,168,817,518,36,444,5,359,969,555,231,74,120,113,124,94,89,73,51,115,111,88,49,77,75,129,82,89,75,76,70,51,64,58,66,109,72,74,67,71,104,102,109
[ 34.172581] wil6210-aoa$0,1606461633.747132,04:d6:aa:c1:38:97,2,1,1,0,128,353,1017,880,859,952,997,405,502,41,261,972,162,760,974,200,441,957,15,501,954,673,3,793,53,39,222,417,1007,244,931,45,750,80,127,123,134,100,94,75,53,124,119,89,45,85,77,136,83,94,79,78,70,49,60,60,63,115,67,73,66,66,98,97,106
[ 34.210072] wil6210-aoa$0,1606461633.784626,04:d6:aa:c1:38:97,2,1,1,0,128,311,1010,913,852,981,993,377,463,1019,241,968,166,799,1007,111,375,946,27,451,910,671,31,728,37,6,259,955,163,298,960,424,127,79,126,122,127,95,91,71,53,118,114,90,42,78,73,134,80,88,75,75,70,47,56,53,59,108,60,67,58,60,93,85,92
[ 34.242031] wil6210-aoa$0,1606461633.816583,04:d6:aa:c1:38:97,2,1,1,0,128,294,1003,905,869,949,1023,367,482,1016,213,891,142,707,944,684,208,992,25,465,919,679,13,711,1008,522,37,1005,190,256,965,252,988,81,128,121,130,100,94,74,54,120,118,90,46,78,75,134,83,92,80,77,71,49,59,57,65,115,67,70,64,67,101,94,101
[ 34.280088] wil6210-aoa$0,1606461633.854639,04:d6:aa:c1:38:97,2,1,1,0,128,378,7,874,842,947,976,515,527,1001,236,971,143,790,999,151,389,942,29,443,901,706,19,775,36,98,263,964,209,330,5,937,566,80,128,124,131,100,96,75,53,124,119,93,47,80,76,139,84,93,81,77,72,51,61,57,62,111,66,74,65,63,96,94,103
[ 34.317365] wil6210-aoa$0,1606461633.891919,04:d6:aa:c1:38:97,2,1,1,0,128,345,993,866,815,1012,1004,416,432,1018,213,929,159,793,989,189,385,907,1011,417,853,131,861,132,785,560,69,952,199,218,963,39,734,71,107,105,111,88,85,69,50,106,104,82,48,75,71,128,76,87,70,69,64,44,60,55,62,103,66,68,61,65,95,95,102
[ 34.349809] wil6210-aoa$0,1606461633.924361,04:d6:aa:c1:38:97,2,1,1,0,128,316,1011,931,836,918,941,430,507,34,246,871,105,790,1022,189,459,877,1021,910,704,88,808,839,45,5,198,1002,208,324,974,202,934,82,124,123,133,98,97,75,54,121,121,92,47,83,79,134,84,95,78,78,70,52,63,58,63,114,66,72,63,66,101,96,104
[ 34.385970] wil6210-aoa$0,1606461633.960526,04:d6:aa:c1:38:97,2,1,1,0,128,353,7,843,817,936,952,884,314,473,39,405,957,778,979,191,432,934,990,454,917,695,1012,749,1010,1017,198,942,197,252,959,796,553,77,123,118,125,95,94,72,54,116,112,88,47,79,73,136,79,90,77,75,70,49,61,58,66,113,68,74,66,69,98,100,105
[ 34.421003] wil6210-aoa$0,1606461633.995553,04:d6:aa:c1:38:97,2,1,1,0,128,337,1007,876,841,954,1018,395,493,993,233,950,132,784,1006,146,387,887,1006,480,913,731,60,726,19,484,20,1011,227,347,983,743,458,73,117,110,120,89,87,67,47,106,106,83,42,73,68,123,73,84,71,68,63,43,55,50,55,102,59,62,54,57,85,84,90
[ 34.454282] wil6210-aoa$0,1606461634.028837,04:d6:aa:c1:38:97,2,1,1,0,128,806,844,854,848,972,1023,437,509,26,245,878,132,798,1009,158,402,946,1022,444,908,686,24,181,848,68,257,952,202,281,978,452,145,72,117,116,123,90,84,65,47,112,104,80,35,67,66,115,69,76,67,65,58,41,45,46,47,91,50,54,48,52,77,64,76
[ 34.483506] wil6210-aoa$0,1606461634.058059,04:d6:aa:c1:38:97,2,1,1,0,128,378,1013,806,781,445,840,395,475,487,43,929,123,769,997,138,377,886,989,457,911,665,1002,756,26,1,239,910,138,268,982,220,960,78,122,118,126,96,94,75,53,117,114,91,48,81,78,133,81,92,76,76,72,51,63,57,64,111,70,74,65,69,101,101,111
[ 34.516971] wil6210-aoa$0,1606461634.091520,04:d6:aa:c1:38:97,2,1,1,0,128,828,831,842,808,448,858,449,522,1008,235,963,196,794,1000,125,405,315,791,961,722,707,19,778,25,16,202,919,183,252,921,173,926,79,125,124,130,99,93,73,53,123,120,89,42,81,78,129,80,91,79,74,67,49,59,54,59,109,65,71,60,63,99,93,99
[ 34.553175] wil6210-aoa$0,1606461634.127730,04:d6:aa:c1:38:97,2,1,1,0,128,349,1019,818,790,938,965,418,498,59,259,860,111,798,999,161,433,914,1019,486,924,750,67,797,84,106,314,991,238,337,1019,374,105,80,126,122,133,98,96,73,53,122,116,92,45,79,77,135,80,93,80,78,70,49,61,58,63,111,64,73,63,64,95,94,104
[ 34.589828] wil6210-aoa$0,1606461634.164378,04:d6:aa:c1:38:97,2,1,1,0,128,397,991,872,794,980,996,399,448,51,264,958,159,817,4,129,347,992,1012,505,928,669,25,683,1009,89,275,365,988,294,972,603,347,82,127,124,132,99,96,78,55,118,117,90,46,79,76,132,84,93,78,78,69,50,61,57,64,113,67,73,63,64,99,99,101
[ 34.627561] wil6210-aoa$0,1606461634.202115,04:d6:aa:c1:38:97,2,1,1,0,128,811,817,840,801,910,984,430,516,974,235,883,109,295,836,110,400,940,3,410,914,115,843,209,846,503,25,43,235,281,967,532,202,80,127,122,130,101,95,75,56,122,120,92,47,82,77,129,80,93,79,79,70,49,59,58,65,114,69,73,65,67,100,98,107
[ 34.659699] wil6210-aoa$0,1606461634.234248,04:d6:aa:c1:38:97,2,1,1,0,128,834,824,336,642,412,841,882,309,459,33,902,103,190,808,611,161,970,1022,448,882,122,814,741,1006,546,45,433,1005,783,773,367,115,80,127,120,131,99,97,77,54,122,122,96,52,85,80,132,87,100,82,79,74,52,66,60,67,115,71,77,66,70,105,103,113
[ 34.696197] wil6210-aoa$0,1606461634.270751,04:d6:aa:c1:38:97,2,1,1,0,128,322,979,838,797,961,988,856,286,6,204,391,960,820,999,178,387,979,39,512,958,628,1002,766,5,12,251,973,227,261,1009,511,200,81,122,124,133,99,96,76,54,121,117,92,47,84,79,138,83,96,81,78,71,51,63,61,65,113,68,75,66,68,100,102,110
[ 34.730949] wil6210-aoa$0,1606461634.305499,04:d6:aa:c1:38:97,2,1,1,0,128,309,1004,888,845,934,996,418,492,1011,265,932,151,810,983,164,357,931,980,512,960,701,13,782,40,994,191,967,203,230,921,489,187,80,129,123,132,101,97,77,58,122,117,95,51,84,81,128,85,98,79,79,73,52,64,60,66,119,73,76,68,71,106,104,113
[ 34.765783] wil6210-aoa$0,1606461634.340338,04:d6:aa:c1:38:97,2,1,1,0,128,824,826,808,736,467,812,928,301,8,228,334,957,789,990,130,396,894,995,483,928,696,15,124,815,528,71,933,206,216,927,359,166,73,111,105,115,88,84,68,48,107,102,82,44,72,69,128,75,84,70,67,63,46,57,54,60,102,63,68,60,63,94,91,99
[ 34.801443] wil6210-aoa$0,1606461634.375997,04:d6:aa:c1:38:97,2,1,1,0,128,878,848,382,630,478,810,903,239,487,3,389,931,172,727,673,191,925,1015,475,913,47,787,182,840,62,226,981,189,309,974,180,1013,77,122,117,124,96,91,72,52,114,114,89,45,75,73,131,76,91,74,76,68,48,57,55,58,105,61,70,59,62,92,90,96
[ 34.836172] wil6210-aoa$0,1606461634.410726,04:d6:aa:c1:38:97,2,1,1,0,128,328,1000,905,854,993,1022,401,491,1018,254,914,145,802,19,171,430,947,17,484,951,740,45,744,19,65,313,938,185,296,1007,442,117,78,119,119,129,96,93,75,55,114,113,88,46,79,74,134,80,91,77,74,70,49,59,57,63,110,67,70,63,60,95,92,101
[ 34.868691] wil6210-aoa$0,1606461634.443241,04:d6:aa:c1:38:97,2,1,1,0,128,352,999,865,851,981,1016,378,444,28,252,937,100,764,974,141,420,953,13,521,975,660,0,693,25,70,255,911,190,309,964,168,853,78,121,117,127,97,91,75,53,117,115,87,43,78,73,131,77,89,76,72,68,49,59,54,59,106,64,70,62,63,95,88,99
[ 34.904954] wil6210-aoa$0,1606461634.479508,04:d6:aa:c1:38:97,2,1,1,0,128,339,11,817,824,913,956,322,441,457,3,416,966,258,811,149,376,421,869,445,929,660,8,751,15,488,43,995,243,197,934,106,913,80,129,122,132,103,96,75,55,126,122,94,46,83,79,139,85,95,81,79,74,50,65,60,67,116,71,76,68,68,104,104,112
[ 34.939617] wil6210-aoa$0,1606461634.514171,04:d6:aa:c1:38:97,2,1,1,0,128,373,0,852,799,1016,11,349,475,4,221,902,129,202,785,688,222,933,22,901,704,659,1023,796,72,12,253,974,213,290,954,24,714,81,129,123,135,100,97,78,56,122,123,93,48,83,80,136,83,98,82,77,75,53,65,60,67,115,73,79,69,69,107,101,113
[ 34.971938] wil6210-aoa$0,1606461634.546489,04:d6:aa:c1:38:97,2,1,1,0,128,379,7,908,831,969,998,914,327,9,232,965,153,771,995,163,402,899,981,963,738,697,42,721,25,74,236,982,201,302,1012,266,951,77,126,123,131,100,94,71,51,116,114,86,41,77,74,137,82,90,78,75,68,49,56,55,59,109,60,69,60,60,90,87,95
[ 35.010148] wil6210-aoa$0,1606461634.584700,04:d6:aa:c1:38:97,2,1,1,0,128,340,24,870,832,917,965,356,432,27,274,900,149,768,1014,110,328,949,4,924,737,629,8,138,831,67,270,953,176,356,1001,582,269,81,127,125,130,100,96,77,55,126,120,93,48,83,77,139,84,93,83,78,73,51,62,59,64,114,70,75,65,68,101,101,110
[ 35.046890] wil6210-aoa$0,1606461634.621445,04:d6:aa:c1:38:97,2,1,1,0,128,306,1013,923,839,930,1010,478,536,64,295,989,217,788,1001,172,418,970,39,446,928,710,52,791,44,62,291,1012,228,264,973,849,556,77,125,121,129,100,93,73,53,120,118,91,44,79,79,127,80,90,77,73,69,48,55,51,57,107,60,67,58,59,89,85,98
[ 35.082404] wil6210-aoa$0,1606461634.656956,04:d6:aa:c1:38:97,2,1,1,0,128,371,978,943,894,966,980,407,483,984,226,906,113,788,999,141,366,876,1004,397,842,676,4,723,985,516,59,364,33,708,727,855,624,81,126,121,129,98,95,76,55,122,117,91,48,80,76,136,82,94,78,76,71,52,63,58,65,112,69,74,64,68,100,97,106
[ 35.116522] wil6210-aoa$0,1606461634.691076,04:d6:aa:c1:38:97,2,1,1,0,128,328,979,815,784,994,25,463,520,39,264,991,174,820,996,183,398,977,50,443,930,683,16,750,53,42,274,982,166,338,1023,706,287,73,115,113,121,90,88,69,49,108,104,84,40,71,70,122,75,82,73,68,62,45,53,50,56,103,56,62,55,55,84,79,88
[ 35.145951] wil6210-aoa$0,1606461634.720505,04:d6:aa:c1:38:97,2,1,1,0,128,883,807,834,794,358,786,907,294,484,75,964,155,785,955,134,386,951,8,512,932,632,1020,769,18,23,270,967,185,262,906,135,869,78,126,121,131,96,92,71,52,119,115,87,42,77,73,130,78,89,76,73,66,47,57,52,60,109,60,68,58,61,88,83,94
[ 35.178383] wil6210-aoa$0,1606461634.752933,04:d6:aa:c1:38:97,2,1,1,0,128,835,864,905,845,987,1011,411,480,11,260,956,169,754,995,117,437,949,1007,502,933,656,11,772,17,86,287,3,239,272,972,581,303,83,127,125,134,103,100,78,57,122,119,97,51,85,81,136,88,97,81,80,74,52,64,61,68,116,72,77,68,71,104,105,113
[ 35.215341] wil6210-aoa$0,1606461634.789895,04:d6:aa:c1:38:97,2,1,1,0,128,351,979,949,836,979,995,406,498,1001,213,989,149,755,950,140,405,898,17,445,893,726,39,780,5,17,233,937,213,231,949,813,544,84,132,126,135,103,97,77,56,127,122,95,48,82,79,144,85,100,81,81,74,52,63,61,66,118,71,79,68,71,106,104,113
[ 35.251500] wil6210-aoa$0,1606461634.826055,04:d6:aa:c1:38:97,2,1,1,0,128,814,824,868,831,458,818,430,467,42,240,966,159,740,963,163,379,398,823,505,916,680,998,750,9,57,210,952,165,765,753,409,154,77,120,117,128,96,93,70,51,117,116,89,45,80,72,135,83,87,77,74,69,49,58,55,63,109,65,71,62,63,95,89,99
[ 35.281253] wil6210-aoa$0,1606461634.855808,04:d6:aa:c1:38:97,2,1,1,0,128,380,7,336,647,386,812,876,317,1001,214,931,126,811,1021,169,421,975,9,382,851,179,892,183,890,32,263,1,230,311,996,518,196,75,115,110,120,89,87,69,48,110,110,83,45,75,72,127,77,88,72,72,65,46,58,53,61,107,66,69,60,63,97,96,103
[ 35.316956] wil6210-aoa$0,1606461634.891510,04:d6:aa:c1:38:97,2,1,1,0,128,361,6,871,836,1016,3,361,450,31,267,942,144,799,1005,177,458,901,995,457,912,682,1005,129,844,544,60,985,206,272,966,1016,726,81,129,122,128,102,94,76,55,121,115,92,46,81,78,137,82,95,79,77,69,49,61,57,62,110,67,69,61,65,100,98,105
[ 35.350142] wil6210-aoa$0,1606461634.924692,04:d6:aa:c1:38:97,2,1,1,0,128,355,1003,917,880,908,959,927,310,10,255,349,937,290,831,628,218,1011,18,495,906,144,855,768,1019,72,255,1019,214,303,967,595,321,73,119,114,122,90,86,69,50,112,111,84,43,75,72,127,78,87,72,72,65,46,55,54,56,103,59,69,56,59,88,85,92
[ 35.381022] wil6210-aoa$0,1606461634.955577,04:d6:aa:c1:38:97,2,1,1,0,128,842,829,300,565,429,772,893,310,1,239,907,127,800,943,152,417,885,991,475,914,681,1023,770,60,4,216,387,5,220,907,966,593,80,127,122,131,101,97,76,55,123,122,94,48,83,79,140,85,97,82,79,71,52,61,60,65,116,69,75,66,66,102,100,108
[ 35.415249] wil6210-aoa$0,1606461634.989799,04:d6:aa:c1:38:97,2,1,1,0,128,353,15,816,799,989,1008,428,497,1001,202,883,101,786,985,149,408,995,8,478,910,670,1012,734,1022,48,197,4,280,232,952,698,264,79,127,122,128,98,93,71,52,121,119,91,45,81,78,137,83,92,81,77,71,49,59,57,65,114,67,72,64,68,101,96,106
[ 35.447895] wil6210-aoa$0,1606461635.022446,04:d6:aa:c1:38:97,2,1,1,0,128,805,807,362,650,996,1002,879,261,459,15,387,963,713,944,663,200,340,786,470,903,674,8,761,32,1010,217,418,1015,756,741,223,985,83,126,120,128,99,102,78,57,123,122,96,52,88,81,133,87,100,83,81,76,53,69,62,70,117,77,80,71,73,110,112,117
[ 35.486090] wil6210-aoa$0,1606461635.060644,04:d6:aa:c1:38:97,2,1,1,0,128,785,816,376,675,957,998,883,308,23,240,920,151,767,942,153,405,914,986,956,718,147,909,738,23,80,268,995,201,219,916,425,126,78,124,119,130,99,92,73,52,121,115,91,47,77,75,135,80,91,79,73,69,48,58,54,61,109,63,70,62,61,95,93,100
[ 35.520712] wil6210-aoa$0,1606461635.095262,04:d6:aa:c1:38:97,2,1,1,0,128,355,995,368,651,472,858,407,508,24,244,966,168,786,986,193,435,941,6,494,921,671,25,766,45,49,237,1011,240,341,0,153,848,81,126,123,128,99,99,76,56,124,123,92,48,82,81,143,85,94,81,80,74,53,63,60,66,117,72,79,67,70,102,102,110
[ 35.550738] wil6210-aoa$0,1606461635.125293,04:d6:aa:c1:38:97,2,1,1,0,128,338,0,924,859,1010,38,418,466,47,254,998,192,775,990,213,428,932,1022,486,934,674,24,738,1018,73,293,981,220,321,982,914,550,78,128,120,127,97,91,73,53,122,117,90,45,77,74,138,82,91,77,77,71,48,58,57,62,112,64,70,63,64,97,90,97
[ 35.586689] wil6210-aoa$0,1606461635.161245,04:d6:aa:c1:38:97,2,1,1,0,128,307,977,912,853,398,754,423,460,31,269,931,111,757,977,151,403,908,1017,448,924,90,848,761,50,991,191,459,59,246,952,337,167,78,119,114,124,94,90,70,50,116,109,85,45,77,73,128,78,86,75,72,63,47,54,53,56,104,61,64,55,59,89,83,93
[ 35.619983] wil6210-aoa$0,1606461635.194536,04:d6:aa:c1:38:97,2,1,1,0,128,806,846,845,799,977,1017,389,438,1002,199,891,110,766,942,175,402,954,32,553,971,659,990,795,57,63,258,963,168,308,994,40,777,76,123,117,126,95,91,73,51,115,112,86,44,77,73,131,79,90,76,73,67,48,56,53,58,104,60,68,59,59,92,89,98
[ 35.651742] wil6210-aoa$0,1606461635.226297,04:d6:aa:c1:38:97,2,1,1,0,128,369,28,843,803,990,3,384,446,0,228,898,108,789,979,187,430,909,999,501,958,711,32,829,113,996,223,974,237,285,965,395,37,78,120,117,126,96,90,73,55,115,113,86,44,79,75,128,79,91,78,74,70,48,58,58,62,110,66,72,63,64,100,95,104
[ 35.686612] wil6210-aoa$0,1606461635.261166,04:d6:aa:c1:38:97,2,1,1,0,128,297,995,879,847,941,980,373,452,32,266,937,87,757,977,180,439,907,1002,927,749,642,9,754,37,1006,208,955,168,235,972,608,395,77,120,115,126,98,92,71,52,114,114,84,42,76,73,127,76,88,76,72,67,48,58,53,57,106,62,68,59,61,93,88,94
[ 35.720023] wil6210-aoa$0,1606461635.294575,04:d6:aa:c1:38:97,2,1,1,0,128,352,1019,883,816,974,973,389,464,1006,210,902,118,768,955,599,186,898,968,941,762,687,52,733,1005,47,256,954,188,262,958,850,563,83,129,122,127,100,99,79,56,125,122,94,51,86,79,132,88,98,81,80,73,54,66,62,69,118,73,76,66,71,103,105,115
[ 35.757203] wil6210-aoa$0,1606461635.331757,04:d6:aa:c1:38:97,2,1,1,0,128,809,803,876,812,976,1011,415,456,36,267,882,128,761,962,187,394,999,35,496,933,716,11,819,85,23,287,933,215,296,982,336,73,82,127,124,127,101,96,76,54,125,122,95,46,81,77,128,84,93,79,80,73,49,61,59,65,118,69,75,66,69,105,97,106
[ 35.792735] wil6210-aoa$0,1606461635.367288,04:d6:aa:c1:38:97,2,1,1,0,128,322,985,870,798,948,19,378,491,26,268,936,149,736,966,668,220,963,997,543,943,664,34,686,993,548,88,397,1001,757,795,978,726,74,116,111,121,91,84,67,49,108,105,80,37,72,68,123,72,82,72,66,62,42,51,47,53,99,55,61,50,54,82,75,85
