
[ 26.332831] wil6210-aoa$0,1606461624.365105,04:d6:aa:c1:38:97,2,1,1,0,128,390,9,832,773,452,833,918,312,44,295,932,133,770,1010,135,390,904,975,447,915,663,2,749,8,62,218,979,155,309,979,578,239,69,115,107,115,87,87,65,51,107,104,80,40,68,67,122,69,86,68,68,62,43,49,48,55,95,55,61,53,56,86,84,93
[ 26.357669] wil6210-aoa$0,1606461624.389943,04:d6:aa:c1:38:97,2,1,1,0,128,336,1004,847,835,949,982,400,418,51,282,924,130,723,984,136,437,948,15,471,924,125,870,709,22,503,64,1011,163,313,965,785,488,77,122,117,124,97,95,75,57,115,115,89,45,78,72,137,79,97,79,78,71,50,62,58,65,108,67,71,65,65,98,100,107
[ 26.384804] wil6210-aoa$0,1606461624.417073,04:d6:aa:c1:38:97,2,1,1,0,128,342,999,835,793,959,997,395,429,10,249,962,153,776,1010,186,444,907,989,501,896,734,45,790,21,64,247,1011,181,310,1005,853,623,72,116,110,120,91,93,70,54,107,106,84,45,71,69,128,76,91,72,74,67,47,60,55,64,101,64,68,61,65,96,101,105
[ 26.414346] wil6210-aoa$0,1606461624.446618,04:d6:aa:c1:38:97,2,1,1,0,128,817,828,236,570,445,832,873,277,98,315,889,70,773,996,92,360,364,822,878,655,129,835,296,900,41,247,972,167,282,971,888,529,78,127,119,129,94,90,68,56,112,110,87,40,73,73,129,79,92,74,76,69,44,54,51,58,101,58,66,56,54,84,83,92
[ 26.442657] wil6210-aoa$0,1606461624.474928,04:d6:aa:c1:38:97,2,1,1,0,128,315,960,330,647,376,792,904,276,505,58,945,138,820,17,164,458,982,41,497,968,672,25,694,1008,576,87,442,1016,353,13,0,711,72,117,109,117,90,88,66,53,107,106,81,39,68,68,122,72,86,72,71,65,43,56,52,59,99,58,65,57,57,88,88,99
[ 26.470906] wil6210-aoa$0,1606461624.503175,04:d6:aa:c1:38:97,2,1,1,0,128,352,1002,762,741,462,827,894,283,94,317,947,190,770,1017,157,435,936,1008,482,958,72,828,786,63,48,270,22,208,290,952,379,69,70,115,109,116,88,86,65,53,105,105,81,37,67,68,124,70,86,70,69,62,41,53,49,56,95,55,60,53,52,83,82,88
[ 26.494311] wil6210-aoa$0,1606461624.526584,04:d6:aa:c1:38:97,2,1,1,0,128,367,1013,853,814,974,977,450,475,69,300,973,143,819,1011,137,442,913,1013,490,951,726,1023,755,27,117,295,955,189,283,1008,774,521,68,115,108,117,89,91,67,52,107,107,81,41,70,68,126,74,90,72,69,65,44,57,52,60,101,60,66,59,61,89,90,98
[ 26.525432] wil6210-aoa$0,1606461624.557706,04:d6:aa:c1:38:97,2,1,1,0,128,325,6,787,796,995,42,354,426,112,298,918,127,764,0,108,385,890,942,531,971,681,24,720,12,57,276,30,227,349,1002,373,21,71,115,110,118,90,93,70,54,106,107,84,43,71,70,127,73,94,74,71,68,46,59,54,62,102,62,69,60,61,92,94,101
[ 26.548944] wil6210-aoa$0,1606461624.581218,04:d6:aa:c1:38:97,2,1,1,2,128,325,6,787,796,995,42,354,426,112,298,918,127,764,0,108,385,890,942,531,971,681,24,720,12,57,276,30,227,349,1002,373,21,68,115,108,117,89,91,67,52,107,107,81,41,70,68,126,74,90,72,69,65,44,57,52,60,101,60,66,59,61,89,90,98
[ 26.578293] wil6210-aoa$0,1606461624.610562,04:d6:aa:c1:38:97,2,1,1,0,128,298,955,885,845,21,50,397,444,65,324,976,164,767,1005,236,527,907,1010,496,917,613,15,774,10,118,270,959,181,247,920,216,912,70,116,109,118,89,88,63,50,105,105,81,38,66,66,122,72,86,69,68,62,43,55,49,58,99,58,60,55,58,85,89,92
[ 26.605623] wil6210-aoa$0,1606461624.637897,04:d6:aa:c1:38:97,2,1,1,0,128,340,1001,845,825,18,13,373,468,50,287,893,119,779,1018,122,407,940,1003,483,955,685,5,715,14,22,219,951,125,304,967,338,103,71,116,107,118,89,90,68,51,108,104,85,42,67,68,123,72,88,73,70,66,43,55,52,58,95,57,65,58,57,86,88,96
[ 26.628122] wil6210-aoa$0,1606461624.660396,04:d6:aa:c1:38:97,2,1,1,0,128,747,774,313,614,388,796,936,265,52,289,975,167,760,971,242,471,887,983,416,868,751,87,713,22,31,254,985,200,274,975,271,118,73,116,111,119,92,93,68,54,106,107,84,46,71,70,130,77,90,73,72,68,47,60,56,62,103,65,70,63,63,95,99,105
[ 26.658861] wil6210-aoa$0,1606461624.691131,04:d6:aa:c1:38:97,2,1,1,0,128,361,993,874,829,973,993,411,445,47,282,890,87,228,767,184,455,906,949,893,691,179,890,700,13,77,245,1021,222,260,992,460,250,70,110,106,116,89,88,69,52,105,105,83,43,72,69,125,75,86,72,69,66,47,59,53,62,101,60,68,57,61,92,92,100
[ 26.687084] wil6210-aoa$0,1606461624.719357,04:d6:aa:c1:38:97,2,1,1,0,128,312,1022,833,761,967,1008,397,478,72,315,949,100,227,818,109,415,960,1016,453,948,693,17,686,981,113,304,975,191,243,968,419,103,69,114,111,118,89,87,66,51,106,103,80,39,66,66,118,72,88,69,66,63,42,52,49,57,97,57,60,54,56,84,84,89
[ 26.712793] wil6210-aoa$0,1606461624.745062,04:d6:aa:c1:38:97,2,1,1,0,128,350,3,842,850,994,990,389,466,96,319,995,203,827,1021,175,460,986,26,485,945,754,55,687,1002,88,259,1007,240,242,967,127,831,70,115,108,119,91,88,67,51,106,105,81,40,67,67,125,74,88,71,70,67,43,56,51,57,100,55,63,55,58,85,86,91
[ 26.742721] wil6210-aoa$0,1606461624.774992,04:d6:aa:c1:38:97,2,1,1,0,128,838,843,882,830,969,1021,422,498,93,279,40,186,742,968,624,239,309,754,22,790,645,1023,710,995,540,32,453,1018,267,977,751,465,71,115,111,119,92,91,69,53,107,109,84,42,72,70,128,76,92,74,70,68,46,58,54,62,103,64,66,62,62,93,96,101
[ 26.771818] wil6210-aoa$0,1606461624.804087,04:d6:aa:c1:38:97,2,1,1,0,128,328,993,790,749,906,988,436,489,7,288,878,88,780,1019,161,435,890,980,495,933,632,1003,168,810,627,114,29,239,293,1006,359,128,69,113,110,117,89,87,65,51,105,103,80,35,68,68,119,70,85,69,68,61,42,49,49,54,95,55,59,53,51,81,80,85
[ 26.800764] wil6210-aoa$0,1606461624.833035,04:d6:aa:c1:38:97,2,1,1,0,128,332,3,857,839,391,825,394,461,18,287,1016,162,757,982,183,436,940,3,492,935,694,40,799,66,76,249,34,212,322,1001,854,566,72,116,110,121,90,92,70,54,108,110,83,43,74,71,127,76,93,74,73,67,46,59,54,61,102,62,67,61,61,92,95,102
[ 26.829587] wil6210-aoa$0,1606461624.861861,04:d6:aa:c1:38:97,2,1,1,0,128,336,1001,857,820,963,984,509,543,1004,203,923,99,264,825,164,354,867,993,421,893,128,831,787,60,28,276,984,186,292,999,726,340,72,119,109,117,92,91,71,54,107,109,84,44,71,71,132,77,94,72,74,69,46,60,56,64,103,63,70,62,62,91,94,103
[ 26.852948] wil6210-aoa$0,1606461624.885222,04:d6:aa:c1:38:97,2,1,1,0,128,833,840,849,801,971,1011,410,461,24,270,935,131,724,946,179,390,932,1003,471,891,702,1013,740,4,86,224,982,159,238,922,733,463,72,117,111,118,90,93,68,53,109,107,83,43,70,71,127,73,90,73,70,66,46,52,51,58,100,55,64,57,56,84,86,93
[ 26.881049] wil6210-aoa$0,1606461624.913319,04:d6:aa:c1:38:97,2,1,1,0,128,856,827,835,800,947,1009,428,485,36,285,1016,145,794,8,127,393,913,1017,517,974,624,990,704,1001,94,275,971,159,354,979,888,669,73,116,114,121,93,93,72,54,109,108,87,43,72,71,127,74,92,72,72,68,46,57,55,61,104,64,70,62,62,94,96,102
[ 26.912312] wil6210-aoa$0,1606461624.944584,04:d6:aa:c1:38:97,2,1,1,0,128,302,26,832,783,985,3,397,470,997,207,921,113,233,805,109,415,920,7,371,848,123,843,764,35,512,88,12,253,264,993,862,584,73,120,110,118,91,91,71,54,108,108,87,44,74,70,129,76,93,72,74,68,45,58,54,61,102,62,67,60,61,93,92,99
[ 26.935529] wil6210-aoa$0,1606461624.967802,04:d6:aa:c1:38:97,2,1,1,0,128,833,836,846,816,921,954,844,235,31,243,979,142,793,975,149,401,951,1013,909,691,659,8,163,845,623,119,462,23,781,814,867,704,72,118,113,119,94,91,69,54,107,108,86,43,71,69,128,75,90,73,72,68,46,59,53,62,102,62,67,59,60,92,94,101
[ 26.965484] wil6210-aoa$0,1606461624.997758,04:d6:aa:c1:38:97,2,1,1,0,128,304,984,853,792,936,1010,867,214,77,284,957,149,751,985,153,448,881,8,431,888,669,1017,809,61,101,284,19,233,288,972,365,1022,75,126,119,127,98,94,72,56,117,113,88,41,73,72,129,77,91,76,76,72,47,54,55,60,103,57,68,61,56,89,88,98
[ 26.991555] wil6210-aoa$0,1606461625.023826,04:d6:aa:c1:38:97,2,1,1,0,128,326,1021,858,842,900,973,464,512,1006,248,980,147,843,34,171,435,967,976,530,942,700,34,782,43,92,316,983,161,300,992,689,357,73,118,112,118,91,92,66,54,109,108,85,43,70,70,127,74,89,73,72,68,46,58,55,61,103,61,67,61,59,91,92,98
[ 27.021633] wil6210-aoa$0,1606461625.053902,04:d6:aa:c1:38:97,2,1,1,0,128,318,1004,887,846,929,987,825,246,484,50,954,142,817,18,621,233,868,979,894,709,122,830,756,48,97,255,1023,210,298,989,203,937,72,115,112,120,89,88,68,55,110,106,83,44,70,67,127,76,92,73,72,66,46,58,53,59,101,60,67,59,59,92,91,96
[ 27.051371] wil6210-aoa$0,1606461625.083642,04:d6:aa:c1:38:97,2,1,1,0,128,287,1010,826,811,982,999,393,458,0,244,923,127,740,1002,209,442,899,25,464,909,674,60,697,7,115,295,20,207,308,1007,696,406,68,113,112,119,93,89,66,51,108,103,81,36,64,63,120,70,84,69,66,61,40,47,46,50,91,50,56,49,49,79,74,82
[ 27.080668] wil6210-aoa$0,1606461625.112940,04:d6:aa:c1:38:97,2,1,1,0,128,313,989,844,816,940,1019,374,463,70,280,933,137,790,1019,133,411,356,790,440,890,673,37,719,14,121,324,4,212,327,1014,202,920,71,115,111,118,92,90,66,51,108,106,81,38,70,69,125,75,89,72,70,67,44,55,50,58,101,57,63,57,57,90,88,96
[ 27.103940] wil6210-aoa$0,1606461625.136215,04:d6:aa:c1:38:97,2,1,1,0,128,806,847,790,782,467,855,390,425,40,264,896,134,742,971,188,449,925,1,878,666,681,2,733,22,45,223,465,33,228,938,111,902,69,114,112,119,86,85,67,53,103,105,82,36,69,66,122,71,86,71,67,60,43,50,47,53,96,55,59,54,53,80,79,86
[ 27.134798] wil6210-aoa$0,1606461625.167072,04:d6:aa:c1:38:97,2,1,1,0,128,376,9,884,799,958,1015,412,468,997,264,950,139,747,1012,163,468,936,1022,443,892,726,29,708,1016,70,271,984,144,739,770,302,65,72,115,108,117,93,89,70,52,107,108,84,44,71,70,127,76,90,73,73,67,46,57,54,62,103,61,67,61,63,91,92,100
[ 27.158358] wil6210-aoa$0,1606461625.190632,04:d6:aa:c1:38:97,2,1,1,0,128,310,1002,853,796,881,979,426,511,1008,231,382,926,203,774,664,227,936,970,436,908,724,23,731,23,23,197,462,19,842,854,582,295,72,116,109,116,90,91,70,53,107,107,83,43,71,69,127,75,93,72,71,66,45,57,53,59,102,61,68,59,60,93,94,100
[ 27.190609] wil6210-aoa$0,1606461625.222882,04:d6:aa:c1:38:97,2,1,1,0,128,307,1018,795,739,987,14,370,436,491,50,361,947,796,1017,544,167,385,851,926,742,687,18,756,20,74,286,949,174,716,753,589,362,72,116,110,115,87,89,69,53,104,105,81,39,69,68,120,73,88,71,69,65,43,54,50,55,98,57,61,54,57,84,80,91
[ 27.214262] wil6210-aoa$0,1606461625.246537,04:d6:aa:c1:38:97,2,1,1,0,128,317,977,857,848,966,1014,451,524,65,344,881,100,773,999,648,277,868,978,496,1006,634,3,768,40,75,249,989,216,282,965,805,592,77,124,121,131,98,97,72,58,113,114,88,41,73,74,130,77,95,78,76,71,48,59,55,63,104,60,68,61,60,92,94,99
[ 27.243283] wil6210-aoa$0,1606461625.275553,04:d6:aa:c1:38:97,2,1,1,0,128,334,988,823,790,942,1007,827,266,524,72,400,8,775,959,144,406,947,1005,458,922,664,19,735,19,178,335,1021,263,245,941,403,86,71,117,111,119,93,92,69,54,106,107,85,45,72,71,129,76,91,74,72,65,46,59,53,60,100,60,66,58,61,89,93,99
[ 27.268449] wil6210-aoa$0,1606461625.300724,04:d6:aa:c1:38:97,2,1,1,0,128,836,802,286,641,984,13,379,485,0,278,935,152,790,1019,581,203,415,806,961,720,195,885,686,974,552,74,68,245,345,1001,294,8,69,116,110,117,88,88,66,51,105,103,78,38,67,67,121,70,84,70,66,61,42,52,48,55,96,51,60,53,54,81,82,89
[ 27.298403] wil6210-aoa$0,1606461625.330677,04:d6:aa:c1:38:97,2,1,1,0,128,367,1022,811,769,950,999,401,458,72,286,930,117,807,1012,119,355,966,18,379,888,672,33,784,41,109,320,972,204,287,956,417,114,70,117,110,121,91,89,67,55,108,106,85,41,71,68,124,75,91,72,71,66,47,58,50,60,98,62,64,58,58,90,91,97
[ 27.323371] wil6210-aoa$0,1606461625.355642,04:d6:aa:c1:38:97,2,1,1,0,128,366,19,822,801,39,21,358,427,35,225,351,941,808,1002,161,414,896,979,401,892,693,2,737,15,114,304,419,34,751,809,958,675,72,117,109,115,90,86,67,53,109,104,84,41,66,68,126,74,89,73,71,66,43,55,50,58,99,57,64,59,56,87,86,94
[ 27.350745] wil6210-aoa$0,1606461625.383019,04:d6:aa:c1:38:97,2,1,1,0,128,316,994,838,827,923,1008,442,507,32,295,963,159,779,1003,190,464,923,1012,498,942,700,47,792,73,126,290,6,223,283,979,600,263,70,118,112,118,91,90,68,54,109,105,83,42,72,69,125,75,92,72,71,66,47,58,53,62,101,61,67,59,59,92,93,100
[ 27.380481] wil6210-aoa$0,1606461625.412755,04:d6:aa:c1:38:97,2,1,1,0,128,310,990,801,780,469,852,855,259,64,287,911,120,299,870,190,474,911,987,420,936,760,93,719,1022,92,293,1010,207,313,1001,183,825,72,117,111,120,91,92,69,55,106,109,85,43,70,67,128,77,92,75,71,67,47,59,54,62,105,64,68,58,62,93,94,97
[ 27.406227] wil6210-aoa$0,1606461625.438498,04:d6:aa:c1:38:97,2,1,1,0,128,838,836,284,590,970,1003,382,465,44,258,989,157,787,968,195,425,931,1010,466,909,679,1011,734,5,48,216,983,167,250,938,51,900,77,126,118,126,100,98,74,59,114,116,90,45,78,74,127,79,100,77,76,72,50,61,57,64,108,66,68,61,63,96,94,102
[ 27.437235] wil6210-aoa$0,1606461625.469507,04:d6:aa:c1:38:97,2,1,1,0,128,327,1003,851,821,1020,1020,376,469,155,375,915,130,819,14,148,459,906,1002,363,859,657,1006,715,6,5,216,967,212,274,952,94,848,73,118,109,121,94,92,70,52,108,110,84,43,73,70,127,75,93,75,71,68,45,58,53,60,103,63,69,61,61,93,93,101
[ 27.465329] wil6210-aoa$0,1606461625.497603,04:d6:aa:c1:38:97,2,1,1,0,128,336,1009,914,825,970,984,346,424,1009,249,14,174,831,1006,159,429,952,19,391,882,631,1005,689,975,589,80,23,224,223,949,114,761,71,118,114,121,92,91,68,53,102,106,84,39,71,68,124,74,90,70,71,63,47,55,52,57,99,57,63,54,55,85,85,89
[ 27.491985] wil6210-aoa$0,1606461625.524256,04:d6:aa:c1:38:97,2,1,1,0,128,344,1005,857,808,1011,0,404,486,27,270,925,139,784,1010,142,385,942,23,423,927,655,998,718,1022,90,269,929,120,297,981,983,692,77,127,120,127,100,97,77,59,116,116,92,47,82,78,137,84,101,78,79,73,51,64,58,67,112,69,75,68,69,103,103,109
[ 27.522426] wil6210-aoa$0,1606461625.554694,04:d6:aa:c1:38:97,2,1,1,0,128,347,986,911,845,887,931,394,460,77,305,933,142,748,988,157,393,901,996,410,874,651,46,753,30,102,264,948,175,332,977,836,631,71,114,111,118,89,87,64,52,104,103,78,36,65,66,117,70,83,69,67,62,41,49,46,55,91,51,59,53,50,79,79,83
[ 27.552925] wil6210-aoa$0,1606461625.585194,04:d6:aa:c1:38:97,2,1,1,0,128,804,807,840,794,915,1003,419,473,1015,247,941,153,813,8,194,439,988,61,422,901,670,7,703,22,78,305,962,178,269,956,792,603,70,117,112,119,89,88,68,54,104,102,82,40,71,69,124,75,89,72,70,65,44,53,50,59,99,57,62,57,58,85,85,92
[ 27.582292] wil6210-aoa$0,1606461625.614561,04:d6:aa:c1:38:97,2,1,1,0,128,348,1003,820,789,942,958,854,258,528,78,393,935,780,989,158,427,895,991,928,676,120,798,177,826,553,67,490,2,281,984,722,455,71,112,110,114,90,90,67,53,106,107,84,46,72,70,127,77,92,73,71,67,47,59,54,62,102,67,68,62,63,96,98,104
[ 27.610174] wil6210-aoa$0,1606461625.642448,04:d6:aa:c1:38:97,2,1,1,0,128,308,982,838,833,957,1004,860,246,528,76,955,118,739,954,654,250,913,991,945,741,653,1020,196,811,548,84,0,249,249,988,493,190,70,114,110,118,91,89,69,54,107,106,83,42,71,68,126,73,90,71,72,67,45,56,54,60,101,61,65,59,59,90,92,99
[ 27.637475] wil6210-aoa$0,1606461625.669745,04:d6:aa:c1:38:97,2,1,1,0,128,337,1013,872,804,1008,1009,355,406,50,281,887,73,238,776,664,217,413,803,503,926,714,19,669,977,132,272,1,158,678,728,44,908,74,115,109,115,90,92,70,53,107,107,86,44,72,70,130,76,93,75,71,67,46,56,53,60,104,63,65,59,62,91,90,98
[ 27.661817] wil6210-aoa$0,1606461625.694087,04:d6:aa:c1:38:97,2,1,1,0,128,378,37,832,821,988,1000,420,442,1015,214,449,7,765,1004,184,432,953,1018,485,966,697,3,780,54,101,271,477,18,329,1000,311,54,73,117,109,118,88,94,71,54,107,107,85,44,72,70,127,76,92,74,71,69,47,61,55,63,101,65,69,61,64,94,98,106
[ 27.694314] wil6210-aoa$0,1606461625.726586,04:d6:aa:c1:38:97,2,1,1,0,128,342,1015,844,813,881,980,493,564,49,238,943,122,866,8,178,396,947,1,538,986,680,5,800,40,79,254,964,188,227,936,137,903,69,115,108,114,90,87,66,52,106,104,79,38,67,65,124,70,87,69,66,63,42,52,49,53,96,56,62,54,55,86,84,87
[ 27.723856] wil6210-aoa$0,1606461625.756125,04:d6:aa:c1:38:97,2,1,1,0,128,255,964,892,818,955,994,893,268,5,240,945,164,727,1013,135,409,378,849,504,929,686,5,652,1005,80,266,963,152,744,710,615,324,75,123,119,127,99,95,72,59,116,115,90,45,73,75,136,79,95,79,76,71,49,61,56,64,107,66,71,63,62,96,97,101
[ 27.752498] wil6210-aoa$0,1606461625.784773,04:d6:aa:c1:38:97,2,1,1,0,128,325,5,895,821,433,812,904,259,455,49,370,909,246,807,635,245,892,988,428,851,666,5,748,1009,115,260,969,223,269,963,885,732,67,107,103,108,83,84,65,50,99,99,79,42,66,66,117,69,84,66,68,63,42,54,50,56,94,58,62,55,56,86,86,94
[ 27.777726] wil6210-aoa$0,1606461625.810001,04:d6:aa:c1:38:97,2,1,1,2,128,325,5,895,821,433,812,904,259,455,49,370,909,246,807,635,245,892,988,428,851,666,5,748,1009,115,260,969,223,269,963,885,732,67,107,103,108,83,84,65,50,99,99,79,42,66,66,117,69,84,66,68,63,42,54,50,56,94,58,62,55,56,86,86,94
[ 27.807442] wil6210-aoa$0,1606461625.839711,04:d6:aa:c1:38:97,2,1,1,0,128,330,1003,763,746,384,810,815,207,458,69,910,107,764,960,652,224,891,974,408,846,191,889,159,829,76,252,1006,202,293,995,101,798,72,115,108,115,90,89,68,54,104,103,85,42,69,68,126,74,90,70,69,67,43,57,51,61,101,63,67,59,59,89,90,97
[ 27.832795] wil6210-aoa$0,1606461625.865066,04:d6:aa:c1:38:97,2,1,1,0,128,351,1022,791,773,916,998,927,343,55,297,949,159,797,999,136,432,951,1009,517,979,711,54,770,59,99,256,1010,210,283,990,92,712,71,117,111,118,90,90,67,52,108,105,84,43,70,71,126,74,91,72,72,65,47,59,55,63,103,63,68,59,63,96,98,101
[ 27.864894] wil6210-aoa$0,1606461625.897165,04:d6:aa:c1:38:97,2,1,1,0,128,360,14,788,767,931,955,879,279,52,249,963,141,765,1013,166,419,940,989,487,927,628,969,198,823,98,256,952,181,247,934,359,77,73,122,118,127,96,92,69,57,113,110,88,39,70,72,127,74,93,77,72,67,47,55,53,59,104,58,66,58,57,88,87,94
[ 27.894566] wil6210-aoa$0,1606461625.926839,04:d6:aa:c1:38:97,2,1,1,0,128,315,20,881,826,952,989,443,476,11,251,923,116,818,3,221,460,912,1008,432,919,710,16,774,31,24,261,1005,207,293,964,862,512,76,124,117,127,99,97,73,57,115,114,90,43,72,73,132,79,94,78,75,68,47,59,54,62,107,61,68,62,58,91,91,102
[ 27.922100] wil6210-aoa$0,1606461625.954372,04:d6:aa:c1:38:97,2,1,1,0,128,796,829,859,823,991,992,406,423,62,262,955,141,741,993,205,469,909,997,937,729,656,994,677,966,101,270,30,175,289,968,443,103,70,112,108,116,89,89,69,55,104,105,85,45,71,70,127,76,93,71,71,67,45,57,53,59,101,63,65,59,63,88,94,100
[ 27.952563] wil6210-aoa$0,1606461625.984834,04:d6:aa:c1:38:97,2,1,1,0,128,336,1014,837,792,986,14,393,455,125,327,933,102,784,1010,134,391,946,0,452,917,680,986,728,2,501,51,993,198,250,969,682,415,71,114,109,116,92,91,69,53,108,106,85,46,72,69,130,77,93,73,70,68,46,59,56,62,102,63,70,62,62,95,93,99
[ 27.985033] wil6210-aoa$0,1606461626.017303,04:d6:aa:c1:38:97,2,1,1,0,128,304,1008,770,767,1016,1014,864,261,534,110,922,100,755,964,117,376,969,1013,420,877,96,789,760,1016,564,80,420,1000,269,960,705,444,69,115,108,116,88,88,67,51,109,106,80,41,68,66,123,71,88,71,72,65,45,53,50,56,97,55,61,55,58,87,84,92
[ 28.011121] wil6210-aoa$0,1606461626.043395,04:d6:aa:c1:38:97,2,1,1,0,128,323,993,799,810,991,1016,374,475,1010,267,423,1005,805,12,73,381,359,820,932,738,667,1015,762,60,83,284,969,181,772,805,1022,750,68,117,107,115,90,86,65,53,106,104,80,39,69,67,124,69,86,71,65,66,42,51,47,57,97,55,63,56,54,82,84,89
[ 28.042916] wil6210-aoa$0,1606461626.075185,04:d6:aa:c1:38:97,2,1,1,0,128,733,744,321,621,404,788,859,233,443,18,328,902,218,779,601,209,325,773,872,686,97,835,137,798,526,29,459,1018,757,780,72,990,70,114,108,117,88,87,66,51,102,105,83,38,70,68,124,73,89,73,70,66,45,55,50,59,99,60,67,59,59,89,87,93
[ 28.073491] wil6210-aoa$0,1606461626.105761,04:d6:aa:c1:38:97,2,1,1,0,128,809,830,863,853,969,991,321,411,77,305,932,141,759,948,609,218,929,979,486,955,640,1007,712,8,98,301,975,208,276,999,79,752,63,108,103,111,83,79,60,47,99,92,72,33,59,57,108,63,78,62,60,56,37,44,42,49,89,46,53,46,45,72,69,77
[ 28.109244] wil6210-aoa$0,1606461626.141490,04:d6:aa:c1:38:97,2,1,1,0,128,879,822,885,792,1002,1023,495,509,71,322,998,162,769,986,154,382,915,959,902,700,662,1011,774,41,75,257,0,234,322,1011,635,374,72,114,111,118,90,90,69,53,109,107,82,41,72,68,126,74,94,75,70,67,46,57,53,58,100,61,68,59,61,92,91,97
[ 28.144155] wil6210-aoa$0,1606461626.176424,04:d6:aa:c1:38:97,2,1,1,0,128,279,1013,871,822,1000,998,409,466,117,358,964,171,741,980,558,183,912,21,436,910,646,31,697,1021,136,296,983,191,277,976,891,564,71,115,109,119,90,88,68,53,108,108,82,42,70,67,127,72,87,70,70,66,41,53,50,56,95,55,64,56,56,85,86,90
[ 28.175321] wil6210-aoa$0,1606461626.207590,04:d6:aa:c1:38:97,2,1,1,0,128,278,1000,847,828,10,20,407,499,11,235,389,973,794,1019,183,467,874,965,897,716,147,856,706,10,54,263,35,254,333,962,262,967,70,115,110,117,88,89,68,52,105,105,84,41,67,68,126,75,87,70,71,65,45,54,49,59,99,57,64,57,58,88,87,96
[ 28.199694] wil6210-aoa$0,1606461626.231964,04:d6:aa:c1:38:97,2,1,1,0,128,814,815,327,611,432,848,412,459,89,286,978,178,733,945,108,384,912,973,420,868,682,997,696,966,565,73,449,0,738,746,559,393,74,123,116,124,96,94,70,56,112,111,87,41,72,70,128,74,95,78,76,69,47,59,55,63,105,60,69,62,59,91,93,99
[ 28.232474] wil6210-aoa$0,1606461626.264745,04:d6:aa:c1:38:97,2,1,1,0,128,418,1010,873,832,975,1002,439,509,1015,274,939,100,841,33,110,417,862,954,428,928,732,39,770,8,78,237,981,196,229,940,725,513,72,115,111,116,92,91,69,54,106,107,83,43,71,71,129,76,93,73,71,66,46,59,53,62,103,63,67,61,63,95,95,102
[ 28.263287] wil6210-aoa$0,1606461626.295560,04:d6:aa:c1:38:97,2,1,1,0,128,816,799,323,625,971,961,400,433,487,50,405,952,778,994,156,411,910,1013,897,701,646,993,140,846,51,236,975,176,736,763,363,121,67,106,102,109,87,85,64,49,100,100,78,39,67,65,120,69,86,67,65,63,41,54,48,57,95,59,62,56,56,86,84,93
[ 28.294054] wil6210-aoa$0,1606461626.326323,04:d6:aa:c1:38:97,2,1,1,0,128,374,4,817,792,984,4,447,492,59,257,916,144,751,987,592,212,864,974,518,928,682,1023,753,44,53,290,1007,204,287,972,410,70,72,111,109,119,91,91,67,53,106,107,84,43,71,69,128,77,89,73,72,67,46,57,53,60,104,62,67,58,58,91,92,100
[ 28.319394] wil6210-aoa$0,1606461626.351668,04:d6:aa:c1:38:97,2,1,1,0,128,357,1006,828,782,1006,993,415,491,42,246,909,104,803,1010,217,444,931,1002,452,907,722,20,734,25,99,298,992,228,308,969,183,921,70,117,109,116,90,87,67,54,107,105,80,40,71,69,126,71,89,75,70,65,46,56,51,59,99,58,64,58,57,89,88,98
[ 28.351222] wil6210-aoa$0,1606461626.383491,04:d6:aa:c1:38:97,2,1,1,0,128,310,1005,830,818,941,977,415,450,41,254,936,150,784,1000,143,392,979,1,404,865,101,821,176,855,71,272,940,160,247,929,873,703,71,116,110,121,92,91,65,52,109,107,80,38,67,67,122,70,89,72,66,64,43,54,47,54,97,57,62,53,56,82,83,92
[ 28.382236] wil6210-aoa$0,1606461626.414505,04:d6:aa:c1:38:97,2,1,1,0,128,308,965,853,845,933,1006,381,440,14,251,881,115,749,966,679,259,937,1014,413,932,668,27,662,988,19,265,30,255,322,1001,602,212,74,118,110,118,89,90,68,53,107,109,84,42,72,69,129,75,92,75,71,69,44,57,52,62,101,61,69,60,61,93,92,100
[ 28.407510] wil6210-aoa$0,1606461626.439779,04:d6:aa:c1:38:97,2,1,1,0,128,291,952,873,831,959,1013,419,473,1005,247,928,144,801,13,203,467,983,9,485,932,663,26,722,44,53,276,1022,221,278,971,133,835,75,124,116,124,95,94,70,56,114,111,88,43,72,71,131,77,96,77,76,69,47,61,53,63,105,61,69,61,59,91,94,101
[ 28.440076] wil6210-aoa$0,1606461626.472347,04:d6:aa:c1:38:97,2,1,1,0,128,350,1010,818,798,956,979,439,509,38,285,933,146,741,977,169,442,952,1013,476,960,660,10,765,51,62,266,992,225,295,983,908,718,70,111,107,117,89,89,66,51,105,103,82,41,67,69,122,74,85,70,70,65,44,54,50,59,100,59,64,57,60,90,89,97
[ 28.470574] wil6210-aoa$0,1606461626.502848,04:d6:aa:c1:38:97,2,1,1,0,128,334,1002,790,783,931,973,867,295,12,247,951,172,790,1015,210,452,954,2,499,947,661,32,716,1014,85,304,1018,220,291,983,211,866,69,108,108,116,87,88,67,52,106,107,82,42,72,68,123,73,85,69,69,64,45,55,51,58,100,60,63,55,58,89,91,92
[ 28.496037] wil6210-aoa$0,1606461626.528312,04:d6:aa:c1:38:97,2,1,1,0,128,318,1001,772,744,964,969,872,259,15,240,925,82,831,1012,194,432,947,1015,445,928,644,1002,683,27,57,286,956,156,316,1012,595,302,73,121,116,123,95,91,72,56,113,113,86,42,73,72,130,76,94,77,72,69,46,55,55,61,104,61,68,59,61,93,92,98
[ 28.526411] wil6210-aoa$0,1606461626.558682,04:d6:aa:c1:38:97,2,1,1,0,128,366,1023,828,787,990,2,368,442,1017,248,949,124,762,935,191,404,301,775,884,706,698,41,729,16,66,265,941,160,294,973,632,358,74,121,118,123,95,93,69,55,113,112,86,39,72,73,132,77,89,74,73,68,47,57,53,60,103,62,66,60,60,91,93,99
[ 28.557120] wil6210-aoa$0,1606461626.589394,04:d6:aa:c1:38:97,2,1,1,0,128,314,1001,847,823,972,1015,432,500,21,260,907,111,725,982,154,426,899,997,936,719,700,20,763,3,145,298,981,166,303,965,692,403,74,120,116,123,94,92,69,56,112,112,85,42,73,73,131,78,93,76,73,69,46,58,53,61,108,63,69,60,62,93,96,104
[ 28.584363] wil6210-aoa$0,1606461626.616632,04:d6:aa:c1:38:97,2,1,1,0,128,836,816,830,782,972,992,852,253,484,83,331,906,265,846,197,483,931,999,455,866,684,36,672,1016,60,287,985,186,289,979,326,119,74,122,113,124,92,90,68,54,111,109,85,40,70,71,125,74,90,73,72,67,44,56,55,60,101,60,66,59,58,87,90,97
[ 28.615665] wil6210-aoa$0,1606461626.647939,04:d6:aa:c1:38:97,2,1,1,0,128,828,835,784,769,993,20,847,270,94,302,919,118,165,758,684,262,898,21,458,949,669,1,714,11,92,254,28,244,275,990,147,891,74,118,114,121,94,90,69,55,109,109,87,39,71,71,131,75,89,73,70,64,46,56,51,56,101,58,63,56,59,88,82,88
[ 28.641376] wil6210-aoa$0,1606461626.673648,04:d6:aa:c1:38:97,2,1,1,0,128,868,852,879,837,968,16,374,447,551,114,927,101,163,770,695,273,933,982,887,680,149,835,702,1001,96,265,413,998,796,773,425,147,71,118,114,122,90,89,69,55,109,109,86,42,69,70,131,76,92,74,71,68,45,55,52,59,102,60,65,60,61,88,85,94
[ 28.673513] wil6210-aoa$0,1606461626.705784,04:d6:aa:c1:38:97,2,1,1,0,128,293,961,260,604,446,812,457,499,62,284,1014,174,739,965,168,435,884,953,449,882,679,1020,665,991,544,68,395,1010,298,966,910,611,73,121,113,120,93,90,72,55,110,108,87,41,69,72,129,76,91,73,75,68,45,57,54,62,102,60,68,58,60,92,90,96
[ 28.705266] wil6210-aoa$0,1606461626.737536,04:d6:aa:c1:38:97,2,1,1,0,128,273,962,857,824,1000,10,388,418,44,261,0,198,763,1,163,447,961,1008,471,926,634,1023,743,1015,62,278,996,205,327,998,773,450,68,113,106,113,89,86,63,51,104,103,84,40,67,69,123,73,86,69,67,63,44,55,53,61,97,61,65,57,60,91,90,98
[ 28.736694] wil6210-aoa$0,1606461626.768966,04:d6:aa:c1:38:97,2,1,1,0,128,350,1022,838,833,956,1011,390,469,13,256,925,93,841,29,121,403,944,1007,465,930,625,998,655,960,596,119,969,186,777,772,264,1019,75,124,120,129,96,94,71,55,114,112,87,43,73,72,134,76,95,76,77,70,48,60,56,62,106,64,70,62,62,94,94,103
[ 28.768407] wil6210-aoa$0,1606461626.800677,04:d6:aa:c1:38:97,2,1,1,0,128,328,983,833,812,978,11,843,272,1013,223,974,139,708,941,155,453,932,1011,383,877,631,998,732,16,469,38,992,203,288,965,299,20,71,115,111,118,88,90,65,51,104,105,80,39,68,67,122,71,88,72,68,63,44,53,51,58,99,57,62,53,56,87,84,92
[ 28.799690] wil6210-aoa$0,1606461626.831962,04:d6:aa:c1:38:97,2,1,1,0,128,342,995,799,814,993,1012,443,508,42,282,981,175,849,25,144,450,921,1011,418,888,710,13,791,46,115,300,983,212,320,965,101,828,80,124,120,128,100,99,76,60,115,115,92,48,80,74,128,82,98,80,79,74,50,63,61,67,112,70,74,66,68,101,104,110
[ 28.825528] wil6210-aoa$0,1606461626.857802,04:d6:aa:c1:38:97,2,1,1,0,128,349,0,862,832,1003,11,408,456,11,270,961,155,843,22,158,429,914,1014,361,904,660,1019,164,825,67,289,39,278,265,934,530,189,62,101,101,107,81,81,61,49,94,94,74,37,62,60,115,68,81,65,63,59,40,50,45,52,91,55,57,50,52,80,77,82
[ 28.852676] wil6210-aoa$0,1606461626.884948,04:d6:aa:c1:38:97,2,1,1,0,128,274,957,863,860,921,994,403,476,19,288,1008,132,795,1012,149,443,930,1018,471,928,694,48,784,46,116,291,985,222,281,1004,474,226,68,112,106,111,88,85,67,51,104,101,80,39,68,65,121,71,86,70,69,64,44,52,50,56,97,55,61,57,55,83,86,92
[ 28.884864] wil6210-aoa$0,1606461626.917134,04:d6:aa:c1:38:97,2,1,1,0,128,768,779,869,847,22,25,420,479,69,309,981,154,765,987,224,485,922,982,458,914,691,39,807,37,144,274,1016,217,285,970,910,625,73,119,113,119,92,89,68,54,112,109,86,39,74,71,128,74,91,75,72,67,46,58,53,61,102,61,68,57,59,91,90,99
[ 28.916242] wil6210-aoa$0,1606461626.948512,04:d6:aa:c1:38:97,2,1,1,0,128,300,960,212,530,431,816,908,296,501,87,948,141,804,1023,135,437,939,1013,412,859,126,837,193,846,576,94,363,1014,250,949,632,356,73,121,114,124,95,91,69,55,112,108,87,40,71,71,131,75,90,74,72,68,45,55,53,61,103,60,67,59,60,92,89,97
[ 28.948161] wil6210-aoa$0,1606461626.980429,04:d6:aa:c1:38:97,2,1,1,0,128,341,964,826,796,944,950,377,440,990,218,965,136,772,999,161,427,817,939,466,933,687,10,706,35,57,267,1009,167,299,993,1012,692,75,119,112,121,96,93,68,56,112,108,88,41,72,71,130,76,90,73,75,68,46,56,53,60,101,58,66,57,61,91,89,97
[ 28.973798] wil6210-aoa$0,1606461627.006069,04:d6:aa:c1:38:97,2,1,1,0,128,360,1016,836,809,925,971,892,294,1,271,1020,209,782,988,624,218,952,992,877,669,148,818,145,850,570,100,975,175,273,940,574,353,74,122,113,120,93,91,68,56,112,107,85,42,73,73,130,76,94,78,73,69,46,59,52,60,103,60,66,57,59,90,90,96
[ 29.008144] wil6210-aoa$0,1606461627.040413,04:d6:aa:c1:38:97,2,1,1,0,128,330,1009,809,791,997,1007,416,485,79,299,930,78,827,7,137,400,933,982,471,903,696,18,737,3,75,255,943,156,242,924,791,527,71,116,113,119,92,89,66,54,111,109,84,41,68,68,128,74,90,70,72,66,47,54,51,58,101,58,64,56,58,90,85,91
[ 29.039521] wil6210-aoa$0,1606461627.071793,04:d6:aa:c1:38:97,2,1,1,0,128,316,8,849,819,960,987,912,305,54,237,983,163,782,977,139,378,938,10,455,907,701,50,734,27,21,234,1004,213,784,817,38,867,67,108,103,111,85,83,65,50,101,100,76,39,66,63,121,69,85,70,68,61,43,52,48,53,92,56,60,53,54,81,79,89
[ 29.066414] wil6210-aoa$0,1606461627.098688,04:d6:aa:c1:38:97,2,1,1,0,128,377,993,849,817,977,978,438,500,1007,232,953,108,263,816,169,404,897,995,935,716,102,803,750,23,83,312,982,182,332,11,824,596,81,127,124,128,100,101,78,59,122,118,95,52,81,79,144,85,102,82,83,73,50,67,61,70,116,73,76,68,69,105,112,116
[ 29.092101] wil6210-aoa$0,1606461627.124374,04:d6:aa:c1:38:97,2,1,1,0,128,805,828,782,781,951,5,857,276,75,258,9,198,763,1002,604,190,396,810,949,741,719,26,196,862,601,72,1016,200,286,961,406,196,72,120,113,121,91,90,66,53,111,109,83,39,69,67,125,76,88,71,71,66,46,54,51,60,101,59,63,56,59,89,85,90
[ 29.124808] wil6210-aoa$0,1606461627.157077,04:d6:aa:c1:38:97,2,1,1,0,128,865,823,848,840,969,13,452,529,32,283,962,155,802,14,113,374,928,983,472,905,704,11,692,994,77,237,77,230,303,993,190,887,66,111,109,114,86,85,65,52,104,102,79,38,67,67,123,72,88,71,69,64,42,52,48,55,97,56,62,54,55,83,84,91
[ 29.156302] wil6210-aoa$0,1606461627.188571,04:d6:aa:c1:38:97,2,1,1,0,128,303,942,901,852,1020,981,378,423,33,283,920,85,725,962,151,422,892,951,915,728,657,1004,713,32,59,282,1002,236,337,1011,64,699,76,123,118,125,97,98,74,55,116,113,89,46,75,73,133,80,96,78,78,72,49,60,56,66,106,64,71,62,64,95,96,103
[ 29.186265] wil6210-aoa$0,1606461627.218539,04:d6:aa:c1:38:97,2,1,1,0,128,312,974,910,850,1009,37,356,457,25,258,1000,177,761,996,658,215,929,984,449,879,719,28,754,32,7,230,30,223,245,945,937,580,70,114,109,117,87,87,63,51,103,102,79,38,66,66,119,70,89,71,69,63,41,53,49,55,98,57,62,54,55,83,86,94
[ 29.215650] wil6210-aoa$0,1606461627.247920,04:d6:aa:c1:38:97,2,1,1,0,128,262,945,888,837,1020,9,376,457,75,313,985,190,786,1011,193,476,854,1003,442,947,614,1012,760,53,73,278,2,223,311,1022,548,223,70,113,108,117,88,90,67,51,106,102,80,43,70,69,126,74,90,72,70,65,46,59,54,59,100,61,66,58,61,91,94,101
[ 29.245984] wil6210-aoa$0,1606461627.278261,04:d6:aa:c1:38:97,2,1,1,0,128,375,27,808,789,989,1002,364,475,1002,203,352,958,241,801,664,227,364,784,921,715,106,842,824,68,77,265,952,191,295,966,846,618,68,110,105,115,84,85,66,51,104,101,82,42,71,67,122,72,88,71,67,62,43,54,51,56,97,58,63,56,56,85,88,94
[ 29.274247] wil6210-aoa$0,1606461627.306516,04:d6:aa:c1:38:97,2,1,1,0,128,324,1001,875,862,894,960,921,313,73,255,967,169,705,944,196,410,951,991,336,848,686,4,153,823,48,256,0,194,283,986,232,939,72,118,113,122,92,91,70,55,110,109,86,40,73,70,127,74,92,74,71,66,44,54,52,59,100,59,66,58,55,87,87,96
[ 29.304980] wil6210-aoa$0,1606461627.337253,04:d6:aa:c1:38:97,2,1,1,0,128,334,1021,848,806,990,1019,383,458,1006,247,1007,156,799,1000,213,484,886,978,452,921,688,69,690,24,44,228,22,233,234,951,926,594,69,117,113,119,91,85,65,49,108,106,81,36,68,67,117,70,86,71,66,63,43,49,47,53,94,49,57,50,48,77,76,82
[ 29.333375] wil6210-aoa$0,1606461627.365644,04:d6:aa:c1:38:97,2,1,1,0,128,329,978,851,781,973,1016,381,425,501,50,933,115,234,815,589,212,358,796,899,657,115,819,165,812,567,40,986,135,274,975,832,488,74,119,116,123,93,89,68,55,109,108,85,42,73,71,129,75,92,74,70,67,46,58,51,58,102,62,64,57,60,89,91,94
[ 29.360009] wil6210-aoa$0,1606461627.392283,04:d6:aa:c1:38:97,2,1,1,0,128,330,1008,813,752,932,998,422,502,74,294,930,126,802,1006,194,427,897,1006,509,952,717,18,767,18,64,254,21,231,258,961,136,841,65,108,106,110,86,84,65,51,102,102,80,40,67,66,120,68,86,67,67,62,42,52,46,52,94,51,60,51,53,78,82,88
[ 29.392536] wil6210-aoa$0,1606461627.424806,04:d6:aa:c1:38:97,2,1,1,0,128,370,1020,844,837,955,959,901,289,73,278,898,93,261,838,190,424,932,1019,467,921,643,30,718,47,64,270,991,204,320,969,47,747,72,122,114,120,95,90,69,53,112,107,87,43,74,72,127,75,91,73,73,67,48,58,53,60,102,60,65,59,60,90,88,96
[ 29.424666] wil6210-aoa$0,1606461627.456934,04:d6:aa:c1:38:97,2,1,1,0,128,291,936,862,817,988,995,397,492,114,285,1,205,757,986,136,425,861,986,947,717,104,824,725,11,67,247,494,28,283,966,13,831,72,119,113,120,91,87,68,56,109,109,83,39,67,69,125,73,88,73,72,66,45,56,52,58,100,56,66,57,55,85,87,95
[ 29.463576] wil6210-aoa$0,1606461627.495850,04:d6:aa:c1:38:97,2,1,1,0,128,800,828,846,805,1001,38,350,444,487,86,389,955,257,857,683,262,912,986,957,731,716,37,112,816,556,81,990,209,710,705,487,304,65,109,104,112,84,84,65,50,102,101,77,41,66,64,119,70,85,68,68,62,43,54,48,55,96,57,60,54,54,84,85,91
[ 29.494088] wil6210-aoa$0,1606461627.526362,04:d6:aa:c1:38:97,2,1,1,0,128,311,1001,887,806,943,966,374,470,51,263,935,145,801,1017,101,392,967,2,455,910,670,13,177,856,48,243,1007,204,313,1008,485,247,78,123,121,130,100,95,74,58,117,115,89,43,75,74,135,78,92,78,75,69,47,58,53,59,107,62,67,61,61,93,91,97
[ 29.520164] wil6210-aoa$0,1606461627.552438,04:d6:aa:c1:38:97,2,1,1,0,128,322,978,851,781,998,999,343,423,31,246,938,128,777,1002,162,454,966,11,468,925,688,17,192,888,6,221,16,202,312,990,535,194,79,129,119,129,99,98,74,55,119,117,90,44,73,70,133,78,94,75,76,67,47,56,53,62,108,60,68,60,60,92,90,100
[ 29.551819] wil6210-aoa$0,1606461627.584089,04:d6:aa:c1:38:97,2,1,1,0,128,404,1009,797,776,401,813,911,318,40,251,928,116,189,817,648,262,926,972,484,990,664,15,736,33,556,109,427,1012,700,791,330,58,73,122,114,123,94,93,71,54,113,110,87,43,75,73,129,78,92,74,75,70,46,58,54,64,105,61,67,59,63,94,97,104
[ 29.581485] wil6210-aoa$0,1606461627.613758,04:d6:aa:c1:38:97,2,1,1,0,128,276,959,850,794,981,954,856,237,94,289,963,126,224,812,642,253,896,967,873,687,131,818,157,816,42,253,1001,187,253,996,984,661,73,123,116,124,94,91,70,56,110,109,87,36,70,71,124,72,91,74,72,66,45,54,50,57,99,54,62,55,54,82,80,91
[ 29.606802] wil6210-aoa$0,1606461627.639077,04:d6:aa:c1:38:97,2,1,1,0,128,363,1009,815,772,411,803,867,266,523,79,379,940,233,838,668,285,932,1005,455,913,640,1013,195,822,576,94,1011,183,265,921,321,43,72,112,107,116,90,89,67,51,104,104,83,42,68,66,121,73,88,70,70,65,45,55,53,58,98,59,67,58,57,88,91,96
[ 29.633989] wil6210-aoa$0,1606461627.666259,04:d6:aa:c1:38:97,2,1,1,0,128,339,1004,824,786,1007,1008,416,478,1023,246,939,128,781,985,600,194,377,811,488,903,124,795,98,778,646,161,941,157,758,810,257,49,70,117,112,122,93,89,70,55,110,108,84,37,69,69,126,73,89,74,69,64,43,51,47,55,96,55,60,52,54,79,77,86
[ 29.667848] wil6210-aoa$0,1606461627.700117,04:d6:aa:c1:38:97,2,1,1,0,128,355,1006,833,773,10,1022,452,479,100,298,968,132,794,21,163,445,951,1015,408,902,652,1001,742,1018,526,69,6,226,271,988,175,842,72,119,112,120,94,87,69,55,111,109,84,41,71,70,128,75,91,72,74,68,46,55,54,60,105,62,67,59,61,91,91,94
[ 29.694137] wil6210-aoa$0,1606461627.726407,04:d6:aa:c1:38:97,2,1,1,0,128,376,1001,859,810,995,2,427,473,97,312,876,90,756,970,184,428,946,1017,426,885,675,5,709,1022,165,290,981,208,223,955,477,186,70,118,113,121,92,90,67,53,109,105,86,39,72,68,128,75,89,75,73,66,45,56,52,60,102,59,66,57,59,90,92,97
[ 29.727223] wil6210-aoa$0,1606461627.759493,04:d6:aa:c1:38:97,2,1,1,0,128,326,984,866,837,994,16,399,442,0,223,946,140,757,970,192,418,899,1001,478,944,83,818,241,866,535,60,43,257,277,983,800,581,79,127,122,127,98,97,72,56,120,117,92,45,76,75,133,80,96,79,78,72,49,58,56,64,109,63,69,62,64,96,96,102
[ 29.754069] wil6210-aoa$0,1606461627.786343,04:d6:aa:c1:38:97,2,1,1,0,128,768,802,802,790,995,34,429,474,55,285,1017,164,824,994,115,367,372,770,962,746,714,51,744,28,43,267,1010,183,242,938,219,1001,69,118,112,119,91,84,67,54,105,102,80,37,66,66,121,70,89,73,69,63,45,52,49,56,100,56,63,55,55,87,85,90
[ 29.784963] wil6210-aoa$0,1606461627.817237,04:d6:aa:c1:38:97,2,1,1,0,128,342,1007,859,828,935,1001,430,492,1012,242,19,214,792,21,180,436,941,1019,452,962,627,996,779,34,571,83,44,223,256,954,705,383,70,116,113,121,92,89,69,53,112,110,86,43,71,71,131,77,92,73,72,70,48,60,55,61,105,65,68,62,63,95,97,105
[ 29.814566] wil6210-aoa$0,1606461627.846835,04:d6:aa:c1:38:97,2,1,1,0,128,349,1001,821,839,920,987,413,531,46,314,952,135,776,955,682,260,962,1021,432,903,689,1023,723,1012,43,223,961,150,287,962,204,857,69,115,108,119,90,89,65,51,109,107,84,41,68,69,127,74,86,72,71,65,44,53,51,58,99,58,64,54,56,86,86,87
[ 29.845575] wil6210-aoa$0,1606461627.877849,04:d6:aa:c1:38:97,2,1,1,0,128,350,969,842,780,14,43,416,502,33,246,384,941,751,942,638,193,327,762,968,737,702,1003,784,28,122,269,981,162,291,976,260,29,70,117,110,119,92,87,68,53,105,104,82,39,67,68,125,71,87,70,70,64,41,50,49,52,96,53,62,53,53,83,84,87
[ 29.874346] wil6210-aoa$0,1606461627.906615,04:d6:aa:c1:38:97,2,1,1,0,128,346,16,855,841,947,998,392,516,1008,235,375,954,218,801,231,480,859,982,911,726,138,825,199,897,530,42,0,208,270,965,13,712,80,129,119,129,97,99,74,58,118,116,90,45,79,76,132,82,100,79,82,73,51,64,58,67,111,66,72,64,67,101,99,108
[ 29.905498] wil6210-aoa$0,1606461627.937773,04:d6:aa:c1:38:97,2,1,1,0,128,323,990,810,770,421,818,376,431,19,237,928,121,780,1002,150,407,352,810,911,719,78,751,190,795,513,25,1009,209,255,954,332,14,76,125,122,128,100,98,72,58,116,118,91,43,78,74,134,81,97,80,77,73,51,62,57,65,107,66,73,66,64,97,100,104
[ 29.934969] wil6210-aoa$0,1606461627.967240,04:d6:aa:c1:38:97,2,1,1,0,128,283,989,810,804,957,1013,445,504,40,263,941,144,752,983,160,438,908,978,468,911,708,26,725,1013,586,81,32,214,301,979,968,690,79,129,121,129,98,100,75,60,122,118,91,49,80,76,127,82,103,82,79,75,51,64,61,69,117,72,75,67,69,102,107,112
[ 29.961605] wil6210-aoa$0,1606461627.993880,04:d6:aa:c1:38:97,2,1,1,0,128,364,8,848,811,915,1023,901,275,103,278,935,134,769,1005,148,431,913,1016,398,908,689,37,790,49,135,318,1022,222,303,973,553,160,75,121,115,123,94,91,72,54,112,111,89,47,73,73,132,78,95,75,75,70,48,62,54,63,106,62,68,58,62,95,94,99
[ 29.989902] wil6210-aoa$0,1606461628.022173,04:d6:aa:c1:38:97,2,1,1,0,128,756,759,362,675,962,1005,418,487,482,31,456,977,189,806,123,379,883,949,439,862,45,821,164,784,509,1018,424,1019,332,1002,642,304,68,108,106,111,89,88,66,51,102,101,81,41,70,66,125,74,89,70,68,65,43,58,50,60,99,61,63,57,57,90,91,96
[ 30.023217] wil6210-aoa$0,1606461628.055487,04:d6:aa:c1:38:97,2,1,1,0,128,395,1006,839,860,974,1003,454,491,9,239,961,166,791,1013,142,417,937,1020,472,946,697,74,740,28,116,348,938,195,274,973,346,57,72,123,118,125,96,92,70,56,114,112,86,42,75,73,132,77,94,77,75,68,47,57,54,61,102,59,66,58,61,91,87,100
[ 30.056741] wil6210-aoa$0,1606461628.089012,04:d6:aa:c1:38:97,2,1,1,0,128,813,841,230,592,415,818,924,334,28,248,946,108,792,1014,136,394,874,953,470,938,94,849,182,803,586,36,19,194,736,736,977,786,73,117,112,120,91,92,68,56,108,107,85,44,71,70,128,77,89,74,72,66,46,58,54,61,104,60,67,59,61,93,90,98
[ 30.089997] wil6210-aoa$0,1606461628.122272,04:d6:aa:c1:38:97,2,1,1,0,128,709,769,949,887,948,1020,381,450,73,304,968,127,789,984,71,368,957,1016,967,723,149,829,711,1008,162,337,972,191,283,976,274,9,72,118,110,122,93,90,67,56,108,107,87,41,71,70,128,75,89,72,73,68,46,59,54,59,103,63,67,59,60,92,93,101
[ 30.116145] wil6210-aoa$0,1606461628.148419,04:d6:aa:c1:38:97,2,1,1,0,128,313,980,824,798,995,10,372,436,16,276,969,159,776,979,135,403,378,808,511,980,704,51,746,18,99,297,966,202,313,1014,748,396,78,124,121,130,98,98,77,59,118,120,90,48,79,77,128,83,100,80,78,76,50,65,58,66,115,68,75,68,72,106,105,111
[ 30.147581] wil6210-aoa$0,1606461628.179851,04:d6:aa:c1:38:97,2,1,1,0,128,810,828,849,789,436,832,369,401,564,86,918,104,734,944,160,390,357,754,913,698,125,843,720,1019,510,1020,451,1023,280,935,25,807,79,127,121,129,101,101,76,58,118,118,93,47,80,77,138,83,101,83,81,74,50,65,61,67,110,68,77,68,70,102,105,111
[ 30.181462] wil6210-aoa$0,1606461628.213732,04:d6:aa:c1:38:97,2,1,1,0,128,833,807,290,563,1022,7,378,476,44,284,935,104,795,1013,148,422,900,1010,930,724,61,795,204,842,515,39,483,2,794,767,126,961,73,119,110,119,89,88,68,53,109,109,84,39,68,70,122,74,89,73,71,65,44,56,49,58,99,61,67,58,59,88,88,93
[ 30.214118] wil6210-aoa$0,1606461628.246387,04:d6:aa:c1:38:97,2,1,1,0,128,326,965,921,849,915,980,411,447,100,305,943,138,811,10,153,414,909,985,422,946,656,17,740,66,49,263,56,248,285,969,147,817,75,126,119,128,97,98,75,57,120,118,89,45,77,75,137,81,99,81,77,72,48,62,58,64,110,66,71,64,64,101,98,106
[ 30.253844] wil6210-aoa$0,1606461628.286119,04:d6:aa:c1:38:97,2,1,1,0,128,347,985,854,792,994,1016,433,459,39,289,976,197,774,992,179,450,870,955,462,922,710,1012,793,48,61,244,0,196,254,940,851,621,72,119,112,121,91,91,68,54,110,109,83,42,72,69,128,73,90,74,71,67,46,58,53,62,102,58,67,59,62,91,91,99
[ 30.280214] wil6210-aoa$0,1606461628.312486,04:d6:aa:c1:38:97,2,1,1,0,128,298,991,806,808,977,34,781,260,499,115,359,945,254,815,600,221,354,768,964,750,84,852,198,864,30,237,440,26,264,984,903,604,72,117,112,119,92,92,68,54,109,110,84,43,73,71,129,78,93,77,74,69,47,58,55,62,103,64,67,61,60,90,95,102
[ 30.310329] wil6210-aoa$0,1606461628.342603,04:d6:aa:c1:38:97,2,1,1,0,128,344,36,859,842,5,20,386,463,23,292,929,141,810,987,224,452,959,4,497,969,660,22,764,47,101,252,11,222,251,958,976,517,66,109,101,112,83,84,63,50,100,100,77,40,64,67,121,70,85,67,67,62,43,54,48,55,93,57,61,54,55,83,85,90
[ 30.340976] wil6210-aoa$0,1606461628.373243,04:d6:aa:c1:38:97,2,1,1,0,128,297,962,863,810,987,14,380,419,32,235,951,121,732,967,584,136,376,796,943,738,66,802,723,995,32,206,1000,160,266,962,35,886,69,115,114,119,90,88,68,52,106,105,82,39,69,67,125,75,89,73,70,64,45,55,50,56,99,58,65,56,58,89,86,95
[ 30.366723] wil6210-aoa$0,1606461628.398996,04:d6:aa:c1:38:97,2,1,1,0,128,399,39,860,824,1012,978,385,448,48,243,928,114,796,7,130,408,892,987,471,931,706,35,709,33,59,257,980,230,315,997,362,15,73,118,114,123,92,93,70,55,111,109,84,41,71,72,128,74,90,75,74,66,45,57,52,60,103,61,64,56,56,88,88,95
[ 30.396509] wil6210-aoa$0,1606461628.428778,04:d6:aa:c1:38:97,2,1,1,0,128,334,1013,824,797,935,987,891,280,544,87,991,184,200,808,610,182,870,898,981,735,665,26,127,811,601,86,515,37,248,951,791,570,74,123,115,122,93,89,68,53,109,107,85,38,71,66,124,73,87,72,72,66,44,51,50,58,99,55,62,54,54,86,84,92
[ 30.428464] wil6210-aoa$0,1606461628.460738,04:d6:aa:c1:38:97,2,1,1,0,128,290,1021,866,869,936,1021,354,447,10,280,973,161,752,1018,128,493,918,1,383,896,711,43,764,32,77,250,1018,192,312,990,540,210,76,119,116,124,94,93,70,55,112,112,89,46,73,73,131,79,95,77,76,69,50,61,56,65,105,64,71,62,63,93,95,101
[ 30.457739] wil6210-aoa$0,1606461628.490011,04:d6:aa:c1:38:97,2,1,1,0,128,276,968,813,782,931,996,414,498,23,267,1014,196,780,1015,175,486,897,1015,408,901,148,850,116,809,132,311,472,17,808,825,188,976,67,111,102,110,87,86,65,51,105,102,79,42,66,66,120,71,88,69,67,64,42,54,50,58,97,58,64,57,59,88,89,96
[ 30.491920] wil6210-aoa$0,1606461628.524188,04:d6:aa:c1:38:97,2,1,1,0,128,846,829,913,858,937,991,390,429,75,304,979,117,748,944,202,398,362,757,461,887,114,839,772,15,82,275,1008,211,252,917,946,669,74,117,111,118,95,92,71,56,112,108,84,45,75,71,132,76,96,77,74,69,47,59,55,63,104,63,69,62,62,93,96,102
[ 30.525359] wil6210-aoa$0,1606461628.557630,04:d6:aa:c1:38:97,2,1,1,0,128,787,783,377,665,985,1000,382,437,52,292,950,133,779,977,182,462,937,989,446,904,739,66,726,8,96,270,1020,197,274,961,950,718,79,126,124,128,101,100,76,58,120,120,92,45,77,77,140,83,99,79,79,74,51,59,59,64,110,65,70,62,61,96,98,106
[ 30.557569] wil6210-aoa$0,1606461628.589844,04:d6:aa:c1:38:97,2,1,1,0,128,300,967,851,805,962,6,444,464,12,247,937,100,739,948,190,403,956,1022,447,927,589,976,714,5,103,276,980,179,209,913,256,60,79,126,121,131,100,98,76,58,120,120,93,47,82,77,130,81,100,79,79,73,50,64,59,67,110,68,74,66,68,100,104,110
[ 30.587733] wil6210-aoa$0,1606461628.620003,04:d6:aa:c1:38:97,2,1,1,0,128,391,19,846,823,1004,24,449,483,37,276,971,164,770,989,170,416,962,986,499,913,609,969,197,819,521,47,971,188,279,966,342,934,68,114,113,120,91,87,67,52,110,105,83,36,68,67,123,70,86,70,67,60,41,49,48,52,97,51,57,49,52,81,75,81
[ 30.621395] wil6210-aoa$0,1606461628.653667,04:d6:aa:c1:38:97,2,1,1,0,128,305,975,827,789,455,849,435,500,0,232,6,178,757,1009,188,446,957,26,417,926,644,1017,794,60,37,273,991,157,271,951,816,452,70,118,109,116,91,87,65,54,105,104,81,39,69,69,125,72,88,73,71,66,45,55,53,59,103,59,67,59,60,91,92,96
[ 30.655100] wil6210-aoa$0,1606461628.687366,04:d6:aa:c1:38:97,2,1,1,0,128,326,987,260,646,411,811,799,224,479,64,403,978,788,1005,193,449,903,986,902,709,98,820,696,999,562,57,458,9,260,924,736,469,73,127,119,126,98,94,69,56,116,115,86,39,71,74,128,76,97,79,73,69,45,57,52,58,101,58,64,56,56,89,82,92
[ 30.682931] wil6210-aoa$0,1606461628.715201,04:d6:aa:c1:38:97,2,1,1,0,128,791,802,260,608,952,1017,448,481,92,310,963,162,851,41,104,406,914,14,382,877,759,68,722,42,89,324,974,213,252,942,648,326,80,127,122,130,100,98,77,59,116,119,92,48,78,77,129,86,102,80,78,75,50,64,57,68,112,69,74,65,67,100,101,110
[ 30.716889] wil6210-aoa$0,1606461628.749158,04:d6:aa:c1:38:97,2,1,1,0,128,331,984,856,802,465,832,424,442,982,225,939,140,757,957,178,415,947,992,438,895,673,14,679,995,97,266,975,185,275,978,683,358,70,118,111,119,92,90,67,52,108,109,82,40,69,68,125,75,88,74,72,65,44,56,53,58,103,59,65,59,57,87,89,96
[ 30.748975] wil6210-aoa$0,1606461628.781249,04:d6:aa:c1:38:97,2,1,1,0,128,301,983,851,857,981,15,318,451,510,97,1001,155,734,988,168,426,912,986,436,908,650,1014,677,986,568,78,447,6,233,936,678,399,72,123,117,130,97,91,69,54,115,110,85,36,71,70,125,75,91,76,72,67,45,56,50,58,101,57,63,54,56,87,87,92
[ 30.780134] wil6210-aoa$0,1606461628.812400,04:d6:aa:c1:38:97,2,1,1,0,128,807,788,275,586,372,778,867,256,466,49,375,956,252,827,613,193,366,825,894,670,106,804,159,821,535,34,421,14,789,770,651,407,78,130,125,131,101,99,73,59,117,117,88,40,74,75,133,79,94,77,75,70,47,57,52,61,106,58,69,61,59,92,89,99
[ 30.806510] wil6210-aoa$0,1606461628.838784,04:d6:aa:c1:38:97,2,1,1,0,128,299,967,837,779,993,1009,395,441,54,218,963,164,721,928,205,445,897,996,468,902,591,994,203,858,540,35,466,1020,275,972,29,716,73,119,117,121,93,92,70,56,109,108,84,41,70,69,128,72,90,74,74,67,47,56,55,62,104,62,67,60,63,94,93,100
[ 30.837254] wil6210-aoa$0,1606461628.869523,04:d6:aa:c1:38:97,2,1,1,0,128,332,986,842,848,995,0,403,478,56,289,938,169,789,1016,182,424,968,27,506,958,698,31,736,18,117,315,40,237,320,984,288,947,74,120,114,122,94,91,71,53,110,111,85,41,75,70,129,73,92,76,73,68,46,60,54,61,104,60,70,60,61,93,93,99
[ 30.863754] wil6210-aoa$0,1606461628.896025,04:d6:aa:c1:38:97,2,1,1,0,128,316,968,863,838,929,1002,417,517,72,299,956,146,778,969,225,446,862,967,481,916,686,53,676,982,150,291,980,189,425,31,67,756,73,120,111,120,92,87,67,53,108,106,80,39,66,70,125,72,88,72,71,67,43,52,51,58,101,56,65,55,57,86,84,93
[ 30.897513] wil6210-aoa$0,1606461628.929784,04:d6:aa:c1:38:97,2,1,1,0,128,361,1001,815,771,467,824,431,447,53,281,915,115,820,1008,179,391,952,1023,486,921,681,1013,685,993,600,87,428,3,316,971,866,514,78,128,123,130,99,97,74,58,119,116,90,45,76,74,129,79,98,77,78,71,46,56,53,60,105,59,65,59,59,90,90,97
[ 30.925145] wil6210-aoa$0,1606461628.957417,04:d6:aa:c1:38:97,2,1,1,0,128,841,796,873,821,411,841,866,301,555,95,429,973,240,790,196,431,421,831,963,690,170,852,177,817,624,138,981,142,293,984,324,61,77,128,120,127,95,94,75,59,120,118,91,45,76,76,139,83,98,79,78,74,51,61,57,66,110,66,72,64,65,98,102,109
[ 30.959622] wil6210-aoa$0,1606461628.991892,04:d6:aa:c1:38:97,2,1,1,0,128,824,820,831,810,1005,18,402,465,552,96,952,172,823,990,207,407,362,809,960,733,705,1016,743,0,97,262,442,1014,267,919,991,732,76,128,121,130,98,98,72,57,117,116,94,45,79,76,132,81,98,81,79,74,50,63,58,65,114,68,76,67,67,101,103,111
[ 30.986856] wil6210-aoa$0,1606461629.019130,04:d6:aa:c1:38:97,2,1,1,0,128,321,983,812,794,1021,1004,385,418,83,298,936,122,766,1010,116,378,342,796,884,751,97,848,720,20,127,296,76,270,318,987,635,339,74,125,121,128,99,100,73,58,120,118,93,46,79,76,137,81,99,80,81,72,49,64,56,67,111,68,74,65,67,102,100,111
[ 31.015338] wil6210-aoa$0,1606461629.047611,04:d6:aa:c1:38:97,2,1,1,0,128,351,978,870,844,947,992,432,467,61,286,935,104,748,957,183,449,975,53,405,846,122,834,693,1007,82,281,1020,208,311,981,777,414,66,102,98,108,83,84,67,50,99,101,76,40,66,65,121,70,85,67,67,62,43,58,52,57,97,61,65,57,60,89,90,99
[ 31.050608] wil6210-aoa$0,1606461629.082881,04:d6:aa:c1:38:97,2,1,1,0,128,298,1004,846,763,1023,0,427,483,108,314,1023,182,744,951,622,200,372,802,471,925,716,1,711,1019,496,43,988,150,753,768,575,276,72,116,113,121,91,90,71,55,107,108,85,42,71,71,129,76,93,73,73,67,47,57,56,60,105,63,65,59,61,93,95,101
[ 31.077481] wil6210-aoa$0,1606461629.109754,04:d6:aa:c1:38:97,2,1,1,0,128,813,814,297,631,959,1012,390,455,40,288,952,147,735,972,145,388,388,816,503,940,724,15,771,49,98,278,1018,244,243,967,744,558,72,122,120,127,95,93,72,57,117,115,85,43,74,73,130,79,94,77,74,68,47,58,53,59,105,60,69,57,58,92,91,99
[ 31.108715] wil6210-aoa$0,1606461629.140984,04:d6:aa:c1:38:97,2,1,1,0,128,324,935,819,765,934,971,398,447,39,301,923,129,761,967,666,229,874,957,477,944,628,1010,744,10,64,254,1008,188,297,1016,332,36,76,127,118,125,99,96,71,56,117,117,92,43,75,74,127,81,98,78,77,72,48,60,55,64,109,62,69,63,64,96,95,101
[ 31.142376] wil6210-aoa$0,1606461629.174651,04:d6:aa:c1:38:97,2,1,1,0,128,367,1006,871,799,969,9,410,482,92,303,907,132,732,1004,140,416,966,22,449,922,689,34,708,1023,110,275,11,263,279,979,818,539,75,126,119,129,98,95,75,57,119,118,89,43,77,77,129,83,98,77,79,74,49,63,58,66,114,68,73,66,66,101,99,107
[ 31.169346] wil6210-aoa$0,1606461629.201619,04:d6:aa:c1:38:97,2,1,1,0,128,813,780,861,826,1003,10,431,492,1022,259,890,126,787,977,120,356,957,27,463,956,669,29,691,1005,72,242,970,177,794,804,875,548,75,117,113,119,93,92,71,56,110,110,84,43,74,70,127,76,93,74,74,70,46,60,53,62,105,64,69,62,62,94,92,102
[ 31.206856] wil6210-aoa$0,1606461629.239103,04:d6:aa:c1:38:97,2,1,1,0,128,332,1016,892,825,983,0,410,481,32,261,959,96,834,33,162,408,938,1015,387,876,689,21,665,987,72,249,960,149,243,920,82,834,72,121,114,123,93,91,67,55,110,110,84,38,69,67,126,72,91,72,71,66,45,54,49,56,101,56,61,57,56,85,81,90
[ 31.245398] wil6210-aoa$0,1606461629.277670,04:d6:aa:c1:38:97,2,1,1,0,128,359,1001,819,734,996,987,440,471,20,237,961,158,827,7,209,465,934,1002,482,928,685,37,748,29,2,208,14,223,267,1001,590,302,72,121,113,121,92,91,69,54,114,112,86,43,71,71,127,75,91,75,73,68,46,57,52,57,101,58,65,58,57,89,87,93
[ 31.279506] wil6210-aoa$0,1606461629.311782,04:d6:aa:c1:38:97,2,1,1,0,128,856,804,261,574,450,835,902,284,540,96,392,950,744,1000,145,391,933,3,418,889,592,964,223,875,579,74,433,1014,772,838,282,82,71,115,113,120,94,90,70,55,112,109,84,42,71,71,129,77,92,74,75,66,48,61,54,63,106,64,68,62,63,94,94,102
[ 31.307775] wil6210-aoa$0,1606461629.340046,04:d6:aa:c1:38:97,2,1,1,0,128,327,966,849,795,394,817,861,243,103,300,990,156,794,1015,149,440,965,5,466,915,684,45,723,1020,87,301,955,193,334,972,393,96,74,116,111,118,94,91,69,55,107,108,86,41,70,71,129,75,91,75,70,68,44,57,51,57,100,60,66,57,56,90,89,96
[ 31.342547] wil6210-aoa$0,1606461629.374815,04:d6:aa:c1:38:97,2,1,1,0,128,803,785,304,602,488,847,487,496,30,249,963,156,771,981,205,471,944,996,477,886,122,799,210,867,543,77,471,31,294,965,965,677,70,116,111,119,91,89,66,54,109,108,83,39,69,69,126,73,88,72,70,65,45,53,50,56,100,57,64,54,54,85,87,90
[ 31.369621] wil6210-aoa$0,1606461629.401894,04:d6:aa:c1:38:97,2,1,1,0,128,329,1010,811,813,940,994,368,445,99,334,928,119,830,1010,128,393,916,988,382,890,724,44,794,55,28,228,971,194,289,988,717,423,78,126,120,127,97,97,73,57,117,116,93,42,74,74,129,78,95,78,75,71,48,57,55,64,104,62,69,60,58,92,92,102
[ 31.399718] wil6210-aoa$0,1606461629.431988,04:d6:aa:c1:38:97,2,1,1,0,128,330,1005,832,799,1000,1020,409,484,1020,290,959,139,781,997,158,411,931,996,439,904,606,945,743,1004,556,55,1015,182,298,959,123,927,75,126,119,127,97,95,74,58,118,118,92,46,77,77,134,82,102,77,80,72,50,65,58,67,113,70,72,66,70,105,106,113
[ 31.428073] wil6210-aoa$0,1606461629.460349,04:d6:aa:c1:38:97,2,1,1,0,128,783,791,822,774,922,986,355,448,50,278,985,190,771,957,168,441,912,979,445,884,647,991,159,842,10,231,1014,191,265,931,712,466,75,124,118,124,97,97,71,55,114,114,87,39,74,71,129,74,94,78,74,68,46,56,53,60,104,58,65,57,58,91,87,94
[ 31.466834] wil6210-aoa$0,1606461629.499078,04:d6:aa:c1:38:97,2,1,1,0,128,375,24,906,867,993,0,385,451,22,296,994,210,742,984,194,429,947,1016,475,932,696,24,732,13,41,226,1013,229,269,938,439,151,72,117,110,120,92,88,69,54,109,106,83,42,70,67,126,74,89,74,70,66,45,56,53,57,102,61,67,59,59,91,89,95
[ 31.501762] wil6210-aoa$0,1606461629.534032,04:d6:aa:c1:38:97,2,1,1,0,128,336,1006,294,614,425,824,427,516,36,266,963,158,831,1016,175,445,939,989,508,949,668,4,741,1015,44,232,997,186,752,798,731,452,76,124,119,126,97,96,72,56,116,115,86,42,73,72,134,79,96,79,73,70,47,58,55,63,107,65,70,61,63,92,96,104
[ 31.535570] wil6210-aoa$0,1606461629.567844,04:d6:aa:c1:38:97,2,1,1,0,128,310,989,810,770,931,941,425,508,96,287,986,129,739,970,185,408,359,820,405,892,690,1017,777,50,10,197,21,250,290,982,355,7,71,117,110,119,89,86,68,54,106,104,83,40,67,65,125,73,89,73,70,66,43,54,49,57,100,57,63,56,57,86,88,96
[ 31.568211] wil6210-aoa$0,1606461629.600482,04:d6:aa:c1:38:97,2,1,1,0,128,293,950,835,794,1017,1019,336,402,96,302,981,164,806,22,105,356,923,992,908,711,126,855,161,845,62,260,986,179,291,975,232,1019,78,126,120,127,99,99,74,59,118,115,91,50,79,77,140,83,102,81,79,75,51,65,59,69,112,71,75,68,68,103,108,113
[ 31.602492] wil6210-aoa$0,1606461629.634767,04:d6:aa:c1:38:97,2,1,1,0,128,327,1013,801,759,984,20,410,471,996,221,970,157,753,998,139,385,945,1015,425,918,729,55,714,10,579,90,951,162,790,835,46,875,76,122,116,122,96,94,70,54,112,110,88,43,73,73,128,79,93,77,75,70,47,58,55,63,105,64,68,61,63,96,93,100
[ 31.633754] wil6210-aoa$0,1606461629.666025,04:d6:aa:c1:38:97,2,1,1,0,128,349,991,868,814,13,28,366,421,12,236,929,112,769,1014,183,442,883,1012,459,891,700,33,683,998,55,216,1019,229,219,945,684,434,74,122,113,119,92,89,69,54,109,109,84,41,69,68,126,76,89,73,72,66,46,57,54,60,101,60,66,60,59,87,90,96
[ 31.673195] wil6210-aoa$0,1606461629.705467,04:d6:aa:c1:38:97,2,1,1,0,128,858,820,854,801,962,1008,843,234,527,92,358,941,279,853,633,247,926,1012,485,914,705,53,656,1016,109,302,986,199,377,992,763,490,70,118,113,122,92,90,68,55,109,107,83,39,68,68,125,73,90,74,71,67,44,54,48,57,98,54,64,54,55,86,82,92
[ 31.708295] wil6210-aoa$0,1606461629.740565,04:d6:aa:c1:38:97,2,1,1,0,128,799,823,824,776,402,797,944,317,23,257,896,156,783,1021,156,422,940,1004,476,914,144,875,727,1013,146,265,455,1000,804,779,165,862,73,120,113,119,94,92,70,54,110,108,86,43,71,70,129,76,91,75,74,70,47,60,54,63,104,63,68,60,62,94,95,100
[ 31.743860] wil6210-aoa$0,1606461629.776129,04:d6:aa:c1:38:97,2,1,1,0,128,340,1022,846,798,977,984,441,500,1023,261,971,147,749,997,170,428,894,948,487,956,664,15,735,18,81,307,994,198,316,979,479,98,72,117,115,120,93,88,68,54,106,107,85,41,69,69,128,74,91,72,70,64,44,54,52,58,101,59,63,58,58,88,87,94
[ 31.773859] wil6210-aoa$0,1606461629.806133,04:d6:aa:c1:38:97,2,1,1,0,128,320,973,900,860,972,970,381,501,58,312,943,130,195,809,250,439,873,969,424,896,649,35,716,12,92,258,992,207,272,969,520,188,73,116,110,119,92,91,69,54,111,108,86,44,73,71,129,76,93,74,72,70,46,58,54,60,104,64,67,60,63,92,94,103
[ 31.801020] wil6210-aoa$0,1606461629.833291,04:d6:aa:c1:38:97,2,1,1,0,128,394,2,904,807,987,997,350,413,1021,229,980,197,807,34,83,383,929,10,442,885,671,1015,734,2,37,264,996,201,289,977,112,766,77,124,122,128,100,94,73,57,119,115,91,46,77,76,128,81,97,77,77,71,49,62,57,65,110,67,72,65,64,97,98,108
[ 31.832565] wil6210-aoa$0,1606461629.864839,04:d6:aa:c1:38:97,2,1,1,0,128,349,9,812,778,978,1015,376,495,42,283,953,165,835,994,219,493,974,7,481,908,702,9,729,2,87,259,1021,193,292,964,189,975,72,117,112,117,91,91,69,54,107,107,82,42,72,69,125,75,91,73,71,67,45,57,53,60,105,63,66,62,63,94,94,103
[ 31.859524] wil6210-aoa$0,1606461629.891799,04:d6:aa:c1:38:97,2,1,1,0,128,389,1015,857,806,975,1002,394,459,37,232,929,123,182,788,186,437,879,982,893,744,631,1022,702,17,546,75,959,209,303,1007,928,697,71,114,110,117,93,92,68,54,109,106,84,43,73,70,130,77,93,75,72,66,46,58,54,62,103,61,66,60,58,89,90,95
[ 31.893046] wil6210-aoa$0,1606461629.925322,04:d6:aa:c1:38:97,2,1,1,0,128,377,20,877,829,928,973,409,476,92,327,947,145,722,966,170,430,958,985,408,927,83,876,726,1019,125,326,1019,209,358,18,364,1004,70,115,112,118,91,89,69,53,106,105,85,43,72,70,127,77,92,73,73,71,46,59,55,63,104,63,66,60,62,95,93,104
[ 31.920644] wil6210-aoa$0,1606461629.952917,04:d6:aa:c1:38:97,2,1,1,0,128,358,1012,837,769,306,713,892,305,533,99,357,925,229,815,599,162,369,794,958,718,47,772,168,814,108,298,974,190,235,956,632,443,77,125,122,127,101,97,73,58,118,116,93,46,74,72,136,81,94,79,73,71,49,60,55,65,110,65,71,62,64,97,100,106
[ 31.953884] wil6210-aoa$0,1606461629.986157,04:d6:aa:c1:38:97,2,1,1,0,128,322,972,816,794,1,1005,467,522,93,314,936,152,793,998,160,405,881,1015,434,903,641,14,728,35,512,17,432,1014,714,783,782,483,67,114,107,113,87,78,60,50,101,99,76,32,58,61,113,61,77,66,62,57,38,44,42,49,90,48,52,48,46,71,68,77
[ 31.985161] wil6210-aoa$0,1606461630.017433,04:d6:aa:c1:38:97,2,1,1,0,128,352,1011,787,749,401,827,436,502,25,286,926,125,227,805,643,220,376,794,972,729,694,44,708,6,84,293,938,146,229,892,202,874,72,118,112,120,91,91,67,55,111,109,86,43,73,73,129,77,93,73,73,69,47,57,55,63,102,64,66,57,58,88,93,99
[ 32.012747] wil6210-aoa$0,1606461630.045020,04:d6:aa:c1:38:97,2,1,1,0,128,347,978,804,780,958,985,872,240,567,119,915,112,700,931,603,231,391,841,497,928,737,55,692,3,534,56,1010,213,297,991,88,909,72,116,108,121,92,84,67,53,110,109,83,37,70,66,123,70,85,72,70,66,43,54,49,54,97,56,61,54,55,88,82,90
[ 32.039865] wil6210-aoa$0,1606461630.072138,04:d6:aa:c1:38:97,2,1,1,0,128,373,1006,870,820,939,997,407,460,1002,227,419,1011,715,992,130,395,882,994,423,875,128,832,716,20,53,246,8,233,225,948,910,725,73,118,113,122,97,95,72,56,112,112,87,45,75,73,135,78,95,78,75,72,49,63,59,65,107,67,74,63,68,98,101,107
[ 32.073053] wil6210-aoa$0,1606461630.105328,04:d6:aa:c1:38:97,2,1,1,0,128,377,987,868,836,952,3,387,451,20,260,909,77,203,809,636,234,947,37,400,904,718,64,703,36,79,282,990,194,239,970,216,23,69,111,105,116,85,85,67,51,103,102,79,38,67,65,122,71,86,69,68,63,43,55,48,55,96,58,64,55,57,88,87,97
[ 32.100190] wil6210-aoa$0,1606461630.132463,04:d6:aa:c1:38:97,2,1,1,0,128,331,1017,802,772,1018,25,360,417,2,261,905,131,779,26,165,450,971,12,481,884,707,2,779,30,145,302,984,211,255,956,439,154,71,117,111,120,91,88,68,55,108,108,84,43,71,70,128,74,93,72,72,69,47,58,53,63,105,65,69,61,63,96,93,103
[ 32.130849] wil6210-aoa$0,1606461630.163120,04:d6:aa:c1:38:97,2,1,1,0,128,770,792,819,792,1007,1018,895,283,542,99,413,962,198,767,665,250,334,770,920,700,113,817,190,831,101,263,1018,211,288,957,90,892,69,116,109,115,89,83,64,52,106,103,83,37,67,67,120,70,86,69,69,61,42,49,47,53,96,49,59,51,53,77,77,84
[ 32.159234] wil6210-aoa$0,1606461630.191508,04:d6:aa:c1:38:97,2,1,1,0,128,306,986,852,811,983,3,387,445,32,273,944,162,809,1019,192,439,956,1002,502,963,653,1014,761,29,88,287,991,184,280,962,669,346,79,126,122,129,98,99,74,58,119,118,93,46,78,77,139,84,100,79,78,71,52,64,59,66,111,68,74,64,65,98,103,110
[ 32.190245] wil6210-aoa$0,1606461630.222516,04:d6:aa:c1:38:97,2,1,1,0,128,350,980,866,838,979,4,355,438,494,24,416,994,742,986,660,243,940,1013,423,846,100,806,234,844,515,38,957,163,215,929,705,490,66,115,110,118,86,84,64,51,104,105,80,38,65,64,121,69,86,69,67,63,42,49,47,54,97,53,57,51,52,81,77,84
[ 32.218522] wil6210-aoa$0,1606461630.250795,04:d6:aa:c1:38:97,2,1,1,0,128,827,840,857,827,922,987,875,260,552,146,961,153,839,1016,176,464,924,964,512,906,689,7,745,44,32,227,410,990,719,734,735,549,76,125,118,127,95,92,71,57,115,111,87,37,70,70,129,76,89,74,76,67,46,55,51,58,104,56,66,58,58,84,87,93
[ 32.248382] wil6210-aoa$0,1606461630.280653,04:d6:aa:c1:38:97,2,1,1,0,128,326,985,904,857,992,993,473,497,0,226,957,131,255,807,154,414,886,980,395,869,628,950,756,38,87,305,1010,203,267,957,797,538,76,124,119,128,98,97,73,56,116,116,88,45,75,74,128,79,97,79,75,70,48,60,55,61,108,64,71,62,61,96,94,105
[ 32.323285] wil6210-aoa$0,1606461630.355559,04:d6:aa:c1:38:97,2,1,1,0,128,308,1015,838,800,957,1011,419,473,34,250,976,183,760,1009,140,445,941,1005,508,973,650,995,736,1002,595,104,471,26,376,0,918,615,76,126,116,127,97,92,70,57,115,112,84,41,73,75,131,77,94,79,74,71,46,58,54,60,105,61,68,59,58,89,90,99
[ 32.351299] wil6210-aoa$0,1606461630.383573,04:d6:aa:c1:38:97,2,1,1,0,128,339,1006,868,811,444,813,396,443,512,40,368,929,271,787,584,182,400,809,945,722,166,854,723,1002,546,42,0,190,265,923,476,206,76,124,119,127,98,97,73,58,118,117,91,46,77,75,138,82,101,81,78,73,50,64,59,65,111,69,74,66,68,103,103,111
[ 32.382646] wil6210-aoa$0,1606461630.414917,04:d6:aa:c1:38:97,2,1,1,0,128,821,820,841,791,989,12,401,455,42,248,453,1018,209,810,602,224,930,1018,432,896,71,791,240,869,541,80,489,11,313,974,592,255,76,124,116,125,98,92,69,53,115,114,86,39,72,72,128,75,95,76,75,67,48,58,53,60,107,61,69,60,59,92,89,97
[ 32.416377] wil6210-aoa$0,1606461630.448650,04:d6:aa:c1:38:97,2,1,1,0,128,304,987,839,762,982,8,366,484,111,312,934,89,787,1004,161,452,1011,26,454,890,702,1019,748,18,53,230,960,177,253,932,723,445,75,119,114,123,96,94,70,55,111,110,87,46,75,74,132,77,94,75,77,71,48,62,56,63,106,67,70,64,67,96,99,106
[ 32.449316] wil6210-aoa$0,1606461630.481590,04:d6:aa:c1:38:97,2,1,1,0,128,321,988,832,837,975,981,419,475,59,319,923,127,219,806,122,420,390,809,914,721,118,845,768,20,98,277,15,232,290,1000,630,355,69,119,114,122,92,88,69,55,110,107,82,41,66,68,123,74,88,74,70,68,44,55,53,58,100,57,66,58,57,89,88,98
[ 32.477015] wil6210-aoa$0,1606461630.509288,04:d6:aa:c1:38:97,2,1,1,0,128,819,829,869,796,913,1009,889,279,503,95,962,175,784,1003,113,403,973,4,469,899,684,5,153,821,543,74,971,199,211,920,374,168,68,108,107,115,86,86,66,51,101,99,79,39,63,64,120,71,84,68,64,63,42,51,47,56,95,52,59,53,54,82,80,86
[ 32.509629] wil6210-aoa$0,1606461630.541897,04:d6:aa:c1:38:97,2,1,1,0,128,785,774,859,820,880,965,895,306,489,87,349,962,218,844,625,213,897,1010,897,728,121,872,714,1023,543,116,1010,237,275,987,297,23,77,125,119,129,97,95,70,57,115,114,89,42,75,74,131,80,97,78,76,71,48,61,56,62,109,63,71,64,61,95,95,106
[ 32.537710] wil6210-aoa$0,1606461630.569983,04:d6:aa:c1:38:97,2,1,1,0,128,344,3,855,818,467,845,397,425,536,107,933,106,221,816,146,415,972,961,444,885,699,19,710,1015,552,90,3,203,288,942,87,783,70,115,113,121,90,89,67,52,108,107,84,42,70,68,127,74,91,72,71,68,46,58,53,61,101,62,67,59,61,92,93,100
[ 32.568948] wil6210-aoa$0,1606461630.601216,04:d6:aa:c1:38:97,2,1,1,0,128,329,1017,764,774,921,989,891,292,466,49,427,974,264,829,91,381,990,997,490,917,692,22,740,28,97,269,1015,212,297,946,276,27,71,117,110,121,88,86,66,51,106,104,81,39,66,67,122,71,85,71,68,65,43,52,49,58,98,56,60,54,56,85,85,91
[ 32.597137] wil6210-aoa$0,1606461630.629410,04:d6:aa:c1:38:97,2,1,1,0,128,313,2,831,766,966,985,353,420,18,241,315,901,207,794,698,282,901,1008,350,850,75,853,207,876,104,272,409,1010,786,797,110,904,77,122,123,131,97,97,73,56,119,116,90,44,76,76,135,80,98,78,78,70,48,60,55,64,108,65,68,62,63,97,95,103
[ 32.628388] wil6210-aoa$0,1606461630.660659,04:d6:aa:c1:38:97,2,1,1,0,128,309,956,837,797,933,1009,456,496,23,230,984,114,799,994,137,413,967,6,501,973,674,20,774,12,606,100,7,213,328,993,306,925,77,126,117,128,99,96,73,58,119,116,90,45,75,74,131,81,96,80,77,71,48,61,55,63,107,62,70,62,62,94,92,100
[ 32.662338] wil6210-aoa$0,1606461630.694612,04:d6:aa:c1:38:97,2,1,1,0,128,349,1007,798,789,943,1001,406,483,53,307,977,176,813,0,162,431,950,1020,394,900,624,1012,794,85,65,241,968,198,305,1012,229,923,66,103,101,109,85,83,64,51,100,100,77,41,67,63,121,69,86,68,68,63,43,53,49,55,94,57,63,54,54,86,88,93
[ 32.690251] wil6210-aoa$0,1606461630.722524,04:d6:aa:c1:38:97,2,1,1,0,128,871,793,259,583,450,782,890,240,543,29,421,981,842,1017,133,394,903,997,433,911,119,815,227,857,528,53,457,994,712,730,294,101,74,124,117,124,98,96,72,57,116,114,89,43,75,75,137,79,96,78,75,70,48,57,57,63,109,63,70,62,62,95,92,102
[ 32.724040] wil6210-aoa$0,1606461630.756313,04:d6:aa:c1:38:97,2,1,1,0,128,860,860,811,775,10,15,417,471,30,248,942,119,191,810,181,408,913,1013,926,741,658,993,746,972,565,47,446,988,774,822,818,534,71,117,110,120,92,92,70,55,108,108,86,46,71,71,130,78,92,73,74,68,47,59,55,61,102,63,68,61,62,95,96,102
[ 32.756111] wil6210-aoa$0,1606461630.788382,04:d6:aa:c1:38:97,2,1,1,0,128,752,792,299,623,396,805,879,295,547,68,414,983,262,827,607,189,932,953,949,724,150,838,191,815,531,15,500,24,302,950,932,659,75,126,117,127,99,96,73,57,116,115,91,43,76,76,128,78,97,78,79,72,48,60,58,66,109,63,70,62,64,97,95,103
[ 32.792590] wil6210-aoa$0,1606461630.824861,04:d6:aa:c1:38:97,2,1,1,0,128,262,1002,897,857,916,995,388,471,507,73,981,155,805,1005,256,486,975,8,516,956,692,2,728,993,94,269,11,226,238,937,371,45,78,126,120,128,98,100,74,57,117,115,92,47,75,74,134,81,98,79,79,72,50,64,57,65,112,66,70,64,66,99,101,108
[ 32.827366] wil6210-aoa$0,1606461630.859641,04:d6:aa:c1:38:97,2,1,1,0,128,343,1007,833,786,1003,1008,426,518,70,321,1001,209,812,25,189,502,900,991,462,943,635,1021,739,1019,573,101,1001,211,316,1007,755,457,72,119,114,121,93,91,68,53,109,109,83,38,69,70,127,74,90,74,71,65,43,55,49,56,99,55,64,55,55,86,84,92
[ 32.860671] wil6210-aoa$0,1606461630.892943,04:d6:aa:c1:38:97,2,1,1,0,128,818,845,792,795,1018,19,421,476,109,310,940,136,255,836,629,222,912,978,902,712,636,983,133,790,118,249,1017,175,305,963,241,945,73,121,115,123,94,91,70,56,111,109,87,42,71,71,128,75,93,74,74,70,47,60,54,62,104,62,69,62,59,91,92,101
[ 32.890038] wil6210-aoa$0,1606461630.922310,04:d6:aa:c1:38:97,2,1,1,0,128,326,1015,822,809,1017,6,379,460,78,306,952,153,749,1008,114,413,417,830,467,919,702,12,698,13,107,309,1010,214,270,951,490,270,68,112,104,114,84,82,65,51,103,101,78,39,64,65,119,70,84,70,66,63,42,53,49,54,94,54,60,55,55,84,83,89
[ 32.926652] wil6210-aoa$0,1606461630.958919,04:d6:aa:c1:38:97,2,1,1,0,128,290,977,853,832,935,946,464,544,36,271,7,187,791,1000,195,412,934,998,509,957,672,1010,766,46,565,50,18,181,282,949,677,342,73,117,111,119,92,91,70,55,109,109,86,43,74,71,132,77,93,73,74,69,49,60,52,61,105,63,68,62,63,93,96,103
[ 32.957070] wil6210-aoa$0,1606461630.989342,04:d6:aa:c1:38:97,2,1,1,0,128,392,1,806,810,949,979,457,505,1011,189,923,112,804,1,164,424,896,970,419,912,724,42,753,37,113,284,1015,240,255,967,504,210,76,125,120,125,97,91,71,57,115,112,86,42,74,70,131,78,93,75,73,69,47,58,53,62,104,57,66,59,57,89,84,95
[ 32.993338] wil6210-aoa$0,1606461631.025608,04:d6:aa:c1:38:97,2,1,1,0,128,284,996,862,802,921,967,424,517,37,238,938,128,770,974,87,386,957,24,467,890,658,1013,792,38,98,283,989,162,286,959,11,799,76,127,119,127,99,97,71,55,118,115,89,43,74,73,133,80,94,76,74,69,48,57,53,60,105,60,68,60,60,91,91,100
[ 33.030149] wil6210-aoa$0,1606461631.062419,04:d6:aa:c1:38:97,2,1,1,0,128,367,1,857,833,966,968,422,489,29,286,972,197,777,999,233,422,928,1014,505,936,679,1015,817,69,73,296,1005,214,237,906,300,977,79,123,119,128,98,97,74,56,118,116,87,45,76,75,134,83,97,78,76,72,48,62,59,64,111,66,73,64,64,98,101,107
[ 33.063606] wil6210-aoa$0,1606461631.095879,04:d6:aa:c1:38:97,2,1,1,0,128,847,833,822,772,1009,984,415,455,447,3,940,111,731,970,159,422,987,45,459,923,645,35,725,38,39,248,19,215,761,803,306,17,73,117,109,117,92,93,69,52,109,110,84,43,73,71,130,78,93,73,74,69,49,61,57,65,107,64,71,65,63,96,99,104
[ 33.096988] wil6210-aoa$0,1606461631.129262,04:d6:aa:c1:38:97,2,1,1,0,128,351,3,833,766,928,978,439,528,1017,257,933,124,764,992,138,420,910,999,407,934,651,39,673,1023,125,287,433,1006,326,1003,8,696,72,115,111,117,92,89,69,54,108,104,85,43,72,71,127,75,91,72,73,66,47,58,54,60,105,64,68,62,60,93,96,102
[ 33.129122] wil6210-aoa$0,1606461631.161390,04:d6:aa:c1:38:97,2,1,1,0,128,321,989,842,839,940,44,403,513,88,300,905,116,799,28,174,455,957,1021,454,936,653,11,221,889,76,294,1005,193,353,1002,133,865,76,127,118,126,97,95,69,55,116,114,88,43,75,73,134,77,94,78,75,68,48,61,55,65,109,63,70,63,65,98,95,103
[ 33.159036] wil6210-aoa$0,1606461631.191304,04:d6:aa:c1:38:97,2,1,1,0,128,325,1020,913,857,1,23,376,448,51,275,917,135,782,972,215,469,918,1009,420,888,661,1002,761,36,81,258,986,216,338,993,34,778,77,120,120,128,97,97,73,57,113,116,91,43,77,75,134,82,96,78,78,71,49,63,58,64,110,68,71,66,67,101,101,111
[ 33.195647] wil6210-aoa$0,1606461631.227921,04:d6:aa:c1:38:97,2,1,1,0,128,346,1004,842,834,399,826,872,288,501,53,413,953,264,805,172,413,890,989,474,902,690,1014,752,25,31,228,997,200,259,955,284,991,75,125,118,126,98,98,73,56,118,114,90,45,77,76,134,81,98,79,78,72,49,62,58,65,111,65,74,65,65,97,102,108
[ 33.227828] wil6210-aoa$0,1606461631.260099,04:d6:aa:c1:38:97,2,1,1,0,128,819,805,320,636,418,792,469,485,46,287,953,137,762,943,638,230,899,967,902,719,113,850,150,825,491,19,453,11,774,807,132,908,70,117,112,120,89,84,65,53,106,104,83,37,66,66,124,69,85,70,70,62,44,50,48,54,96,55,60,52,51,80,81,88
[ 33.263277] wil6210-aoa$0,1606461631.295550,04:d6:aa:c1:38:97,2,1,1,0,128,380,1020,847,776,376,767,397,447,21,253,947,138,776,962,175,393,901,963,478,903,648,3,731,993,68,268,1011,178,258,952,221,914,75,122,114,122,93,92,71,54,110,111,84,39,70,69,129,76,92,73,74,68,44,55,51,59,101,58,67,58,57,87,89,93
[ 33.295855] wil6210-aoa$0,1606461631.328125,04:d6:aa:c1:38:97,2,1,1,0,128,792,793,351,637,409,795,417,447,489,64,441,961,772,985,156,417,902,1011,865,700,124,800,227,835,533,52,469,1011,310,961,459,188,74,120,117,125,95,92,70,55,112,110,86,39,70,71,128,78,91,75,74,68,46,56,54,59,105,60,66,59,62,90,88,99
[ 33.330094] wil6210-aoa$0,1606461631.362367,04:d6:aa:c1:38:97,2,1,1,0,128,795,832,800,756,982,1001,422,493,41,269,970,136,779,986,168,429,920,962,506,967,664,1,787,29,111,304,982,228,262,975,926,641,78,125,120,131,99,99,78,61,118,117,94,49,80,79,143,82,103,81,79,74,51,66,62,68,113,71,77,69,70,108,108,115
[ 33.364521] wil6210-aoa$0,1606461631.396794,04:d6:aa:c1:38:97,2,1,1,0,128,358,1010,880,805,921,976,368,468,1013,239,890,76,719,1013,144,423,939,996,422,879,625,1003,748,36,82,277,1005,182,302,952,285,1023,78,127,116,128,97,97,71,60,117,116,91,44,76,78,127,80,95,80,77,73,49,61,58,67,110,66,72,63,65,100,102,110
[ 33.397887] wil6210-aoa$0,1606461631.430156,04:d6:aa:c1:38:97,2,1,1,0,128,350,10,828,835,956,1013,392,460,531,121,883,79,808,26,142,412,966,28,430,896,683,0,794,64,114,324,981,210,308,998,149,812,77,128,117,126,101,96,72,58,117,115,92,44,74,76,135,79,96,78,78,70,49,59,57,64,110,64,71,63,64,96,96,105
[ 33.432287] wil6210-aoa$0,1606461631.464561,04:d6:aa:c1:38:97,2,1,1,0,128,796,788,927,859,922,982,375,463,57,282,929,124,823,12,168,445,945,1022,384,877,117,832,759,1019,551,55,429,1016,803,838,738,516,77,124,117,126,100,99,73,60,117,115,92,48,78,73,142,83,101,79,78,71,49,62,59,68,110,70,74,66,67,100,103,109
[ 33.466780] wil6210-aoa$0,1606461631.499054,04:d6:aa:c1:38:97,2,1,1,0,128,317,975,263,600,405,786,400,456,472,21,440,1011,780,982,160,412,911,981,430,916,722,12,674,969,90,288,1006,235,304,991,468,175,74,125,118,126,97,91,70,54,115,116,88,41,73,74,134,79,93,76,74,69,47,58,55,62,107,63,70,60,60,94,94,101
[ 33.498466] wil6210-aoa$0,1606461631.530736,04:d6:aa:c1:38:97,2,1,1,0,128,318,1008,831,791,346,774,882,291,31,261,430,971,217,803,631,218,923,973,898,714,141,868,757,14,608,95,20,254,277,989,190,914,72,121,115,123,94,94,69,55,111,110,85,41,69,68,128,76,92,77,71,68,44,52,49,57,103,58,61,56,56,88,82,93
[ 33.557321] wil6210-aoa$0,1606461631.589595,04:d6:aa:c1:38:97,2,1,1,0,128,364,12,815,794,974,5,424,460,80,317,962,159,741,990,216,482,911,1005,466,913,635,1017,671,21,105,268,978,184,287,966,925,656,76,125,122,130,95,97,74,58,116,117,92,45,79,75,137,81,97,77,79,72,51,62,57,66,111,66,73,63,65,100,103,106
[ 33.591418] wil6210-aoa$0,1606461631.623691,04:d6:aa:c1:38:97,2,1,1,0,128,301,1004,834,837,999,25,376,470,24,269,961,167,696,936,697,283,940,4,424,929,632,997,758,27,93,263,973,227,241,946,429,146,71,116,110,118,89,87,67,52,105,105,81,37,69,67,121,70,88,68,69,62,42,50,46,54,96,53,59,53,49,76,77,84
[ 33.619685] wil6210-aoa$0,1606461631.651959,04:d6:aa:c1:38:97,2,1,1,0,128,362,14,806,779,3,34,371,424,552,116,931,163,794,983,163,414,945,997,494,973,643,5,709,13,31,228,452,1014,287,963,62,838,71,116,112,121,92,90,68,54,108,107,83,42,70,70,131,77,92,74,72,67,47,58,53,61,105,63,66,59,61,93,92,97
[ 33.653786] wil6210-aoa$0,1606461631.686059,04:d6:aa:c1:38:97,2,1,1,0,128,346,988,916,822,955,998,379,458,510,48,428,922,280,842,639,199,321,802,413,891,678,15,731,1017,71,241,993,185,265,937,89,838,76,117,114,118,96,93,71,55,110,109,83,39,71,71,128,71,90,74,74,66,45,56,54,60,99,58,67,59,59,88,87,93
[ 33.685291] wil6210-aoa$0,1606461631.717560,04:d6:aa:c1:38:97,2,1,1,0,128,360,1008,789,767,391,816,874,275,554,64,3,208,771,1012,149,415,930,1006,392,884,115,838,170,861,499,37,471,1017,782,770,12,788,74,120,111,120,95,90,72,55,109,108,86,44,70,71,129,76,94,74,73,67,46,57,51,61,99,60,67,58,58,89,88,97
[ 33.717386] wil6210-aoa$0,1606461631.749655,04:d6:aa:c1:38:97,2,1,1,2,128,360,1008,789,767,391,816,874,275,554,64,3,208,771,1012,149,415,930,1006,392,884,115,838,170,861,499,37,471,1017,782,770,12,788,76,117,114,118,96,93,71,55,110,109,83,39,71,71,128,71,90,74,74,66,45,56,54,60,99,58,67,59,59,88,87,93
[ 33.748756] wil6210-aoa$0,1606461631.781028,04:d6:aa:c1:38:97,2,1,1,0,128,304,978,860,807,948,991,866,305,31,282,343,946,234,824,570,196,897,988,960,756,38,816,708,1004,548,88,1011,202,304,966,627,410,76,125,119,127,99,96,74,56,118,117,91,44,77,76,132,80,98,78,77,75,50,62,56,64,111,65,76,66,66,99,101,111
[ 33.784813] wil6210-aoa$0,1606461631.817087,04:d6:aa:c1:38:97,2,1,1,0,128,376,1014,812,815,993,10,378,477,54,290,995,165,809,22,147,432,920,18,389,881,153,887,118,811,133,309,980,205,254,990,868,668,76,124,119,127,98,98,74,58,119,118,91,46,77,75,142,84,100,80,77,74,51,65,61,66,113,69,75,67,66,102,102,109
[ 33.820954] wil6210-aoa$0,1606461631.853228,04:d6:aa:c1:38:97,2,1,1,0,128,330,1005,928,828,987,995,405,451,24,226,982,187,774,993,169,434,884,983,909,725,640,984,756,1,128,298,2,205,300,998,128,824,70,115,111,115,89,86,66,51,105,105,81,36,66,66,123,71,86,70,69,62,43,51,49,54,98,52,62,52,53,81,78,84
[ 33.849625] wil6210-aoa$0,1606461631.881899,04:d6:aa:c1:38:97,2,1,1,0,128,738,749,301,616,943,995,445,513,32,275,997,204,713,991,172,463,945,1011,408,884,735,29,183,839,546,66,945,149,335,1,572,362,75,121,114,120,95,92,69,55,110,109,86,42,73,71,127,77,92,73,74,68,46,57,55,64,104,62,70,61,62,92,91,101
[ 33.883962] wil6210-aoa$0,1606461631.916233,04:d6:aa:c1:38:97,2,1,1,0,128,358,1009,845,818,989,990,378,384,506,48,421,955,207,769,612,262,417,829,447,941,682,1,761,39,46,269,993,205,247,952,268,1002,74,120,114,122,94,92,71,54,111,105,86,43,72,71,128,75,95,76,74,68,47,58,53,58,101,61,64,58,61,90,93,97
[ 33.923280] wil6210-aoa$0,1606461631.955552,04:d6:aa:c1:38:97,2,1,1,0,128,259,959,926,843,934,968,344,438,31,221,895,100,772,976,159,352,340,741,955,733,692,1014,805,30,99,284,959,166,255,956,466,205,68,111,106,115,86,84,66,50,101,99,81,40,66,64,120,68,84,67,67,63,41,52,48,57,96,58,62,54,56,86,84,92
[ 33.960696] wil6210-aoa$0,1606461631.992965,04:d6:aa:c1:38:97,2,1,1,0,128,325,1000,879,844,987,10,359,446,46,290,895,89,754,969,139,385,937,1010,388,906,659,15,157,819,567,74,987,206,308,991,580,302,69,108,107,117,86,85,66,51,104,102,80,38,69,67,121,69,86,70,68,63,41,53,49,54,95,54,62,54,56,85,85,93
[ 33.989863] wil6210-aoa$0,1606461632.022136,04:d6:aa:c1:38:97,2,1,1,0,128,271,952,851,821,941,973,422,474,31,263,1018,175,775,1017,199,468,937,1021,445,919,655,999,761,35,22,250,1013,210,277,967,797,456,67,109,106,114,86,86,67,51,104,105,80,40,67,67,125,71,88,70,69,66,42,54,50,58,97,60,63,56,58,90,90,97
[ 34.025585] wil6210-aoa$0,1606461632.057855,04:d6:aa:c1:38:97,2,1,1,0,128,373,1005,898,847,995,24,355,466,47,274,875,63,209,785,647,185,303,729,940,697,131,872,724,1019,136,301,957,157,327,992,197,818,75,124,113,123,97,91,72,56,111,112,90,44,74,73,130,75,94,73,75,69,48,58,56,62,104,63,70,61,63,94,96,105
[ 34.063471] wil6210-aoa$0,1606461632.095740,04:d6:aa:c1:38:97,2,1,1,0,128,292,958,859,771,379,793,379,476,33,288,899,110,755,991,162,411,884,990,448,907,677,21,694,21,128,346,945,194,276,971,1000,764,69,113,107,115,88,84,65,50,103,100,82,39,66,65,119,71,83,68,69,62,42,50,50,56,94,57,62,55,57,87,86,93
[ 34.101151] wil6210-aoa$0,1606461632.133421,04:d6:aa:c1:38:97,2,1,1,0,128,327,1021,742,741,412,818,900,288,14,245,414,988,205,795,669,245,936,9,468,940,641,1000,732,15,90,267,968,193,349,1011,801,431,76,121,118,124,98,97,71,56,117,113,88,44,73,74,129,77,92,77,78,72,47,59,56,66,104,64,68,62,63,94,93,103
[ 34.137183] wil6210-aoa$0,1606461632.169457,04:d6:aa:c1:38:97,2,1,1,0,128,301,944,835,812,936,972,458,483,0,256,1004,184,753,1008,204,457,1005,31,416,942,634,0,786,47,50,239,1022,193,281,957,334,40,73,118,117,118,96,92,68,53,114,112,85,39,69,70,128,74,89,76,72,68,45,55,52,60,102,61,65,58,61,90,89,96
[ 34.171090] wil6210-aoa$0,1606461632.203361,04:d6:aa:c1:38:97,2,1,1,0,128,350,996,822,812,933,1020,383,448,1022,248,20,192,797,1016,155,438,993,35,437,902,707,29,756,43,75,262,982,176,290,1000,692,401,69,113,104,115,84,86,68,53,103,102,81,40,68,67,124,71,85,68,65,63,43,55,52,59,100,60,64,56,56,88,89,94
[ 34.200640] wil6210-aoa$0,1606461632.232913,04:d6:aa:c1:38:97,2,1,1,0,128,327,1002,830,770,11,1021,444,470,123,327,982,172,724,956,118,391,991,1022,432,896,718,59,716,0,98,284,1011,208,307,974,800,542,78,120,116,126,96,94,73,58,111,114,87,43,75,72,134,80,95,77,76,70,47,59,56,64,107,64,70,61,63,94,95,100
[ 34.234288] wil6210-aoa$0,1606461632.266558,04:d6:aa:c1:38:97,2,1,1,0,128,326,970,836,798,971,1013,391,466,47,242,918,129,799,1007,615,240,897,957,507,960,708,63,705,1021,117,310,964,149,344,1011,542,252,68,112,106,114,88,85,65,51,103,103,80,41,66,66,122,74,86,70,70,66,44,56,52,60,99,62,65,58,59,91,93,99
[ 34.284869] wil6210-aoa$0,1606461632.317141,04:d6:aa:c1:38:97,2,1,1,0,128,348,987,865,830,977,1012,367,451,1009,259,988,148,809,1005,95,363,931,976,947,716,109,825,181,816,539,60,405,978,795,792,3,756,68,113,110,118,85,85,63,51,103,102,78,37,63,65,115,67,83,69,68,61,43,49,48,54,94,54,60,51,55,86,84,87
[ 34.322661] wil6210-aoa$0,1606461632.354936,04:d6:aa:c1:38:97,2,1,1,0,128,291,962,807,761,971,992,408,477,42,325,922,166,773,1015,86,382,364,799,467,932,609,1023,754,33,84,264,1020,203,266,962,1016,820,69,110,105,113,87,86,65,49,104,104,79,41,66,65,120,71,88,70,68,63,43,52,48,55,96,56,60,55,56,86,81,91
[ 34.352451] wil6210-aoa$0,1606461632.384725,04:d6:aa:c1:38:97,2,1,1,0,128,833,842,868,798,926,989,402,428,56,285,920,107,828,17,188,434,892,995,446,888,639,13,753,34,89,241,32,224,327,980,266,989,68,111,106,115,89,85,66,52,104,102,79,36,68,64,119,70,87,68,64,62,41,51,47,52,94,54,60,53,55,82,80,85
[ 34.381704] wil6210-aoa$0,1606461632.413979,04:d6:aa:c1:38:97,2,1,1,0,128,377,1016,873,785,975,1002,419,468,60,274,922,138,738,961,628,239,886,991,472,958,646,7,700,985,94,287,995,232,286,997,43,777,68,113,109,115,88,89,67,54,107,103,82,42,71,69,122,75,89,70,71,66,46,58,52,60,99,62,67,58,61,92,92,100
[ 34.417001] wil6210-aoa$0,1606461632.449275,04:d6:aa:c1:38:97,2,1,1,0,128,283,952,886,833,984,1006,387,448,38,242,986,156,771,987,156,418,916,992,426,897,99,836,187,825,99,264,980,184,279,982,969,694,74,122,118,123,97,94,72,57,111,111,87,44,75,71,127,76,92,74,73,68,47,57,54,62,107,63,67,59,61,96,90,100
[ 34.451570] wil6210-aoa$0,1606461632.483843,04:d6:aa:c1:38:97,2,1,1,0,128,349,2,819,823,974,12,385,438,520,60,381,927,278,842,174,388,863,943,526,936,657,1001,721,975,552,70,415,976,790,758,583,350,72,118,114,122,93,89,69,53,112,109,85,41,72,69,129,76,90,72,70,67,46,56,49,56,105,59,64,57,57,88,90,92
[ 34.481004] wil6210-aoa$0,1606461632.513278,04:d6:aa:c1:38:97,2,1,1,0,128,823,819,871,815,1019,26,398,456,131,350,11,146,796,1019,211,437,923,998,496,902,656,997,761,20,38,227,997,154,354,984,223,889,72,119,114,119,90,86,66,53,107,107,84,33,68,68,119,71,85,70,69,61,41,51,48,53,98,52,61,52,53,80,77,84
[ 34.515934] wil6210-aoa$0,1606461632.548208,04:d6:aa:c1:38:97,2,1,1,0,128,352,1013,846,778,1014,23,450,456,29,304,920,124,180,760,589,180,978,4,472,903,665,6,678,1005,87,281,13,223,286,953,896,595,74,122,118,124,94,94,71,58,113,111,86,43,73,71,132,78,93,77,74,69,46,59,53,61,105,63,67,58,61,94,93,98
[ 34.549251] wil6210-aoa$0,1606461632.581519,04:d6:aa:c1:38:97,2,1,1,0,128,255,944,330,599,479,841,440,495,76,307,313,900,210,823,147,408,929,24,401,883,702,1012,696,987,22,224,501,35,302,946,282,71,75,120,117,124,96,94,72,57,111,111,89,47,73,71,131,80,95,75,74,69,49,60,56,64,107,61,68,61,62,92,92,100
[ 34.580261] wil6210-aoa$0,1606461632.612533,04:d6:aa:c1:38:97,2,1,1,0,128,827,819,834,823,1013,5,460,470,27,267,947,159,787,993,179,422,942,1000,456,914,684,12,727,30,527,54,947,143,249,921,977,656,77,121,119,125,96,96,74,58,113,112,88,45,76,75,135,79,94,77,76,71,50,61,59,66,107,65,72,63,66,99,100,105
[ 34.618567] wil6210-aoa$0,1606461632.650840,04:d6:aa:c1:38:97,2,1,1,0,128,316,1000,861,823,970,23,463,563,32,281,896,133,837,11,220,468,962,24,466,989,667,1014,770,27,6,210,14,202,267,973,62,796,68,114,107,118,87,86,67,52,105,105,80,38,67,66,121,71,87,69,69,64,43,52,51,57,94,55,63,56,54,85,87,91
[ 34.650554] wil6210-aoa$0,1606461632.682824,04:d6:aa:c1:38:97,2,1,1,0,128,337,984,831,775,1019,9,335,368,105,270,948,160,789,999,161,400,946,987,406,879,668,10,681,993,532,48,411,994,824,804,781,541,68,114,109,115,87,86,67,53,104,103,80,41,69,66,123,70,90,71,68,64,43,55,49,58,98,59,64,57,55,89,88,95
[ 34.687269] wil6210-aoa$0,1606461632.719542,04:d6:aa:c1:38:97,2,1,1,0,128,340,5,800,799,922,991,417,521,1014,240,988,167,757,1020,180,411,976,21,420,883,716,55,763,45,39,258,447,18,259,937,851,580,75,127,123,130,99,99,73,56,114,118,90,41,74,76,137,76,94,80,75,72,48,60,56,64,107,62,69,63,59,90,94,101
[ 34.721522] wil6210-aoa$0,1606461632.753791,04:d6:aa:c1:38:97,2,1,1,0,128,328,0,801,783,960,1006,349,412,19,262,971,108,758,979,600,258,412,827,894,725,84,837,806,79,59,251,0,214,250,944,1020,792,79,127,123,130,98,96,73,56,119,116,91,43,76,74,133,79,97,79,78,73,49,60,54,61,106,63,69,58,62,95,92,100
[ 34.750831] wil6210-aoa$0,1606461632.783106,04:d6:aa:c1:38:97,2,1,1,0,128,306,954,849,817,940,984,907,290,74,261,936,126,724,954,634,229,395,809,955,703,177,849,748,26,41,243,24,213,287,972,710,333,73,116,111,119,90,89,71,56,108,108,86,43,71,71,128,73,92,73,73,67,46,57,53,61,104,62,67,59,62,89,90,97
[ 34.784746] wil6210-aoa$0,1606461632.817017,04:d6:aa:c1:38:97,2,1,1,0,128,331,982,867,834,975,1001,411,483,69,320,982,188,748,1013,129,404,939,1012,495,976,645,29,720,0,72,317,968,204,303,969,521,240,69,116,111,119,91,89,69,55,111,110,84,43,73,70,129,76,92,73,72,69,47,59,54,61,104,65,69,62,61,93,95,103
[ 34.823032] wil6210-aoa$0,1606461632.855302,04:d6:aa:c1:38:97,2,1,1,0,128,812,861,313,600,995,1019,853,219,500,29,405,986,210,793,628,225,907,1016,946,723,61,813,757,5,44,228,467,1004,730,755,296,998,70,118,111,119,93,91,66,54,107,108,83,38,69,66,124,70,86,69,68,62,42,48,48,54,94,51,58,51,50,78,74,77
[ 34.861388] wil6210-aoa$0,1606461632.893660,04:d6:aa:c1:38:97,2,1,1,0,128,282,964,865,790,956,974,924,271,61,250,970,120,765,963,184,434,863,943,956,733,669,1016,708,1009,133,307,976,180,305,17,396,190,73,117,113,120,91,89,70,54,109,109,87,44,71,70,128,74,93,74,73,67,47,57,53,61,103,62,67,61,61,93,91,101
[ 34.900489] wil6210-aoa$0,1606461632.932758,04:d6:aa:c1:38:97,2,1,1,0,128,314,979,886,814,919,970,435,503,32,276,1013,239,752,943,173,419,934,1019,876,666,127,863,716,34,71,252,1007,194,263,974,726,438,72,119,109,116,92,86,63,51,107,105,80,37,66,65,119,70,84,70,67,63,41,49,46,52,95,51,59,50,52,78,76,84
[ 34.939018] wil6210-aoa$0,1606461632.971289,04:d6:aa:c1:38:97,2,1,1,0,128,362,21,856,810,337,775,887,262,26,270,368,936,775,981,179,443,946,9,866,681,152,838,752,36,39,233,999,201,242,959,936,702,74,126,120,128,97,95,72,56,119,118,91,44,76,74,135,80,95,77,79,72,47,61,55,64,108,63,69,61,60,95,93,101
[ 34.972775] wil6210-aoa$0,1606461633.005049,04:d6:aa:c1:38:97,2,1,1,0,128,287,961,843,821,952,1019,444,480,36,256,975,169,727,1005,113,382,939,7,412,897,691,995,676,3,123,297,974,200,257,981,813,648,73,120,115,121,91,87,66,51,108,104,83,37,67,66,121,70,85,72,67,62,41,49,46,54,96,48,58,52,50,77,75,84
[ 35.002660] wil6210-aoa$0,1606461633.034934,04:d6:aa:c1:38:97,2,1,1,0,128,353,18,851,820,964,1020,443,481,57,314,960,150,799,4,122,434,937,1018,495,944,723,80,718,12,64,259,1007,216,292,1006,932,546,74,121,116,123,95,96,74,57,112,111,88,45,77,74,130,77,96,77,76,72,49,62,56,62,104,64,69,60,63,94,97,102
[ 35.032676] wil6210-aoa$0,1606461633.064950,04:d6:aa:c1:38:97,2,1,1,0,128,813,815,260,596,983,26,328,435,14,265,962,131,171,768,595,228,952,1003,911,712,695,26,699,1019,593,76,445,2,328,987,310,51,73,121,115,122,95,92,70,56,111,113,84,40,73,70,130,75,90,75,75,69,46,58,54,62,105,60,68,59,61,95,93,99
[ 35.062304] wil6210-aoa$0,1606461633.094578,04:d6:aa:c1:38:97,2,1,1,0,128,822,782,870,827,929,973,379,423,497,54,917,118,193,786,637,211,366,831,484,911,667,25,665,1009,546,112,974,179,320,973,768,531,73,118,115,118,94,92,68,52,109,109,84,41,70,68,126,74,88,75,72,66,45,54,51,59,101,61,65,57,58,90,85,93
[ 35.092007] wil6210-aoa$0,1606461633.124280,04:d6:aa:c1:38:97,2,1,1,0,128,773,788,315,602,383,819,877,267,27,236,938,114,748,964,216,475,866,1016,454,906,608,986,746,29,585,82,423,993,743,778,826,580,72,118,112,121,93,88,68,55,108,109,83,41,70,71,126,73,90,77,71,68,46,57,51,59,101,61,66,58,57,87,91,93
[ 35.122164] wil6210-aoa$0,1606461633.154434,04:d6:aa:c1:38:97,2,1,1,0,128,280,948,840,803,393,840,864,270,542,131,921,90,756,8,144,416,375,848,973,718,183,886,786,55,34,243,1015,204,678,767,482,279,72,116,113,118,92,90,68,53,105,106,81,38,67,68,125,74,86,72,70,62,43,51,48,55,95,56,59,53,53,81,75,85
[ 35.156450] wil6210-aoa$0,1606461633.188725,04:d6:aa:c1:38:97,2,1,1,0,128,354,972,882,869,1001,1022,424,472,76,303,949,144,809,1,115,409,972,45,395,920,660,19,737,11,83,298,1003,239,317,999,1020,719,70,117,112,121,93,89,69,53,109,107,86,41,72,68,128,75,93,74,73,69,46,57,53,59,106,62,64,60,60,91,88,95
[ 35.192075] wil6210-aoa$0,1606461633.224349,04:d6:aa:c1:38:97,2,1,1,0,128,788,771,316,609,466,847,377,465,1019,245,944,143,799,1012,147,407,875,986,479,953,122,831,212,875,500,25,489,1018,722,753,218,57,69,115,110,120,88,88,67,53,108,108,83,42,69,67,124,76,91,72,71,67,44,56,51,59,104,60,66,58,61,93,92,96
[ 35.222420] wil6210-aoa$0,1606461633.254693,04:d6:aa:c1:38:97,2,1,1,0,128,818,800,307,586,454,840,446,474,1010,217,973,177,753,977,65,340,890,960,421,896,47,830,705,3,41,268,413,1012,769,809,293,104,72,116,111,119,90,87,69,52,107,108,83,40,68,67,126,73,87,72,69,65,44,51,49,57,97,56,63,55,53,82,84,92
[ 35.254341] wil6210-aoa$0,1606461633.286615,04:d6:aa:c1:38:97,2,1,1,0,128,333,987,876,838,974,986,402,471,10,247,965,130,715,970,182,425,929,1003,395,862,82,782,259,895,9,196,10,150,328,1006,735,398,71,115,111,117,93,90,68,53,107,108,82,41,71,69,127,73,89,73,72,66,45,57,52,60,100,60,64,56,59,86,89,96
[ 35.289926] wil6210-aoa$0,1606461633.322198,04:d6:aa:c1:38:97,2,1,1,0,128,320,1007,870,818,928,987,419,463,42,274,12,187,838,1016,158,432,900,962,473,880,680,1015,732,8,543,96,969,168,341,967,423,209,67,116,109,116,90,89,65,53,109,106,82,40,69,68,126,72,91,73,71,65,45,55,52,56,101,57,66,57,54,86,86,92
[ 35.324576] wil6210-aoa$0,1606461633.356851,04:d6:aa:c1:38:97,2,1,1,0,128,841,869,268,577,423,814,901,271,108,311,882,129,748,1007,133,409,289,743,931,734,594,4,149,824,611,98,9,198,274,950,607,419,73,124,117,125,93,91,69,56,113,113,83,40,73,72,130,76,94,76,75,71,46,58,53,60,107,56,65,58,59,91,87,96
[ 35.357560] wil6210-aoa$0,1606461633.389833,04:d6:aa:c1:38:97,2,1,1,0,128,836,808,326,636,464,830,872,267,7,246,924,143,740,928,658,207,940,996,481,900,134,820,224,873,86,245,1003,175,272,975,881,596,72,124,116,127,93,90,71,55,113,112,87,42,75,72,133,79,94,76,76,68,48,60,56,62,107,62,70,60,64,93,92,99
[ 35.393294] wil6210-aoa$0,1606461633.425563,04:d6:aa:c1:38:97,2,1,1,0,128,827,808,831,784,999,5,497,532,33,241,1003,163,816,1020,216,440,855,964,488,925,649,1008,771,54,113,278,40,238,287,973,495,270,76,116,113,119,94,87,67,55,105,102,83,35,68,66,120,71,85,71,68,61,43,49,47,53,96,51,60,50,51,80,77,83
[ 35.432245] wil6210-aoa$0,1606461633.464516,04:d6:aa:c1:38:97,2,1,1,0,128,288,964,807,773,988,9,464,489,13,224,961,170,713,958,208,422,947,998,458,905,688,3,751,36,107,290,56,267,199,942,172,871,67,109,105,113,86,86,66,49,102,102,81,41,66,66,122,71,86,69,69,62,43,52,47,57,97,57,62,55,54,85,85,90
[ 35.462142] wil6210-aoa$0,1606461633.494416,04:d6:aa:c1:38:97,2,1,1,0,128,773,810,882,871,979,31,382,489,57,304,968,141,760,2,151,387,931,1021,867,689,738,44,766,11,109,271,513,53,363,1004,559,263,68,111,107,114,85,84,65,51,99,99,75,37,66,61,118,67,81,69,66,61,42,50,48,55,95,55,63,54,52,83,81,88
[ 35.492052] wil6210-aoa$0,1606461633.524327,04:d6:aa:c1:38:97,2,1,1,0,128,285,963,822,797,943,964,870,257,549,111,933,146,834,10,126,389,386,821,435,913,646,1001,711,996,81,246,430,1014,270,976,550,261,66,108,102,112,84,83,63,50,101,99,78,40,65,65,117,67,87,67,65,62,42,54,48,55,95,57,61,54,55,85,87,89
[ 35.522309] wil6210-aoa$0,1606461633.554583,04:d6:aa:c1:38:97,2,1,1,0,128,365,1002,838,830,976,987,419,485,54,250,914,88,864,1018,102,326,886,969,452,909,667,0,679,996,100,278,972,159,307,950,501,204,78,126,117,126,98,95,71,59,117,114,92,44,74,74,135,77,96,76,77,70,48,59,55,63,108,64,71,60,64,94,99,102
[ 35.553481] wil6210-aoa$0,1606461633.585756,04:d6:aa:c1:38:97,2,1,1,0,128,359,23,847,838,991,1017,433,523,52,297,945,182,820,2,246,485,917,956,509,955,594,1004,778,36,126,359,8,246,306,980,252,932,75,123,118,124,96,93,74,57,114,114,92,43,74,72,137,78,95,77,74,71,46,60,55,64,108,64,65,59,61,94,89,95
[ 35.591790] wil6210-aoa$0,1606461633.624059,04:d6:aa:c1:38:97,2,1,1,0,128,365,8,872,868,950,5,341,452,70,285,902,100,250,800,659,239,916,1004,489,942,670,1022,705,1022,82,292,26,220,274,977,368,90,78,129,121,129,100,100,73,56,120,118,90,46,77,75,137,82,97,79,78,71,50,62,57,64,108,63,71,63,66,98,100,106
[ 35.628728] wil6210-aoa$0,1606461633.661001,04:d6:aa:c1:38:97,2,1,1,0,128,352,1001,806,804,414,812,871,256,534,94,432,999,771,1003,143,397,958,1016,431,920,675,30,163,859,544,70,1011,207,267,973,79,837,76,124,119,125,97,94,73,56,117,117,89,44,76,78,129,79,97,79,74,69,47,60,54,60,107,63,69,61,63,93,95,103
[ 35.665141] wil6210-aoa$0,1606461633.697416,04:d6:aa:c1:38:97,2,1,1,0,128,352,5,926,862,892,962,402,476,77,315,348,918,246,830,616,215,930,978,473,877,128,828,725,1013,65,260,986,198,191,910,730,528,77,124,117,127,98,96,71,55,116,114,89,44,71,73,127,77,90,77,73,69,47,55,54,64,109,62,68,61,62,95,96,99
[ 35.695553] wil6210-aoa$0,1606461633.727828,04:d6:aa:c1:38:97,2,1,1,0,128,328,1002,307,633,425,813,906,267,537,46,391,967,775,981,176,405,941,998,411,902,687,1017,716,1012,86,275,962,165,266,958,207,949,70,117,111,119,90,88,66,51,108,108,83,37,67,66,121,71,85,70,70,64,44,53,49,56,95,54,63,54,56,87,85,91
