
[244825.546829] [AOA] Measurement: 0,1627200952.857806,08:55:31:9a:df:1f,2,1,1,0,128,444,284,647,390,403,831,372,244,43,866,253,245,160,668,965,961,157,284,313,382,643,66,405,1005,508,673,269,278,1009,253,177,240,19,19,26,28,37,28,25,17,26,24,24,20,24,22,28,21,38,26,44,42,29,24,21,35,30,29,28,26,25,32,39,29
[244825.572983] [AOA] Measurement: 0,1627200952.883957,08:55:31:9a:df:1f,2,1,1,0,128,812,37,938,978,410,807,912,474,933,101,686,53,194,779,595,113,409,957,49,731,112,899,124,813,384,950,268,907,672,645,3,768,22,13,10,13,33,29,21,24,15,24,19,26,19,13,17,13,45,23,23,27,26,24,22,24,18,21,11,20,26,31,27,13
[244825.598054] [AOA] Measurement: 0,1627200952.909031,08:55:31:9a:df:1f,2,1,1,0,128,789,978,295,710,436,813,873,477,389,913,68,847,236,769,569,73,462,1008,1005,730,107,870,130,754,429,948,198,895,710,572,840,682,14,17,22,27,35,26,19,13,22,25,20,14,21,19,25,17,33,22,42,36,19,21,14,34,24,25,22,20,22,22,31,22
[244825.623732] [AOA] Measurement: 0,1627200952.934708,08:55:31:9a:df:1f,2,1,1,0,128,869,82,875,926,405,815,962,504,395,960,142,871,297,805,600,107,454,947,57,771,136,881,733,1022,346,963,223,899,213,820,19,791,16,17,23,24,38,25,19,14,21,24,20,18,22,20,26,21,33,23,42,36,19,23,16,32,25,24,20,23,22,26,33,25
[244825.648502] [AOA] Measurement: 0,1627200952.959480,08:55:31:9a:df:1f,2,1,1,0,128,511,364,107,568,954,1013,314,241,73,849,265,243,270,754,456,107,158,287,322,408,89,837,901,911,9,834,15,517,529,472,159,267,18,20,23,29,40,30,27,17,25,25,24,19,25,23,30,22,34,25,44,42,23,26,15,38,26,30,23,28,27,29,38,26
[244825.674951] [AOA] Measurement: 0,1627200952.985931,08:55:31:9a:df:1f,2,1,1,0,128,781,1023,355,755,335,781,899,480,409,935,139,904,247,752,600,136,988,127,942,700,55,838,172,806,362,968,820,83,198,796,679,367,15,8,6,11,27,27,24,20,12,20,13,23,18,14,14,14,39,18,21,25,23,22,22,24,13,25,12,20,21,25,27,11
[244825.712173] [AOA] Measurement: 0,1627200953.023151,08:55:31:9a:df:1f,2,1,1,0,128,878,48,896,942,907,1006,452,717,379,912,711,71,281,771,606,108,457,1011,22,753,67,876,676,1017,921,138,281,958,696,593,722,399,12,17,24,27,39,28,18,11,19,24,19,17,21,17,23,21,25,22,38,34,18,18,15,29,25,23,19,22,21,21,31,22
[244825.736914] [AOA] Measurement: 0,1627200953.047888,08:55:31:9a:df:1f,2,1,1,0,128,868,27,941,970,932,963,892,508,394,928,147,890,213,777,141,355,987,165,1003,721,119,918,259,839,355,933,250,884,730,578,228,1018,14,9,5,13,30,25,23,22,10,17,15,24,15,14,16,11,41,19,20,23,21,26,24,24,15,25,12,16,23,26,27,15
[244825.765512] [AOA] Measurement: 0,1627200953.076485,08:55:31:9a:df:1f,2,1,1,0,128,857,46,327,736,393,795,930,456,375,926,123,859,210,718,539,81,455,948,1003,763,159,893,208,821,361,904,263,877,695,593,415,203,17,17,23,27,36,30,22,16,20,26,20,20,17,19,26,20,30,22,37,39,23,23,15,33,24,28,23,25,25,28,38,27
[244825.790547] [AOA] Measurement: 0,1627200953.101527,08:55:31:9a:df:1f,2,1,1,0,128,832,18,358,752,419,834,874,502,376,921,146,862,716,939,585,128,1017,145,981,713,74,841,114,790,399,945,198,898,708,588,149,881,14,16,26,28,37,25,19,12,21,25,21,18,19,19,25,21,28,21,38,34,19,17,14,32,24,22,19,19,21,24,34,22
[244825.816482] [AOA] Measurement: 0,1627200953.127456,08:55:31:9a:df:1f,2,1,1,0,128,985,494,112,608,944,975,818,24,139,892,876,449,147,642,504,144,659,441,879,608,646,48,310,987,44,844,815,422,986,249,37,139,16,21,23,30,41,31,23,16,23,29,25,21,23,21,28,23,31,26,40,39,23,21,16,36,30,29,22,28,29,25,41,25
[244825.845946] [AOA] Measurement: 0,1627200953.156917,08:55:31:9a:df:1f,2,1,1,0,128,341,228,916,976,956,986,436,712,997,89,656,1010,204,775,115,311,976,142,13,747,106,864,159,828,397,972,259,946,241,820,963,687,15,19,25,29,43,26,24,15,21,23,25,15,22,19,26,21,31,26,38,38,21,18,12,32,26,23,20,21,20,21,33,20
[244825.872829] [AOA] Measurement: 0,1627200953.183803,08:55:31:9a:df:1f,2,1,1,0,128,1019,526,109,553,985,999,802,36,537,685,296,251,196,725,439,47,634,427,332,352,104,824,385,35,996,847,938,458,526,393,826,961,16,15,21,24,37,28,18,16,22,23,19,20,21,19,25,18,33,20,41,37,23,23,20,33,24,25,21,25,26,28,37,28
[244825.899132] [AOA] Measurement: 0,1627200953.210106,08:55:31:9a:df:1f,2,1,1,0,128,840,13,872,937,957,992,448,697,956,95,692,10,758,954,605,92,426,978,22,745,97,877,801,7,976,165,736,89,183,778,375,72,13,17,22,28,39,29,20,16,21,22,22,20,21,18,23,19,31,24,37,36,20,19,14,33,25,27,23,24,23,24,35,24
[244825.925370] [AOA] Measurement: 0,1627200953.236345,08:55:31:9a:df:1f,2,1,1,0,128,329,175,896,946,945,999,888,539,462,973,677,47,782,963,89,309,10,180,530,926,660,21,767,15,926,159,752,74,216,818,308,6,13,20,24,29,37,29,20,14,22,24,19,18,21,19,22,22,24,24,39,31,20,17,8,27,22,15,18,18,20,22,30,18
[244825.946685] [AOA] Measurement: 0,1627200953.257662,08:55:31:9a:df:1f,2,1,1,0,128,821,17,352,768,972,1008,498,720,977,89,676,26,732,932,104,306,989,200,603,972,656,10,746,999,888,111,843,88,227,796,380,76,23,14,11,16,35,29,25,26,13,20,18,27,18,14,15,13,39,26,23,34,23,21,22,23,18,23,13,19,27,31,29,11
[244825.976565] [AOA] Measurement: 0,1627200953.287543,08:55:31:9a:df:1f,2,1,1,0,128,856,17,365,735,402,807,959,554,964,105,678,69,757,980,47,265,997,182,536,959,567,990,793,1020,913,118,752,107,190,776,243,944,15,18,23,28,39,27,19,14,21,26,22,16,25,19,26,20,28,25,41,38,21,20,15,33,23,26,22,23,24,26,32,22
[244826.002809] [AOA] Measurement: 0,1627200953.313782,08:55:31:9a:df:1f,2,1,1,0,128,497,312,115,584,397,825,790,56,92,891,780,386,653,514,1000,957,108,288,338,391,100,863,401,18,470,709,968,466,989,280,383,429,17,11,10,12,31,27,22,22,12,19,16,24,16,14,15,10,38,23,25,29,21,23,22,24,15,26,12,16,23,25,27,17
[244826.031366] [AOA] Measurement: 0,1627200953.342344,08:55:31:9a:df:1f,2,1,1,0,128,325,152,284,724,404,818,899,506,359,893,139,889,211,734,592,101,1016,165,501,914,641,37,747,1005,934,132,802,86,227,773,208,888,12,17,23,27,37,24,20,11,20,23,21,14,20,18,23,19,28,23,37,34,18,17,13,30,20,20,17,24,21,21,33,17
[244826.053114] [AOA] Measurement: 0,1627200953.364091,08:55:31:9a:df:1f,2,1,1,0,128,766,0,313,685,370,784,909,513,412,904,222,940,176,763,586,141,460,972,530,916,52,845,187,838,354,940,193,878,711,670,368,101,13,18,21,25,35,24,21,15,21,25,20,15,21,17,23,19,28,21,40,36,19,20,13,31,24,22,16,21,24,24,31,22
[244826.083167] [AOA] Measurement: 0,1627200953.394141,08:55:31:9a:df:1f,2,1,1,0,128,798,1017,376,807,938,1001,882,475,367,921,711,41,227,763,78,266,414,933,1000,718,126,856,185,806,889,68,237,916,243,841,120,828,18,18,22,28,40,33,24,14,21,27,22,21,24,21,26,22,38,24,39,44,24,25,18,40,27,27,26,28,28,31,39,30
[244826.112497] [AOA] Measurement: 0,1627200953.423471,08:55:31:9a:df:1f,2,1,1,0,128,822,16,360,771,436,828,902,531,947,84,726,68,768,1003,136,344,996,153,460,889,103,824,786,1007,914,109,816,69,699,627,634,312,15,17,24,27,36,26,20,12,23,26,25,17,21,19,23,20,30,20,35,41,19,20,13,33,24,22,20,21,21,23,33,24
[244826.137718] [AOA] Measurement: 0,1627200953.448698,08:55:31:9a:df:1f,2,1,1,0,128,349,210,358,760,405,797,876,511,426,916,171,931,746,968,573,94,456,980,28,749,1020,803,207,811,402,963,305,945,229,800,196,921,17,21,25,30,44,31,25,18,25,29,24,17,25,20,29,22,36,24,42,42,24,21,18,38,28,26,24,27,27,26,39,25
[244826.163651] [AOA] Measurement: 0,1627200953.474625,08:55:31:9a:df:1f,2,1,1,0,128,825,1002,351,749,415,798,873,456,1014,138,722,98,763,953,604,121,452,996,571,955,598,1021,752,1019,920,101,765,135,239,781,640,376,17,11,6,17,30,30,25,21,15,20,15,27,17,13,15,12,39,22,26,27,22,21,24,21,16,18,14,18,20,26,25,11
[244826.188371] [AOA] Measurement: 0,1627200953.499351,08:55:31:9a:df:1f,2,1,1,0,128,803,1019,395,799,407,850,413,657,417,930,708,71,220,792,523,50,446,971,994,765,46,852,686,988,405,941,332,961,205,762,599,308,18,18,26,32,42,32,26,17,24,25,23,19,23,18,28,23,30,27,43,40,24,21,18,36,25,26,23,28,26,25,39,25
[244826.214612] [AOA] Measurement: 0,1627200953.525591,08:55:31:9a:df:1f,2,1,1,0,128,847,1023,390,744,1005,10,889,487,380,914,781,104,707,932,605,116,449,1016,581,954,99,848,189,813,367,955,806,48,665,579,416,34,18,11,8,14,28,30,24,20,11,20,17,23,17,14,15,12,39,24,24,31,23,22,23,22,14,23,11,16,26,27,24,12
[244826.252708] [AOA] Measurement: 0,1627200953.563688,08:55:31:9a:df:1f,2,1,1,0,128,372,253,904,965,424,831,439,699,908,82,727,77,727,926,122,336,903,128,1008,734,93,892,153,784,954,144,772,23,684,651,234,1016,15,16,20,25,36,25,22,13,22,26,20,15,18,17,23,21,26,18,38,35,20,18,10,27,22,17,19,19,21,19,26,18
[244826.278051] [AOA] Measurement: 0,1627200953.589024,08:55:31:9a:df:1f,2,1,1,0,128,512,305,622,374,401,799,806,54,625,634,241,221,637,453,948,955,688,478,341,431,607,28,443,41,1008,832,954,482,504,425,317,460,15,17,25,29,36,31,19,12,21,24,21,17,22,18,23,20,29,24,41,32,19,20,15,30,24,24,22,24,24,22,33,23
[244826.306687] [AOA] Measurement: 0,1627200953.617665,08:55:31:9a:df:1f,2,1,1,0,128,344,191,942,977,976,1002,411,663,931,92,707,82,706,927,582,117,1019,114,51,827,669,27,715,14,945,107,777,66,252,801,913,597,16,17,23,27,37,26,24,13,22,23,20,17,18,19,24,19,27,21,38,34,21,18,11,31,19,24,20,20,22,18,32,21
[244826.327983] [AOA] Measurement: 0,1627200953.638963,08:55:31:9a:df:1f,2,1,1,0,128,1002,522,607,394,419,784,832,43,520,666,286,215,641,515,940,953,126,265,890,560,617,19,420,30,23,860,962,457,514,432,497,583,14,19,21,26,34,27,19,15,23,24,21,18,18,19,23,20,30,23,39,38,23,20,13,33,25,25,19,23,27,27,34,24
[244826.355152] [AOA] Measurement: 0,1627200953.666130,08:55:31:9a:df:1f,2,1,1,0,128,800,969,361,745,431,828,877,446,375,923,691,40,784,983,584,162,402,929,992,727,86,845,188,790,391,1012,846,107,190,818,215,876,13,16,24,26,37,28,22,12,19,22,20,16,21,17,22,18,23,23,41,29,19,17,8,29,21,20,19,20,20,15,31,22
[244826.384646] [AOA] Measurement: 0,1627200953.695620,08:55:31:9a:df:1f,2,1,1,0,128,433,290,650,368,424,829,826,98,151,890,850,424,634,525,536,148,9,187,307,345,86,826,823,816,547,667,980,456,470,434,414,541,14,19,19,26,37,29,21,14,20,24,18,16,19,19,25,19,30,21,41,33,20,19,14,33,22,24,19,22,24,23,32,21
[244826.421878] [AOA] Measurement: 0,1627200953.732858,08:55:31:9a:df:1f,2,1,1,0,128,830,1015,405,762,384,826,410,677,883,113,750,72,802,979,85,341,424,957,1012,733,59,833,198,852,377,967,222,881,694,656,352,92,12,14,15,20,25,22,19,10,19,20,17,12,17,15,22,17,24,21,29,33,18,17,14,25,20,23,14,21,21,22,29,18
[244826.447266] [AOA] Measurement: 0,1627200953.758240,08:55:31:9a:df:1f,2,1,1,0,128,510,369,527,325,403,804,788,1012,588,668,367,230,645,559,948,984,634,497,806,540,147,877,838,895,83,895,481,231,63,325,469,613,12,9,7,14,28,20,20,18,7,17,10,17,12,10,11,11,27,22,21,24,16,19,17,18,8,19,9,12,13,19,20,3
[244826.475325] [AOA] Measurement: 0,1627200953.786305,08:55:31:9a:df:1f,2,1,1,0,128,1014,449,176,613,975,1020,275,219,981,752,730,400,230,659,437,7,729,508,842,715,648,51,448,12,861,772,848,442,481,381,78,42,8,3,1,8,16,16,14,10,3,13,8,17,12,7,10,8,18,10,16,15,15,17,13,14,5,14,3,11,17,19,18,9
[244826.497064] [AOA] Measurement: 0,1627200953.808044,08:55:31:9a:df:1f,2,1,1,0,128,904,815,34,526,960,917,648,181,437,196,273,686,396,980,574,393,696,100,594,462,876,104,300,212,386,87,313,715,240,667,923,292,5,6,6,4,10,10,7,4,2,2,5,3,2,1,3,2,15,11,5,13,5,8,3,6,2,2,6,3,5,4,7,3
[244826.521319] [AOA] Measurement: 0,1627200953.832292,08:55:31:9a:df:1f,2,1,1,0,128,359,871,483,214,483,864,152,964,887,964,822,567,341,930,99,183,105,75,978,128,795,31,363,141,886,940,557,697,222,628,128,578,4,0,4,6,3,6,5,6,3,2,2,1,2,4,1,3,9,8,4,3,3,2,3,5,4,5,1,1,2,2,1,2
[244826.549725] [AOA] Measurement: 0,1627200953.860699,08:55:31:9a:df:1f,2,1,1,0,128,294,277,59,548,1013,15,125,957,872,1002,835,458,798,707,61,127,160,140,12,278,233,879,826,959,918,939,829,443,796,904,34,271,5,4,6,5,12,6,5,6,12,9,4,3,5,11,8,9,17,7,14,16,6,12,9,5,18,15,9,4,13,18,13,9
[244826.575351] [AOA] Measurement: 0,1627200953.886324,08:55:31:9a:df:1f,2,1,1,0,128,523,345,692,510,419,824,816,88,499,596,258,237,169,584,524,7,698,526,877,642,50,833,420,1003,411,598,49,498,549,375,957,871,9,9,8,11,29,23,20,14,7,12,6,24,14,9,12,7,28,17,21,22,18,17,17,22,10,14,3,18,21,16,27,11
[244826.596626] [AOA] Measurement: 0,1627200953.907604,08:55:31:9a:df:1f,2,1,1,0,128,487,380,615,362,448,826,805,33,444,651,187,166,611,485,436,63,107,298,298,413,26,828,900,815,982,820,395,256,525,446,869,964,14,18,25,23,36,27,21,15,24,23,24,20,20,19,26,20,33,31,41,37,20,21,11,31,30,20,23,30,24,22,41,20
[244826.626830] [AOA] Measurement: 0,1627200953.937810,08:55:31:9a:df:1f,2,1,1,0,128,516,355,611,362,363,800,791,62,538,636,317,252,558,422,1022,967,134,270,328,424,610,1007,413,1015,508,653,363,271,981,220,348,519,15,20,27,30,39,29,23,16,26,23,24,18,18,18,24,21,32,32,44,37,25,20,13,34,31,19,23,29,24,23,34,19
[244826.649889] [AOA] Measurement: 0,1627200953.960867,08:55:31:9a:df:1f,2,1,1,0,128,324,198,377,754,1002,1021,838,543,991,86,713,59,770,988,92,301,87,269,519,899,644,37,116,781,409,961,253,929,667,602,832,529,20,21,29,32,43,34,28,17,29,31,27,20,23,23,29,25,37,31,47,41,25,21,14,37,32,23,27,31,24,27,40,24
[244826.681703] [AOA] Measurement: 0,1627200953.992683,08:55:31:9a:df:1f,2,1,1,0,128,376,231,896,941,449,806,435,702,398,933,736,117,759,960,140,351,977,210,573,946,671,128,609,980,922,108,802,101,708,670,776,512,17,21,29,34,47,33,26,18,33,26,30,19,24,23,30,23,34,32,47,36,24,20,10,32,30,19,27,24,21,23,32,19
[244826.704315] [AOA] Measurement: 0,1627200954.015295,08:55:31:9a:df:1f,2,1,1,0,128,282,174,367,735,986,992,441,725,425,946,711,65,779,1017,41,257,1006,209,579,922,107,894,622,960,415,959,839,107,213,826,717,332,17,18,29,33,46,33,27,19,33,27,31,19,23,22,27,24,36,33,47,39,24,21,11,33,31,20,32,28,22,25,35,20
[244826.730736] [AOA] Measurement: 0,1627200954.041716,08:55:31:9a:df:1f,2,1,1,0,128,396,202,920,955,987,977,459,803,964,151,677,94,744,971,73,258,1014,215,557,878,625,37,665,11,933,114,783,95,278,890,980,616,19,25,29,36,51,38,29,22,35,33,30,23,29,25,33,27,38,34,53,47,26,26,13,38,33,25,31,31,25,29,38,23
[244826.763028] [AOA] Measurement: 0,1627200954.074008,08:55:31:9a:df:1f,2,1,1,0,128,321,209,972,998,973,998,387,678,961,92,749,133,820,994,138,311,453,35,6,752,85,875,699,1018,931,137,795,87,199,827,29,751,22,21,30,32,44,36,29,20,31,35,30,25,25,29,31,28,43,37,58,45,27,29,17,43,38,33,34,32,30,32,41,31
[244826.784702] [AOA] Measurement: 0,1627200954.095675,08:55:31:9a:df:1f,2,1,1,0,128,344,193,933,920,0,6,854,525,949,48,736,83,735,966,589,124,1021,210,530,853,150,854,638,1012,929,115,153,902,268,836,466,172,20,17,15,17,38,34,25,28,13,25,16,24,17,15,15,12,37,24,27,30,19,20,18,21,14,21,12,17,22,25,23,13
[244826.818229] [AOA] Measurement: 0,1627200954.129201,08:55:31:9a:df:1f,2,1,1,0,128,324,223,890,940,407,766,913,527,393,910,159,881,255,803,552,101,434,1011,13,715,74,837,90,808,415,972,204,919,679,636,99,828,15,21,29,29,45,35,26,16,29,28,25,16,21,22,27,21,32,31,45,35,24,21,10,34,27,22,26,23,21,21,27,18
[244826.846593] [AOA] Measurement: 0,1627200954.157573,08:55:31:9a:df:1f,2,1,1,0,128,1004,537,622,387,373,770,800,67,564,631,275,229,621,460,1003,1005,104,297,320,414,556,1004,798,821,456,621,441,263,11,218,104,146,21,17,13,18,47,39,32,30,19,27,19,32,21,19,20,16,51,28,35,35,32,35,26,33,21,35,16,26,34,39,37,19
[244826.869736] [AOA] Measurement: 0,1627200954.180708,08:55:31:9a:df:1f,2,1,1,0,128,350,215,931,986,1001,1006,481,779,967,93,778,95,768,945,147,317,970,188,998,717,95,871,55,808,421,960,782,112,236,871,57,796,16,22,29,31,45,35,29,17,30,29,29,19,22,22,30,22,35,31,48,40,23,22,10,34,28,21,27,27,19,22,32,22
[244826.901601] [AOA] Measurement: 0,1627200954.212574,08:55:31:9a:df:1f,2,1,1,0,128,273,186,948,969,949,974,856,522,455,964,150,897,271,817,118,315,1018,176,591,919,609,44,625,983,387,939,304,962,250,875,441,128,19,11,10,13,37,33,28,25,14,23,19,28,17,17,17,14,41,24,27,29,28,28,24,28,16,27,15,23,29,29,33,18
[244826.924572] [AOA] Measurement: 0,1627200954.235549,08:55:31:9a:df:1f,2,1,1,0,128,826,27,912,941,981,964,877,483,377,881,177,923,226,803,618,114,1006,223,524,875,103,883,120,826,368,921,288,937,703,630,194,921,16,21,28,30,45,33,22,17,27,24,25,16,21,18,25,20,28,30,45,29,18,17,9,29,21,13,24,19,16,17,27,14
[244826.951604] [AOA] Measurement: 0,1627200954.262553,08:55:31:9a:df:1f,2,1,1,0,128,381,226,945,1004,11,1022,439,750,977,106,700,116,803,1009,136,334,3,204,596,936,610,24,680,1012,946,159,829,110,252,865,658,227,18,22,35,38,48,39,27,20,36,29,32,20,23,22,29,24,39,33,55,45,24,23,12,40,32,23,30,26,20,23,38,18
[244826.989426] [AOA] Measurement: 0,1627200954.300400,08:55:31:9a:df:1f,2,1,1,0,128,867,75,382,789,974,990,417,726,932,77,165,932,762,985,614,79,517,82,3,689,158,892,87,807,416,958,278,930,731,689,109,828,21,25,33,38,54,43,29,22,34,31,30,21,26,23,30,26,43,34,58,45,25,23,15,40,35,24,33,29,26,27,38,24
[244827.016477] [AOA] Measurement: 0,1627200954.327456,08:55:31:9a:df:1f,2,1,1,0,128,999,479,579,353,448,803,831,75,42,856,316,254,174,686,514,170,638,480,805,536,589,1023,384,14,975,836,895,451,438,375,14,63,18,22,27,32,46,36,29,18,28,29,29,21,27,26,30,24,39,30,48,41,26,26,15,37,31,28,30,29,24,27,39,25
[244827.038464] [AOA] Measurement: 0,1627200954.349444,08:55:31:9a:df:1f,2,1,1,0,128,833,22,916,962,980,1014,418,702,987,94,747,106,786,999,74,320,937,150,596,918,651,42,671,1012,939,147,806,139,212,827,841,610,18,25,32,35,51,36,26,20,33,28,30,20,25,23,29,23,35,32,54,40,23,20,8,35,31,20,29,26,22,19,33,19
[244827.068569] [AOA] Measurement: 0,1627200954.379543,08:55:31:9a:df:1f,2,1,1,0,128,466,305,134,587,476,830,833,88,1013,799,808,437,201,708,464,62,648,497,918,640,647,41,344,989,978,843,948,470,512,406,469,578,17,21,29,31,47,35,26,19,31,27,28,21,25,20,28,23,35,27,46,39,22,24,11,34,29,20,29,26,19,22,31,18
[244827.096783] [AOA] Measurement: 0,1627200954.407763,08:55:31:9a:df:1f,2,1,1,0,128,350,226,901,967,6,2,471,759,998,149,717,87,815,7,141,338,0,231,533,919,87,879,179,839,334,927,294,979,283,849,179,857,21,23,31,35,53,39,29,21,36,34,31,27,28,27,33,30,42,35,54,46,25,26,13,39,37,28,34,33,28,29,43,25
[244827.118019] [AOA] Measurement: 0,1627200954.429000,08:55:31:9a:df:1f,2,1,1,0,128,362,234,942,978,981,978,432,779,902,69,745,93,744,945,105,302,1006,196,0,689,649,78,694,1013,919,160,802,110,274,880,49,739,15,20,29,29,43,33,24,17,30,28,28,21,22,20,28,22,33,27,44,38,22,18,9,32,28,19,27,26,18,20,32,20
[244827.148288] [AOA] Measurement: 0,1627200954.459261,08:55:31:9a:df:1f,2,1,1,0,128,390,237,889,948,1007,1006,392,688,392,901,744,82,767,998,144,350,1017,196,546,936,691,89,676,0,936,132,208,895,266,876,501,134,18,23,33,37,49,38,29,21,36,35,35,22,27,25,32,28,36,32,53,43,24,24,9,38,35,26,33,29,25,24,38,22
[244827.177756] [AOA] Measurement: 0,1627200954.488736,08:55:31:9a:df:1f,2,1,1,0,128,839,986,394,751,467,829,933,554,425,901,765,106,805,985,638,180,1007,183,511,894,645,34,725,27,946,165,249,907,695,626,91,838,17,22,28,31,46,34,26,18,30,29,29,20,23,24,29,24,36,29,45,41,22,24,8,32,30,20,26,26,22,20,34,16
[244827.200081] [AOA] Measurement: 0,1627200954.511059,08:55:31:9a:df:1f,2,1,1,0,128,406,250,861,911,963,1010,427,752,944,99,680,81,234,801,628,116,14,189,4,724,694,75,660,971,912,94,783,126,701,663,828,482,17,20,30,33,46,37,24,20,32,31,31,22,24,23,30,25,37,29,49,41,23,27,15,37,31,26,31,30,24,25,38,22
[244827.227815] [AOA] Measurement: 0,1627200954.538792,08:55:31:9a:df:1f,2,1,1,0,128,436,276,577,321,394,783,838,52,525,658,293,261,185,686,886,911,86,257,288,362,80,852,835,819,436,602,343,294,974,209,477,640,18,21,30,33,46,35,24,17,31,29,31,20,24,21,30,22,33,28,49,35,22,19,8,34,29,16,28,23,19,17,28,17
[244827.257141] [AOA] Measurement: 0,1627200954.568114,08:55:31:9a:df:1f,2,1,1,0,128,829,22,382,768,969,983,434,732,953,82,749,71,771,996,588,122,1020,213,585,968,631,55,740,1022,945,131,811,100,230,875,243,937,18,15,11,12,40,33,25,24,15,22,18,24,18,15,16,13,43,25,29,30,27,28,24,28,20,26,13,23,29,31,34,18
[244827.285818] [AOA] Measurement: 0,1627200954.596791,08:55:31:9a:df:1f,2,1,1,0,128,345,216,988,2,978,1013,427,736,958,47,243,963,804,1009,218,409,1,211,566,906,656,24,671,978,972,149,748,65,234,836,356,82,18,22,29,32,47,36,27,20,31,30,28,23,25,22,29,26,38,29,46,43,24,23,15,38,32,25,33,30,26,26,38,24
[244827.313565] [AOA] Measurement: 0,1627200954.624538,08:55:31:9a:df:1f,2,1,1,0,128,369,234,930,971,985,1016,443,743,974,99,760,98,821,988,118,329,1022,201,573,934,630,11,703,8,928,97,809,112,232,886,629,316,21,23,32,38,50,37,29,20,33,33,35,24,27,25,36,27,39,34,55,48,25,26,15,41,37,27,36,32,28,29,42,24
[244827.342505] [AOA] Measurement: 0,1627200954.653479,08:55:31:9a:df:1f,2,1,1,0,128,320,219,851,912,434,799,460,740,376,897,733,73,256,784,603,170,1012,210,601,943,615,39,671,968,926,173,764,27,219,859,324,28,17,21,29,32,44,34,26,18,30,24,29,20,24,22,29,21,30,27,45,39,20,19,9,34,29,18,29,27,21,20,30,17
[244827.365336] [AOA] Measurement: 0,1627200954.676316,08:55:31:9a:df:1f,2,1,1,0,128,830,34,947,965,996,1017,399,725,966,77,700,86,779,990,91,321,20,235,594,927,625,42,667,997,952,135,794,100,174,784,427,168,14,20,27,30,46,32,23,16,29,25,29,19,23,19,28,21,31,29,47,36,21,19,11,33,31,18,27,26,19,20,32,20
[244827.403627] [AOA] Measurement: 0,1627200954.714607,08:55:31:9a:df:1f,2,1,1,0,128,841,35,384,825,995,1013,401,712,929,109,723,81,826,1021,617,157,1020,183,578,986,671,94,687,998,936,122,765,45,223,848,338,90,17,23,29,31,47,35,27,18,31,30,30,22,22,23,28,24,35,31,47,40,23,25,13,38,33,24,29,29,26,28,40,25
[244827.426431] [AOA] Measurement: 0,1627200954.737411,08:55:31:9a:df:1f,2,1,1,0,128,807,992,375,788,368,805,847,497,404,892,151,897,218,791,624,138,946,172,52,720,122,854,26,779,397,944,283,920,699,716,546,290,17,22,28,34,45,36,28,17,29,28,30,20,24,23,29,23,34,28,45,37,21,20,11,33,32,19,29,26,22,23,33,20
[244827.458092] [AOA] Measurement: 0,1627200954.769072,08:55:31:9a:df:1f,2,1,1,0,128,832,11,399,805,390,788,974,615,907,68,177,943,745,974,591,110,443,1009,588,932,701,77,713,15,932,111,817,112,738,691,228,1004,21,24,32,35,51,37,33,22,35,34,33,24,27,28,34,28,42,34,54,47,28,27,17,42,39,32,34,34,28,31,42,29
[244827.482162] [AOA] Measurement: 0,1627200954.793136,08:55:31:9a:df:1f,2,1,1,0,128,357,204,404,800,982,985,425,736,906,48,156,918,771,1009,164,351,12,216,1008,681,664,64,747,24,914,122,809,94,293,900,706,383,17,23,30,31,45,30,23,16,30,23,30,16,22,18,26,18,25,23,42,28,17,15,5,25,22,7,21,19,13,12,21,7
[244827.512984] [AOA] Measurement: 0,1627200954.823957,08:55:31:9a:df:1f,2,1,1,0,128,820,1008,349,792,447,811,461,760,922,96,113,842,257,814,613,125,7,173,606,912,688,96,706,1018,902,148,795,77,178,848,947,640,21,24,30,36,52,39,29,21,34,34,33,23,27,25,33,26,44,33,54,45,26,28,15,40,35,25,34,31,23,29,39,25
[244827.536479] [AOA] Measurement: 0,1627200954.847459,08:55:31:9a:df:1f,2,1,1,0,128,871,70,387,791,390,797,893,508,476,989,723,69,797,1022,138,362,34,204,554,910,620,49,663,984,936,131,822,99,619,640,833,674,22,24,31,37,51,39,30,23,35,35,33,23,28,27,33,29,44,31,53,52,28,29,19,44,39,30,36,34,26,33,41,27
[244827.566619] [AOA] Measurement: 0,1627200954.877597,08:55:31:9a:df:1f,2,1,1,0,128,455,267,943,980,984,1008,412,758,1002,139,681,71,774,997,100,305,476,1010,55,760,73,878,183,803,376,994,854,101,192,861,996,738,20,23,32,39,50,37,25,19,32,31,31,21,23,23,30,24,37,27,52,38,25,19,13,36,35,22,30,28,21,24,34,17
[244827.589555] [AOA] Measurement: 0,1627200954.900531,08:55:31:9a:df:1f,2,1,1,0,128,911,60,363,745,436,807,891,491,379,900,145,870,270,807,599,153,435,1015,56,739,722,135,608,962,336,934,261,950,723,666,879,668,20,23,31,37,52,40,29,23,35,34,31,23,28,26,32,27,39,31,52,43,27,24,15,37,35,24,33,29,23,28,36,22
[244827.621776] [AOA] Measurement: 0,1627200954.932756,08:55:31:9a:df:1f,2,1,1,0,128,846,30,354,774,436,836,902,526,409,893,148,894,264,820,574,112,382,984,586,911,139,875,705,979,384,1003,247,935,168,826,494,251,22,28,31,37,52,41,30,20,34,33,34,24,27,24,33,27,43,34,52,45,25,24,16,40,37,26,33,33,28,29,40,25
[244827.644979] [AOA] Measurement: 0,1627200954.955957,08:55:31:9a:df:1f,2,1,1,0,128,870,16,956,985,1012,1013,384,711,1,168,704,69,789,990,122,328,28,181,509,881,122,896,190,828,944,173,775,54,200,847,38,764,21,24,30,35,53,39,29,21,34,35,34,22,28,25,32,27,39,34,51,43,25,25,13,39,33,25,31,30,21,27,36,23
[244827.674246] [AOA] Measurement: 0,1627200954.985220,08:55:31:9a:df:1f,2,1,1,0,128,845,40,362,765,435,819,437,698,411,935,758,87,809,1014,142,328,953,151,18,762,116,907,657,989,395,952,278,958,255,855,864,526,22,24,31,35,51,40,31,20,34,35,33,23,27,26,34,26,43,33,55,48,27,27,15,42,37,29,35,34,29,33,43,31
[244827.703613] [AOA] Measurement: 0,1627200955.014586,08:55:31:9a:df:1f,2,1,1,0,128,832,34,353,778,928,972,917,533,404,917,192,896,785,989,94,314,416,955,976,693,106,902,101,797,950,154,822,91,231,844,726,406,20,26,33,38,50,39,30,21,31,32,32,23,29,25,34,27,42,34,57,45,29,26,13,42,37,27,34,31,25,30,43,26
[244827.732355] [AOA] Measurement: 0,1627200955.043328,08:55:31:9a:df:1f,2,1,1,0,128,824,11,926,1000,967,994,421,709,948,52,736,70,251,782,607,103,457,985,16,767,86,898,684,10,918,129,818,93,228,817,102,788,18,26,32,35,51,36,29,20,33,32,32,25,27,25,33,27,36,31,53,43,25,24,14,39,34,25,31,31,23,26,41,22
[244827.760773] [AOA] Measurement: 0,1627200955.071745,08:55:31:9a:df:1f,2,1,1,0,128,359,214,922,968,976,1001,427,747,968,84,700,46,798,1010,123,318,12,206,594,948,658,28,742,56,933,177,756,104,260,859,140,740,19,21,30,32,46,33,26,20,29,28,28,22,25,22,30,25,39,28,47,43,25,25,15,37,33,25,30,28,26,23,37,26
[244827.789478] [AOA] Measurement: 0,1627200955.100451,08:55:31:9a:df:1f,2,1,1,0,128,845,1021,996,983,992,1003,377,696,425,894,158,909,249,841,122,335,3,237,561,927,81,856,731,1018,917,137,768,93,695,624,956,708,18,22,32,36,51,37,28,20,32,32,34,25,28,24,33,26,38,32,49,43,21,25,12,35,34,23,31,29,23,24,37,21
[244827.816833] [AOA] Measurement: 0,1627200955.127813,08:55:31:9a:df:1f,2,1,1,0,128,421,252,887,935,452,801,951,557,976,109,683,64,740,966,589,127,501,9,578,915,664,53,136,821,919,99,819,128,200,844,380,154,19,23,31,34,49,33,28,20,30,29,31,20,26,23,31,25,33,32,49,40,22,19,7,33,31,17,27,26,20,20,31,16
[244827.842806] [AOA] Measurement: 0,1627200955.153780,08:55:31:9a:df:1f,2,1,1,0,128,323,139,910,916,480,863,452,714,417,949,742,117,769,974,105,273,1011,180,569,936,631,70,715,1019,938,156,856,110,686,631,466,145,17,23,29,33,48,35,26,17,30,28,30,20,24,21,31,24,34,29,49,37,22,16,10,33,29,17,25,27,20,21,32,18
[244827.872598] [AOA] Measurement: 0,1627200955.183571,08:55:31:9a:df:1f,2,1,1,0,128,855,30,342,737,461,845,857,495,364,857,195,922,239,771,602,128,417,2,988,727,84,874,91,764,386,974,222,903,663,652,236,68,17,23,30,31,43,33,24,17,29,27,27,18,24,21,27,23,34,28,48,38,22,20,12,34,29,23,26,28,21,22,32,20
[244827.895349] [AOA] Measurement: 0,1627200955.206327,08:55:31:9a:df:1f,2,1,1,0,128,340,188,900,933,963,995,900,514,402,965,711,63,803,993,92,292,2,215,582,931,635,26,688,5,905,109,782,62,207,843,51,807,18,24,31,34,48,34,26,19,32,32,29,20,25,21,30,21,38,30,49,40,21,16,11,33,29,20,30,25,19,20,31,16
[244827.922203] [AOA] Measurement: 0,1627200955.233176,08:55:31:9a:df:1f,2,1,1,0,128,818,44,424,791,996,993,401,730,942,83,695,39,788,995,195,365,1022,209,581,895,97,889,160,807,387,987,833,120,238,851,656,238,19,27,31,37,53,41,28,18,34,34,31,25,28,24,32,28,41,35,54,48,26,25,17,40,34,30,33,33,27,29,42,26
[244827.954395] [AOA] Measurement: 0,1627200955.265371,08:55:31:9a:df:1f,2,1,1,0,128,873,1011,333,772,478,853,864,549,357,861,212,944,214,768,623,137,456,1022,547,865,159,911,634,1013,880,83,786,101,208,855,932,699,21,25,33,35,49,38,27,22,35,31,33,25,29,26,33,25,44,34,49,45,25,23,14,38,34,22,35,30,22,26,36,23
[244827.983746] [AOA] Measurement: 0,1627200955.294721,08:55:31:9a:df:1f,2,1,1,0,128,852,10,384,786,1010,995,878,535,444,909,188,913,785,966,579,113,490,40,9,706,81,825,104,815,384,934,259,953,691,676,196,996,19,26,31,35,48,35,30,18,33,33,31,21,27,24,33,27,39,31,49,43,25,23,13,38,30,24,28,31,24,22,38,21
[244828.010705] [AOA] Measurement: 0,1627200955.321682,08:55:31:9a:df:1f,2,1,1,0,128,846,28,954,1004,963,991,388,691,927,85,668,21,815,7,124,335,932,165,547,908,581,16,708,1016,349,966,764,39,703,638,1006,752,19,26,31,36,50,37,28,19,32,30,32,21,27,25,31,25,39,33,50,41,26,23,13,39,32,25,34,28,22,27,35,23
[244828.037221] [AOA] Measurement: 0,1627200955.348194,08:55:31:9a:df:1f,2,1,1,0,128,839,37,348,763,1005,1014,453,732,969,89,699,43,775,1003,54,257,493,27,544,869,95,868,78,792,960,98,244,931,755,665,3,773,20,25,32,36,49,39,27,21,34,34,31,25,28,25,34,26,43,37,50,43,27,23,15,40,34,27,34,34,26,28,41,25
[244828.060417] [AOA] Measurement: 0,1627200955.371395,08:55:31:9a:df:1f,2,1,1,0,128,850,31,390,783,455,823,429,727,931,58,686,71,737,937,158,387,966,207,513,905,634,92,674,979,931,151,237,925,196,838,800,575,18,23,32,35,49,36,26,19,31,28,31,18,24,23,29,22,36,33,49,38,22,21,8,35,32,21,26,27,20,21,33,20
[244828.092959] [AOA] Measurement: 0,1627200955.403933,08:55:31:9a:df:1f,2,1,1,0,128,340,196,372,761,450,827,888,529,396,888,151,904,243,810,587,111,0,237,517,881,646,50,94,793,415,984,821,104,219,841,883,553,19,24,33,37,51,40,28,21,34,29,31,24,28,26,34,28,41,34,53,46,26,25,14,41,34,27,31,31,24,27,39,25
[244828.122358] [AOA] Measurement: 0,1627200955.433332,08:55:31:9a:df:1f,2,1,1,0,128,423,252,870,933,1000,11,352,708,422,911,734,89,768,966,142,334,1018,216,621,989,663,41,751,44,918,142,786,116,237,854,3,686,21,20,30,33,43,34,27,21,31,32,29,22,25,24,30,25,39,31,49,44,24,27,14,39,32,27,32,30,26,26,38,26
[244828.149401] [AOA] Measurement: 0,1627200955.460379,08:55:31:9a:df:1f,2,1,1,0,128,858,18,357,783,953,962,931,578,416,900,158,931,207,793,637,134,462,1010,506,908,57,856,159,822,388,945,821,107,243,859,118,839,20,24,33,36,46,34,26,20,33,28,31,21,26,23,30,22,39,31,49,37,22,19,11,32,29,17,30,25,20,19,31,14
[244828.173575] [AOA] Measurement: 0,1627200955.484550,08:55:31:9a:df:1f,2,1,1,0,128,863,54,923,960,409,788,842,514,379,886,152,924,782,967,105,290,1012,223,526,875,163,942,621,988,924,100,816,90,722,658,296,1013,21,23,33,38,50,37,26,21,33,36,31,21,28,24,33,26,40,31,53,42,26,23,11,37,33,25,28,27,21,23,35,22
[244828.205935] [AOA] Measurement: 0,1627200955.516908,08:55:31:9a:df:1f,2,1,1,0,128,390,213,935,975,924,947,871,524,439,931,205,909,200,740,592,94,984,187,588,937,54,850,108,793,458,1000,265,932,248,841,827,416,19,24,32,35,48,35,28,21,32,32,33,21,25,25,32,25,40,30,54,43,24,23,15,38,35,25,31,29,25,28,36,23
[244828.235686] [AOA] Measurement: 0,1627200955.546659,08:55:31:9a:df:1f,2,1,1,0,128,837,26,386,768,973,995,488,778,991,92,698,60,788,1004,109,332,994,207,607,964,682,93,680,1005,896,119,764,66,676,644,178,849,18,23,31,37,45,35,25,19,31,28,31,21,27,24,29,24,37,29,51,41,21,23,9,33,30,21,28,25,20,20,34,17
[244828.261677] [AOA] Measurement: 0,1627200955.572655,08:55:31:9a:df:1f,2,1,1,0,128,854,1021,889,920,968,951,859,527,385,906,128,884,224,808,596,110,415,1023,979,664,135,911,185,865,937,135,760,75,211,846,333,108,20,16,13,15,41,35,32,28,16,26,22,32,22,17,20,13,47,27,29,34,29,32,26,31,19,32,17,25,34,36,37,20
[244828.291068] [AOA] Measurement: 0,1627200955.602046,08:55:31:9a:df:1f,2,1,1,0,128,331,181,385,784,446,844,421,730,975,85,753,59,180,729,620,115,457,15,1,741,111,890,112,790,954,163,760,68,129,827,419,122,21,22,31,38,51,36,29,22,34,34,32,24,29,26,34,29,43,33,53,45,26,26,14,41,33,28,33,32,27,28,41,26
[244828.315773] [AOA] Measurement: 0,1627200955.626746,08:55:31:9a:df:1f,2,1,1,0,128,334,197,858,927,25,20,375,694,953,74,747,96,811,1001,68,306,1005,193,580,958,688,67,654,1001,923,157,813,108,221,836,155,792,22,24,35,36,48,35,26,20,30,30,30,20,27,24,31,25,40,34,55,44,24,25,14,38,33,24,31,27,21,23,36,20
[244828.346999] [AOA] Measurement: 0,1627200955.657973,08:55:31:9a:df:1f,2,1,1,0,128,805,1014,356,787,408,789,945,534,411,910,677,44,707,956,566,135,374,971,41,694,71,871,108,797,365,949,264,906,706,714,594,368,22,25,35,36,49,38,30,21,33,34,35,25,30,26,35,27,45,30,53,48,26,26,14,41,36,28,34,32,28,29,43,26
[244828.375723] [AOA] Measurement: 0,1627200955.686702,08:55:31:9a:df:1f,2,1,1,0,128,512,367,132,580,987,1001,344,253,80,841,794,400,103,652,920,896,115,292,347,438,577,19,360,973,483,661,1006,539,451,358,200,244,20,24,32,36,47,35,27,19,33,31,31,23,26,24,31,24,38,32,50,40,22,21,13,34,32,23,29,26,21,23,35,19
[244828.399416] [AOA] Measurement: 0,1627200955.710397,08:55:31:9a:df:1f,2,1,1,0,128,804,996,340,735,441,819,927,555,441,947,685,46,829,9,566,132,483,35,576,916,665,70,123,831,907,103,311,984,166,819,187,906,17,24,31,34,49,35,26,20,31,32,29,23,27,24,31,26,35,34,52,41,25,25,13,37,31,23,32,28,25,25,34,21
[244828.429548] [AOA] Measurement: 0,1627200955.740522,08:55:31:9a:df:1f,2,1,1,0,128,344,217,935,962,448,834,426,711,957,69,714,54,263,826,90,323,999,191,1015,762,97,896,713,41,944,164,829,155,187,860,765,465,19,25,32,34,47,35,25,19,30,31,29,20,23,24,29,22,37,30,51,36,21,21,9,33,29,20,30,26,20,23,34,22
[244828.458150] [AOA] Measurement: 0,1627200955.769129,08:55:31:9a:df:1f,2,1,1,0,128,827,24,403,761,431,845,409,719,387,912,148,874,229,782,614,131,1003,199,544,889,656,64,650,1003,926,151,220,916,693,682,768,460,20,23,31,35,47,35,26,18,29,31,30,21,28,25,32,26,34,31,52,38,24,20,7,33,32,22,29,27,21,22,32,18
[244828.483777] [AOA] Measurement: 0,1627200955.794750,08:55:31:9a:df:1f,2,1,1,0,128,369,167,916,966,947,975,886,534,401,932,776,53,222,816,595,145,986,153,537,941,120,890,684,1021,942,120,266,931,737,662,808,512,23,25,31,36,49,37,28,23,34,35,30,23,26,27,32,29,41,32,55,50,29,27,17,38,36,29,34,31,28,29,41,28
[244828.514981] [AOA] Measurement: 0,1627200955.825954,08:55:31:9a:df:1f,2,1,1,0,128,843,17,955,990,933,951,888,520,1020,127,641,45,772,968,125,343,385,944,53,744,151,901,681,1020,376,976,757,69,230,831,286,956,20,24,35,36,51,38,28,22,34,36,33,22,26,25,30,25,39,30,52,43,24,25,14,35,32,23,31,30,21,27,35,22
[244828.538558] [AOA] Measurement: 0,1627200955.849538,08:55:31:9a:df:1f,2,1,1,0,128,898,28,908,936,973,994,935,549,400,908,731,60,808,986,571,122,60,224,497,878,708,87,619,973,417,958,809,115,665,634,439,183,19,14,12,13,43,38,31,29,17,26,19,32,23,18,20,14,48,29,28,34,27,32,27,32,21,31,17,25,34,33,36,17
[244828.569392] [AOA] Measurement: 0,1627200955.880373,08:55:31:9a:df:1f,2,1,1,0,128,295,185,356,782,413,803,910,542,444,939,712,40,849,1014,150,319,1001,184,591,935,623,53,685,979,872,60,806,111,165,841,768,493,21,27,32,37,49,35,27,22,32,33,30,24,28,24,29,25,43,33,53,46,24,24,13,36,36,25,28,31,23,26,36,23
[244828.597142] [AOA] Measurement: 0,1627200955.908115,08:55:31:9a:df:1f,2,1,1,0,128,873,46,916,974,435,813,889,554,999,102,715,53,773,928,109,317,1022,189,561,882,684,54,683,1009,947,153,840,104,189,817,617,272,17,22,29,32,44,33,25,19,28,27,28,21,25,21,28,21,34,26,46,38,21,18,10,29,30,19,26,23,18,19,31,17
[244828.621249] [AOA] Measurement: 0,1627200955.932228,08:55:31:9a:df:1f,2,1,1,0,128,797,8,328,737,400,790,897,518,440,940,171,917,202,771,574,84,453,1009,38,740,659,80,655,1021,917,103,774,81,729,676,864,507,20,23,32,36,47,34,28,22,31,30,33,22,27,24,31,26,40,31,51,45,24,22,13,37,32,26,30,29,26,24,36,20
[244828.654380] [AOA] Measurement: 0,1627200955.965352,08:55:31:9a:df:1f,2,1,1,0,128,836,19,933,973,1013,1007,442,726,949,102,726,116,799,992,101,320,969,149,54,742,104,911,122,802,354,944,302,934,687,633,323,83,21,24,31,38,48,35,28,20,31,28,29,21,27,23,32,24,40,32,50,39,22,22,13,36,35,23,29,27,22,21,38,21
[244828.684956] [AOA] Measurement: 0,1627200955.995929,08:55:31:9a:df:1f,2,1,1,0,128,330,187,927,964,999,1021,878,493,351,879,145,855,226,747,562,95,441,980,48,751,643,69,671,1016,971,140,783,91,196,837,34,679,23,24,32,39,49,36,30,24,33,34,33,24,29,26,36,28,44,33,57,50,26,28,17,43,38,30,35,33,30,28,44,29
[244828.709392] [AOA] Measurement: 0,1627200956.020365,08:55:31:9a:df:1f,2,1,1,0,128,813,1014,898,925,996,989,411,691,417,905,721,72,221,787,575,86,433,23,552,937,139,907,729,3,966,148,820,122,176,805,308,23,20,21,27,33,44,30,24,20,30,32,28,21,24,22,30,24,40,27,45,40,23,20,16,35,31,25,28,28,24,27,37,24
[244828.741938] [AOA] Measurement: 0,1627200956.052912,08:55:31:9a:df:1f,2,1,1,0,128,513,362,559,375,418,815,766,23,455,656,262,208,702,554,950,916,136,284,320,409,46,852,872,868,465,676,992,491,478,389,470,615,20,27,32,37,47,36,27,22,32,32,30,23,27,24,34,26,40,32,55,46,22,25,17,35,36,29,30,31,26,28,41,25
[244828.766059] [AOA] Measurement: 0,1627200956.077038,08:55:31:9a:df:1f,2,1,1,0,128,807,21,353,785,960,1008,472,773,910,76,704,66,818,998,121,332,986,203,592,958,676,57,652,1000,417,990,812,80,162,835,110,790,17,23,29,30,43,30,24,16,27,26,28,20,24,20,30,19,34,29,47,38,19,20,12,30,29,20,26,26,23,21,32,19
[244828.796834] [AOA] Measurement: 0,1627200956.107814,08:55:31:9a:df:1f,2,1,1,0,128,881,51,858,945,970,967,428,722,944,59,214,916,236,783,563,119,425,977,1020,705,118,904,671,981,961,200,762,58,228,819,1016,656,20,18,12,15,42,36,30,27,16,25,20,31,23,18,20,16,47,32,30,34,31,34,29,31,22,30,15,26,35,34,33,18
[244828.824170] [AOA] Measurement: 0,1627200956.135144,08:55:31:9a:df:1f,2,1,1,0,128,384,186,866,955,416,804,845,504,410,868,145,890,794,999,143,338,993,175,547,886,682,89,631,978,380,962,823,92,194,836,771,427,17,24,29,37,48,34,27,20,34,30,30,21,24,23,30,22,34,32,48,43,23,21,10,33,30,23,29,27,22,19,33,21
[244828.854698] [AOA] Measurement: 0,1627200956.165671,08:55:31:9a:df:1f,2,1,1,0,128,997,485,99,584,955,992,832,66,487,656,315,267,129,683,529,152,749,541,874,609,563,992,863,839,1005,874,879,441,494,439,972,989,23,18,16,16,42,39,29,27,15,28,20,33,22,16,19,17,52,31,32,35,28,32,28,31,17,28,17,25,36,35,34,22
[244828.885603] [AOA] Measurement: 0,1627200956.196576,08:55:31:9a:df:1f,2,1,1,0,128,839,15,336,762,436,831,428,734,942,92,713,53,228,776,595,119,464,1009,8,719,121,892,155,837,887,99,300,947,698,646,832,539,19,25,33,32,48,33,25,17,29,27,29,21,25,21,30,20,31,29,50,35,20,21,5,32,26,16,26,23,17,18,27,16
[244828.915329] [AOA] Measurement: 0,1627200956.226302,08:55:31:9a:df:1f,2,1,1,0,128,367,221,347,721,438,783,937,549,395,917,753,62,225,765,605,131,513,19,25,742,166,928,673,1016,944,143,766,31,229,823,303,13,22,26,32,36,51,37,29,21,34,33,31,24,27,25,31,26,38,34,53,44,23,23,12,35,32,26,31,30,24,26,35,24
[244828.945871] [AOA] Measurement: 0,1627200956.256845,08:55:31:9a:df:1f,2,1,1,0,128,490,354,149,590,1018,1011,390,290,35,848,861,421,215,697,479,82,655,488,316,377,677,72,388,1011,983,854,347,248,525,404,712,879,21,24,30,36,49,35,26,20,34,33,30,21,28,24,34,26,38,31,53,43,24,22,16,37,30,27,31,31,22,26,38,23
[244828.976990] [AOA] Measurement: 0,1627200956.287963,08:55:31:9a:df:1f,2,1,1,0,128,541,356,154,586,964,988,814,65,63,856,862,459,189,716,513,139,646,462,852,591,657,63,376,1013,976,801,392,246,433,358,521,561,19,15,11,13,41,37,30,28,17,24,18,34,22,16,19,14,48,26,29,35,29,32,27,32,20,32,15,28,34,34,37,19
[244829.007505] [AOA] Measurement: 0,1627200956.318478,08:55:31:9a:df:1f,2,1,1,0,128,389,254,886,927,395,789,881,544,975,111,683,53,281,816,155,363,1011,197,509,864,146,927,647,989,952,149,221,918,687,634,246,1019,17,26,32,34,48,36,28,18,34,29,31,20,25,23,30,23,33,30,52,39,24,23,9,30,32,21,29,25,22,22,34,20
[244829.032356] [AOA] Measurement: 0,1627200956.343336,08:55:31:9a:df:1f,2,1,1,0,128,403,219,365,759,1001,1011,409,764,1004,90,762,115,769,1012,111,307,35,237,542,940,663,95,631,1016,929,138,853,146,240,880,853,594,20,25,32,35,51,37,26,22,34,30,31,23,26,23,31,24,36,29,53,40,22,18,14,34,31,23,26,28,23,24,34,21
[244829.065253] [AOA] Measurement: 0,1627200956.376226,08:55:31:9a:df:1f,2,1,1,0,128,871,37,383,788,485,839,423,736,937,75,689,45,780,954,152,360,1023,234,544,918,652,64,683,999,977,128,793,72,144,817,56,768,18,24,33,35,52,40,28,19,34,33,33,24,29,25,33,26,38,34,56,46,25,24,13,39,35,24,34,31,28,28,41,26
[244829.091927] [AOA] Measurement: 0,1627200956.402907,08:55:31:9a:df:1f,2,1,1,0,128,802,22,919,978,957,988,414,690,920,49,776,78,225,788,204,340,986,157,974,679,144,924,182,845,405,991,793,94,283,889,483,177,19,15,11,16,40,35,29,26,14,22,17,30,17,17,17,13,46,26,30,33,26,29,25,28,19,27,15,24,32,31,32,17
[244829.120909] [AOA] Measurement: 0,1627200956.431883,08:55:31:9a:df:1f,2,1,1,0,128,358,213,903,956,935,1003,399,696,386,903,757,110,761,945,616,139,506,30,37,741,707,112,638,1013,921,137,850,108,234,860,747,390,21,26,32,35,54,37,30,20,35,33,35,24,28,25,35,27,42,33,54,47,27,29,14,41,38,27,35,33,30,28,42,25
[244829.149063] [AOA] Measurement: 0,1627200956.460043,08:55:31:9a:df:1f,2,1,1,0,128,517,353,565,360,426,789,801,45,548,667,309,293,155,672,490,157,114,309,286,383,54,818,870,842,474,648,450,308,955,229,147,313,16,24,30,34,49,32,24,20,32,28,30,22,25,20,31,23,33,30,50,43,22,23,12,34,29,18,27,25,19,21,32,18
[244829.176702] [AOA] Measurement: 0,1627200956.487678,08:55:31:9a:df:1f,2,1,1,0,128,1009,544,144,618,966,987,796,65,67,867,295,281,170,677,474,103,671,467,877,609,626,35,318,1002,1022,869,975,483,496,385,132,155,14,22,29,32,46,32,26,17,27,26,27,20,22,21,27,21,30,28,45,37,21,19,8,33,27,17,26,23,21,19,28,15
[244829.206455] [AOA] Measurement: 0,1627200956.517435,08:55:31:9a:df:1f,2,1,1,0,128,368,202,962,1016,972,1016,430,718,965,95,159,920,810,1,143,341,1,223,542,913,651,55,693,1,935,105,793,80,230,862,327,964,20,17,14,15,40,37,32,27,13,22,19,31,18,16,18,13,48,29,33,34,25,33,26,29,18,27,12,22,31,30,34,17
[244829.233021] [AOA] Measurement: 0,1627200956.543995,08:55:31:9a:df:1f,2,1,1,0,128,856,22,916,949,986,1016,341,671,989,125,699,24,239,835,122,307,1007,241,489,911,652,52,154,834,422,997,265,929,266,852,345,1014,21,16,11,17,44,38,30,27,14,23,17,29,17,17,18,14,48,31,33,34,30,30,28,31,19,29,13,26,31,34,35,18
[244829.264238] [AOA] Measurement: 0,1627200956.575219,08:55:31:9a:df:1f,2,1,1,0,128,514,388,158,610,980,996,844,75,115,879,880,469,148,665,500,128,622,473,244,351,112,923,322,963,1023,822,451,297,471,395,239,256,21,13,12,15,41,36,29,26,14,21,15,29,21,15,18,14,47,28,29,34,29,29,25,32,17,26,12,27,31,29,36,15
[244829.288584] [AOA] Measurement: 0,1627200956.599565,08:55:31:9a:df:1f,2,1,1,0,128,486,371,590,344,506,824,820,86,62,823,854,453,133,686,462,128,139,340,274,373,648,18,362,1023,993,885,933,433,529,465,919,1015,17,11,8,12,34,27,21,21,9,15,11,21,14,12,13,9,34,24,23,27,18,20,18,19,10,17,7,16,24,22,24,10
[244829.318126] [AOA] Measurement: 0,1627200956.629100,08:55:31:9a:df:1f,2,1,1,0,128,420,360,92,583,391,807,822,45,635,642,275,244,552,546,935,1023,695,532,242,324,584,4,318,998,16,811,432,231,911,186,403,600,10,12,21,20,34,26,15,10,22,14,20,12,16,10,17,11,14,17,29,22,12,15,6,20,18,9,18,14,14,8,19,7
[244829.348778] [AOA] Measurement: 0,1627200956.659755,08:55:31:9a:df:1f,2,1,1,0,128,468,421,295,602,957,986,851,50,798,787,628,382,131,679,450,61,661,579,382,406,596,11,408,16,848,690,916,246,948,125,864,948,10,10,15,9,20,18,6,18,10,18,13,11,13,15,12,13,22,14,17,11,12,6,9,8,13,11,6,10,12,13,11,5
[244829.374368] [AOA] Measurement: 0,1627200956.685340,08:55:31:9a:df:1f,2,1,1,0,128,322,991,906,373,471,808,245,62,28,48,458,619,476,73,642,533,604,121,516,297,576,1022,104,3,522,200,478,748,674,769,460,676,9,6,13,5,16,13,6,17,9,20,15,8,9,13,8,8,16,5,9,6,5,5,2,1,13,13,6,9,12,13,8,6
[244829.403983] [AOA] Measurement: 0,1627200956.714957,08:55:31:9a:df:1f,2,1,1,0,128,348,11,911,340,444,841,991,985,981,76,441,654,902,891,88,264,630,316,470,383,813,93,323,68,655,266,191,786,903,1005,414,736,15,14,14,13,27,23,4,26,16,19,19,12,18,25,15,18,20,10,19,13,17,3,17,3,17,14,8,6,15,15,11,5
[244829.428138] [AOA] Measurement: 0,1627200956.739117,08:55:31:9a:df:1f,2,1,1,0,128,263,988,327,188,418,777,823,955,986,1022,872,432,358,982,104,278,1009,882,432,256,28,831,176,30,462,141,883,435,57,559,390,698,20,12,23,10,24,28,16,26,13,35,24,20,13,20,13,16,48,24,35,25,21,24,22,16,31,30,18,21,31,29,31,18
[244829.458909] [AOA] Measurement: 0,1627200956.769888,08:55:31:9a:df:1f,2,1,1,0,128,818,171,890,453,64,1018,318,129,521,239,372,667,457,62,676,515,484,15,514,292,580,7,241,87,432,122,473,669,705,805,826,16,22,19,26,14,34,31,18,34,14,34,20,24,19,22,18,19,48,22,35,28,23,24,22,21,29,27,20,24,29,29,31,11
[244829.486553] [AOA] Measurement: 0,1627200956.797526,08:55:31:9a:df:1f,2,1,1,0,128,650,901,576,279,1018,1001,284,39,1023,461,740,882,574,408,899,922,351,814,235,181,563,960,990,988,852,536,731,770,800,1020,784,158,12,10,10,10,20,20,11,20,6,18,12,11,12,15,13,7,14,19,25,12,14,17,19,13,9,11,13,15,17,18,11,10
[244829.516401] [AOA] Measurement: 0,1627200956.827380,08:55:31:9a:df:1f,2,1,1,0,128,243,996,319,265,430,773,783,948,1004,999,932,504,379,84,95,234,1020,900,934,15,1009,757,590,927,954,1019,788,424,114,574,432,808,16,14,25,9,28,26,14,29,15,27,12,16,16,18,12,14,35,19,25,16,19,13,18,14,20,18,16,17,19,22,14,6
[244829.544110] [AOA] Measurement: 0,1627200956.855083,08:55:31:9a:df:1f,2,1,1,0,128,400,231,930,932,974,1005,412,673,29,118,723,106,780,981,154,379,977,192,575,898,682,49,723,9,933,129,794,117,216,740,640,285,15,17,21,22,33,30,23,13,23,26,20,18,20,21,24,22,31,28,40,36,21,22,16,34,29,29,24,26,25,31,35,28
[244829.575234] [AOA] Measurement: 0,1627200956.886209,08:55:31:9a:df:1f,2,1,1,0,128,828,37,917,956,980,1013,394,703,926,91,755,132,736,962,539,68,428,1018,564,914,689,73,713,1012,993,160,766,76,245,864,814,507,15,23,29,30,45,33,26,14,28,27,25,20,22,20,28,20,34,28,48,37,22,23,10,35,30,22,23,25,23,22,33,21
[244829.607090] [AOA] Measurement: 0,1627200956.918064,08:55:31:9a:df:1f,2,1,1,0,128,1003,512,111,577,971,995,374,279,54,840,315,300,637,479,951,927,94,209,302,359,648,25,297,1015,0,857,988,500,616,481,82,64,18,25,32,34,49,36,27,17,31,31,26,19,25,23,28,24,37,33,52,45,25,24,12,39,32,25,29,29,22,24,34,23
[244829.632240] [AOA] Measurement: 0,1627200956.943218,08:55:31:9a:df:1f,2,1,1,0,128,809,1010,382,758,416,793,867,539,955,84,701,62,168,737,573,103,450,989,1006,690,144,860,701,975,978,115,759,18,635,588,161,1001,17,27,34,37,52,40,28,20,34,38,30,25,26,24,33,28,41,37,55,49,26,25,14,43,34,31,31,32,26,29,39,28
[244829.663907] [AOA] Measurement: 0,1627200956.974884,08:55:31:9a:df:1f,2,1,1,0,128,771,2,362,766,374,770,894,491,375,905,128,858,275,799,626,160,424,984,55,731,33,850,155,823,357,948,247,907,672,620,133,890,21,28,34,35,50,36,26,17,34,33,34,24,26,23,32,25,42,37,55,43,26,23,14,40,34,26,32,27,22,28,37,24
[244829.688528] [AOA] Measurement: 0,1627200956.999506,08:55:31:9a:df:1f,2,1,1,0,128,764,5,395,773,360,795,883,510,938,81,145,880,214,786,98,305,986,164,538,901,125,919,647,982,911,121,239,920,653,624,178,896,19,26,32,35,52,39,27,20,35,35,31,26,28,25,35,26,39,33,57,44,29,23,13,39,37,27,31,30,26,29,39,27
[244829.715252] [AOA] Measurement: 0,1627200957.026232,08:55:31:9a:df:1f,2,1,1,0,128,729,971,354,731,393,791,890,496,424,947,177,893,196,784,585,127,422,1012,7,724,115,905,106,797,384,929,258,895,685,624,206,981,18,22,30,29,45,31,27,18,30,27,29,22,28,23,32,24,37,32,49,42,22,21,11,33,29,25,27,28,24,25,33,23
[244829.755572] [AOA] Measurement: 0,1627200957.066552,08:55:31:9a:df:1f,2,1,1,0,128,340,200,878,972,459,849,440,687,958,73,190,922,814,1005,217,352,1002,214,564,932,658,64,658,1,911,75,824,103,191,842,852,453,17,24,33,36,46,34,24,20,32,30,29,23,27,24,32,25,39,29,50,41,22,18,10,32,30,23,28,26,20,21,35,20
[244829.780325] [AOA] Measurement: 0,1627200957.091298,08:55:31:9a:df:1f,2,1,1,0,128,863,998,378,751,442,795,932,550,431,924,223,948,794,987,77,304,5,210,963,692,110,887,645,941,347,963,237,920,756,687,199,975,16,22,32,31,45,30,24,19,28,32,29,20,25,21,29,22,36,31,49,39,22,20,11,32,26,24,26,25,17,26,31,21
[244829.810733] [AOA] Measurement: 0,1627200957.121711,08:55:31:9a:df:1f,2,1,1,0,128,856,15,388,774,1006,1007,409,702,952,77,202,885,250,828,594,163,23,222,487,863,664,34,658,996,384,971,747,55,200,839,645,246,20,24,35,37,49,38,30,21,34,35,33,25,27,27,34,27,45,34,57,49,27,28,18,42,36,33,34,35,26,36,43,33
[244829.839888] [AOA] Measurement: 0,1627200957.150862,08:55:31:9a:df:1f,2,1,1,0,128,394,238,953,970,960,991,420,733,14,136,705,44,747,965,165,336,1002,178,604,949,646,52,695,8,876,142,767,62,180,856,730,433,23,25,33,36,48,36,27,20,36,33,33,23,27,26,34,24,45,31,56,47,27,23,16,40,32,30,36,31,24,32,38,26
[244829.870194] [AOA] Measurement: 0,1627200957.181170,08:55:31:9a:df:1f,2,1,1,0,128,67,591,141,598,970,993,359,302,71,850,812,447,147,672,956,940,117,276,328,363,67,859,857,836,957,794,946,474,529,426,6,987,21,14,11,14,38,35,27,25,16,20,17,27,20,15,18,14,48,27,29,37,27,29,27,31,18,26,13,25,31,31,33,17
[244829.898057] [AOA] Measurement: 0,1627200957.209030,08:55:31:9a:df:1f,2,1,1,0,128,380,218,924,979,928,1002,433,745,380,912,160,869,225,808,115,338,995,206,547,930,643,55,672,999,898,93,243,909,668,666,932,590,19,23,31,36,46,35,26,19,29,29,30,20,26,22,29,24,38,29,48,41,25,22,16,37,31,25,29,26,21,25,33,21
[244829.929319] [AOA] Measurement: 0,1627200957.240298,08:55:31:9a:df:1f,2,1,1,0,128,901,89,850,941,432,812,908,547,414,922,740,48,218,774,661,124,496,10,546,906,682,22,738,4,929,146,791,95,155,866,240,919,22,19,16,17,45,36,30,30,16,23,18,33,22,17,20,13,48,31,33,36,30,31,28,30,21,27,13,25,31,35,34,17
[244829.956364] [AOA] Measurement: 0,1627200957.267337,08:55:31:9a:df:1f,2,1,1,0,128,814,20,966,997,996,988,445,745,958,111,125,891,822,1000,131,333,1007,154,572,923,664,32,721,1023,933,164,820,97,180,853,594,315,19,16,14,14,37,33,28,24,12,23,16,29,20,16,17,13,40,29,30,33,27,29,25,26,17,26,11,22,30,29,32,15
[244829.988313] [AOA] Measurement: 0,1627200957.299293,08:55:31:9a:df:1f,2,1,1,0,128,831,4,318,747,388,745,880,512,432,959,150,904,229,765,612,180,475,9,613,927,710,64,653,1013,899,140,271,960,678,678,615,314,18,24,32,38,48,37,26,21,34,30,31,22,27,22,30,23,39,29,50,42,27,23,15,41,34,23,33,29,24,26,34,25
[244830.014750] [AOA] Measurement: 0,1627200957.325724,08:55:31:9a:df:1f,2,1,1,0,128,400,233,324,724,446,813,451,758,973,136,737,80,768,991,150,316,976,171,606,956,686,92,693,997,954,195,835,95,233,849,229,891,17,20,29,33,45,34,23,20,29,26,28,18,20,18,26,19,29,25,43,33,20,21,8,31,24,18,24,21,16,22,28,18
[244830.046619] [AOA] Measurement: 0,1627200957.357591,08:55:31:9a:df:1f,2,1,1,0,128,834,8,383,796,450,827,875,538,988,103,721,58,221,827,132,292,467,37,568,912,682,78,681,949,945,150,804,130,205,862,880,613,16,20,27,31,43,35,23,19,31,26,29,19,23,21,26,21,33,26,46,35,22,19,12,33,29,21,28,26,19,24,29,21
[244830.076445] [AOA] Measurement: 0,1627200957.387425,08:55:31:9a:df:1f,2,1,1,0,128,810,18,354,753,373,766,849,510,416,947,811,137,798,1002,121,291,429,976,34,745,157,917,711,10,912,123,804,108,192,831,199,995,19,22,35,37,53,40,30,21,36,28,33,24,27,21,31,25,38,31,51,44,26,25,12,39,34,24,31,32,24,27,40,23
[244830.104623] [AOA] Measurement: 0,1627200957.415599,08:55:31:9a:df:1f,2,1,1,0,128,343,219,944,1022,1010,28,372,684,942,89,749,91,224,780,583,106,472,18,572,935,686,72,734,31,920,149,808,84,157,820,417,103,18,24,30,33,51,35,27,17,32,28,30,21,23,20,29,23,31,31,49,36,21,17,12,31,29,20,24,26,20,21,27,19
[244830.135184] [AOA] Measurement: 0,1627200957.446162,08:55:31:9a:df:1f,2,1,1,0,128,857,58,352,743,409,792,932,556,918,83,188,933,199,772,141,317,4,205,604,920,604,13,100,805,931,121,247,917,680,647,626,424,17,24,34,34,49,38,27,21,33,29,32,23,24,22,31,25,34,31,49,42,25,22,11,36,31,21,27,27,21,26,33,23
[244830.163244] [AOA] Measurement: 0,1627200957.474217,08:55:31:9a:df:1f,2,1,1,0,128,884,75,928,937,399,774,856,513,436,943,160,908,170,742,605,133,26,211,543,876,607,20,685,1012,923,136,756,111,664,649,516,239,17,21,28,32,46,36,29,19,30,33,30,22,25,23,31,25,37,31,49,45,25,28,15,39,31,27,30,30,25,31,39,27
[244830.197417] [AOA] Measurement: 0,1627200957.508391,08:55:31:9a:df:1f,2,1,1,0,128,840,39,919,963,975,1005,389,715,968,95,694,48,820,1010,117,285,983,156,586,940,137,885,610,979,357,965,821,116,224,874,417,113,13,22,29,30,44,33,25,15,29,27,28,18,24,22,28,24,30,30,49,36,21,20,11,33,28,20,28,28,20,21,33,20
[244830.230210] [AOA] Measurement: 0,1627200957.541185,08:55:31:9a:df:1f,2,1,1,0,128,782,1011,952,991,985,986,399,701,953,96,647,36,775,975,571,135,397,1007,36,724,148,940,687,1011,940,174,789,92,201,847,746,494,16,21,31,31,48,36,23,16,29,27,28,20,24,22,30,24,30,29,49,41,22,21,10,35,29,21,27,27,22,23,34,22
[244830.262796] [AOA] Measurement: 0,1627200957.573769,08:55:31:9a:df:1f,2,1,1,0,128,307,229,924,956,999,996,463,779,926,74,710,79,213,782,588,92,483,10,1007,744,638,9,640,977,408,997,265,950,683,654,712,460,18,22,32,35,48,37,27,17,32,30,31,21,25,25,32,27,33,35,52,41,21,23,10,35,30,22,29,28,22,23,37,23
[244830.295098] [AOA] Measurement: 0,1627200957.606071,08:55:31:9a:df:1f,2,1,1,0,128,805,977,390,745,448,813,892,551,929,57,777,111,769,977,159,295,989,184,585,961,649,49,117,790,449,2,770,76,225,846,322,972,18,23,33,36,52,42,29,19,33,32,33,22,27,28,34,27,36,34,54,42,25,26,11,39,34,25,30,31,24,26,39,24
[244830.320612] [AOA] Measurement: 0,1627200957.631586,08:55:31:9a:df:1f,2,1,1,0,128,800,1005,361,768,372,744,904,532,423,907,178,887,236,788,560,61,495,24,1022,705,103,893,655,2,391,940,249,947,666,650,648,299,21,22,31,35,51,41,32,22,34,37,33,24,29,29,33,29,41,36,59,46,29,29,19,45,39,33,34,34,30,34,44,29
[244830.364918] [AOA] Measurement: 0,1627200957.675896,08:55:31:9a:df:1f,2,1,1,0,128,341,189,926,985,968,1011,440,710,995,88,749,104,830,1003,173,365,11,194,551,922,684,97,665,970,908,114,239,918,191,820,824,494,15,22,29,31,45,33,24,15,31,26,29,18,23,21,27,22,30,30,47,33,22,20,8,32,28,20,25,26,21,22,30,19
[244830.390238] [AOA] Measurement: 0,1627200957.701218,08:55:31:9a:df:1f,2,1,1,0,128,866,78,317,735,399,805,955,571,956,75,138,895,215,789,608,95,44,186,23,716,151,912,618,995,962,164,818,147,178,814,762,441,15,20,28,28,44,31,21,15,27,22,26,16,20,17,24,20,25,25,39,29,14,14,6,24,21,10,23,20,14,13,24,10
[244830.421571] [AOA] Measurement: 0,1627200957.732551,08:55:31:9a:df:1f,2,1,1,0,128,860,1018,983,957,423,810,437,741,450,953,704,99,730,950,105,272,1001,205,603,916,671,43,705,996,978,139,760,69,238,861,580,237,16,23,33,31,46,34,24,17,29,23,27,18,22,21,26,22,26,29,49,33,21,19,6,30,26,14,27,22,18,18,31,14
[244830.446908] [AOA] Measurement: 0,1627200957.757888,08:55:31:9a:df:1f,2,1,1,0,128,842,33,954,967,453,800,920,534,980,113,711,72,756,972,591,101,959,185,523,932,602,10,726,989,343,927,798,109,209,868,22,728,17,24,31,34,50,40,30,19,35,30,32,21,25,25,33,28,37,31,54,46,27,27,13,41,36,28,32,31,25,28,42,25
[244830.477173] [AOA] Measurement: 0,1627200957.788146,08:55:31:9a:df:1f,2,1,1,0,128,335,191,870,933,448,812,897,546,406,894,171,903,819,1001,138,358,994,178,589,945,669,101,677,999,964,167,251,938,227,855,918,574,17,25,33,35,48,35,27,16,31,30,29,21,23,22,28,23,32,32,47,35,20,21,7,31,29,18,27,24,21,20,30,16
[244830.504599] [AOA] Measurement: 0,1627200957.815572,08:55:31:9a:df:1f,2,1,1,0,128,840,11,344,784,426,849,418,717,959,81,155,911,791,989,162,354,1012,213,559,939,693,36,627,991,389,964,796,83,707,638,409,155,18,24,33,35,52,40,28,17,33,33,31,22,23,23,29,25,36,34,51,40,23,21,12,39,34,26,29,28,24,27,35,21
[244830.536780] [AOA] Measurement: 0,1627200957.847753,08:55:31:9a:df:1f,2,1,1,0,128,844,28,363,771,435,788,903,563,393,931,751,99,742,976,63,277,496,50,532,892,659,59,113,796,329,888,274,916,691,619,600,383,19,24,33,36,54,39,32,22,34,33,33,23,26,24,32,28,37,33,53,45,24,28,14,37,35,25,34,31,24,28,38,23
[244830.562613] [AOA] Measurement: 0,1627200957.873590,08:55:31:9a:df:1f,2,1,1,0,128,381,227,911,934,999,993,425,702,981,82,687,49,767,986,96,314,999,185,516,902,110,894,113,828,1,167,817,108,238,867,648,352,20,17,14,16,42,35,28,25,18,25,19,32,20,20,18,14,47,23,26,35,26,29,24,28,21,29,18,24,34,36,31,19
[244830.593797] [AOA] Measurement: 0,1627200957.904776,08:55:31:9a:df:1f,2,1,1,0,128,348,241,923,951,912,970,456,745,409,890,750,131,794,999,144,310,942,142,526,887,653,28,655,978,374,984,816,111,228,848,526,147,17,24,33,34,51,39,29,18,34,30,34,21,27,27,33,28,36,38,54,42,27,26,15,41,33,25,31,32,26,24,37,22
[244830.619514] [AOA] Measurement: 0,1627200957.930494,08:55:31:9a:df:1f,2,1,1,0,128,330,201,865,893,461,844,854,497,414,912,172,899,771,992,594,129,424,5,620,941,82,887,637,982,946,135,800,92,182,788,42,759,19,24,36,35,50,41,31,20,35,33,32,24,29,27,35,26,42,35,53,45,29,26,15,41,36,26,32,31,26,27,42,27
[244830.645891] [AOA] Measurement: 0,1627200957.956870,08:55:31:9a:df:1f,2,1,1,0,128,772,994,391,769,411,811,406,697,998,85,738,110,747,959,132,296,416,25,5,692,78,844,188,854,405,990,814,103,274,865,884,460,16,24,31,35,47,34,25,17,31,27,29,17,22,19,29,19,25,29,43,31,17,15,5,27,25,15,25,22,15,18,31,16
[244830.677435] [AOA] Measurement: 0,1627200957.988414,08:55:31:9a:df:1f,2,1,1,0,128,863,31,399,791,421,792,944,573,973,99,738,78,741,978,79,292,25,232,586,933,618,27,684,993,354,981,826,77,632,617,499,308,17,23,31,36,52,38,28,17,33,34,33,22,28,26,32,27,40,32,51,40,27,22,14,39,34,24,34,30,26,27,40,21
[244830.705823] [AOA] Measurement: 0,1627200958.016795,08:55:31:9a:df:1f,2,1,1,0,128,758,1021,914,958,27,25,462,752,947,79,694,92,792,973,592,114,955,170,997,722,695,56,679,1009,909,86,750,72,205,795,576,295,19,25,32,35,49,37,30,21,33,32,29,25,27,27,32,26,36,37,54,44,24,26,9,39,31,25,31,29,24,24,38,25
[244830.731233] [AOA] Measurement: 0,1627200958.042207,08:55:31:9a:df:1f,2,1,1,0,128,878,43,368,737,474,864,421,753,1008,97,713,54,206,815,596,61,509,30,994,673,73,892,151,829,389,938,804,145,207,836,55,748,15,21,29,32,45,34,25,17,28,28,25,18,23,22,28,22,30,27,43,34,20,21,9,31,28,21,25,22,20,23,32,21
[244830.764387] [AOA] Measurement: 0,1627200958.075361,08:55:31:9a:df:1f,2,1,1,0,128,787,1012,424,804,430,810,893,532,387,915,188,906,218,790,523,71,528,11,570,954,630,35,714,18,917,128,799,102,188,843,690,354,20,27,33,35,52,36,29,22,34,30,31,23,24,25,32,26,35,30,53,42,24,26,12,38,34,25,30,29,22,22,36,21
[244830.797208] [AOA] Measurement: 0,1627200958.108187,08:55:31:9a:df:1f,2,1,1,0,128,376,237,906,925,974,983,384,714,408,915,739,51,786,1006,163,295,969,186,552,936,170,934,651,1001,941,134,795,107,224,836,745,421,20,23,34,35,49,37,29,20,31,30,33,22,27,26,33,28,39,33,54,42,23,24,16,40,32,26,33,29,25,25,39,23
[244830.825363] [AOA] Measurement: 0,1627200958.136337,08:55:31:9a:df:1f,2,1,1,0,128,875,37,912,951,443,807,898,560,396,887,221,940,263,824,103,323,972,191,46,750,134,880,76,772,391,946,264,944,635,610,262,15,16,20,29,33,46,34,27,18,30,29,28,20,23,23,29,25,33,29,48,38,23,22,12,36,31,23,29,29,23,23,35,22
[244830.857874] [AOA] Measurement: 0,1627200958.168847,08:55:31:9a:df:1f,2,1,1,0,128,870,71,915,935,979,969,434,759,940,76,714,77,776,963,599,143,994,181,574,907,703,60,681,1012,1002,157,793,54,191,803,923,579,22,25,35,36,55,40,32,24,34,33,33,25,29,28,35,27,42,32,53,46,26,27,16,44,38,29,34,33,32,31,43,28
[244830.888312] [AOA] Measurement: 0,1627200958.199291,08:55:31:9a:df:1f,2,1,1,0,128,812,37,939,960,410,805,861,516,384,908,180,910,797,998,123,326,1,195,558,937,663,62,729,1011,920,125,820,121,240,876,446,92,18,24,31,34,49,35,26,19,31,29,30,21,24,20,29,25,32,30,53,37,22,21,9,35,30,22,31,24,22,21,33,19
[244830.917693] [AOA] Measurement: 0,1627200958.228666,08:55:31:9a:df:1f,2,1,1,0,128,385,225,940,970,1012,9,446,753,921,55,715,75,209,799,112,314,1012,181,669,998,653,82,722,17,960,148,801,122,183,841,892,491,19,24,32,35,50,37,28,20,31,30,31,20,25,26,29,26,35,32,52,39,23,22,10,35,34,22,32,26,21,23,33,20
[244830.950606] [AOA] Measurement: 0,1627200958.261579,08:55:31:9a:df:1f,2,1,1,0,128,811,10,391,762,440,779,451,714,380,870,187,892,823,1015,610,148,972,156,538,922,627,36,673,993,923,83,794,71,245,887,233,890,19,25,33,36,53,38,30,23,36,35,31,23,27,24,32,27,39,31,54,44,24,27,13,41,36,30,35,32,26,31,42,26
[244830.983411] [AOA] Measurement: 0,1627200958.294385,08:55:31:9a:df:1f,2,1,1,0,128,469,278,895,942,29,15,406,733,945,81,766,116,834,20,156,328,5,201,553,939,614,33,687,1006,369,966,213,898,724,696,51,763,18,20,30,32,46,36,27,17,29,30,31,22,24,25,30,27,37,30,51,41,24,25,14,37,34,27,30,28,24,28,38,25
[244831.016580] [AOA] Measurement: 0,1627200958.327560,08:55:31:9a:df:1f,2,1,1,0,128,844,25,312,730,13,13,367,692,400,906,189,917,219,794,125,320,1018,177,542,943,667,42,657,1011,929,104,238,937,693,645,963,721,15,23,30,32,49,33,26,17,32,25,30,19,22,21,27,26,30,29,46,37,20,16,10,32,29,18,27,24,20,17,29,19
[244831.046485] [AOA] Measurement: 0,1627200958.357458,08:55:31:9a:df:1f,2,1,1,0,128,823,1015,380,805,453,812,929,538,413,900,170,900,770,985,136,321,485,17,18,754,134,888,91,770,406,918,216,927,680,644,302,78,18,23,31,36,52,37,30,19,35,32,34,23,27,27,31,27,42,31,53,43,27,26,16,41,38,29,33,34,27,29,42,25
[244831.072222] [AOA] Measurement: 0,1627200958.383199,08:55:31:9a:df:1f,2,1,1,0,128,811,1014,930,979,445,778,967,582,942,92,730,75,800,996,185,368,1009,192,544,922,649,83,757,43,891,130,814,97,198,835,793,460,20,21,30,34,51,35,29,20,30,29,33,20,25,26,29,24,37,30,52,41,25,24,12,37,31,21,29,25,24,21,34,19
[244831.098829] [AOA] Measurement: 0,1627200958.409807,08:55:31:9a:df:1f,2,1,1,0,128,830,28,353,774,453,821,430,731,480,972,700,85,791,1000,188,385,1021,216,600,980,626,51,649,981,335,928,818,109,166,828,105,778,18,23,33,35,52,39,31,21,35,33,33,23,27,27,32,29,40,32,53,45,27,25,15,40,36,25,34,32,27,30,41,27
[244831.131039] [AOA] Measurement: 0,1627200958.442016,08:55:31:9a:df:1f,2,1,1,0,128,841,1007,349,733,451,842,845,462,403,884,141,895,239,804,596,100,520,44,23,731,108,871,47,796,399,950,753,70,773,648,696,441,20,26,34,36,52,39,31,20,35,34,32,24,27,27,33,27,40,34,54,46,27,27,16,42,37,28,33,33,26,29,44,27
[244831.156861] [AOA] Measurement: 0,1627200958.467839,08:55:31:9a:df:1f,2,1,1,0,128,360,210,925,966,1012,981,421,687,437,950,749,87,739,936,665,168,1023,207,637,14,631,59,691,1003,966,164,804,59,643,592,862,543,13,20,25,27,39,29,23,13,26,20,27,14,22,17,23,19,26,26,41,31,16,16,5,25,24,13,23,20,18,14,27,13
[244831.187300] [AOA] Measurement: 0,1627200958.498273,08:55:31:9a:df:1f,2,1,1,0,128,348,223,972,987,952,992,488,777,928,88,741,47,808,1017,77,287,1012,156,983,669,54,866,152,812,361,980,894,182,227,859,856,426,19,23,33,35,52,37,29,20,33,31,32,22,26,23,31,25,38,32,53,43,25,25,13,36,37,26,31,28,22,23,36,22
[244831.221404] [AOA] Measurement: 0,1627200958.532376,08:55:31:9a:df:1f,2,1,1,0,128,863,5,899,900,449,798,937,542,967,81,702,85,742,938,577,69,470,1018,1022,768,130,894,682,997,955,126,820,94,219,860,669,261,20,25,30,35,52,40,28,22,34,35,33,23,26,27,34,28,42,33,54,49,24,28,13,40,35,25,33,32,25,25,40,24
[244831.254746] [AOA] Measurement: 0,1627200958.565716,08:55:31:9a:df:1f,2,1,1,0,128,336,210,348,739,439,831,896,527,946,79,671,60,736,932,623,137,7,191,606,987,654,61,737,1,877,95,800,83,204,843,29,731,16,23,32,32,46,33,24,17,29,25,27,19,21,21,27,23,27,25,44,32,19,16,4,28,24,13,23,21,17,14,27,15
[244831.281120] [AOA] Measurement: 0,1627200958.592092,08:55:31:9a:df:1f,2,1,1,0,128,815,2,393,777,451,826,424,737,385,886,740,85,741,967,665,159,19,179,528,898,636,45,694,999,408,985,850,139,219,857,280,1014,18,24,32,34,50,37,26,19,34,29,31,22,25,21,30,23,32,33,51,43,22,21,11,36,32,20,29,28,22,19,37,20
[244831.314585] [AOA] Measurement: 0,1627200958.625558,08:55:31:9a:df:1f,2,1,1,0,128,385,241,931,962,992,999,429,705,986,97,749,80,252,823,587,110,983,219,535,888,660,84,667,983,975,166,786,103,205,841,312,50,18,25,31,35,51,38,27,20,33,30,32,23,26,24,33,26,40,33,51,45,24,23,14,37,35,24,32,28,25,23,38,22
[244831.341826] [AOA] Measurement: 0,1627200958.652776,08:55:31:9a:df:1f,2,1,1,0,128,374,234,872,946,445,824,876,492,947,74,711,77,796,1001,124,329,434,971,625,971,105,880,670,989,336,941,276,925,716,647,591,280,16,22,33,35,49,34,26,18,32,25,29,21,26,22,31,24,34,31,49,41,24,21,12,36,33,21,27,27,20,17,32,17
[244831.383645] [AOA] Measurement: 0,1627200958.694618,08:55:31:9a:df:1f,2,1,1,0,128,818,33,398,774,986,1023,872,512,424,918,704,75,278,821,116,291,494,4,4,729,163,952,677,963,877,52,222,905,700,624,136,896,19,24,34,36,52,40,26,22,32,32,32,25,28,26,34,29,41,31,52,48,28,25,17,40,37,31,32,33,27,28,42,25
[244831.413679] [AOA] Measurement: 0,1627200958.724658,08:55:31:9a:df:1f,2,1,1,0,128,883,26,393,759,463,829,914,537,424,943,161,924,285,810,654,144,1006,212,21,712,129,904,122,782,415,951,218,942,735,660,282,20,18,24,31,34,47,35,27,18,32,26,32,20,22,23,29,26,33,30,50,34,22,21,9,35,30,20,29,25,20,18,32,15
[244831.439872] [AOA] Measurement: 0,1627200958.750852,08:55:31:9a:df:1f,2,1,1,0,128,835,2,913,970,989,1001,422,733,944,77,686,63,823,994,82,299,499,15,543,913,628,28,671,984,944,157,799,94,257,855,6,655,20,24,33,36,52,37,29,20,33,32,33,22,27,29,33,28,38,30,55,47,25,25,16,41,37,26,33,30,26,28,36,25
[244831.466066] [AOA] Measurement: 0,1627200958.777045,08:55:31:9a:df:1f,2,1,1,0,128,889,68,884,955,413,795,930,571,409,937,730,70,730,921,589,123,1006,186,27,731,88,854,677,996,346,926,276,927,738,666,253,995,18,24,32,35,50,37,28,20,32,29,31,20,25,23,32,25,36,30,49,41,21,21,11,34,31,21,26,27,20,20,37,18
[244831.494094] [AOA] Measurement: 0,1627200958.805067,08:55:31:9a:df:1f,2,1,1,0,128,836,19,405,777,412,764,886,545,391,872,218,922,773,979,131,292,981,196,526,868,724,89,703,19,947,82,760,102,228,850,759,555,19,22,28,33,45,35,27,19,29,30,30,22,25,25,31,27,37,29,49,42,24,24,17,40,33,28,32,29,26,30,39,25
[244831.529258] [AOA] Measurement: 0,1627200958.840235,08:55:31:9a:df:1f,2,1,1,0,128,827,13,407,785,982,988,463,746,977,95,763,88,758,993,176,342,1014,223,564,937,687,71,647,968,933,142,791,119,250,870,1014,623,22,24,34,37,52,37,30,22,34,34,34,25,27,27,34,30,41,34,55,48,27,25,17,41,37,28,34,32,27,27,44,26
[244831.557185] [AOA] Measurement: 0,1627200958.868159,08:55:31:9a:df:1f,2,1,1,0,128,320,176,910,923,988,1012,916,535,394,871,171,953,260,779,632,157,977,205,594,921,664,71,108,816,399,962,220,918,689,663,173,877,19,22,30,33,45,33,24,17,30,29,28,21,25,25,31,24,35,32,47,40,23,20,14,34,29,21,28,25,24,23,33,20
[244831.591119] [AOA] Measurement: 0,1627200958.902100,08:55:31:9a:df:1f,2,1,1,0,128,824,28,384,770,452,828,436,716,969,97,723,64,808,1021,151,325,1000,209,577,943,641,57,719,1019,953,133,769,97,214,841,228,868,17,23,27,32,46,33,25,19,30,28,28,21,22,23,28,24,36,28,45,39,22,18,15,34,30,22,26,25,22,19,36,20
[244831.617316] [AOA] Measurement: 0,1627200958.928296,08:55:31:9a:df:1f,2,1,1,0,128,325,190,361,743,998,1009,413,720,989,105,686,46,772,1000,627,88,434,12,986,670,130,903,102,821,425,962,866,112,242,864,774,416,17,18,30,32,46,33,24,18,30,28,27,19,23,22,27,24,33,29,45,36,22,20,13,32,28,18,28,25,21,20,33,16
[244831.647886] [AOA] Measurement: 0,1627200958.958859,08:55:31:9a:df:1f,2,1,1,0,128,407,235,927,951,945,975,459,761,935,30,204,934,794,991,137,315,4,245,542,906,663,62,731,32,910,114,764,80,251,852,684,453,18,24,32,35,50,37,27,19,31,30,29,19,25,26,31,25,38,31,50,41,23,22,16,38,34,26,31,30,25,22,39,21
[244831.681226] [AOA] Measurement: 0,1627200958.992199,08:55:31:9a:df:1f,2,1,1,0,128,396,229,894,931,990,1000,384,670,409,907,164,908,221,803,562,50,484,11,65,784,667,48,675,1021,882,105,813,125,689,571,339,93,20,22,32,36,52,38,27,18,33,33,31,22,24,26,31,28,38,31,50,42,26,24,15,38,35,25,32,27,28,26,39,23
[244831.715027] [AOA] Measurement: 0,1627200959.026006,08:55:31:9a:df:1f,2,1,1,0,128,827,13,368,739,499,852,408,687,975,89,196,969,773,978,156,348,12,202,9,720,111,899,724,13,919,109,799,120,303,854,100,795,19,25,31,35,50,35,25,20,32,33,32,21,25,25,31,26,37,31,48,40,22,23,13,34,32,20,29,29,24,23,36,19
[244831.742591] [AOA] Measurement: 0,1627200959.053563,08:55:31:9a:df:1f,2,1,1,0,128,378,193,403,801,420,797,895,539,452,924,202,918,799,965,129,338,981,184,570,899,92,876,167,818,432,966,259,932,705,638,248,875,17,21,29,34,48,33,26,18,27,29,28,19,23,23,28,23,34,27,46,39,22,20,10,31,29,21,24,26,22,19,34,19
[244831.776878] [AOA] Measurement: 0,1627200959.087856,08:55:31:9a:df:1f,2,1,1,0,128,840,18,384,772,478,825,462,770,995,118,728,106,785,1001,138,358,973,209,557,921,620,39,110,799,375,955,234,894,268,861,582,292,17,23,30,35,49,35,27,20,32,28,27,21,24,22,30,26,32,28,45,40,21,16,9,31,29,17,25,23,21,18,34,16
[244831.803132] [AOA] Measurement: 0,1627200959.114111,08:55:31:9a:df:1f,2,1,1,0,128,340,196,948,983,974,1008,437,730,384,888,178,923,802,980,140,281,20,209,605,943,673,74,691,998,951,154,793,113,186,837,524,226,19,24,34,35,51,38,30,19,31,31,32,24,25,27,33,28,38,32,52,42,23,24,11,39,31,24,31,25,27,24,39,22
[244831.830283] [AOA] Measurement: 0,1627200959.141261,08:55:31:9a:df:1f,2,1,1,0,128,853,26,323,717,414,804,864,447,467,947,731,90,806,998,167,347,1002,207,26,751,87,882,104,797,395,967,225,887,733,648,388,159,21,25,30,37,52,40,31,21,32,35,32,26,29,29,36,29,43,33,52,47,27,29,17,41,38,31,34,33,29,30,45,28
[244831.863003] [AOA] Measurement: 0,1627200959.173976,08:55:31:9a:df:1f,2,1,1,0,128,904,48,333,742,437,815,928,531,417,918,112,921,227,798,627,132,479,1004,582,931,48,901,42,754,346,897,191,911,719,632,287,46,16,21,29,32,46,33,24,18,28,24,28,19,22,22,28,25,32,28,47,38,21,20,11,33,31,23,26,27,22,18,35,19
[244831.896999] [AOA] Measurement: 0,1627200959.207973,08:55:31:9a:df:1f,2,1,1,0,128,396,211,947,961,976,1011,828,477,438,918,713,81,772,971,619,115,982,187,567,906,54,848,656,994,989,163,758,113,207,836,819,474,17,23,32,36,48,34,28,21,32,30,31,23,24,24,31,27,36,29,50,42,23,20,12,35,31,21,25,25,24,21,35,17
[244831.928815] [AOA] Measurement: 0,1627200959.239796,08:55:31:9a:df:1f,2,1,1,0,128,341,212,346,778,984,1006,906,537,935,56,138,891,826,1016,138,324,936,181,554,920,650,39,692,1015,351,985,258,937,216,851,73,814,21,17,12,14,41,36,29,25,16,27,19,32,23,19,18,14,45,25,28,31,28,29,23,30,20,30,16,25,33,36,32,16
[244831.959921] [AOA] Measurement: 0,1627200959.270894,08:55:31:9a:df:1f,2,1,1,0,128,792,989,354,756,401,777,924,554,967,120,699,84,827,1001,137,309,961,174,1002,685,149,887,147,835,948,120,241,941,685,639,233,972,17,23,28,30,44,35,26,18,29,29,28,21,23,23,29,26,34,31,48,40,22,20,14,37,32,25,27,27,23,25,39,21
[244831.994420] [AOA] Measurement: 0,1627200959.305394,08:55:31:9a:df:1f,2,1,1,0,128,399,224,911,955,956,987,898,547,362,869,183,903,251,820,195,322,975,169,547,906,619,59,736,12,910,108,784,85,661,650,109,881,19,24,33,35,51,38,29,20,32,34,32,24,27,27,32,31,40,31,53,43,24,25,15,38,37,28,31,32,28,29,42,27
[244832.028877] [AOA] Measurement: 0,1627200959.339857,08:55:31:9a:df:1f,2,1,1,0,128,359,216,925,961,943,978,826,481,467,926,142,905,214,796,124,289,998,205,556,901,136,905,685,997,412,931,802,112,700,665,62,836,16,26,32,36,49,37,26,17,29,31,30,20,25,24,32,25,35,33,52,40,23,21,15,36,33,26,28,28,24,24,36,23
[244832.057612] [AOA] Measurement: 0,1627200959.368585,08:55:31:9a:df:1f,2,1,1,0,128,335,218,887,931,462,833,465,714,941,80,717,57,823,985,116,322,963,204,588,936,592,25,642,992,369,978,848,121,206,863,625,333,17,21,29,31,46,34,24,18,30,27,26,19,24,24,29,26,34,27,47,40,21,19,11,32,26,20,25,25,21,20,34,18
[244832.092052] [AOA] Measurement: 0,1627200959.403032,08:55:31:9a:df:1f,2,1,1,0,128,362,237,934,966,986,1023,431,714,997,127,718,73,773,983,103,307,473,5,7,709,82,900,684,995,949,143,767,72,205,865,322,909,18,24,33,36,47,35,26,18,34,33,29,22,25,24,33,26,40,33,53,42,22,23,13,39,32,25,32,29,25,26,39,22
[244832.121118] [AOA] Measurement: 0,1627200959.432091,08:55:31:9a:df:1f,2,1,1,0,128,852,23,963,960,944,977,452,727,917,38,743,109,759,969,597,109,989,209,563,900,616,47,726,31,916,150,765,83,185,819,301,987,20,24,31,36,50,37,28,20,32,32,31,22,25,26,31,27,36,33,51,44,24,24,13,39,34,27,32,29,24,27,41,21
[244832.154291] [AOA] Measurement: 0,1627200959.465271,08:55:31:9a:df:1f,2,1,1,0,128,802,38,339,735,449,819,890,529,380,902,177,950,807,992,590,134,493,2,580,933,128,879,708,1004,410,1014,279,998,243,837,938,572,15,22,28,31,44,33,25,18,27,27,28,20,25,22,28,22,33,28,46,36,20,17,12,34,30,23,25,25,22,21,34,19
[244832.184553] [AOA] Measurement: 0,1627200959.495527,08:55:31:9a:df:1f,2,1,1,0,128,816,6,346,756,429,818,888,538,422,918,713,61,281,824,74,272,421,999,544,889,60,852,85,781,366,949,224,932,730,666,837,518,18,23,32,35,51,38,27,19,33,32,30,22,24,23,32,25,35,31,52,41,22,23,12,36,32,24,30,29,24,24,37,20
[244832.217813] [AOA] Measurement: 0,1627200959.528793,08:55:31:9a:df:1f,2,1,1,0,128,857,1,403,775,970,993,408,707,981,107,701,42,850,1009,147,356,31,225,536,938,603,59,71,776,938,110,824,110,263,877,660,362,17,21,28,33,47,35,25,18,29,30,28,24,23,23,28,24,34,29,49,39,24,22,13,35,28,22,29,28,23,21,37,20
[244832.247200] [AOA] Measurement: 0,1627200959.558173,08:55:31:9a:df:1f,2,1,1,0,128,313,187,905,974,430,820,404,716,392,954,177,915,241,825,605,100,492,43,549,893,105,874,672,995,405,969,276,938,705,647,698,486,16,20,28,29,43,31,24,16,28,26,28,19,21,21,27,22,27,29,45,38,18,20,9,31,28,18,23,24,21,19,32,16
[244832.282625] [AOA] Measurement: 0,1627200959.593599,08:55:31:9a:df:1f,2,1,1,0,128,324,182,932,958,976,963,472,753,951,103,130,897,248,812,606,116,12,244,521,899,672,45,704,1018,971,181,846,141,160,809,788,411,18,25,31,35,49,37,29,19,33,29,30,22,24,22,29,24,36,29,48,42,21,20,9,34,27,20,28,27,22,22,34,20
[244832.317022] [AOA] Measurement: 0,1627200959.627994,08:55:31:9a:df:1f,2,1,1,0,128,839,25,976,987,986,0,414,724,909,32,760,111,700,977,179,299,450,7,1001,686,97,897,149,866,925,109,790,108,255,857,576,269,18,23,33,35,50,35,27,18,33,33,30,21,25,24,30,25,36,30,52,40,23,21,11,36,33,21,28,28,24,22,35,17
[244832.349116] [AOA] Measurement: 0,1627200959.660094,08:55:31:9a:df:1f,2,1,1,0,128,835,33,362,780,440,807,923,581,416,914,736,71,843,1,82,281,978,207,582,927,629,39,642,1009,918,101,208,909,686,624,648,376,19,21,29,32,45,32,25,20,29,31,27,18,25,23,28,23,35,30,47,40,20,24,13,35,32,22,25,29,24,23,36,22
[244832.380937] [AOA] Measurement: 0,1627200959.691916,08:55:31:9a:df:1f,2,1,1,0,128,840,43,933,956,390,790,899,529,992,102,718,79,784,992,110,302,979,184,568,940,656,58,708,994,967,110,801,62,241,863,892,528,17,23,33,33,48,33,25,18,33,31,29,21,24,24,30,25,36,29,48,40,23,22,10,35,34,21,27,28,19,22,37,17
[244832.407791] [AOA] Measurement: 0,1627200959.718769,08:55:31:9a:df:1f,2,1,1,0,128,802,1008,363,779,367,785,853,487,411,908,142,876,290,838,160,323,1018,198,555,867,638,1017,87,765,427,932,223,893,737,665,109,852,19,21,30,33,46,36,27,17,29,29,29,22,25,24,29,25,37,29,51,44,23,24,16,36,32,27,31,29,25,28,40,25
[244832.438709] [AOA] Measurement: 0,1627200959.749682,08:55:31:9a:df:1f,2,1,1,0,128,809,4,365,756,444,797,421,702,971,84,742,91,741,969,650,112,1012,176,560,906,80,887,207,799,394,948,826,76,712,691,672,342,21,24,31,37,50,38,29,20,31,33,34,23,28,26,33,30,41,32,54,46,22,24,16,40,35,27,31,31,27,30,42,24
[244832.466727] [AOA] Measurement: 0,1627200959.777707,08:55:31:9a:df:1f,2,1,1,0,128,844,1015,956,934,471,853,866,566,457,949,715,81,797,975,609,118,1007,214,547,934,673,85,628,985,958,131,808,141,237,856,68,750,14,19,28,33,44,34,25,19,29,29,29,20,23,22,28,24,36,27,50,40,20,23,13,35,31,25,30,28,25,26,35,22
[244832.496974] [AOA] Measurement: 0,1627200959.807947,08:55:31:9a:df:1f,2,1,1,0,128,830,18,451,803,980,996,388,760,950,80,710,70,236,789,138,318,947,166,22,711,125,907,104,787,981,145,825,136,185,856,65,701,21,24,32,35,50,38,27,23,34,34,32,27,27,27,34,28,40,31,53,47,25,26,13,41,34,28,33,32,26,29,42,25
[244832.530200] [AOA] Measurement: 0,1627200959.841177,08:55:31:9a:df:1f,2,1,1,0,128,320,201,908,957,953,995,372,690,408,957,658,49,819,1,586,109,993,153,42,751,701,51,697,990,970,158,833,148,247,905,768,346,18,24,31,38,48,39,27,22,34,32,33,25,26,25,31,26,39,33,51,45,24,24,16,42,36,27,31,35,28,25,42,26
[244832.560880] [AOA] Measurement: 0,1627200959.871854,08:55:31:9a:df:1f,2,1,1,0,128,347,207,907,980,933,992,899,555,448,948,710,110,216,820,574,110,970,188,577,928,709,103,651,1006,355,954,794,116,246,843,817,432,18,22,31,34,49,35,24,19,29,29,30,20,23,21,29,25,33,31,49,38,23,21,9,33,29,19,29,26,21,19,33,18
[244832.593927] [AOA] Measurement: 0,1627200959.904904,08:55:31:9a:df:1f,2,1,1,0,128,792,1016,918,922,437,820,414,701,401,890,188,932,775,951,127,289,999,193,594,943,661,38,673,999,882,96,811,99,260,836,698,378,18,20,29,32,46,34,26,19,29,32,30,22,25,22,30,25,37,28,49,41,22,20,16,36,33,23,29,29,24,24,37,21
[244832.621125] [AOA] Measurement: 0,1627200959.932102,08:55:31:9a:df:1f,2,1,1,0,128,351,215,917,947,9,5,900,535,953,76,720,67,255,805,576,96,431,978,22,735,136,862,150,797,905,110,824,130,152,811,307,1002,17,24,29,33,48,34,26,19,31,29,29,18,26,23,30,26,34,30,49,42,22,18,9,34,29,21,28,25,23,22,33,19
[244832.654988] [AOA] Measurement: 0,1627200959.965966,08:55:31:9a:df:1f,2,1,1,0,128,391,233,921,947,985,987,432,770,892,59,185,927,779,1000,159,347,20,245,560,912,615,10,674,1015,956,154,757,90,266,843,1021,700,17,19,28,28,42,30,21,17,28,25,25,18,22,21,27,21,32,24,41,36,20,18,10,30,24,17,25,22,19,18,30,18
[244832.686657] [AOA] Measurement: 0,1627200959.997631,08:55:31:9a:df:1f,2,1,1,0,128,436,235,930,984,944,1010,405,719,980,78,792,148,784,995,184,368,975,186,550,939,584,19,170,814,384,983,748,49,173,814,744,433,17,22,31,33,48,35,23,20,33,28,29,20,23,21,28,23,32,28,46,38,20,18,7,32,26,18,26,23,20,19,34,16
[244832.719474] [AOA] Measurement: 0,1627200960.030453,08:55:31:9a:df:1f,2,1,1,0,128,845,9,396,770,967,975,918,564,443,935,664,37,278,849,616,113,453,5,22,717,70,861,117,789,402,974,814,157,195,814,865,640,16,24,31,34,49,33,25,19,31,27,31,20,25,24,31,25,36,28,45,38,22,17,8,34,31,18,27,28,21,20,31,17
[244832.752966] [AOA] Measurement: 0,1627200960.063944,08:55:31:9a:df:1f,2,1,1,0,128,334,212,966,1007,913,963,410,735,951,94,710,43,293,796,622,119,491,2,528,919,610,76,726,997,834,52,268,946,203,822,25,677,17,18,30,30,45,31,25,18,30,26,27,20,21,19,27,21,33,27,43,38,20,19,10,31,28,18,25,22,18,19,31,18
[244832.781618] [AOA] Measurement: 0,1627200960.092591,08:55:31:9a:df:1f,2,1,1,0,128,822,29,936,960,978,1020,393,709,979,101,716,84,749,981,600,143,438,1014,549,902,680,84,679,1001,879,118,819,84,747,675,120,896,19,23,33,34,51,37,27,20,33,32,32,22,27,26,32,26,41,33,52,42,24,24,14,40,35,28,29,30,26,28,40,26
[244832.817151] [AOA] Measurement: 0,1627200960.128131,08:55:31:9a:df:1f,2,1,1,0,128,851,19,946,969,983,984,418,735,967,81,221,939,238,802,600,121,33,228,571,883,106,886,174,844,391,952,823,93,255,818,491,200,18,26,30,36,52,38,31,22,33,29,31,23,27,25,34,27,39,30,52,44,27,25,14,40,34,26,31,34,27,26,38,25
[244832.845985] [AOA] Measurement: 0,1627200960.156958,08:55:31:9a:df:1f,2,1,1,0,128,343,200,926,947,997,15,418,724,986,129,762,126,808,1003,156,344,961,170,584,934,587,14,667,1023,949,123,806,125,208,828,920,512,16,20,27,28,42,28,22,16,27,25,26,18,20,19,25,21,31,27,44,36,20,19,8,32,28,18,24,23,20,17,28,14
[244832.890615] [AOA] Measurement: 0,1627200960.201595,08:55:31:9a:df:1f,2,1,1,0,128,858,37,420,825,468,875,382,703,399,913,695,85,777,1023,156,342,1019,206,569,936,75,884,668,988,428,975,288,969,197,823,524,213,19,24,34,35,53,39,29,19,34,33,34,24,29,27,34,27,41,33,56,51,27,26,17,42,35,28,34,35,29,31,43,30
[244832.923584] [AOA] Measurement: 0,1627200960.234563,08:55:31:9a:df:1f,2,1,1,0,128,878,24,361,743,421,842,872,518,376,929,126,878,300,822,605,120,500,6,550,891,106,845,182,841,393,961,253,941,284,877,505,261,17,20,28,31,45,32,25,18,30,29,29,20,25,23,30,24,37,29,47,42,21,22,13,33,33,24,29,29,25,26,34,24
[244832.951076] [AOA] Measurement: 0,1627200960.262054,08:55:31:9a:df:1f,2,1,1,0,128,803,64,344,764,374,781,945,552,424,901,141,898,297,830,643,153,438,1017,13,748,128,885,105,796,369,954,250,934,754,684,756,466,20,24,32,36,50,38,28,19,30,30,30,22,26,24,31,25,36,31,50,40,21,21,11,34,31,20,30,26,22,18,35,17
[244832.984221] [AOA] Measurement: 0,1627200960.295199,08:55:31:9a:df:1f,2,1,1,0,128,886,41,916,957,448,827,892,595,439,916,183,930,218,810,146,324,7,228,514,909,113,874,62,785,421,969,250,927,717,656,964,701,15,22,34,31,49,34,26,17,29,27,27,18,22,17,28,22,28,29,45,36,20,17,5,33,28,17,24,24,21,14,30,17
[244833.013294] [AOA] Measurement: 0,1627200960.324267,08:55:31:9a:df:1f,2,1,1,0,128,863,60,365,752,449,826,906,482,428,903,168,894,316,880,641,132,1021,172,600,937,611,43,592,954,359,935,211,882,731,645,446,234,19,24,31,35,50,41,29,20,34,34,32,25,26,25,34,27,39,33,53,46,24,23,16,37,35,24,31,29,21,23,37,22
[244833.048978] [AOA] Measurement: 0,1627200960.359957,08:55:31:9a:df:1f,2,1,1,0,128,356,243,932,961,920,994,432,693,940,75,772,92,816,24,124,343,1011,234,553,897,640,57,680,1001,949,131,803,87,226,864,132,872,18,25,33,36,54,40,30,20,35,34,33,24,27,27,34,29,43,35,56,48,24,24,15,42,38,28,32,33,28,28,43,24
[244833.078281] [AOA] Measurement: 0,1627200960.389255,08:55:31:9a:df:1f,2,1,1,0,128,840,17,392,778,407,795,898,511,445,927,164,882,242,798,580,140,458,1004,41,707,125,946,611,960,395,969,310,978,735,679,592,296,19,23,32,36,51,41,28,21,34,31,32,21,25,25,33,27,39,32,50,45,27,25,12,39,35,26,30,29,22,26,37,22
[244833.113503] [AOA] Measurement: 0,1627200960.424484,08:55:31:9a:df:1f,2,1,1,0,128,847,12,395,765,979,996,380,692,955,88,698,110,815,1006,90,294,998,189,983,706,173,936,645,999,927,119,787,115,171,764,919,623,19,26,33,35,50,38,27,19,32,29,31,20,27,24,31,26,35,31,53,43,22,22,10,36,32,23,28,29,21,21,35,22
[244833.141020] [AOA] Measurement: 0,1627200960.451998,08:55:31:9a:df:1f,2,1,1,0,128,872,19,926,963,427,827,873,507,406,898,196,900,262,825,106,336,989,177,552,891,157,897,74,766,389,951,211,887,727,694,838,580,18,23,29,30,43,34,28,15,31,29,29,20,24,24,28,24,33,29,48,39,23,24,12,35,33,24,27,29,20,23,34,21
[244833.173772] [AOA] Measurement: 0,1627200960.484746,08:55:31:9a:df:1f,2,1,1,0,128,728,989,389,783,422,796,838,458,455,975,751,95,733,966,111,298,1012,244,589,933,696,74,676,1013,326,920,288,968,704,639,664,399,18,25,30,36,48,36,25,19,33,32,33,20,25,25,31,24,37,30,50,42,23,25,9,36,33,20,29,26,20,27,36,18
[244833.206517] [AOA] Measurement: 0,1627200960.517495,08:55:31:9a:df:1f,2,1,1,0,128,391,203,390,788,989,1003,423,735,926,113,708,64,781,968,126,316,996,208,520,933,644,83,667,982,992,172,768,97,159,806,924,652,20,24,29,34,50,37,28,18,34,34,30,21,26,28,33,27,42,33,54,45,27,26,15,42,35,27,34,32,24,28,42,26
[244833.234095] [AOA] Measurement: 0,1627200960.545073,08:55:31:9a:df:1f,2,1,1,0,128,335,198,341,760,985,968,879,544,976,87,132,905,231,804,152,315,488,1013,543,906,659,40,705,1012,839,110,791,77,204,813,452,147,17,22,28,32,47,35,24,17,30,31,25,20,25,24,28,25,33,27,46,38,21,22,9,33,29,20,27,25,21,24,34,20
[244833.261955] [AOA] Measurement: 0,1627200960.572933,08:55:31:9a:df:1f,2,1,1,0,128,325,190,948,962,1006,1008,430,729,928,68,682,64,741,949,153,318,11,181,567,922,692,85,667,1012,904,83,879,115,200,798,358,109,18,24,33,36,52,37,28,17,33,32,32,21,27,25,33,28,37,33,54,46,25,24,14,41,36,26,31,32,27,26,40,25
[244833.292999] [AOA] Measurement: 0,1627200960.603972,08:55:31:9a:df:1f,2,1,1,0,128,235,122,942,950,413,794,436,725,953,62,138,914,295,781,623,121,990,196,545,908,693,91,661,1004,971,134,791,116,219,852,509,200,20,24,32,37,51,38,28,20,34,35,32,22,26,27,32,27,40,33,53,44,25,25,14,42,35,26,32,31,28,27,40,24
[244833.321731] [AOA] Measurement: 0,1627200960.632711,08:55:31:9a:df:1f,2,1,1,0,128,822,1021,357,795,473,854,880,498,401,911,179,904,207,820,620,126,392,1014,531,926,651,64,174,807,396,967,211,903,708,620,663,446,22,24,31,34,51,40,29,21,36,33,32,22,27,28,34,28,38,31,52,47,27,27,14,40,36,27,34,31,27,30,42,25
[244833.353172] [AOA] Measurement: 0,1627200960.664146,08:55:31:9a:df:1f,2,1,1,0,128,823,31,932,946,415,785,927,589,440,895,146,907,259,825,99,278,468,0,1021,712,123,884,132,838,348,925,268,976,712,696,345,7,21,25,31,38,53,39,30,22,35,35,31,23,27,27,33,29,42,34,51,45,26,26,17,38,35,26,32,30,29,29,43,24
[244833.381826] [AOA] Measurement: 0,1627200960.692803,08:55:31:9a:df:1f,2,1,1,0,128,399,253,918,958,1022,1,387,711,969,90,747,82,808,1001,114,296,1004,186,583,953,682,100,682,1010,959,151,252,922,255,876,995,689,20,24,33,36,51,42,29,22,34,36,31,23,28,28,36,28,41,36,56,46,25,25,15,39,34,27,33,33,26,29,39,27
[244833.412929] [AOA] Measurement: 0,1627200960.723904,08:55:31:9a:df:1f,2,1,1,0,128,873,56,351,741,447,816,854,496,436,912,169,940,769,1018,91,329,1012,243,534,896,657,46,690,2,321,892,275,944,727,721,631,354,17,23,31,35,49,35,28,18,33,30,33,21,24,21,31,23,34,28,49,40,22,18,8,35,27,19,24,26,20,20,33,15
[244833.442002] [AOA] Measurement: 0,1627200960.752976,08:55:31:9a:df:1f,2,1,1,0,128,315,209,960,981,2,19,382,701,955,87,693,33,749,941,101,249,960,135,15,737,118,915,678,994,896,110,750,62,198,821,82,744,22,26,32,38,50,40,29,23,34,34,34,24,27,26,33,29,40,33,55,48,26,27,17,41,35,28,30,34,26,32,41,28
[244833.474331] [AOA] Measurement: 0,1627200960.785310,08:55:31:9a:df:1f,2,1,1,0,128,339,196,886,914,412,794,904,529,403,907,183,892,282,811,559,94,471,7,32,706,56,880,85,811,339,934,773,100,205,855,334,978,17,22,29,33,49,37,28,18,32,29,29,21,25,23,30,25,33,31,49,42,20,19,7,34,30,19,26,28,20,21,33,20
[244833.502137] [AOA] Measurement: 0,1627200960.813111,08:55:31:9a:df:1f,2,1,1,0,128,357,219,920,937,992,5,434,727,975,91,729,92,782,985,160,374,939,156,581,979,687,88,628,972,989,180,796,96,168,819,924,613,19,23,33,33,48,35,28,18,32,28,32,21,23,24,30,25,37,30,49,41,24,24,12,36,32,21,28,29,21,21,32,17
[244833.533839] [AOA] Measurement: 0,1627200960.844818,08:55:31:9a:df:1f,2,1,1,0,128,861,78,905,938,970,10,420,735,949,109,754,101,798,980,596,88,486,12,2,721,645,39,747,16,946,146,789,99,227,870,90,807,18,23,34,34,50,38,27,18,31,29,32,20,25,24,31,25,34,28,50,38,25,22,11,36,29,22,30,29,22,22,33,19
[244833.561170] [AOA] Measurement: 0,1627200960.872143,08:55:31:9a:df:1f,2,1,1,0,128,351,232,931,996,958,970,494,785,963,103,702,100,850,3,108,297,18,207,553,892,735,81,710,1002,915,137,841,152,236,854,524,198,20,23,32,36,50,39,30,20,31,33,31,21,25,25,32,27,42,32,51,41,27,25,14,40,35,25,33,30,23,29,39,25
[244833.593478] [AOA] Measurement: 0,1627200960.904456,08:55:31:9a:df:1f,2,1,1,0,128,311,180,930,980,988,987,433,758,397,920,164,888,782,986,136,330,931,153,628,972,637,4,722,7,895,117,769,75,213,821,410,69,19,20,27,34,46,34,25,18,28,31,29,21,22,24,29,25,35,30,46,39,22,22,13,37,32,22,28,26,23,25,34,24
[244833.621364] [AOA] Measurement: 0,1627200960.932341,08:55:31:9a:df:1f,2,1,1,0,128,364,210,396,793,411,787,401,726,909,44,214,938,793,985,172,331,1014,251,626,945,616,23,664,992,361,943,315,980,198,830,953,646,20,21,29,35,54,40,28,20,35,33,31,23,27,27,33,26,42,33,50,49,26,28,16,42,37,29,33,31,25,28,41,25
[244833.655462] [AOA] Measurement: 0,1627200960.966440,08:55:31:9a:df:1f,2,1,1,0,128,846,51,886,935,376,785,913,544,939,56,190,923,798,979,602,132,30,205,607,916,607,42,639,978,350,912,215,934,190,782,66,844,18,22,27,32,45,36,27,21,31,29,30,19,24,23,28,23,34,27,44,38,23,23,13,35,32,23,29,26,18,21,34,21
[244833.683463] [AOA] Measurement: 0,1627200960.994442,08:55:31:9a:df:1f,2,1,1,0,128,389,225,880,938,0,19,421,749,967,81,158,900,253,799,560,102,463,9,45,753,86,878,735,12,924,106,816,113,171,779,698,412,17,20,27,32,45,31,25,19,29,27,26,15,20,20,25,21,31,25,42,36,18,18,12,31,28,21,26,22,18,21,28,17
[244833.711456] [AOA] Measurement: 0,1627200961.022433,08:55:31:9a:df:1f,2,1,1,0,128,843,34,362,776,423,815,430,718,431,930,191,932,272,816,106,252,1003,216,551,928,655,62,657,975,945,122,822,120,214,839,553,274,19,23,29,35,49,36,28,19,31,29,30,21,25,22,29,25,35,28,48,37,22,21,10,34,30,22,29,24,21,23,31,19
[244833.743426] [AOA] Measurement: 0,1627200961.054399,08:55:31:9a:df:1f,2,1,1,0,128,360,204,872,973,439,796,906,580,378,926,145,867,802,982,579,110,446,10,535,875,135,898,712,1016,965,156,786,78,168,808,287,5,21,25,33,39,52,37,28,21,33,33,34,22,25,25,31,29,38,32,53,44,29,28,16,43,37,29,35,29,24,29,41,28
[244833.777529] [AOA] Measurement: 0,1627200961.088506,08:55:31:9a:df:1f,2,1,1,0,128,398,272,873,944,955,1010,429,746,972,85,750,99,754,992,144,338,968,173,569,954,662,82,728,992,936,135,816,93,264,901,640,311,17,22,32,35,49,36,26,21,30,32,31,19,21,26,30,26,38,30,51,42,24,25,14,36,30,23,30,23,19,27,32,21
[244833.810952] [AOA] Measurement: 0,1627200961.121931,08:55:31:9a:df:1f,2,1,1,0,128,891,39,952,978,972,983,927,542,396,899,734,52,244,815,132,288,434,2,584,968,619,68,657,985,377,974,780,58,627,618,150,954,20,23,32,37,48,38,28,23,31,32,30,20,25,27,30,24,37,32,50,39,22,20,12,33,30,25,27,25,20,21,32,18
[244833.841009] [AOA] Measurement: 0,1627200961.151982,08:55:31:9a:df:1f,2,1,1,0,128,863,49,859,932,368,804,885,545,438,927,194,931,212,804,571,78,1009,221,544,893,51,860,149,823,364,940,263,911,184,839,709,423,21,25,29,35,48,34,27,20,30,31,29,20,26,23,31,25,38,28,52,47,24,23,10,34,33,25,31,27,18,24,29,21
[244833.876061] [AOA] Measurement: 0,1627200961.187041,08:55:31:9a:df:1f,2,1,1,0,128,816,0,961,999,961,1002,440,735,974,80,677,21,817,1015,101,320,1006,201,573,959,640,61,739,16,919,160,760,52,191,796,308,962,21,26,38,40,53,36,28,21,33,31,33,20,28,27,33,27,40,34,56,43,23,23,12,35,32,27,32,24,18,27,30,20
[244833.907736] [AOA] Measurement: 0,1627200961.218710,08:55:31:9a:df:1f,2,1,1,0,128,813,1007,366,747,441,847,884,506,383,891,184,920,238,800,206,376,373,935,36,672,100,874,59,801,944,159,783,42,140,841,397,199,23,26,33,38,49,36,30,23,32,33,32,24,30,27,34,27,42,38,58,51,28,27,18,41,35,32,35,35,25,33,42,29
[244833.944421] [AOA] Measurement: 0,1627200961.255395,08:55:31:9a:df:1f,2,1,1,0,128,859,16,905,937,957,1015,425,753,1000,151,722,45,780,992,52,269,439,983,586,924,711,53,672,1001,950,146,764,87,108,778,697,402,19,27,37,40,51,37,26,21,33,33,30,23,26,23,34,26,37,33,57,41,25,22,11,35,32,23,29,30,23,21,32,19
[244833.979706] [AOA] Measurement: 0,1627200961.290684,08:55:31:9a:df:1f,2,1,1,0,128,376,200,935,949,973,989,403,729,7,115,724,49,801,963,98,287,49,213,528,886,99,881,693,1008,915,131,774,71,705,653,85,896,20,24,34,34,48,36,25,21,29,32,30,22,27,24,31,25,39,30,52,41,25,24,13,37,31,25,29,28,21,28,33,23
[244834.011287] [AOA] Measurement: 0,1627200961.322263,08:55:31:9a:df:1f,2,1,1,0,128,373,179,885,955,979,1015,393,685,1005,134,721,79,829,4,101,303,4,183,560,908,115,890,715,28,932,149,857,135,204,811,588,298,22,25,35,36,48,35,26,20,34,36,31,24,28,28,35,28,43,32,56,48,25,25,17,41,34,31,32,33,26,34,44,28
[244834.041482] [AOA] Measurement: 0,1627200961.352455,08:55:31:9a:df:1f,2,1,1,0,128,875,29,415,790,437,802,870,479,387,908,192,880,183,756,643,144,1,206,519,889,667,54,64,737,385,965,257,926,647,642,815,503,18,25,33,36,52,35,27,19,31,32,33,20,26,21,31,24,34,32,51,41,23,22,9,37,29,24,27,26,21,21,30,19
[244834.077620] [AOA] Measurement: 0,1627200961.388600,08:55:31:9a:df:1f,2,1,1,0,128,828,5,921,965,962,971,423,747,989,128,713,80,792,988,555,109,992,153,581,928,653,45,678,1016,993,140,727,37,712,676,447,211,18,23,33,33,49,37,29,16,32,29,31,21,30,23,33,24,39,34,53,44,28,26,15,41,31,26,33,32,25,27,41,28
[244834.108670] [AOA] Measurement: 0,1627200961.419644,08:55:31:9a:df:1f,2,1,1,0,128,826,27,907,961,30,8,388,718,974,107,730,42,769,957,181,363,912,135,1012,747,703,63,606,997,902,120,786,55,705,664,414,128,16,22,30,30,48,34,23,17,29,25,27,20,25,19,30,19,31,30,47,37,24,20,9,33,26,21,24,24,17,22,29,17
[244834.144952] [AOA] Measurement: 0,1627200961.455927,08:55:31:9a:df:1f,2,1,1,0,128,817,15,918,966,391,819,905,506,383,891,783,107,810,998,111,320,954,214,580,910,625,45,524,1011,931,150,802,93,195,869,272,1002,14,20,22,24,36,24,19,10,20,16,25,15,21,13,23,16,25,23,37,29,17,12,7,21,16,8,17,20,11,9,15,10
[244834.181550] [AOA] Measurement: 0,1627200961.492530,08:55:31:9a:df:1f,2,1,1,0,128,436,277,320,707,379,803,892,578,447,873,196,960,272,795,644,111,472,24,87,721,128,877,401,954,899,62,226,926,788,841,851,706,11,6,13,6,15,15,9,8,14,8,11,9,6,10,9,5,19,18,12,12,10,8,14,4,23,11,8,9,15,14,20,5
[244834.211300] [AOA] Measurement: 0,1627200961.522273,08:55:31:9a:df:1f,2,1,1,0,128,349,219,929,922,950,982,293,674,970,37,684,29,819,12,163,240,967,241,588,865,677,55,415,929,881,20,138,867,259,767,218,896,3,8,12,12,19,15,8,4,13,5,13,9,9,5,12,4,9,17,20,20,10,7,12,14,8,2,17,14,7,5,10,4
[244834.245595] [AOA] Measurement: 0,1627200961.556575,08:55:31:9a:df:1f,2,1,1,0,128,345,39,409,206,478,804,433,176,387,189,284,685,918,787,20,138,677,227,505,415,91,823,307,36,456,137,275,658,176,604,1002,299,14,8,15,13,20,22,6,16,11,13,14,8,9,14,12,16,21,12,25,21,12,23,15,7,28,19,3,14,26,21,30,15
[244834.276912] [AOA] Measurement: 0,1627200961.587885,08:55:31:9a:df:1f,2,1,1,0,128,373,1003,42,577,495,839,519,251,345,220,752,508,859,719,96,200,79,963,18,335,732,122,330,4,445,188,301,726,734,821,570,844,12,9,11,9,12,16,6,11,8,14,6,10,7,10,15,10,24,15,22,24,13,13,19,5,22,21,4,15,26,20,26,18
[244834.313309] [AOA] Measurement: 0,1627200961.624282,08:55:31:9a:df:1f,2,1,1,0,128,468,503,755,443,388,807,787,140,149,294,905,78,549,179,447,915,766,546,966,638,561,7,404,1017,636,458,1015,184,792,871,36,997,10,9,11,11,13,14,6,10,9,12,11,13,3,9,6,6,23,15,21,18,9,9,15,11,12,10,7,8,9,7,10,9
[244834.349577] [AOA] Measurement: 0,1627200961.660555,08:55:31:9a:df:1f,2,1,1,0,128,997,837,316,542,1015,15,293,167,746,769,594,361,100,693,393,0,619,789,658,489,50,783,191,994,792,804,403,339,442,403,267,368,8,4,2,8,17,16,13,6,6,13,7,13,13,6,9,5,21,1,1,19,12,11,7,11,6,12,7,9,12,17,12,9
