
[ 26.155726] wil6210-aoa$0,1606461624.228222,04:d6:aa:c1:38:97,2,1,1,0,128,339,961,783,791,885,957,916,237,656,191,52,214,856,76,229,631,926,973,366,898,737,35,701,1002,684,219,62,204,369,32,51,757,58,107,99,104,77,88,57,58,85,82,74,47,55,53,95,60,84,67,62,62,38,53,43,51,76,48,46,38,47,72,73,66
[ 26.181649] wil6210-aoa$0,1606461624.254150,04:d6:aa:c1:38:97,2,1,1,0,128,293,912,799,784,894,980,457,432,231,441,41,207,784,33,265,659,951,1003,409,919,708,5,714,16,167,325,95,191,902,897,270,1018,50,89,83,87,66,77,50,50,74,71,63,42,49,46,82,52,74,61,54,55,33,49,38,47,67,44,44,38,43,66,70,65
[ 26.208747] wil6210-aoa$0,1606461624.281250,04:d6:aa:c1:38:97,2,1,1,0,128,275,935,845,778,968,995,423,385,163,363,75,200,853,45,180,560,301,790,358,885,737,1,834,63,706,179,103,193,377,53,747,548,66,115,106,114,85,99,67,65,97,93,85,56,64,62,111,68,98,79,72,71,46,67,53,65,89,62,57,51,62,92,97,91
[ 26.230944] wil6210-aoa$0,1606461624.303441,04:d6:aa:c1:38:97,2,1,1,0,128,271,862,828,817,988,1013,449,429,135,366,84,225,886,76,177,552,909,945,810,722,672,1018,736,28,162,344,168,269,317,1012,142,965,51,91,81,87,67,76,51,51,76,71,67,43,51,49,86,53,79,63,55,57,35,51,40,50,69,48,44,40,45,68,71,67
[ 26.262590] wil6210-aoa$0,1606461624.335085,04:d6:aa:c1:38:97,2,1,1,0,128,780,757,143,540,357,823,815,136,638,193,573,71,261,846,695,396,356,767,838,700,221,893,710,4,245,365,611,14,357,20,819,686,62,118,109,113,84,94,64,65,94,89,82,52,59,57,105,64,93,75,66,66,40,57,44,52,82,50,48,41,49,75,74,70
[ 26.290141] wil6210-aoa$0,1606461624.362642,04:d6:aa:c1:38:97,2,1,1,0,128,311,965,761,756,923,1002,344,341,176,348,59,187,849,21,232,583,962,966,338,859,685,30,128,837,274,401,45,150,792,849,640,476,59,104,99,104,79,92,62,61,89,84,77,49,60,59,103,63,90,74,64,66,42,61,48,59,84,59,53,50,56,83,89,82
[ 26.312948] wil6210-aoa$0,1606461624.385442,04:d6:aa:c1:38:97,2,1,1,0,128,763,785,708,725,396,843,882,198,558,144,518,15,335,904,212,598,342,749,391,904,178,901,158,843,662,97,619,43,878,857,683,486,51,93,84,89,66,76,51,53,73,73,65,41,50,49,84,53,75,60,56,56,33,47,38,46,68,44,42,39,45,64,68,62
[ 26.343784] wil6210-aoa$0,1606461624.416280,04:d6:aa:c1:38:97,2,1,1,0,128,313,921,811,801,956,14,406,411,154,338,53,159,860,37,166,551,892,972,389,903,698,20,180,844,726,190,103,256,402,50,288,965,51,92,86,88,67,78,51,52,77,71,66,43,53,49,84,53,78,63,54,58,34,51,39,48,69,46,45,41,44,68,70,66
[ 26.371338] wil6210-aoa$0,1606461624.443836,04:d6:aa:c1:38:97,2,1,1,0,128,312,967,726,745,963,1007,404,385,650,207,25,206,821,31,194,594,961,986,376,935,739,43,717,10,288,418,48,200,351,1005,308,139,49,92,86,89,69,79,53,52,77,72,64,39,48,47,83,53,75,61,52,54,34,47,38,45,67,44,40,35,42,66,63,60
[ 26.393520] wil6210-aoa$0,1606461624.466020,04:d6:aa:c1:38:97,2,1,1,0,128,309,929,830,802,993,16,375,380,183,386,22,189,863,66,246,616,860,923,424,951,686,36,732,34,194,365,75,222,368,52,570,269,51,94,85,93,67,77,53,52,76,74,66,43,51,48,84,53,78,64,55,55,35,48,37,47,70,44,43,38,45,68,68,65
[ 26.431709] wil6210-aoa$0,1606461624.504209,04:d6:aa:c1:38:97,2,1,1,0,128,285,925,236,594,400,796,941,252,165,371,62,217,819,27,193,573,868,919,852,733,149,804,188,827,690,162,555,10,876,896,718,446,65,121,107,117,86,98,65,65,98,92,84,51,63,59,106,67,97,78,69,72,43,61,51,61,86,56,55,46,54,83,87,80
[ 26.453941] wil6210-aoa$0,1606461624.526441,04:d6:aa:c1:38:97,2,1,1,0,128,760,713,249,588,954,986,406,361,182,380,93,225,885,90,123,542,853,932,377,933,702,23,740,45,218,382,109,275,342,1,506,237,64,121,110,118,86,101,65,65,99,92,83,52,64,63,107,68,98,79,67,70,46,65,52,59,85,56,55,50,58,85,90,84
[ 26.485539] wil6210-aoa$0,1606461624.558039,04:d6:aa:c1:38:97,2,1,1,0,128,266,939,805,808,951,1000,406,376,634,162,47,214,795,24,701,441,891,971,909,758,736,48,715,6,675,153,549,13,370,47,350,152,51,95,83,90,71,80,52,53,78,73,66,42,53,50,85,55,79,64,56,59,35,50,43,51,70,47,47,42,48,71,74,70
[ 26.507511] wil6210-aoa$0,1606461624.580011,04:d6:aa:c1:38:97,2,1,1,0,128,261,890,774,775,927,985,360,353,631,128,512,994,278,858,631,325,922,960,354,875,738,47,729,27,639,208,535,1023,795,856,386,286,51,93,84,89,67,76,50,54,76,71,64,41,51,48,84,54,76,62,53,55,34,50,41,48,69,46,45,39,45,70,72,69
[ 26.536517] wil6210-aoa$0,1606461624.609012,04:d6:aa:c1:38:97,2,1,1,0,128,242,887,785,800,926,989,495,427,211,382,63,220,861,103,164,554,376,780,355,933,148,867,156,850,663,163,577,43,392,50,995,774,64,120,110,115,86,97,64,69,97,91,81,51,62,60,105,66,96,79,67,72,44,60,47,56,85,54,51,46,53,83,79,76
[ 26.565601] wil6210-aoa$0,1606461624.638101,04:d6:aa:c1:38:97,2,1,1,0,128,231,901,244,587,342,798,927,205,619,180,530,25,285,911,252,608,891,943,799,681,189,840,163,836,646,136,170,258,328,999,55,862,53,95,84,88,67,78,52,51,76,72,68,44,52,50,87,54,77,62,56,58,34,52,41,50,70,47,45,40,47,69,70,68
[ 26.587905] wil6210-aoa$0,1606461624.660406,04:d6:aa:c1:38:97,2,1,1,0,128,208,872,760,755,339,795,385,363,140,352,82,213,853,50,281,645,895,936,394,928,724,31,696,3,160,355,102,223,374,25,227,981,65,115,108,115,85,98,67,67,96,92,84,54,62,63,111,67,100,77,71,72,45,61,51,61,88,58,56,49,59,89,91,86
[ 26.615596] wil6210-aoa$0,1606461624.688092,04:d6:aa:c1:38:97,2,1,1,0,128,228,894,836,806,906,989,409,361,664,235,1010,187,849,71,162,575,944,938,844,715,173,860,721,58,171,362,126,187,375,25,584,409,67,117,108,117,88,100,69,69,98,95,84,55,64,63,112,69,100,81,71,73,45,65,54,61,88,60,58,51,59,90,92,90
[ 26.646305] wil6210-aoa$0,1606461624.718800,04:d6:aa:c1:38:97,2,1,1,0,128,768,701,250,559,424,829,884,227,243,449,85,177,825,39,168,560,350,777,367,904,142,828,98,779,600,97,560,20,821,841,676,492,67,119,108,114,86,102,66,67,99,91,81,56,65,62,109,69,101,81,70,73,44,65,52,62,89,60,59,52,57,88,91,87
[ 26.673430] wil6210-aoa$0,1606461624.745932,04:d6:aa:c1:38:97,2,1,1,0,128,299,911,780,761,934,10,414,428,139,358,45,214,829,50,240,561,933,983,368,922,662,1020,167,874,160,345,135,239,421,53,156,898,64,119,109,116,86,101,68,69,95,91,84,55,63,60,109,66,97,81,70,70,44,62,51,62,87,57,56,49,58,86,90,82
[ 26.698152] wil6210-aoa$0,1606461624.770649,04:d6:aa:c1:38:97,2,1,1,0,128,211,844,281,612,950,1009,413,383,172,377,17,135,289,883,595,360,356,787,317,875,196,850,97,799,687,147,649,41,381,18,359,216,61,108,96,103,80,90,61,61,89,82,77,49,58,56,100,63,88,72,64,65,39,56,48,56,81,54,53,46,52,78,81,79
[ 26.723534] wil6210-aoa$0,1606461624.796033,04:d6:aa:c1:38:97,2,1,1,0,128,328,942,792,754,422,839,879,190,203,381,520,1018,246,824,656,340,393,787,872,704,224,861,191,852,684,177,578,10,423,34,633,469,57,107,96,102,79,89,62,61,89,83,78,50,58,57,99,63,90,71,63,66,41,59,46,57,77,54,50,45,53,77,83,77
[ 26.748593] wil6210-aoa$0,1606461624.821093,04:d6:aa:c1:38:97,2,1,1,0,128,365,977,825,823,993,20,452,413,173,347,112,246,812,34,215,570,914,976,432,931,736,1,782,44,217,334,51,207,379,22,773,526,51,92,85,88,68,78,53,51,75,71,66,42,51,50,84,54,78,63,56,56,34,49,39,48,69,46,43,40,45,67,71,66
[ 26.779481] wil6210-aoa$0,1606461624.851981,04:d6:aa:c1:38:97,2,1,1,0,128,805,743,227,565,419,821,943,248,187,358,11,172,885,76,180,585,874,942,389,873,207,876,730,1020,692,126,601,50,347,3,749,627,66,120,107,115,83,100,66,66,99,92,86,54,65,62,110,71,98,80,69,73,43,63,50,62,84,56,57,50,58,87,90,86
[ 26.803874] wil6210-aoa$0,1606461624.876370,04:d6:aa:c1:38:97,2,1,1,0,128,254,941,759,757,414,837,883,203,650,148,61,197,815,28,641,354,424,789,406,932,718,42,736,1013,253,406,111,197,817,854,83,971,49,91,81,87,66,75,54,51,75,73,63,43,50,47,85,51,76,63,56,56,34,49,39,47,67,43,43,37,43,64,66,62
[ 26.833866] wil6210-aoa$0,1606461624.906362,04:d6:aa:c1:38:97,2,1,1,0,128,284,923,849,839,906,1000,464,436,139,374,53,208,818,63,243,625,898,970,414,922,739,62,756,23,224,351,89,236,344,1019,327,91,65,117,107,115,87,101,67,66,98,93,80,54,65,62,110,69,97,80,71,72,43,64,50,62,89,57,59,50,56,86,89,85
[ 26.856496] wil6210-aoa$0,1606461624.928996,04:d6:aa:c1:38:97,2,1,1,0,128,803,734,262,615,425,795,443,461,33,244,533,1023,289,920,207,568,906,958,326,806,226,891,252,875,117,308,569,26,337,22,425,123,59,110,101,104,79,90,60,61,89,83,74,46,58,55,97,61,89,74,63,64,39,55,46,55,79,51,49,43,50,79,77,73
[ 26.888610] wil6210-aoa$0,1606461624.961110,04:d6:aa:c1:38:97,2,1,1,0,128,793,731,205,531,424,818,936,227,216,387,40,207,770,996,125,556,948,962,870,724,179,857,752,37,246,400,574,33,890,895,894,665,63,119,107,114,85,99,67,65,96,92,80,51,63,60,110,66,97,78,68,71,41,62,52,60,88,59,56,51,56,85,87,83
[ 26.915124] wil6210-aoa$0,1606461624.987620,04:d6:aa:c1:38:97,2,1,1,0,128,295,974,769,775,959,10,815,166,168,412,69,220,786,1013,127,538,958,941,842,703,201,905,737,19,251,427,163,276,398,22,704,404,65,119,108,114,86,101,69,69,97,92,83,54,65,62,111,69,100,82,73,73,45,64,54,62,90,62,58,53,60,90,94,90
[ 26.944143] wil6210-aoa$0,1606461625.016641,04:d6:aa:c1:38:97,2,1,1,0,128,255,881,811,806,872,930,881,181,588,132,92,227,762,1013,208,568,899,973,350,911,711,33,709,1005,213,361,44,164,859,901,525,210,51,92,85,89,68,78,52,53,76,73,63,41,50,48,84,54,76,63,55,55,35,50,39,48,67,45,43,39,43,66,69,64
[ 26.969963] wil6210-aoa$0,1606461625.042464,04:d6:aa:c1:38:97,2,1,1,0,128,203,889,798,802,941,1008,359,359,174,371,78,210,827,52,568,357,883,922,351,910,695,16,174,848,230,386,96,198,414,45,451,128,59,108,98,104,80,88,58,60,87,81,75,48,57,55,97,61,88,72,63,64,38,55,45,54,77,51,47,40,49,73,78,68
[ 26.996495] wil6210-aoa$0,1606461625.068991,04:d6:aa:c1:38:97,2,1,1,0,128,300,914,784,781,936,1016,404,400,151,331,63,200,859,65,222,604,875,932,799,646,255,918,703,4,192,361,89,251,257,1015,960,737,49,92,83,87,67,75,50,52,74,71,63,42,49,47,82,52,76,61,54,54,33,48,40,46,68,45,44,38,43,67,70,65
[ 27.024982] wil6210-aoa$0,1606461625.097479,04:d6:aa:c1:38:97,2,1,1,0,128,764,766,736,734,909,971,890,177,697,195,73,221,827,53,197,534,889,946,381,900,675,1012,188,816,678,148,632,64,802,846,572,354,52,94,85,88,67,77,53,53,76,72,64,42,50,48,88,54,78,63,55,57,35,50,40,48,71,47,46,39,48,72,73,70
[ 27.053805] wil6210-aoa$0,1606461625.126301,04:d6:aa:c1:38:97,2,1,1,0,128,299,919,843,849,938,1012,408,425,131,392,83,232,821,83,250,632,868,963,416,969,720,15,751,9,241,372,131,246,449,105,244,953,65,122,109,113,87,100,64,67,94,89,83,52,66,61,107,64,97,77,70,70,43,61,49,58,85,56,53,48,54,81,84,78
[ 27.078113] wil6210-aoa$0,1606461625.150616,04:d6:aa:c1:38:97,2,1,1,0,128,305,916,819,776,898,976,402,374,133,348,81,202,819,66,131,496,925,974,361,914,740,58,719,9,222,370,151,298,384,62,661,382,59,109,103,109,78,90,62,63,89,86,76,48,60,55,98,64,88,73,64,64,39,56,47,54,79,50,49,43,50,80,83,74
[ 27.108184] wil6210-aoa$0,1606461625.180686,04:d6:aa:c1:38:97,2,1,1,0,128,300,958,729,723,912,996,398,400,203,422,67,220,843,40,257,567,338,745,824,714,186,834,770,39,244,376,83,164,370,45,302,97,60,107,96,102,79,89,59,61,87,82,74,49,57,56,99,60,87,72,63,66,39,54,45,53,79,51,51,44,49,76,79,74
[ 27.132548] wil6210-aoa$0,1606461625.205043,04:d6:aa:c1:38:97,2,1,1,0,128,263,943,773,760,918,994,815,166,659,218,41,172,865,33,179,555,896,953,379,870,168,869,189,886,186,349,109,238,384,29,468,164,58,111,99,103,75,88,59,61,87,82,73,47,54,54,97,58,86,71,63,63,38,55,44,51,74,48,47,41,46,73,73,68
[ 27.159072] wil6210-aoa$0,1606461625.231573,04:d6:aa:c1:38:97,2,1,1,0,128,775,738,802,810,872,982,373,400,100,313,96,225,803,44,144,524,361,768,798,671,235,909,776,91,178,306,95,212,849,852,775,501,49,94,82,87,66,76,51,51,78,71,65,44,50,48,84,53,77,62,54,54,33,49,37,47,68,45,43,38,45,67,69,66
[ 27.187375] wil6210-aoa$0,1606461625.259871,04:d6:aa:c1:38:97,2,1,1,0,128,786,778,740,730,435,854,364,363,192,376,1011,142,301,880,680,369,903,938,357,895,690,990,718,28,180,380,90,213,796,832,128,979,64,118,108,115,85,98,67,67,95,92,84,53,63,62,107,67,99,82,68,72,44,63,50,61,87,58,56,51,57,88,89,85
[ 27.215185] wil6210-aoa$0,1606461625.287686,04:d6:aa:c1:38:97,2,1,1,0,128,315,957,767,758,865,959,426,423,98,311,68,201,903,71,237,566,891,963,349,909,709,11,722,16,187,381,211,316,406,57,145,892,63,117,103,111,84,96,64,64,92,88,79,49,61,58,106,65,91,75,66,69,41,59,48,57,83,52,50,43,51,79,78,73
[ 27.238193] wil6210-aoa$0,1606461625.310693,04:d6:aa:c1:38:97,2,1,1,0,128,798,805,778,792,943,17,354,356,134,346,480,1021,236,845,235,588,912,939,348,884,784,31,751,54,188,348,148,252,308,1,128,20,50,92,85,89,67,76,51,52,74,70,62,40,50,46,83,52,76,61,53,53,34,48,40,47,69,46,43,38,44,67,71,65
[ 27.268391] wil6210-aoa$0,1606461625.340886,04:d6:aa:c1:38:97,2,1,1,0,128,278,917,810,763,904,945,452,406,229,400,71,189,277,908,188,594,829,903,850,691,181,851,171,860,198,352,167,253,383,15,487,302,66,116,107,112,84,96,66,66,94,90,83,53,63,61,108,66,96,78,68,74,43,64,48,60,89,59,54,50,57,88,89,85
[ 27.298253] wil6210-aoa$0,1606461625.370753,04:d6:aa:c1:38:97,2,1,1,0,128,309,950,730,735,955,982,446,420,193,407,14,194,869,119,175,557,940,968,844,718,204,890,749,36,220,354,104,165,351,23,307,1008,63,117,106,112,85,98,66,64,96,91,85,54,63,60,110,69,98,82,69,72,46,67,51,63,89,59,59,52,59,88,91,88
[ 27.323864] wil6210-aoa$0,1606461625.396361,04:d6:aa:c1:38:97,2,1,1,0,128,322,958,743,792,859,951,435,418,179,353,64,182,848,33,210,559,937,970,383,911,734,27,699,25,199,372,93,248,394,53,395,39,47,93,82,88,66,73,49,48,72,67,62,38,46,44,78,50,74,57,52,54,32,46,35,44,62,40,38,33,39,60,60,54
[ 27.348557] wil6210-aoa$0,1606461625.421057,04:d6:aa:c1:38:97,2,1,1,0,128,252,923,735,778,998,0,382,378,181,383,119,247,812,58,199,556,959,1006,387,923,785,80,719,17,234,385,121,260,356,43,95,875,50,91,86,89,68,75,53,51,74,70,64,42,50,47,86,54,75,60,53,56,34,48,38,46,66,44,43,37,45,65,67,64
[ 27.377757] wil6210-aoa$0,1606461625.450258,04:d6:aa:c1:38:97,2,1,1,0,128,352,946,750,772,953,1013,350,374,197,376,52,210,837,62,173,611,877,962,402,935,741,53,741,56,151,297,636,73,801,835,312,90,63,118,108,113,86,97,64,65,96,88,81,53,62,60,106,67,97,77,68,71,43,62,51,58,83,58,54,48,55,83,85,83
[ 27.402651] wil6210-aoa$0,1606461625.475147,04:d6:aa:c1:38:97,2,1,1,0,128,306,945,789,764,375,817,850,172,690,195,39,216,813,37,210,610,978,980,353,909,713,12,714,1005,672,172,549,11,311,29,822,602,52,90,82,88,68,77,51,50,74,71,64,43,51,47,87,54,78,60,55,55,34,49,39,49,69,46,44,40,45,68,71,68
[ 27.432841] wil6210-aoa$0,1606461625.505337,04:d6:aa:c1:38:97,2,1,1,0,128,349,984,761,767,958,24,420,389,198,400,69,228,796,13,297,634,906,965,329,895,740,56,756,32,205,361,114,238,387,32,205,948,52,90,83,88,68,78,50,51,74,71,65,42,50,48,87,53,75,64,55,57,33,50,38,47,69,46,44,38,42,67,68,65
[ 27.461235] wil6210-aoa$0,1606461625.533735,04:d6:aa:c1:38:97,2,1,1,0,128,280,912,775,762,969,11,448,432,213,416,137,257,807,36,182,551,930,947,899,754,723,21,680,9,224,389,108,257,337,25,794,486,63,116,106,116,84,97,65,66,96,90,80,48,61,58,101,60,92,77,65,67,40,56,45,53,78,47,50,41,48,74,74,65
[ 27.485732] wil6210-aoa$0,1606461625.558227,04:d6:aa:c1:38:97,2,1,1,0,128,241,889,732,730,889,996,900,184,636,180,20,177,325,925,254,628,839,914,902,755,144,862,150,854,223,366,136,267,332,32,431,160,65,117,108,114,83,94,64,64,93,86,81,50,60,59,104,65,95,78,66,68,43,56,47,58,82,53,51,46,53,79,84,78
[ 27.516819] wil6210-aoa$0,1606461625.589314,04:d6:aa:c1:38:97,2,1,1,0,128,334,944,773,801,969,984,394,370,656,170,548,36,871,49,202,607,925,932,446,973,693,12,743,49,230,412,1023,193,369,35,337,86,59,108,99,106,78,89,62,63,88,84,74,48,60,56,100,62,88,74,63,65,39,56,45,53,80,51,51,45,51,80,81,75
[ 27.544298] wil6210-aoa$0,1606461625.616800,04:d6:aa:c1:38:97,2,1,1,0,128,245,905,788,789,973,1011,500,459,142,348,53,189,796,12,214,622,901,929,387,913,726,1,773,34,248,387,77,224,279,1,447,224,50,92,83,88,68,78,51,53,76,71,65,41,49,49,84,53,77,62,54,56,34,49,39,47,67,45,44,36,41,66,67,65
[ 27.566845] wil6210-aoa$0,1606461625.639346,04:d6:aa:c1:38:97,2,1,1,0,128,762,756,207,570,377,806,915,253,180,401,86,245,789,46,169,536,336,750,923,759,189,874,782,29,173,375,119,190,370,13,413,231,51,91,83,88,67,76,52,52,75,72,63,44,50,50,86,53,75,61,55,57,34,51,40,49,71,44,44,39,45,68,69,64
[ 27.596926] wil6210-aoa$0,1606461625.669421,04:d6:aa:c1:38:97,2,1,1,0,128,316,913,758,724,367,785,469,422,648,211,546,44,808,34,709,406,905,910,831,668,237,856,119,787,735,200,548,1,839,834,211,11,51,94,85,90,67,76,52,51,75,70,65,41,50,49,84,51,77,64,53,56,35,49,40,47,68,44,43,37,43,66,68,61
[ 27.625100] wil6210-aoa$0,1606461625.697602,04:d6:aa:c1:38:97,2,1,1,0,128,253,921,779,777,939,1007,867,186,669,155,54,167,839,39,234,624,882,917,429,961,724,1022,179,858,659,148,159,268,375,43,519,310,60,119,105,110,81,91,61,62,93,83,79,47,56,55,98,60,89,73,64,67,36,53,41,49,78,47,44,38,44,71,66,64
[ 27.651328] wil6210-aoa$0,1606461625.723823,04:d6:aa:c1:38:97,2,1,1,0,128,235,884,268,536,413,834,910,240,192,386,87,208,810,9,161,590,937,968,328,898,697,17,738,4,695,198,138,249,333,62,665,564,65,120,106,113,86,98,64,65,97,90,80,52,63,61,105,66,97,76,69,70,43,59,49,58,83,54,53,49,55,83,86,81
[ 27.680931] wil6210-aoa$0,1606461625.753430,04:d6:aa:c1:38:97,2,1,1,0,128,705,713,177,523,413,805,884,163,693,246,38,157,287,862,620,327,329,736,896,695,169,810,145,820,672,125,608,37,816,852,331,242,64,118,108,113,90,99,65,68,95,90,82,52,63,61,108,63,98,80,70,72,42,60,48,59,87,54,53,47,54,82,85,80
[ 27.704387] wil6210-aoa$0,1606461625.776887,04:d6:aa:c1:38:97,2,1,1,0,128,724,690,238,603,354,782,441,374,208,360,71,217,225,816,718,383,912,979,847,743,789,93,747,49,193,335,573,17,859,897,210,126,50,92,83,88,67,77,50,50,75,70,65,42,49,48,84,53,75,61,53,55,34,48,38,47,67,45,42,37,43,68,68,65
[ 27.733082] wil6210-aoa$0,1606461625.805578,04:d6:aa:c1:38:97,2,1,1,0,128,312,897,801,754,991,1015,444,401,245,418,17,162,875,75,276,612,934,960,419,912,684,15,703,999,228,333,138,243,374,6,878,606,64,120,111,118,87,101,66,66,99,91,85,55,65,62,111,68,99,78,70,72,44,63,50,59,87,59,55,49,57,84,91,85
[ 27.762900] wil6210-aoa$0,1606461625.835401,04:d6:aa:c1:38:97,2,1,1,0,128,288,929,790,754,939,1011,443,386,106,297,503,972,860,88,192,562,893,946,401,894,749,6,723,39,195,332,107,226,374,29,545,310,66,117,107,112,84,99,67,68,95,93,84,55,65,62,111,69,96,79,70,71,43,60,51,59,85,57,56,48,57,84,90,82
[ 27.787168] wil6210-aoa$0,1606461625.859670,04:d6:aa:c1:38:97,2,1,1,0,128,306,928,832,826,972,1021,426,428,176,391,46,210,788,40,150,524,933,947,833,706,185,853,772,65,218,394,121,227,399,65,832,615,61,116,107,113,84,92,62,63,92,88,79,50,62,59,103,65,96,78,66,68,43,60,46,57,86,54,52,43,52,80,84,73
[ 27.815574] wil6210-aoa$0,1606461625.888070,04:d6:aa:c1:38:97,2,1,1,0,128,300,952,811,805,889,1003,451,438,146,331,46,201,814,10,182,559,904,929,348,906,134,834,179,875,237,384,99,230,410,96,761,448,49,91,82,86,65,75,51,53,71,69,63,40,46,46,81,51,73,60,53,56,34,47,37,46,66,43,41,37,43,66,65,62
[ 27.845071] wil6210-aoa$0,1606461625.917566,04:d6:aa:c1:38:97,2,1,1,0,128,290,924,206,581,916,974,392,374,216,399,51,191,764,22,226,590,891,961,409,938,667,22,109,838,689,201,168,262,399,62,506,188,52,88,82,87,67,77,51,51,73,71,64,44,50,50,85,54,76,62,54,57,34,50,40,49,69,48,45,40,45,70,73,69
[ 27.874819] wil6210-aoa$0,1606461625.947315,04:d6:aa:c1:38:97,2,1,1,0,128,305,953,742,792,354,775,907,205,222,432,61,196,824,3,204,556,875,942,368,883,722,12,201,860,237,393,128,227,320,1011,995,819,57,106,96,100,75,89,59,58,88,81,74,48,55,54,96,60,88,71,63,64,39,59,44,54,79,51,50,43,51,78,78,73
[ 27.905053] wil6210-aoa$0,1606461625.977549,04:d6:aa:c1:38:97,2,1,1,0,128,259,912,784,768,982,986,414,370,174,394,27,186,828,44,161,547,918,961,377,877,245,916,693,32,292,443,60,201,358,31,452,162,57,108,97,100,77,86,57,59,86,80,73,45,54,54,96,57,85,69,60,59,37,53,42,49,73,47,47,41,46,74,72,67
[ 27.928408] wil6210-aoa$0,1606461626.000904,04:d6:aa:c1:38:97,2,1,1,0,128,742,700,308,598,323,816,895,214,658,197,118,253,286,865,205,584,332,752,922,739,177,840,163,843,674,141,671,102,837,881,632,499,59,105,95,100,78,90,58,59,88,83,74,48,59,54,101,62,87,71,63,65,40,57,46,57,79,53,53,47,53,79,84,80
[ 27.958745] wil6210-aoa$0,1606461626.031248,04:d6:aa:c1:38:97,2,1,1,0,128,765,713,261,579,959,997,376,389,144,326,57,211,775,977,685,398,874,902,861,719,739,17,757,54,199,398,125,224,428,86,921,673,60,107,94,101,78,89,60,60,86,81,78,51,60,58,101,61,91,73,65,66,41,60,47,58,81,56,53,47,56,81,86,82
[ 27.986482] wil6210-aoa$0,1606461626.058979,04:d6:aa:c1:38:97,2,1,1,0,128,362,955,777,829,918,1003,418,438,200,396,100,258,849,31,236,635,899,995,375,939,705,44,757,61,203,402,190,318,356,53,213,953,57,106,93,100,76,88,58,58,87,83,75,48,57,54,102,60,88,70,64,65,40,57,46,55,79,51,51,44,51,76,81,78
[ 28.015514] wil6210-aoa$0,1606461626.088015,04:d6:aa:c1:38:97,2,1,1,0,128,822,737,787,758,916,992,423,402,156,404,4,169,203,843,594,306,348,733,840,683,176,863,756,1020,663,163,92,199,401,69,65,823,55,105,93,97,74,83,57,58,86,77,71,45,51,51,92,57,84,67,60,60,36,50,42,49,71,44,43,37,43,70,68,61
[ 28.041396] wil6210-aoa$0,1606461626.113891,04:d6:aa:c1:38:97,2,1,1,0,128,846,787,817,843,911,1023,435,411,133,370,78,228,847,90,223,580,889,933,371,851,789,63,756,53,197,346,162,261,328,10,240,909,59,101,91,95,78,91,61,57,87,83,73,50,61,55,102,63,88,71,62,66,41,60,48,58,80,57,53,48,56,81,87,84
[ 28.071475] wil6210-aoa$0,1606461626.143971,04:d6:aa:c1:38:97,2,1,1,0,128,391,989,742,776,891,986,832,146,650,151,523,8,844,84,193,600,838,916,403,879,786,11,726,11,235,386,88,231,363,58,910,634,59,107,96,101,77,86,60,57,86,79,73,45,57,57,97,59,87,69,62,62,39,56,44,53,76,51,48,45,51,77,77,74
[ 28.099158] wil6210-aoa$0,1606461626.171657,04:d6:aa:c1:38:97,2,1,1,0,128,277,909,812,760,334,776,909,169,582,128,519,977,303,869,695,377,357,786,864,715,189,868,808,50,216,371,552,1018,871,879,766,622,58,105,94,101,76,85,56,58,84,81,73,46,55,53,94,59,83,69,61,62,38,52,43,50,75,48,46,39,44,72,71,67
[ 28.126570] wil6210-aoa$0,1606461626.199066,04:d6:aa:c1:38:97,2,1,1,0,128,222,896,774,753,957,1017,434,377,153,386,1009,155,753,9,158,562,855,950,348,895,746,72,722,1018,236,354,604,40,349,19,696,499,60,105,95,98,77,88,57,58,86,81,75,49,57,56,99,62,89,71,62,64,40,56,46,55,77,55,49,45,51,80,83,80
[ 28.156654] wil6210-aoa$0,1606461626.229154,04:d6:aa:c1:38:97,2,1,1,0,128,274,905,734,767,964,1017,380,334,146,367,29,167,809,67,174,507,894,954,313,896,773,50,696,1021,224,408,130,254,373,40,602,319,54,107,98,103,73,81,57,59,82,77,72,45,53,49,91,58,83,67,57,60,34,49,39,47,70,43,43,37,41,67,67,61
[ 28.183232] wil6210-aoa$0,1606461626.255728,04:d6:aa:c1:38:97,2,1,1,0,128,288,953,726,748,936,1002,397,332,183,366,66,197,839,61,209,554,859,920,337,872,731,15,731,16,227,393,146,288,372,71,551,274,63,114,104,109,84,93,66,65,93,89,80,50,62,59,105,64,95,77,69,69,42,60,48,57,82,54,50,44,52,83,79,73
[ 28.213390] wil6210-aoa$0,1606461626.285882,04:d6:aa:c1:38:97,2,1,1,0,128,336,927,731,754,938,1007,420,393,183,396,22,195,806,5,189,543,943,969,368,918,727,61,718,35,244,440,66,265,303,3,114,904,59,115,108,113,80,95,63,65,92,85,79,50,59,57,103,64,94,76,67,67,40,59,46,58,81,51,50,45,52,82,81,78
[ 28.237068] wil6210-aoa$0,1606461626.309568,04:d6:aa:c1:38:97,2,1,1,0,128,355,947,778,744,977,13,372,400,192,378,75,251,781,44,190,582,901,939,370,902,660,1021,700,12,195,362,116,241,335,20,504,248,60,102,97,100,77,88,58,58,86,85,74,49,59,55,102,63,89,72,66,65,39,59,47,55,79,55,51,46,53,80,85,75
[ 28.266124] wil6210-aoa$0,1606461626.338619,04:d6:aa:c1:38:97,2,1,1,0,128,325,980,770,755,942,986,464,430,200,388,5,185,835,52,152,592,957,988,379,907,719,41,757,26,676,146,143,278,405,41,128,896,58,107,97,102,74,85,56,58,86,82,74,47,57,55,95,59,84,70,62,63,39,57,45,57,76,49,50,44,52,77,78,74
[ 28.296556] wil6210-aoa$0,1606461626.369057,04:d6:aa:c1:38:97,2,1,1,0,128,284,922,779,781,933,981,874,160,562,111,513,977,313,896,672,340,334,750,892,711,202,874,221,907,568,76,659,64,357,7,704,512,58,103,97,100,76,87,58,57,86,77,73,45,56,54,97,59,87,70,60,63,38,54,45,53,75,49,49,42,48,74,75,71
[ 28.322712] wil6210-aoa$0,1606461626.395207,04:d6:aa:c1:38:97,2,1,1,0,128,778,751,231,552,414,822,888,186,183,376,33,122,209,817,669,314,326,751,785,624,182,852,198,847,745,240,127,214,462,67,566,245,56,103,94,101,74,85,60,57,87,79,72,48,55,54,95,61,89,71,61,62,39,55,44,53,76,50,49,41,50,76,76,72
[ 28.353373] wil6210-aoa$0,1606461626.425869,04:d6:aa:c1:38:97,2,1,1,0,128,282,899,782,742,901,988,860,185,186,374,47,205,867,83,195,581,891,927,346,882,205,880,710,1003,231,405,100,211,320,47,572,335,60,104,90,99,77,89,59,58,88,83,74,49,58,56,98,63,89,71,63,64,39,57,46,57,79,51,50,46,52,77,79,75
[ 28.378340] wil6210-aoa$0,1606461626.450836,04:d6:aa:c1:38:97,2,1,1,0,128,766,721,241,556,395,865,372,362,178,364,26,212,323,915,639,380,945,999,307,864,724,1005,179,849,635,138,572,35,824,850,919,725,58,103,94,101,74,87,59,58,86,82,75,50,58,54,97,61,88,69,62,64,41,59,47,56,79,54,51,45,54,81,81,79
[ 28.422995] wil6210-aoa$0,1606461626.495491,04:d6:aa:c1:38:97,2,1,1,2,128,766,721,241,556,395,865,372,362,178,364,26,212,323,915,639,380,945,999,307,864,724,1005,179,849,635,138,572,35,824,850,919,725,56,103,94,101,74,85,60,57,87,79,72,48,55,54,95,61,89,71,61,62,39,55,44,53,76,50,49,41,50,76,76,72
[ 28.454017] wil6210-aoa$0,1606461626.526513,04:d6:aa:c1:38:97,2,1,1,0,128,206,873,239,574,976,1010,497,455,154,379,12,173,760,21,696,400,333,761,876,749,709,4,782,25,242,400,103,221,402,48,68,843,48,89,83,88,64,73,47,49,69,67,60,37,46,43,77,48,72,58,50,51,30,44,35,43,63,39,38,34,39,59,60,56
[ 28.484244] wil6210-aoa$0,1606461626.556740,04:d6:aa:c1:38:97,2,1,1,0,128,731,718,787,801,936,10,895,205,160,348,70,193,811,59,130,560,280,754,853,726,142,837,780,35,200,361,90,196,785,822,904,713,58,108,98,104,76,88,58,58,86,83,75,48,55,56,98,63,89,72,63,65,39,57,46,56,78,52,51,45,50,78,82,77
[ 28.514722] wil6210-aoa$0,1606461626.587219,04:d6:aa:c1:38:97,2,1,1,0,128,298,912,767,726,382,824,869,215,210,422,35,194,261,873,642,368,955,939,359,878,167,861,184,852,703,183,89,216,801,849,419,361,54,110,96,104,76,86,58,58,85,78,72,45,56,55,91,57,84,72,60,62,36,54,43,50,74,46,47,40,47,70,73,68
[ 28.544589] wil6210-aoa$0,1606461626.617088,04:d6:aa:c1:38:97,2,1,1,0,128,265,964,736,795,953,1018,431,432,139,385,39,171,771,1018,225,569,966,986,375,897,717,36,701,994,239,386,169,241,339,54,46,758,55,106,93,99,77,87,56,58,87,84,72,48,57,55,98,59,87,71,63,63,40,54,45,54,78,50,50,43,51,78,80,73
[ 28.570504] wil6210-aoa$0,1606461626.643002,04:d6:aa:c1:38:97,2,1,1,0,128,304,935,780,751,929,992,383,381,563,181,37,173,829,66,197,582,899,960,345,898,185,853,194,872,723,189,107,227,369,22,306,54,59,108,95,103,75,89,61,61,88,83,74,49,59,55,99,63,89,73,64,66,39,57,46,57,78,52,51,46,52,81,81,77
[ 28.601204] wil6210-aoa$0,1606461626.673700,04:d6:aa:c1:38:97,2,1,1,0,128,308,894,793,782,886,983,885,223,148,368,546,59,785,15,263,594,860,926,853,700,705,997,217,866,673,159,116,256,298,989,190,6,59,107,96,103,77,89,60,59,85,82,74,48,58,53,97,60,88,72,63,64,39,57,44,55,80,54,52,46,51,79,83,78
[ 28.625490] wil6210-aoa$0,1606461626.697990,04:d6:aa:c1:38:97,2,1,1,0,128,279,928,777,769,987,1015,924,269,576,120,528,1013,786,1018,142,577,902,962,352,914,738,67,720,31,187,349,115,227,832,878,265,91,57,109,97,102,77,86,57,60,87,80,74,46,52,52,95,58,84,69,62,61,36,52,42,50,72,47,46,39,47,73,71,68
[ 28.653408] wil6210-aoa$0,1606461626.725903,04:d6:aa:c1:38:97,2,1,1,0,128,756,709,833,780,965,1,361,380,135,381,45,212,834,73,209,582,946,972,383,914,754,33,678,23,701,148,178,260,308,12,911,690,58,106,95,102,77,89,59,60,86,82,72,47,58,55,98,61,88,72,64,65,39,58,45,56,80,52,51,45,50,77,82,75
[ 28.684522] wil6210-aoa$0,1606461626.757019,04:d6:aa:c1:38:97,2,1,1,0,128,329,944,751,729,891,985,394,388,624,182,46,163,825,79,145,549,872,942,409,941,746,38,742,32,234,384,140,235,319,58,328,81,49,91,82,88,65,74,51,51,75,70,66,40,48,48,85,53,75,62,53,55,35,48,38,46,68,46,42,37,44,67,71,67
[ 28.713462] wil6210-aoa$0,1606461626.785962,04:d6:aa:c1:38:97,2,1,1,0,128,728,734,224,546,953,8,454,430,253,414,64,161,241,852,178,555,946,973,837,696,166,867,206,886,183,345,60,179,383,28,470,116,59,107,96,101,80,90,61,60,89,84,78,49,59,57,102,61,90,73,65,67,39,57,47,55,79,50,51,47,49,77,80,75
[ 28.737645] wil6210-aoa$0,1606461626.810145,04:d6:aa:c1:38:97,2,1,1,0,128,306,927,759,780,989,50,399,381,144,404,1017,202,740,12,249,613,901,968,320,867,735,64,747,35,230,392,127,275,346,44,198,1013,57,106,97,102,77,87,60,59,86,81,75,49,57,53,98,61,88,73,63,63,39,57,45,55,78,51,51,45,50,80,79,74
[ 28.768488] wil6210-aoa$0,1606461626.840984,04:d6:aa:c1:38:97,2,1,1,0,128,735,729,218,549,405,816,425,369,174,377,41,184,847,46,652,390,898,931,782,663,133,838,659,1000,710,200,182,267,331,10,946,675,63,115,105,113,83,92,63,62,94,86,78,48,60,56,103,60,92,77,65,67,40,57,47,58,82,53,52,44,52,78,80,78
[ 28.797199] wil6210-aoa$0,1606461626.869700,04:d6:aa:c1:38:97,2,1,1,0,128,801,747,807,801,976,24,391,371,210,355,108,213,815,2,718,408,334,742,866,716,185,865,204,818,727,154,115,213,358,20,1020,724,50,90,84,87,67,77,49,52,75,71,65,42,50,46,85,53,77,61,55,56,34,48,39,47,69,46,43,37,43,66,67,63
[ 28.825178] wil6210-aoa$0,1606461626.897675,04:d6:aa:c1:38:97,2,1,1,0,128,316,955,822,837,972,1018,438,428,196,413,77,236,854,90,188,590,927,958,376,903,803,80,768,49,161,339,139,234,361,31,749,515,52,90,84,86,67,78,51,51,73,71,63,43,51,48,86,54,78,62,55,58,34,51,41,49,69,47,45,39,46,69,73,68
[ 28.849814] wil6210-aoa$0,1606461626.922309,04:d6:aa:c1:38:97,2,1,1,0,128,749,718,219,595,989,4,456,445,162,392,43,218,848,87,217,604,873,946,447,968,727,27,746,39,260,437,168,271,462,84,386,75,59,108,99,102,78,88,62,62,89,86,77,51,60,57,102,64,91,75,66,67,40,58,47,58,79,54,52,48,53,78,83,79
[ 28.879302] wil6210-aoa$0,1606461626.951802,04:d6:aa:c1:38:97,2,1,1,0,128,304,934,836,780,897,1000,402,380,185,364,90,206,836,41,248,576,945,958,384,933,751,59,668,1,229,383,87,243,375,17,90,871,67,115,106,114,85,97,67,66,95,91,82,52,65,61,109,69,99,77,70,73,43,65,53,63,88,59,58,51,58,89,92,85
[ 28.907533] wil6210-aoa$0,1606461626.980029,04:d6:aa:c1:38:97,2,1,1,0,128,318,961,788,797,895,958,336,381,159,348,49,209,811,0,207,584,355,773,406,950,116,852,717,36,181,366,88,243,388,16,983,755,50,92,83,89,66,75,50,51,74,69,62,41,47,47,83,51,75,60,53,55,33,47,36,43,65,43,41,35,42,66,65,61
[ 28.931472] wil6210-aoa$0,1606461627.003972,04:d6:aa:c1:38:97,2,1,1,0,128,317,937,792,770,947,1003,432,378,650,173,4,169,253,891,646,402,927,972,384,905,677,8,749,57,167,365,83,219,335,5,894,580,51,91,86,89,68,79,53,52,75,71,65,44,50,48,88,54,75,61,56,56,37,51,41,50,68,48,44,40,48,70,70,68
[ 28.957186] wil6210-aoa$0,1606461627.029686,04:d6:aa:c1:38:97,2,1,1,0,128,303,926,792,753,952,999,368,353,202,384,79,218,793,24,187,617,862,915,405,943,688,1016,807,110,190,373,163,281,361,53,340,26,66,117,103,110,86,103,68,64,99,93,84,56,67,63,111,70,101,80,71,73,44,65,52,65,88,61,57,53,61,89,93,88
[ 28.987567] wil6210-aoa$0,1606461627.060063,04:d6:aa:c1:38:97,2,1,1,0,128,263,910,774,748,972,1011,457,398,229,429,1010,147,851,78,197,613,882,927,381,903,740,34,777,53,267,368,71,204,350,37,400,212,62,118,106,112,86,98,65,68,94,89,81,51,61,58,104,67,92,77,68,69,43,59,48,59,85,55,52,47,52,83,84,77
[ 29.017339] wil6210-aoa$0,1606461627.089840,04:d6:aa:c1:38:97,2,1,1,0,128,264,883,784,776,933,1019,408,374,660,194,8,177,863,44,197,554,916,962,371,896,753,26,721,27,221,401,102,241,341,48,234,1023,51,92,84,89,67,77,50,51,75,70,67,42,50,48,86,52,76,63,55,55,35,49,41,48,69,47,44,39,44,67,72,66
[ 29.044187] wil6210-aoa$0,1606461627.116682,04:d6:aa:c1:38:97,2,1,1,0,128,284,901,747,759,893,974,452,428,190,399,993,165,831,33,224,588,874,942,383,940,680,18,211,858,244,385,159,253,399,43,86,819,49,89,83,85,65,75,50,50,75,69,62,41,50,47,83,53,75,61,52,56,34,50,39,48,66,45,42,38,44,66,72,65
[ 29.075247] wil6210-aoa$0,1606461627.147743,04:d6:aa:c1:38:97,2,1,1,0,128,264,895,802,762,329,805,895,219,663,218,490,1017,240,849,205,600,901,944,402,925,669,6,720,1019,677,176,620,55,367,73,454,280,65,119,106,110,84,98,65,64,95,89,82,52,61,60,107,68,97,77,69,72,44,62,51,61,83,57,56,48,55,88,88,83
[ 29.106718] wil6210-aoa$0,1606461627.179214,04:d6:aa:c1:38:97,2,1,1,0,128,291,888,801,798,935,1013,409,437,123,358,104,227,793,23,654,384,866,933,848,717,95,810,185,840,174,331,80,227,297,1019,981,696,49,89,83,88,65,73,50,51,73,69,60,39,47,45,80,51,73,59,53,52,30,44,36,44,63,40,38,35,39,62,64,55
[ 29.140271] wil6210-aoa$0,1606461627.212771,04:d6:aa:c1:38:97,2,1,1,2,128,291,888,801,798,935,1013,409,437,123,358,104,227,793,23,654,384,866,933,848,717,95,810,185,840,174,331,80,227,297,1019,981,696,65,119,106,110,84,98,65,64,95,89,82,52,61,60,107,68,97,77,69,72,44,62,51,61,83,57,56,48,55,88,88,83
[ 29.167581] wil6210-aoa$0,1606461627.240077,04:d6:aa:c1:38:97,2,1,1,0,128,749,708,267,569,433,812,910,185,670,186,521,985,251,846,654,352,344,744,416,933,146,851,728,5,638,101,549,1002,755,789,991,913,51,92,83,87,66,76,52,51,75,71,64,40,48,47,83,52,76,61,54,56,36,48,38,47,67,46,43,38,44,68,66,64
[ 29.199682] wil6210-aoa$0,1606461627.272182,04:d6:aa:c1:38:97,2,1,1,0,128,246,928,792,769,837,990,881,208,123,365,73,245,770,10,157,553,309,726,376,915,667,988,772,58,249,397,147,236,367,53,711,524,57,110,97,104,79,89,60,61,85,83,74,46,55,55,93,56,87,70,61,62,38,55,43,52,77,49,46,40,47,70,73,68
[ 29.228797] wil6210-aoa$0,1606461627.301300,04:d6:aa:c1:38:97,2,1,1,2,128,246,928,792,769,837,990,881,208,123,365,73,245,770,10,157,553,309,726,376,915,667,988,772,58,249,397,147,236,367,53,711,524,65,119,106,110,84,98,65,64,95,89,82,52,61,60,107,68,97,77,69,72,44,62,51,61,83,57,56,48,55,88,88,83
[ 29.258423] wil6210-aoa$0,1606461627.330920,04:d6:aa:c1:38:97,2,1,1,0,128,252,944,782,784,918,944,444,442,150,357,547,1016,908,99,150,543,873,937,351,913,168,827,253,869,242,367,63,172,335,1011,558,278,52,93,81,85,66,77,52,52,75,70,65,41,50,47,85,53,75,61,55,55,34,48,39,46,66,45,43,39,45,66,70,66
[ 29.290159] wil6210-aoa$0,1606461627.362657,04:d6:aa:c1:38:97,2,1,1,0,128,291,924,767,789,900,6,300,317,196,382,26,182,272,878,166,562,870,932,798,703,753,37,754,52,151,339,87,223,417,76,383,264,64,117,108,112,84,97,65,67,92,90,76,50,59,58,104,65,94,78,68,70,42,61,48,57,81,53,52,47,51,82,85,78
[ 29.321799] wil6210-aoa$0,1606461627.394295,04:d6:aa:c1:38:97,2,1,1,0,128,229,870,210,562,395,839,916,244,123,327,90,235,807,34,659,349,344,759,388,908,163,848,200,866,203,382,593,57,368,29,655,416,62,119,105,115,81,94,62,64,94,86,79,48,59,59,102,66,93,77,66,66,38,57,45,53,79,49,48,40,47,76,74,68
[ 29.352037] wil6210-aoa$0,1606461627.424537,04:d6:aa:c1:38:97,2,1,1,0,128,326,946,829,816,914,986,362,359,622,162,99,242,766,23,149,505,397,787,399,926,761,6,724,6,709,140,111,193,371,36,286,44,62,116,107,113,84,94,61,62,93,84,78,49,58,55,100,64,88,73,65,64,40,55,45,52,78,49,46,40,47,74,70,66
[ 29.376601] wil6210-aoa$0,1606461627.449100,04:d6:aa:c1:38:97,2,1,1,0,128,344,992,802,805,11,24,426,396,155,329,11,164,787,0,145,524,916,949,399,946,693,991,748,27,153,313,114,201,369,42,451,149,59,110,98,104,79,92,60,62,87,84,75,48,60,54,99,62,90,72,64,64,40,56,45,55,79,51,52,44,51,78,82,75
[ 29.402429] wil6210-aoa$0,1606461627.474933,04:d6:aa:c1:38:97,2,1,1,0,128,252,922,774,761,947,1020,359,337,184,371,1014,140,813,15,186,543,825,934,365,896,703,1002,775,24,280,388,65,185,807,863,253,149,58,109,98,105,79,91,59,61,86,80,75,48,60,55,97,60,90,71,63,66,40,57,45,55,79,53,48,43,50,79,80,74
[ 29.435077] wil6210-aoa$0,1606461627.507573,04:d6:aa:c1:38:97,2,1,1,0,128,682,665,282,585,962,1014,414,404,167,379,44,176,788,45,202,575,907,985,312,863,678,1022,737,48,197,359,599,54,805,867,237,38,50,90,82,88,66,76,49,50,73,71,63,39,47,46,81,51,73,60,50,53,32,47,37,44,66,42,41,36,40,64,65,62
[ 29.466990] wil6210-aoa$0,1606461627.539486,04:d6:aa:c1:38:97,2,1,1,0,128,291,943,826,809,945,1009,416,407,193,385,78,201,849,61,208,565,925,960,387,868,772,32,682,1013,242,390,557,10,394,51,654,483,49,93,84,88,66,73,52,51,73,68,63,38,47,45,81,51,73,60,53,52,33,46,37,42,66,40,39,35,42,61,60,59
[ 29.497376] wil6210-aoa$0,1606461627.569875,04:d6:aa:c1:38:97,2,1,1,0,128,760,749,820,788,377,796,879,183,192,360,512,11,860,53,680,372,354,720,866,740,729,28,745,14,703,193,552,11,812,811,885,714,61,108,100,106,79,91,61,61,90,83,77,50,58,57,100,61,90,72,64,65,40,58,46,55,77,51,51,44,51,77,79,75
[ 29.525864] wil6210-aoa$0,1606461627.598361,04:d6:aa:c1:38:97,2,1,1,0,128,331,948,784,795,1,18,421,386,140,375,78,243,826,66,142,524,908,951,386,921,734,38,697,16,181,379,99,263,389,64,10,840,50,89,84,89,66,75,51,51,74,70,63,41,49,49,84,52,76,61,55,54,34,49,38,48,66,43,42,38,44,64,67,62
[ 29.557239] wil6210-aoa$0,1606461627.629739,04:d6:aa:c1:38:97,2,1,1,0,128,347,991,725,771,859,929,412,387,129,377,47,187,853,44,200,600,885,967,329,893,733,25,147,851,691,180,74,172,856,857,662,441,59,109,95,102,77,89,61,59,89,82,75,52,60,57,100,64,89,70,66,66,41,59,49,58,83,55,55,48,55,83,86,84
[ 29.584203] wil6210-aoa$0,1606461627.656698,04:d6:aa:c1:38:97,2,1,1,0,128,257,949,790,790,948,1020,402,382,610,156,108,265,875,96,239,663,894,917,414,947,670,3,768,28,190,321,132,221,347,9,466,261,63,116,107,111,84,94,62,64,91,90,80,50,62,59,107,67,98,78,68,68,42,59,47,57,85,57,52,47,53,84,84,78
[ 29.616025] wil6210-aoa$0,1606461627.688521,04:d6:aa:c1:38:97,2,1,1,0,128,269,941,775,769,356,802,886,200,589,114,518,1007,309,863,231,593,902,966,412,925,687,992,214,862,680,131,630,40,924,894,149,5,53,110,97,104,76,86,59,59,86,80,73,45,56,55,91,59,87,71,61,63,39,53,42,50,74,46,46,39,44,69,70,64
[ 29.657903] wil6210-aoa$0,1606461627.730403,04:d6:aa:c1:38:97,2,1,1,0,128,328,942,830,800,946,963,464,409,145,371,120,241,831,69,636,345,372,785,395,885,717,1023,725,7,227,358,108,203,368,23,404,143,65,115,105,114,82,98,63,62,98,89,82,52,64,60,107,66,94,77,70,69,42,62,49,60,85,57,55,48,55,81,88,82
[ 29.683722] wil6210-aoa$0,1606461627.756218,04:d6:aa:c1:38:97,2,1,1,0,128,327,930,791,768,986,25,476,422,155,374,82,227,709,981,700,402,959,999,396,923,759,73,721,38,215,374,116,240,404,90,198,980,65,117,107,113,83,98,65,67,94,88,82,51,63,62,107,67,97,79,68,71,43,62,51,59,85,55,54,48,52,84,87,81
[ 29.716269] wil6210-aoa$0,1606461627.788764,04:d6:aa:c1:38:97,2,1,1,0,128,333,961,215,603,425,814,454,369,169,366,52,198,295,888,202,578,955,923,366,893,694,1023,183,848,241,356,82,175,789,861,907,774,50,92,83,88,67,75,50,51,74,68,64,42,50,48,86,53,75,62,55,55,34,50,38,48,68,46,44,40,45,68,72,67
[ 29.742913] wil6210-aoa$0,1606461627.815414,04:d6:aa:c1:38:97,2,1,1,0,128,321,972,796,791,939,1009,416,436,177,407,54,228,834,11,284,640,915,947,409,966,696,6,754,52,267,439,73,193,371,75,516,219,59,109,100,103,81,89,61,60,89,83,75,48,59,56,101,62,89,72,64,66,39,57,47,57,82,54,51,48,50,82,83,78
[ 29.767868] wil6210-aoa$0,1606461627.840364,04:d6:aa:c1:38:97,2,1,1,0,128,244,882,269,625,911,976,500,422,124,339,61,221,834,33,656,351,382,800,393,915,757,43,723,13,223,368,42,207,845,861,755,630,54,105,95,101,71,83,54,58,84,79,69,42,51,49,89,55,81,64,58,58,36,47,40,46,66,41,42,36,39,65,65,61
[ 29.800829] wil6210-aoa$0,1606461627.873324,04:d6:aa:c1:38:97,2,1,1,0,128,206,916,773,782,972,28,450,432,154,387,46,208,801,70,149,579,958,1008,316,937,766,60,778,52,158,365,121,221,452,61,120,927,60,105,97,102,76,89,58,58,85,82,75,49,60,55,98,61,86,71,62,65,39,56,47,57,78,55,50,44,51,81,87,81
[ 29.832753] wil6210-aoa$0,1606461627.905253,04:d6:aa:c1:38:97,2,1,1,0,128,289,903,709,763,945,987,393,380,113,326,43,190,806,27,670,375,940,949,364,906,697,6,727,12,700,137,126,232,316,9,448,199,59,105,94,102,75,89,60,58,86,82,75,50,57,55,98,62,89,71,64,66,41,57,46,56,80,54,52,46,53,81,80,76
[ 29.858135] wil6210-aoa$0,1606461627.930635,04:d6:aa:c1:38:97,2,1,1,0,128,281,953,835,846,933,998,444,435,173,378,133,242,811,61,240,579,957,964,386,939,746,47,715,23,224,378,114,251,413,63,756,364,57,108,94,100,73,86,59,57,86,80,72,48,57,53,96,60,84,69,61,64,37,55,43,51,78,50,50,41,51,76,77,74
[ 29.888128] wil6210-aoa$0,1606461627.960622,04:d6:aa:c1:38:97,2,1,1,0,128,223,880,773,771,938,1008,385,394,252,458,88,193,871,51,224,569,927,950,342,854,194,918,691,19,213,371,126,235,332,1021,139,913,59,102,93,99,76,87,60,58,85,81,74,49,59,57,102,62,89,70,62,65,41,58,48,58,81,57,54,48,54,83,87,80
[ 29.920861] wil6210-aoa$0,1606461627.993359,04:d6:aa:c1:38:97,2,1,1,0,128,274,901,759,755,912,973,362,346,614,115,569,36,265,869,255,600,899,927,355,894,781,31,735,25,701,157,102,203,383,65,420,147,57,105,94,100,74,87,57,56,84,80,72,48,54,52,93,58,86,70,61,63,37,55,44,52,76,50,48,42,48,73,78,72
[ 29.953129] wil6210-aoa$0,1606461628.025629,04:d6:aa:c1:38:97,2,1,1,0,128,291,913,823,778,961,1017,474,406,134,336,89,204,846,53,187,575,928,948,460,948,738,23,729,45,180,324,136,230,375,43,1008,816,57,101,93,98,74,86,57,58,86,81,74,46,56,54,98,61,86,68,60,62,39,55,44,53,77,50,49,42,50,79,77,73
[ 29.978492] wil6210-aoa$0,1606461628.050993,04:d6:aa:c1:38:97,2,1,1,0,128,226,871,775,723,920,987,453,429,116,315,126,236,816,38,159,540,914,936,358,905,708,4,721,17,185,349,97,249,349,53,989,713,59,109,101,107,75,90,60,61,90,83,75,46,57,57,96,61,89,71,62,63,39,56,42,53,77,50,47,41,50,79,78,74
[ 30.007307] wil6210-aoa$0,1606461628.079803,04:d6:aa:c1:38:97,2,1,1,0,128,365,940,794,761,949,995,417,420,135,346,48,219,827,30,200,586,866,924,305,864,176,863,225,888,147,347,108,251,375,46,687,414,57,105,92,99,76,87,56,58,85,79,75,47,56,54,95,60,85,69,61,62,37,55,43,53,74,51,48,42,51,74,79,75
[ 30.039958] wil6210-aoa$0,1606461628.112454,04:d6:aa:c1:38:97,2,1,1,0,128,299,906,793,795,883,952,466,435,126,373,68,226,816,1021,251,568,922,968,348,910,715,18,731,4,672,171,605,43,384,26,759,485,58,101,92,98,77,88,58,57,87,81,75,49,57,54,97,60,88,71,63,64,40,58,46,57,80,54,53,46,54,79,84,82
[ 30.072108] wil6210-aoa$0,1606461628.144603,04:d6:aa:c1:38:97,2,1,1,0,128,795,768,839,761,1003,18,414,375,206,406,41,172,855,55,194,587,915,921,320,840,183,813,729,6,659,153,96,209,372,18,727,469,57,104,96,99,76,86,59,59,85,81,72,47,56,54,98,60,85,70,61,63,38,52,43,50,74,48,49,41,47,73,74,68
[ 30.097857] wil6210-aoa$0,1606461628.170359,04:d6:aa:c1:38:97,2,1,1,0,128,294,942,805,789,937,0,365,350,607,136,552,43,814,35,626,319,393,763,844,740,198,880,767,20,226,368,93,181,385,55,275,17,59,105,98,101,77,89,60,60,84,80,75,49,57,55,99,61,87,70,62,63,39,54,46,55,77,53,48,43,53,78,81,74
[ 30.124190] wil6210-aoa$0,1606461628.196687,04:d6:aa:c1:38:97,2,1,1,0,128,277,921,773,774,949,1010,422,352,115,323,80,226,816,50,268,633,920,973,367,905,729,12,740,17,231,369,19,156,874,921,356,115,57,107,95,100,76,85,56,60,82,78,73,45,55,53,95,57,85,68,61,60,36,52,41,49,75,47,46,38,45,70,74,67
[ 30.156610] wil6210-aoa$0,1606461628.229106,04:d6:aa:c1:38:97,2,1,1,0,128,277,913,775,771,894,1000,454,441,122,346,103,256,829,50,194,584,848,927,394,959,701,14,706,1011,242,408,138,263,364,46,948,625,60,108,97,103,77,87,56,58,87,82,74,49,58,55,95,61,88,73,62,64,38,56,44,54,76,51,48,42,50,77,76,73
[ 30.187292] wil6210-aoa$0,1606461628.259792,04:d6:aa:c1:38:97,2,1,1,0,128,820,738,164,570,913,968,408,380,141,371,45,174,797,6,187,536,844,891,443,915,691,15,721,1012,210,332,34,183,410,47,525,373,57,103,93,99,76,89,58,59,85,81,74,47,59,57,98,60,88,72,63,62,41,58,46,57,79,54,49,47,53,78,83,79
[ 30.216709] wil6210-aoa$0,1606461628.289206,04:d6:aa:c1:38:97,2,1,1,0,128,291,946,776,775,966,18,387,398,152,383,53,183,797,38,194,613,887,961,835,683,168,825,200,868,224,324,174,285,387,48,610,232,57,102,91,98,74,88,57,57,86,80,74,48,58,56,99,61,86,68,63,63,40,58,46,55,79,53,51,46,52,77,81,78
[ 30.248136] wil6210-aoa$0,1606461628.320637,04:d6:aa:c1:38:97,2,1,1,0,128,264,923,818,821,944,1017,402,428,182,398,79,241,809,55,237,648,909,951,411,918,219,914,701,23,226,409,134,218,415,30,889,677,58,100,93,99,74,84,56,58,83,79,73,49,58,54,96,60,86,69,62,64,40,57,47,57,79,52,51,45,52,77,83,77
[ 30.277195] wil6210-aoa$0,1606461628.349692,04:d6:aa:c1:38:97,2,1,1,0,128,344,958,755,731,939,1014,409,392,137,355,104,264,800,57,190,582,875,973,843,711,173,863,725,6,230,405,118,211,413,86,665,450,54,100,90,94,72,82,54,56,81,74,70,44,52,49,89,56,77,65,58,58,35,50,41,49,73,47,46,38,45,69,72,66
[ 30.310223] wil6210-aoa$0,1606461628.382720,04:d6:aa:c1:38:97,2,1,1,0,128,769,746,825,788,979,9,393,394,182,367,65,213,809,54,211,592,945,981,375,936,650,995,748,2,664,178,110,193,387,15,301,35,53,101,92,98,72,83,56,56,82,78,69,46,52,50,91,56,82,66,59,61,36,50,42,50,72,45,47,40,45,69,71,66
[ 30.342295] wil6210-aoa$0,1606461628.414791,04:d6:aa:c1:38:97,2,1,1,0,128,292,950,774,745,412,832,421,423,219,437,52,189,874,73,188,570,897,930,384,892,789,86,707,987,238,367,128,225,350,23,60,873,58,104,92,96,74,87,57,56,85,80,72,49,55,53,96,59,87,71,61,63,38,56,45,54,77,51,50,44,50,78,82,76
[ 30.373506] wil6210-aoa$0,1606461628.446006,04:d6:aa:c1:38:97,2,1,1,0,128,277,933,191,553,434,836,456,412,103,321,25,190,203,856,732,422,911,927,418,960,666,1014,726,1021,701,170,116,217,787,818,83,914,55,102,94,100,72,84,55,56,82,77,71,45,55,52,93,59,86,68,61,62,37,54,42,52,75,48,47,40,49,71,75,68
[ 30.402547] wil6210-aoa$0,1606461628.475042,04:d6:aa:c1:38:97,2,1,1,0,128,328,966,756,762,965,6,428,412,227,453,79,194,848,30,235,614,903,965,416,947,697,35,647,1016,265,432,173,258,405,62,447,995,56,102,90,95,74,87,58,57,85,80,72,47,57,54,96,58,85,70,61,62,39,55,44,55,77,51,48,44,51,75,80,75
[ 30.433941] wil6210-aoa$0,1606461628.506441,04:d6:aa:c1:38:97,2,1,1,0,128,332,955,750,760,945,1019,390,409,186,394,21,179,848,61,219,600,909,960,372,890,735,39,726,13,230,388,55,209,337,1010,146,916,57,101,92,97,73,85,58,58,83,81,74,48,55,54,97,60,87,70,62,63,40,57,45,55,78,53,49,44,50,78,82,77
[ 30.460074] wil6210-aoa$0,1606461628.532576,04:d6:aa:c1:38:97,2,1,1,0,128,749,724,289,619,348,765,940,237,579,144,535,22,799,15,239,600,854,900,341,855,157,814,743,989,635,123,584,13,796,839,646,373,54,101,94,97,74,84,57,57,82,78,71,43,52,50,93,56,84,69,58,60,37,51,42,50,73,47,47,37,47,73,73,69
[ 30.490790] wil6210-aoa$0,1606461628.563289,04:d6:aa:c1:38:97,2,1,1,0,128,301,908,733,714,949,972,419,372,167,317,539,998,311,886,238,589,931,955,416,928,748,61,734,4,191,374,74,194,333,30,179,950,59,104,96,101,78,89,58,58,86,84,73,48,60,55,99,63,88,71,62,64,40,55,46,55,79,52,50,45,51,78,81,75
[ 30.516203] wil6210-aoa$0,1606461628.588703,04:d6:aa:c1:38:97,2,1,1,0,128,263,904,765,789,954,5,401,394,263,437,18,184,877,104,156,598,878,945,431,941,707,28,697,1015,665,171,157,253,363,36,229,1017,48,91,83,86,65,76,50,51,72,70,62,41,48,46,81,52,74,61,51,55,33,49,39,47,67,45,41,38,46,65,70,67
[ 30.545842] wil6210-aoa$0,1606461628.618338,04:d6:aa:c1:38:97,2,1,1,0,128,322,1003,801,801,901,996,392,409,185,394,40,156,914,97,199,563,938,968,419,931,760,30,743,37,228,400,116,246,345,3,272,953,63,115,104,111,85,96,64,65,93,88,82,54,63,59,107,65,97,79,65,69,41,61,47,57,85,55,55,48,55,84,86,83
[ 30.577616] wil6210-aoa$0,1606461628.650116,04:d6:aa:c1:38:97,2,1,1,0,128,233,945,826,805,885,996,880,194,664,218,548,53,834,44,232,581,877,965,339,910,765,55,710,1023,291,419,116,242,392,66,214,986,50,90,83,86,66,76,52,51,73,70,64,42,50,46,86,54,77,62,54,56,34,48,39,48,69,47,44,39,46,69,70,67
[ 30.606489] wil6210-aoa$0,1606461628.678984,04:d6:aa:c1:38:97,2,1,1,0,128,309,972,696,729,993,21,436,427,194,400,531,1009,257,848,622,329,907,965,348,899,738,31,699,1018,687,157,564,7,875,871,635,415,56,101,93,99,76,87,59,57,85,81,74,49,58,56,100,60,86,70,63,64,38,56,46,54,76,53,50,44,49,79,79,77
[ 30.640555] wil6210-aoa$0,1606461628.713050,04:d6:aa:c1:38:97,2,1,1,0,128,276,917,806,763,920,945,915,241,179,404,53,159,817,28,638,369,359,749,840,688,730,67,741,49,232,404,118,256,327,27,305,93,53,100,90,93,73,82,53,55,81,75,68,45,52,51,91,56,82,67,59,60,35,52,42,50,73,49,47,42,47,71,73,69
[ 30.674116] wil6210-aoa$0,1606461628.746610,04:d6:aa:c1:38:97,2,1,1,0,128,258,938,840,836,974,36,429,431,263,425,63,175,860,64,171,605,864,925,368,890,707,16,754,4,247,376,160,249,389,19,817,570,55,104,93,101,75,84,57,57,83,79,71,45,54,53,93,58,84,69,61,62,36,53,41,51,75,47,45,40,46,70,70,66
[ 30.707070] wil6210-aoa$0,1606461628.779566,04:d6:aa:c1:38:97,2,1,1,0,128,300,898,777,782,904,996,426,407,152,369,27,192,858,86,222,603,895,973,448,946,718,25,719,28,298,424,154,249,433,76,577,250,53,102,92,99,70,82,56,57,83,78,71,42,53,51,91,58,81,66,60,59,35,51,42,50,73,46,45,40,45,69,71,68
[ 30.734185] wil6210-aoa$0,1606461628.806684,04:d6:aa:c1:38:97,2,1,1,0,128,770,745,696,713,351,796,892,218,682,192,527,0,869,58,211,565,922,951,818,672,190,865,165,827,667,161,580,10,393,93,771,553,57,103,94,100,73,84,54,57,83,79,71,42,53,53,93,57,82,70,59,58,36,49,39,49,72,46,44,39,46,71,71,68
[ 30.767126] wil6210-aoa$0,1606461628.839621,04:d6:aa:c1:38:97,2,1,1,0,128,277,950,798,806,966,15,431,392,173,343,64,181,257,878,217,606,847,933,355,909,802,48,739,24,154,329,53,204,417,45,302,117,57,103,95,101,74,88,57,58,85,80,73,47,56,53,96,59,85,69,61,60,38,54,43,52,74,48,47,40,47,73,75,69
[ 30.800056] wil6210-aoa$0,1606461628.872556,04:d6:aa:c1:38:97,2,1,1,0,128,720,721,753,741,344,819,402,379,656,193,37,206,800,37,116,564,850,927,848,717,153,837,169,901,752,208,619,76,388,99,942,710,55,105,92,97,74,85,58,57,85,81,72,46,54,52,90,58,84,69,60,60,36,53,40,49,71,46,45,39,47,70,73,69
[ 30.825686] wil6210-aoa$0,1606461628.898186,04:d6:aa:c1:38:97,2,1,1,0,128,777,736,226,571,905,994,369,374,640,182,39,158,900,71,161,564,874,918,838,757,165,831,180,843,684,182,613,68,873,838,79,916,54,105,93,100,72,84,54,55,84,77,72,45,53,52,91,56,83,67,59,59,37,52,42,51,72,47,48,41,47,73,72,68
[ 30.855078] wil6210-aoa$0,1606461628.927573,04:d6:aa:c1:38:97,2,1,1,0,128,312,986,798,786,959,995,410,363,119,336,62,220,853,82,199,610,893,967,449,955,739,28,762,26,242,390,162,275,367,47,616,338,54,102,91,95,72,85,54,56,82,76,70,43,52,52,91,56,82,68,60,60,35,52,43,50,71,46,43,40,44,68,71,67
[ 30.887097] wil6210-aoa$0,1606461628.959597,04:d6:aa:c1:38:97,2,1,1,0,128,746,706,769,754,397,831,848,203,148,360,60,224,811,35,138,555,896,934,346,913,813,61,730,81,202,411,158,311,326,33,52,896,56,105,95,102,75,84,56,58,83,78,71,44,54,52,92,57,85,67,59,59,37,51,40,49,73,48,43,38,44,70,69,64
[ 30.916113] wil6210-aoa$0,1606461628.988610,04:d6:aa:c1:38:97,2,1,1,0,128,285,942,777,761,350,789,923,245,129,347,24,208,813,48,179,556,923,1000,347,915,729,11,729,16,206,329,116,257,357,24,752,536,57,104,93,102,75,86,58,59,88,82,73,49,55,55,97,61,89,69,63,63,38,56,44,54,76,51,51,43,50,77,80,75
[ 30.942826] wil6210-aoa$0,1606461629.015326,04:d6:aa:c1:38:97,2,1,1,0,128,305,926,819,786,931,990,341,362,193,408,80,201,777,6,250,623,872,932,399,905,175,858,194,847,728,184,113,248,291,1023,634,423,58,107,95,101,76,86,58,60,86,80,74,45,54,53,93,58,85,68,60,63,38,54,43,51,74,48,47,41,48,72,73,69
[ 30.971153] wil6210-aoa$0,1606461629.043648,04:d6:aa:c1:38:97,2,1,1,0,128,387,997,729,733,404,830,352,355,658,183,36,190,250,849,255,635,951,1020,387,946,745,56,709,39,206,366,160,270,392,89,918,648,58,105,96,100,75,87,57,58,86,82,74,45,56,54,94,59,86,70,63,62,37,54,44,51,74,49,46,42,47,76,76,71
[ 31.004956] wil6210-aoa$0,1606461629.077451,04:d6:aa:c1:38:97,2,1,1,0,128,698,679,218,572,945,3,457,462,125,344,48,212,801,31,254,593,932,944,820,714,763,58,190,857,715,202,109,249,311,36,263,92,56,102,93,96,74,88,58,57,85,82,72,49,58,55,99,60,87,70,61,66,39,58,46,55,79,54,53,47,55,79,86,80
[ 31.035474] wil6210-aoa$0,1606461629.107976,04:d6:aa:c1:38:97,2,1,1,0,128,272,923,794,833,924,978,390,409,146,394,57,222,847,39,222,648,901,950,386,900,732,40,669,2,704,190,548,32,860,858,608,443,56,101,93,99,74,86,58,58,81,80,71,47,56,52,96,59,83,68,61,62,39,54,45,54,77,51,50,46,51,76,81,75
[ 31.061630] wil6210-aoa$0,1606461629.134132,04:d6:aa:c1:38:97,2,1,1,0,128,279,941,140,532,357,784,903,207,631,144,530,978,331,899,200,563,865,915,319,866,232,894,726,20,183,337,573,52,823,875,597,417,57,102,91,95,73,83,56,56,83,79,70,45,54,52,91,56,84,66,58,61,36,54,42,49,74,47,46,39,48,71,73,66
[ 31.094433] wil6210-aoa$0,1606461629.166935,04:d6:aa:c1:38:97,2,1,1,0,128,305,920,767,752,411,810,912,204,621,132,147,256,834,43,275,624,866,924,395,918,681,1015,719,23,688,177,623,49,335,1005,269,965,56,101,91,97,75,87,56,57,85,80,70,49,57,55,97,60,87,69,61,62,39,57,46,55,78,53,51,45,52,78,84,78
[ 31.124730] wil6210-aoa$0,1606461629.197225,04:d6:aa:c1:38:97,2,1,1,0,128,234,899,864,794,955,978,473,456,132,387,18,176,241,899,680,381,306,749,892,736,775,46,713,19,163,356,144,278,409,50,552,274,56,109,100,105,76,87,59,61,89,81,77,47,55,54,99,59,88,70,63,64,38,52,45,53,78,47,48,42,50,75,77,71
[ 31.156457] wil6210-aoa$0,1606461629.228958,04:d6:aa:c1:38:97,2,1,1,0,128,232,900,224,557,380,819,811,202,604,146,525,12,345,928,225,582,438,837,401,895,721,14,746,39,227,361,132,226,366,57,214,1008,56,103,95,101,75,87,58,59,84,78,73,47,54,53,92,59,84,67,61,60,37,52,42,50,73,48,47,42,48,73,74,69
[ 31.189847] wil6210-aoa$0,1606461629.262343,04:d6:aa:c1:38:97,2,1,1,0,128,253,942,819,808,867,981,445,404,118,348,21,232,837,62,171,559,921,937,414,969,661,10,694,6,194,362,95,229,380,86,718,454,56,104,94,99,72,86,56,58,83,78,72,44,54,51,95,58,83,66,60,61,37,52,44,52,75,48,47,39,49,73,77,71
[ 31.220657] wil6210-aoa$0,1606461629.293159,04:d6:aa:c1:38:97,2,1,1,0,128,303,937,757,746,913,993,392,380,177,388,86,259,817,36,679,365,390,796,868,705,714,15,724,8,209,375,74,184,394,34,22,774,56,103,93,97,75,84,57,56,84,78,72,47,55,52,95,58,85,69,60,62,38,52,43,52,73,48,48,41,47,74,76,72
[ 31.251725] wil6210-aoa$0,1606461629.324221,04:d6:aa:c1:38:97,2,1,1,0,128,335,993,757,755,976,8,421,415,154,376,506,1007,254,901,671,382,892,951,390,917,778,75,778,75,233,411,71,202,400,74,561,369,53,103,94,99,73,82,54,57,81,75,68,41,52,49,87,54,83,65,57,57,36,50,40,48,72,43,44,38,43,68,70,64
[ 31.282723] wil6210-aoa$0,1606461629.355225,04:d6:aa:c1:38:97,2,1,1,0,128,705,694,818,816,376,809,490,434,119,358,14,163,835,12,265,602,859,925,850,740,755,16,737,6,705,156,104,226,457,68,880,527,53,102,92,96,74,82,53,55,81,75,69,42,51,48,86,56,79,64,55,56,34,47,38,45,68,41,40,34,40,66,62,58
[ 31.309399] wil6210-aoa$0,1606461629.381902,04:d6:aa:c1:38:97,2,1,1,0,128,759,735,741,739,908,1001,881,220,189,406,23,168,845,54,208,589,935,957,390,924,667,25,700,10,294,377,186,297,397,61,1011,802,58,104,95,99,77,87,60,61,87,82,73,50,58,55,97,61,89,70,63,64,41,56,47,55,77,51,50,45,54,77,79,78
[ 31.341605] wil6210-aoa$0,1606461629.414108,04:d6:aa:c1:38:97,2,1,1,0,128,252,928,781,770,885,994,369,411,159,377,31,183,826,44,164,567,361,828,934,770,719,54,767,70,246,401,123,259,388,49,823,560,58,107,94,101,77,86,59,59,85,80,74,48,56,55,98,59,85,70,62,63,37,55,44,53,74,50,49,43,49,75,77,72
[ 31.367730] wil6210-aoa$0,1606461629.440231,04:d6:aa:c1:38:97,2,1,1,0,128,295,946,756,723,985,1,421,420,218,401,48,198,829,17,226,604,947,986,382,899,662,6,759,17,197,355,146,194,362,12,610,344,58,105,95,102,75,87,60,59,87,85,75,48,58,56,99,63,86,71,63,64,40,57,46,56,79,52,49,44,50,79,82,78
[ 31.398310] wil6210-aoa$0,1606461629.470808,04:d6:aa:c1:38:97,2,1,1,0,128,271,938,794,809,969,996,430,415,158,375,81,202,798,50,227,635,946,951,366,923,781,59,706,12,169,319,610,53,359,11,849,635,50,89,83,86,65,72,50,50,74,69,64,40,48,45,84,50,75,59,54,55,33,47,39,46,66,45,42,37,43,66,68,64
[ 31.431908] wil6210-aoa$0,1606461629.504404,04:d6:aa:c1:38:97,2,1,1,0,128,290,917,774,766,941,1022,435,395,240,410,61,216,851,76,196,604,846,942,352,900,708,5,787,72,162,363,524,5,842,854,124,912,59,105,95,101,75,86,58,58,85,82,73,49,57,55,95,61,87,68,63,63,39,55,45,54,78,49,50,44,51,78,80,76
[ 31.464390] wil6210-aoa$0,1606461629.536893,04:d6:aa:c1:38:97,2,1,1,0,128,843,781,834,789,969,1006,400,366,204,402,997,134,276,836,669,340,418,788,818,701,138,839,122,815,618,105,182,246,370,33,512,250,56,101,93,97,73,84,58,56,85,78,73,48,56,54,95,58,82,69,60,60,37,55,43,53,76,50,48,42,50,76,74,71
[ 31.496435] wil6210-aoa$0,1606461629.568931,04:d6:aa:c1:38:97,2,1,1,0,128,329,951,701,733,359,797,444,401,177,356,86,215,834,51,128,560,874,934,371,890,217,837,208,872,197,352,92,232,371,26,368,108,53,102,92,95,69,81,52,56,79,74,68,42,51,48,86,54,81,66,57,58,35,48,40,47,70,42,41,36,43,64,68,63
[ 31.529633] wil6210-aoa$0,1606461629.602137,04:d6:aa:c1:38:97,2,1,1,0,128,767,718,816,790,940,975,443,449,156,358,112,229,838,69,216,592,946,1015,347,879,172,897,740,42,171,348,162,240,299,30,836,550,52,101,91,95,69,79,53,54,81,73,68,39,48,48,84,53,76,64,55,55,33,45,35,45,63,37,38,33,38,62,59,55
[ 31.559672] wil6210-aoa$0,1606461629.632170,04:d6:aa:c1:38:97,2,1,1,0,128,292,952,818,786,952,1020,364,342,205,389,57,235,861,76,644,384,915,974,310,884,150,839,712,6,218,361,118,250,366,23,221,987,54,100,93,99,71,83,56,57,82,77,71,44,53,50,89,57,78,67,58,57,36,49,41,48,70,44,43,38,41,66,69,65
[ 31.586721] wil6210-aoa$0,1606461629.659217,04:d6:aa:c1:38:97,2,1,1,0,128,296,914,701,706,377,821,924,229,190,391,43,187,799,28,217,607,940,985,411,970,767,86,748,72,236,398,110,257,326,25,914,662,55,103,95,98,74,83,54,59,83,76,71,45,54,51,92,57,81,67,59,61,37,53,40,50,74,48,44,38,47,71,71,65
[ 31.620917] wil6210-aoa$0,1606461629.693413,04:d6:aa:c1:38:97,2,1,1,0,128,240,879,202,574,911,992,416,389,144,361,44,180,849,48,178,585,307,753,835,719,202,916,226,905,650,138,651,90,349,40,411,123,57,102,92,98,73,83,56,56,84,80,72,47,55,53,96,59,85,69,61,62,37,57,44,53,75,53,50,44,51,77,82,76
[ 31.648250] wil6210-aoa$0,1606461629.720746,04:d6:aa:c1:38:97,2,1,1,0,128,222,899,828,815,871,947,923,241,176,365,73,174,803,1018,253,580,900,963,344,861,198,873,710,31,233,411,142,249,372,68,578,253,53,102,91,96,73,81,56,56,82,77,71,44,52,51,91,55,84,67,59,60,36,51,41,49,72,45,44,39,46,73,73,70
[ 31.682749] wil6210-aoa$0,1606461629.755245,04:d6:aa:c1:38:97,2,1,1,0,128,243,895,796,745,370,738,876,208,636,146,73,190,826,38,221,602,914,965,378,897,151,868,183,861,648,163,585,17,864,866,569,425,55,102,93,97,72,83,55,57,80,76,69,44,52,49,91,57,82,67,56,58,35,51,41,50,72,46,44,38,45,69,67,64
[ 31.715138] wil6210-aoa$0,1606461629.787638,04:d6:aa:c1:38:97,2,1,1,0,128,254,923,822,779,860,986,359,376,196,373,48,204,810,1022,175,555,844,919,347,901,720,3,752,19,235,359,609,63,363,12,36,865,56,105,96,102,77,87,57,59,85,80,73,47,55,53,95,58,87,70,61,62,37,53,41,50,73,49,46,41,46,74,73,69
[ 31.746526] wil6210-aoa$0,1606461629.819023,04:d6:aa:c1:38:97,2,1,1,0,128,309,906,760,768,897,982,449,408,145,382,31,163,895,121,246,640,929,993,321,878,692,21,719,32,666,166,612,84,403,76,892,563,56,108,97,100,79,88,58,59,83,78,71,45,58,55,97,60,88,69,62,62,39,54,44,52,74,50,46,39,47,74,75,70
[ 31.778158] wil6210-aoa$0,1606461629.850657,04:d6:aa:c1:38:97,2,1,1,0,128,218,874,187,578,938,997,433,447,87,296,31,148,900,92,219,592,924,991,365,943,733,53,731,44,222,418,129,243,379,28,42,745,57,106,97,102,74,89,57,59,86,81,72,46,57,55,97,61,88,69,62,65,38,58,44,55,76,51,48,43,50,76,80,75
[ 31.810044] wil6210-aoa$0,1606461629.882544,04:d6:aa:c1:38:97,2,1,1,0,128,723,697,200,566,373,824,905,207,625,151,625,35,859,64,236,594,948,982,385,875,192,850,138,834,728,206,545,6,843,854,915,795,61,106,96,102,77,89,58,59,87,82,76,49,58,56,100,63,88,70,64,64,40,60,45,55,79,53,50,45,52,78,82,80
[ 31.838450] wil6210-aoa$0,1606461629.910945,04:d6:aa:c1:38:97,2,1,1,0,128,726,714,240,602,979,1016,367,356,155,393,78,234,859,59,208,566,934,986,414,930,710,53,660,1001,249,379,149,279,379,44,201,788,58,104,92,100,75,86,58,59,85,81,72,45,56,54,98,58,85,71,62,63,36,54,43,52,74,51,49,43,50,75,77,75
[ 31.873189] wil6210-aoa$0,1606461629.945684,04:d6:aa:c1:38:97,2,1,1,0,128,766,740,231,589,925,1007,437,418,176,370,65,227,875,40,189,583,889,942,817,669,170,856,105,794,674,173,600,63,371,15,70,901,58,102,93,99,75,85,58,57,86,81,72,48,56,53,97,61,86,71,63,63,40,58,46,55,79,55,50,45,52,81,83,79
[ 31.907488] wil6210-aoa$0,1606461629.979985,04:d6:aa:c1:38:97,2,1,1,0,128,311,951,764,792,939,18,389,388,157,403,510,42,822,68,186,577,915,959,856,745,758,53,714,35,197,382,76,199,432,84,148,951,56,101,96,99,73,87,58,57,85,81,72,48,56,53,96,59,85,69,62,60,39,57,44,52,76,51,49,43,49,76,80,76
[ 31.935724] wil6210-aoa$0,1606461630.008228,04:d6:aa:c1:38:97,2,1,1,0,128,251,926,701,779,937,971,470,436,196,367,101,248,867,99,262,619,916,959,429,905,707,8,714,1008,705,206,119,217,398,55,17,728,56,102,90,97,73,84,56,58,82,78,70,45,52,53,92,56,84,67,60,62,36,53,42,52,73,47,48,44,50,73,75,73
[ 31.967589] wil6210-aoa$0,1606461630.040091,04:d6:aa:c1:38:97,2,1,1,0,128,314,908,833,800,989,1023,396,381,192,375,103,201,248,887,229,585,339,719,410,888,770,58,688,8,218,418,570,53,782,838,167,24,57,104,91,98,74,84,55,58,83,78,73,46,55,52,95,58,83,68,59,59,37,53,42,51,74,48,48,41,49,74,76,69
[ 31.999444] wil6210-aoa$0,1606461630.071945,04:d6:aa:c1:38:97,2,1,1,0,128,794,736,802,773,885,1011,410,407,199,389,495,1017,284,887,594,361,886,909,356,890,754,29,730,27,694,147,610,39,392,47,561,268,57,102,93,99,74,86,57,57,84,78,72,46,57,53,95,60,87,69,62,61,38,57,43,53,77,52,49,43,49,76,78,73
[ 32.026529] wil6210-aoa$0,1606461630.099032,04:d6:aa:c1:38:97,2,1,1,0,128,351,948,856,869,939,997,426,412,119,319,482,992,258,860,671,391,345,744,460,921,730,30,751,35,656,158,98,193,355,35,421,143,53,102,92,96,72,85,55,57,82,78,71,43,54,51,91,55,80,67,59,59,36,49,43,50,73,46,47,39,46,70,72,65
[ 32.056490] wil6210-aoa$0,1606461630.128989,04:d6:aa:c1:38:97,2,1,1,0,128,324,970,827,828,1010,22,428,439,136,361,94,247,860,52,166,547,898,963,436,925,176,865,736,29,211,347,145,250,317,3,978,742,55,103,92,97,75,84,56,58,82,78,69,46,54,53,95,59,86,67,60,62,37,56,43,52,77,50,49,42,50,77,79,74
[ 32.084069] wil6210-aoa$0,1606461630.156567,04:d6:aa:c1:38:97,2,1,1,0,128,340,960,740,752,297,795,403,449,133,373,88,210,805,55,217,609,873,951,346,874,743,1017,206,844,171,345,160,231,391,18,377,53,53,100,90,98,72,83,56,57,79,76,70,46,52,52,90,55,83,69,59,60,37,52,40,50,73,47,46,38,45,71,71,66
[ 32.118777] wil6210-aoa$0,1606461630.191273,04:d6:aa:c1:38:97,2,1,1,0,128,236,899,740,724,955,981,879,179,609,164,554,2,274,872,203,608,879,930,870,725,168,841,188,874,682,193,143,245,312,0,47,963,57,105,93,99,71,86,56,57,82,78,72,43,54,53,92,59,84,68,58,63,37,54,41,52,76,49,48,42,48,72,76,72
[ 32.152124] wil6210-aoa$0,1606461630.224624,04:d6:aa:c1:38:97,2,1,1,0,128,737,708,260,588,952,1012,412,392,188,390,45,174,765,1000,657,346,869,903,410,925,730,34,726,1018,250,398,532,28,823,870,846,720,55,104,93,101,72,83,55,57,82,74,69,42,49,48,88,55,81,65,59,60,35,48,40,48,69,43,44,36,43,69,68,61
[ 32.179414] wil6210-aoa$0,1606461630.251914,04:d6:aa:c1:38:97,2,1,1,0,128,242,864,786,798,926,1001,420,408,211,399,96,232,831,47,176,578,902,991,343,920,707,26,747,52,213,368,140,236,806,871,537,296,57,108,96,101,77,85,58,60,87,82,72,48,56,55,94,60,88,71,62,64,38,55,44,54,77,50,51,44,52,79,81,76
[ 32.215919] wil6210-aoa$0,1606461630.288419,04:d6:aa:c1:38:97,2,1,1,0,128,711,692,209,571,999,1,382,403,229,408,28,187,282,892,647,393,842,904,908,756,198,846,157,855,231,368,152,260,366,52,527,284,58,108,96,102,76,86,58,59,85,83,74,49,56,55,98,59,88,71,63,64,38,57,44,54,78,53,51,45,51,78,81,76
[ 32.247498] wil6210-aoa$0,1606461630.319993,04:d6:aa:c1:38:97,2,1,1,0,128,754,733,227,559,905,955,423,365,198,389,72,190,793,6,217,622,883,949,365,916,729,19,698,13,710,146,593,64,862,890,172,970,56,104,91,98,76,86,56,57,84,77,73,44,53,51,95,60,81,68,60,60,35,53,42,51,74,49,47,40,47,72,72,69
[ 32.282382] wil6210-aoa$0,1606461630.354879,04:d6:aa:c1:38:97,2,1,1,0,128,259,911,778,787,887,979,906,247,144,365,99,225,791,30,187,554,953,998,446,902,765,11,769,30,266,401,57,190,387,69,622,313,55,103,91,96,77,86,58,56,83,81,73,47,58,55,99,60,88,68,61,63,39,58,45,54,79,52,51,46,52,81,82,77
[ 32.310792] wil6210-aoa$0,1606461630.383292,04:d6:aa:c1:38:97,2,1,1,0,128,306,949,813,799,939,1003,409,390,126,338,104,219,818,1,269,604,931,932,411,922,728,4,725,1019,233,395,165,237,345,23,100,820,52,99,87,93,70,81,54,54,81,73,69,45,51,49,89,54,81,65,58,57,33,50,40,48,71,46,45,41,46,68,72,67
[ 32.343157] wil6210-aoa$0,1606461630.415658,04:d6:aa:c1:38:97,2,1,1,0,128,791,744,202,598,347,815,842,159,186,392,51,210,291,903,648,404,337,781,362,905,198,861,743,23,143,330,581,21,797,865,707,538,53,99,91,98,73,81,54,57,81,74,69,42,49,48,87,56,78,64,56,57,35,48,39,46,68,43,40,35,41,64,65,59
[ 32.370435] wil6210-aoa$0,1606461630.442934,04:d6:aa:c1:38:97,2,1,1,0,128,747,717,222,542,430,849,866,162,669,166,567,34,284,866,640,335,335,727,841,678,220,864,722,40,219,370,35,206,784,833,788,629,54,102,91,95,73,81,54,57,80,77,70,45,53,51,91,57,84,69,60,61,35,52,43,52,73,49,45,41,47,73,75,69
[ 32.397516] wil6210-aoa$0,1606461630.470016,04:d6:aa:c1:38:97,2,1,1,0,128,263,898,763,753,943,1006,410,389,171,400,79,218,893,78,159,516,944,980,369,876,711,54,707,1006,294,438,67,210,423,123,844,494,55,100,91,97,73,84,56,56,82,77,69,43,54,51,93,58,84,68,59,60,37,53,42,48,74,49,47,41,46,73,74,69
[ 32.426785] wil6210-aoa$0,1606461630.499280,04:d6:aa:c1:38:97,2,1,1,0,128,274,931,804,767,930,996,425,402,212,405,93,257,827,43,192,527,944,982,446,948,704,28,755,86,227,407,144,270,416,80,39,750,55,104,92,97,74,83,56,56,82,79,69,45,54,51,91,56,83,67,60,60,37,52,43,51,73,48,48,43,48,73,75,71
[ 32.461909] wil6210-aoa$0,1606461630.534404,04:d6:aa:c1:38:97,2,1,1,0,128,752,733,246,572,356,817,437,439,192,385,52,169,848,70,265,627,892,923,804,637,173,820,153,835,708,192,103,210,356,20,939,667,55,102,92,97,74,86,55,57,83,79,71,47,54,51,95,59,83,68,61,62,38,54,43,52,78,51,50,42,51,77,79,72
[ 32.492850] wil6210-aoa$0,1606461630.565350,04:d6:aa:c1:38:97,2,1,1,0,128,890,806,220,577,996,40,437,433,192,388,30,165,793,11,168,539,312,761,862,710,179,856,191,861,250,376,114,163,885,877,48,792,55,100,91,97,75,85,56,56,84,79,70,45,53,51,94,60,84,68,59,62,37,54,45,52,75,49,47,42,49,73,75,70
[ 32.520616] wil6210-aoa$0,1606461630.593110,04:d6:aa:c1:38:97,2,1,1,0,128,773,746,840,812,947,981,421,355,135,327,50,157,293,860,667,374,320,744,401,893,711,16,695,5,206,355,113,202,348,9,605,454,55,102,91,98,72,84,56,58,84,77,70,46,54,53,95,59,84,67,59,61,38,55,43,53,73,49,49,41,47,74,79,73
[ 32.552610] wil6210-aoa$0,1606461630.625110,04:d6:aa:c1:38:97,2,1,1,0,128,280,915,761,772,959,6,374,368,154,353,93,210,782,36,178,545,912,954,316,853,689,994,728,1019,212,342,151,274,360,32,819,602,55,102,96,99,75,83,56,58,81,76,70,42,53,51,89,56,83,66,58,57,33,49,40,48,67,43,44,34,41,68,64,59
[ 32.579998] wil6210-aoa$0,1606461630.652498,04:d6:aa:c1:38:97,2,1,1,0,128,306,945,824,836,904,966,467,451,123,385,50,177,795,19,233,619,924,969,417,946,732,27,722,1021,713,204,554,1010,887,883,30,894,56,107,96,101,76,88,59,60,85,78,72,48,55,54,97,59,85,68,61,64,38,54,45,54,74,47,48,42,49,72,74,70
[ 32.613962] wil6210-aoa$0,1606461630.686461,04:d6:aa:c1:38:97,2,1,1,0,128,785,761,227,563,949,987,441,450,596,151,532,10,771,13,162,551,923,974,391,924,712,3,706,990,739,211,95,225,382,46,217,18,57,104,95,99,75,85,55,57,84,76,71,44,55,51,93,57,82,69,60,62,37,51,42,50,75,46,46,38,46,73,74,66
[ 32.644813] wil6210-aoa$0,1606461630.717309,04:d6:aa:c1:38:97,2,1,1,0,128,295,896,739,723,951,963,428,365,181,363,50,193,817,79,227,584,937,983,392,925,738,40,709,52,148,385,93,222,430,110,820,528,56,105,94,99,75,86,55,57,82,78,71,46,53,54,93,57,82,66,61,60,36,52,41,53,74,48,45,40,47,72,76,70
[ 32.673017] wil6210-aoa$0,1606461630.745512,04:d6:aa:c1:38:97,2,1,1,0,128,788,779,210,525,419,841,454,427,148,358,1021,139,312,900,208,553,929,983,384,900,750,11,143,843,665,138,102,229,435,96,266,54,56,101,93,99,72,84,56,58,84,77,72,46,55,53,96,59,82,66,61,60,37,53,43,53,74,49,46,39,47,74,74,68
[ 32.708479] wil6210-aoa$0,1606461630.780974,04:d6:aa:c1:38:97,2,1,1,0,128,310,928,247,589,897,955,918,202,182,368,38,168,848,43,216,592,837,900,785,666,145,846,711,17,243,404,94,209,402,65,590,374,52,102,91,98,73,84,57,57,81,77,71,44,52,51,92,55,83,67,57,59,36,52,41,48,71,47,44,38,46,69,69,63
[ 32.740387] wil6210-aoa$0,1606461630.812887,04:d6:aa:c1:38:97,2,1,1,0,128,255,878,251,587,946,937,914,206,150,378,41,145,856,65,197,583,887,915,374,882,738,26,766,24,184,318,592,1018,852,865,836,548,55,102,92,97,75,86,56,57,84,78,71,45,54,51,93,57,84,67,61,60,37,53,41,52,74,48,45,40,47,74,75,70
[ 32.772931] wil6210-aoa$0,1606461630.845431,04:d6:aa:c1:38:97,2,1,1,0,128,294,946,708,710,369,820,838,177,616,208,52,234,833,93,217,610,812,942,368,954,696,50,144,830,660,167,133,256,278,0,259,46,56,101,93,100,74,85,54,58,82,76,71,44,53,52,94,59,82,66,59,60,35,52,41,52,74,48,45,40,47,71,74,69
[ 32.800152] wil6210-aoa$0,1606461630.872652,04:d6:aa:c1:38:97,2,1,1,0,128,245,903,180,535,383,824,907,235,199,433,34,228,886,97,194,601,886,977,379,919,706,0,719,1005,707,185,615,50,855,895,865,604,53,101,90,96,74,84,56,56,80,79,72,46,53,52,96,58,84,70,61,63,37,55,44,53,75,50,47,45,51,73,79,74
[ 32.831432] wil6210-aoa$0,1606461630.903927,04:d6:aa:c1:38:97,2,1,1,0,128,247,874,780,759,960,997,441,392,116,373,39,187,772,1018,686,392,370,751,364,919,723,5,764,1018,219,327,110,207,358,22,729,454,56,101,93,98,75,87,55,56,85,79,72,45,55,52,93,59,85,69,61,61,38,54,45,53,76,51,48,41,50,76,80,74
[ 32.865244] wil6210-aoa$0,1606461630.937744,04:d6:aa:c1:38:97,2,1,1,0,128,250,909,782,785,941,997,436,411,162,371,78,238,777,42,209,609,877,937,387,949,729,39,676,19,202,388,95,233,409,67,49,823,56,100,89,96,74,85,57,56,83,79,71,49,57,53,96,62,86,68,62,62,39,57,46,56,77,52,51,46,54,80,84,81
[ 32.897536] wil6210-aoa$0,1606461630.970036,04:d6:aa:c1:38:97,2,1,1,0,128,293,946,780,800,933,0,413,394,190,391,35,195,808,66,205,565,871,942,345,905,748,38,707,12,272,417,105,213,383,63,854,642,53,101,92,98,72,82,55,55,83,79,68,44,53,50,91,57,81,65,59,60,34,51,41,49,72,46,47,39,46,70,72,66
[ 32.926606] wil6210-aoa$0,1606461630.999102,04:d6:aa:c1:38:97,2,1,1,0,128,270,919,793,797,974,999,447,421,136,373,56,218,820,67,208,611,898,949,432,973,758,54,710,52,218,403,95,245,784,846,26,788,57,99,92,96,74,85,56,56,82,78,70,44,54,52,95,57,84,67,60,59,37,53,43,50,74,49,45,40,47,75,77,71
[ 32.962164] wil6210-aoa$0,1606461631.034659,04:d6:aa:c1:38:97,2,1,1,0,128,282,899,811,834,914,1003,899,202,164,385,69,217,788,8,228,624,895,957,403,935,710,7,755,31,225,383,117,214,346,8,1017,774,57,105,95,102,77,87,60,58,85,79,74,49,57,53,99,62,88,70,63,64,40,56,44,54,78,51,49,44,52,76,79,73
[ 32.993456] wil6210-aoa$0,1606461631.065956,04:d6:aa:c1:38:97,2,1,1,0,128,778,736,208,610,916,988,366,388,162,364,86,233,783,31,183,588,900,918,816,687,169,823,180,839,655,150,143,230,327,9,573,341,56,103,94,99,77,86,57,58,84,80,72,45,56,53,97,59,85,69,63,62,37,53,44,53,77,50,48,43,48,77,75,71
[ 33.028679] wil6210-aoa$0,1606461631.101174,04:d6:aa:c1:38:97,2,1,1,0,128,294,926,208,553,421,866,411,395,133,356,16,158,862,71,199,600,816,838,839,694,216,882,737,11,188,326,110,236,353,48,777,512,50,89,83,83,66,76,50,49,72,69,61,40,47,45,81,53,73,58,51,53,33,46,37,47,66,44,40,37,44,66,70,62
[ 33.064672] wil6210-aoa$0,1606461631.137172,04:d6:aa:c1:38:97,2,1,1,0,128,224,882,772,787,887,969,885,215,614,149,42,200,846,56,238,640,902,942,380,900,779,36,725,27,213,383,106,235,334,41,86,780,57,101,93,101,73,86,57,57,84,80,72,48,57,55,97,61,87,71,61,63,39,55,45,55,78,53,49,44,50,75,79,75
[ 33.093859] wil6210-aoa$0,1606461631.166355,04:d6:aa:c1:38:97,2,1,1,0,128,741,725,189,503,411,864,878,176,645,220,46,167,199,860,587,336,343,755,852,698,779,46,733,42,224,387,103,260,351,20,37,760,53,101,93,98,72,82,53,57,80,75,70,42,51,50,88,55,79,66,57,57,35,50,40,48,70,45,42,37,44,71,69,63
[ 33.141931] wil6210-aoa$0,1606461631.214428,04:d6:aa:c1:38:97,2,1,1,0,128,236,902,807,822,898,971,390,432,162,384,1018,166,781,67,143,557,892,971,312,881,705,29,731,15,231,371,571,63,352,29,325,74,57,102,93,96,75,87,58,58,84,81,70,49,56,54,98,60,86,69,60,64,38,58,45,56,77,53,52,47,53,81,83,79
[ 33.175800] wil6210-aoa$0,1606461631.248300,04:d6:aa:c1:38:97,2,1,1,0,128,229,897,724,757,894,962,334,377,612,161,519,1008,833,70,175,573,874,944,409,928,737,35,700,37,181,354,138,232,323,1010,158,0,52,101,91,97,67,80,53,57,81,74,70,42,50,47,87,55,79,66,57,57,34,49,37,47,69,43,41,35,43,66,64,60
[ 33.208034] wil6210-aoa$0,1606461631.280529,04:d6:aa:c1:38:97,2,1,1,0,128,270,896,752,740,974,998,448,418,198,418,70,189,839,57,161,561,925,946,398,923,753,55,712,31,237,421,90,224,417,38,633,314,52,103,92,97,73,82,53,57,82,76,69,45,50,50,90,56,83,66,57,62,35,51,39,49,73,45,47,41,46,72,69,67
[ 33.237815] wil6210-aoa$0,1606461631.310314,04:d6:aa:c1:38:97,2,1,1,0,128,272,924,818,800,950,1015,401,403,557,134,57,218,863,83,217,614,842,925,383,923,676,3,729,5,218,378,113,244,310,32,147,898,54,102,89,96,72,83,56,57,82,78,69,45,54,51,92,58,83,67,58,61,35,54,42,52,73,49,47,41,47,74,76,70
[ 33.269875] wil6210-aoa$0,1606461631.342372,04:d6:aa:c1:38:97,2,1,1,0,128,694,679,297,608,367,808,866,221,568,125,563,8,281,837,706,396,354,749,343,909,181,851,244,876,697,189,537,1004,821,850,392,284,58,99,91,97,73,85,57,55,84,79,72,46,56,54,97,61,84,68,61,61,38,55,44,53,75,49,49,43,51,77,79,73
[ 33.299519] wil6210-aoa$0,1606461631.372018,04:d6:aa:c1:38:97,2,1,1,0,128,269,900,784,760,901,982,411,354,133,370,61,187,807,29,245,632,904,971,379,923,703,1016,713,23,646,171,636,61,402,50,405,136,54,101,89,93,72,82,57,55,83,77,70,45,53,51,93,58,85,67,60,60,37,51,42,51,74,48,46,41,48,73,76,69
[ 33.335581] wil6210-aoa$0,1606461631.408081,04:d6:aa:c1:38:97,2,1,1,0,128,342,957,797,767,906,952,932,227,170,327,541,24,825,67,185,556,936,960,359,895,747,49,778,19,247,434,86,247,361,77,252,1005,56,102,91,95,74,86,57,56,84,80,71,45,54,53,94,58,88,68,58,61,38,53,42,53,74,52,49,42,48,76,79,72
[ 33.366113] wil6210-aoa$0,1606461631.438608,04:d6:aa:c1:38:97,2,1,1,0,128,333,971,812,791,994,29,404,424,186,388,520,998,285,895,185,588,909,971,371,910,687,5,798,70,213,380,71,220,385,73,361,82,52,104,95,100,71,81,55,58,80,74,69,42,51,51,89,54,82,67,58,59,35,50,40,48,72,46,45,38,43,69,72,63
[ 33.402468] wil6210-aoa$0,1606461631.474968,04:d6:aa:c1:38:97,2,1,1,0,128,316,964,762,770,945,13,414,420,188,414,1018,154,830,41,185,565,910,982,382,919,779,87,725,52,239,413,62,233,359,51,684,409,56,107,96,102,77,86,57,59,84,79,72,44,55,52,93,59,88,71,62,64,36,56,42,52,77,49,48,42,48,74,76,70
[ 33.430410] wil6210-aoa$0,1606461631.502910,04:d6:aa:c1:38:97,2,1,1,0,128,351,1002,772,783,940,999,413,374,674,175,116,240,823,42,159,579,342,760,784,668,145,825,170,853,685,155,562,14,832,859,877,765,59,106,96,101,77,88,61,60,87,83,74,49,58,54,97,63,87,68,63,61,39,56,44,54,79,53,48,44,50,77,79,73
[ 33.464221] wil6210-aoa$0,1606461631.536720,04:d6:aa:c1:38:97,2,1,1,0,128,299,918,723,768,336,784,912,245,98,333,55,171,844,51,109,546,423,796,330,865,817,96,699,1014,663,135,147,199,401,41,512,259,56,102,94,98,75,84,57,58,83,79,71,47,56,53,95,58,84,69,60,63,39,53,43,54,77,48,48,42,49,74,75,69
[ 33.495884] wil6210-aoa$0,1606461631.568381,04:d6:aa:c1:38:97,2,1,1,0,128,283,925,772,800,938,1003,381,390,179,386,27,185,786,47,174,572,837,901,342,894,214,884,732,43,256,418,147,245,417,76,894,621,52,104,93,98,74,84,54,54,81,72,69,40,50,49,88,52,78,65,56,55,33,46,38,42,64,40,40,33,39,62,62,57
[ 33.529587] wil6210-aoa$0,1606461631.602087,04:d6:aa:c1:38:97,2,1,1,0,128,281,956,737,759,959,12,849,197,114,337,28,201,793,51,186,590,936,962,363,898,770,29,139,810,683,176,505,992,880,865,908,759,57,101,91,96,74,84,55,57,81,79,69,46,52,51,93,58,82,66,57,59,36,51,41,49,72,47,44,39,45,71,71,67
[ 33.562925] wil6210-aoa$0,1606461631.635425,04:d6:aa:c1:38:97,2,1,1,0,128,258,932,763,786,943,1008,443,441,148,344,66,201,842,48,256,613,944,990,423,931,769,79,770,36,316,446,142,237,396,44,644,379,56,102,93,97,73,85,58,57,82,78,73,47,56,53,97,60,87,68,61,63,38,53,44,53,77,50,48,42,49,74,77,72
[ 33.590905] wil6210-aoa$0,1606461631.663405,04:d6:aa:c1:38:97,2,1,1,0,128,288,938,835,817,895,932,868,195,183,361,47,170,830,65,224,581,900,959,417,939,651,1004,177,898,701,222,88,173,334,7,626,426,57,103,92,95,75,87,56,59,85,78,72,48,56,52,97,60,84,68,61,62,38,56,43,53,76,50,48,44,50,74,77,74
[ 33.624480] wil6210-aoa$0,1606461631.696983,04:d6:aa:c1:38:97,2,1,1,0,128,233,894,739,740,941,19,360,364,612,185,56,215,885,81,130,545,364,807,340,912,727,45,707,26,241,387,83,211,382,19,452,282,56,102,93,99,73,86,56,59,82,79,71,44,54,53,91,59,81,69,61,58,36,53,42,51,74,48,46,41,47,71,76,69
[ 33.654700] wil6210-aoa$0,1606461631.727196,04:d6:aa:c1:38:97,2,1,1,0,128,305,968,772,776,981,1002,430,392,191,369,100,198,831,56,173,502,335,718,415,935,742,35,698,26,194,351,67,186,362,39,570,239,55,101,91,97,73,86,58,57,83,79,71,48,57,54,100,61,86,67,61,64,39,56,46,53,77,53,51,46,51,78,83,78
[ 33.689709] wil6210-aoa$0,1606461631.762209,04:d6:aa:c1:38:97,2,1,1,0,128,292,941,741,738,384,797,428,429,672,131,538,1016,263,891,189,604,912,964,805,652,238,905,736,44,170,326,140,215,322,1019,973,771,55,99,91,94,74,85,57,58,83,80,70,48,54,53,98,61,86,67,62,62,40,56,45,55,79,54,51,47,53,80,82,78
[ 33.722186] wil6210-aoa$0,1606461631.794682,04:d6:aa:c1:38:97,2,1,1,0,128,286,959,805,827,902,986,347,377,146,355,18,197,817,60,187,615,966,960,375,944,698,35,760,79,169,363,117,219,342,1016,692,460,57,100,91,96,73,85,58,57,84,77,71,48,56,54,98,60,86,70,61,62,39,59,45,53,77,50,50,43,53,78,82,79
[ 33.750747] wil6210-aoa$0,1606461631.823247,04:d6:aa:c1:38:97,2,1,1,0,128,316,953,821,795,970,2,440,414,155,367,42,195,848,64,138,554,919,942,363,888,767,57,690,17,199,338,104,240,390,46,8,738,56,102,92,98,75,86,56,57,83,80,72,47,55,54,96,61,84,68,60,62,38,56,45,54,78,52,49,45,50,78,81,76
[ 33.782076] wil6210-aoa$0,1606461631.854572,04:d6:aa:c1:38:97,2,1,1,0,128,333,947,807,781,989,7,344,363,247,405,49,230,814,13,189,572,323,755,834,691,186,907,690,1002,177,364,560,62,361,58,706,514,46,87,78,82,61,69,45,47,67,63,59,36,43,43,74,48,69,57,48,49,29,42,34,41,58,36,35,30,35,54,52,48
[ 33.816431] wil6210-aoa$0,1606461631.888931,04:d6:aa:c1:38:97,2,1,1,0,128,760,710,768,778,891,945,428,414,152,346,67,201,810,27,162,587,885,919,478,938,651,963,732,989,188,343,155,254,347,49,967,711,58,105,95,101,75,86,57,57,85,79,73,46,55,53,93,58,85,69,60,62,37,53,44,54,74,49,47,42,49,74,79,73
[ 33.854323] wil6210-aoa$0,1606461631.926823,04:d6:aa:c1:38:97,2,1,1,0,128,791,767,744,765,951,5,339,347,113,305,29,197,821,68,193,583,847,964,877,708,143,865,727,22,204,351,99,226,345,53,373,168,56,107,97,102,79,86,60,59,87,84,76,49,56,55,99,59,90,72,64,66,39,59,46,57,79,53,51,44,52,81,83,78
[ 33.886867] wil6210-aoa$0,1606461631.959365,04:d6:aa:c1:38:97,2,1,1,0,128,267,913,778,782,970,6,393,411,168,326,116,218,826,51,244,608,828,904,876,706,194,826,181,832,639,102,604,52,924,892,848,692,55,103,93,99,76,86,57,58,84,80,74,47,56,51,96,61,87,69,60,62,39,55,45,54,77,51,51,44,53,76,83,77
[ 33.915385] wil6210-aoa$0,1606461631.987885,04:d6:aa:c1:38:97,2,1,1,0,128,820,800,770,799,917,991,448,398,143,319,546,38,830,30,148,569,901,949,340,868,732,1020,157,829,707,157,142,243,341,14,363,147,55,103,90,94,73,83,54,55,82,76,69,41,52,50,88,53,82,67,58,58,34,51,39,48,72,44,45,37,44,68,69,66
[ 33.947705] wil6210-aoa$0,1606461632.020202,04:d6:aa:c1:38:97,2,1,1,0,128,251,922,733,758,904,995,538,482,204,429,83,219,841,71,143,567,862,927,369,859,711,32,720,14,215,366,126,210,367,43,757,467,55,102,92,99,74,83,58,57,83,80,72,47,54,51,95,59,86,70,61,62,38,54,46,52,76,49,51,44,50,76,78,74
[ 33.977467] wil6210-aoa$0,1606461632.049963,04:d6:aa:c1:38:97,2,1,1,0,128,746,769,799,805,904,1012,408,392,155,351,53,223,776,16,641,354,402,773,354,843,201,851,724,1020,261,392,88,196,381,14,721,405,55,102,90,97,75,83,57,57,83,79,71,45,54,53,96,60,85,69,59,61,36,55,44,54,75,47,48,43,48,74,78,71
[ 34.014969] wil6210-aoa$0,1606461632.087470,04:d6:aa:c1:38:97,2,1,1,0,128,296,909,835,802,913,958,400,384,116,339,19,194,833,64,175,575,908,961,359,928,749,1,191,865,257,393,52,192,370,22,704,449,53,100,91,97,73,84,57,56,82,77,72,47,56,50,93,57,83,69,61,61,37,55,43,50,74,50,48,44,48,75,78,73
[ 34.046124] wil6210-aoa$0,1606461632.118620,04:d6:aa:c1:38:97,2,1,1,0,128,248,937,774,807,360,822,864,184,599,142,65,185,851,70,243,653,940,1000,413,957,729,66,737,53,201,367,148,233,375,36,618,365,55,100,93,98,73,83,57,58,82,78,71,47,54,52,94,56,85,69,60,63,37,53,43,51,75,51,48,41,49,74,74,69
[ 34.076005] wil6210-aoa$0,1606461632.148506,04:d6:aa:c1:38:97,2,1,1,0,128,319,926,233,587,975,2,402,363,199,376,27,175,830,20,204,602,900,958,329,845,687,1018,725,1020,208,348,134,253,374,27,207,22,55,100,93,97,75,86,57,58,84,79,73,47,56,51,97,60,87,68,60,62,39,55,43,53,75,51,47,42,50,76,78,72
[ 34.107059] wil6210-aoa$0,1606461632.179554,04:d6:aa:c1:38:97,2,1,1,0,128,360,977,779,758,960,1017,401,368,219,391,26,151,858,94,257,602,935,970,409,911,707,20,688,14,211,376,114,209,354,26,801,593,53,100,90,95,71,82,53,55,81,77,68,42,52,49,87,54,79,65,55,56,34,46,39,44,68,40,38,33,38,61,60,54
[ 34.136962] wil6210-aoa$0,1606461632.209462,04:d6:aa:c1:38:97,2,1,1,0,128,761,712,203,528,456,831,420,398,613,155,54,187,823,36,197,601,880,926,856,702,673,7,756,32,161,340,85,193,380,75,126,901,53,101,92,97,73,84,54,56,82,76,70,45,54,50,93,57,82,67,58,59,36,53,43,52,73,47,48,41,47,72,74,69
[ 34.167494] wil6210-aoa$0,1606461632.239990,04:d6:aa:c1:38:97,2,1,1,0,128,799,759,798,790,919,987,872,197,207,383,5,187,790,14,629,348,359,697,823,700,179,830,751,31,157,351,117,225,352,1020,312,8,56,103,92,99,73,85,57,59,84,78,70,48,53,51,93,58,85,69,61,63,37,53,41,52,75,50,48,42,47,73,74,69
[ 34.203528] wil6210-aoa$0,1606461632.276027,04:d6:aa:c1:38:97,2,1,1,0,128,312,972,731,788,980,1014,444,412,203,402,94,200,810,50,222,599,839,900,420,936,701,6,725,39,108,315,119,188,350,36,1020,760,59,106,95,100,77,88,58,58,85,78,72,45,54,53,94,59,85,67,59,61,38,53,43,53,74,48,46,41,47,71,75,69
[ 34.231995] wil6210-aoa$0,1606461632.304495,04:d6:aa:c1:38:97,2,1,1,0,128,233,896,826,756,921,985,915,222,137,379,33,220,857,92,323,696,918,969,405,925,719,28,717,4,174,373,107,236,380,45,942,623,56,105,94,100,73,87,57,56,83,79,72,46,55,54,93,59,85,69,60,62,37,55,42,51,76,49,46,41,48,74,74,70
[ 34.263887] wil6210-aoa$0,1606461632.336385,04:d6:aa:c1:38:97,2,1,1,0,128,281,939,800,796,917,1009,345,367,651,217,54,195,313,871,191,578,363,751,843,700,722,1015,772,16,149,350,115,208,392,27,708,473,55,103,95,100,75,83,56,58,84,78,72,46,53,52,92,59,87,69,61,61,36,54,41,50,75,49,45,40,47,73,69,66
[ 34.301565] wil6210-aoa$0,1606461632.374061,04:d6:aa:c1:38:97,2,1,1,0,128,710,715,204,571,368,797,906,147,144,373,60,186,828,53,669,376,324,714,824,685,183,843,177,843,732,220,598,41,861,857,552,383,54,101,92,97,70,83,54,56,82,77,70,43,54,50,94,56,84,67,60,58,34,52,42,49,72,47,46,41,44,72,74,69
[ 34.334636] wil6210-aoa$0,1606461632.407137,04:d6:aa:c1:38:97,2,1,1,0,128,788,728,813,794,965,10,405,423,119,275,502,983,358,925,209,576,932,989,330,874,705,29,715,1006,226,407,138,239,333,48,976,647,56,101,89,96,74,86,56,57,82,78,70,46,56,53,96,59,83,68,60,61,38,54,42,53,75,49,48,43,50,73,77,70
[ 34.363670] wil6210-aoa$0,1606461632.436167,04:d6:aa:c1:38:97,2,1,1,0,128,331,960,753,758,931,999,373,371,207,421,42,218,828,55,180,582,917,956,422,904,714,1017,725,7,211,378,161,274,333,39,86,899,54,103,94,97,71,84,55,56,81,76,69,45,51,50,91,57,79,67,58,59,35,52,40,49,73,46,46,39,44,70,74,69
[ 34.401270] wil6210-aoa$0,1606461632.473768,04:d6:aa:c1:38:97,2,1,1,0,128,277,920,844,815,981,1011,405,403,136,373,543,19,296,854,665,426,326,729,867,710,199,829,741,67,270,397,59,200,313,7,147,919,55,100,93,98,73,84,57,57,81,76,73,45,53,52,92,59,84,68,60,60,37,53,43,51,73,48,46,40,47,74,75,68
[ 34.436479] wil6210-aoa$0,1606461632.508980,04:d6:aa:c1:38:97,2,1,1,0,128,313,919,855,833,957,1020,409,404,144,340,50,213,801,50,205,614,905,957,358,897,822,99,693,36,199,343,116,245,344,43,995,629,54,101,93,97,72,80,53,56,77,73,68,40,49,49,89,54,79,65,55,55,34,48,36,45,70,40,41,34,40,62,66,59
[ 34.470715] wil6210-aoa$0,1606461632.543215,04:d6:aa:c1:38:97,2,1,1,0,128,284,916,822,815,959,1016,377,393,194,396,23,171,837,68,176,597,891,985,399,934,775,34,697,3,232,387,148,267,330,37,842,590,56,101,93,97,74,84,54,57,81,76,70,44,53,51,91,58,83,67,58,60,35,52,42,50,73,47,47,41,47,75,75,71
[ 34.499774] wil6210-aoa$0,1606461632.572274,04:d6:aa:c1:38:97,2,1,1,0,128,722,703,252,561,363,784,427,382,179,381,42,177,825,54,138,528,851,922,900,724,207,894,733,6,279,420,116,242,393,27,985,688,56,101,92,97,73,85,55,55,82,78,71,45,55,51,95,58,85,66,60,61,36,53,43,52,75,49,48,43,51,73,76,72
[ 34.534009] wil6210-aoa$0,1606461632.606512,04:d6:aa:c1:38:97,2,1,1,0,128,351,1012,753,786,959,981,479,422,188,334,48,206,885,80,145,572,893,931,406,919,728,11,712,1006,178,304,77,212,326,1020,475,249,56,102,92,96,73,84,55,55,79,77,69,44,54,51,93,55,83,68,59,60,36,51,40,50,74,48,46,41,46,73,75,68
[ 34.568589] wil6210-aoa$0,1606461632.641085,04:d6:aa:c1:38:97,2,1,1,0,128,751,722,266,581,370,803,891,174,645,181,437,961,324,911,653,386,892,950,821,699,761,5,681,1001,697,198,78,198,304,10,673,514,51,97,92,97,69,79,52,53,78,73,66,40,51,47,85,52,79,63,54,54,34,47,38,45,68,44,42,36,41,66,66,61
[ 34.603768] wil6210-aoa$0,1606461632.676269,04:d6:aa:c1:38:97,2,1,1,0,128,754,724,215,582,949,1005,425,399,177,370,44,196,833,43,222,590,891,947,353,877,723,67,730,41,266,439,136,268,373,56,388,104,57,103,95,99,73,87,57,59,83,77,70,44,55,53,92,58,82,70,61,62,35,54,42,51,73,48,46,41,46,72,74,70
[ 34.632535] wil6210-aoa$0,1606461632.705035,04:d6:aa:c1:38:97,2,1,1,0,128,810,770,763,764,993,20,382,384,169,385,108,232,803,19,187,558,909,931,373,910,692,1004,751,29,176,367,117,220,337,16,1006,740,58,104,94,100,76,87,58,58,84,80,71,45,56,54,96,57,88,71,62,63,38,56,44,54,75,51,50,44,50,79,82,76
[ 34.669372] wil6210-aoa$0,1606461632.741875,04:d6:aa:c1:38:97,2,1,1,2,128,810,770,763,764,993,20,382,384,169,385,108,232,803,19,187,558,909,931,373,910,692,1004,751,29,176,367,117,220,337,16,1006,740,58,104,94,100,76,87,58,58,84,80,71,45,56,54,96,57,88,71,62,63,38,56,44,54,75,51,50,44,50,79,82,76
[ 34.704656] wil6210-aoa$0,1606461632.777157,04:d6:aa:c1:38:97,2,1,1,0,128,256,897,808,767,1002,1014,437,431,187,380,112,238,854,76,202,616,893,983,411,954,695,34,721,46,152,359,113,268,390,74,683,325,52,98,92,92,70,83,54,55,80,76,67,45,52,50,91,56,83,68,58,58,37,52,43,53,74,48,48,44,47,72,73,70
[ 34.738536] wil6210-aoa$0,1606461632.811034,04:d6:aa:c1:38:97,2,1,1,0,128,835,748,247,616,878,998,848,181,191,401,54,206,804,35,164,580,903,932,797,682,199,873,762,52,198,377,166,253,304,25,163,921,51,97,87,93,68,76,52,54,77,73,65,44,51,50,89,56,79,65,57,57,36,50,42,50,72,47,45,41,48,72,73,69
[ 34.773186] wil6210-aoa$0,1606461632.845687,04:d6:aa:c1:38:97,2,1,1,0,128,300,911,818,793,903,973,838,193,174,342,21,149,808,39,171,580,893,962,339,876,781,53,733,19,182,355,88,244,399,85,933,638,54,101,90,97,72,80,55,54,82,77,69,44,52,51,88,54,81,66,57,59,37,52,40,50,73,49,46,40,47,72,70,68
[ 34.802198] wil6210-aoa$0,1606461632.874698,04:d6:aa:c1:38:97,2,1,1,0,128,286,910,239,553,411,812,909,249,125,357,547,23,833,20,638,400,851,932,415,946,689,31,654,4,191,361,121,237,349,17,764,540,53,101,91,96,72,77,50,54,77,72,65,40,49,46,84,52,76,63,55,53,33,46,38,46,64,39,38,32,37,64,60,54
[ 34.831094] wil6210-aoa$0,1606461632.903594,04:d6:aa:c1:38:97,2,1,1,0,128,309,948,742,750,976,1009,408,421,207,445,67,212,856,19,171,544,848,920,305,894,684,19,737,52,229,400,92,250,365,82,43,901,55,101,90,96,74,85,57,57,82,78,72,47,55,53,97,59,85,68,62,62,38,57,44,56,79,53,50,44,52,79,81,78
[ 34.865894] wil6210-aoa$0,1606461632.938395,04:d6:aa:c1:38:97,2,1,1,0,128,308,962,756,756,880,971,451,439,99,338,530,15,234,868,197,583,900,922,435,958,707,47,767,59,178,349,136,254,359,30,617,328,53,101,93,98,71,84,56,56,81,75,70,44,54,53,91,57,83,68,59,58,37,53,42,50,76,49,47,42,48,73,75,69
[ 34.898576] wil6210-aoa$0,1606461632.971074,04:d6:aa:c1:38:97,2,1,1,0,128,326,919,824,809,914,978,457,444,158,334,102,197,882,95,208,571,943,953,392,901,724,34,770,25,194,365,119,193,345,54,561,370,54,102,91,96,73,82,55,57,79,77,71,45,51,52,94,55,83,68,59,60,36,52,42,50,74,48,46,43,48,72,78,70
[ 34.934691] wil6210-aoa$0,1606461633.007190,04:d6:aa:c1:38:97,2,1,1,0,128,785,749,735,753,985,12,384,330,230,427,64,203,789,52,172,550,969,1000,343,887,738,35,689,997,275,397,545,52,352,55,787,578,53,101,90,97,70,81,55,55,81,75,71,43,54,51,90,56,82,66,58,60,36,54,42,50,72,49,45,40,46,72,76,68
[ 34.968655] wil6210-aoa$0,1606461633.041151,04:d6:aa:c1:38:97,2,1,1,0,128,784,754,807,791,911,1000,907,208,660,208,51,195,902,92,140,553,908,967,339,885,736,29,754,40,210,374,114,261,334,48,719,428,55,100,93,96,72,80,55,55,80,75,70,44,52,52,90,56,79,65,57,59,35,49,39,48,72,46,45,40,46,69,72,66
[ 35.002683] wil6210-aoa$0,1606461633.075183,04:d6:aa:c1:38:97,2,1,1,0,128,257,888,790,750,905,998,384,370,643,181,523,11,857,65,152,555,902,960,400,899,684,986,795,76,213,335,123,190,873,878,258,32,57,104,95,100,74,88,58,57,87,80,74,49,57,54,97,61,84,68,61,61,38,54,44,53,75,50,47,41,48,74,79,74
[ 35.032032] wil6210-aoa$0,1606461633.104533,04:d6:aa:c1:38:97,2,1,1,0,128,288,922,809,807,948,3,391,393,147,391,55,182,817,14,226,580,852,930,348,890,110,808,174,857,260,380,124,238,395,32,717,464,55,105,97,100,75,85,57,57,82,78,71,44,56,52,93,58,83,68,59,60,35,51,41,49,71,46,45,38,43,70,71,63
[ 35.061209] wil6210-aoa$0,1606461633.133710,04:d6:aa:c1:38:97,2,1,1,0,128,336,941,803,795,895,965,881,215,178,339,66,216,838,42,180,621,871,952,326,846,134,811,764,22,630,149,615,44,321,4,71,880,55,103,94,100,73,86,57,56,84,78,70,43,53,51,90,58,84,69,58,57,36,50,40,49,72,45,42,38,46,67,70,64
[ 35.096134] wil6210-aoa$0,1606461633.168634,04:d6:aa:c1:38:97,2,1,1,0,128,294,908,827,807,925,6,411,384,161,408,44,200,877,111,213,614,968,969,342,863,815,59,718,44,179,305,141,215,339,44,481,194,53,104,92,96,73,83,54,57,81,75,70,40,50,49,86,55,81,65,56,58,33,47,37,44,67,41,41,35,39,63,65,54
[ 35.128172] wil6210-aoa$0,1606461633.200666,04:d6:aa:c1:38:97,2,1,1,0,128,265,899,866,827,908,990,502,470,209,423,135,265,813,38,168,570,934,964,458,975,745,40,704,15,221,353,112,220,331,20,221,1010,56,103,90,99,76,87,56,57,85,80,71,45,57,52,92,57,82,68,60,60,36,53,41,50,74,49,45,40,47,71,74,67
[ 35.164619] wil6210-aoa$0,1606461633.237119,04:d6:aa:c1:38:97,2,1,1,0,128,791,720,796,764,932,996,368,346,175,394,56,223,811,36,209,612,919,959,392,924,719,40,721,30,250,401,101,245,407,62,596,337,54,103,91,98,70,81,55,55,82,75,68,43,51,51,90,58,81,66,59,60,34,52,39,48,72,48,45,39,46,70,72,67
