
[ 25.309992] wil6210-aoa$0,1606461624.488226,04:d6:aa:c1:38:97,2,1,1,0,128,308,932,766,792,947,976,454,449,200,368,47,200,806,1019,715,421,927,968,444,979,688,5,719,38,273,385,141,246,324,993,237,908,49,94,85,90,67,78,50,52,75,71,62,39,48,47,80,51,75,62,53,54,32,46,36,46,65,40,41,34,40,63,63,57
[ 25.333747] wil6210-aoa$0,1606461624.511978,04:d6:aa:c1:38:97,2,1,1,0,128,352,970,788,816,938,999,466,453,164,394,86,241,897,102,254,655,909,958,373,900,717,16,760,64,199,359,111,199,355,26,214,967,51,92,87,92,67,78,54,53,77,72,66,44,53,50,88,56,79,63,56,59,36,52,39,51,72,48,47,42,49,73,76,71
[ 25.357388] wil6210-aoa$0,1606461624.535619,04:d6:aa:c1:38:97,2,1,1,0,128,273,938,766,773,348,799,476,417,196,388,100,210,803,39,165,573,903,962,377,895,685,2,655,989,242,364,133,252,395,64,267,1002,51,95,85,90,64,73,50,50,75,71,61,39,46,45,81,50,76,60,52,54,31,45,35,43,62,39,38,33,38,61,61,55
[ 25.388155] wil6210-aoa$0,1606461624.566386,04:d6:aa:c1:38:97,2,1,1,0,128,272,921,776,782,967,1017,421,424,189,387,57,197,815,38,232,608,886,945,802,677,205,898,661,0,694,161,147,259,451,90,800,491,49,96,85,91,65,74,50,51,72,68,62,39,47,45,81,49,72,61,52,51,31,42,35,40,60,36,38,32,36,56,60,51
[ 25.411826] wil6210-aoa$0,1606461624.590054,04:d6:aa:c1:38:97,2,1,1,0,128,336,950,787,764,955,989,897,213,581,88,41,191,802,31,208,572,846,933,379,912,745,39,754,60,159,346,129,256,294,1010,83,801,51,92,83,89,69,77,52,53,76,71,65,43,51,49,87,54,79,63,56,57,36,50,39,48,69,47,45,41,46,70,73,69
[ 25.441098] wil6210-aoa$0,1606461624.619324,04:d6:aa:c1:38:97,2,1,1,0,128,310,952,785,742,908,990,396,412,145,368,61,213,843,68,230,623,958,993,432,918,759,53,795,82,252,404,140,274,362,38,133,913,51,95,89,93,68,79,51,54,78,72,67,42,51,50,84,53,76,62,55,55,35,51,38,48,68,45,43,37,45,69,68,64
[ 25.468253] wil6210-aoa$0,1606461624.646485,04:d6:aa:c1:38:97,2,1,1,0,128,295,948,727,771,906,951,886,208,644,179,493,1018,272,880,717,442,861,905,381,911,660,970,730,1000,659,120,548,11,821,832,576,381,53,92,86,90,69,81,53,53,76,74,68,44,52,51,90,55,79,64,57,57,36,52,42,50,70,48,45,41,47,72,73,67
[ 25.492929] wil6210-aoa$0,1606461624.671132,04:d6:aa:c1:38:97,2,1,1,0,128,776,763,825,777,920,962,910,224,175,375,509,1021,294,907,172,571,913,949,372,921,162,842,219,870,195,347,96,251,344,18,859,577,51,95,88,93,66,75,52,54,75,71,66,40,48,48,82,52,77,62,55,54,33,49,38,47,65,45,43,37,43,67,67,61
[ 25.527648] wil6210-aoa$0,1606461624.705877,04:d6:aa:c1:38:97,2,1,1,0,128,352,955,816,751,919,998,801,163,590,172,465,1014,855,41,159,530,930,973,348,873,755,31,766,23,654,133,113,217,798,862,715,538,51,94,87,91,66,76,49,51,77,67,63,39,48,45,80,51,73,60,52,53,33,45,35,44,64,41,38,35,40,62,61,57
[ 25.555153] wil6210-aoa$0,1606461624.733384,04:d6:aa:c1:38:97,2,1,1,0,128,267,912,745,727,421,838,454,449,154,393,16,228,239,839,727,421,342,763,395,908,716,19,698,22,203,358,113,234,384,39,802,632,51,98,87,90,68,79,50,54,78,73,67,41,49,47,86,53,76,64,57,56,33,47,39,45,69,44,42,37,44,66,68,63
[ 25.576582] wil6210-aoa$0,1606461624.754814,04:d6:aa:c1:38:97,2,1,1,0,128,331,975,739,775,946,32,914,260,630,203,129,263,775,20,242,634,952,1005,378,896,753,86,704,4,698,200,545,13,360,11,979,714,50,94,87,92,67,77,51,52,75,73,64,42,51,47,86,52,77,62,54,57,34,47,38,45,67,43,41,37,41,65,67,63
[ 25.606516] wil6210-aoa$0,1606461624.784743,04:d6:aa:c1:38:97,2,1,1,0,128,231,885,808,819,928,983,362,348,155,343,64,208,815,35,197,605,903,960,342,917,702,37,777,85,209,386,74,223,409,100,952,633,51,95,86,91,67,76,52,51,77,72,66,43,50,50,86,55,79,64,56,58,36,51,41,49,70,46,44,40,46,70,72,68
[ 25.634189] wil6210-aoa$0,1606461624.812417,04:d6:aa:c1:38:97,2,1,1,0,128,300,949,835,864,942,1016,431,462,115,390,84,213,865,80,195,578,969,997,342,893,749,49,787,50,203,365,147,246,398,80,277,1,51,95,85,91,69,78,52,54,78,73,67,40,51,49,88,54,78,63,59,58,34,48,39,49,68,42,44,37,43,67,68,66
[ 25.655798] wil6210-aoa$0,1606461624.834028,04:d6:aa:c1:38:97,2,1,1,0,128,755,714,234,585,957,4,824,125,220,374,4,174,297,832,685,377,316,744,846,697,717,12,764,55,179,285,144,245,789,819,381,258,52,95,85,91,67,78,54,53,78,73,67,44,52,51,87,54,80,64,57,58,36,51,42,50,71,49,45,43,48,70,73,69
[ 25.685461] wil6210-aoa$0,1606461624.863694,04:d6:aa:c1:38:97,2,1,1,0,128,781,745,795,732,370,789,939,219,222,405,64,216,876,61,687,444,915,956,367,903,682,1000,181,877,661,206,115,244,304,3,600,400,51,94,86,90,67,77,50,54,74,73,67,41,51,50,86,54,78,63,55,57,35,50,41,49,68,46,45,39,45,69,71,68
[ 25.709815] wil6210-aoa$0,1606461624.888044,04:d6:aa:c1:38:97,2,1,1,0,128,276,937,827,780,896,965,902,199,714,209,57,172,871,60,225,603,885,931,389,912,721,36,693,2,220,367,108,242,450,73,981,600,49,94,83,89,67,74,52,53,76,72,66,43,47,48,84,52,78,62,54,58,34,49,38,46,67,44,43,36,43,66,68,62
[ 25.738910] wil6210-aoa$0,1606461624.917136,04:d6:aa:c1:38:97,2,1,1,0,128,279,960,845,822,923,989,370,414,208,391,40,179,852,67,271,629,936,967,325,886,702,1017,178,835,690,179,142,225,319,1000,454,218,52,93,86,91,70,80,53,52,80,76,68,45,52,51,91,56,80,65,57,58,35,51,40,50,70,47,45,41,46,69,72,67
[ 25.765586] wil6210-aoa$0,1606461624.943817,04:d6:aa:c1:38:97,2,1,1,0,128,277,923,816,826,932,1001,442,465,159,373,65,230,842,33,293,611,930,981,409,911,677,1013,728,25,223,380,198,272,353,1008,977,664,52,94,84,91,68,77,52,53,78,74,64,43,52,50,87,53,79,62,57,56,34,51,40,48,68,46,45,38,44,70,73,67
[ 25.789426] wil6210-aoa$0,1606461624.967652,04:d6:aa:c1:38:97,2,1,1,0,128,770,736,223,610,966,3,404,398,151,341,545,19,271,895,604,339,973,976,383,895,734,21,663,982,253,328,600,54,362,1020,283,35,52,95,88,88,69,79,55,54,77,74,69,45,53,49,91,56,81,65,57,59,36,53,43,51,70,48,47,43,48,73,74,70
[ 25.819766] wil6210-aoa$0,1606461624.997994,04:d6:aa:c1:38:97,2,1,1,0,128,324,934,779,755,931,1017,386,355,134,313,33,125,879,68,211,555,944,1005,323,887,716,11,759,89,199,376,172,282,347,67,145,890,50,93,84,90,66,77,51,52,76,70,65,42,49,48,85,54,77,60,55,56,34,50,37,47,66,44,44,37,44,67,71,66
[ 25.842281] wil6210-aoa$0,1606461625.020513,04:d6:aa:c1:38:97,2,1,1,0,128,288,930,766,768,953,1008,406,402,157,372,13,199,814,88,174,556,934,977,351,896,705,50,715,27,211,367,133,240,417,67,257,5,50,94,88,91,66,77,53,50,76,70,64,41,50,48,84,52,77,63,54,56,34,49,39,46,67,44,41,36,43,67,66,63
[ 25.872346] wil6210-aoa$0,1606461625.050577,04:d6:aa:c1:38:97,2,1,1,0,128,747,736,218,544,351,773,944,225,126,374,47,175,842,37,199,577,894,901,402,932,741,58,714,12,198,359,627,42,345,35,884,659,52,95,87,92,69,78,52,51,75,69,66,39,50,47,84,52,77,63,55,57,34,49,38,48,66,43,43,38,44,66,67,65
[ 25.894066] wil6210-aoa$0,1606461625.072297,04:d6:aa:c1:38:97,2,1,1,0,128,264,939,748,747,913,1010,463,466,146,392,24,234,791,15,193,601,915,969,374,913,788,52,733,16,249,383,143,240,379,35,320,61,52,93,88,92,68,79,52,54,76,74,67,45,52,49,88,56,80,65,57,58,35,51,40,49,69,46,44,40,46,69,73,67
[ 25.923462] wil6210-aoa$0,1606461625.101690,04:d6:aa:c1:38:97,2,1,1,0,128,310,911,777,769,963,1010,509,459,167,414,1017,180,883,78,160,570,350,759,923,766,251,922,722,44,225,383,173,267,361,20,116,873,50,98,86,91,68,79,53,52,76,73,65,44,48,48,86,54,77,63,56,57,34,49,39,48,68,43,43,37,45,66,70,65
[ 25.947023] wil6210-aoa$0,1606461625.125255,04:d6:aa:c1:38:97,2,1,1,0,128,236,888,167,551,436,873,374,397,131,362,479,1016,299,884,198,568,929,947,394,907,746,26,730,42,234,369,54,200,853,887,301,128,50,95,86,90,66,74,53,52,75,70,66,44,52,49,87,54,79,63,56,58,33,50,40,49,69,47,43,40,46,68,72,64
[ 25.972170] wil6210-aoa$0,1606461625.150401,04:d6:aa:c1:38:97,2,1,1,0,128,321,938,228,578,968,23,306,332,141,323,35,196,295,899,213,602,876,971,335,871,789,74,682,54,191,356,564,36,362,32,788,526,52,93,86,91,68,78,52,52,75,71,66,40,50,46,85,55,77,63,55,57,33,48,40,47,67,42,41,37,42,65,68,63
[ 26.012342] wil6210-aoa$0,1606461625.190573,04:d6:aa:c1:38:97,2,1,1,0,128,291,905,818,795,942,981,420,376,181,407,134,262,815,39,234,617,840,961,426,964,656,1003,167,870,664,167,153,280,377,48,647,322,54,95,86,92,68,77,51,53,78,74,65,43,50,49,85,54,77,63,56,58,34,50,38,48,68,45,43,38,45,68,68,65
[ 26.040578] wil6210-aoa$0,1606461625.218809,04:d6:aa:c1:38:97,2,1,1,0,128,351,974,773,785,930,1010,399,363,202,417,86,229,836,47,241,614,345,774,341,915,734,44,728,12,208,360,101,248,356,39,579,320,51,96,88,92,70,80,53,53,76,73,65,43,51,49,86,54,79,65,54,58,34,51,40,49,72,48,45,40,46,69,74,69
[ 26.063359] wil6210-aoa$0,1606461625.241586,04:d6:aa:c1:38:97,2,1,1,0,128,274,937,703,747,907,995,851,200,169,395,100,274,795,66,280,653,929,1,295,829,725,16,750,20,237,397,110,223,835,900,818,575,58,109,99,105,78,86,58,60,87,81,74,48,55,53,95,60,87,69,62,66,36,55,44,52,76,47,46,40,47,73,72,68
[ 26.094642] wil6210-aoa$0,1606461625.272870,04:d6:aa:c1:38:97,2,1,1,0,128,318,965,776,799,933,991,349,357,612,147,463,1000,780,39,654,388,951,960,360,912,731,36,706,12,662,151,115,250,352,54,280,28,51,98,85,92,69,79,53,53,78,69,67,43,50,50,86,56,78,65,56,58,36,51,40,50,69,46,44,40,44,69,71,69
[ 26.122696] wil6210-aoa$0,1606461625.300928,04:d6:aa:c1:38:97,2,1,1,0,128,275,914,201,535,419,825,861,201,134,344,10,155,794,24,215,561,888,897,830,693,694,1020,743,46,144,288,143,258,318,2,1022,658,50,92,86,89,68,77,52,51,76,70,65,42,51,50,85,53,76,60,54,56,34,49,37,45,67,44,43,35,44,65,67,62
[ 26.145087] wil6210-aoa$0,1606461625.323320,04:d6:aa:c1:38:97,2,1,1,0,128,318,947,697,711,369,774,867,176,228,396,34,169,874,94,152,547,886,980,360,907,730,69,644,1009,218,375,561,38,426,85,594,379,51,94,83,88,66,74,52,52,76,69,66,42,49,46,83,52,76,61,54,55,31,46,36,46,66,42,41,35,43,64,66,61
[ 26.173415] wil6210-aoa$0,1606461625.351642,04:d6:aa:c1:38:97,2,1,1,0,128,289,970,752,780,896,1000,446,438,142,398,56,213,886,114,184,580,910,951,352,901,726,10,725,7,299,405,161,264,379,45,844,526,50,92,84,90,66,76,50,52,77,71,64,40,47,48,81,49,74,59,52,53,32,45,35,43,65,38,39,34,39,63,61,55
[ 26.198034] wil6210-aoa$0,1606461625.376269,04:d6:aa:c1:38:97,2,1,1,0,128,271,981,782,760,373,796,849,184,605,165,543,47,798,36,675,394,930,985,396,901,724,16,700,19,206,374,494,997,836,872,1013,831,53,93,85,89,70,78,55,51,78,74,67,43,52,50,90,53,79,63,58,57,35,51,41,48,70,47,45,40,47,71,77,71
[ 26.222945] wil6210-aoa$0,1606461625.401177,04:d6:aa:c1:38:97,2,1,1,0,128,338,950,690,753,977,1023,383,391,194,392,89,238,785,54,213,641,926,970,414,958,680,17,724,22,254,392,630,71,824,866,927,778,53,94,84,89,69,79,53,53,78,74,67,44,51,51,87,55,80,63,56,58,36,52,41,49,70,48,44,41,48,72,75,71
[ 26.262599] wil6210-aoa$0,1606461625.440831,04:d6:aa:c1:38:97,2,1,1,0,128,293,898,803,802,335,816,954,212,680,228,123,208,874,60,144,548,894,968,795,676,167,852,712,1015,258,380,110,232,462,59,471,120,51,95,86,91,67,76,52,53,77,72,64,38,47,47,83,53,75,62,52,55,32,45,36,42,65,40,40,34,40,62,62,57
[ 26.285150] wil6210-aoa$0,1606461625.463381,04:d6:aa:c1:38:97,2,1,1,0,128,242,895,730,730,431,825,895,198,564,133,543,6,293,860,623,373,313,724,364,927,162,855,129,844,728,177,591,55,461,103,66,824,53,95,86,91,70,80,51,54,78,72,65,41,51,49,86,54,78,64,57,56,35,49,40,49,69,44,43,39,42,68,68,64
[ 26.311241] wil6210-aoa$0,1606461625.489472,04:d6:aa:c1:38:97,2,1,1,0,128,294,927,715,729,900,982,853,167,664,193,546,33,275,901,223,613,875,941,381,898,159,821,720,38,195,350,165,273,366,49,423,116,52,93,87,91,69,81,55,53,79,73,68,45,54,48,89,53,81,63,57,59,36,52,40,50,71,47,45,39,47,70,73,70
[ 26.342778] wil6210-aoa$0,1606461625.521006,04:d6:aa:c1:38:97,2,1,1,0,128,286,930,745,774,940,1005,396,386,179,393,66,198,870,97,235,629,941,1013,367,931,693,21,734,20,264,432,129,237,378,68,253,987,50,96,87,93,69,77,53,53,77,75,66,42,51,48,89,54,79,63,56,58,33,48,38,49,68,44,44,37,46,68,67,63
[ 26.368697] wil6210-aoa$0,1606461625.546929,04:d6:aa:c1:38:97,2,1,1,0,128,255,916,834,793,920,995,435,410,210,386,15,176,879,98,196,623,915,986,359,925,712,41,737,26,171,326,185,293,380,60,328,84,50,96,86,92,65,75,52,52,75,72,63,39,49,48,82,53,76,61,53,53,32,48,36,44,66,41,41,34,40,63,64,58
[ 26.394329] wil6210-aoa$0,1606461625.572559,04:d6:aa:c1:38:97,2,1,1,0,128,758,732,188,540,423,842,409,393,138,337,16,167,240,857,204,541,854,913,380,905,721,23,707,33,238,387,87,198,327,1014,613,546,50,94,86,90,68,79,53,53,77,73,66,43,52,50,86,53,77,64,56,58,34,50,39,47,69,45,43,38,45,67,68,65
[ 26.424339] wil6210-aoa$0,1606461625.602567,04:d6:aa:c1:38:97,2,1,1,2,128,758,732,188,540,423,842,409,393,138,337,16,167,240,857,204,541,854,913,380,905,721,23,707,33,238,387,87,198,327,1014,613,546,50,96,86,92,65,75,52,52,75,72,63,39,49,48,82,53,76,61,53,53,32,48,36,44,66,41,41,34,40,63,64,58
[ 26.452706] wil6210-aoa$0,1606461625.630933,04:d6:aa:c1:38:97,2,1,1,0,128,732,706,312,576,454,804,463,406,169,358,28,197,809,38,158,518,864,924,857,670,192,872,719,35,173,323,75,197,876,899,338,147,50,95,85,90,68,76,53,52,73,70,63,37,48,46,81,49,75,61,52,53,33,46,36,42,67,41,38,34,41,62,62,58
[ 26.481803] wil6210-aoa$0,1606461625.660033,04:d6:aa:c1:38:97,2,1,1,0,128,283,936,709,748,914,968,877,208,212,374,52,184,771,13,150,559,874,951,365,915,764,39,686,1005,231,381,97,252,406,35,925,616,52,95,85,91,71,79,50,53,78,73,67,43,51,50,90,54,77,64,56,58,35,51,41,50,70,46,45,42,46,70,73,71
[ 26.510374] wil6210-aoa$0,1606461625.688603,04:d6:aa:c1:38:97,2,1,1,0,128,294,934,793,816,895,974,892,207,215,398,1008,190,835,51,217,570,924,945,774,692,211,882,722,1015,212,366,55,220,789,831,66,840,50,95,86,92,68,79,50,52,76,72,65,40,50,48,84,53,75,65,54,54,34,48,38,46,68,44,43,35,42,66,67,60
[ 26.539731] wil6210-aoa$0,1606461625.717960,04:d6:aa:c1:38:97,2,1,1,0,128,242,912,823,813,987,1018,461,460,153,385,57,175,875,85,217,606,302,745,892,767,699,9,711,33,194,347,68,172,364,14,233,920,51,95,86,92,70,78,52,55,78,73,67,41,50,48,86,53,77,62,54,57,34,47,40,48,67,44,43,39,42,65,67,63
[ 26.568281] wil6210-aoa$0,1606461625.746515,04:d6:aa:c1:38:97,2,1,1,0,128,293,942,757,772,940,994,371,418,178,360,15,189,265,873,281,661,971,955,379,907,761,58,754,45,141,300,145,278,360,43,263,1016,51,95,88,92,69,78,53,54,77,75,66,44,53,49,85,54,79,64,55,55,36,49,40,47,69,47,46,41,45,69,72,68
[ 26.591267] wil6210-aoa$0,1606461625.769496,04:d6:aa:c1:38:97,2,1,1,0,128,316,953,751,771,951,1000,912,213,159,374,36,207,848,81,223,618,914,1002,408,959,695,1023,762,58,200,400,191,277,396,53,671,371,48,94,86,90,67,74,51,51,75,71,66,40,49,47,83,52,76,60,54,55,33,47,37,45,65,42,42,36,41,62,66,60
[ 26.622883] wil6210-aoa$0,1606461625.801109,04:d6:aa:c1:38:97,2,1,1,0,128,307,899,844,832,953,14,892,198,159,392,47,207,827,37,231,607,890,940,813,696,760,17,745,1022,272,368,157,229,397,58,531,283,53,96,88,93,69,80,52,53,79,74,67,43,51,49,88,54,79,63,57,57,36,50,42,51,72,49,46,41,47,72,76,70
[ 26.652059] wil6210-aoa$0,1606461625.830285,04:d6:aa:c1:38:97,2,1,1,0,128,794,738,229,574,402,830,864,206,166,365,106,247,837,45,141,570,882,946,326,830,759,34,698,27,230,361,564,41,359,19,824,672,52,96,88,93,70,78,53,53,77,73,66,44,50,48,87,54,78,63,56,58,34,49,39,48,70,46,44,39,45,69,69,67
[ 26.681647] wil6210-aoa$0,1606461625.859876,04:d6:aa:c1:38:97,2,1,1,0,128,319,920,802,788,844,977,410,396,159,369,11,218,842,70,175,562,366,782,389,922,753,46,750,52,220,391,133,224,392,69,221,922,51,96,85,92,67,77,50,53,77,71,64,39,50,48,84,52,76,63,53,55,35,48,37,47,68,43,41,36,41,66,64,62
[ 26.710764] wil6210-aoa$0,1606461625.888991,04:d6:aa:c1:38:97,2,1,1,0,128,287,926,809,822,939,987,864,192,180,366,88,219,818,43,161,533,898,937,327,864,702,1006,758,8,245,374,81,207,398,39,297,25,50,94,89,92,67,77,52,52,77,71,64,40,51,49,85,54,77,64,53,56,34,48,38,45,68,41,41,36,42,63,63,60
[ 26.739448] wil6210-aoa$0,1606461625.917677,04:d6:aa:c1:38:97,2,1,1,0,128,264,953,747,784,925,987,385,377,229,403,86,203,832,53,197,593,910,964,367,882,763,55,753,46,211,347,113,252,372,12,708,438,49,95,87,92,68,76,53,52,74,70,66,40,50,47,86,53,77,63,56,56,35,51,39,47,70,47,44,38,46,70,72,67
[ 26.766292] wil6210-aoa$0,1606461625.944523,04:d6:aa:c1:38:97,2,1,1,0,128,228,927,816,792,376,826,867,233,143,360,55,218,339,894,207,577,380,755,392,906,724,36,693,1012,193,331,145,198,409,31,295,45,68,129,114,120,89,104,69,71,102,98,88,59,68,65,117,71,103,84,75,76,48,67,53,64,91,60,59,52,59,88,93,87
[ 26.793271] wil6210-aoa$0,1606461625.971500,04:d6:aa:c1:38:97,2,1,1,0,128,384,1007,784,798,957,1009,397,414,161,347,1021,167,814,26,172,549,930,947,437,954,728,23,743,61,240,386,91,213,332,58,572,342,67,120,113,123,90,104,70,69,104,96,88,54,68,62,113,71,102,84,75,73,44,63,49,60,88,56,55,49,54,87,87,79
[ 26.822091] wil6210-aoa$0,1606461626.000322,04:d6:aa:c1:38:97,2,1,1,0,128,235,906,789,813,992,1023,417,393,214,389,66,250,764,32,208,588,902,967,405,934,680,17,698,48,227,393,87,273,396,62,909,619,50,94,87,91,69,77,52,53,78,73,67,44,52,50,88,54,77,64,56,58,34,50,39,48,71,45,44,38,45,69,69,66
[ 26.845043] wil6210-aoa$0,1606461626.023275,04:d6:aa:c1:38:97,2,1,1,0,128,276,920,760,789,932,0,475,424,163,362,69,180,792,37,198,558,342,747,402,916,757,38,673,1022,159,315,546,42,313,9,636,410,50,91,86,89,67,78,53,52,76,73,65,42,51,50,86,54,79,62,53,57,35,50,39,48,67,46,43,39,45,70,71,68
[ 26.874073] wil6210-aoa$0,1606461626.052301,04:d6:aa:c1:38:97,2,1,1,0,128,298,924,706,762,944,8,429,421,117,350,31,199,253,873,636,385,918,975,377,926,721,30,720,37,184,383,95,192,879,859,633,486,49,95,84,91,67,77,50,51,75,70,63,38,49,47,82,51,74,62,54,54,32,48,38,45,66,44,44,35,42,65,66,60
[ 26.902807] wil6210-aoa$0,1606461626.081036,04:d6:aa:c1:38:97,2,1,1,0,128,262,898,802,786,926,997,840,158,673,174,531,23,831,78,82,508,992,983,392,928,725,12,719,8,640,146,102,233,396,48,592,327,52,98,87,91,67,79,51,51,76,72,65,41,50,47,84,50,74,61,53,54,32,47,38,46,66,43,43,37,41,64,68,61
[ 26.929065] wil6210-aoa$0,1606461626.107297,04:d6:aa:c1:38:97,2,1,1,0,128,293,929,802,818,934,7,378,400,146,340,91,198,844,67,178,568,366,765,897,762,746,60,745,50,281,370,144,278,389,71,250,21,51,94,86,91,69,81,52,52,76,71,66,43,52,48,86,54,76,64,56,57,35,48,39,47,69,43,43,38,41,65,68,61
[ 26.955058] wil6210-aoa$0,1606461626.133286,04:d6:aa:c1:38:97,2,1,1,0,128,265,911,798,801,948,1021,422,486,182,396,56,198,817,40,223,570,912,945,393,902,687,1021,735,32,226,356,132,250,325,37,273,27,49,95,85,91,66,75,50,52,74,70,66,39,50,48,83,54,78,61,56,56,32,46,38,46,67,43,42,37,41,63,65,61
[ 26.978964] wil6210-aoa$0,1606461626.157196,04:d6:aa:c1:38:97,2,1,1,0,128,261,940,808,825,901,1009,363,390,123,330,95,262,843,69,219,639,894,943,440,924,735,22,808,55,234,383,102,185,333,25,65,900,51,91,84,90,66,77,51,53,76,73,66,44,51,48,86,55,78,63,55,59,34,50,41,48,69,46,46,40,45,67,71,68
[ 27.010473] wil6210-aoa$0,1606461626.188700,04:d6:aa:c1:38:97,2,1,1,0,128,328,909,779,773,930,1006,398,404,181,406,27,214,851,62,272,653,937,985,406,962,760,70,690,2,216,363,97,215,379,10,614,351,51,96,88,91,70,78,53,53,76,72,68,44,50,50,87,54,78,63,54,56,35,49,40,46,68,47,44,38,45,68,71,66
[ 27.042880] wil6210-aoa$0,1606461626.221110,04:d6:aa:c1:38:97,2,1,1,0,128,722,706,171,527,422,851,877,168,702,187,99,220,897,81,153,559,358,746,347,887,228,905,643,995,236,325,111,210,405,39,138,999,51,94,86,90,66,77,53,52,75,73,64,39,50,48,85,54,77,63,55,55,34,49,39,46,67,42,42,35,43,66,65,59
[ 27.066033] wil6210-aoa$0,1606461626.244263,04:d6:aa:c1:38:97,2,1,1,0,128,232,896,754,762,945,9,412,414,170,423,58,213,843,58,179,580,329,777,796,712,89,794,211,904,227,377,113,232,412,85,312,989,47,94,83,89,66,76,52,51,76,70,65,40,48,48,83,51,76,63,54,57,33,49,39,46,68,45,43,37,44,66,67,63
[ 27.096082] wil6210-aoa$0,1606461626.274315,04:d6:aa:c1:38:97,2,1,1,0,128,319,957,839,783,934,9,406,379,184,435,42,195,872,53,164,574,906,970,386,895,683,1019,153,845,683,181,131,242,362,45,924,662,48,90,82,87,65,75,50,52,72,70,64,38,47,46,81,51,75,60,51,54,33,45,35,45,64,40,40,35,38,63,63,56
[ 27.121993] wil6210-aoa$0,1606461626.300221,04:d6:aa:c1:38:97,2,1,1,0,128,271,904,812,805,895,985,372,395,106,337,55,226,830,48,232,593,907,946,372,904,760,28,794,40,227,411,69,243,348,51,334,66,50,93,84,90,66,77,52,52,76,71,64,43,50,49,85,53,76,62,53,55,34,48,38,48,68,45,43,37,44,66,68,64
[ 27.151222] wil6210-aoa$0,1606461626.329447,04:d6:aa:c1:38:97,2,1,1,0,128,313,924,757,792,951,1018,420,448,135,373,63,196,874,156,151,546,890,925,811,698,158,885,728,29,274,432,93,218,347,1,142,941,50,89,82,88,66,74,52,51,75,71,65,42,49,49,85,53,77,61,54,56,34,50,39,47,67,46,43,37,44,68,69,66
[ 27.180576] wil6210-aoa$0,1606461626.358802,04:d6:aa:c1:38:97,2,1,1,0,128,313,931,775,754,354,809,418,397,116,321,57,216,253,824,656,368,360,782,822,706,737,69,666,1002,216,401,54,198,839,880,66,905,54,103,92,98,75,85,57,58,83,78,72,46,55,54,91,58,83,68,58,62,38,50,43,51,71,46,46,39,45,69,67,63
[ 27.210116] wil6210-aoa$0,1606461626.388343,04:d6:aa:c1:38:97,2,1,1,0,128,757,711,248,578,361,793,386,363,207,364,9,177,241,875,232,612,918,966,316,853,97,794,229,859,635,157,590,58,865,878,280,44,56,106,95,98,77,86,57,59,85,81,74,46,58,56,98,61,89,71,62,65,39,57,45,55,75,51,49,43,51,77,78,76
[ 27.238835] wil6210-aoa$0,1606461626.417066,04:d6:aa:c1:38:97,2,1,1,0,128,726,725,835,818,889,965,404,388,148,371,101,237,790,12,216,575,952,973,337,894,705,64,644,990,669,173,128,270,332,22,704,438,50,90,81,87,66,75,49,51,73,69,62,39,46,45,80,49,73,60,51,53,30,46,34,42,63,40,37,33,38,60,60,57
[ 27.263300] wil6210-aoa$0,1606461626.441530,04:d6:aa:c1:38:97,2,1,1,0,128,288,914,775,781,925,1013,374,410,132,358,1009,185,788,57,224,608,921,971,400,920,196,897,234,904,633,175,588,11,385,34,958,690,48,86,83,88,64,75,50,51,73,68,64,41,48,46,80,52,73,62,52,53,33,47,38,44,66,43,42,35,42,64,66,59
[ 27.294607] wil6210-aoa$0,1606461626.472834,04:d6:aa:c1:38:97,2,1,1,0,128,272,916,744,740,386,823,863,167,189,393,51,220,872,55,248,634,895,989,343,896,739,61,735,1015,246,356,196,262,367,47,238,952,50,92,84,87,66,75,51,52,74,70,64,43,53,48,87,54,76,61,54,55,34,49,39,48,69,47,43,37,45,68,71,66
[ 27.324081] wil6210-aoa$0,1606461626.502308,04:d6:aa:c1:38:97,2,1,1,0,128,271,896,775,801,925,991,422,396,100,312,61,180,833,46,175,557,816,908,832,705,140,837,168,863,675,157,77,181,389,47,299,63,58,104,95,100,75,86,58,58,87,79,74,46,56,53,94,61,86,70,60,64,39,55,45,53,78,51,47,44,48,75,77,71
[ 27.353946] wil6210-aoa$0,1606461626.532173,04:d6:aa:c1:38:97,2,1,1,0,128,243,921,810,806,944,1009,375,409,144,400,67,199,793,30,218,630,894,990,349,941,159,910,714,23,667,160,179,266,342,20,735,450,49,92,83,85,66,76,49,51,75,70,62,40,49,46,81,50,72,59,54,54,32,48,37,45,68,44,42,36,44,65,67,63
[ 27.382478] wil6210-aoa$0,1606461626.560710,04:d6:aa:c1:38:97,2,1,1,0,128,278,943,775,801,907,997,350,296,187,390,54,200,770,36,202,566,958,988,408,923,707,31,735,27,229,361,168,265,417,87,320,37,51,90,84,88,66,77,51,52,75,71,65,42,50,48,85,53,75,62,55,54,33,49,40,47,68,45,45,37,44,67,68,63
[ 27.405613] wil6210-aoa$0,1606461626.583844,04:d6:aa:c1:38:97,2,1,1,0,128,245,895,809,818,968,998,429,426,179,379,61,197,779,22,188,571,868,922,420,940,147,891,738,33,215,386,98,238,383,109,424,113,51,90,82,86,65,76,50,51,74,71,63,41,51,49,83,53,77,62,55,56,33,49,37,46,68,44,42,36,44,65,69,63
[ 27.435695] wil6210-aoa$0,1606461626.613923,04:d6:aa:c1:38:97,2,1,1,0,128,288,930,754,741,959,1,365,410,654,209,563,41,273,889,166,566,941,962,379,891,204,896,693,994,226,402,81,180,399,44,436,149,49,94,84,88,66,75,50,51,76,71,65,42,48,48,84,52,77,63,55,56,35,51,38,47,66,44,42,38,44,68,67,63
[ 27.459240] wil6210-aoa$0,1606461626.637466,04:d6:aa:c1:38:97,2,1,1,0,128,294,916,755,751,968,1012,352,401,211,387,12,168,852,66,191,576,926,1020,360,901,693,1021,722,12,678,155,635,41,349,1023,375,130,49,92,82,87,66,75,50,51,75,69,64,41,47,46,84,53,76,60,53,56,34,47,38,45,67,44,42,36,43,67,68,63
[ 27.489544] wil6210-aoa$0,1606461626.667776,04:d6:aa:c1:38:97,2,1,1,0,128,339,955,757,796,945,1008,931,252,189,398,63,212,904,120,113,519,857,886,847,718,173,838,697,966,216,310,50,197,359,8,18,802,49,89,83,88,66,74,50,50,73,70,62,39,48,46,80,50,74,61,51,54,32,47,36,44,65,42,39,36,41,63,63,59
[ 27.517299] wil6210-aoa$0,1606461626.695527,04:d6:aa:c1:38:97,2,1,1,0,128,816,783,759,773,988,4,414,397,150,382,96,166,818,15,218,556,914,948,841,660,279,902,765,33,155,372,141,223,350,61,591,311,55,100,95,100,73,86,58,58,84,82,71,46,57,53,95,59,85,70,60,63,39,55,44,53,75,50,49,42,49,74,75,70
[ 27.540746] wil6210-aoa$0,1606461626.718973,04:d6:aa:c1:38:97,2,1,1,0,128,750,738,246,574,952,998,874,170,118,349,92,223,829,25,195,574,892,942,388,900,657,1009,738,25,224,388,76,208,753,849,215,24,65,122,112,115,87,99,68,69,98,93,83,51,63,60,106,64,99,79,68,71,41,61,48,59,84,51,54,46,51,82,80,75
[ 27.573594] wil6210-aoa$0,1606461626.751820,04:d6:aa:c1:38:97,2,1,1,0,128,272,923,788,792,900,990,352,389,138,336,37,201,807,28,235,617,859,936,362,885,771,66,731,1009,297,433,137,241,392,77,855,579,49,93,81,87,67,75,51,52,72,70,63,39,49,48,85,52,74,60,54,55,32,48,39,47,68,43,42,38,44,67,68,62
[ 27.603734] wil6210-aoa$0,1606461626.781960,04:d6:aa:c1:38:97,2,1,1,0,128,285,926,795,798,915,1000,816,155,663,159,528,2,300,897,162,524,942,958,360,922,721,20,702,1015,258,385,103,198,372,66,961,676,48,90,82,88,66,76,49,50,75,70,62,41,50,47,82,52,76,61,52,54,32,46,38,45,66,42,41,37,42,65,67,65
[ 27.634273] wil6210-aoa$0,1606461626.812500,04:d6:aa:c1:38:97,2,1,1,0,128,333,959,734,729,913,988,425,404,127,362,40,169,747,8,171,522,901,953,356,885,232,908,122,828,212,370,72,220,332,3,39,886,49,91,81,85,65,73,48,50,73,68,62,40,48,45,80,50,73,60,52,53,31,45,36,44,62,41,40,36,40,62,64,60
[ 27.663902] wil6210-aoa$0,1606461626.842131,04:d6:aa:c1:38:97,2,1,1,0,128,788,731,860,798,903,967,409,402,145,363,489,15,295,867,177,539,925,971,844,749,731,33,777,56,179,358,92,169,426,44,11,888,47,90,82,86,66,73,50,51,72,69,64,40,49,46,84,52,75,59,52,54,31,49,40,47,69,46,43,38,45,67,67,66
[ 27.693777] wil6210-aoa$0,1606461626.872004,04:d6:aa:c1:38:97,2,1,1,0,128,252,879,836,790,399,824,910,216,654,152,44,153,829,41,218,597,864,939,389,877,693,1006,701,977,720,197,122,245,377,26,626,284,58,103,91,96,76,85,60,59,86,82,73,49,58,55,98,61,87,70,63,65,39,58,47,56,78,54,52,46,52,79,81,77
[ 27.721006] wil6210-aoa$0,1606461626.899237,04:d6:aa:c1:38:97,2,1,1,0,128,300,917,241,624,951,2,437,438,132,358,57,233,842,53,243,608,867,927,862,732,129,811,254,920,229,360,139,224,361,17,934,751,48,89,81,84,64,74,49,50,73,68,63,41,48,48,85,51,73,61,53,53,34,48,38,45,68,46,43,39,44,67,70,65
[ 27.749871] wil6210-aoa$0,1606461626.928101,04:d6:aa:c1:38:97,2,1,1,0,128,312,922,760,754,896,961,356,362,187,336,39,186,826,34,173,570,861,947,408,927,667,979,742,51,310,434,80,234,373,72,21,758,69,116,113,116,89,101,68,66,99,95,85,57,70,64,111,68,99,82,73,72,45,65,53,61,89,60,58,50,58,88,92,82
[ 27.773891] wil6210-aoa$0,1606461626.952123,04:d6:aa:c1:38:97,2,1,1,0,128,311,962,777,799,949,992,387,416,130,355,1020,139,221,845,209,553,873,894,379,894,194,861,790,39,698,156,631,52,392,59,847,638,58,108,96,101,78,88,58,58,88,83,75,49,57,56,97,59,87,72,61,63,40,56,47,53,77,50,50,44,50,77,79,73
[ 27.803363] wil6210-aoa$0,1606461626.981593,04:d6:aa:c1:38:97,2,1,1,0,128,311,958,195,527,953,1009,864,176,144,372,489,1004,907,106,134,563,396,818,823,695,161,870,149,821,687,183,155,227,353,34,144,988,48,90,83,86,64,74,48,50,72,67,61,36,47,45,80,50,72,59,52,53,29,44,35,41,60,40,38,33,38,59,63,56
[ 27.833447] wil6210-aoa$0,1606461627.011678,04:d6:aa:c1:38:97,2,1,1,0,128,251,909,758,751,917,976,405,410,95,336,41,172,806,38,233,592,887,937,402,944,665,1012,678,14,163,333,141,232,385,57,652,403,50,89,83,87,67,77,52,52,76,71,64,41,51,48,85,52,78,63,53,56,34,48,39,47,69,45,43,39,44,66,68,65
[ 27.859471] wil6210-aoa$0,1606461627.037703,04:d6:aa:c1:38:97,2,1,1,0,128,709,693,285,596,363,803,422,400,165,379,45,191,270,887,687,391,359,801,849,679,171,864,677,990,655,163,541,1022,803,848,270,12,48,91,82,86,63,72,47,49,72,67,63,39,48,45,84,52,73,61,51,54,32,45,37,44,64,40,38,35,38,59,59,58
[ 27.888147] wil6210-aoa$0,1606461627.066374,04:d6:aa:c1:38:97,2,1,1,0,128,324,962,812,807,990,1008,401,402,181,367,81,199,823,52,182,563,913,974,368,883,792,73,735,63,228,382,86,194,378,25,136,938,49,92,84,89,67,76,52,52,75,69,65,41,50,47,84,53,77,63,56,56,34,49,40,48,67,46,44,38,44,67,70,66
[ 27.912373] wil6210-aoa$0,1606461627.090599,04:d6:aa:c1:38:97,2,1,1,0,128,691,712,823,843,982,1015,456,432,213,383,112,226,846,64,247,578,924,938,871,709,157,822,165,805,718,169,93,242,342,9,30,719,51,91,82,88,67,77,51,50,76,71,66,44,49,49,86,54,78,61,55,56,33,49,39,46,68,45,45,39,45,67,71,66
[ 27.945142] wil6210-aoa$0,1606461627.123371,04:d6:aa:c1:38:97,2,1,1,0,128,260,925,236,573,460,881,838,128,236,394,112,234,794,34,267,651,898,961,386,919,156,876,723,25,661,157,573,55,861,850,435,270,49,94,85,90,66,73,49,53,75,69,63,39,49,43,81,51,73,61,53,53,33,46,37,46,65,44,40,35,41,65,65,58
[ 27.970578] wil6210-aoa$0,1606461627.148810,04:d6:aa:c1:38:97,2,1,1,0,128,256,916,788,808,901,992,393,404,115,335,548,38,825,14,656,404,927,981,392,979,734,55,710,37,242,405,150,263,418,61,676,407,48,94,83,88,66,75,50,51,74,69,63,37,46,46,82,52,74,61,52,55,32,47,38,44,66,41,41,35,40,64,65,57
[ 28.001643] wil6210-aoa$0,1606461627.179872,04:d6:aa:c1:38:97,2,1,1,0,128,246,928,762,773,891,940,446,465,145,356,66,192,229,832,687,398,354,790,416,966,698,39,760,74,182,348,577,45,793,869,416,215,50,92,84,89,66,77,52,52,73,72,65,41,50,47,85,52,77,62,54,56,32,48,38,47,66,44,43,39,43,66,68,64
[ 28.032521] wil6210-aoa$0,1606461627.210750,04:d6:aa:c1:38:97,2,1,1,0,128,308,914,808,781,991,1014,432,435,129,372,1001,144,257,888,634,350,958,975,322,877,175,851,184,865,201,387,81,198,787,843,700,487,52,94,87,92,68,79,50,53,76,71,65,41,50,49,86,51,75,61,55,55,32,47,39,48,66,42,43,36,41,65,68,62
[ 28.057110] wil6210-aoa$0,1606461627.235339,04:d6:aa:c1:38:97,2,1,1,0,128,302,943,721,740,935,1000,926,228,213,372,4,156,874,35,240,606,931,943,397,902,798,87,709,15,217,355,141,243,346,49,768,476,52,93,82,88,67,76,52,53,76,72,65,42,52,50,85,54,79,62,54,57,34,50,39,49,70,45,44,40,45,69,69,66
[ 28.084402] wil6210-aoa$0,1606461627.262630,04:d6:aa:c1:38:97,2,1,1,0,128,350,950,789,767,381,819,372,383,682,201,61,195,277,864,667,379,903,975,809,698,266,906,134,826,742,203,578,54,393,46,408,188,51,91,85,90,69,79,54,53,77,74,66,43,51,50,89,55,79,64,56,59,35,52,41,50,71,49,46,41,48,71,73,69
[ 28.115464] wil6210-aoa$0,1606461627.293693,04:d6:aa:c1:38:97,2,1,1,0,128,358,941,782,741,414,811,439,414,188,342,44,173,854,96,154,556,867,945,339,925,744,55,736,25,237,404,60,192,885,888,299,171,50,96,85,90,68,75,52,51,75,72,64,41,48,47,83,50,76,61,54,57,33,50,39,48,69,45,43,39,43,67,68,65
[ 28.144796] wil6210-aoa$0,1606461627.323028,04:d6:aa:c1:38:97,2,1,1,0,128,259,895,863,812,944,1000,410,387,609,122,84,217,840,40,232,583,902,930,325,922,721,20,751,12,290,454,129,274,376,59,73,800,50,95,84,89,66,76,50,51,76,72,66,42,50,48,83,53,75,61,53,56,33,48,39,44,65,43,43,34,42,67,66,59
[ 28.168584] wil6210-aoa$0,1606461627.346817,04:d6:aa:c1:38:97,2,1,1,0,128,274,924,722,726,372,837,842,183,666,187,529,15,779,34,194,595,955,942,324,879,699,4,757,49,157,320,575,41,341,1019,862,697,49,92,83,88,66,76,51,51,76,70,65,42,51,49,85,52,74,62,55,55,34,49,40,48,65,46,44,38,44,68,68,66
[ 28.199169] wil6210-aoa$0,1606461627.377402,04:d6:aa:c1:38:97,2,1,1,0,128,253,903,818,781,938,973,925,226,621,135,517,1013,263,870,677,339,322,715,928,732,235,869,166,861,180,347,67,178,366,30,631,459,49,92,83,88,67,77,52,51,76,71,65,42,48,47,84,52,77,61,54,55,33,47,39,47,64,43,41,37,42,66,66,64
[ 28.224527] wil6210-aoa$0,1606461627.402756,04:d6:aa:c1:38:97,2,1,1,0,128,304,936,847,815,906,989,410,392,121,312,77,216,798,24,189,567,366,762,396,906,203,897,721,1000,686,181,91,222,419,49,629,379,50,93,84,88,68,77,51,51,76,72,65,42,50,49,87,52,77,63,56,57,35,49,38,45,67,44,42,38,43,65,67,65
[ 28.256335] wil6210-aoa$0,1606461627.434565,04:d6:aa:c1:38:97,2,1,1,0,128,183,895,785,794,895,974,346,328,217,408,88,235,290,888,232,578,913,969,360,908,753,29,732,1021,227,372,101,266,370,40,443,138,60,106,98,102,79,91,62,60,89,83,78,51,61,56,101,65,90,73,65,66,42,59,46,56,78,55,52,47,52,79,79,76
[ 28.286113] wil6210-aoa$0,1606461627.464345,04:d6:aa:c1:38:97,2,1,1,0,128,251,889,804,780,974,1013,361,366,161,361,499,1013,834,39,188,560,901,966,353,944,737,37,686,1008,243,415,120,262,348,31,316,113,51,95,83,89,67,75,50,53,76,70,64,42,49,48,87,54,77,63,55,58,34,48,39,50,69,45,44,39,44,66,69,65
[ 28.313838] wil6210-aoa$0,1606461627.492066,04:d6:aa:c1:38:97,2,1,1,0,128,340,947,688,738,980,2,405,375,163,352,444,999,870,50,199,541,941,990,327,835,730,10,710,1004,208,344,92,201,369,12,662,415,51,92,85,90,66,74,50,52,76,71,63,42,51,48,84,54,76,60,54,54,33,49,37,45,66,45,41,37,44,67,64,60
[ 28.344811] wil6210-aoa$0,1606461627.523042,04:d6:aa:c1:38:97,2,1,1,0,128,741,737,798,774,924,963,379,380,246,432,980,151,248,886,656,405,303,735,910,719,194,884,716,12,720,171,139,249,861,877,987,890,49,95,85,90,68,76,51,52,75,71,65,43,53,50,87,54,79,63,55,58,34,48,37,48,69,46,43,40,45,70,69,66
[ 28.374093] wil6210-aoa$0,1606461627.552320,04:d6:aa:c1:38:97,2,1,1,0,128,293,947,749,808,979,1007,394,401,233,426,91,203,831,50,188,571,974,977,387,900,753,27,695,9,269,374,84,187,401,63,209,1000,53,95,85,90,67,77,51,51,76,72,67,43,50,49,84,54,75,61,54,55,34,49,39,47,68,45,41,37,43,67,69,64
[ 28.404771] wil6210-aoa$0,1606461627.582999,04:d6:aa:c1:38:97,2,1,1,0,128,783,723,775,746,434,825,397,383,174,373,52,181,810,59,180,586,373,779,851,749,191,895,700,9,315,424,118,223,343,44,67,850,50,93,84,88,66,77,49,51,75,69,65,42,50,47,83,53,78,60,53,56,33,49,39,46,67,45,42,38,44,66,68,63
[ 28.435342] wil6210-aoa$0,1606461627.613569,04:d6:aa:c1:38:97,2,1,1,0,128,316,945,766,766,918,1007,403,366,209,399,44,186,836,102,216,634,942,1011,379,957,759,41,752,35,700,186,569,43,848,879,55,803,49,91,82,87,64,75,49,51,75,70,64,41,49,47,84,52,74,58,51,55,33,47,38,46,67,42,41,35,42,63,65,61
[ 28.466242] wil6210-aoa$0,1606461627.644472,04:d6:aa:c1:38:97,2,1,1,0,128,322,969,783,798,372,834,422,420,147,336,97,259,858,82,184,549,975,1014,401,923,750,20,732,42,195,347,140,244,429,49,143,845,47,90,82,87,63,73,49,51,71,67,62,40,47,46,80,50,73,58,51,51,32,44,36,44,64,39,38,35,40,60,63,57
[ 28.495797] wil6210-aoa$0,1606461627.674029,04:d6:aa:c1:38:97,2,1,1,0,128,282,922,766,772,978,24,376,363,179,383,44,175,189,836,209,558,922,973,374,884,772,14,753,28,226,373,120,248,314,35,198,1005,49,88,83,87,66,76,50,50,74,69,66,43,51,49,86,54,76,61,54,56,33,51,41,49,68,46,45,39,46,71,73,69
[ 28.522951] wil6210-aoa$0,1606461627.701180,04:d6:aa:c1:38:97,2,1,1,0,128,260,908,778,762,928,1012,425,396,240,415,1014,185,854,61,273,623,895,955,331,901,714,1019,135,829,690,186,624,108,349,50,899,676,66,121,109,115,89,102,69,68,100,95,86,56,67,65,115,72,102,82,75,75,47,69,55,66,92,63,61,55,61,91,97,90
[ 28.554994] wil6210-aoa$0,1606461627.733223,04:d6:aa:c1:38:97,2,1,1,0,128,295,958,224,608,981,23,402,366,209,374,31,188,835,79,205,592,888,977,282,866,155,832,172,820,691,145,25,153,408,27,99,939,50,89,82,86,65,74,52,50,72,72,62,41,50,47,84,51,76,57,54,57,34,48,38,47,68,44,43,39,43,66,72,67
[ 28.585812] wil6210-aoa$0,1606461627.764040,04:d6:aa:c1:38:97,2,1,1,0,128,269,921,723,773,942,1020,494,462,155,371,87,200,842,27,711,399,857,907,839,727,170,845,747,52,224,356,149,238,394,55,543,255,49,90,81,86,63,72,50,50,72,69,63,40,50,48,83,51,75,61,52,54,33,48,37,48,68,46,43,38,44,67,70,67
[ 28.611471] wil6210-aoa$0,1606461627.789704,04:d6:aa:c1:38:97,2,1,1,0,128,349,959,186,575,453,847,903,194,610,149,48,187,880,47,220,587,926,987,358,917,795,73,778,74,230,401,106,262,382,70,871,636,49,88,82,87,63,72,49,49,72,68,61,40,49,47,81,50,72,59,51,54,33,48,37,46,66,43,42,38,43,66,67,63
[ 28.636174] wil6210-aoa$0,1606461627.814406,04:d6:aa:c1:38:97,2,1,1,0,128,239,882,834,813,919,984,940,220,146,366,94,231,830,75,212,611,849,959,339,875,736,5,801,79,209,370,169,213,377,55,616,440,66,120,111,115,87,100,66,69,100,95,86,53,65,64,111,70,99,85,71,74,46,64,51,64,91,62,57,52,59,87,92,85
[ 28.663858] wil6210-aoa$0,1606461627.842084,04:d6:aa:c1:38:97,2,1,1,0,128,741,726,761,772,940,992,889,195,177,355,73,193,864,73,157,518,311,747,337,874,767,40,667,991,177,343,78,187,390,38,730,546,47,90,83,87,65,72,47,51,72,65,63,39,48,44,82,50,74,59,50,52,33,46,37,44,65,42,40,34,40,62,65,59
[ 28.695343] wil6210-aoa$0,1606461627.873571,04:d6:aa:c1:38:97,2,1,1,0,128,324,952,781,783,925,1018,871,217,187,393,31,221,822,47,232,628,883,966,372,945,710,12,686,1001,696,196,101,223,402,58,623,287,49,92,82,87,66,74,50,51,72,68,64,41,48,46,83,50,73,60,52,52,33,47,36,45,64,43,40,35,41,64,64,61
[ 28.720372] wil6210-aoa$0,1606461627.898601,04:d6:aa:c1:38:97,2,1,1,0,128,324,941,776,749,938,993,434,433,193,384,13,167,784,24,594,339,353,787,890,748,735,24,767,71,149,315,639,68,355,31,580,425,49,91,83,87,66,74,51,51,76,71,64,41,49,47,84,51,73,60,54,55,31,47,38,46,69,44,43,38,43,67,70,66
[ 28.749397] wil6210-aoa$0,1606461627.927629,04:d6:aa:c1:38:97,2,1,1,0,128,772,728,247,568,401,805,868,184,621,157,560,10,764,14,585,360,343,753,813,660,197,825,713,1022,233,367,104,182,859,867,117,910,51,90,83,87,68,77,49,50,74,71,64,41,50,46,82,53,77,61,53,55,33,49,39,47,66,44,41,37,43,67,69,64
[ 28.783700] wil6210-aoa$0,1606461627.961932,04:d6:aa:c1:38:97,2,1,1,0,128,276,894,814,782,965,1016,390,387,116,329,46,194,867,58,196,566,862,936,345,856,136,805,189,839,246,354,155,243,332,47,156,879,51,92,83,87,66,78,52,52,77,75,65,42,52,50,87,54,76,62,56,58,35,52,40,50,69,47,45,41,46,70,74,72
[ 28.811024] wil6210-aoa$0,1606461627.989252,04:d6:aa:c1:38:97,2,1,1,0,128,263,904,800,816,874,949,421,359,170,344,21,179,903,85,200,559,926,944,429,904,752,45,800,73,228,373,134,241,317,34,560,309,49,84,81,85,65,74,50,49,74,70,63,41,47,45,84,50,75,61,52,55,33,47,36,45,65,42,40,37,42,65,65,62
[ 28.842603] wil6210-aoa$0,1606461628.020835,04:d6:aa:c1:38:97,2,1,1,0,128,302,918,803,766,940,1,375,380,195,389,12,184,833,32,239,566,956,1008,800,701,225,896,152,843,195,355,162,238,366,25,142,868,47,89,81,86,64,73,48,50,72,68,58,37,45,43,78,49,70,58,49,50,32,46,37,43,64,41,40,34,38,61,65,61
[ 28.867407] wil6210-aoa$0,1606461628.045639,04:d6:aa:c1:38:97,2,1,1,0,128,305,939,806,874,964,2,393,414,102,340,84,212,810,39,227,611,879,934,447,908,759,61,746,32,227,413,114,255,373,60,897,595,58,101,91,97,75,87,58,59,84,82,73,50,56,55,100,62,87,69,62,65,41,56,46,55,80,54,51,45,51,80,80,77
[ 28.895836] wil6210-aoa$0,1606461628.074064,04:d6:aa:c1:38:97,2,1,1,0,128,289,925,702,732,897,9,372,340,135,362,21,180,825,36,213,547,942,971,461,990,658,13,756,45,187,338,591,47,381,32,1023,821,49,91,80,84,64,71,49,51,72,70,61,41,47,45,79,50,74,59,53,54,33,47,37,45,67,43,42,37,44,67,68,67
[ 28.927297] wil6210-aoa$0,1606461628.105528,04:d6:aa:c1:38:97,2,1,1,0,128,682,694,834,764,345,801,882,236,166,399,111,215,772,987,253,590,900,949,397,907,781,74,758,46,179,354,136,217,402,60,388,72,47,89,82,87,65,74,49,50,73,69,61,38,49,45,82,51,73,58,53,53,32,45,38,46,66,44,40,37,42,66,69,64
[ 28.953699] wil6210-aoa$0,1606461628.131926,04:d6:aa:c1:38:97,2,1,1,0,128,317,974,793,808,916,1005,362,382,623,186,44,169,811,8,142,562,377,777,827,681,193,869,172,860,669,154,117,199,858,868,900,733,49,88,80,83,66,75,51,49,74,69,64,42,49,46,87,53,76,59,53,56,35,50,39,48,67,46,45,39,45,68,70,68
[ 28.986066] wil6210-aoa$0,1606461628.164295,04:d6:aa:c1:38:97,2,1,1,0,128,354,959,864,801,923,989,459,421,123,345,8,161,220,860,679,423,801,874,373,883,145,838,183,837,222,369,69,192,402,78,552,378,65,122,111,116,89,102,67,68,97,91,82,51,64,60,105,67,95,78,68,69,42,60,48,58,85,53,53,47,53,79,80,77
[ 29.015855] wil6210-aoa$0,1606461628.194086,04:d6:aa:c1:38:97,2,1,1,0,128,238,906,870,824,835,944,386,387,153,335,89,214,817,8,711,416,941,994,414,974,711,6,718,11,249,418,116,266,319,37,158,932,64,117,108,115,86,98,68,68,99,93,83,53,64,60,111,69,95,79,69,73,43,63,51,61,87,57,57,48,58,87,88,83
[ 29.043878] wil6210-aoa$0,1606461628.222106,04:d6:aa:c1:38:97,2,1,1,0,128,255,907,849,846,898,992,465,400,617,131,527,18,298,889,659,389,873,915,385,917,771,53,754,32,249,334,159,276,403,58,70,776,67,118,108,114,86,100,66,69,98,92,87,54,67,63,113,72,101,82,70,74,46,66,53,65,90,61,58,53,59,88,90,87
[ 29.069504] wil6210-aoa$0,1606461628.247732,04:d6:aa:c1:38:97,2,1,1,0,128,211,891,805,770,900,973,414,408,163,388,24,210,289,930,235,606,836,961,364,932,762,75,761,41,156,372,129,258,397,31,227,1023,54,102,93,98,73,84,55,57,84,78,71,45,53,51,93,59,80,66,59,58,35,52,40,50,71,45,45,41,45,70,73,68
[ 29.094856] wil6210-aoa$0,1606461628.273086,04:d6:aa:c1:38:97,2,1,1,0,128,782,732,237,565,371,798,930,207,142,364,55,166,877,130,157,558,889,960,414,942,705,36,699,1019,736,219,172,264,376,84,311,0,67,121,112,118,87,100,67,68,97,92,86,54,67,64,112,70,101,79,72,74,44,65,51,60,84,59,55,49,58,86,87,81
[ 29.124909] wil6210-aoa$0,1606461628.303136,04:d6:aa:c1:38:97,2,1,1,0,128,288,904,827,770,977,25,377,421,135,341,91,213,803,30,113,537,941,985,391,915,754,79,713,62,253,400,73,220,386,65,773,494,58,103,95,100,77,87,58,59,85,79,73,49,57,55,98,60,89,71,60,65,39,56,45,55,78,53,49,44,51,77,78,72
[ 29.151619] wil6210-aoa$0,1606461628.329848,04:d6:aa:c1:38:97,2,1,1,0,128,294,993,789,772,970,1007,466,410,216,413,39,177,823,35,211,604,890,923,380,902,758,7,151,823,215,380,136,257,429,73,704,313,51,90,83,88,64,75,50,50,74,70,64,41,49,47,84,52,73,61,54,54,35,48,37,47,67,43,41,38,42,64,67,64
[ 29.180988] wil6210-aoa$0,1606461628.359219,04:d6:aa:c1:38:97,2,1,1,0,128,309,947,762,787,954,994,435,422,160,382,15,158,288,888,199,545,947,980,818,728,148,837,753,64,235,356,93,198,368,21,729,509,49,93,84,89,65,75,49,50,74,69,64,41,49,47,83,52,75,62,51,53,33,45,36,45,65,41,40,36,43,64,69,64
[ 29.210755] wil6210-aoa$0,1606461628.388984,04:d6:aa:c1:38:97,2,1,1,0,128,287,962,771,804,922,994,458,447,147,370,1,158,882,117,197,595,959,998,357,939,727,68,829,124,227,390,131,285,311,48,136,827,67,122,111,115,89,101,68,67,101,93,86,55,68,64,114,71,102,85,72,75,46,65,52,66,89,58,57,52,59,87,93,85
[ 29.236329] wil6210-aoa$0,1606461628.414560,04:d6:aa:c1:38:97,2,1,1,0,128,688,686,209,546,898,967,403,386,164,382,32,199,838,49,644,365,903,957,359,920,703,16,735,53,209,354,155,288,287,43,101,950,67,120,109,119,88,102,67,65,99,94,86,54,67,63,112,71,99,83,71,72,46,65,51,62,89,59,58,49,55,88,90,83
[ 29.263992] wil6210-aoa$0,1606461628.442219,04:d6:aa:c1:38:97,2,1,1,0,128,238,853,245,562,480,868,455,425,226,437,93,200,846,16,180,543,943,991,356,936,776,66,722,29,287,425,104,284,354,30,419,194,68,120,111,113,88,101,68,69,97,93,85,56,67,63,114,70,101,82,71,73,47,67,51,65,92,62,58,50,60,88,89,86
[ 29.296188] wil6210-aoa$0,1606461628.474415,04:d6:aa:c1:38:97,2,1,1,0,128,211,885,818,788,927,1010,432,372,641,204,32,161,261,858,191,533,949,994,325,876,727,24,696,1019,722,168,72,223,325,26,924,656,46,87,81,84,62,71,47,50,70,66,61,38,46,44,80,48,72,59,52,52,32,45,35,44,63,42,40,34,41,62,64,59
[ 29.326679] wil6210-aoa$0,1606461628.504911,04:d6:aa:c1:38:97,2,1,1,0,128,777,751,869,837,923,1008,391,379,182,422,63,172,864,54,196,559,954,988,422,927,744,31,745,50,232,374,90,204,378,43,350,29,67,119,106,115,87,102,67,69,100,96,85,58,68,63,116,72,100,81,73,73,45,67,53,65,92,61,61,53,60,94,95,90
[ 29.354924] wil6210-aoa$0,1606461628.533150,04:d6:aa:c1:38:97,2,1,1,0,128,797,761,748,725,399,824,357,381,128,322,483,1006,309,879,202,579,901,944,879,736,110,852,726,1022,732,216,111,249,318,21,495,296,48,87,81,84,63,73,50,50,72,68,61,41,48,45,83,51,74,59,52,54,33,48,38,47,67,44,42,38,44,67,68,64
[ 29.381631] wil6210-aoa$0,1606461628.559862,04:d6:aa:c1:38:97,2,1,1,0,128,327,969,741,773,939,1012,405,413,137,368,21,191,774,93,222,617,876,950,411,935,742,11,790,73,137,312,115,208,378,6,183,904,53,104,96,102,72,84,56,57,81,77,70,45,52,50,92,58,83,67,57,58,35,51,41,48,70,45,43,37,43,67,69,65
[ 29.406945] wil6210-aoa$0,1606461628.585176,04:d6:aa:c1:38:97,2,1,1,0,128,346,952,782,799,985,20,381,358,628,157,511,1013,276,901,633,353,901,945,364,919,163,839,174,870,262,399,72,221,301,1011,606,505,67,118,106,114,88,99,68,67,99,94,85,55,65,62,115,70,100,80,72,74,46,68,52,63,90,61,59,52,60,91,92,89
[ 29.434999] wil6210-aoa$0,1606461628.613228,04:d6:aa:c1:38:97,2,1,1,0,128,264,916,784,753,378,801,924,238,116,352,69,203,824,48,152,527,328,746,885,715,209,854,736,25,257,379,166,273,298,3,711,502,66,119,107,116,85,99,65,67,98,93,85,53,65,62,107,67,96,77,69,70,44,62,48,59,86,57,54,48,55,85,90,82
[ 29.467503] wil6210-aoa$0,1606461628.645731,04:d6:aa:c1:38:97,2,1,1,0,128,196,884,825,809,959,32,485,465,180,412,80,217,839,59,207,560,953,971,358,925,729,14,767,53,191,394,88,234,375,32,234,1019,47,88,80,84,64,73,48,49,73,67,61,41,48,46,83,50,74,58,52,53,33,47,38,46,66,43,42,37,41,65,67,62
[ 29.492704] wil6210-aoa$0,1606461628.670936,04:d6:aa:c1:38:97,2,1,1,0,128,325,961,749,752,914,1019,893,221,130,337,126,265,813,24,167,516,898,900,848,703,724,1007,759,25,191,319,139,227,315,15,924,765,57,106,93,101,75,86,58,58,85,80,70,43,54,52,93,56,84,69,62,61,36,53,41,50,75,46,47,40,46,73,72,69
[ 29.518953] wil6210-aoa$0,1606461628.697186,04:d6:aa:c1:38:97,2,1,1,0,128,290,958,734,737,914,988,885,189,618,147,549,7,827,61,183,569,337,758,905,716,746,50,723,15,204,338,87,190,370,45,736,382,56,104,94,101,76,84,58,59,83,77,69,45,53,51,89,57,80,68,57,59,36,53,40,49,71,47,44,39,47,67,69,65
[ 29.547889] wil6210-aoa$0,1606461628.726117,04:d6:aa:c1:38:97,2,1,1,0,128,334,999,749,784,984,35,367,358,668,171,564,42,267,901,221,580,980,992,345,895,723,29,695,7,191,347,95,203,390,67,96,845,50,87,85,87,66,73,50,50,71,67,60,37,47,44,79,49,73,59,52,54,32,45,36,45,67,44,40,35,39,64,62,58
[ 29.580327] wil6210-aoa$0,1606461628.758558,04:d6:aa:c1:38:97,2,1,1,0,128,255,911,688,713,402,836,887,202,213,449,52,213,820,51,720,412,910,919,856,710,247,904,225,877,215,364,135,208,412,23,89,25,46,92,83,86,66,73,49,50,72,69,63,40,48,46,82,50,73,60,51,52,31,44,36,44,67,42,41,34,40,63,62,59
[ 29.609736] wil6210-aoa$0,1606461628.787969,04:d6:aa:c1:38:97,2,1,1,0,128,212,874,775,783,989,1023,451,401,181,407,54,167,844,47,217,595,939,965,381,867,152,868,719,20,212,407,93,215,384,72,600,256,48,92,83,88,63,73,48,50,73,67,64,39,49,47,82,52,74,59,54,54,32,46,37,44,63,39,39,34,38,62,63,59
[ 29.640314] wil6210-aoa$0,1606461628.818547,04:d6:aa:c1:38:97,2,1,1,0,128,231,897,770,783,351,791,478,422,157,345,108,237,807,23,694,377,935,975,843,748,757,49,749,24,797,229,153,314,346,55,947,663,49,90,81,86,64,73,50,50,74,68,65,41,49,47,85,52,74,59,54,54,34,49,39,46,66,44,43,39,44,67,70,66
[ 29.665510] wil6210-aoa$0,1606461628.843744,04:d6:aa:c1:38:97,2,1,1,0,128,304,944,777,779,931,3,366,394,190,392,45,206,857,49,184,622,867,930,385,886,792,82,740,60,206,377,110,265,303,30,469,206,66,118,108,115,88,100,65,68,96,92,80,50,63,62,104,67,95,81,69,71,42,61,49,60,87,54,53,48,53,85,83,76
[ 29.694945] wil6210-aoa$0,1606461628.873173,04:d6:aa:c1:38:97,2,1,1,0,128,290,953,811,792,975,1022,386,368,276,432,73,217,839,69,189,547,901,950,381,909,757,37,791,57,175,357,136,298,329,28,635,416,57,106,93,102,76,86,60,59,86,82,74,47,58,55,95,60,89,71,62,63,37,55,45,53,76,50,50,42,47,74,79,75
[ 29.726085] wil6210-aoa$0,1606461628.904317,04:d6:aa:c1:38:97,2,1,1,0,128,252,889,813,787,901,982,388,354,185,404,59,208,873,87,181,579,356,742,354,867,163,844,716,13,713,193,518,50,877,846,877,771,57,103,95,99,75,87,60,60,84,82,75,50,58,56,99,63,88,69,62,65,40,57,46,57,80,53,50,46,51,78,82,78
[ 29.754158] wil6210-aoa$0,1606461628.932387,04:d6:aa:c1:38:97,2,1,1,0,128,284,903,830,834,925,990,396,395,192,381,97,254,766,57,202,582,919,943,410,938,709,47,729,65,150,356,120,235,356,63,951,653,65,120,110,115,88,100,68,68,98,94,82,57,64,62,111,70,102,80,71,73,45,65,51,61,87,58,57,49,59,89,91,86
[ 29.787030] wil6210-aoa$0,1606461628.965258,04:d6:aa:c1:38:97,2,1,1,0,128,272,933,739,742,892,988,395,383,209,425,71,219,878,76,215,596,967,1014,344,880,754,59,160,862,222,389,113,273,348,51,628,322,66,120,110,115,87,102,69,69,100,94,85,57,66,62,112,72,103,83,73,74,48,67,56,65,92,61,60,54,62,93,97,90
[ 29.820697] wil6210-aoa$0,1606461628.998925,04:d6:aa:c1:38:97,2,1,1,0,128,263,922,781,755,897,963,432,429,143,375,546,28,286,908,628,366,350,773,395,922,702,35,734,1020,703,141,171,264,318,5,719,576,64,120,109,112,86,97,64,65,96,92,83,52,64,61,109,67,95,81,70,73,45,63,52,60,88,58,56,51,58,87,91,84
[ 29.847029] wil6210-aoa$0,1606461629.025260,04:d6:aa:c1:38:97,2,1,1,0,128,756,707,219,576,358,768,922,232,632,148,31,208,858,66,197,614,930,986,415,946,639,997,159,834,646,121,574,40,848,861,417,234,66,120,110,115,87,103,69,68,100,93,89,55,66,63,113,72,101,80,73,73,46,64,52,63,91,62,57,52,59,90,91,87
[ 29.874868] wil6210-aoa$0,1606461629.053095,04:d6:aa:c1:38:97,2,1,1,0,128,277,933,758,756,957,978,435,418,199,384,115,232,851,75,250,618,898,947,364,902,781,98,736,55,216,372,106,254,817,848,881,713,47,87,80,84,62,70,49,50,71,67,60,37,46,42,78,48,73,57,51,51,32,43,35,43,62,38,38,32,39,61,58,56
[ 29.907912] wil6210-aoa$0,1606461629.086140,04:d6:aa:c1:38:97,2,1,1,0,128,760,685,218,568,999,5,375,384,186,328,23,173,827,52,634,338,879,960,374,882,189,886,143,843,660,146,615,72,396,76,126,962,45,87,77,84,61,71,45,48,71,66,58,37,44,44,75,47,70,58,49,49,31,45,35,42,61,40,36,32,40,61,60,55
[ 29.940483] wil6210-aoa$0,1606461629.118710,04:d6:aa:c1:38:97,2,1,1,0,128,321,979,767,795,976,1007,906,213,191,362,83,241,812,54,251,625,882,925,412,873,749,13,776,38,602,115,633,53,387,23,144,1012,48,92,81,87,64,72,51,48,72,68,63,39,49,46,83,51,74,60,51,53,33,45,36,45,67,42,40,35,41,66,65,61
[ 29.972454] wil6210-aoa$0,1606461629.150687,04:d6:aa:c1:38:97,2,1,1,0,128,228,920,755,796,916,1011,476,455,260,482,128,291,764,18,221,580,941,975,451,1006,749,30,706,1017,281,412,117,268,350,21,964,686,50,92,84,88,65,76,48,49,74,70,64,40,49,47,84,52,76,62,54,56,35,48,38,47,67,43,44,38,43,66,69,63
[ 29.998430] wil6210-aoa$0,1606461629.176662,04:d6:aa:c1:38:97,2,1,1,0,128,212,887,812,809,911,1011,417,381,119,354,34,184,812,33,174,563,313,718,827,706,739,16,187,853,242,390,106,206,417,64,801,542,60,103,96,98,76,88,61,59,86,82,75,50,60,57,100,62,88,71,64,65,42,57,47,56,80,54,52,48,53,78,81,75
[ 30.029533] wil6210-aoa$0,1606461629.207758,04:d6:aa:c1:38:97,2,1,1,0,128,328,932,776,764,393,783,909,203,640,149,521,993,841,23,657,346,381,777,844,690,208,823,731,1018,646,149,159,220,383,22,233,52,67,119,111,115,89,104,69,69,100,94,86,58,69,65,115,73,101,82,72,72,47,67,54,66,91,63,59,53,60,92,96,90
[ 30.055688] wil6210-aoa$0,1606461629.233920,04:d6:aa:c1:38:97,2,1,1,0,128,276,904,798,803,903,1019,368,377,213,422,98,289,798,47,182,567,895,928,430,952,736,33,731,33,265,402,116,228,384,13,271,33,69,119,110,116,87,100,68,68,100,95,87,55,66,64,110,70,99,82,72,73,46,66,52,63,88,58,59,50,59,87,94,84
[ 30.085537] wil6210-aoa$0,1606461629.263765,04:d6:aa:c1:38:97,2,1,1,0,128,324,963,721,783,925,1020,446,397,161,374,5,145,873,49,189,528,912,972,384,947,709,31,701,1019,239,374,72,208,349,48,386,109,68,119,110,116,89,99,68,66,100,95,84,54,66,63,111,68,97,81,72,71,46,65,52,61,87,60,57,51,55,88,91,83
[ 30.117497] wil6210-aoa$0,1606461629.295729,04:d6:aa:c1:38:97,2,1,1,0,128,311,951,767,810,968,982,407,404,170,396,65,187,829,42,188,541,935,965,356,867,764,49,681,980,219,360,145,219,354,27,638,424,64,115,108,116,86,98,68,69,97,90,84,54,64,59,108,65,97,80,70,70,42,60,48,57,88,54,53,47,53,83,86,79
[ 30.146750] wil6210-aoa$0,1606461629.324978,04:d6:aa:c1:38:97,2,1,1,0,128,756,751,752,765,427,823,883,212,582,124,472,959,267,848,682,377,307,744,871,727,754,57,658,1010,166,298,123,222,370,39,770,509,68,118,109,114,87,100,68,68,98,93,84,53,66,64,111,69,99,79,69,71,45,64,52,62,88,60,56,50,56,86,95,84
[ 30.181258] wil6210-aoa$0,1606461629.359486,04:d6:aa:c1:38:97,2,1,1,0,128,273,932,717,731,978,1013,453,442,249,414,79,228,898,115,242,644,872,952,381,930,697,45,126,855,249,391,108,225,398,51,284,10,66,121,110,115,87,99,66,66,97,92,85,52,61,62,107,65,98,80,71,70,43,64,49,59,86,55,53,47,55,86,82,79
[ 30.214591] wil6210-aoa$0,1606461629.392819,04:d6:aa:c1:38:97,2,1,1,0,128,687,715,744,781,910,1001,439,415,145,341,91,221,751,17,204,574,888,931,329,871,706,37,715,3,233,384,91,198,352,12,668,327,66,116,108,114,86,98,64,68,98,90,84,56,64,61,108,69,95,78,68,70,45,60,50,61,86,58,54,48,57,85,88,83
[ 30.246070] wil6210-aoa$0,1606461629.424301,04:d6:aa:c1:38:97,2,1,1,0,128,315,973,799,793,916,9,360,359,202,412,85,251,848,77,200,606,853,943,454,944,712,46,718,34,201,360,133,272,354,51,366,75,66,117,109,115,88,96,65,66,98,91,84,52,65,62,108,67,97,80,70,69,42,58,48,59,84,54,51,46,50,82,84,79
[ 30.275289] wil6210-aoa$0,1606461629.453517,04:d6:aa:c1:38:97,2,1,1,0,128,297,982,722,779,379,821,436,428,171,390,1020,146,907,97,193,588,985,1022,371,921,662,1010,736,1015,218,346,183,287,378,61,480,123,45,89,81,85,61,70,48,49,70,65,59,37,43,44,74,46,69,57,47,51,30,44,34,43,63,40,39,34,39,61,62,56
[ 30.301910] wil6210-aoa$0,1606461629.480142,04:d6:aa:c1:38:97,2,1,1,0,128,256,915,228,573,933,999,878,176,178,374,946,81,865,71,212,636,882,953,378,914,737,16,762,34,651,205,60,191,397,64,2,799,67,118,108,113,89,103,68,68,100,95,86,58,67,63,114,71,102,81,72,74,47,67,53,63,90,60,58,53,60,92,93,90
[ 30.328355] wil6210-aoa$0,1606461629.506587,04:d6:aa:c1:38:97,2,1,1,0,128,305,922,787,786,859,963,853,160,707,198,531,63,796,52,183,578,911,985,382,928,772,68,737,71,143,379,81,185,390,52,47,888,56,104,91,98,74,84,57,57,83,78,70,45,53,52,92,57,82,67,61,59,36,53,42,50,71,47,46,39,45,71,74,66
[ 30.357254] wil6210-aoa$0,1606461629.535481,04:d6:aa:c1:38:97,2,1,1,0,128,295,929,712,743,932,1000,431,422,181,393,57,201,897,105,179,592,926,962,390,919,749,36,703,62,207,377,144,290,411,80,843,567,49,91,82,86,66,76,50,49,71,67,61,38,47,45,81,49,73,61,52,52,32,46,36,44,66,42,39,36,40,63,65,62
[ 30.390952] wil6210-aoa$0,1606461629.569178,04:d6:aa:c1:38:97,2,1,1,0,128,279,905,789,770,957,19,417,442,185,418,21,202,816,9,277,642,878,936,406,931,683,48,762,40,253,387,154,249,377,49,814,574,47,90,82,87,66,74,48,49,74,69,62,37,47,46,82,51,73,60,51,53,33,46,36,46,64,42,41,36,43,64,66,61
[ 30.422071] wil6210-aoa$0,1606461629.600302,04:d6:aa:c1:38:97,2,1,1,0,128,269,891,764,707,915,1015,910,203,604,186,562,25,818,23,695,372,353,772,355,879,746,41,738,35,212,382,102,248,366,30,644,495,49,92,84,88,65,74,51,51,73,69,60,41,47,47,82,51,76,60,52,54,34,47,36,45,66,43,40,36,42,64,67,62
[ 30.448236] wil6210-aoa$0,1606461629.626460,04:d6:aa:c1:38:97,2,1,1,0,128,299,942,753,766,898,995,445,412,159,374,86,202,851,31,186,537,920,939,364,927,707,40,775,59,111,304,141,244,392,29,588,292,64,122,110,118,87,98,68,68,97,90,85,53,64,63,108,70,98,77,69,72,45,62,49,59,86,56,52,47,55,83,87,76
[ 30.481804] wil6210-aoa$0,1606461629.660033,04:d6:aa:c1:38:97,2,1,1,0,128,255,883,821,769,906,952,390,372,619,166,88,242,254,852,228,573,323,749,892,757,159,866,125,816,265,424,136,268,365,72,976,708,47,88,81,87,62,71,48,50,71,65,60,36,45,43,78,50,70,57,50,51,31,44,36,42,62,39,39,34,39,60,60,55
[ 30.514240] wil6210-aoa$0,1606461629.692472,04:d6:aa:c1:38:97,2,1,1,0,128,292,922,753,750,940,1010,342,371,152,380,60,236,760,21,210,621,878,962,341,874,754,55,147,861,188,350,76,196,351,15,676,476,66,120,109,114,87,96,67,68,99,94,84,55,67,65,112,71,101,82,73,73,46,67,52,65,89,61,60,53,58,89,91,87
[ 30.543958] wil6210-aoa$0,1606461629.722187,04:d6:aa:c1:38:97,2,1,1,0,128,261,916,721,750,882,992,378,378,206,380,8,155,813,1017,262,585,840,914,852,749,113,832,738,53,211,392,108,245,333,13,935,793,47,90,78,85,62,71,49,48,71,66,61,38,45,44,79,50,72,59,50,51,31,45,36,43,63,40,40,36,40,63,64,62
[ 30.575967] wil6210-aoa$0,1606461629.754198,04:d6:aa:c1:38:97,2,1,1,0,128,316,961,737,755,940,998,463,427,216,442,73,193,852,57,203,592,892,948,416,915,723,1009,730,68,256,375,124,254,337,51,863,595,66,116,109,115,86,101,68,68,99,94,86,57,66,62,111,70,100,78,70,72,47,63,52,63,88,57,57,49,57,89,91,84
[ 30.606228] wil6210-aoa$0,1606461629.784458,04:d6:aa:c1:38:97,2,1,1,0,128,278,923,801,789,909,1002,398,389,184,361,97,217,826,33,181,561,966,1013,374,920,706,38,654,983,224,373,103,221,350,986,489,326,64,120,110,114,89,101,68,67,100,95,85,55,67,64,113,67,100,81,73,74,43,64,51,62,88,60,59,51,58,89,88,87
[ 30.640626] wil6210-aoa$0,1606461629.818854,04:d6:aa:c1:38:97,2,1,1,0,128,277,904,768,767,924,969,394,356,197,386,78,236,803,3,219,591,874,949,431,907,714,1014,214,887,202,373,547,20,849,864,750,445,66,116,109,115,88,104,68,66,99,94,87,56,67,64,115,72,102,81,72,77,46,67,54,65,91,62,61,55,62,91,96,92
[ 30.674950] wil6210-aoa$0,1606461629.853176,04:d6:aa:c1:38:97,2,1,1,0,128,328,960,727,713,936,985,924,244,121,292,516,972,252,838,637,368,336,762,329,868,714,1014,798,38,166,336,82,194,321,22,631,425,64,120,109,115,86,97,65,67,94,90,81,51,64,62,109,69,97,78,70,70,43,61,49,57,86,57,55,47,54,85,84,78
[ 30.709058] wil6210-aoa$0,1606461629.887285,04:d6:aa:c1:38:97,2,1,1,0,128,271,960,777,755,970,1010,403,381,222,425,79,228,795,35,250,616,896,944,404,915,795,56,745,1021,213,375,99,165,401,50,250,4,64,119,108,118,88,100,68,67,100,93,83,55,65,62,111,70,100,79,73,72,45,64,53,62,88,61,58,50,61,89,94,88
[ 30.742261] wil6210-aoa$0,1606461629.920493,04:d6:aa:c1:38:97,2,1,1,0,128,730,756,200,576,409,805,430,420,147,356,52,222,844,98,207,568,896,967,368,887,669,3,733,33,147,325,584,1014,382,83,266,79,49,88,80,85,63,72,49,48,74,69,62,39,46,45,80,50,72,58,52,53,33,46,35,45,61,39,39,35,38,62,64,58
[ 30.768306] wil6210-aoa$0,1606461629.946537,04:d6:aa:c1:38:97,2,1,1,0,128,356,949,805,797,962,20,441,438,238,454,83,249,827,41,175,555,873,972,317,893,712,20,719,46,220,410,100,216,834,878,211,944,61,119,110,117,84,94,64,67,95,86,79,47,59,56,102,62,90,76,66,65,38,54,44,52,77,46,46,38,47,74,70,64
[ 30.800628] wil6210-aoa$0,1606461629.978855,04:d6:aa:c1:38:97,2,1,1,0,128,300,928,766,789,975,44,326,360,160,382,42,182,793,44,234,605,991,1020,417,932,730,37,732,1023,219,366,81,201,320,985,524,248,59,101,95,100,76,88,58,55,84,79,71,47,55,55,96,60,87,70,61,65,39,56,44,55,76,51,50,45,51,77,79,76
[ 30.831667] wil6210-aoa$0,1606461630.009897,04:d6:aa:c1:38:97,2,1,1,0,128,261,930,203,554,358,802,420,432,120,351,527,1015,880,74,196,550,330,775,851,725,733,44,749,38,215,357,72,225,438,100,322,29,57,103,95,101,76,84,59,58,84,81,72,45,55,52,93,59,85,69,60,64,38,53,44,53,76,50,50,43,49,73,78,72
[ 30.858088] wil6210-aoa$0,1606461630.036322,04:d6:aa:c1:38:97,2,1,1,0,128,684,690,232,597,366,796,924,247,672,195,58,178,834,50,173,555,371,742,398,891,152,805,198,868,725,210,566,27,396,50,711,442,46,88,80,87,65,73,49,50,71,69,61,41,47,44,82,51,74,61,52,54,33,47,37,45,66,42,41,36,42,64,64,63
[ 30.891631] wil6210-aoa$0,1606461630.069857,04:d6:aa:c1:38:97,2,1,1,0,128,313,960,788,773,935,980,401,399,159,350,107,231,849,55,189,594,928,951,375,880,751,19,674,1009,269,394,137,225,360,10,979,762,69,119,109,116,88,101,68,67,100,93,84,57,67,64,114,68,101,82,74,73,47,68,55,65,91,62,60,52,60,93,97,90
[ 30.926615] wil6210-aoa$0,1606461630.104839,04:d6:aa:c1:38:97,2,1,1,0,128,285,905,786,797,924,986,354,352,128,342,504,982,278,865,640,386,392,808,317,870,185,874,755,77,153,390,74,205,360,15,283,160,66,117,109,111,87,100,69,69,99,93,85,58,67,62,113,72,103,82,71,75,46,70,52,65,91,62,62,55,61,93,94,91
[ 30.955183] wil6210-aoa$0,1606461630.133410,04:d6:aa:c1:38:97,2,1,1,0,128,281,954,733,766,940,1018,821,137,628,142,65,171,831,33,195,576,940,966,388,919,165,877,171,852,678,166,605,56,368,47,998,768,46,89,79,83,63,70,46,49,70,66,60,37,45,44,76,48,69,56,49,49,29,41,33,41,60,36,37,32,36,57,58,51
[ 30.989292] wil6210-aoa$0,1606461630.167523,04:d6:aa:c1:38:97,2,1,1,0,128,294,928,271,618,1005,39,373,400,146,366,64,201,829,12,259,594,961,1001,446,965,672,988,754,31,214,343,174,278,271,1007,786,580,48,88,80,85,63,72,50,50,72,69,62,40,46,46,82,51,72,59,52,53,32,48,38,45,64,44,42,35,42,64,66,63
[ 31.015918] wil6210-aoa$0,1606461630.194150,04:d6:aa:c1:38:97,2,1,1,0,128,311,911,809,819,907,998,839,161,80,345,95,243,801,19,268,619,938,955,320,868,823,49,648,989,707,182,548,14,389,72,846,694,66,116,108,113,86,102,68,68,99,94,84,55,67,64,112,68,99,81,73,73,45,67,54,65,87,59,59,53,58,89,92,89
[ 31.045900] wil6210-aoa$0,1606461630.224128,04:d6:aa:c1:38:97,2,1,1,0,128,296,942,738,784,967,9,413,423,164,381,15,209,301,885,191,566,922,964,788,654,179,825,204,834,687,167,113,213,315,11,180,936,67,117,109,114,87,101,68,68,100,94,86,55,67,64,110,68,101,82,72,72,47,66,50,60,89,59,55,50,57,87,87,83
[ 31.081215] wil6210-aoa$0,1606461630.259441,04:d6:aa:c1:38:97,2,1,1,0,128,312,940,781,797,868,974,402,405,159,368,513,25,843,75,676,405,872,948,366,914,129,835,804,100,178,365,149,260,820,889,502,239,68,119,109,114,88,101,67,67,100,96,84,56,68,65,112,70,98,80,72,73,45,65,51,63,89,59,58,51,59,87,93,86
[ 31.116012] wil6210-aoa$0,1606461630.294234,04:d6:aa:c1:38:97,2,1,1,0,128,262,909,903,827,927,963,461,431,154,324,31,146,829,70,180,577,950,1013,380,884,814,59,776,31,243,400,80,211,464,101,53,851,54,103,92,99,73,83,54,57,82,75,69,40,51,49,87,56,81,66,57,58,34,49,38,48,71,43,43,37,41,65,66,63
[ 31.144658] wil6210-aoa$0,1606461630.322884,04:d6:aa:c1:38:97,2,1,1,0,128,282,909,782,796,954,1021,437,392,214,384,53,228,859,50,219,624,949,1006,349,904,694,7,776,33,171,325,138,236,337,18,82,855,47,90,81,86,64,71,50,50,71,66,60,38,45,44,81,47,72,57,52,53,31,44,36,41,64,39,40,34,42,63,62,59
[ 31.188199] wil6210-aoa$0,1606461630.366432,04:d6:aa:c1:38:97,2,1,1,0,128,268,906,752,764,929,985,480,426,187,359,51,178,813,45,197,530,955,989,383,917,717,49,709,0,653,127,194,256,375,36,407,196,48,91,84,87,65,76,50,51,72,70,63,40,47,46,84,50,75,61,52,55,32,48,37,44,64,42,42,36,41,62,66,62
[ 31.219778] wil6210-aoa$0,1606461630.398011,04:d6:aa:c1:38:97,2,1,1,0,128,766,723,200,551,928,943,415,402,158,349,96,227,817,34,175,537,917,943,850,699,786,54,740,23,682,166,110,243,382,61,169,964,48,90,80,86,65,73,46,49,72,66,62,39,46,44,77,49,69,57,49,52,29,42,36,42,61,38,39,35,37,60,61,55
[ 31.246354] wil6210-aoa$0,1606461630.424587,04:d6:aa:c1:38:97,2,1,1,0,128,756,703,755,788,888,976,439,398,163,367,82,208,828,51,157,555,883,939,378,865,205,891,674,3,668,169,589,16,346,27,89,914,52,91,83,87,67,76,52,52,73,70,63,41,52,46,84,53,79,61,53,57,33,49,38,47,68,45,42,39,44,68,69,66
[ 31.275987] wil6210-aoa$0,1606461630.454214,04:d6:aa:c1:38:97,2,1,1,0,128,795,768,788,781,900,982,860,195,663,147,591,44,882,116,177,568,944,972,423,942,716,33,685,15,222,364,98,230,391,14,873,712,66,120,110,117,87,97,66,67,99,94,85,54,65,61,109,68,96,79,68,69,44,61,50,60,85,54,55,47,53,82,83,77
[ 31.311083] wil6210-aoa$0,1606461630.489310,04:d6:aa:c1:38:97,2,1,1,0,128,214,894,840,843,956,1017,876,231,205,435,31,230,824,77,205,595,917,976,405,929,183,875,245,866,215,331,102,221,423,43,922,662,67,121,109,112,89,102,68,68,101,93,87,57,68,64,113,71,102,81,73,74,46,67,52,64,90,62,59,52,59,88,93,86
[ 31.346265] wil6210-aoa$0,1606461630.524491,04:d6:aa:c1:38:97,2,1,1,0,128,742,716,806,800,906,992,384,382,186,354,85,197,794,21,695,401,350,760,384,893,703,981,165,846,750,226,49,163,389,30,49,851,67,120,106,112,88,103,68,68,99,95,84,54,68,64,111,71,101,81,73,74,47,66,53,63,88,58,60,52,60,90,92,92
[ 31.374970] wil6210-aoa$0,1606461630.553198,04:d6:aa:c1:38:97,2,1,1,0,128,278,937,762,759,895,973,944,270,175,392,78,229,827,58,167,546,357,768,330,917,680,1002,744,60,673,206,164,238,367,28,741,494,45,90,78,84,61,73,48,48,72,66,62,36,46,44,76,48,68,58,50,50,31,42,34,42,61,38,37,32,36,57,58,54
[ 31.409853] wil6210-aoa$0,1606461630.588085,04:d6:aa:c1:38:97,2,1,1,0,128,239,932,786,804,885,959,409,371,133,360,60,200,809,44,96,503,874,964,324,936,701,50,714,36,193,338,77,236,381,79,647,368,64,117,108,113,84,97,65,68,95,92,82,50,64,62,107,68,97,80,69,70,43,61,50,61,87,53,54,46,53,82,83,77
[ 31.436504] wil6210-aoa$0,1606461630.614736,04:d6:aa:c1:38:97,2,1,1,0,128,293,922,796,798,953,997,452,426,117,342,90,212,309,873,219,577,828,883,403,944,710,12,720,35,248,384,83,176,379,40,183,984,67,118,105,113,85,99,67,65,98,92,85,53,66,61,110,67,99,78,72,72,45,65,49,64,87,57,56,50,57,87,90,85
[ 31.467147] wil6210-aoa$0,1606461630.645376,04:d6:aa:c1:38:97,2,1,1,0,128,283,923,182,562,403,801,879,172,663,160,11,206,275,901,650,351,390,785,401,929,100,828,671,982,700,175,169,259,372,31,973,793,66,120,109,114,85,99,66,70,96,89,85,55,66,63,110,69,98,81,71,72,44,62,50,61,88,57,56,48,57,86,90,85
[ 31.503079] wil6210-aoa$0,1606461630.681307,04:d6:aa:c1:38:97,2,1,1,0,128,282,920,784,806,958,1,423,402,198,386,87,222,851,102,183,615,921,977,433,945,671,16,745,50,241,420,109,254,357,36,747,580,67,119,106,115,88,103,68,66,100,96,85,57,67,62,114,71,102,80,74,74,47,64,54,64,90,60,58,52,61,90,95,87
[ 31.537032] wil6210-aoa$0,1606461630.715264,04:d6:aa:c1:38:97,2,1,1,0,128,777,757,810,809,997,1007,399,366,197,388,48,201,860,44,215,618,876,912,380,923,770,51,812,34,236,408,117,243,419,68,861,486,67,115,109,114,86,101,67,68,97,95,86,57,68,64,116,73,102,81,71,74,46,69,56,66,92,65,62,55,62,94,98,94
[ 31.567492] wil6210-aoa$0,1606461630.745720,04:d6:aa:c1:38:97,2,1,1,0,128,279,922,807,769,940,981,921,201,174,391,45,210,280,883,617,357,368,790,320,864,705,1014,692,15,678,179,564,1013,880,913,800,618,48,88,82,86,63,71,50,51,69,65,59,38,45,43,79,50,69,58,50,53,31,43,35,42,61,38,37,33,35,59,60,52
[ 31.602748] wil6210-aoa$0,1606461630.780977,04:d6:aa:c1:38:97,2,1,1,0,128,254,934,767,796,942,11,374,380,182,381,114,250,849,71,207,611,927,988,424,980,790,87,746,51,236,399,118,240,425,117,501,192,51,91,82,88,67,76,50,51,74,70,64,40,50,46,83,53,75,61,54,57,33,50,39,46,67,46,43,39,43,66,71,65
[ 31.637495] wil6210-aoa$0,1606461630.815721,04:d6:aa:c1:38:97,2,1,1,0,128,301,970,781,808,984,11,442,416,221,417,90,255,880,101,225,608,992,1007,271,849,724,17,701,1009,207,372,101,194,833,860,385,126,47,92,83,87,64,74,49,50,75,68,61,38,47,44,78,49,70,59,51,51,32,45,34,43,63,38,38,32,39,59,58,56
[ 31.666570] wil6210-aoa$0,1606461630.844798,04:d6:aa:c1:38:97,2,1,1,0,128,310,937,770,767,932,996,859,173,652,207,501,1020,252,862,662,385,913,934,318,834,709,989,687,1022,233,383,124,224,376,16,711,590,67,121,109,115,86,100,68,68,100,95,86,58,67,63,113,69,102,80,74,75,46,67,55,67,92,62,58,54,62,90,92,89
[ 31.701940] wil6210-aoa$0,1606461630.880173,04:d6:aa:c1:38:97,2,1,1,0,128,806,780,799,762,348,793,888,204,551,123,576,53,229,835,652,374,340,751,833,677,247,884,163,845,717,214,118,241,370,45,19,809,63,119,109,111,85,94,65,66,94,87,82,50,61,58,102,63,95,77,66,67,43,57,46,54,82,52,49,43,50,78,77,71
[ 31.729302] wil6210-aoa$0,1606461630.907532,04:d6:aa:c1:38:97,2,1,1,0,128,294,950,784,780,946,1009,337,376,188,399,549,21,319,907,161,563,921,975,339,914,709,15,170,821,703,167,572,22,838,823,950,811,67,118,109,115,87,100,67,66,99,92,87,53,65,62,108,71,98,80,70,71,45,63,53,62,88,59,56,51,56,88,89,82
[ 31.762488] wil6210-aoa$0,1606461630.940720,04:d6:aa:c1:38:97,2,1,1,0,128,288,958,801,770,930,1019,390,329,666,223,47,172,868,77,632,327,928,957,409,908,701,27,722,16,210,360,139,225,356,70,950,676,65,117,107,112,87,99,68,68,98,93,85,55,64,61,109,69,99,78,70,74,45,64,49,61,88,58,56,51,59,90,87,82
[ 31.789860] wil6210-aoa$0,1606461630.968091,04:d6:aa:c1:38:97,2,1,1,0,128,280,952,740,748,903,971,911,196,195,362,102,226,821,42,175,571,880,937,373,949,626,1000,758,55,239,395,90,270,336,24,717,450,57,101,95,102,73,86,57,57,85,80,72,45,54,55,96,60,83,69,61,60,37,54,43,52,76,50,48,44,49,77,75,70
[ 31.821184] wil6210-aoa$0,1606461630.999411,04:d6:aa:c1:38:97,2,1,1,0,128,755,701,303,620,964,1004,444,384,180,382,8,167,265,890,710,357,909,947,414,868,225,867,707,1020,640,160,572,37,361,10,222,38,66,118,109,115,87,97,66,66,98,90,83,52,65,60,106,67,97,80,71,69,44,62,50,58,86,56,52,46,51,83,81,74
[ 31.854488] wil6210-aoa$0,1606461631.032718,04:d6:aa:c1:38:97,2,1,1,0,128,278,943,753,775,971,25,369,387,176,373,56,186,832,14,278,637,869,952,390,927,728,27,717,10,250,438,560,15,845,848,150,957,56,101,91,96,74,85,57,56,82,77,72,46,56,54,95,58,85,68,59,63,39,53,44,52,77,53,50,43,52,76,76,73
[ 31.881738] wil6210-aoa$0,1606461631.059969,04:d6:aa:c1:38:97,2,1,1,0,128,296,893,828,786,911,1009,441,421,117,350,15,161,865,63,238,656,884,962,338,857,699,1012,733,22,230,359,95,223,449,82,603,353,66,118,107,114,86,101,67,66,98,94,86,55,67,65,109,70,99,81,72,74,45,65,50,63,89,61,56,51,58,88,89,85
[ 31.909385] wil6210-aoa$0,1606461631.087615,04:d6:aa:c1:38:97,2,1,1,0,128,286,891,273,577,897,939,847,201,157,346,490,992,254,875,193,589,884,930,487,959,704,992,171,833,680,126,102,187,814,843,480,294,62,113,110,111,86,96,67,67,97,92,84,55,67,62,113,70,101,80,68,71,46,65,50,61,89,61,57,49,57,89,89,86
[ 31.940241] wil6210-aoa$0,1606461631.118469,04:d6:aa:c1:38:97,2,1,1,0,128,200,858,747,767,910,968,434,393,160,390,52,235,813,44,248,614,882,973,389,961,734,87,699,31,203,368,52,231,367,72,230,977,65,119,105,111,83,96,65,65,98,92,84,56,64,63,110,70,99,80,70,74,45,66,51,63,90,61,57,52,60,89,94,89
[ 31.974105] wil6210-aoa$0,1606461631.152337,04:d6:aa:c1:38:97,2,1,1,0,128,748,710,831,817,951,996,867,182,162,310,61,198,294,860,193,558,911,951,358,892,775,49,730,1014,193,384,86,227,352,31,373,115,47,89,81,86,62,72,49,48,73,66,62,38,45,45,79,49,71,59,52,53,31,45,35,44,61,39,39,34,38,61,61,57
[ 32.005375] wil6210-aoa$0,1606461631.183604,04:d6:aa:c1:38:97,2,1,1,0,128,217,893,209,566,953,1012,355,325,638,182,550,1001,826,57,154,611,911,984,364,928,668,21,686,1001,278,414,30,194,359,18,1020,772,57,101,91,98,75,84,60,59,82,81,71,45,56,53,94,62,85,70,62,65,37,56,45,54,78,51,50,45,52,78,80,75
[ 32.038548] wil6210-aoa$0,1606461631.216780,04:d6:aa:c1:38:97,2,1,1,0,128,272,932,773,803,944,1005,408,380,241,475,65,173,920,92,145,545,902,974,360,930,742,71,700,25,194,321,108,201,382,23,960,548,50,90,82,89,66,73,49,50,74,69,63,38,48,46,82,51,75,59,51,52,32,47,36,45,64,41,41,34,41,62,66,59
[ 32.070998] wil6210-aoa$0,1606461631.249229,04:d6:aa:c1:38:97,2,1,1,0,128,291,959,821,808,910,996,470,429,85,389,127,279,808,78,214,597,898,957,437,930,685,21,767,53,203,370,124,240,404,63,696,439,58,103,94,101,77,87,61,60,85,80,73,47,58,54,96,58,87,72,63,65,39,56,45,53,77,51,50,44,51,75,79,75
[ 32.098399] wil6210-aoa$0,1606461631.276630,04:d6:aa:c1:38:97,2,1,1,0,128,291,968,722,739,908,1000,417,370,169,399,54,217,826,48,219,599,938,991,352,889,195,884,729,54,243,397,128,259,369,19,994,711,67,119,111,114,88,100,66,68,99,94,84,56,65,62,109,70,98,81,71,73,45,64,52,62,88,59,57,49,61,86,92,85
[ 32.130294] wil6210-aoa$0,1606461631.308521,04:d6:aa:c1:38:97,2,1,1,0,128,296,951,685,720,937,12,332,356,175,363,118,259,858,104,162,541,881,949,292,859,744,24,755,27,205,384,117,244,379,58,416,113,64,120,109,116,86,97,63,67,97,89,85,53,66,64,111,68,97,80,70,72,45,62,51,62,86,61,56,49,58,87,93,84
[ 32.160088] wil6210-aoa$0,1606461631.338319,04:d6:aa:c1:38:97,2,1,1,0,128,766,770,851,772,402,837,365,350,610,165,30,192,763,47,149,516,873,926,381,895,724,8,728,34,178,350,610,55,349,24,544,367,65,119,109,112,86,101,66,69,98,94,84,55,66,64,115,72,99,81,72,71,44,65,51,62,89,61,55,51,57,87,87,84
[ 32.191035] wil6210-aoa$0,1606461631.369263,04:d6:aa:c1:38:97,2,1,1,0,128,759,728,790,761,975,1023,907,243,219,381,79,209,841,50,170,582,922,976,394,886,183,868,142,822,697,153,108,227,878,896,830,638,55,100,91,98,72,81,56,58,80,77,70,44,53,50,92,58,83,68,57,60,36,50,43,51,72,47,46,39,45,69,72,65
[ 32.219668] wil6210-aoa$0,1606461631.397896,04:d6:aa:c1:38:97,2,1,1,0,128,745,706,793,721,352,787,934,209,687,213,56,192,822,70,179,587,849,917,870,735,155,841,744,9,244,396,59,228,304,14,958,731,65,116,109,114,88,99,66,67,98,93,84,54,65,63,111,66,97,82,70,71,43,63,48,58,87,54,55,49,52,84,84,79
[ 32.256125] wil6210-aoa$0,1606461631.434354,04:d6:aa:c1:38:97,2,1,1,0,128,302,937,219,600,401,849,445,437,162,364,1013,124,300,908,224,610,934,974,839,712,746,49,708,24,145,316,85,180,361,29,949,720,68,117,107,112,87,101,68,67,97,92,87,57,67,64,114,72,102,81,70,73,47,67,52,66,90,60,58,53,60,91,95,87
[ 32.289923] wil6210-aoa$0,1606461631.468154,04:d6:aa:c1:38:97,2,1,1,0,128,725,706,844,802,857,921,419,404,153,395,39,215,751,6,690,389,946,985,376,930,684,46,654,1017,664,148,557,46,886,928,623,430,65,115,109,112,87,102,65,67,99,94,85,55,66,63,110,70,100,80,72,70,46,65,51,59,88,59,58,52,58,89,92,85
[ 32.322861] wil6210-aoa$0,1606461631.501092,04:d6:aa:c1:38:97,2,1,1,0,128,304,910,791,783,394,825,440,424,118,340,37,187,822,28,202,598,891,919,844,733,733,22,758,37,235,376,120,247,404,65,368,97,68,115,108,113,87,101,67,66,100,94,86,56,67,66,113,72,101,81,73,74,48,67,55,66,92,63,59,53,62,92,99,91
[ 32.351715] wil6210-aoa$0,1606461631.529947,04:d6:aa:c1:38:97,2,1,1,0,128,788,755,213,566,404,814,521,454,206,392,37,177,835,17,122,523,893,932,806,673,203,852,734,8,230,357,79,191,362,30,546,372,64,118,105,112,87,99,61,65,95,91,80,53,64,61,105,67,95,77,69,68,43,60,48,57,85,55,51,47,55,83,82,77
[ 32.379494] wil6210-aoa$0,1606461631.557720,04:d6:aa:c1:38:97,2,1,1,0,128,287,921,853,820,974,5,439,417,193,390,95,257,843,69,274,603,934,991,358,901,765,56,728,50,191,371,573,37,380,41,616,330,48,88,82,85,65,73,48,50,71,66,62,38,48,47,82,51,73,60,53,52,32,45,38,46,66,43,42,35,40,62,66,61
[ 32.411748] wil6210-aoa$0,1606461631.589981,04:d6:aa:c1:38:97,2,1,1,0,128,333,960,785,805,990,1017,449,418,121,339,519,18,827,44,258,630,908,954,360,902,697,1023,172,859,163,350,130,241,457,63,285,4,47,90,81,85,62,73,49,50,71,65,62,38,46,44,79,50,73,57,51,52,30,43,35,43,64,39,37,34,40,61,60,56
[ 32.439572] wil6210-aoa$0,1606461631.617805,04:d6:aa:c1:38:97,2,1,1,0,128,800,716,762,736,951,1011,442,394,168,369,77,248,783,1018,246,582,937,978,805,707,244,905,723,18,629,128,553,10,382,24,849,621,48,91,80,86,64,73,50,50,71,67,62,39,47,45,79,51,72,59,52,52,32,46,36,44,65,41,41,36,41,65,66,63
[ 32.472614] wil6210-aoa$0,1606461631.650846,04:d6:aa:c1:38:97,2,1,1,0,128,249,899,772,767,980,1007,443,409,187,393,57,186,855,85,150,556,934,982,329,899,696,35,764,87,161,371,138,231,350,35,799,541,49,92,83,87,64,74,50,51,73,70,63,40,48,47,81,51,74,60,53,53,33,48,39,46,67,43,41,37,44,67,66,62
[ 32.505665] wil6210-aoa$0,1606461631.683898,04:d6:aa:c1:38:97,2,1,1,0,128,290,955,835,817,996,3,433,452,198,422,57,224,823,71,192,621,843,920,487,992,709,49,697,5,208,359,99,253,325,43,100,832,57,104,91,99,76,86,59,57,85,82,75,49,58,56,96,60,87,69,63,64,39,56,46,56,79,53,49,46,50,80,81,76
[ 32.535478] wil6210-aoa$0,1606461631.713706,04:d6:aa:c1:38:97,2,1,1,0,128,794,783,777,801,916,1018,432,434,148,385,72,189,786,43,191,586,846,927,884,770,691,8,756,1019,209,368,64,179,829,861,305,93,64,119,109,114,85,97,63,67,99,92,81,53,65,61,110,67,97,81,69,71,44,63,51,61,88,55,57,50,55,85,88,80
[ 32.565625] wil6210-aoa$0,1606461631.743857,04:d6:aa:c1:38:97,2,1,1,0,128,240,909,760,778,940,1023,407,364,171,371,7,188,277,860,229,621,933,970,371,914,761,43,746,61,162,359,90,199,831,822,31,834,47,89,80,85,63,74,49,50,73,68,63,42,47,46,81,53,75,60,53,54,34,49,39,47,67,45,44,37,46,67,71,69
[ 32.594978] wil6210-aoa$0,1606461631.773206,04:d6:aa:c1:38:97,2,1,1,0,128,699,625,177,527,413,787,814,148,239,409,21,204,291,869,231,589,903,952,397,955,677,3,704,1022,234,387,55,184,826,871,993,856,57,105,94,97,74,86,58,58,85,80,72,48,54,53,94,62,87,70,60,63,38,56,43,54,76,50,48,42,49,75,78,72
[ 32.631532] wil6210-aoa$0,1606461631.809760,04:d6:aa:c1:38:97,2,1,1,0,128,345,975,859,857,2,36,394,383,219,402,43,221,861,79,178,589,872,891,377,903,708,1001,807,52,198,344,196,289,364,24,854,599,65,116,110,116,85,95,65,66,98,88,80,52,63,59,105,67,96,76,69,68,43,59,49,60,84,52,53,45,53,79,81,77
[ 32.662993] wil6210-aoa$0,1606461631.841224,04:d6:aa:c1:38:97,2,1,1,0,128,241,880,789,752,928,991,372,363,120,351,74,197,798,17,230,597,909,979,372,944,702,11,733,44,206,383,52,200,389,55,680,444,65,117,108,115,85,98,65,65,96,91,85,54,62,62,109,70,99,79,69,72,44,64,50,61,88,58,55,49,58,84,86,81
[ 32.691090] wil6210-aoa$0,1606461631.869322,04:d6:aa:c1:38:97,2,1,1,0,128,250,904,245,634,392,823,846,162,658,144,574,62,853,60,170,575,889,913,373,895,135,840,99,760,671,138,99,185,807,860,221,17,68,118,109,115,87,100,68,66,99,93,84,53,67,62,114,71,101,80,70,71,46,65,53,62,91,61,56,50,59,87,92,86
[ 32.721578] wil6210-aoa$0,1606461631.899806,04:d6:aa:c1:38:97,2,1,1,0,128,762,736,768,785,942,19,350,372,149,390,79,230,815,38,278,622,867,923,832,729,727,57,722,39,162,339,95,208,816,852,565,349,68,119,107,114,86,100,68,68,98,95,85,56,69,64,111,70,102,81,71,73,46,67,54,65,90,62,60,53,63,92,97,88
[ 32.756858] wil6210-aoa$0,1606461631.935090,04:d6:aa:c1:38:97,2,1,1,0,128,320,951,692,765,423,825,853,180,176,363,483,974,323,926,178,563,912,946,362,866,704,9,731,24,222,364,202,323,390,73,814,456,66,119,110,116,87,101,66,67,99,93,85,55,65,63,111,69,100,82,71,73,46,64,52,62,90,58,58,51,58,89,89,85
[ 32.789478] wil6210-aoa$0,1606461631.967706,04:d6:aa:c1:38:97,2,1,1,0,128,311,941,795,751,937,994,420,403,658,220,74,211,758,26,246,616,355,755,864,697,780,38,726,26,267,382,552,50,809,828,299,26,55,101,94,98,76,87,60,59,85,83,72,47,60,54,95,61,84,69,62,63,39,55,45,53,76,49,50,43,48,73,76,70
[ 32.818997] wil6210-aoa$0,1606461631.997224,04:d6:aa:c1:38:97,2,1,1,0,128,282,933,213,596,420,809,394,372,651,148,505,1019,310,908,149,554,354,796,840,699,173,863,730,40,198,374,150,242,338,1016,541,423,55,100,93,98,75,85,58,59,85,79,73,48,55,52,95,60,82,68,60,63,37,53,44,52,78,50,48,42,49,73,73,71
[ 32.855596] wil6210-aoa$0,1606461632.033827,04:d6:aa:c1:38:97,2,1,1,0,128,694,673,837,784,881,974,406,391,646,189,47,186,781,30,150,535,375,789,861,722,699,1016,747,1006,194,310,124,219,881,895,771,536,50,90,81,88,67,77,50,50,73,69,63,41,47,47,85,51,75,62,53,54,33,49,39,47,66,45,42,38,42,66,70,60
[ 32.886208] wil6210-aoa$0,1606461632.064435,04:d6:aa:c1:38:97,2,1,1,0,128,284,919,842,798,952,7,452,425,212,400,15,161,246,865,217,542,917,971,376,917,758,49,791,60,240,369,60,212,391,35,319,43,57,104,95,101,74,86,56,59,85,77,73,44,56,54,94,57,82,67,59,57,36,51,42,50,71,45,44,39,44,70,69,65
[ 32.921769] wil6210-aoa$0,1606461632.100000,04:d6:aa:c1:38:97,2,1,1,0,128,306,943,810,793,947,1014,433,396,208,410,44,244,822,78,132,539,915,921,454,945,742,44,800,51,217,380,112,226,336,1017,611,396,67,116,108,113,85,99,68,67,98,94,86,58,68,64,115,70,102,80,73,75,48,70,57,68,93,66,61,55,64,94,100,96
[ 32.950575] wil6210-aoa$0,1606461632.128806,04:d6:aa:c1:38:97,2,1,1,0,128,311,935,766,784,895,976,407,398,128,333,112,241,800,41,194,584,906,926,488,967,713,18,749,38,176,343,138,245,330,15,517,299,65,120,109,113,86,100,66,66,96,92,82,51,65,63,110,66,98,79,71,70,43,62,52,59,88,58,57,48,56,86,89,82
[ 32.984349] wil6210-aoa$0,1606461632.162579,04:d6:aa:c1:38:97,2,1,1,0,128,720,727,826,795,949,986,419,385,163,344,150,236,850,85,228,604,877,961,380,923,749,73,716,46,221,394,124,217,345,1,43,729,68,118,106,116,89,101,67,68,98,94,83,54,66,64,110,69,96,82,72,73,42,64,49,64,84,57,55,49,53,87,89,83
[ 33.012718] wil6210-aoa$0,1606461632.190949,04:d6:aa:c1:38:97,2,1,1,0,128,348,926,745,775,7,31,407,439,218,400,481,1012,272,895,223,600,923,950,363,859,749,33,681,1016,186,337,177,230,388,11,624,392,66,120,108,114,84,101,65,65,96,93,86,54,66,63,112,69,97,80,70,71,44,63,50,61,87,57,56,49,57,87,90,81
[ 33.046776] wil6210-aoa$0,1606461632.225009,04:d6:aa:c1:38:97,2,1,1,0,128,258,913,821,815,931,956,557,486,140,333,1009,129,817,24,149,571,891,940,404,930,756,80,721,27,156,351,111,245,397,64,632,409,66,119,109,113,87,100,66,66,96,89,83,52,65,61,110,68,99,82,69,72,45,63,52,63,90,60,57,50,58,86,89,85
[ 33.078211] wil6210-aoa$0,1606461632.256439,04:d6:aa:c1:38:97,2,1,1,0,128,308,955,774,793,922,998,487,471,153,358,80,212,872,87,164,560,889,940,354,890,710,10,756,38,178,375,146,216,366,25,590,350,46,88,78,83,63,70,46,48,71,67,60,35,44,44,75,47,69,56,48,51,30,43,33,41,60,39,37,33,36,60,59,55
[ 33.113444] wil6210-aoa$0,1606461632.291675,04:d6:aa:c1:38:97,2,1,1,0,128,306,895,229,567,921,993,413,414,166,360,48,185,844,68,215,601,887,956,387,933,698,52,747,16,654,139,611,51,809,837,311,156,65,119,109,113,89,101,65,66,97,91,83,53,65,61,111,69,99,80,71,74,45,68,51,62,89,61,59,52,58,89,93,89
[ 33.146206] wil6210-aoa$0,1606461632.324436,04:d6:aa:c1:38:97,2,1,1,0,128,214,883,777,759,905,1019,408,416,200,372,49,197,868,68,201,565,932,1003,369,910,719,18,749,87,153,383,172,286,290,997,717,532,65,118,104,112,87,96,66,67,98,93,81,54,65,64,112,70,99,80,72,73,45,64,54,64,87,61,58,53,60,90,93,88
[ 33.180543] wil6210-aoa$0,1606461632.358774,04:d6:aa:c1:38:97,2,1,1,0,128,310,935,797,801,970,2,430,408,269,426,49,194,793,41,205,566,964,973,400,947,728,23,745,41,197,381,110,198,827,836,30,845,47,86,78,83,61,71,49,47,71,67,60,40,45,45,81,50,73,58,52,53,33,46,37,44,64,42,41,36,43,64,64,62
[ 33.213595] wil6210-aoa$0,1606461632.391826,04:d6:aa:c1:38:97,2,1,1,0,128,339,941,785,759,980,1006,478,438,238,433,1021,213,802,33,225,600,899,939,879,723,709,16,722,30,177,354,106,217,358,71,173,963,68,120,113,118,88,103,69,69,100,96,83,56,67,62,113,69,100,83,71,72,46,64,52,61,89,58,57,49,57,87,86,83
[ 33.245056] wil6210-aoa$0,1606461632.423286,04:d6:aa:c1:38:97,2,1,1,0,128,290,903,808,801,979,1017,467,427,214,443,60,195,792,34,147,554,358,748,366,917,730,43,743,27,261,427,163,303,333,35,841,603,49,92,82,86,65,73,49,50,73,67,61,40,46,45,80,49,73,58,52,53,31,45,34,42,61,39,37,33,39,59,62,58
[ 33.274815] wil6210-aoa$0,1606461632.453046,04:d6:aa:c1:38:97,2,1,1,0,128,306,932,748,750,424,802,923,255,579,145,108,232,818,59,238,617,888,916,405,940,710,17,724,1005,264,431,151,233,331,1,606,334,68,124,113,118,93,104,70,69,100,93,85,57,66,63,112,73,104,84,73,73,49,70,54,66,93,64,61,54,63,93,100,94
[ 33.306539] wil6210-aoa$0,1606461632.484766,04:d6:aa:c1:38:97,2,1,1,0,128,215,895,845,797,872,1003,846,182,666,197,67,206,851,95,161,548,941,972,392,861,195,838,775,65,243,367,136,225,409,15,988,736,64,121,109,116,87,97,66,68,97,92,85,54,64,62,108,67,99,79,72,71,44,60,48,58,85,55,54,45,53,84,81,75
[ 33.342042] wil6210-aoa$0,1606461632.520273,04:d6:aa:c1:38:97,2,1,1,0,128,344,941,771,765,932,976,464,429,95,318,4,141,257,862,137,522,880,893,418,924,663,1009,751,26,211,352,148,243,356,50,277,61,65,119,109,114,87,101,66,67,98,93,83,56,66,62,112,71,101,81,70,75,46,65,51,61,89,60,56,50,59,89,87,84
[ 33.370669] wil6210-aoa$0,1606461632.548900,04:d6:aa:c1:38:97,2,1,1,0,128,802,767,211,594,389,787,857,187,607,153,526,17,235,846,669,365,307,707,388,895,744,36,719,18,679,181,96,197,431,52,615,413,68,114,108,113,85,101,68,67,98,92,85,56,69,64,116,71,102,81,72,73,46,66,52,65,91,62,58,52,60,91,94,90
[ 33.405570] wil6210-aoa$0,1606461632.583801,04:d6:aa:c1:38:97,2,1,1,0,128,243,884,825,817,909,985,391,385,147,351,109,227,834,30,177,545,819,904,359,912,142,851,699,12,246,413,99,178,355,16,587,356,65,118,107,114,86,98,66,66,98,93,84,54,66,61,113,68,98,80,72,73,44,65,51,62,87,58,56,51,60,89,91,86
[ 33.439434] wil6210-aoa$0,1606461632.617666,04:d6:aa:c1:38:97,2,1,1,0,128,272,901,791,790,897,1006,410,406,141,351,20,192,772,1011,280,656,921,976,400,959,757,91,742,80,246,395,176,267,376,43,149,912,65,118,107,114,86,100,67,66,95,91,82,55,63,62,111,71,99,80,71,74,45,66,51,62,88,60,58,51,61,88,93,85
[ 33.471375] wil6210-aoa$0,1606461632.649603,04:d6:aa:c1:38:97,2,1,1,0,128,779,699,262,602,987,8,381,400,159,341,536,12,902,81,236,607,940,996,391,901,726,16,725,56,273,398,19,223,835,878,109,992,64,119,106,113,85,100,66,65,97,93,82,53,65,64,109,67,98,78,73,71,45,66,54,62,87,59,58,51,58,86,92,86
[ 33.506981] wil6210-aoa$0,1606461632.685212,04:d6:aa:c1:38:97,2,1,1,0,128,285,911,784,788,905,993,456,432,144,348,16,145,279,872,727,434,865,898,377,896,762,72,744,41,171,345,103,235,373,62,508,185,66,117,105,112,85,98,65,66,97,91,85,54,62,62,105,65,97,78,71,71,44,62,49,61,88,57,53,49,56,86,90,84
[ 33.540468] wil6210-aoa$0,1606461632.718697,04:d6:aa:c1:38:97,2,1,1,0,128,239,867,258,561,389,790,861,202,247,440,73,208,828,63,181,587,828,882,856,730,705,5,738,29,682,184,77,184,339,1011,25,804,65,116,110,113,86,97,67,67,97,92,81,55,65,62,110,70,99,83,69,71,43,65,51,62,89,59,56,49,56,86,87,83
[ 33.570541] wil6210-aoa$0,1606461632.748771,04:d6:aa:c1:38:97,2,1,1,0,128,319,949,797,783,922,1020,416,394,135,315,476,1001,840,29,239,595,946,978,425,929,695,7,695,987,259,364,124,224,377,25,409,196,64,119,108,113,85,97,67,67,98,93,83,53,64,59,109,67,97,79,69,72,43,60,48,61,85,56,53,49,55,84,85,82
[ 33.608952] wil6210-aoa$0,1606461632.787178,04:d6:aa:c1:38:97,2,1,1,0,128,296,924,718,724,427,847,453,417,212,395,93,230,834,64,214,595,894,974,405,914,153,848,743,31,163,338,548,36,374,40,924,719,66,122,112,116,86,101,67,67,100,93,85,56,67,63,110,70,101,82,70,75,47,66,52,65,91,61,59,52,60,89,93,87
[ 33.642623] wil6210-aoa$0,1606461632.820854,04:d6:aa:c1:38:97,2,1,1,0,128,253,942,785,763,925,1004,378,384,179,352,70,205,871,71,194,588,358,755,917,777,181,880,174,827,192,373,85,219,399,57,621,307,66,122,107,116,86,96,66,67,97,92,82,52,61,59,109,67,96,81,69,74,42,62,49,59,85,54,54,48,52,85,82,79
[ 33.672340] wil6210-aoa$0,1606461632.850569,04:d6:aa:c1:38:97,2,1,1,0,128,229,876,783,749,373,799,403,348,171,369,1009,144,273,905,151,558,963,1003,779,674,218,893,187,866,200,307,610,43,357,18,958,781,50,91,81,86,65,74,50,51,73,69,63,42,50,48,84,53,75,60,53,56,35,49,40,49,68,47,46,40,46,69,72,69
[ 33.704553] wil6210-aoa$0,1606461632.882784,04:d6:aa:c1:38:97,2,1,1,0,128,763,714,210,553,383,785,859,157,714,234,499,1021,901,72,646,375,862,909,786,617,223,854,164,816,692,155,559,37,825,832,269,61,50,92,83,88,65,73,51,50,74,68,63,40,48,45,83,52,73,59,52,53,32,45,35,44,63,40,41,35,40,61,64,62
[ 33.734341] wil6210-aoa$0,1606461632.912571,04:d6:aa:c1:38:97,2,1,1,0,128,289,953,712,752,412,818,433,420,609,174,60,175,298,892,194,538,933,973,332,863,179,803,183,836,716,162,571,1019,907,900,396,106,67,119,107,115,87,100,68,66,100,91,85,56,68,64,116,70,102,81,73,73,47,66,53,65,89,63,58,52,59,90,94,86
[ 33.772687] wil6210-aoa$0,1606461632.950918,04:d6:aa:c1:38:97,2,1,1,0,128,720,686,786,774,929,954,436,429,155,375,102,218,834,23,218,588,948,988,429,965,699,29,726,44,168,338,115,265,333,10,12,763,47,87,80,85,62,71,48,49,71,64,59,38,44,43,77,49,71,57,49,52,32,46,34,44,65,40,40,35,40,63,63,59
[ 33.801507] wil6210-aoa$0,1606461632.979738,04:d6:aa:c1:38:97,2,1,1,0,128,265,894,769,741,363,810,892,221,640,194,92,216,788,33,178,558,856,931,379,930,684,6,746,21,193,349,150,262,378,33,468,213,57,104,90,98,73,85,57,56,86,79,72,47,55,51,94,58,83,68,61,61,36,53,43,52,73,49,47,41,45,71,74,70
[ 33.830119] wil6210-aoa$0,1606461633.008349,04:d6:aa:c1:38:97,2,1,1,0,128,310,925,816,823,911,957,820,159,241,422,29,209,821,58,193,599,932,1005,856,718,797,77,708,32,183,383,73,211,377,20,74,871,67,118,109,113,87,102,66,67,96,95,82,54,66,61,113,71,99,82,71,74,46,65,53,63,88,59,59,51,58,90,92,88
[ 33.864846] wil6210-aoa$0,1606461633.043077,04:d6:aa:c1:38:97,2,1,1,0,128,306,960,220,523,989,1,381,352,669,156,69,192,232,843,670,368,936,971,405,917,694,13,173,824,724,186,121,211,383,37,10,706,48,90,80,86,65,72,48,50,72,67,61,40,48,47,79,49,72,60,50,53,32,46,38,44,65,43,41,35,40,64,69,65
[ 33.893257] wil6210-aoa$0,1606461633.071488,04:d6:aa:c1:38:97,2,1,1,0,128,255,930,756,771,950,990,430,413,128,350,65,226,752,24,614,353,310,757,809,721,789,94,701,46,207,383,107,256,346,76,480,271,63,119,106,111,85,98,64,66,96,89,84,50,61,61,105,65,94,77,69,67,39,55,45,55,79,49,48,42,47,75,76,68
[ 33.922164] wil6210-aoa$0,1606461633.100395,04:d6:aa:c1:38:97,2,1,1,0,128,742,772,781,769,999,7,335,385,180,418,71,240,774,7,641,323,427,798,385,894,160,859,163,811,735,133,610,2,905,873,142,931,63,121,108,113,84,98,64,64,96,88,82,51,64,61,106,65,95,78,68,68,44,60,49,59,86,57,53,46,55,82,86,79
[ 33.950910] wil6210-aoa$0,1606461633.129142,04:d6:aa:c1:38:97,2,1,1,0,128,267,940,814,803,954,18,922,268,643,219,62,212,258,912,199,578,835,930,448,971,642,996,702,1003,223,357,90,202,386,23,157,959,65,119,107,114,85,98,65,65,96,93,81,53,66,62,108,68,99,81,70,72,43,63,50,59,87,57,55,48,54,85,85,79
[ 33.985594] wil6210-aoa$0,1606461633.163826,04:d6:aa:c1:38:97,2,1,1,0,128,273,957,794,796,951,979,414,393,124,362,83,200,799,11,240,614,900,930,395,939,677,1005,763,7,184,318,146,224,364,17,521,233,67,117,109,113,88,100,67,67,99,91,84,52,64,61,109,67,101,81,69,72,45,65,50,62,87,60,55,50,58,89,89,83
[ 34.020907] wil6210-aoa$0,1606461633.199139,04:d6:aa:c1:38:97,2,1,1,0,128,310,955,817,800,904,1002,829,155,249,414,31,190,888,103,263,618,943,958,384,858,780,55,708,8,180,331,99,215,811,825,253,41,69,121,112,115,88,104,68,67,100,97,89,58,69,66,116,72,102,84,71,75,47,68,53,64,94,63,60,55,60,92,96,90
[ 34.050125] wil6210-aoa$0,1606461633.228355,04:d6:aa:c1:38:97,2,1,1,0,128,284,935,789,767,943,994,460,429,150,342,97,261,828,49,187,570,906,960,405,952,714,31,757,27,168,311,132,236,336,47,160,958,50,91,81,87,65,74,49,51,74,68,61,39,47,47,81,52,71,59,52,54,33,48,38,45,67,44,42,38,41,64,68,64
[ 34.084527] wil6210-aoa$0,1606461633.262756,04:d6:aa:c1:38:97,2,1,1,0,128,223,908,790,776,387,817,408,391,116,326,24,224,827,33,633,380,993,1008,378,925,705,1019,746,20,689,154,595,77,356,52,60,826,58,104,93,98,77,88,58,59,86,81,72,48,55,54,95,61,85,67,62,63,38,55,44,55,76,51,50,43,51,78,79,77
[ 34.122225] wil6210-aoa$0,1606461633.300452,04:d6:aa:c1:38:97,2,1,1,0,128,293,947,815,817,957,1020,345,351,139,322,66,224,780,1004,682,378,974,999,376,869,780,64,704,3,203,380,80,217,338,993,304,1022,49,92,80,84,64,70,48,49,72,66,61,36,45,43,77,48,69,57,49,52,29,41,34,41,61,37,36,32,36,56,57,52
[ 34.157149] wil6210-aoa$0,1606461633.335381,04:d6:aa:c1:38:97,2,1,1,0,128,268,942,769,754,890,996,936,217,232,381,536,21,859,44,238,589,917,959,367,901,724,13,669,1010,691,208,80,211,802,854,299,118,68,115,108,114,88,102,68,68,100,94,85,57,66,64,114,71,99,81,70,74,45,66,53,63,89,61,58,51,58,90,92,88
[ 34.191546] wil6210-aoa$0,1606461633.369778,04:d6:aa:c1:38:97,2,1,1,0,128,304,936,736,780,917,993,433,403,208,401,71,204,812,25,260,647,856,920,347,895,156,833,714,999,263,408,63,204,449,106,238,1011,67,120,110,113,86,99,68,69,98,95,84,54,67,65,109,69,98,80,70,73,43,64,51,60,88,58,56,49,56,87,89,84
[ 34.221113] wil6210-aoa$0,1606461633.399345,04:d6:aa:c1:38:97,2,1,1,0,128,254,904,839,767,969,14,396,400,111,341,87,238,870,59,169,567,867,964,358,933,786,55,652,0,199,381,141,245,420,74,849,589,67,119,109,115,86,100,69,67,98,93,86,54,67,63,112,70,101,82,72,74,46,68,54,64,90,60,59,52,60,90,95,88
