
[ 26.383946] wil6210-aoa$0,1606461626.300838,04:d6:aa:c1:38:97,2,1,1,0,128,281,939,727,730,391,816,862,168,222,418,9,192,885,148,239,654,916,985,428,905,769,66,53,832,748,215,598,58,404,81,124,812,52,99,91,95,70,81,53,53,80,75,70,45,51,51,91,56,79,65,57,59,35,52,41,53,72,48,47,43,49,72,76,71
[ 26.413535] wil6210-aoa$0,1606461626.330422,04:d6:aa:c1:38:97,2,1,1,0,128,332,931,816,822,872,11,461,426,150,384,20,164,803,1,275,626,904,942,326,891,216,878,683,1007,683,130,169,260,405,67,585,345,53,99,88,95,70,82,54,56,81,75,70,45,54,53,91,57,81,65,55,59,36,54,41,50,72,48,46,42,49,73,77,73
[ 26.441132] wil6210-aoa$0,1606461626.358021,04:d6:aa:c1:38:97,2,1,1,0,128,313,927,877,832,888,989,442,411,189,396,59,223,865,80,233,595,908,942,442,940,768,92,729,24,198,346,165,255,347,40,493,218,52,92,87,92,68,79,51,53,77,74,66,44,52,49,89,55,80,63,54,57,35,50,40,48,69,47,44,40,45,70,73,71
[ 26.469015] wil6210-aoa$0,1606461626.385901,04:d6:aa:c1:38:97,2,1,1,0,128,269,899,804,782,902,980,937,243,176,357,512,1006,248,875,188,579,293,723,839,686,160,854,245,921,227,401,109,233,867,892,964,825,52,102,93,97,70,80,54,57,80,73,70,44,52,51,86,55,80,66,55,58,36,48,39,49,70,42,41,36,42,67,68,62
[ 26.497537] wil6210-aoa$0,1606461626.414429,04:d6:aa:c1:38:97,2,1,1,0,128,223,896,745,777,392,823,898,231,205,387,47,193,865,86,184,624,915,991,338,921,753,28,716,25,647,149,538,15,374,44,29,708,47,84,77,82,63,71,46,48,70,67,61,37,44,44,78,50,69,55,51,52,31,44,35,41,61,39,37,33,39,59,60,56
[ 26.519295] wil6210-aoa$0,1606461626.436183,04:d6:aa:c1:38:97,2,1,1,0,128,277,896,734,733,976,14,442,403,216,380,85,185,809,82,188,529,983,986,441,944,738,11,755,2,221,388,118,252,340,39,108,822,54,101,91,96,70,80,52,53,80,74,68,43,51,47,87,54,78,65,58,57,35,51,38,47,71,44,46,38,44,68,67,63
[ 26.550944] wil6210-aoa$0,1606461626.467833,04:d6:aa:c1:38:97,2,1,1,0,128,301,937,814,810,927,999,442,440,120,368,53,173,813,57,644,342,325,772,334,886,161,866,740,32,228,353,147,268,359,34,704,524,52,101,92,96,71,82,52,55,80,75,66,41,53,51,85,53,79,64,55,58,34,48,39,48,68,42,42,38,41,65,68,58
[ 26.580032] wil6210-aoa$0,1606461626.496924,04:d6:aa:c1:38:97,2,1,1,0,128,289,950,801,782,354,825,870,208,627,173,59,155,825,34,191,546,919,979,368,883,163,861,710,1,666,184,599,68,342,15,245,969,56,105,89,99,72,82,54,55,82,75,72,43,53,52,89,53,82,66,58,59,35,48,40,46,68,43,41,37,41,65,67,59
[ 26.604961] wil6210-aoa$0,1606461626.521847,04:d6:aa:c1:38:97,2,1,1,2,128,289,950,801,782,354,825,870,208,627,173,59,155,825,34,191,546,919,979,368,883,163,861,710,1,666,184,599,68,342,15,245,969,52,101,92,96,71,82,52,55,80,75,66,41,53,51,85,53,79,64,55,58,34,48,39,48,68,42,42,38,41,65,68,58
[ 26.633925] wil6210-aoa$0,1606461626.550812,04:d6:aa:c1:38:97,2,1,1,0,128,344,946,838,813,956,1001,443,396,138,338,59,160,826,11,215,589,874,952,372,903,675,12,721,27,200,332,140,265,352,24,104,822,55,101,93,97,75,84,58,57,83,78,70,45,56,53,96,60,84,70,62,63,38,57,42,55,76,52,50,43,51,77,78,76
[ 26.661946] wil6210-aoa$0,1606461626.578833,04:d6:aa:c1:38:97,2,1,1,0,128,304,971,823,790,327,781,427,414,160,345,589,36,302,906,719,405,368,730,829,695,176,841,137,797,745,211,68,196,388,61,413,187,56,103,95,97,76,85,56,58,84,79,71,46,53,52,93,55,83,68,59,62,36,52,41,51,71,46,45,40,46,70,72,68
[ 26.688363] wil6210-aoa$0,1606461626.605255,04:d6:aa:c1:38:97,2,1,1,0,128,224,890,809,802,965,5,453,460,122,325,64,235,823,25,262,591,834,917,374,893,728,1014,797,41,193,331,89,220,324,6,588,321,45,85,79,82,62,70,47,48,69,64,60,38,43,42,77,47,70,57,49,52,31,42,35,43,60,38,39,33,39,61,59,57
[ 26.711840] wil6210-aoa$0,1606461626.628727,04:d6:aa:c1:38:97,2,1,1,0,128,377,961,751,750,890,1015,379,377,161,335,51,178,871,39,248,624,803,887,880,752,726,69,690,12,741,224,637,113,390,73,570,333,49,92,83,89,67,76,50,51,75,71,64,42,50,49,82,52,74,61,54,55,33,48,39,48,67,45,42,37,44,66,69,65
[ 26.742767] wil6210-aoa$0,1606461626.659654,04:d6:aa:c1:38:97,2,1,1,0,128,280,908,726,737,911,974,420,392,116,336,60,191,849,89,239,634,859,933,411,945,719,1023,713,3,635,157,50,158,823,815,314,55,54,103,91,96,73,82,55,58,83,78,70,45,54,52,91,57,85,67,58,62,37,53,42,51,74,47,45,40,46,69,73,67
[ 26.770689] wil6210-aoa$0,1606461626.687580,04:d6:aa:c1:38:97,2,1,1,0,128,204,885,756,726,899,949,891,206,137,339,524,1014,260,856,679,352,329,740,862,712,201,875,149,847,751,218,123,262,384,78,642,448,52,96,85,90,71,79,53,54,76,73,67,41,50,51,85,54,77,64,57,58,34,50,40,49,68,45,43,39,43,67,70,66
[ 26.795326] wil6210-aoa$0,1606461626.712212,04:d6:aa:c1:38:97,2,1,1,0,128,318,940,759,741,950,996,473,434,174,377,103,199,849,55,265,626,870,897,364,908,727,43,702,1016,252,384,128,247,346,20,12,712,54,100,89,97,73,82,56,58,81,77,72,43,52,52,91,55,81,67,57,58,36,51,41,49,73,48,43,39,46,71,70,65
[ 26.821065] wil6210-aoa$0,1606461626.737956,04:d6:aa:c1:38:97,2,1,1,0,128,311,929,776,803,389,822,919,226,594,161,554,18,805,35,190,600,852,910,363,911,722,48,802,74,243,388,153,221,362,12,785,582,49,91,84,89,67,73,49,50,75,70,65,41,48,46,83,49,74,59,52,53,33,47,35,43,66,39,39,33,39,61,62,57
[ 26.850335] wil6210-aoa$0,1606461626.767226,04:d6:aa:c1:38:97,2,1,1,0,128,327,954,814,805,910,1002,397,414,270,415,43,180,832,79,145,588,883,922,444,939,707,1011,741,45,210,403,149,291,390,44,448,207,44,85,77,81,62,66,44,47,68,65,57,35,43,42,73,47,66,55,48,49,29,42,31,37,58,36,34,30,35,53,56,49
[ 26.873549] wil6210-aoa$0,1606461626.790435,04:d6:aa:c1:38:97,2,1,1,0,128,291,925,821,797,953,991,444,392,173,376,81,208,788,29,242,606,869,961,842,764,704,22,721,1021,708,179,591,16,790,852,515,219,53,100,89,97,70,83,56,57,81,78,72,46,53,51,92,55,81,66,58,58,36,52,42,50,73,47,45,39,45,70,72,65
[ 26.904821] wil6210-aoa$0,1606461626.821710,04:d6:aa:c1:38:97,2,1,1,0,128,209,896,710,721,420,846,364,358,683,158,92,193,836,57,186,568,937,991,311,889,747,30,712,5,240,347,581,17,386,17,1014,764,55,99,91,96,73,84,56,57,82,76,68,44,52,51,88,58,81,66,56,59,36,52,40,49,70,46,43,38,44,69,71,64
[ 26.932758] wil6210-aoa$0,1606461626.849647,04:d6:aa:c1:38:97,2,1,1,0,128,800,748,818,821,887,964,437,423,125,342,58,212,269,878,736,436,404,791,387,928,689,53,667,8,233,388,163,235,321,24,732,462,51,102,91,96,71,78,51,55,74,71,68,37,48,48,80,51,73,61,52,52,30,40,34,39,61,36,34,28,34,54,55,45
[ 26.958499] wil6210-aoa$0,1606461626.875390,04:d6:aa:c1:38:97,2,1,1,0,128,264,913,789,773,336,791,395,362,180,365,24,203,827,49,225,589,896,944,352,892,723,25,622,1009,195,333,172,247,339,1022,551,295,55,99,93,95,71,82,53,56,82,76,70,43,52,50,91,57,80,66,57,59,34,50,40,48,68,44,43,36,43,64,64,61
[ 26.985118] wil6210-aoa$0,1606461626.902005,04:d6:aa:c1:38:97,2,1,1,0,128,300,912,850,819,930,991,387,336,601,151,31,163,829,42,221,598,903,957,363,909,773,31,712,1021,227,383,135,231,279,1,7,928,54,102,90,95,72,81,55,56,81,76,72,46,53,52,91,57,80,67,59,60,35,50,42,49,71,47,45,39,44,71,73,65
[ 27.008438] wil6210-aoa$0,1606461626.925331,04:d6:aa:c1:38:97,2,1,1,0,128,746,718,235,586,877,988,432,388,575,124,552,23,262,877,620,386,280,735,826,669,189,881,128,807,684,180,515,13,794,844,32,861,55,101,91,97,72,82,56,57,82,77,72,47,55,53,91,58,82,66,60,62,37,53,45,52,72,48,47,42,47,74,76,70
[ 27.038443] wil6210-aoa$0,1606461626.955334,04:d6:aa:c1:38:97,2,1,1,0,128,781,715,251,576,425,824,911,181,683,167,541,23,889,117,672,411,851,957,324,869,144,829,194,822,656,179,573,14,360,47,962,772,52,102,92,98,72,81,54,56,82,75,67,43,51,49,90,57,79,66,58,59,35,49,40,47,69,44,43,37,41,67,68,61
[ 27.062569] wil6210-aoa$0,1606461626.979458,04:d6:aa:c1:38:97,2,1,1,0,128,331,963,790,796,1003,2,383,397,164,361,63,201,767,7,214,580,887,966,354,915,766,39,735,55,215,392,137,285,416,96,487,84,45,84,78,84,61,69,47,48,67,66,59,38,45,43,77,48,69,58,50,50,31,44,36,44,64,40,37,34,39,63,62,58
[ 27.088714] wil6210-aoa$0,1606461627.005605,04:d6:aa:c1:38:97,2,1,1,0,128,750,711,256,613,950,1013,439,410,158,378,1020,154,837,72,163,583,862,943,369,938,740,30,751,46,245,405,125,248,355,63,917,723,57,101,91,97,72,84,58,56,83,79,71,45,54,50,95,59,84,70,59,61,35,53,42,50,73,49,47,40,47,72,74,69
[ 27.118080] wil6210-aoa$0,1606461627.034967,04:d6:aa:c1:38:97,2,1,1,0,128,236,949,220,606,920,1008,420,429,179,386,1019,206,802,41,172,560,330,766,412,916,740,11,732,33,196,360,159,225,372,59,878,580,55,100,92,96,73,84,55,55,82,77,70,46,56,54,91,58,84,68,57,59,38,52,42,51,75,47,47,42,47,71,76,70
[ 27.145208] wil6210-aoa$0,1606461627.062100,04:d6:aa:c1:38:97,2,1,1,0,128,286,925,263,614,393,817,376,371,649,188,476,1022,268,873,609,391,360,756,890,701,728,1,242,859,243,350,564,1017,825,809,506,339,48,89,85,88,66,74,49,51,73,68,62,40,45,46,79,52,73,60,53,53,32,45,34,42,64,38,38,32,38,57,60,54
[ 27.170982] wil6210-aoa$0,1606461627.087869,04:d6:aa:c1:38:97,2,1,1,0,128,266,939,742,756,906,955,954,226,643,144,15,186,839,68,160,585,940,968,366,924,729,36,761,62,215,399,100,237,332,18,246,73,50,94,86,90,68,77,54,53,75,71,64,40,50,47,84,52,74,61,55,56,31,46,36,45,66,42,40,36,43,64,67,61
[ 27.200397] wil6210-aoa$0,1606461627.117289,04:d6:aa:c1:38:97,2,1,1,0,128,262,931,772,781,932,972,409,360,244,396,94,265,816,53,190,563,924,969,408,923,787,86,685,9,225,398,149,263,379,60,920,646,52,103,90,96,72,82,55,57,78,76,69,43,51,48,91,58,81,67,57,62,34,52,39,49,72,46,44,38,45,69,69,63
[ 27.223941] wil6210-aoa$0,1606461627.140829,04:d6:aa:c1:38:97,2,1,1,0,128,740,762,223,613,929,1016,442,451,159,398,64,215,827,58,216,600,878,945,819,701,213,889,149,838,667,147,605,23,391,54,896,670,50,93,85,91,67,78,51,51,77,72,66,41,51,48,88,53,77,62,55,55,36,51,41,49,69,47,44,40,46,69,76,69
[ 27.255025] wil6210-aoa$0,1606461627.171913,04:d6:aa:c1:38:97,2,1,1,0,128,343,941,813,788,962,1001,318,351,253,423,41,189,842,75,174,588,980,11,353,952,753,55,810,91,209,386,103,251,370,56,360,36,46,84,75,82,60,70,48,46,69,65,59,37,44,44,76,49,68,56,50,51,30,45,35,43,59,40,37,34,39,60,60,57
[ 27.278133] wil6210-aoa$0,1606461627.195027,04:d6:aa:c1:38:97,2,1,1,0,128,257,894,793,775,912,988,413,398,120,319,79,197,757,0,208,602,868,950,354,900,748,42,737,33,222,338,602,75,341,38,910,657,54,99,89,96,70,80,54,56,80,73,69,44,53,52,90,54,82,66,59,58,36,50,40,48,69,46,45,36,44,68,70,64
[ 27.308248] wil6210-aoa$0,1606461627.225140,04:d6:aa:c1:38:97,2,1,1,0,128,726,706,254,600,900,983,420,381,134,362,17,145,799,22,154,483,390,789,391,923,837,87,617,966,159,348,107,277,322,22,111,956,56,101,90,97,69,81,54,56,83,77,69,45,55,52,90,58,81,66,59,60,37,53,42,53,73,48,46,41,47,70,73,68
[ 27.332741] wil6210-aoa$0,1606461627.249629,04:d6:aa:c1:38:97,2,1,1,0,128,322,943,780,763,958,1012,394,376,147,370,55,205,876,69,657,353,390,806,814,726,746,43,679,1016,669,172,129,218,388,65,352,162,50,89,84,88,67,76,50,51,74,71,63,40,48,47,84,54,75,61,52,56,33,47,39,47,67,43,43,37,44,66,68,64
[ 27.359077] wil6210-aoa$0,1606461627.275970,04:d6:aa:c1:38:97,2,1,1,0,128,302,920,780,762,889,920,396,349,140,331,62,185,868,28,227,594,845,909,401,909,721,35,715,54,157,353,126,283,317,51,603,333,52,100,91,95,70,78,53,54,77,71,67,40,49,47,83,51,77,63,54,57,32,45,37,45,64,39,37,33,37,61,57,51
[ 27.387976] wil6210-aoa$0,1606461627.304861,04:d6:aa:c1:38:97,2,1,1,0,128,254,887,180,517,406,789,852,215,619,119,541,1020,271,873,191,551,913,950,847,669,142,793,215,850,712,177,155,245,380,43,601,339,55,103,93,98,74,83,56,55,82,76,70,43,53,51,90,56,82,66,58,60,35,50,40,50,69,45,44,38,44,67,70,65
[ 27.411988] wil6210-aoa$0,1606461627.328880,04:d6:aa:c1:38:97,2,1,1,0,128,241,881,210,555,414,813,365,345,164,356,121,281,830,67,168,577,930,966,358,900,701,1022,766,1,251,368,217,317,315,28,263,46,50,97,85,91,68,76,52,54,76,71,64,42,51,48,85,53,77,58,53,55,34,46,38,46,65,44,40,36,43,66,66,62
[ 27.437134] wil6210-aoa$0,1606461627.354026,04:d6:aa:c1:38:97,2,1,1,0,128,801,708,259,587,962,1006,398,413,588,125,591,46,810,51,139,529,894,925,847,716,782,65,735,34,243,392,130,221,391,22,569,335,57,100,92,98,72,84,57,55,82,80,72,48,58,54,96,61,86,67,61,62,39,57,45,56,76,53,48,45,52,76,79,75
[ 27.467490] wil6210-aoa$0,1606461627.384380,04:d6:aa:c1:38:97,2,1,1,0,128,351,951,783,791,911,1015,858,164,642,185,46,168,823,58,225,651,908,986,344,865,196,891,726,30,164,366,147,292,341,18,190,962,56,102,93,97,74,83,58,57,84,80,71,46,56,54,94,60,84,68,58,63,38,57,43,52,76,51,49,45,50,78,79,77
[ 27.495606] wil6210-aoa$0,1606461627.412499,04:d6:aa:c1:38:97,2,1,1,0,128,295,954,779,772,952,998,447,420,228,447,27,219,830,56,174,604,937,997,314,868,752,50,757,46,246,398,150,285,356,42,837,680,47,86,78,80,61,70,46,48,68,66,60,38,46,45,79,49,69,56,51,52,30,45,37,43,60,41,39,34,40,63,64,60
[ 27.520587] wil6210-aoa$0,1606461627.437476,04:d6:aa:c1:38:97,2,1,1,0,128,343,918,734,750,985,1002,468,411,153,365,43,222,821,63,276,618,894,972,401,923,700,2,806,66,181,341,118,213,315,30,613,415,46,83,78,82,60,71,48,48,70,65,60,38,44,43,79,48,68,55,49,51,30,41,35,40,60,38,38,33,38,60,60,54
[ 27.550731] wil6210-aoa$0,1606461627.467621,04:d6:aa:c1:38:97,2,1,1,0,128,317,935,735,781,922,984,869,192,149,391,79,189,866,65,644,376,928,979,297,861,749,22,722,36,209,358,135,293,319,39,282,4,48,86,78,83,63,71,50,49,70,67,62,39,48,45,80,50,71,56,52,52,33,48,36,46,64,43,39,36,41,63,64,61
[ 27.573503] wil6210-aoa$0,1606461627.490395,04:d6:aa:c1:38:97,2,1,1,0,128,293,940,782,796,990,6,409,342,225,401,4,175,877,109,239,600,945,1008,399,977,689,2,696,22,244,380,110,242,398,75,840,630,56,102,92,95,72,81,54,54,80,75,69,42,52,51,87,56,81,64,59,58,36,51,40,50,71,46,45,40,45,69,70,67
[ 27.605212] wil6210-aoa$0,1606461627.522102,04:d6:aa:c1:38:97,2,1,1,0,128,705,691,821,809,920,965,471,430,114,369,10,150,341,879,211,586,917,947,412,923,705,16,741,3,244,364,96,210,350,26,688,473,55,102,89,97,73,83,55,57,83,77,71,46,56,52,92,58,82,66,60,61,37,53,43,50,73,48,48,39,46,73,75,71
[ 27.634308] wil6210-aoa$0,1606461627.551195,04:d6:aa:c1:38:97,2,1,1,0,128,317,952,754,707,413,868,915,230,674,173,543,31,875,63,187,529,934,948,402,930,678,7,660,1003,186,315,581,3,836,854,630,439,54,100,91,96,73,84,57,58,80,79,70,45,54,51,92,54,82,67,58,60,37,53,43,52,75,49,48,41,49,74,73,70
[ 27.662814] wil6210-aoa$0,1606461627.579705,04:d6:aa:c1:38:97,2,1,1,0,128,315,930,802,801,952,1000,892,257,552,113,93,243,828,95,214,626,889,971,363,883,699,2,767,16,694,166,126,234,386,56,793,580,55,104,93,98,72,83,55,58,82,78,71,45,53,52,91,58,81,64,60,60,36,53,44,54,76,50,48,42,49,73,75,70
[ 27.685753] wil6210-aoa$0,1606461627.602644,04:d6:aa:c1:38:97,2,1,1,0,128,319,928,772,768,375,819,499,444,160,409,97,242,798,38,242,587,901,972,366,910,751,51,757,36,136,317,160,271,436,124,409,139,47,86,78,82,63,69,48,48,70,66,61,41,47,45,78,49,72,58,50,51,32,47,36,45,64,43,41,38,43,64,65,64
[ 27.715114] wil6210-aoa$0,1606461627.632000,04:d6:aa:c1:38:97,2,1,1,0,128,257,899,765,741,987,1,368,362,666,188,521,1003,254,878,656,370,378,766,428,923,725,28,712,1020,173,328,127,239,381,1020,467,209,53,101,92,98,72,81,54,55,82,76,70,43,53,53,92,55,81,66,59,58,35,49,42,49,70,45,45,38,43,67,69,63
[ 27.744934] wil6210-aoa$0,1606461627.661820,04:d6:aa:c1:38:97,2,1,1,0,128,758,765,171,552,373,826,889,219,566,145,514,979,328,911,164,596,894,985,304,857,768,66,690,990,733,191,112,222,349,36,433,153,57,102,90,95,74,84,56,59,83,78,70,47,54,52,94,59,83,68,59,61,37,53,44,51,74,49,48,42,49,74,77,72
[ 27.774718] wil6210-aoa$0,1606461627.691607,04:d6:aa:c1:38:97,2,1,1,0,128,313,909,842,799,926,1020,374,355,181,349,85,205,851,76,223,636,873,976,364,889,148,845,752,14,223,390,152,267,368,73,489,161,56,101,92,94,74,87,56,56,84,80,71,46,56,51,94,59,81,67,61,63,37,53,44,52,75,48,48,42,49,73,78,74
[ 27.804000] wil6210-aoa$0,1606461627.720885,04:d6:aa:c1:38:97,2,1,1,0,128,261,943,832,825,919,986,407,393,206,421,34,199,804,1,245,634,861,927,486,1022,732,26,751,53,210,395,136,281,360,36,117,752,47,87,79,84,63,71,47,50,71,67,61,39,45,45,79,49,73,59,53,53,32,46,37,46,64,41,41,37,42,64,66,63
[ 27.835473] wil6210-aoa$0,1606461627.752361,04:d6:aa:c1:38:97,2,1,1,0,128,757,674,269,584,356,802,840,165,150,349,570,45,225,839,682,359,398,800,397,859,734,40,164,831,725,208,602,26,820,840,397,189,53,100,91,96,73,82,55,54,82,77,72,45,53,52,92,58,82,66,59,59,35,51,40,48,69,43,44,38,44,68,70,66
[ 27.864977] wil6210-aoa$0,1606461627.781866,04:d6:aa:c1:38:97,2,1,1,0,128,772,736,758,741,391,816,347,371,169,379,27,156,792,45,145,564,893,917,852,706,172,861,168,845,662,114,582,27,372,29,635,476,56,102,92,98,72,84,57,57,82,78,70,45,54,51,93,59,84,67,59,61,36,54,42,52,71,49,46,41,46,73,76,70
[ 27.888295] wil6210-aoa$0,1606461627.805182,04:d6:aa:c1:38:97,2,1,1,0,128,314,952,797,815,925,1007,391,393,158,386,63,198,823,29,169,530,893,936,310,854,767,66,695,1020,256,370,117,215,391,72,534,218,54,100,92,96,70,82,53,56,80,76,69,44,53,50,89,56,79,65,57,57,33,49,40,49,70,43,43,36,43,67,67,65
[ 27.921233] wil6210-aoa$0,1606461627.838121,04:d6:aa:c1:38:97,2,1,1,0,128,340,972,765,785,955,2,418,393,179,369,87,222,871,102,186,575,934,982,321,894,699,36,733,20,241,406,106,219,414,63,687,395,55,100,93,97,73,82,57,57,82,78,70,45,54,51,92,57,85,68,59,61,37,52,42,51,73,48,46,42,48,74,74,70
[ 27.950951] wil6210-aoa$0,1606461627.867836,04:d6:aa:c1:38:97,2,1,1,0,128,834,773,826,797,937,982,395,413,144,374,525,7,307,892,704,426,918,1000,395,954,732,33,725,3,199,369,142,271,376,64,71,893,55,96,92,96,73,82,55,57,81,75,69,45,55,53,93,59,84,67,57,59,37,53,43,53,76,50,45,41,48,72,74,69
[ 27.973804] wil6210-aoa$0,1606461627.890695,04:d6:aa:c1:38:97,2,1,1,0,128,707,677,783,755,922,987,344,368,154,345,38,186,246,861,210,568,915,960,403,888,741,18,716,28,277,417,120,244,383,80,682,362,48,94,81,85,64,72,50,50,72,68,62,38,45,45,79,47,73,59,50,52,32,46,34,41,62,36,38,32,35,58,58,55
[ 28.001625] wil6210-aoa$0,1606461627.918511,04:d6:aa:c1:38:97,2,1,1,0,128,757,745,259,628,941,964,416,400,158,348,467,968,301,847,193,599,352,754,845,711,201,845,733,1023,664,165,592,1020,880,864,975,674,54,100,87,94,70,81,53,54,81,75,68,43,53,49,90,55,79,66,56,58,35,50,41,49,71,47,46,41,46,70,72,70
[ 28.032714] wil6210-aoa$0,1606461627.949601,04:d6:aa:c1:38:97,2,1,1,0,128,285,935,774,773,893,993,399,390,120,339,37,180,252,860,664,388,867,938,353,891,687,1023,166,845,270,398,572,5,402,74,864,649,47,91,82,86,63,72,49,50,71,67,61,39,47,45,81,50,72,60,51,55,31,45,33,43,64,39,42,35,41,64,63,59
[ 28.062722] wil6210-aoa$0,1606461627.979608,04:d6:aa:c1:38:97,2,1,1,0,128,755,714,285,556,963,981,359,338,217,387,48,202,809,31,120,515,857,893,876,682,235,895,655,1010,259,379,62,199,322,14,662,431,50,90,84,88,66,76,49,50,74,69,63,38,49,47,85,49,74,60,51,54,31,47,37,44,65,41,40,35,40,62,64,61
[ 28.092747] wil6210-aoa$0,1606461628.009634,04:d6:aa:c1:38:97,2,1,1,0,128,792,767,784,786,407,824,907,218,183,386,120,248,838,23,181,571,881,897,383,900,241,855,740,1011,201,377,158,260,347,4,889,717,56,105,95,102,74,87,58,60,85,82,74,47,56,56,97,61,89,71,62,63,38,57,43,54,75,50,49,42,49,75,77,71
[ 28.123181] wil6210-aoa$0,1606461628.040068,04:d6:aa:c1:38:97,2,1,1,0,128,313,923,894,865,909,996,348,376,234,406,95,238,854,71,243,607,962,998,465,985,766,56,854,123,206,388,131,305,355,68,165,936,58,105,97,101,76,88,59,60,86,84,77,49,57,56,100,63,88,71,62,66,37,56,45,55,77,52,50,43,50,80,81,77
[ 28.153323] wil6210-aoa$0,1606461628.070209,04:d6:aa:c1:38:97,2,1,1,0,128,790,784,751,760,955,1006,400,395,183,375,19,150,248,873,275,639,888,938,414,904,685,22,778,21,193,356,107,218,358,40,1004,705,59,109,98,102,77,88,59,59,87,81,75,48,57,56,99,62,88,71,63,65,40,57,46,55,78,52,51,43,52,77,81,78
[ 28.184157] wil6210-aoa$0,1606461628.101045,04:d6:aa:c1:38:97,2,1,1,0,128,766,741,798,767,952,983,427,409,581,147,5,134,321,911,223,602,919,991,362,890,698,7,721,50,279,432,91,222,363,18,939,696,57,106,98,102,76,90,59,59,86,83,76,48,57,55,99,61,85,70,61,63,40,57,43,54,77,50,48,44,49,77,78,73
[ 28.214539] wil6210-aoa$0,1606461628.131428,04:d6:aa:c1:38:97,2,1,1,0,128,760,721,787,759,421,804,392,395,189,394,35,196,796,17,663,364,295,717,781,679,168,871,179,871,727,206,69,216,392,50,503,246,57,106,97,102,76,86,59,59,86,80,72,48,58,52,98,61,87,71,60,63,38,55,44,55,78,52,47,44,49,77,77,71
[ 28.245016] wil6210-aoa$0,1606461628.161905,04:d6:aa:c1:38:97,2,1,1,0,128,263,890,858,786,989,8,431,410,215,423,76,210,822,35,132,504,418,780,398,910,254,921,760,47,257,372,75,165,869,889,741,541,57,103,92,102,74,84,57,57,84,79,71,46,55,52,94,59,83,67,61,63,37,52,40,51,74,47,46,39,47,73,74,68
[ 28.275181] wil6210-aoa$0,1606461628.192069,04:d6:aa:c1:38:97,2,1,1,0,128,332,930,859,811,987,4,456,448,103,324,538,997,881,77,240,619,868,932,400,931,806,71,717,1017,146,316,71,206,885,927,455,214,54,98,90,95,71,84,55,57,80,78,69,45,54,51,90,55,82,68,57,60,35,52,42,51,73,46,45,41,47,70,73,69
[ 28.305140] wil6210-aoa$0,1606461628.222030,04:d6:aa:c1:38:97,2,1,1,0,128,291,935,776,798,963,1012,421,376,232,428,23,158,896,83,198,595,885,938,363,871,230,855,152,854,189,373,65,199,378,66,374,51,52,99,88,95,69,79,55,53,77,74,68,43,50,49,87,55,78,64,57,57,35,48,39,47,70,45,41,37,43,67,66,60
[ 28.335274] wil6210-aoa$0,1606461628.252161,04:d6:aa:c1:38:97,2,1,1,0,128,769,716,805,771,993,1021,369,377,140,348,107,251,821,33,140,563,919,978,381,945,137,845,115,823,665,172,610,53,823,871,382,268,52,99,89,95,73,80,54,55,79,75,67,43,51,51,92,55,80,65,56,59,34,50,41,49,72,46,45,40,46,73,72,66
[ 28.365714] wil6210-aoa$0,1606461628.282606,04:d6:aa:c1:38:97,2,1,1,0,128,308,977,781,787,927,1014,436,435,173,381,27,165,867,87,141,582,899,946,350,856,733,10,176,832,717,162,585,56,408,1018,239,976,49,90,84,87,66,75,50,51,74,71,65,40,50,47,85,52,75,62,54,54,33,48,38,46,66,43,43,36,42,65,67,65
[ 28.390569] wil6210-aoa$0,1606461628.307455,04:d6:aa:c1:38:97,2,1,1,0,128,239,936,786,734,951,1000,398,352,202,416,2,156,323,873,658,354,895,962,345,872,726,1022,778,35,213,347,80,164,797,840,9,894,55,100,90,95,71,81,55,55,82,77,69,46,51,50,92,57,81,65,55,60,35,53,40,50,74,45,44,40,47,70,69,69
[ 28.421997] wil6210-aoa$0,1606461628.338886,04:d6:aa:c1:38:97,2,1,1,0,128,743,776,183,539,942,1004,906,225,676,229,525,1019,805,34,196,570,407,787,868,720,246,859,740,26,664,145,657,69,885,893,785,549,45,83,75,79,58,68,46,46,69,62,58,36,43,41,74,46,67,54,49,51,29,43,35,42,59,39,39,34,39,59,62,58
[ 28.447514] wil6210-aoa$0,1606461628.364402,04:d6:aa:c1:38:97,2,1,1,2,128,743,776,183,539,942,1004,906,225,676,229,525,1019,805,34,196,570,407,787,868,720,246,859,740,26,664,145,657,69,885,893,785,549,55,100,90,95,71,81,55,55,82,77,69,46,51,50,92,57,81,65,55,60,35,53,40,50,74,45,44,40,47,70,69,69
[ 28.473283] wil6210-aoa$0,1606461628.390171,04:d6:aa:c1:38:97,2,1,1,0,128,364,955,722,774,924,1004,423,383,611,147,54,175,869,61,179,583,897,954,345,896,692,5,717,58,178,398,149,240,910,895,39,896,50,93,83,89,64,74,49,51,71,69,63,41,49,47,82,52,75,61,52,53,33,47,36,44,66,44,40,35,41,64,67,60
[ 28.500812] wil6210-aoa$0,1606461628.417703,04:d6:aa:c1:38:97,2,1,1,0,128,314,936,759,756,939,1020,426,395,220,378,78,217,791,58,139,545,921,949,363,956,791,82,706,17,243,409,48,206,364,46,546,402,49,92,82,88,67,74,50,53,74,71,64,39,45,45,82,50,72,60,53,57,32,47,37,47,65,42,41,36,40,63,65,63
[ 28.529818] wil6210-aoa$0,1606461628.446709,04:d6:aa:c1:38:97,2,1,1,0,128,755,677,240,581,937,5,456,429,181,359,113,251,818,21,207,565,891,942,849,721,695,41,807,106,222,375,92,211,362,64,855,502,48,93,83,89,65,74,50,50,74,69,63,40,47,46,84,51,75,63,54,55,32,46,36,45,65,41,40,35,40,65,64,59
[ 28.553317] wil6210-aoa$0,1606461628.470207,04:d6:aa:c1:38:97,2,1,1,0,128,332,945,784,777,1008,37,418,413,209,391,88,205,866,111,210,583,958,973,362,897,724,6,751,55,258,401,154,271,374,59,698,438,50,92,84,88,66,76,50,51,73,69,65,40,50,47,85,51,74,61,52,55,34,47,38,46,68,42,43,38,43,67,67,63
[ 28.582291] wil6210-aoa$0,1606461628.499179,04:d6:aa:c1:38:97,2,1,1,0,128,317,965,746,753,976,2,416,421,242,452,84,225,863,69,169,563,915,929,353,863,688,1014,217,847,277,431,127,240,354,54,720,447,54,101,91,98,72,82,57,56,81,78,70,45,55,50,92,57,84,67,56,58,36,53,41,49,73,46,44,37,45,70,70,65
[ 28.607544] wil6210-aoa$0,1606461628.524436,04:d6:aa:c1:38:97,2,1,1,0,128,815,746,815,818,1006,28,454,437,107,357,99,238,811,44,178,574,951,967,831,677,745,62,649,1016,216,335,538,10,866,881,436,198,50,92,83,88,66,75,51,52,77,71,64,41,51,47,83,51,77,63,54,54,32,49,37,47,68,44,42,38,44,67,67,63
[ 28.637508] wil6210-aoa$0,1606461628.554401,04:d6:aa:c1:38:97,2,1,1,0,128,777,734,828,815,903,980,394,383,117,315,551,30,770,1013,144,519,350,769,387,932,748,64,710,1009,213,364,131,258,350,18,642,369,55,101,91,96,74,84,55,55,83,77,69,45,53,51,90,58,81,67,59,60,36,51,42,51,71,47,48,41,46,70,75,68
[ 28.665068] wil6210-aoa$0,1606461628.581957,04:d6:aa:c1:38:97,2,1,1,0,128,278,927,731,773,890,1014,370,358,134,375,47,230,819,44,153,561,915,957,865,756,141,827,756,55,194,382,69,189,343,39,620,520,51,95,82,88,68,75,51,53,78,72,67,42,50,49,87,52,78,61,55,57,36,49,41,48,68,46,44,37,46,67,70,67
[ 28.690662] wil6210-aoa$0,1606461628.607555,04:d6:aa:c1:38:97,2,1,1,0,128,296,961,740,763,934,1018,411,406,138,360,24,181,275,856,673,420,919,980,381,926,744,67,702,31,263,393,544,10,840,860,495,330,51,92,84,88,66,76,51,51,76,73,64,43,49,49,85,54,76,62,55,57,34,50,39,48,69,47,46,38,46,70,72,66
[ 28.721685] wil6210-aoa$0,1606461628.638573,04:d6:aa:c1:38:97,2,1,1,0,128,789,756,293,612,351,820,884,231,590,133,503,1016,295,913,204,568,918,956,827,656,146,836,163,814,741,185,125,230,328,3,133,973,52,93,84,89,69,79,52,53,77,72,65,44,52,48,88,54,78,63,56,56,35,49,40,47,69,46,46,40,45,70,75,70
[ 28.752794] wil6210-aoa$0,1606461628.669681,04:d6:aa:c1:38:97,2,1,1,0,128,327,949,723,737,894,991,837,164,694,194,47,202,859,59,194,577,325,746,884,735,144,852,177,846,257,376,133,259,384,80,786,598,47,90,82,86,66,72,49,50,73,69,62,39,46,45,79,50,74,59,51,54,32,45,36,44,61,38,41,35,37,60,62,56
[ 28.777156] wil6210-aoa$0,1606461628.694048,04:d6:aa:c1:38:97,2,1,1,0,128,268,896,822,797,919,992,422,362,210,370,59,189,886,65,223,603,927,970,344,908,674,23,715,27,178,355,143,248,299,33,237,53,55,99,93,96,72,84,58,57,80,78,71,45,55,53,93,59,81,67,60,62,36,53,42,49,73,48,47,40,46,72,74,70
[ 28.804120] wil6210-aoa$0,1606461628.721007,04:d6:aa:c1:38:97,2,1,1,0,128,734,733,155,516,973,996,444,407,186,333,42,181,795,1013,181,567,872,948,369,926,684,23,205,877,219,356,55,176,341,6,43,852,46,85,77,80,62,70,46,47,69,64,57,37,44,44,74,47,68,56,49,50,30,43,35,42,60,40,37,33,37,60,62,57
[ 28.835265] wil6210-aoa$0,1606461628.752153,04:d6:aa:c1:38:97,2,1,1,0,128,232,871,769,784,949,978,389,390,135,343,1017,136,287,851,151,530,361,759,331,874,710,4,733,16,291,394,129,269,362,29,811,557,49,91,85,89,67,77,51,52,75,71,64,41,49,47,85,54,77,62,53,55,33,50,39,46,67,45,44,37,43,67,67,65
[ 28.859628] wil6210-aoa$0,1606461628.776517,04:d6:aa:c1:38:97,2,1,1,0,128,713,732,229,581,380,798,940,231,666,186,571,12,259,843,140,549,360,790,862,699,190,855,177,844,689,183,130,248,376,37,626,437,49,93,82,86,65,75,51,52,76,71,64,40,47,46,82,51,74,60,52,53,32,46,36,43,64,39,40,34,39,61,59,56
[ 28.889414] wil6210-aoa$0,1606461628.806306,04:d6:aa:c1:38:97,2,1,1,0,128,287,897,815,801,908,994,464,431,176,382,1,183,827,36,245,615,955,966,385,896,667,18,760,27,228,361,145,257,309,45,581,372,52,100,92,97,70,80,54,55,82,76,69,43,50,49,88,56,81,66,59,59,35,50,40,51,72,46,46,39,43,67,71,66
[ 28.918140] wil6210-aoa$0,1606461628.835025,04:d6:aa:c1:38:97,2,1,1,0,128,256,894,808,788,442,835,414,403,185,400,30,185,859,56,250,588,985,1014,392,928,764,71,700,35,225,392,125,251,365,54,68,848,55,101,90,95,71,82,55,54,81,77,71,45,54,51,93,59,83,66,62,61,37,53,42,54,73,49,48,44,49,74,74,71
[ 28.949455] wil6210-aoa$0,1606461628.866344,04:d6:aa:c1:38:97,2,1,1,0,128,226,874,745,729,961,994,471,427,223,421,68,213,800,38,135,554,848,932,841,723,785,40,766,46,238,434,56,204,350,38,558,310,54,100,89,95,73,82,55,54,81,76,70,45,53,53,91,54,83,66,59,61,36,54,42,51,71,48,47,41,48,72,74,72
[ 28.980338] wil6210-aoa$0,1606461628.897227,04:d6:aa:c1:38:97,2,1,1,0,128,356,977,798,796,961,28,403,376,210,382,1006,149,292,911,199,551,874,967,295,875,718,37,747,5,274,402,109,222,424,64,120,794,48,93,84,89,66,77,48,50,71,68,61,39,46,46,81,50,74,60,53,52,32,46,35,44,64,41,39,34,41,63,63,57
[ 29.004880] wil6210-aoa$0,1606461628.921773,04:d6:aa:c1:38:97,2,1,1,0,128,795,735,205,525,374,774,838,167,596,162,473,1003,256,847,645,381,334,765,839,695,769,6,773,14,652,136,554,7,822,843,374,256,51,100,89,95,71,80,54,53,79,72,67,42,50,48,86,53,76,63,56,58,33,48,38,45,66,41,41,34,40,64,64,57
[ 29.032101] wil6210-aoa$0,1606461628.948989,04:d6:aa:c1:38:97,2,1,1,0,128,766,745,256,573,989,1011,881,196,638,162,481,1,328,920,629,337,328,729,422,892,237,896,754,32,253,360,101,244,290,977,812,529,54,101,91,94,71,81,53,56,78,75,67,42,51,51,87,56,81,66,58,58,35,50,41,49,71,47,45,39,46,70,69,64
[ 29.064130] wil6210-aoa$0,1606461628.981019,04:d6:aa:c1:38:97,2,1,1,0,128,277,927,811,799,959,1007,411,399,176,396,1018,168,809,31,678,390,945,963,892,747,690,11,750,19,199,386,165,231,393,48,787,610,54,98,87,93,69,80,54,55,79,74,67,43,53,51,89,55,80,64,58,60,33,50,41,48,68,43,45,38,45,66,71,66
[ 29.088843] wil6210-aoa$0,1606461629.005735,04:d6:aa:c1:38:97,2,1,1,0,128,297,916,816,782,949,994,363,412,158,377,483,2,842,29,667,368,940,973,371,903,701,30,716,6,210,353,113,223,343,40,734,533,51,99,87,93,68,77,50,53,75,69,64,36,47,46,78,50,72,62,52,53,32,42,34,42,62,36,36,33,34,58,59,53
[ 29.115668] wil6210-aoa$0,1606461629.032556,04:d6:aa:c1:38:97,2,1,1,0,128,329,966,788,783,393,834,897,217,188,416,79,217,756,16,200,595,887,956,339,890,743,67,764,57,233,392,170,274,413,53,774,505,52,101,90,95,69,80,54,55,80,77,70,43,53,51,90,56,80,64,57,57,35,50,40,48,70,46,46,37,44,66,71,62
[ 29.147084] wil6210-aoa$0,1606461629.063972,04:d6:aa:c1:38:97,2,1,1,0,128,297,914,730,734,377,820,905,234,175,409,40,221,772,23,654,388,839,927,368,921,767,26,147,904,608,151,620,58,371,30,894,713,49,92,83,88,66,76,50,51,73,69,63,40,47,47,84,51,74,61,53,53,34,47,39,46,68,45,43,37,41,64,67,61
[ 29.172331] wil6210-aoa$0,1606461629.089218,04:d6:aa:c1:38:97,2,1,1,0,128,269,897,768,742,939,971,928,230,590,118,499,993,232,882,586,311,353,765,392,937,151,856,724,1007,716,166,606,18,437,71,878,595,47,91,81,86,64,74,48,50,72,67,61,39,45,44,80,50,73,59,52,55,31,45,34,45,63,40,39,35,41,63,62,58
[ 29.204278] wil6210-aoa$0,1606461629.121167,04:d6:aa:c1:38:97,2,1,1,0,128,795,758,799,801,361,787,907,187,610,158,6,160,833,53,208,578,901,983,344,879,757,17,735,20,607,85,598,26,351,12,308,46,51,93,83,88,67,75,52,53,76,69,65,42,49,47,84,52,74,60,54,54,32,45,38,45,65,42,40,36,41,63,66,61
[ 29.234633] wil6210-aoa$0,1606461629.151526,04:d6:aa:c1:38:97,2,1,1,0,128,318,936,222,583,943,980,870,163,612,149,23,155,843,20,193,588,394,753,441,915,749,28,158,811,692,134,521,1004,811,826,355,125,49,94,86,88,66,75,52,52,74,70,63,40,49,47,83,52,75,60,54,55,32,45,38,46,65,43,43,37,41,65,70,63
[ 29.258950] wil6210-aoa$0,1606461629.175842,04:d6:aa:c1:38:97,2,1,1,0,128,342,960,769,784,952,997,909,223,659,176,493,1020,262,862,688,378,899,945,303,836,759,55,709,28,177,356,617,59,311,8,582,337,50,91,84,90,66,78,52,51,75,70,63,43,53,47,87,53,79,63,54,56,35,50,40,49,68,46,43,39,44,70,70,66
[ 29.290045] wil6210-aoa$0,1606461629.206933,04:d6:aa:c1:38:97,2,1,1,0,128,264,881,818,772,975,8,366,329,222,426,78,184,824,50,194,588,908,959,350,862,205,869,712,1007,181,353,120,194,849,877,972,738,50,89,79,87,67,76,52,51,77,72,64,42,49,48,83,51,77,61,54,57,33,48,38,46,66,43,43,35,43,64,68,64
[ 29.314752] wil6210-aoa$0,1606461629.231644,04:d6:aa:c1:38:97,2,1,1,0,128,274,883,806,768,922,1007,881,196,657,212,52,193,337,920,675,368,325,771,840,728,153,852,737,44,211,350,48,188,337,28,800,607,49,94,82,87,66,77,50,50,73,71,65,41,50,48,84,52,74,61,55,55,33,49,37,48,67,45,42,38,44,68,70,65
[ 29.342165] wil6210-aoa$0,1606461629.259053,04:d6:aa:c1:38:97,2,1,1,0,128,305,921,813,819,941,985,464,378,119,348,73,215,852,70,205,599,907,951,390,935,720,40,701,25,208,323,569,17,836,849,15,742,53,97,91,94,71,82,56,54,79,74,71,45,52,51,89,57,82,66,58,60,34,50,41,51,69,46,45,38,44,70,72,67
[ 29.370853] wil6210-aoa$0,1606461629.287744,04:d6:aa:c1:38:97,2,1,1,0,128,251,926,769,798,988,21,371,349,668,189,541,1011,304,870,167,570,350,780,394,907,713,8,645,972,742,127,599,23,372,40,647,377,52,100,88,93,71,78,53,55,77,74,68,42,50,48,88,52,79,63,54,57,34,48,37,44,69,43,40,35,43,64,65,60
[ 29.401203] wil6210-aoa$0,1606461629.318094,04:d6:aa:c1:38:97,2,1,1,0,128,767,743,735,772,934,1011,446,439,151,396,1016,168,859,75,170,557,315,748,922,787,729,2,711,982,219,355,129,205,872,867,707,544,50,91,85,91,68,79,53,52,76,71,65,44,48,47,86,54,77,61,54,55,34,48,39,47,68,45,45,39,44,68,71,68
[ 29.429105] wil6210-aoa$0,1606461629.345993,04:d6:aa:c1:38:97,2,1,1,0,128,288,919,828,813,940,988,399,388,149,349,51,213,820,57,128,520,858,936,385,920,720,1018,163,818,311,457,104,232,818,847,12,848,50,92,84,88,67,76,52,51,75,69,63,42,49,47,84,51,77,62,54,56,35,49,37,46,68,46,43,37,45,68,68,63
[ 29.469395] wil6210-aoa$0,1606461629.386286,04:d6:aa:c1:38:97,2,1,1,0,128,732,715,184,509,399,831,909,233,182,389,2,194,242,842,705,396,345,785,371,877,724,1005,179,866,174,388,122,210,352,10,51,984,51,95,86,91,67,77,51,52,74,70,65,41,49,47,84,54,75,61,53,54,34,47,39,47,66,44,42,36,42,66,69,63
[ 29.498793] wil6210-aoa$0,1606461629.415680,04:d6:aa:c1:38:97,2,1,1,0,128,247,918,739,762,892,989,926,246,213,401,82,229,863,65,216,588,925,997,371,919,676,8,212,859,194,323,165,234,304,996,144,908,55,102,91,97,70,83,56,56,82,79,69,46,54,53,92,58,85,69,57,61,38,52,43,51,73,49,49,41,47,73,77,71
[ 29.530784] wil6210-aoa$0,1606461629.447671,04:d6:aa:c1:38:97,2,1,1,0,128,305,915,778,749,928,971,363,361,151,338,45,215,258,854,634,351,951,962,818,697,748,43,707,44,196,345,175,261,333,43,560,363,55,101,91,96,74,81,57,56,82,77,68,45,53,49,89,57,82,68,58,61,36,51,42,51,74,49,47,43,48,75,74,72
[ 29.562694] wil6210-aoa$0,1606461629.479584,04:d6:aa:c1:38:97,2,1,1,0,128,775,754,244,589,467,850,471,423,141,351,131,260,791,38,149,550,900,938,420,944,668,994,763,61,168,319,103,209,262,5,671,518,54,99,93,96,74,81,56,56,81,76,70,46,55,52,93,59,82,65,57,61,36,52,40,50,74,49,45,40,47,73,71,68
[ 29.592976] wil6210-aoa$0,1606461629.509868,04:d6:aa:c1:38:97,2,1,1,0,128,297,944,726,763,929,1004,419,394,100,398,1016,157,818,36,217,593,840,931,889,738,183,871,750,32,246,394,150,267,328,67,162,878,53,101,90,94,70,79,50,52,77,73,66,41,50,48,84,52,79,64,55,57,33,49,36,45,66,41,41,35,40,64,64,58
[ 29.619260] wil6210-aoa$0,1606461629.536153,04:d6:aa:c1:38:97,2,1,1,0,128,803,763,766,773,939,1001,434,381,170,365,95,210,862,83,182,585,833,889,336,873,207,862,169,831,720,220,110,235,390,22,447,168,54,100,89,94,71,80,53,55,81,76,68,43,51,49,90,56,79,65,56,59,37,52,40,49,69,46,43,38,45,67,67,63
[ 29.650049] wil6210-aoa$0,1606461629.566938,04:d6:aa:c1:38:97,2,1,1,0,128,251,922,764,742,973,11,408,411,114,346,103,244,834,92,131,519,906,939,409,928,703,20,760,5,246,392,116,220,355,5,579,345,51,100,89,94,70,79,54,54,79,72,66,40,51,47,87,54,78,64,55,55,32,46,38,44,67,40,42,36,40,63,65,62
[ 29.678477] wil6210-aoa$0,1606461629.595370,04:d6:aa:c1:38:97,2,1,1,0,128,285,904,810,793,896,994,394,387,180,409,96,271,778,53,239,596,939,998,302,885,758,64,841,130,210,384,139,271,373,60,242,995,51,97,86,93,68,79,53,54,81,75,67,43,49,49,89,55,79,64,56,58,34,49,39,49,68,43,41,38,42,67,68,63
[ 29.708168] wil6210-aoa$0,1606461629.625055,04:d6:aa:c1:38:97,2,1,1,0,128,763,738,768,759,892,952,408,372,129,356,77,202,781,1020,676,380,887,931,401,877,153,850,151,834,658,149,584,45,375,60,48,838,56,98,90,94,72,83,54,56,82,76,72,46,54,52,91,56,81,67,60,62,37,51,44,50,71,48,45,41,47,71,76,69
[ 29.737488] wil6210-aoa$0,1606461629.654380,04:d6:aa:c1:38:97,2,1,1,0,128,775,739,790,757,934,1002,881,210,646,177,487,1000,335,894,607,356,289,729,807,651,195,852,245,882,697,166,581,24,846,850,329,123,51,94,82,89,68,78,52,53,75,71,64,41,48,48,86,53,78,64,55,55,34,50,39,49,67,44,44,40,45,68,70,66
[ 29.767002] wil6210-aoa$0,1606461629.683891,04:d6:aa:c1:38:97,2,1,1,0,128,296,925,766,764,949,19,395,421,173,397,50,199,864,68,194,563,985,1001,399,935,714,1013,646,995,228,359,154,215,337,1009,824,593,57,101,90,94,72,84,57,57,80,78,70,44,56,51,91,58,84,67,58,60,36,52,41,51,73,48,47,41,48,71,72,67
[ 29.799442] wil6210-aoa$0,1606461629.716330,04:d6:aa:c1:38:97,2,1,1,0,128,234,867,814,805,902,965,416,397,179,387,86,200,867,66,309,716,907,974,334,871,227,898,784,69,153,345,206,302,356,17,555,323,56,97,92,96,72,84,55,55,81,77,69,45,55,54,95,59,82,68,59,60,38,54,43,50,74,50,47,42,48,74,77,71
[ 29.831580] wil6210-aoa$0,1606461629.748468,04:d6:aa:c1:38:97,2,1,1,0,128,318,978,846,822,972,10,476,473,114,344,120,242,815,11,265,634,361,744,390,902,754,35,811,64,130,330,113,221,360,10,970,748,55,100,91,96,72,82,55,56,80,76,68,42,51,50,91,53,79,64,56,58,35,50,39,49,71,46,45,39,46,68,70,66
[ 29.856820] wil6210-aoa$0,1606461629.773712,04:d6:aa:c1:38:97,2,1,1,0,128,313,916,809,803,932,984,392,385,132,339,35,223,835,89,207,612,897,955,839,694,750,58,721,49,241,379,120,218,390,75,81,912,53,101,91,96,73,85,57,58,79,76,71,44,55,52,92,58,82,65,59,59,37,52,42,51,74,48,47,41,48,74,74,68
[ 29.885332] wil6210-aoa$0,1606461629.802220,04:d6:aa:c1:38:97,2,1,1,0,128,242,867,699,714,900,959,899,232,618,143,530,1020,293,884,655,388,337,762,842,699,734,37,678,17,708,204,187,291,398,43,271,82,49,91,84,86,64,74,52,50,75,71,63,41,49,47,84,54,73,61,55,54,32,48,36,45,66,44,38,35,41,65,66,60
[ 29.917351] wil6210-aoa$0,1606461629.834239,04:d6:aa:c1:38:97,2,1,1,0,128,320,989,745,733,939,1000,390,382,221,433,67,211,790,8,161,519,870,952,394,886,720,43,747,50,143,359,140,234,319,18,60,935,54,98,89,94,69,81,53,53,80,75,68,44,52,51,89,53,78,64,54,57,33,47,38,48,68,43,41,36,41,66,68,60
[ 29.943294] wil6210-aoa$0,1606461629.860182,04:d6:aa:c1:38:97,2,1,1,0,128,291,917,248,590,418,790,496,423,160,393,101,257,877,103,220,576,975,974,353,859,168,837,790,62,255,400,121,242,368,50,380,106,49,91,83,88,65,76,50,50,72,69,63,42,50,47,86,53,75,60,53,55,34,47,39,48,67,45,43,39,43,66,69,63
[ 29.975368] wil6210-aoa$0,1606461629.892256,04:d6:aa:c1:38:97,2,1,1,0,128,360,1014,778,778,919,990,942,261,636,182,546,1013,873,67,161,505,353,713,853,681,212,864,666,977,670,150,556,997,878,850,650,372,57,101,94,103,75,86,60,60,86,82,74,48,57,53,100,61,87,69,63,63,40,55,43,51,78,48,47,42,50,77,74,71
[ 30.006623] wil6210-aoa$0,1606461629.923517,04:d6:aa:c1:38:97,2,1,1,0,128,748,709,835,833,904,971,869,209,135,335,56,160,855,59,173,566,310,696,898,726,135,850,744,4,189,358,94,186,842,872,575,372,47,90,80,86,63,71,48,50,72,68,62,40,48,44,79,48,72,59,49,52,31,46,35,44,64,40,37,33,40,63,62,59
[ 30.034601] wil6210-aoa$0,1606461629.951490,04:d6:aa:c1:38:97,2,1,1,0,128,329,975,782,772,946,1010,424,406,136,363,69,196,845,88,200,553,948,980,380,909,709,20,766,27,203,350,203,272,347,3,185,941,57,104,95,100,77,90,60,60,86,84,74,49,58,55,101,63,91,71,64,67,42,60,47,56,81,56,53,49,55,82,87,82
[ 30.067218] wil6210-aoa$0,1606461629.984111,04:d6:aa:c1:38:97,2,1,1,0,128,319,917,808,797,921,1007,323,342,650,180,25,167,268,884,644,372,342,717,845,700,772,29,753,2,225,357,121,239,335,17,94,856,49,88,79,86,62,73,49,50,73,69,62,42,48,46,83,51,72,58,52,54,32,46,38,46,65,41,41,35,41,64,68,63
[ 30.093943] wil6210-aoa$0,1606461630.010833,04:d6:aa:c1:38:97,2,1,1,0,128,829,785,210,580,933,1008,406,366,713,200,53,206,842,63,159,557,919,954,383,896,710,6,171,855,216,378,90,216,317,1019,442,302,56,106,94,102,76,86,58,59,84,80,74,46,59,55,98,59,86,70,61,62,38,54,44,55,80,53,50,44,51,77,82,75
[ 30.121932] wil6210-aoa$0,1606461630.038824,04:d6:aa:c1:38:97,2,1,1,0,128,373,950,763,752,902,976,375,381,153,371,50,164,858,66,224,598,931,976,356,914,712,15,125,840,650,166,545,1012,874,885,858,663,48,87,78,82,63,72,50,48,71,68,62,39,45,44,82,50,73,58,50,53,32,47,37,45,64,41,41,36,41,63,65,61
[ 30.153744] wil6210-aoa$0,1606461630.070632,04:d6:aa:c1:38:97,2,1,1,0,128,278,930,751,748,885,966,384,399,117,311,54,200,870,60,235,612,969,1010,417,960,729,59,680,9,178,376,163,246,441,118,224,950,56,106,93,99,77,84,58,57,85,81,73,48,56,53,96,59,87,69,61,63,38,55,44,56,77,49,49,43,48,74,78,74
[ 30.186526] wil6210-aoa$0,1606461630.103414,04:d6:aa:c1:38:97,2,1,1,0,128,290,938,754,760,952,0,387,395,144,336,40,238,837,33,134,526,894,973,866,703,776,37,806,88,226,378,149,257,384,96,194,927,58,104,96,102,75,88,57,59,86,80,74,47,55,52,97,61,86,70,60,63,39,55,44,52,78,50,49,41,48,74,75,71
[ 30.217460] wil6210-aoa$0,1606461630.134353,04:d6:aa:c1:38:97,2,1,1,0,128,751,729,222,586,376,812,907,213,163,388,26,185,286,872,199,596,912,988,435,970,687,16,740,56,240,405,174,272,380,44,546,373,49,91,81,87,65,74,50,50,72,68,62,39,45,46,82,50,73,60,53,53,31,46,37,43,63,40,39,34,39,62,60,59
[ 30.245812] wil6210-aoa$0,1606461630.162700,04:d6:aa:c1:38:97,2,1,1,0,128,259,943,748,768,905,6,407,395,127,313,15,169,255,854,670,338,360,772,912,703,247,915,690,1007,190,396,601,69,373,52,681,429,59,108,99,103,77,90,59,59,89,83,75,48,59,57,98,61,88,72,62,64,39,55,44,53,77,49,48,43,50,76,79,75
[ 30.278296] wil6210-aoa$0,1606461630.195189,04:d6:aa:c1:38:97,2,1,1,0,128,274,889,705,742,892,983,383,368,655,176,48,214,788,51,168,553,937,1005,342,868,780,36,734,40,235,383,107,234,386,66,292,104,54,97,89,93,72,80,55,57,80,73,68,44,50,48,89,54,81,66,57,60,35,49,39,48,71,45,43,39,45,69,71,66
[ 30.305215] wil6210-aoa$0,1606461630.222104,04:d6:aa:c1:38:97,2,1,1,0,128,286,878,836,829,945,1022,394,372,676,168,121,221,830,71,221,577,881,930,346,907,712,6,758,7,203,349,92,183,442,75,621,442,59,105,98,99,76,87,61,60,89,81,73,49,57,55,100,61,89,72,65,66,40,57,45,56,79,53,50,45,51,77,82,78
[ 30.337741] wil6210-aoa$0,1606461630.254629,04:d6:aa:c1:38:97,2,1,1,0,128,759,744,227,604,337,756,891,156,232,392,87,220,798,7,698,368,388,750,860,710,128,830,706,4,209,360,564,22,788,831,555,391,56,105,94,102,75,83,57,57,84,78,72,44,56,52,95,57,85,69,59,60,37,53,41,51,75,47,45,41,46,73,75,68
[ 30.370832] wil6210-aoa$0,1606461630.287720,04:d6:aa:c1:38:97,2,1,1,0,128,287,938,221,580,960,1015,920,230,208,397,49,228,868,73,140,562,870,948,423,958,731,29,770,68,180,355,123,255,362,28,359,107,58,105,94,100,75,89,58,57,87,82,72,48,57,54,96,60,86,69,61,61,38,54,43,54,76,49,47,41,48,73,76,72
[ 30.403520] wil6210-aoa$0,1606461630.320410,04:d6:aa:c1:38:97,2,1,1,0,128,260,906,191,534,421,818,827,139,657,165,35,141,318,902,657,405,913,949,858,701,729,45,735,10,205,355,71,211,878,929,676,403,56,107,94,100,74,84,57,56,84,79,70,44,54,50,92,57,82,67,59,58,34,51,40,48,70,41,43,37,41,66,70,63
[ 30.436010] wil6210-aoa$0,1606461630.352898,04:d6:aa:c1:38:97,2,1,1,0,128,818,773,758,762,923,1014,399,375,171,377,64,216,838,44,173,500,394,758,848,715,246,909,713,963,208,349,119,195,810,840,927,733,45,89,80,86,63,73,47,50,72,67,59,37,47,45,79,49,72,60,50,51,31,45,35,42,65,42,39,33,40,62,63,58
[ 30.467497] wil6210-aoa$0,1606461630.384389,04:d6:aa:c1:38:97,2,1,1,0,128,234,886,825,798,975,1012,345,374,191,381,6,142,881,100,208,586,918,981,405,929,772,64,739,39,224,379,120,255,401,94,115,816,56,107,96,101,77,88,58,59,86,82,73,48,56,55,99,59,88,73,62,64,38,56,46,54,77,52,50,44,51,76,81,74
[ 30.497070] wil6210-aoa$0,1606461630.413958,04:d6:aa:c1:38:97,2,1,1,0,128,331,974,771,780,955,972,409,427,127,321,56,202,822,44,163,638,935,963,382,931,716,43,769,1,191,324,147,254,381,26,987,772,54,103,93,99,70,82,55,57,84,77,70,44,53,52,90,58,82,69,58,60,35,52,40,50,74,47,45,39,44,72,73,69
[ 30.530032] wil6210-aoa$0,1606461630.446921,04:d6:aa:c1:38:97,2,1,1,0,128,802,745,222,551,352,803,938,211,223,428,57,204,898,86,222,589,925,971,441,974,722,26,769,1016,642,155,538,1017,381,35,598,352,55,105,94,100,75,87,56,57,87,79,73,46,57,53,93,60,83,67,59,60,36,52,41,51,75,46,47,42,46,72,74,68
[ 30.563463] wil6210-aoa$0,1606461630.480349,04:d6:aa:c1:38:97,2,1,1,0,128,292,913,750,735,921,1014,448,431,217,432,23,175,852,79,216,582,886,937,898,737,152,880,777,51,276,422,99,218,407,75,572,376,54,102,94,99,73,83,54,56,81,75,67,42,51,51,87,55,80,67,56,57,35,47,38,46,67,42,42,37,42,69,69,58
[ 30.598138] wil6210-aoa$0,1606461630.515026,04:d6:aa:c1:38:97,2,1,1,2,128,292,913,750,735,921,1014,448,431,217,432,23,175,852,79,216,582,886,937,898,737,152,880,777,51,276,422,99,218,407,75,572,376,54,103,93,99,70,82,55,57,84,77,70,44,53,52,90,58,82,69,58,60,35,52,40,50,74,47,45,39,44,72,73,69
[ 30.631241] wil6210-aoa$0,1606461630.548129,04:d6:aa:c1:38:97,2,1,1,0,128,821,765,712,722,919,983,910,204,190,363,14,191,827,39,219,578,860,929,355,917,726,1022,732,40,220,398,126,246,356,23,1017,792,55,98,89,93,71,81,54,54,81,77,67,44,54,51,89,57,81,66,57,59,37,52,41,51,71,48,46,40,48,74,74,72
[ 30.664750] wil6210-aoa$0,1606461630.581637,04:d6:aa:c1:38:97,2,1,1,0,128,294,945,820,796,960,1,413,411,224,419,36,153,883,59,302,686,891,940,396,901,674,1001,702,1009,203,391,118,238,421,93,21,718,49,90,84,87,67,77,51,52,74,70,65,43,50,46,86,53,77,61,54,55,34,49,40,48,68,46,43,39,44,68,70,66
[ 30.695564] wil6210-aoa$0,1606461630.612455,04:d6:aa:c1:38:97,2,1,1,0,128,228,909,810,817,939,1019,409,402,180,369,59,201,792,1013,193,607,933,1014,371,944,739,35,724,1010,240,377,102,232,350,35,813,497,53,98,88,95,70,80,55,54,79,72,68,44,52,49,89,56,80,65,57,59,35,53,41,49,72,48,44,41,46,70,77,67
[ 30.725235] wil6210-aoa$0,1606461630.642123,04:d6:aa:c1:38:97,2,1,1,0,128,294,914,760,769,374,792,893,219,607,168,65,235,851,23,745,445,888,940,797,691,162,831,154,835,712,162,118,218,412,28,791,646,51,98,90,94,70,80,53,55,80,76,67,45,52,50,89,56,82,66,58,59,34,51,42,49,73,48,46,39,47,72,74,71
[ 30.756885] wil6210-aoa$0,1606461630.673776,04:d6:aa:c1:38:97,2,1,1,0,128,279,925,756,728,957,987,409,358,137,339,58,210,254,859,167,562,870,917,864,706,710,1020,728,16,204,389,72,189,828,875,995,835,51,93,84,89,67,78,52,52,75,70,65,41,51,47,86,55,78,61,55,56,34,49,41,49,69,46,45,41,44,70,71,68
[ 30.786073] wil6210-aoa$0,1606461630.702961,04:d6:aa:c1:38:97,2,1,1,0,128,219,916,750,781,938,1004,415,386,201,376,65,228,790,0,230,577,911,936,375,897,704,18,777,56,200,360,668,102,418,43,570,269,52,98,89,94,70,82,56,55,80,77,68,44,51,51,89,54,82,66,57,57,34,52,40,47,69,47,45,38,45,69,72,66
[ 30.819555] wil6210-aoa$0,1606461630.736443,04:d6:aa:c1:38:97,2,1,1,0,128,268,923,786,791,907,976,904,190,199,356,39,182,869,100,179,589,890,944,376,911,768,37,707,26,193,377,153,253,331,38,659,459,50,90,85,89,66,75,51,51,74,69,65,42,50,47,85,53,76,60,54,56,33,49,39,48,68,46,43,38,45,69,69,65
[ 30.852672] wil6210-aoa$0,1606461630.769560,04:d6:aa:c1:38:97,2,1,1,0,128,263,908,813,788,953,1007,419,373,639,158,596,41,814,31,199,580,881,966,369,904,699,1020,125,808,216,388,166,246,376,34,742,504,54,98,88,95,70,81,54,53,80,74,70,43,53,50,90,56,82,65,55,59,36,51,41,49,71,46,44,41,45,69,72,67
[ 30.884477] wil6210-aoa$0,1606461630.801371,04:d6:aa:c1:38:97,2,1,1,0,128,325,960,796,788,981,25,436,394,171,321,130,252,877,92,258,632,926,972,384,937,743,46,682,1017,217,341,117,232,388,75,650,398,55,99,90,96,72,82,55,55,80,77,69,44,54,53,94,57,81,66,60,59,39,52,41,51,74,50,45,42,49,74,76,71
[ 30.913881] wil6210-aoa$0,1606461630.830769,04:d6:aa:c1:38:97,2,1,1,0,128,288,931,763,747,965,22,439,415,141,370,49,174,774,16,175,586,849,905,383,946,667,23,711,9,250,418,83,221,439,109,782,515,49,90,82,87,65,74,49,50,74,68,64,41,48,45,84,52,76,60,54,54,32,46,36,46,66,43,41,35,41,65,66,62
[ 30.944896] wil6210-aoa$0,1606461630.861788,04:d6:aa:c1:38:97,2,1,1,0,128,831,782,790,767,953,22,470,457,230,430,6,161,882,85,267,615,929,957,355,930,690,18,714,18,200,346,79,192,378,54,622,426,54,100,89,96,70,80,55,55,79,75,67,45,51,52,91,57,80,67,58,59,37,52,41,53,75,50,48,41,49,74,77,72
[ 30.974127] wil6210-aoa$0,1606461630.891014,04:d6:aa:c1:38:97,2,1,1,0,128,252,900,846,812,935,997,432,376,176,351,446,952,250,861,675,378,908,939,386,897,758,32,703,1015,239,364,96,213,314,1014,436,188,53,99,88,93,71,80,55,53,80,73,69,42,50,48,87,53,78,66,55,58,35,50,38,46,69,42,43,38,42,64,64,62
[ 31.000706] wil6210-aoa$0,1606461630.917599,04:d6:aa:c1:38:97,2,1,1,0,128,340,924,733,745,940,1006,473,429,177,337,22,180,799,54,242,640,908,974,362,902,780,72,179,842,717,216,109,248,392,52,953,638,47,94,81,87,64,74,48,48,72,66,62,36,46,45,79,47,71,58,50,51,30,43,35,43,61,39,37,34,38,60,62,57
[ 31.026597] wil6210-aoa$0,1606461630.943489,04:d6:aa:c1:38:97,2,1,1,0,128,295,950,726,748,918,999,409,397,158,371,74,205,803,35,196,543,991,968,309,846,194,854,753,12,738,201,73,222,440,64,25,872,48,89,82,88,63,72,49,51,74,69,61,40,48,46,81,51,74,59,52,54,33,46,37,46,64,41,41,35,41,63,66,62
[ 31.055463] wil6210-aoa$0,1606461630.972351,04:d6:aa:c1:38:97,2,1,1,0,128,337,967,809,803,924,996,886,195,175,348,96,286,801,43,195,582,861,922,396,922,695,1012,714,28,185,345,120,199,332,4,311,58,60,110,97,105,80,91,62,61,89,85,75,48,61,55,102,62,89,72,63,65,40,58,46,56,79,53,52,46,52,76,80,77
[ 31.087564] wil6210-aoa$0,1606461631.004457,04:d6:aa:c1:38:97,2,1,1,0,128,340,954,728,751,937,966,439,400,193,401,70,178,845,47,140,545,382,799,836,679,162,815,156,800,655,167,564,22,343,43,746,480,52,99,90,96,73,79,56,54,81,76,69,45,53,51,92,57,82,65,58,59,37,52,40,50,73,47,47,40,46,71,71,68
[ 31.116962] wil6210-aoa$0,1606461631.033850,04:d6:aa:c1:38:97,2,1,1,0,128,291,936,786,765,916,1021,390,420,167,385,44,208,871,67,124,561,336,763,339,872,680,1013,728,16,218,366,61,187,404,64,392,121,50,92,82,89,65,75,50,50,74,71,64,41,48,46,84,50,74,59,54,54,34,47,39,45,66,43,43,34,43,65,66,61
[ 31.150813] wil6210-aoa$0,1606461631.067701,04:d6:aa:c1:38:97,2,1,1,0,128,207,887,746,782,899,979,460,436,159,364,137,222,864,67,186,587,789,857,829,701,693,2,732,31,200,369,104,210,374,23,672,392,52,101,91,97,71,81,54,56,79,74,68,41,51,50,86,54,80,64,55,56,34,49,38,46,70,45,41,35,44,67,66,60
[ 31.184896] wil6210-aoa$0,1606461631.101780,04:d6:aa:c1:38:97,2,1,1,0,128,243,884,782,749,923,961,354,331,603,163,521,1017,839,44,148,557,856,966,382,891,672,7,187,829,254,411,112,266,286,18,908,726,55,100,91,96,72,81,54,55,78,75,68,42,51,49,88,54,79,66,57,58,35,51,40,48,72,45,45,40,44,72,70,64
[ 31.216477] wil6210-aoa$0,1606461631.133364,04:d6:aa:c1:38:97,2,1,1,0,128,297,912,784,759,883,994,404,410,115,346,32,174,839,33,630,338,406,782,857,743,763,44,708,1022,230,392,76,194,323,15,342,177,50,93,82,88,67,73,50,52,74,69,63,39,47,47,81,52,74,59,54,54,32,46,39,45,65,41,41,35,40,61,64,58
[ 31.244220] wil6210-aoa$0,1606461631.161111,04:d6:aa:c1:38:97,2,1,1,0,128,745,726,190,558,408,826,364,370,86,302,89,269,800,32,659,381,307,723,852,698,194,875,726,38,191,378,49,184,362,25,756,538,52,97,88,91,70,81,53,53,79,72,67,43,51,48,87,54,79,64,56,57,34,49,39,47,68,44,43,37,42,66,69,63
[ 31.277505] wil6210-aoa$0,1606461631.194394,04:d6:aa:c1:38:97,2,1,1,0,128,336,974,809,792,977,17,433,389,173,358,48,245,848,64,162,559,900,922,377,893,762,52,731,3,174,326,94,209,309,18,678,560,53,97,87,94,69,79,54,53,79,72,68,43,51,50,89,54,80,63,57,57,35,51,40,50,70,45,44,38,46,69,72,69
[ 31.310587] wil6210-aoa$0,1606461631.227478,04:d6:aa:c1:38:97,2,1,1,0,128,300,911,818,780,907,988,872,198,172,386,45,202,866,45,204,619,945,953,353,940,728,55,132,839,699,171,638,70,348,45,871,664,48,87,80,86,64,74,50,50,71,68,60,39,48,45,84,50,74,60,55,55,32,48,38,47,67,45,42,38,44,66,67,66
[ 31.336622] wil6210-aoa$0,1606461631.253513,04:d6:aa:c1:38:97,2,1,1,0,128,281,942,830,784,949,1003,433,399,176,366,58,197,805,13,245,590,932,972,378,882,765,16,753,38,168,335,156,268,366,29,942,762,57,107,95,100,76,87,58,58,84,79,74,46,57,53,96,59,84,70,60,62,36,53,44,53,77,49,48,42,47,74,76,72
[ 31.365946] wil6210-aoa$0,1606461631.282836,04:d6:aa:c1:38:97,2,1,1,0,128,237,861,298,605,927,997,879,194,187,380,49,183,779,30,218,602,915,953,327,862,715,23,711,24,157,307,104,249,390,46,549,301,51,95,85,92,67,76,53,52,78,71,66,41,48,48,86,54,76,63,54,58,34,49,38,48,68,42,43,38,44,68,69,66
[ 31.398553] wil6210-aoa$0,1606461631.315444,04:d6:aa:c1:38:97,2,1,1,0,128,300,933,794,800,900,968,457,400,200,392,55,199,843,72,129,547,896,949,338,871,215,875,783,37,228,394,113,244,366,43,483,258,57,103,94,100,77,87,59,58,86,83,75,50,58,57,101,62,88,69,62,64,41,59,47,57,81,54,52,46,54,81,86,78
[ 31.428334] wil6210-aoa$0,1606461631.345222,04:d6:aa:c1:38:97,2,1,1,0,128,691,701,231,577,403,826,898,199,633,137,550,14,793,48,166,594,940,1008,301,896,146,851,137,820,278,444,124,255,344,37,350,205,55,104,96,101,75,88,56,59,86,82,72,44,55,55,97,60,84,72,62,61,36,54,44,52,75,49,50,44,49,74,77,72
[ 31.462520] wil6210-aoa$0,1606461631.379408,04:d6:aa:c1:38:97,2,1,1,0,128,742,704,199,584,413,831,877,225,594,135,542,1007,274,855,629,353,316,739,852,710,689,1015,182,875,689,177,593,8,842,849,638,412,54,105,93,96,73,83,56,55,84,77,72,42,57,51,93,58,84,66,58,59,37,51,42,49,70,44,46,37,44,69,67,62
[ 31.497118] wil6210-aoa$0,1606461631.414003,04:d6:aa:c1:38:97,2,1,1,0,128,276,955,219,582,360,771,876,208,620,157,519,21,246,875,252,618,327,749,393,898,743,9,764,32,223,377,37,158,856,859,22,783,51,102,94,99,71,83,55,57,81,78,68,44,52,52,92,57,85,68,57,60,37,53,40,49,75,47,45,39,45,70,71,64
[ 31.525040] wil6210-aoa$0,1606461631.441929,04:d6:aa:c1:38:97,2,1,1,0,128,299,947,789,785,913,963,403,355,136,290,50,202,849,54,212,608,894,956,362,899,678,1017,226,886,243,369,121,257,384,57,507,317,59,102,95,101,75,90,60,58,88,84,74,49,57,54,98,60,88,70,62,65,38,57,45,54,79,52,48,44,51,80,81,76
[ 31.559561] wil6210-aoa$0,1606461631.476448,04:d6:aa:c1:38:97,2,1,1,0,128,298,908,723,751,951,999,432,404,119,313,66,205,760,25,169,577,893,1001,414,935,658,1010,730,22,210,357,117,245,776,835,974,811,49,92,84,85,65,75,49,51,71,69,63,39,47,46,82,53,73,60,53,54,33,48,36,46,67,43,42,38,44,68,68,64
[ 31.590882] wil6210-aoa$0,1606461631.507774,04:d6:aa:c1:38:97,2,1,1,0,128,278,915,761,762,970,977,344,363,120,323,121,225,822,61,688,433,874,948,837,709,776,81,703,1018,223,370,144,247,388,57,55,871,59,107,98,104,76,90,61,61,88,83,76,49,58,56,100,61,90,72,64,66,40,59,46,55,77,53,49,44,50,76,79,75
[ 31.626086] wil6210-aoa$0,1606461631.542974,04:d6:aa:c1:38:97,2,1,1,0,128,798,747,766,780,950,980,452,437,83,296,554,40,864,65,215,619,874,963,358,901,691,2,781,84,279,429,189,277,366,49,967,680,53,99,88,94,71,79,54,56,78,76,65,46,51,51,89,53,83,66,59,58,35,52,41,48,73,48,46,39,46,68,72,66
[ 31.659858] wil6210-aoa$0,1606461631.576742,04:d6:aa:c1:38:97,2,1,1,0,128,288,934,813,839,989,0,439,405,164,352,53,198,876,52,176,582,900,920,381,884,769,31,745,61,200,331,148,262,344,22,760,513,46,89,79,85,64,71,49,50,71,68,60,37,45,43,77,47,70,57,50,50,29,44,34,41,62,39,36,34,39,59,60,57
[ 31.690661] wil6210-aoa$0,1606461631.607553,04:d6:aa:c1:38:97,2,1,1,0,128,794,750,746,754,923,988,395,380,642,172,517,1003,276,889,177,511,934,962,337,902,731,25,713,1010,219,340,78,190,358,45,509,279,59,103,97,100,77,88,59,58,86,81,75,49,57,54,101,61,87,70,64,65,40,58,45,56,76,52,50,45,52,78,81,77
[ 31.722210] wil6210-aoa$0,1606461631.639093,04:d6:aa:c1:38:97,2,1,1,0,128,298,920,750,785,902,970,864,180,668,188,530,1020,289,897,229,561,933,936,374,892,741,10,714,13,223,392,91,206,354,18,55,850,51,94,86,91,67,77,53,54,77,72,65,43,51,50,89,54,81,62,57,59,35,53,40,49,72,48,45,41,50,73,76,71
[ 31.749042] wil6210-aoa$0,1606461631.665933,04:d6:aa:c1:38:97,2,1,1,0,128,368,949,819,811,912,982,375,361,188,377,50,163,840,73,126,553,911,986,358,928,702,11,708,1015,721,197,77,217,356,9,68,805,57,103,93,99,73,85,58,59,86,78,74,47,57,53,94,60,86,68,61,61,38,55,44,55,78,51,48,44,51,76,79,76
[ 31.778908] wil6210-aoa$0,1606461631.695797,04:d6:aa:c1:38:97,2,1,1,0,128,296,967,726,703,937,995,420,403,167,368,18,174,849,78,226,570,866,931,860,733,745,66,705,1023,646,150,131,229,376,54,450,250,57,106,95,100,76,86,57,56,87,80,72,46,54,52,92,57,85,68,60,61,36,51,40,50,71,45,46,39,45,69,71,67
[ 31.812042] wil6210-aoa$0,1606461631.728934,04:d6:aa:c1:38:97,2,1,1,0,128,269,916,172,550,375,789,882,169,659,195,16,164,798,8,235,560,316,731,828,701,670,33,719,21,181,307,57,192,874,914,213,1015,55,103,95,100,74,83,55,57,81,77,68,45,55,53,95,58,87,68,61,60,39,55,43,51,76,50,45,40,48,74,74,70
[ 31.838478] wil6210-aoa$0,1606461631.755370,04:d6:aa:c1:38:97,2,1,1,0,128,278,950,836,819,913,983,388,398,205,411,13,216,798,46,242,600,913,1005,379,913,721,70,731,31,148,352,156,266,354,11,409,176,55,102,95,100,76,86,58,58,84,80,75,48,56,54,96,62,87,69,62,63,39,56,43,54,76,51,50,43,53,81,81,74
[ 31.869939] wil6210-aoa$0,1606461631.786830,04:d6:aa:c1:38:97,2,1,1,0,128,281,960,774,817,921,1018,424,395,164,397,20,206,891,115,204,602,908,934,373,899,771,48,739,10,271,421,106,230,339,1016,35,798,54,102,93,98,72,84,56,58,83,78,71,43,54,53,94,58,85,69,59,60,37,53,43,50,76,49,47,41,48,73,74,68
[ 31.896755] wil6210-aoa$0,1606461631.813646,04:d6:aa:c1:38:97,2,1,1,0,128,282,887,201,553,899,982,390,369,125,313,41,164,845,50,689,403,834,915,409,914,706,21,204,864,191,318,646,77,828,866,334,128,57,105,92,98,73,85,58,57,86,81,72,46,55,54,96,59,88,71,62,63,37,57,43,54,75,50,49,44,51,78,78,76
[ 31.926819] wil6210-aoa$0,1606461631.843705,04:d6:aa:c1:38:97,2,1,1,0,128,805,757,143,512,964,966,872,199,659,187,48,203,256,842,651,337,308,744,854,713,202,877,664,1006,204,338,133,227,439,90,748,488,44,88,79,82,61,70,45,47,67,63,59,36,43,40,76,46,68,55,45,48,29,38,31,37,58,35,34,30,34,56,55,50
[ 31.954584] wil6210-aoa$0,1606461631.871471,04:d6:aa:c1:38:97,2,1,1,0,128,355,955,784,759,926,1003,857,209,627,149,544,30,904,50,207,571,923,955,377,906,745,32,149,820,192,341,606,21,344,7,730,514,49,92,81,85,64,76,49,51,73,69,63,38,47,46,79,50,73,58,49,52,31,46,36,42,63,41,39,33,39,61,63,56
[ 31.989447] wil6210-aoa$0,1606461631.906337,04:d6:aa:c1:38:97,2,1,1,0,128,829,803,750,758,976,2,356,352,162,321,43,168,844,84,175,579,933,971,364,891,715,13,214,865,743,200,96,245,312,1018,583,430,53,97,89,94,71,83,55,56,78,75,67,46,53,51,90,57,80,64,58,59,35,52,42,50,71,48,46,41,47,70,74,71
[ 32.016803] wil6210-aoa$0,1606461631.933695,04:d6:aa:c1:38:97,2,1,1,0,128,235,874,768,758,914,994,396,373,149,395,19,173,829,14,222,612,833,923,353,884,686,1,706,7,661,162,163,280,399,87,219,913,50,92,82,88,64,75,49,50,75,70,62,38,47,46,80,49,72,59,52,51,31,47,37,43,61,41,41,35,39,64,65,63
[ 32.044893] wil6210-aoa$0,1606461631.961778,04:d6:aa:c1:38:97,2,1,1,0,128,730,684,778,776,935,1020,437,403,159,393,67,198,820,66,146,564,862,916,404,899,720,52,672,4,735,221,175,281,339,65,546,373,58,106,93,100,77,88,59,59,87,81,75,48,56,56,100,63,87,72,63,65,40,58,46,56,80,53,51,47,52,80,84,81
[ 32.079620] wil6210-aoa$0,1606461631.996508,04:d6:aa:c1:38:97,2,1,1,0,128,272,914,847,802,949,988,475,416,195,352,65,185,856,90,214,586,920,951,361,917,704,1020,699,1016,214,372,73,211,356,74,840,607,56,106,94,102,76,87,57,58,85,80,72,46,57,54,98,60,86,68,62,63,39,56,44,53,78,50,50,45,50,77,79,75
[ 32.111064] wil6210-aoa$0,1606461632.027956,04:d6:aa:c1:38:97,2,1,1,0,128,340,930,761,733,924,987,848,200,682,194,71,151,300,884,710,413,908,982,399,959,758,58,710,17,258,445,76,254,364,64,792,642,55,106,92,99,74,84,55,58,84,80,72,46,54,54,92,57,85,68,60,61,36,54,41,50,74,48,46,39,46,72,73,67
[ 32.143209] wil6210-aoa$0,1606461632.060101,04:d6:aa:c1:38:97,2,1,1,0,128,262,877,803,756,993,1020,411,440,183,392,89,176,826,37,198,584,918,957,290,872,769,38,731,1012,293,464,141,263,362,58,827,543,57,106,94,99,76,84,56,58,83,77,74,44,54,55,95,57,83,69,61,61,37,54,43,51,75,47,47,40,46,72,75,71
[ 32.170296] wil6210-aoa$0,1606461632.087187,04:d6:aa:c1:38:97,2,1,1,0,128,221,873,820,768,872,1003,427,424,191,388,38,182,758,19,203,557,918,969,376,922,664,0,710,1006,212,342,83,243,366,26,322,151,56,105,95,100,76,87,58,57,85,81,72,47,57,55,97,59,86,69,60,63,39,57,46,53,78,52,49,43,50,76,81,75
[ 32.201035] wil6210-aoa$0,1606461632.117923,04:d6:aa:c1:38:97,2,1,1,0,128,304,926,789,803,920,972,421,435,189,403,87,231,878,81,160,543,916,946,841,708,222,878,127,834,245,386,87,211,360,39,143,951,57,102,95,100,76,87,58,58,85,81,75,50,57,54,99,62,87,69,61,63,39,57,46,54,79,53,51,45,51,79,80,76
[ 32.229102] wil6210-aoa$0,1606461632.145989,04:d6:aa:c1:38:97,2,1,1,0,128,291,915,810,817,903,998,344,333,621,170,498,1007,800,36,187,558,934,970,351,894,735,38,777,25,234,372,127,257,340,65,353,55,55,104,95,102,74,86,58,58,85,78,73,48,56,54,96,59,84,69,60,61,39,56,43,53,77,51,50,42,49,77,79,74
[ 32.263827] wil6210-aoa$0,1606461632.180716,04:d6:aa:c1:38:97,2,1,1,0,128,296,941,721,764,1009,49,373,406,219,406,86,219,777,13,213,563,905,964,391,913,777,16,711,1013,214,346,97,200,366,49,461,265,52,103,93,97,73,83,56,55,83,77,70,42,52,48,89,55,79,64,55,56,33,46,37,44,70,42,40,35,43,65,64,60
[ 32.298733] wil6210-aoa$0,1606461632.215620,04:d6:aa:c1:38:97,2,1,1,0,128,825,783,184,566,416,842,847,141,230,399,50,160,264,888,631,384,894,945,871,714,153,807,163,799,655,123,584,4,852,846,258,188,55,103,94,96,76,87,58,57,83,78,73,44,57,53,97,61,87,69,61,63,36,55,45,53,76,50,48,43,49,76,79,73
[ 32.333635] wil6210-aoa$0,1606461632.250525,04:d6:aa:c1:38:97,2,1,1,0,128,284,889,838,809,916,974,432,391,130,369,87,203,846,59,242,593,968,1018,368,926,690,5,675,15,216,361,99,223,375,29,11,750,57,102,97,101,75,87,57,57,84,80,72,45,58,53,96,58,87,69,60,62,38,56,43,53,76,49,48,44,50,75,79,75
[ 32.368508] wil6210-aoa$0,1606461632.285395,04:d6:aa:c1:38:97,2,1,1,0,128,325,949,801,767,955,3,380,402,103,347,509,1018,302,872,691,387,370,766,402,893,707,1023,743,30,245,389,95,234,348,34,297,113,50,90,84,87,65,74,49,50,73,69,64,42,49,47,84,52,75,61,53,53,35,48,38,49,68,46,42,38,43,67,69,65
[ 32.400354] wil6210-aoa$0,1606461632.317245,04:d6:aa:c1:38:97,2,1,1,0,128,259,923,787,702,913,998,889,193,643,198,1000,169,857,84,219,622,978,991,299,890,776,70,730,37,225,416,114,241,378,50,636,357,53,97,91,94,70,81,55,54,79,75,67,45,53,51,90,57,81,64,57,58,37,54,41,51,74,50,46,42,50,73,75,72
[ 32.433417] wil6210-aoa$0,1606461632.350303,04:d6:aa:c1:38:97,2,1,1,0,128,349,945,726,721,366,791,833,173,663,195,494,999,249,845,680,371,873,929,817,678,714,27,643,985,287,396,617,57,371,34,633,433,55,96,90,93,72,82,56,57,80,77,69,46,54,52,90,57,83,65,57,59,37,52,42,52,73,50,48,39,47,74,78,73
[ 32.468691] wil6210-aoa$0,1606461632.385578,04:d6:aa:c1:38:97,2,1,1,0,128,767,754,267,598,882,967,384,351,220,406,76,239,828,38,199,573,856,943,402,928,688,1015,743,43,214,361,68,173,329,1009,170,6,59,107,96,101,76,87,59,58,87,84,76,48,59,55,99,61,88,70,63,64,42,59,48,58,81,53,53,46,51,81,84,78
[ 32.501342] wil6210-aoa$0,1606461632.418234,04:d6:aa:c1:38:97,2,1,1,0,128,751,734,814,821,946,1000,878,185,686,235,533,38,845,98,187,602,940,963,422,945,750,35,678,4,272,411,79,204,363,62,776,610,56,105,94,101,74,84,56,58,85,77,72,46,54,54,92,58,83,67,61,61,37,54,41,51,73,48,46,40,47,73,73,69
[ 32.528559] wil6210-aoa$0,1606461632.445451,04:d6:aa:c1:38:97,2,1,1,0,128,299,944,796,765,946,978,332,290,670,204,47,198,854,49,184,582,390,790,879,745,761,64,693,20,165,331,79,216,356,34,881,733,58,106,92,100,75,88,59,57,89,82,75,51,58,55,99,62,87,69,63,65,40,60,47,58,80,54,52,46,54,81,87,83
[ 32.561654] wil6210-aoa$0,1606461632.478546,04:d6:aa:c1:38:97,2,1,1,0,128,270,924,777,752,930,971,400,392,125,324,56,129,872,57,206,585,940,965,438,936,725,17,723,1012,169,336,116,273,395,67,445,178,56,104,95,99,74,85,57,56,86,81,72,47,56,53,95,60,86,68,61,64,38,55,45,53,76,50,49,44,49,75,80,76
[ 32.588912] wil6210-aoa$0,1606461632.505804,04:d6:aa:c1:38:97,2,1,1,0,128,270,922,723,708,960,963,402,374,155,342,1013,157,908,68,179,578,941,985,364,879,769,62,765,49,211,392,45,236,339,35,13,771,58,105,94,100,76,85,57,57,86,79,72,47,57,54,95,61,86,71,63,64,39,58,45,55,76,51,51,44,49,78,81,75
[ 32.622674] wil6210-aoa$0,1606461632.539561,04:d6:aa:c1:38:97,2,1,1,0,128,236,887,785,754,955,984,399,397,119,329,10,165,856,56,136,497,349,741,825,673,217,873,731,5,714,200,103,253,301,46,361,201,57,103,94,99,75,84,57,57,85,81,74,47,56,52,98,60,85,69,61,63,38,54,44,53,76,50,49,44,48,77,79,76
[ 32.658201] wil6210-aoa$0,1606461632.575092,04:d6:aa:c1:38:97,2,1,1,0,128,812,749,267,559,354,798,855,189,162,375,33,203,791,32,194,588,867,958,293,850,198,862,192,852,660,142,536,38,392,45,301,118,55,105,92,100,70,80,52,57,79,74,68,41,49,49,86,55,78,65,56,56,33,45,38,46,65,40,39,33,38,61,62,57
[ 32.687442] wil6210-aoa$0,1606461632.604329,04:d6:aa:c1:38:97,2,1,1,0,128,283,914,810,807,874,1003,394,384,148,347,34,215,800,18,643,369,887,897,432,973,730,35,767,32,663,130,139,249,340,20,991,691,56,103,94,97,72,85,58,57,83,81,73,48,56,52,95,60,86,71,61,62,37,57,44,54,77,52,50,45,51,77,80,78
[ 32.722073] wil6210-aoa$0,1606461632.638963,04:d6:aa:c1:38:97,2,1,1,0,128,730,721,810,797,988,1015,414,369,173,387,104,261,850,59,222,583,864,955,423,951,758,38,699,1007,199,347,164,242,450,69,588,304,56,104,93,97,74,83,57,56,83,77,70,46,56,51,94,59,85,70,60,62,37,53,42,53,77,50,50,43,51,78,77,74
[ 32.750535] wil6210-aoa$0,1606461632.667426,04:d6:aa:c1:38:97,2,1,1,0,128,278,942,763,797,932,1022,373,392,134,363,520,8,759,21,246,591,924,980,341,897,736,17,767,47,163,369,199,273,385,39,171,884,53,100,93,101,72,83,55,55,84,77,70,44,52,52,93,58,82,66,59,60,37,52,41,51,73,48,47,39,47,71,75,70
[ 32.783216] wil6210-aoa$0,1606461632.700102,04:d6:aa:c1:38:97,2,1,1,0,128,754,741,223,539,368,789,969,225,623,158,35,206,264,884,645,368,381,754,837,700,721,1022,682,1016,687,182,635,100,385,60,836,475,56,106,97,103,76,85,56,57,85,78,70,46,55,53,95,59,85,70,62,61,37,55,45,51,76,50,48,41,47,74,77,69
[ 32.819112] wil6210-aoa$0,1606461632.736000,04:d6:aa:c1:38:97,2,1,1,0,128,366,996,768,770,923,1003,422,392,147,351,90,253,872,84,211,578,865,969,399,901,736,4,755,34,231,408,145,266,341,60,119,940,56,106,96,102,77,87,58,60,86,79,72,47,57,53,97,58,85,70,62,63,38,55,43,53,75,51,47,42,49,76,78,71
[ 32.847505] wil6210-aoa$0,1606461632.764392,04:d6:aa:c1:38:97,2,1,1,0,128,369,989,763,779,943,1018,357,372,165,386,9,197,858,92,203,580,998,1016,373,926,670,31,113,845,694,164,587,34,387,64,762,503,48,89,83,88,65,76,50,52,71,70,64,39,49,46,84,51,75,60,54,54,34,46,39,45,66,43,42,36,43,64,64,62
[ 32.883136] wil6210-aoa$0,1606461632.800022,04:d6:aa:c1:38:97,2,1,1,0,128,267,896,802,782,971,997,440,410,192,406,34,198,840,46,702,419,907,963,370,920,720,55,728,8,195,376,126,276,381,66,158,977,55,103,95,100,72,84,57,58,84,77,72,44,51,50,88,57,78,66,58,58,36,50,39,48,72,46,43,37,42,67,67,62
[ 32.910603] wil6210-aoa$0,1606461632.827494,04:d6:aa:c1:38:97,2,1,1,0,128,240,874,199,537,437,842,846,177,666,208,12,176,747,1021,672,371,908,936,424,920,739,62,723,49,222,364,94,217,817,901,101,905,56,106,95,98,73,85,56,57,86,79,74,46,56,56,94,59,84,69,58,60,36,54,43,51,74,50,48,43,48,73,77,74
[ 32.940972] wil6210-aoa$0,1606461632.857858,04:d6:aa:c1:38:97,2,1,1,0,128,306,958,866,809,892,956,441,418,208,420,16,202,834,2,198,572,955,956,363,926,199,859,783,38,206,336,122,219,841,848,537,329,58,102,94,98,75,85,58,57,86,80,72,48,56,54,97,58,87,70,61,62,37,55,46,53,78,51,50,43,51,79,79,73
[ 32.983675] wil6210-aoa$0,1606461632.900566,04:d6:aa:c1:38:97,2,1,1,0,128,322,959,808,791,910,1009,429,411,173,365,21,163,804,55,636,347,416,816,338,852,701,1009,118,809,712,177,126,249,328,41,414,140,56,101,91,100,72,83,55,56,84,78,71,43,54,51,91,55,81,66,58,58,37,49,41,48,71,44,43,36,44,68,68,65
[ 33.017471] wil6210-aoa$0,1606461632.934361,04:d6:aa:c1:38:97,2,1,1,0,128,313,907,819,794,974,15,387,361,171,393,31,217,812,25,129,531,357,799,846,690,211,890,706,1012,735,216,599,68,373,79,333,1015,51,102,91,97,70,82,53,56,81,77,69,42,51,51,90,55,82,68,59,60,34,50,41,50,70,45,44,39,44,71,71,68
[ 33.048485] wil6210-aoa$0,1606461632.965374,04:d6:aa:c1:38:97,2,1,1,0,128,272,920,804,795,906,1004,887,219,207,394,110,250,794,33,630,379,935,998,371,910,698,12,704,24,262,396,588,69,342,29,120,905,55,100,93,100,72,84,56,57,82,79,70,46,54,54,94,59,85,69,62,60,36,54,44,52,75,50,48,43,49,76,78,73
[ 33.081834] wil6210-aoa$0,1606461632.998725,04:d6:aa:c1:38:97,2,1,1,0,128,350,958,803,774,947,1014,884,185,632,182,125,221,805,61,218,605,895,979,308,883,734,43,740,30,209,366,132,255,331,20,603,336,53,101,94,98,73,81,55,56,81,76,69,42,51,52,92,55,82,68,60,61,34,50,38,50,73,46,44,40,45,72,72,66
[ 33.109397] wil6210-aoa$0,1606461633.026288,04:d6:aa:c1:38:97,2,1,1,0,128,381,959,768,787,968,23,449,445,141,390,83,236,836,66,187,591,897,982,390,935,680,20,748,3,261,418,142,248,378,77,47,849,52,101,88,96,68,78,51,54,77,71,64,37,47,45,83,51,75,63,52,55,33,46,34,43,66,36,38,34,36,60,59,54
[ 33.142958] wil6210-aoa$0,1606461633.059849,04:d6:aa:c1:38:97,2,1,1,0,128,272,941,738,765,964,1016,412,395,151,342,66,226,797,44,162,567,331,777,816,730,723,8,782,59,163,343,69,186,822,854,412,137,53,103,92,99,72,83,54,57,81,77,70,44,54,51,87,57,84,67,59,59,36,51,41,51,73,49,45,40,47,74,74,69
[ 33.171006] wil6210-aoa$0,1606461633.087897,04:d6:aa:c1:38:97,2,1,1,0,128,235,934,221,621,930,987,432,417,167,340,106,195,302,870,722,412,940,957,401,909,753,13,748,62,130,308,576,39,370,42,427,291,59,104,94,101,76,88,59,59,88,81,73,47,57,54,98,60,86,69,62,64,39,57,43,55,77,50,50,43,51,76,79,75
[ 33.204168] wil6210-aoa$0,1606461633.121061,04:d6:aa:c1:38:97,2,1,1,0,128,356,933,779,776,982,5,391,398,145,378,11,200,865,116,193,594,929,966,361,884,685,19,697,20,246,346,143,229,368,14,421,191,56,105,95,100,77,87,56,59,84,79,71,45,57,54,96,57,86,71,61,63,39,54,43,52,75,50,47,40,49,76,72,69
[ 33.236272] wil6210-aoa$0,1606461633.153160,04:d6:aa:c1:38:97,2,1,1,0,128,367,963,798,760,983,16,848,180,195,375,63,198,812,56,164,563,875,956,326,890,737,77,656,985,686,179,139,230,341,7,699,484,59,107,96,103,78,89,60,58,86,83,77,49,57,56,100,62,89,72,62,63,40,58,43,54,78,51,49,42,51,77,81,75
[ 33.265461] wil6210-aoa$0,1606461633.182350,04:d6:aa:c1:38:97,2,1,1,0,128,270,960,794,818,880,1008,366,361,150,364,28,213,823,47,156,556,930,977,397,945,721,37,769,75,167,367,124,224,862,889,415,180,49,90,82,85,67,75,50,51,72,70,60,41,48,46,83,52,74,60,53,54,32,47,37,45,66,43,41,38,42,64,64,61
[ 33.301789] wil6210-aoa$0,1606461633.218678,04:d6:aa:c1:38:97,2,1,1,0,128,293,941,703,711,388,788,872,220,200,423,36,219,805,3,201,570,942,971,851,708,688,988,167,865,676,164,621,62,899,875,748,551,55,102,94,100,75,83,57,57,84,76,71,46,53,52,91,57,83,66,61,61,36,51,41,51,72,46,45,41,45,73,72,66
[ 33.334372] wil6210-aoa$0,1606461633.251264,04:d6:aa:c1:38:97,2,1,1,0,128,302,916,747,759,918,990,355,359,171,389,64,217,808,45,225,601,889,955,827,700,780,59,664,22,202,344,122,248,310,12,739,566,51,100,91,95,68,79,54,55,79,75,68,41,50,50,87,56,79,66,56,59,33,49,39,47,67,43,42,36,41,66,67,63
[ 33.364163] wil6210-aoa$0,1606461633.281049,04:d6:aa:c1:38:97,2,1,1,0,128,291,961,799,796,968,1023,402,384,191,376,41,187,854,93,211,579,951,1015,361,925,698,46,687,12,693,183,108,237,414,101,933,682,55,105,91,98,73,84,56,57,83,79,70,41,53,50,93,57,83,68,58,60,37,53,41,50,73,46,47,41,47,72,72,69
[ 33.400711] wil6210-aoa$0,1606461633.317598,04:d6:aa:c1:38:97,2,1,1,0,128,695,680,300,551,430,833,444,425,87,316,538,0,212,849,652,415,356,777,814,682,116,811,203,861,238,375,139,226,366,21,162,893,57,104,92,98,77,84,58,55,83,81,72,48,55,54,97,60,87,70,62,64,38,56,45,55,78,52,51,45,53,79,82,76
[ 33.434513] wil6210-aoa$0,1606461633.351404,04:d6:aa:c1:38:97,2,1,1,0,128,752,715,832,813,886,952,398,389,233,423,74,208,824,51,208,593,960,984,402,937,732,34,708,10,144,340,567,22,401,28,984,815,55,104,93,101,71,83,54,57,82,78,70,43,50,49,87,55,79,67,58,57,35,50,39,47,69,44,41,36,42,67,66,59
[ 33.462304] wil6210-aoa$0,1606461633.379195,04:d6:aa:c1:38:97,2,1,1,0,128,337,947,785,743,946,992,428,400,174,360,114,240,821,29,165,583,920,928,802,696,781,57,677,12,233,384,43,197,358,29,710,465,55,101,94,99,74,85,56,58,84,78,73,47,56,52,94,59,84,69,61,61,38,54,42,53,75,51,46,42,48,75,75,70
[ 33.490719] wil6210-aoa$0,1606461633.407611,04:d6:aa:c1:38:97,2,1,1,0,128,316,964,779,741,379,789,879,219,210,410,61,220,852,66,236,616,921,976,368,984,725,67,712,28,302,412,69,250,358,58,520,294,57,102,92,97,75,88,59,57,83,78,73,47,57,54,98,61,85,68,61,63,38,56,44,55,78,53,49,45,52,77,82,75
[ 33.522127] wil6210-aoa$0,1606461633.439016,04:d6:aa:c1:38:97,2,1,1,0,128,245,918,776,819,911,990,433,410,194,430,62,219,822,31,254,628,836,906,418,952,173,872,728,46,673,119,155,256,341,28,590,260,56,104,90,96,74,83,54,57,83,78,71,43,54,49,90,55,83,67,58,59,37,50,40,48,72,44,46,38,46,66,68,64
[ 33.550854] wil6210-aoa$0,1606461633.467745,04:d6:aa:c1:38:97,2,1,1,0,128,749,718,224,555,376,785,913,222,681,213,40,179,221,844,713,397,375,771,847,694,238,919,741,16,675,177,611,49,389,29,241,9,55,103,94,99,75,86,58,58,85,78,71,49,57,52,97,59,87,69,62,64,38,54,44,52,77,51,49,43,50,77,80,75
[ 33.582056] wil6210-aoa$0,1606461633.498945,04:d6:aa:c1:38:97,2,1,1,0,128,785,735,799,753,928,943,942,195,627,187,82,205,266,867,746,441,986,1015,354,887,766,59,719,28,138,308,645,52,355,40,832,655,48,89,83,86,64,75,50,49,71,68,63,41,48,47,84,51,75,61,52,53,34,48,40,47,67,44,42,38,44,67,68,65
[ 33.616265] wil6210-aoa$0,1606461633.533157,04:d6:aa:c1:38:97,2,1,1,0,128,302,932,790,799,914,994,411,424,196,397,105,224,887,101,231,598,948,1000,415,965,751,69,721,26,272,429,102,251,393,58,646,349,48,89,81,87,64,72,48,50,71,67,61,39,46,44,79,49,72,58,50,53,31,45,35,42,63,39,38,34,39,60,61,58
[ 33.649128] wil6210-aoa$0,1606461633.566016,04:d6:aa:c1:38:97,2,1,1,0,128,302,937,189,557,391,808,934,245,589,164,469,982,223,842,683,363,345,745,912,733,739,38,744,53,216,356,98,238,406,82,860,633,48,89,83,87,64,74,51,50,72,70,63,40,50,48,84,54,78,62,55,54,34,48,39,47,68,46,43,38,42,66,69,65
[ 33.682108] wil6210-aoa$0,1606461633.598999,04:d6:aa:c1:38:97,2,1,1,0,128,286,945,774,766,918,975,359,380,129,338,27,191,887,88,227,631,941,995,377,937,735,33,768,68,201,371,100,243,384,33,946,609,48,90,82,88,65,72,48,51,72,67,63,39,47,46,80,50,72,60,52,52,31,45,35,44,64,43,40,35,41,64,63,57
[ 33.710455] wil6210-aoa$0,1606461633.627346,04:d6:aa:c1:38:97,2,1,1,0,128,240,915,775,779,908,978,398,378,127,363,508,24,239,872,643,347,882,920,422,940,731,12,709,1015,765,181,154,219,869,899,26,767,54,105,95,100,75,85,56,59,87,80,74,46,55,55,96,60,87,70,60,63,39,56,44,55,78,51,49,45,53,78,79,75
[ 33.744706] wil6210-aoa$0,1606461633.661596,04:d6:aa:c1:38:97,2,1,1,0,128,296,927,248,585,391,820,445,420,172,376,63,231,874,70,138,564,906,972,339,879,178,864,133,808,237,372,607,71,331,1019,765,538,55,104,93,101,73,83,54,58,81,76,71,43,51,53,89,55,79,66,57,57,35,50,39,47,71,44,41,35,43,68,67,62
[ 33.779145] wil6210-aoa$0,1606461633.696031,04:d6:aa:c1:38:97,2,1,1,0,128,771,736,300,650,970,1002,435,437,118,363,61,239,812,23,655,355,941,975,811,723,738,59,698,41,259,440,112,243,359,16,604,377,56,103,94,95,75,87,57,57,85,83,72,47,56,52,98,60,83,70,60,63,38,57,44,54,78,53,51,46,50,77,82,76
[ 33.811840] wil6210-aoa$0,1606461633.728730,04:d6:aa:c1:38:97,2,1,1,0,128,242,881,250,594,392,818,905,205,681,211,137,248,871,57,246,610,933,954,818,656,160,848,720,38,621,150,621,72,407,47,464,216,56,103,92,98,74,88,57,56,86,81,74,48,57,53,99,61,86,68,62,64,40,54,45,55,78,52,49,46,52,75,80,72
[ 33.840253] wil6210-aoa$0,1606461633.757139,04:d6:aa:c1:38:97,2,1,1,0,128,769,748,770,786,891,993,407,423,182,397,68,216,833,49,204,614,897,959,331,895,155,878,705,1014,279,363,135,235,867,905,256,39,55,104,94,100,75,89,59,58,85,80,74,50,57,55,99,60,88,70,62,63,41,58,44,56,78,53,50,46,52,80,83,77
[ 33.876156] wil6210-aoa$0,1606461633.793048,04:d6:aa:c1:38:97,2,1,1,0,128,248,871,746,760,941,11,463,415,125,359,25,171,777,3,281,623,912,957,426,938,745,35,742,35,115,305,158,263,363,38,911,663,55,103,92,100,72,85,56,57,83,77,70,46,53,50,92,58,82,66,59,60,35,52,38,51,74,45,45,38,46,69,70,66
[ 33.904635] wil6210-aoa$0,1606461633.821526,04:d6:aa:c1:38:97,2,1,1,0,128,335,951,795,800,1003,19,403,386,153,359,66,199,838,51,199,576,868,949,332,853,753,40,777,5,228,319,111,200,380,21,22,873,56,104,93,99,75,86,57,58,86,82,71,46,54,52,95,56,84,69,62,62,38,54,42,53,75,50,49,42,49,75,78,71
[ 33.936004] wil6210-aoa$0,1606461633.852894,04:d6:aa:c1:38:97,2,1,1,0,128,264,944,800,763,988,14,366,359,163,352,16,201,856,52,160,579,874,944,836,714,678,41,727,32,205,394,50,211,830,886,471,198,56,103,93,98,74,86,55,57,84,79,70,46,54,54,96,57,84,67,60,62,36,54,44,52,75,49,48,41,47,75,76,68
[ 33.965312] wil6210-aoa$0,1606461633.882204,04:d6:aa:c1:38:97,2,1,1,0,128,719,710,862,821,359,781,909,238,160,373,60,210,850,74,167,538,403,773,381,909,708,25,719,27,255,362,63,189,875,863,645,398,58,102,92,98,75,83,59,59,84,78,72,48,57,53,95,60,87,69,62,62,38,55,45,54,75,51,50,44,52,81,81,77
[ 33.997194] wil6210-aoa$0,1606461633.914082,04:d6:aa:c1:38:97,2,1,1,0,128,278,918,706,741,388,833,401,367,133,333,545,21,792,59,178,569,373,773,418,936,178,910,700,27,156,370,128,221,340,12,810,549,57,102,95,101,77,88,58,60,86,81,74,49,58,56,100,60,89,70,64,66,40,59,47,57,79,54,52,46,53,80,85,79
[ 34.032241] wil6210-aoa$0,1606461633.949131,04:d6:aa:c1:38:97,2,1,1,0,128,828,756,818,790,941,27,380,371,657,176,49,165,889,72,108,548,909,951,820,676,207,859,162,842,680,194,95,237,353,19,514,322,57,105,95,101,76,86,57,60,85,79,72,47,57,53,96,60,86,69,60,63,38,54,44,53,76,50,48,41,48,76,76,71
[ 34.060612] wil6210-aoa$0,1606461633.977504,04:d6:aa:c1:38:97,2,1,1,0,128,305,928,760,734,999,1017,423,390,179,359,107,243,803,43,672,370,941,965,357,918,725,32,721,1002,144,282,572,0,909,900,95,944,59,106,96,99,77,89,60,61,87,84,76,50,57,55,99,60,87,71,64,65,40,59,46,57,80,53,51,46,52,79,81,76
[ 34.094859] wil6210-aoa$0,1606461634.011751,04:d6:aa:c1:38:97,2,1,1,0,128,233,911,747,733,901,984,858,189,122,366,513,39,839,64,192,544,890,920,833,685,222,888,738,30,676,144,133,241,379,52,73,901,51,99,88,94,68,79,53,53,77,74,65,42,48,48,87,55,79,65,55,56,35,49,39,47,70,45,43,38,45,69,69,65
[ 34.129108] wil6210-aoa$0,1606461634.045996,04:d6:aa:c1:38:97,2,1,1,0,128,309,928,838,837,951,984,390,360,122,328,19,161,216,841,193,599,805,856,407,949,696,14,749,16,184,367,110,221,280,1023,642,434,56,104,92,98,75,83,58,57,83,78,72,47,54,52,95,59,86,67,58,61,37,53,43,51,74,49,49,42,48,73,74,70
[ 34.162416] wil6210-aoa$0,1606461634.079308,04:d6:aa:c1:38:97,2,1,1,0,128,253,918,797,780,953,1018,454,422,567,160,577,56,246,833,669,417,861,929,374,879,712,1008,739,28,175,350,138,250,353,62,814,586,54,104,94,99,75,84,56,60,84,80,71,46,56,53,95,57,86,69,59,60,36,53,43,51,76,50,49,44,50,75,79,73
[ 34.191492] wil6210-aoa$0,1606461634.108384,04:d6:aa:c1:38:97,2,1,1,0,128,282,934,826,832,952,4,433,429,246,464,60,187,857,65,631,340,918,955,413,910,732,35,687,999,257,374,120,212,426,55,788,440,54,101,92,100,72,82,57,58,81,75,70,44,53,50,93,56,84,67,59,58,35,51,41,52,71,47,46,40,46,71,73,68
[ 34.220153] wil6210-aoa$0,1606461634.137045,04:d6:aa:c1:38:97,2,1,1,0,128,718,717,810,770,903,1011,821,204,617,150,591,68,261,843,256,563,899,951,408,905,702,24,761,18,160,346,661,63,801,801,940,740,54,103,94,100,72,82,57,58,84,78,69,45,53,50,90,56,84,69,57,56,37,51,41,48,73,46,44,37,44,68,70,66
[ 34.255031] wil6210-aoa$0,1606461634.171924,04:d6:aa:c1:38:97,2,1,1,0,128,214,888,819,776,923,993,474,425,206,384,538,1017,845,75,679,401,879,957,812,711,697,23,709,29,141,341,97,219,800,872,738,534,54,103,93,97,71,82,54,56,83,76,71,44,55,53,92,56,84,69,58,61,36,51,42,50,73,47,46,41,47,71,73,69
[ 34.286348] wil6210-aoa$0,1606461634.203235,04:d6:aa:c1:38:97,2,1,1,0,128,263,902,220,571,437,846,865,195,131,377,62,195,751,1023,212,566,886,934,415,927,728,16,129,806,695,197,83,192,378,42,525,314,54,103,92,99,76,86,58,58,84,82,73,46,55,53,96,58,85,69,59,63,39,52,45,53,75,50,49,43,49,75,76,73
[ 34.316360] wil6210-aoa$0,1606461634.233251,04:d6:aa:c1:38:97,2,1,1,0,128,241,939,740,734,902,972,870,152,673,189,72,180,813,44,248,579,881,919,385,910,184,853,776,76,185,324,97,231,355,73,460,256,57,104,95,99,75,88,56,57,86,81,71,46,55,52,94,57,88,69,62,62,39,57,44,54,77,51,51,45,51,77,80,75
[ 34.348115] wil6210-aoa$0,1606461634.265001,04:d6:aa:c1:38:97,2,1,1,0,128,220,865,830,797,920,985,411,384,182,365,63,214,749,1004,205,573,894,944,830,657,748,21,727,13,728,196,126,229,328,24,478,230,58,102,91,98,75,85,57,56,84,81,72,48,56,54,95,61,86,69,61,63,37,55,44,53,77,51,50,45,50,77,82,76
[ 34.384067] wil6210-aoa$0,1606461634.300959,04:d6:aa:c1:38:97,2,1,1,0,128,292,882,206,532,425,834,878,168,649,156,108,222,862,46,633,385,889,920,841,720,117,824,174,853,207,375,122,210,806,858,382,187,56,103,95,99,74,85,56,58,83,78,72,45,54,53,92,57,83,68,60,62,36,51,41,50,71,45,44,38,45,69,68,65
[ 34.418140] wil6210-aoa$0,1606461634.335028,04:d6:aa:c1:38:97,2,1,1,0,128,283,905,743,766,904,990,437,421,142,329,40,182,799,65,191,572,314,717,865,749,723,20,739,47,156,335,101,199,364,36,978,688,57,109,96,100,78,88,59,59,86,78,72,43,54,54,95,59,87,71,61,62,39,54,43,53,75,49,47,41,48,73,77,69
[ 34.451885] wil6210-aoa$0,1606461634.368775,04:d6:aa:c1:38:97,2,1,1,0,128,251,917,794,773,951,8,399,433,174,394,67,201,807,65,214,587,878,936,365,911,713,44,746,32,231,391,94,190,404,55,927,746,59,107,96,104,76,87,58,61,88,83,74,49,57,54,98,62,87,71,62,63,38,58,46,55,79,51,51,47,52,78,83,76
[ 34.480467] wil6210-aoa$0,1606461634.397357,04:d6:aa:c1:38:97,2,1,1,0,128,271,902,786,811,903,986,427,384,600,147,515,1021,351,900,252,617,903,947,392,925,711,18,749,28,191,357,41,176,363,43,546,312,59,106,96,102,78,88,58,59,83,82,72,44,54,53,94,60,86,69,60,61,36,52,41,50,73,47,46,40,44,73,69,66
[ 34.514299] wil6210-aoa$0,1606461634.431190,04:d6:aa:c1:38:97,2,1,1,0,128,280,888,723,719,930,993,428,407,170,377,531,42,754,1021,646,360,943,1007,348,916,702,49,734,31,254,413,148,282,351,44,1004,710,55,104,95,99,71,84,56,58,85,78,73,45,55,54,95,58,86,67,61,62,35,53,42,51,74,48,47,42,50,76,75,71
[ 34.543784] wil6210-aoa$0,1606461634.460677,04:d6:aa:c1:38:97,2,1,1,0,128,313,918,800,745,962,986,464,409,163,385,32,181,264,903,198,556,967,996,379,912,802,85,744,1016,217,356,142,243,358,13,241,36,53,101,89,99,70,81,54,55,80,77,68,42,50,50,88,58,77,67,57,57,33,48,38,46,68,44,42,35,42,66,66,60
[ 34.575064] wil6210-aoa$0,1606461634.491953,04:d6:aa:c1:38:97,2,1,1,0,128,289,950,720,737,925,993,943,213,211,402,78,217,776,15,127,510,398,771,352,896,192,832,750,32,218,338,112,197,389,44,77,832,54,101,93,98,74,85,58,56,85,80,71,46,54,52,94,57,86,67,58,61,37,53,41,49,74,47,46,39,46,71,71,65
[ 34.605317] wil6210-aoa$0,1606461634.522209,04:d6:aa:c1:38:97,2,1,1,0,128,324,954,697,763,981,1,425,418,179,399,76,217,850,86,254,648,936,967,390,932,800,81,784,72,241,384,191,288,420,76,972,567,55,102,94,99,73,82,56,56,81,76,71,44,53,52,90,57,84,67,58,61,37,51,42,49,71,46,45,38,45,70,70,64
[ 34.636586] wil6210-aoa$0,1606461634.553475,04:d6:aa:c1:38:97,2,1,1,0,128,284,895,762,759,938,985,409,377,212,391,996,134,335,910,202,588,935,990,353,911,770,60,758,57,200,348,163,258,380,61,698,350,57,101,91,98,73,85,58,56,84,80,71,46,54,52,97,58,87,70,60,62,38,56,45,54,77,51,50,44,52,79,80,77
[ 34.667087] wil6210-aoa$0,1606461634.583974,04:d6:aa:c1:38:97,2,1,1,0,128,824,754,759,767,944,1011,855,168,632,182,43,205,849,46,199,559,390,806,890,743,198,883,728,17,205,395,116,245,387,44,544,355,56,101,92,100,74,85,59,59,84,81,70,47,55,51,97,60,85,69,60,61,39,56,43,52,78,52,51,44,51,77,79,77
[ 34.705062] wil6210-aoa$0,1606461634.621949,04:d6:aa:c1:38:97,2,1,1,0,128,318,993,812,852,975,34,402,392,221,416,19,223,845,25,292,627,964,968,397,918,731,48,784,53,245,398,96,219,358,41,649,418,56,101,95,99,75,87,56,59,85,80,71,45,57,52,98,59,86,69,61,62,38,54,45,52,76,49,47,42,48,74,78,70
[ 34.742365] wil6210-aoa$0,1606461634.659252,04:d6:aa:c1:38:97,2,1,1,0,128,352,978,751,741,967,1010,382,373,157,361,99,242,860,63,175,592,884,940,379,878,757,39,713,50,218,377,173,265,401,63,322,51,57,104,93,99,76,86,57,57,83,78,72,48,54,51,97,61,84,68,62,63,39,57,45,54,77,53,49,44,51,77,80,77
[ 34.773277] wil6210-aoa$0,1606461634.690164,04:d6:aa:c1:38:97,2,1,1,0,128,781,733,806,771,945,2,847,207,235,411,498,1016,227,891,147,569,889,958,782,658,144,843,201,899,740,251,96,229,828,818,915,790,55,103,95,98,74,82,56,56,84,79,70,45,53,52,93,58,83,69,59,59,36,51,43,51,75,47,46,41,46,73,76,70
[ 34.811828] wil6210-aoa$0,1606461634.728714,04:d6:aa:c1:38:97,2,1,1,0,128,355,947,811,811,950,1002,447,394,122,362,35,182,275,869,150,548,915,925,412,943,695,34,724,30,206,347,130,210,317,7,640,420,58,104,94,100,73,85,58,59,83,77,70,45,53,53,92,59,85,69,62,63,38,53,42,52,75,49,46,41,47,71,72,69
[ 34.845726] wil6210-aoa$0,1606461634.762618,04:d6:aa:c1:38:97,2,1,1,0,128,295,921,851,835,941,985,355,367,194,401,47,199,790,34,219,617,889,901,453,958,750,33,713,2,270,403,41,186,344,27,997,790,50,90,81,87,66,75,50,49,72,70,63,41,50,47,85,52,74,60,55,56,34,50,41,48,69,46,45,41,46,67,75,69
[ 34.874455] wil6210-aoa$0,1606461634.791347,04:d6:aa:c1:38:97,2,1,1,0,128,357,966,729,739,1018,1016,405,412,188,354,50,176,789,7,162,540,354,753,402,935,743,53,787,52,220,350,116,239,344,4,562,301,54,96,89,94,71,81,54,54,79,75,68,45,54,52,91,56,80,65,59,58,36,52,43,52,73,49,48,44,49,73,76,72
[ 34.906249] wil6210-aoa$0,1606461634.823137,04:d6:aa:c1:38:97,2,1,1,0,128,294,900,846,819,942,1003,432,382,215,408,7,192,775,1,644,353,907,991,333,876,798,75,770,40,158,316,121,225,816,851,593,373,52,96,88,91,68,81,54,54,78,76,67,44,51,49,89,56,81,64,58,59,36,51,41,49,72,47,45,39,46,71,71,68
[ 34.942632] wil6210-aoa$0,1606461634.859523,04:d6:aa:c1:38:97,2,1,1,0,128,331,935,829,832,975,3,362,373,251,402,43,201,844,64,155,536,868,964,347,895,741,45,767,74,202,392,135,261,370,27,144,948,57,104,94,100,75,86,57,59,83,81,74,45,57,55,97,58,85,69,61,62,39,55,42,54,74,49,47,42,49,74,78,73
[ 34.971692] wil6210-aoa$0,1606461634.888585,04:d6:aa:c1:38:97,2,1,1,0,128,303,926,835,805,909,986,418,432,203,393,76,201,838,38,225,607,934,988,380,944,780,87,769,48,184,302,81,221,391,45,189,971,56,102,93,97,77,84,59,58,83,79,72,48,56,54,95,59,86,70,60,61,37,55,42,51,77,49,47,41,48,77,78,73
[ 35.002579] wil6210-aoa$0,1606461634.919471,04:d6:aa:c1:38:97,2,1,1,0,128,321,954,815,795,925,990,861,194,173,349,91,192,805,4,241,596,869,910,387,911,786,60,769,35,184,354,134,235,345,56,84,877,56,103,93,98,73,87,57,57,84,80,73,46,56,53,95,60,88,69,61,61,40,55,43,54,77,50,49,43,51,77,82,75
[ 35.035305] wil6210-aoa$0,1606461634.952193,04:d6:aa:c1:38:97,2,1,1,0,128,331,969,752,804,351,790,441,397,134,380,992,136,340,910,645,305,858,929,396,917,726,17,754,47,200,359,100,170,837,845,664,553,55,103,94,100,74,83,56,57,84,81,73,46,53,52,92,59,84,68,60,62,36,52,42,52,73,48,46,40,45,70,73,71
[ 35.066664] wil6210-aoa$0,1606461634.983552,04:d6:aa:c1:38:97,2,1,1,0,128,268,938,767,758,923,999,862,199,143,356,41,162,212,838,670,370,286,700,812,674,139,837,697,1009,229,372,175,245,344,57,794,547,55,103,94,98,74,86,58,57,83,82,71,46,57,53,96,59,85,68,59,60,37,54,42,51,76,50,49,42,47,74,76,72
[ 35.105166] wil6210-aoa$0,1606461635.022054,04:d6:aa:c1:38:97,2,1,1,0,128,375,971,730,773,934,1000,381,383,184,372,67,231,781,10,695,401,881,920,848,720,162,825,193,878,180,338,146,247,357,15,863,558,58,99,90,97,73,87,58,58,85,80,74,49,56,53,98,61,88,68,62,64,40,57,45,55,78,55,50,46,52,76,83,79
[ 35.143464] wil6210-aoa$0,1606461635.060352,04:d6:aa:c1:38:97,2,1,1,0,128,260,900,827,813,942,995,442,431,150,361,23,147,359,923,237,613,916,953,300,832,108,795,185,826,748,179,564,35,847,861,10,799,54,103,93,100,74,84,57,57,83,77,72,45,53,52,94,58,82,67,60,62,38,52,42,53,73,48,47,41,46,72,72,71
[ 35.182098] wil6210-aoa$0,1606461635.098985,04:d6:aa:c1:38:97,2,1,1,0,128,755,759,764,748,432,850,892,243,99,326,545,13,295,858,583,317,907,953,854,689,792,66,713,4,135,319,82,237,294,999,398,170,57,102,91,97,74,85,56,57,84,80,73,47,55,53,97,59,86,67,62,65,40,55,44,54,77,51,50,44,50,77,79,75
[ 35.211660] wil6210-aoa$0,1606461635.128553,04:d6:aa:c1:38:97,2,1,1,0,128,265,926,808,821,973,1019,385,367,144,324,52,193,819,1023,207,604,933,991,386,923,731,36,729,58,682,204,112,216,864,897,291,23,56,104,91,98,73,83,56,56,83,75,70,42,52,49,93,56,84,68,59,61,37,50,41,51,71,46,46,41,46,71,73,69
[ 35.242615] wil6210-aoa$0,1606461635.159506,04:d6:aa:c1:38:97,2,1,1,0,128,327,916,776,810,949,1019,358,392,174,365,49,223,820,73,151,596,951,999,445,955,706,36,718,53,190,384,166,278,328,17,155,966,58,105,97,104,77,88,59,58,85,81,73,49,58,55,98,60,88,73,61,62,39,56,46,56,79,54,51,45,51,78,84,80
[ 35.277900] wil6210-aoa$0,1606461635.194785,04:d6:aa:c1:38:97,2,1,1,0,128,299,901,809,767,963,1011,459,389,177,363,79,209,828,40,164,587,899,948,321,870,151,860,769,31,648,146,548,20,412,76,232,1014,56,107,96,102,77,88,60,58,85,82,73,48,58,53,98,60,87,69,62,65,39,56,43,53,76,50,50,43,49,74,77,75
[ 35.312400] wil6210-aoa$0,1606461635.229291,04:d6:aa:c1:38:97,2,1,1,0,128,255,915,766,779,940,1022,445,400,133,357,34,222,904,119,219,619,913,934,352,885,700,9,661,1010,635,187,89,198,308,1010,691,566,57,105,96,101,76,88,59,59,85,80,69,46,56,55,96,58,87,71,62,63,38,54,42,52,76,47,46,42,45,71,73,68
[ 35.341977] wil6210-aoa$0,1606461635.258869,04:d6:aa:c1:38:97,2,1,1,0,128,734,694,781,748,964,981,386,397,165,369,69,216,747,1014,691,399,863,929,349,890,741,39,757,40,155,329,147,278,324,49,655,426,56,103,96,100,76,88,57,55,84,79,72,47,55,54,97,57,87,69,61,63,38,54,44,54,77,51,50,44,51,76,76,74
[ 35.371850] wil6210-aoa$0,1606461635.288743,04:d6:aa:c1:38:97,2,1,1,0,128,760,752,224,557,327,798,912,222,624,186,55,176,843,14,202,540,908,953,372,887,683,1011,715,12,173,312,135,229,325,47,101,829,55,102,94,98,72,83,54,56,82,77,70,42,51,49,90,54,79,65,58,58,35,49,41,48,70,44,44,36,44,69,69,62
[ 35.401377] wil6210-aoa$0,1606461635.318270,04:d6:aa:c1:38:97,2,1,1,0,128,751,749,777,756,948,1020,371,370,123,331,36,182,303,865,173,519,960,978,317,854,723,1021,113,805,661,153,87,196,360,29,61,827,54,101,94,99,74,86,55,55,83,79,71,44,54,50,95,57,83,66,59,60,35,50,42,50,72,45,44,39,43,69,72,66
[ 35.431177] wil6210-aoa$0,1606461635.348069,04:d6:aa:c1:38:97,2,1,1,0,128,283,916,791,775,965,998,435,404,143,350,53,214,842,30,193,580,916,984,396,935,744,40,777,72,209,393,120,212,321,1006,900,608,55,104,92,98,72,81,56,55,80,77,69,45,54,52,92,59,84,68,60,58,36,53,39,50,72,48,46,40,46,71,74,69
