
[ 27.006762] wil6210-aoa$0,1606461624.559413,04:d6:aa:c1:38:97,2,1,1,0,128,247,912,751,784,935,2,371,452,607,119,7,196,683,1004,600,292,414,767,363,887,657,82,669,995,208,321,54,213,848,883,374,252,68,57,82,67,54,55,67,31,85,75,80,75,61,77,108,55,72,43,41,41,50,58,41,64,70,50,47,42,52,80,87,67
[ 27.036258] wil6210-aoa$0,1606461624.588914,04:d6:aa:c1:38:97,2,1,1,0,128,283,944,746,746,412,886,843,254,568,78,469,1009,805,84,86,494,940,931,419,876,621,23,769,43,111,333,103,212,370,6,338,45,62,54,81,67,56,54,62,30,79,68,77,67,60,73,105,50,69,41,40,39,44,56,37,60,64,44,47,38,43,69,86,57
[ 27.059259] wil6210-aoa$0,1606461624.611911,04:d6:aa:c1:38:97,2,1,1,0,128,736,709,228,591,366,820,430,421,76,303,570,8,268,843,253,601,862,935,419,921,712,40,196,858,233,380,141,257,770,848,370,256,54,105,94,101,75,88,55,58,85,82,73,48,55,54,93,60,85,69,59,63,40,56,45,55,78,51,48,44,48,77,83,76
[ 27.089675] wil6210-aoa$0,1606461624.642327,04:d6:aa:c1:38:97,2,1,1,0,128,319,944,776,793,965,3,893,198,610,177,80,224,817,46,210,622,905,958,459,989,694,8,740,28,153,340,104,207,375,22,473,267,59,106,95,101,78,90,59,59,86,82,75,51,59,57,101,62,89,69,63,65,40,59,46,58,79,53,54,46,52,80,82,80
[ 27.111867] wil6210-aoa$0,1606461624.664523,04:d6:aa:c1:38:97,2,1,1,0,128,273,897,776,796,864,978,933,215,133,358,529,999,846,39,191,571,868,942,824,722,115,855,265,926,178,360,113,219,357,15,677,473,54,98,88,96,70,82,55,56,82,75,71,46,53,51,91,59,82,65,57,60,35,54,40,52,72,47,46,40,46,72,73,70
[ 27.150982] wil6210-aoa$0,1606461624.703638,04:d6:aa:c1:38:97,2,1,1,0,128,247,892,796,776,360,790,369,377,659,173,62,206,779,23,183,587,889,914,329,888,168,836,703,1019,703,145,548,5,842,883,155,963,61,107,93,101,78,89,60,58,89,85,75,51,61,57,100,64,89,72,65,66,40,59,49,59,81,58,54,49,55,82,90,84
[ 27.177905] wil6210-aoa$0,1606461624.730557,04:d6:aa:c1:38:97,2,1,1,0,128,328,980,792,790,321,808,894,198,574,126,486,1009,326,889,679,345,355,754,848,702,176,881,224,912,139,328,627,43,379,63,22,873,52,99,86,95,72,82,56,55,80,76,70,43,52,52,90,55,81,63,59,56,34,50,40,47,68,45,43,38,43,67,69,66
[ 27.200573] wil6210-aoa$0,1606461624.753225,04:d6:aa:c1:38:97,2,1,1,0,128,312,937,769,769,902,968,450,438,191,401,36,215,822,42,184,553,938,989,410,964,737,100,721,49,670,175,595,39,880,882,156,946,59,104,96,100,77,90,58,58,87,83,76,50,59,56,99,62,91,71,63,65,40,60,48,56,80,53,52,47,53,81,87,81
[ 27.231891] wil6210-aoa$0,1606461624.784543,04:d6:aa:c1:38:97,2,1,1,0,128,272,943,844,816,857,941,420,427,130,360,31,212,789,20,206,603,889,957,341,888,747,46,655,16,209,407,148,229,343,31,476,239,60,109,98,101,77,87,59,61,88,82,76,48,59,58,100,62,88,70,63,64,41,55,47,56,79,52,51,45,51,79,79,76
[ 27.259840] wil6210-aoa$0,1606461624.812492,04:d6:aa:c1:38:97,2,1,1,0,128,276,911,826,762,946,9,394,362,588,130,548,19,286,912,647,396,894,961,394,904,767,43,773,37,179,363,84,230,342,0,180,972,53,101,92,96,70,83,55,56,84,79,69,45,54,50,90,57,83,69,58,60,38,51,43,52,72,46,48,41,46,72,73,68
[ 27.281796] wil6210-aoa$0,1606461624.834454,04:d6:aa:c1:38:97,2,1,1,0,128,241,905,856,846,935,990,398,413,168,390,8,168,288,894,667,370,916,953,390,934,749,21,707,1017,723,192,134,254,381,38,690,446,59,106,95,103,78,89,59,60,89,84,77,49,61,57,102,64,90,73,63,67,43,60,48,59,80,54,53,48,56,83,87,83
[ 27.321153] wil6210-aoa$0,1606461624.873810,04:d6:aa:c1:38:97,2,1,1,0,128,804,718,254,583,287,776,446,402,146,351,69,181,805,11,175,591,872,921,897,723,148,834,764,45,657,173,117,229,349,20,105,994,62,105,97,101,80,90,60,59,88,81,76,52,60,60,103,65,90,74,64,66,42,62,49,60,81,55,54,49,56,81,88,83
[ 27.348367] wil6210-aoa$0,1606461624.901020,04:d6:aa:c1:38:97,2,1,1,0,128,312,953,790,839,978,19,379,379,140,359,509,1022,299,938,669,399,955,969,371,923,699,25,749,36,249,379,123,233,370,42,374,153,57,108,93,98,73,85,56,58,83,75,72,44,52,52,88,58,80,67,60,60,35,49,40,48,72,44,44,37,43,70,69,65
[ 27.375022] wil6210-aoa$0,1606461624.927680,04:d6:aa:c1:38:97,2,1,1,0,128,329,930,801,804,946,1002,386,395,253,418,41,194,889,84,239,567,997,1021,373,942,738,52,667,998,233,372,65,191,361,27,352,29,58,107,96,103,75,86,58,58,84,80,72,46,55,52,94,58,85,69,59,61,36,52,42,52,76,46,46,40,45,70,70,61
[ 27.397196] wil6210-aoa$0,1606461624.949853,04:d6:aa:c1:38:97,2,1,1,0,128,794,756,815,821,874,909,850,190,163,326,79,225,840,39,196,599,878,942,821,745,739,46,686,35,256,418,81,197,387,18,80,965,53,99,89,94,71,81,54,54,80,74,68,43,51,51,89,54,79,65,58,59,35,51,41,50,69,45,44,38,44,69,71,67
[ 27.426247] wil6210-aoa$0,1606461624.978900,04:d6:aa:c1:38:97,2,1,1,0,128,271,897,770,729,968,1013,412,397,200,402,45,203,840,60,205,600,907,926,402,910,725,54,705,1019,680,180,130,243,384,45,345,1003,57,105,99,101,77,88,60,60,88,83,75,48,59,54,100,60,89,71,65,65,41,58,46,54,80,54,50,44,52,79,81,76
[ 27.449666] wil6210-aoa$0,1606461625.002324,04:d6:aa:c1:38:97,2,1,1,0,128,298,930,748,761,876,939,865,189,177,403,63,200,848,85,135,560,920,958,362,858,747,13,737,5,144,338,56,229,281,8,335,121,56,103,97,100,74,86,55,59,85,81,73,43,54,54,94,58,85,68,59,61,36,53,43,53,75,51,48,43,45,74,73,71
[ 27.480010] wil6210-aoa$0,1606461625.032668,04:d6:aa:c1:38:97,2,1,1,0,128,295,956,766,751,403,837,872,182,642,176,485,1023,289,882,214,593,878,914,308,866,161,864,745,21,174,359,68,170,791,801,507,299,54,98,90,95,71,82,56,56,80,77,71,49,55,53,94,60,84,68,59,62,38,56,44,52,76,51,50,43,49,76,79,75
[ 27.504181] wil6210-aoa$0,1606461625.056834,04:d6:aa:c1:38:97,2,1,1,0,128,814,802,769,805,929,982,438,396,179,356,74,221,792,19,206,580,929,971,439,936,791,60,755,97,201,373,153,279,275,1008,677,504,54,97,92,96,70,83,56,57,80,75,68,44,52,52,88,56,81,66,57,59,35,53,41,48,71,47,44,38,46,70,70,64
[ 27.535365] wil6210-aoa$0,1606461625.088017,04:d6:aa:c1:38:97,2,1,1,0,128,267,913,781,827,982,53,376,381,142,343,39,200,294,905,140,556,919,976,430,962,700,35,812,71,205,355,140,231,374,38,820,584,61,107,96,102,77,89,59,61,88,83,77,51,61,57,101,64,90,72,62,64,42,59,48,57,79,55,52,46,53,78,86,79
[ 27.562794] wil6210-aoa$0,1606461625.115451,04:d6:aa:c1:38:97,2,1,1,0,128,238,921,832,778,939,1002,418,403,147,369,82,166,794,46,204,571,959,980,351,900,745,22,788,71,236,362,144,279,358,26,968,616,60,107,99,104,77,90,57,59,88,82,75,49,57,56,100,61,86,71,63,64,39,55,46,53,76,50,50,40,47,77,78,71
[ 27.585443] wil6210-aoa$0,1606461625.138100,04:d6:aa:c1:38:97,2,1,1,0,128,293,937,817,816,913,1005,427,407,183,347,29,165,275,909,195,544,945,974,266,818,804,57,709,2,235,376,161,267,318,15,894,734,54,97,91,94,72,82,55,56,82,76,69,45,55,50,89,56,83,66,57,60,36,52,41,50,72,45,45,38,44,67,70,66
[ 27.615244] wil6210-aoa$0,1606461625.167898,04:d6:aa:c1:38:97,2,1,1,0,128,746,722,771,759,431,844,865,179,655,166,559,38,230,860,675,411,871,948,341,873,187,833,172,875,234,402,55,207,373,52,812,673,59,108,97,104,81,88,58,61,87,83,75,48,57,57,98,61,88,72,65,64,40,55,46,55,79,52,51,44,49,78,78,73
[ 27.642981] wil6210-aoa$0,1606461625.195639,04:d6:aa:c1:38:97,2,1,1,0,128,302,930,818,793,891,980,370,363,198,323,92,195,794,10,667,398,884,960,352,932,777,73,656,1006,221,369,89,191,404,52,690,483,54,96,90,94,70,81,56,55,79,75,70,46,55,51,92,58,82,65,57,59,37,53,43,53,74,49,48,42,48,73,75,73
[ 27.665337] wil6210-aoa$0,1606461625.217993,04:d6:aa:c1:38:97,2,1,1,0,128,802,738,743,745,982,0,417,378,160,332,46,177,897,106,141,535,865,944,342,850,229,858,657,1005,217,316,134,256,337,1022,472,367,59,108,98,103,77,88,59,59,87,82,74,46,57,55,96,61,87,72,61,64,40,57,43,54,77,51,48,42,49,79,78,73
[ 27.695404] wil6210-aoa$0,1606461625.248057,04:d6:aa:c1:38:97,2,1,1,0,128,223,879,836,811,968,1007,410,408,219,418,29,163,823,28,264,625,925,951,417,904,717,2,787,84,200,369,112,241,397,72,830,514,59,105,100,103,79,92,60,61,90,84,77,52,60,58,105,65,89,73,66,67,42,60,48,59,82,56,54,49,57,83,87,85
[ 27.723949] wil6210-aoa$0,1606461625.276605,04:d6:aa:c1:38:97,2,1,1,0,128,283,913,775,762,890,988,420,397,189,360,114,231,871,80,189,588,844,915,392,941,780,80,722,1015,142,308,106,216,437,86,683,440,59,105,95,102,79,90,62,61,87,86,76,53,62,57,102,64,91,74,66,68,41,60,49,58,81,57,54,48,55,82,87,84
[ 27.746833] wil6210-aoa$0,1606461625.299490,04:d6:aa:c1:38:97,2,1,1,0,128,741,736,808,806,409,812,411,385,178,371,95,195,812,26,221,573,960,965,398,923,706,27,765,72,193,387,104,228,335,46,952,891,55,106,96,101,74,85,54,55,84,76,70,42,49,50,88,56,80,66,60,59,35,50,41,48,72,45,41,36,43,68,68,64
[ 27.776165] wil6210-aoa$0,1606461625.328818,04:d6:aa:c1:38:97,2,1,1,0,128,748,777,730,716,932,992,360,375,136,374,30,201,243,901,673,389,916,978,348,894,163,863,196,900,226,381,34,194,384,72,753,517,58,108,97,102,76,90,61,61,90,86,77,54,61,57,104,64,91,72,66,66,41,60,48,58,80,55,53,47,54,81,83,80
[ 27.804865] wil6210-aoa$0,1606461625.357522,04:d6:aa:c1:38:97,2,1,1,0,128,251,906,765,783,901,1002,399,402,195,395,22,158,306,877,697,386,433,843,369,910,739,30,716,35,197,354,66,206,355,41,946,716,53,100,90,95,73,82,55,56,79,75,70,45,50,51,90,56,80,64,56,58,35,51,41,48,69,44,43,37,44,68,67,61
[ 27.827655] wil6210-aoa$0,1606461625.380311,04:d6:aa:c1:38:97,2,1,1,0,128,266,905,792,771,897,988,426,418,152,348,549,26,831,20,212,629,901,967,837,708,180,869,756,38,155,345,167,303,392,45,653,317,60,106,99,104,78,91,62,59,86,85,77,50,61,56,100,63,90,74,65,68,40,59,47,57,82,55,52,49,53,82,85,82
[ 27.857448] wil6210-aoa$0,1606461625.410103,04:d6:aa:c1:38:97,2,1,1,0,128,247,935,732,752,917,6,436,445,225,403,141,280,880,76,229,590,895,971,393,948,770,82,714,33,236,375,95,210,359,26,863,492,59,107,97,104,78,89,58,60,87,81,75,47,58,54,97,61,87,69,64,63,38,54,46,52,77,47,48,42,48,71,75,71
[ 27.885977] wil6210-aoa$0,1606461625.438633,04:d6:aa:c1:38:97,2,1,1,0,128,254,917,767,745,894,995,345,347,590,153,451,989,279,899,181,572,900,965,390,880,741,47,688,4,256,388,539,31,834,885,451,362,58,107,99,106,77,89,61,60,86,83,77,50,60,55,101,64,89,71,63,64,40,58,46,55,81,55,51,44,52,80,83,76
[ 27.910650] wil6210-aoa$0,1606461625.463305,04:d6:aa:c1:38:97,2,1,1,0,128,755,723,211,551,348,775,948,218,215,421,82,199,832,20,229,575,346,758,382,896,712,0,777,45,254,387,133,211,330,0,879,754,57,108,96,105,77,87,57,59,87,81,76,48,58,54,98,62,88,71,62,64,41,58,43,54,79,52,49,45,53,78,80,78
[ 27.941248] wil6210-aoa$0,1606461625.493903,04:d6:aa:c1:38:97,2,1,1,0,128,704,699,186,540,978,993,392,397,168,359,78,229,294,857,241,635,907,993,373,922,710,31,769,70,180,352,158,248,368,37,189,1006,59,106,99,101,78,89,58,62,87,80,75,49,58,55,102,62,88,72,64,64,39,57,44,53,78,50,51,43,49,77,79,72
[ 27.971088] wil6210-aoa$0,1606461625.523743,04:d6:aa:c1:38:97,2,1,1,0,128,737,721,184,571,946,1010,887,209,243,427,48,182,854,52,133,531,903,942,339,912,174,854,199,867,189,305,44,168,844,879,1016,839,58,105,100,107,77,91,57,59,86,81,79,51,58,56,103,63,89,72,65,64,40,57,46,55,79,53,52,44,53,77,82,73
[ 28.001145] wil6210-aoa$0,1606461625.553799,04:d6:aa:c1:38:97,2,1,1,0,128,803,774,846,807,956,1018,409,388,600,139,490,1016,278,844,705,405,914,934,391,911,743,55,765,48,203,341,103,222,411,52,388,83,54,99,92,96,70,80,57,57,81,76,69,45,53,51,92,56,81,66,59,61,37,51,42,49,72,47,48,41,49,68,71,69
[ 28.024746] wil6210-aoa$0,1606461625.577404,04:d6:aa:c1:38:97,2,1,1,0,128,261,891,801,773,942,2,436,379,89,297,18,158,730,978,177,568,939,967,372,903,87,835,717,33,157,309,135,239,392,58,287,1012,54,100,92,98,72,84,57,57,82,76,69,46,56,53,92,58,83,67,60,61,36,53,44,51,73,48,47,41,48,74,76,70
[ 28.054731] wil6210-aoa$0,1606461625.607388,04:d6:aa:c1:38:97,2,1,1,0,128,296,922,776,777,371,815,866,166,154,363,74,206,813,49,176,579,871,901,382,934,686,1007,143,842,236,375,44,174,821,856,622,418,57,107,94,102,76,87,58,60,90,81,76,50,58,55,97,59,86,71,62,64,39,58,46,57,76,52,50,45,51,77,80,76
[ 28.080582] wil6210-aoa$0,1606461625.633237,04:d6:aa:c1:38:97,2,1,1,0,128,335,957,801,812,915,1012,380,385,133,399,54,158,869,31,224,625,896,892,394,925,737,22,722,2,140,320,62,192,373,32,336,158,52,100,90,96,72,81,53,54,81,75,70,42,53,51,91,56,80,67,57,59,37,51,41,48,72,45,47,39,43,68,70,65
[ 28.110323] wil6210-aoa$0,1606461625.662980,04:d6:aa:c1:38:97,2,1,1,0,128,271,931,849,830,940,1009,448,406,199,348,75,191,823,34,158,526,927,978,347,886,691,996,738,1021,177,343,41,160,856,872,355,116,59,109,98,103,78,89,60,62,89,84,77,51,59,57,101,62,91,73,64,66,40,60,47,57,80,55,52,47,55,82,83,81
[ 28.133695] wil6210-aoa$0,1606461625.686351,04:d6:aa:c1:38:97,2,1,1,0,128,748,725,243,602,354,828,884,188,190,365,101,226,805,1022,221,561,917,968,823,712,693,11,653,973,695,130,586,2,372,44,881,626,56,99,91,94,73,84,56,55,82,80,70,47,57,53,96,61,83,68,59,62,38,55,45,54,75,53,49,46,51,75,81,76
[ 28.162578] wil6210-aoa$0,1606461625.715230,04:d6:aa:c1:38:97,2,1,1,0,128,303,935,818,832,932,11,422,442,127,386,61,183,861,95,213,619,934,959,482,989,724,23,648,1006,221,365,166,268,387,34,703,339,60,103,96,100,77,89,60,60,89,86,76,51,61,57,99,62,89,72,64,66,42,59,48,54,79,54,52,46,52,81,84,81
[ 28.192361] wil6210-aoa$0,1606461625.745019,04:d6:aa:c1:38:97,2,1,1,0,128,325,934,822,833,957,1018,434,427,149,365,52,183,814,45,267,584,885,914,854,695,740,27,710,1011,669,170,103,233,399,37,794,476,53,100,90,96,73,83,57,54,83,76,70,46,55,52,91,58,82,67,58,60,37,51,41,53,74,50,45,41,48,72,71,71
[ 28.215913] wil6210-aoa$0,1606461625.768570,04:d6:aa:c1:38:97,2,1,1,0,128,862,781,774,745,992,36,419,406,226,388,18,180,768,0,662,401,925,978,394,894,160,882,152,842,648,187,572,45,835,867,464,265,57,107,98,104,77,87,59,60,83,81,74,46,58,57,97,62,87,71,62,64,39,57,43,55,78,52,49,43,50,76,76,72
[ 28.244355] wil6210-aoa$0,1606461625.797010,04:d6:aa:c1:38:97,2,1,1,0,128,237,921,809,775,937,1017,482,435,168,413,74,240,870,98,162,577,883,957,415,902,742,48,745,42,205,382,123,244,398,41,279,987,56,100,90,95,69,81,55,56,79,77,69,44,51,51,87,54,78,65,56,57,34,50,39,48,72,45,45,38,44,66,67,64
[ 28.273461] wil6210-aoa$0,1606461625.826111,04:d6:aa:c1:38:97,2,1,1,0,128,238,891,803,783,346,802,916,219,727,200,62,187,834,47,643,357,365,760,428,921,745,60,746,43,222,362,100,242,826,866,356,185,55,105,93,98,75,83,57,57,82,77,72,42,54,52,91,56,83,69,59,59,37,49,40,48,69,44,44,38,42,67,66,59
[ 28.296525] wil6210-aoa$0,1606461625.849181,04:d6:aa:c1:38:97,2,1,1,0,128,245,889,812,784,978,6,338,368,152,353,8,177,898,124,180,587,961,980,389,882,722,5,761,74,215,394,164,298,386,48,63,842,55,105,95,100,76,87,59,57,84,82,74,49,58,53,96,59,88,71,63,65,38,57,46,53,79,52,51,46,50,78,80,77
[ 28.323702] wil6210-aoa$0,1606461625.876355,04:d6:aa:c1:38:97,2,1,1,0,128,246,901,763,809,940,1000,475,435,174,393,81,198,852,61,214,619,917,946,371,921,736,30,746,9,268,399,114,232,369,63,516,213,59,104,94,99,76,88,57,59,86,83,74,47,57,55,99,60,84,70,62,62,38,54,44,51,76,50,47,42,48,75,77,70
[ 28.355253] wil6210-aoa$0,1606461625.907906,04:d6:aa:c1:38:97,2,1,1,0,128,221,931,767,814,887,1007,444,432,145,376,51,226,798,42,181,553,405,785,408,930,820,80,738,10,252,383,168,264,384,70,390,32,54,103,95,99,76,86,59,57,84,78,72,49,58,53,95,60,86,70,62,62,40,54,45,53,79,51,49,43,48,75,76,69
[ 28.384926] wil6210-aoa$0,1606461625.937577,04:d6:aa:c1:38:97,2,1,1,0,128,264,912,777,796,891,966,448,455,138,356,1017,143,308,884,190,597,410,792,865,717,182,861,756,38,179,348,223,294,360,1019,154,856,56,102,94,102,73,83,57,57,85,79,73,48,55,52,95,63,85,68,60,63,35,54,44,54,75,49,49,43,47,74,76,73
[ 28.414903] wil6210-aoa$0,1606461625.967557,04:d6:aa:c1:38:97,2,1,1,0,128,261,928,781,798,896,979,418,373,142,320,53,172,817,0,181,604,957,1004,362,915,755,47,778,60,241,428,209,282,338,72,31,687,58,108,98,103,78,87,58,61,87,82,73,46,56,54,94,58,87,72,59,63,39,55,42,52,77,49,47,41,49,74,75,70
[ 28.444909] wil6210-aoa$0,1606461625.997560,04:d6:aa:c1:38:97,2,1,1,0,128,738,731,778,773,920,1021,414,395,250,439,15,199,779,42,606,365,340,769,338,920,692,40,715,35,296,419,74,175,381,31,921,701,59,104,96,101,78,89,62,59,87,85,76,50,61,57,103,65,90,72,66,66,42,60,50,58,83,57,55,49,57,83,91,85
[ 28.474250] wil6210-aoa$0,1606461626.026904,04:d6:aa:c1:38:97,2,1,1,0,128,251,976,830,836,937,995,408,412,167,373,56,183,222,870,252,642,924,995,401,930,674,6,742,31,226,398,114,215,364,7,474,290,58,107,94,102,79,88,57,61,85,83,73,46,58,54,94,61,87,71,63,65,39,58,44,54,79,52,49,44,50,75,76,71
[ 28.503743] wil6210-aoa$0,1606461626.056395,04:d6:aa:c1:38:97,2,1,1,0,128,738,741,758,772,908,1000,465,437,211,389,39,201,839,62,149,580,868,927,346,876,222,874,749,38,249,406,128,267,322,18,945,665,58,108,96,100,78,88,58,60,86,83,75,49,55,56,96,60,86,72,63,61,38,56,44,54,77,51,49,44,50,77,83,74
[ 28.533453] wil6210-aoa$0,1606461626.086105,04:d6:aa:c1:38:97,2,1,1,0,128,340,946,750,772,888,998,350,371,633,167,97,186,821,82,157,587,887,911,836,730,744,27,674,985,702,194,97,201,418,39,742,528,58,107,96,101,78,87,59,60,86,82,73,49,58,55,100,60,89,71,63,65,39,57,44,55,79,52,52,46,54,79,83,78
[ 28.562908] wil6210-aoa$0,1606461626.115557,04:d6:aa:c1:38:97,2,1,1,0,128,287,924,776,794,929,965,876,186,671,183,99,243,845,64,202,556,912,942,347,859,719,2,695,5,215,387,48,188,364,52,237,45,51,92,84,90,67,80,53,50,77,74,67,48,53,50,92,56,81,62,56,58,36,53,43,52,73,52,48,43,50,75,78,76
[ 28.585844] wil6210-aoa$0,1606461626.138501,04:d6:aa:c1:38:97,2,1,1,0,128,338,959,757,767,911,1009,397,354,186,347,523,30,254,847,687,381,874,923,378,899,178,882,102,793,671,166,626,43,384,49,892,678,55,103,94,98,74,85,58,60,83,80,71,46,56,51,95,58,84,69,59,61,37,52,42,52,76,50,47,43,48,75,73,70
[ 28.613714] wil6210-aoa$0,1606461626.166366,04:d6:aa:c1:38:97,2,1,1,0,128,747,720,811,776,923,998,396,404,219,382,95,247,796,39,168,585,938,992,376,881,798,76,767,23,212,376,100,193,388,22,314,116,60,105,93,98,76,88,60,58,85,82,74,49,58,56,99,61,86,70,64,64,38,58,47,55,79,54,50,48,53,80,84,81
[ 28.640168] wil6210-aoa$0,1606461626.192825,04:d6:aa:c1:38:97,2,1,1,0,128,762,697,739,759,905,981,403,387,154,340,13,194,278,899,648,401,921,973,401,922,741,17,742,44,211,384,108,203,326,9,570,383,61,108,102,105,80,92,58,60,89,83,75,48,58,54,101,64,88,71,64,66,42,59,47,57,81,52,51,45,51,79,81,77
[ 28.669118] wil6210-aoa$0,1606461626.221774,04:d6:aa:c1:38:97,2,1,1,0,128,774,720,226,574,356,801,880,178,195,374,52,181,867,80,176,573,385,773,799,659,205,900,187,844,224,393,81,186,898,904,950,724,57,105,92,99,75,86,57,58,84,81,71,47,55,54,94,59,87,69,61,62,40,56,43,54,78,52,50,42,49,76,79,75
[ 28.697585] wil6210-aoa$0,1606461626.250243,04:d6:aa:c1:38:97,2,1,1,0,128,281,907,809,784,915,990,469,428,186,376,87,216,852,84,229,596,937,998,349,900,712,45,760,49,276,445,160,267,377,88,700,374,56,105,95,100,74,85,57,60,85,82,73,45,56,54,95,60,87,68,62,63,38,53,44,52,76,52,48,42,49,77,78,73
[ 28.723689] wil6210-aoa$0,1606461626.276343,04:d6:aa:c1:38:97,2,1,1,0,128,338,953,837,829,903,1017,423,406,162,340,10,136,310,854,657,391,333,749,876,733,168,840,150,816,662,162,139,245,344,28,919,686,57,109,98,104,78,90,61,62,87,82,77,49,59,55,99,60,90,70,64,65,38,56,45,54,79,52,49,40,51,74,76,68
[ 28.753981] wil6210-aoa$0,1606461626.306631,04:d6:aa:c1:38:97,2,1,1,0,128,757,767,230,614,374,816,393,376,179,394,106,229,310,875,654,379,407,772,842,703,215,875,759,37,219,380,95,198,877,849,141,992,58,106,96,103,75,86,60,60,88,82,73,50,57,54,95,61,88,70,61,64,37,56,43,52,76,51,50,43,51,76,82,75
[ 28.784181] wil6210-aoa$0,1606461626.336833,04:d6:aa:c1:38:97,2,1,1,0,128,319,949,752,789,908,968,413,413,565,140,61,184,814,77,268,650,854,950,333,905,718,67,808,51,239,401,129,243,368,44,848,527,61,108,97,103,78,91,61,62,89,85,76,51,59,55,100,62,91,75,65,67,41,59,47,56,82,52,53,45,51,80,82,79
[ 28.810420] wil6210-aoa$0,1606461626.363076,04:d6:aa:c1:38:97,2,1,1,0,128,275,932,743,741,437,839,395,370,649,164,60,199,849,100,130,516,917,941,334,838,220,887,770,28,221,379,141,243,340,13,625,304,58,104,96,100,77,85,56,58,85,78,72,45,54,51,91,59,83,68,58,59,35,50,39,48,72,43,43,38,41,66,67,58
[ 28.839181] wil6210-aoa$0,1606461626.391834,04:d6:aa:c1:38:97,2,1,1,0,128,305,923,780,777,891,959,894,271,189,395,41,197,842,88,220,597,960,8,431,947,732,68,776,48,202,351,114,235,351,22,223,993,57,104,100,103,76,89,59,61,84,82,74,47,56,54,98,61,88,72,63,63,38,54,45,53,81,53,49,43,51,79,81,78
[ 28.867133] wil6210-aoa$0,1606461626.419790,04:d6:aa:c1:38:97,2,1,1,0,128,739,668,279,599,986,1013,383,368,152,340,0,162,309,909,150,546,863,988,352,896,152,803,192,843,720,184,591,28,378,85,380,114,56,107,96,101,76,86,58,58,85,79,72,47,58,53,94,59,86,70,59,63,38,57,43,52,76,50,49,43,48,78,76,72
[ 28.895154] wil6210-aoa$0,1606461626.447808,04:d6:aa:c1:38:97,2,1,1,0,128,763,706,236,574,389,817,429,435,137,373,80,274,802,52,247,643,912,983,404,943,741,26,766,48,198,323,28,186,368,23,136,958,57,106,95,101,77,85,58,60,86,81,73,47,55,53,97,60,86,70,61,63,38,57,45,52,78,51,50,41,51,76,77,73
[ 28.918880] wil6210-aoa$0,1606461626.471532,04:d6:aa:c1:38:97,2,1,1,0,128,740,723,308,614,956,1023,841,161,642,162,51,186,232,863,138,541,928,933,403,886,744,64,690,1016,608,159,513,1000,922,917,436,254,57,104,97,102,79,87,58,60,87,77,73,48,59,57,95,62,86,71,63,63,38,56,44,53,77,51,50,42,50,77,80,74
[ 28.949700] wil6210-aoa$0,1606461626.502357,04:d6:aa:c1:38:97,2,1,1,0,128,244,905,822,792,936,1010,436,421,232,405,76,231,821,73,150,554,955,972,395,933,732,27,753,59,223,393,146,283,330,13,297,97,58,105,97,101,75,89,61,61,86,79,75,46,56,54,96,60,85,70,63,61,37,54,44,51,77,51,47,41,47,73,77,68
[ 28.977543] wil6210-aoa$0,1606461626.530196,04:d6:aa:c1:38:97,2,1,1,0,128,762,752,204,574,381,789,875,179,595,129,517,3,804,16,260,657,948,997,353,873,150,806,756,1015,273,392,21,167,379,50,350,48,60,101,95,100,75,89,58,58,85,83,74,48,58,54,99,61,87,70,63,62,40,57,44,55,78,53,51,45,52,77,85,78
[ 29.006746] wil6210-aoa$0,1606461626.559404,04:d6:aa:c1:38:97,2,1,1,0,128,301,952,761,766,919,993,443,407,150,370,35,185,865,70,187,573,923,942,379,900,723,6,771,35,260,423,111,249,296,16,826,580,58,107,95,103,77,88,58,59,86,81,74,49,58,55,98,62,86,70,64,63,39,56,45,55,79,52,50,46,53,79,84,77
[ 29.033144] wil6210-aoa$0,1606461626.585798,04:d6:aa:c1:38:97,2,1,1,0,128,787,767,222,583,938,1008,436,402,171,375,94,223,820,44,236,612,888,940,372,915,719,43,724,20,199,359,119,158,837,893,905,728,57,105,96,102,77,86,57,59,84,80,73,46,56,52,98,62,89,70,62,65,38,57,42,52,78,51,48,42,49,74,77,72
[ 29.063807] wil6210-aoa$0,1606461626.616460,04:d6:aa:c1:38:97,2,1,1,0,128,757,723,239,565,415,837,440,394,162,369,64,192,789,31,123,513,870,912,344,863,711,1022,697,1004,643,150,595,27,352,27,935,692,58,103,94,102,76,86,57,59,84,79,74,46,55,54,94,60,84,69,61,62,37,54,43,53,75,50,47,40,48,73,71,68
[ 29.094465] wil6210-aoa$0,1606461626.647120,04:d6:aa:c1:38:97,2,1,1,0,128,298,990,849,827,880,959,475,415,192,402,51,215,806,25,207,573,906,929,389,881,742,24,699,1014,212,359,117,207,392,47,660,394,58,104,94,99,75,86,59,59,85,80,74,49,58,54,96,61,89,71,63,65,41,58,46,57,79,53,51,46,54,80,83,78
[ 29.124925] wil6210-aoa$0,1606461626.677582,04:d6:aa:c1:38:97,2,1,1,0,128,310,939,752,760,947,994,497,497,179,371,41,187,846,49,184,593,976,997,380,931,708,19,731,16,234,357,62,203,369,23,600,333,57,103,94,99,74,84,58,58,85,79,74,47,56,53,98,58,85,72,61,62,37,52,41,51,73,44,45,38,42,69,69,63
[ 29.148657] wil6210-aoa$0,1606461626.701314,04:d6:aa:c1:38:97,2,1,1,0,128,304,909,256,618,948,1011,361,388,114,346,3,203,807,45,137,525,955,990,394,891,733,39,693,39,136,326,592,30,346,1017,366,63,60,104,95,101,76,88,59,60,85,81,74,49,57,55,99,61,86,70,63,63,38,56,46,54,76,51,50,43,50,74,80,75
[ 29.177686] wil6210-aoa$0,1606461626.730338,04:d6:aa:c1:38:97,2,1,1,0,128,332,964,781,808,981,1008,441,392,203,379,101,260,915,132,213,612,6,7,370,892,699,0,692,998,249,419,159,268,385,35,292,3,57,105,93,99,76,87,56,59,85,80,73,46,54,52,93,57,84,70,61,61,36,51,42,48,72,46,45,40,46,71,70,66
[ 29.203209] wil6210-aoa$0,1606461626.755866,04:d6:aa:c1:38:97,2,1,1,0,128,300,911,771,709,977,1011,391,412,96,323,52,222,259,859,182,564,893,967,386,888,697,12,756,29,209,390,100,231,347,40,325,130,57,106,94,100,75,88,59,60,88,83,75,49,59,55,98,61,88,70,63,65,38,59,46,57,79,52,53,47,54,78,85,80
[ 29.233687] wil6210-aoa$0,1606461626.786342,04:d6:aa:c1:38:97,2,1,1,0,128,380,977,792,797,957,19,383,405,205,431,529,41,293,896,223,619,314,752,787,697,811,58,680,28,181,325,97,241,376,60,665,342,59,109,99,104,78,88,60,61,89,82,74,47,58,54,98,60,90,73,65,65,41,58,45,52,79,49,49,42,49,78,79,74
[ 29.260337] wil6210-aoa$0,1606461626.812993,04:d6:aa:c1:38:97,2,1,1,0,128,262,848,789,775,982,22,326,365,147,357,39,185,882,103,229,584,913,930,339,893,733,1022,751,26,231,386,168,280,374,39,102,803,57,108,94,102,76,88,58,59,86,82,75,47,57,55,99,59,85,70,64,62,39,57,45,55,79,53,49,44,52,79,83,77
[ 29.289583] wil6210-aoa$0,1606461626.842241,04:d6:aa:c1:38:97,2,1,1,0,128,835,811,725,721,407,830,406,395,128,382,41,213,857,33,168,528,867,936,307,857,809,69,727,7,250,393,635,99,359,52,560,364,58,108,96,102,75,86,58,60,86,81,73,48,56,55,97,61,88,72,63,64,39,56,45,54,80,53,50,44,52,78,81,74
[ 29.314789] wil6210-aoa$0,1606461626.867442,04:d6:aa:c1:38:97,2,1,1,0,128,253,928,790,787,946,1012,364,373,144,392,30,181,221,837,193,588,364,782,831,716,710,48,744,30,193,347,572,44,849,892,190,1006,61,108,100,105,78,92,59,61,87,85,75,48,58,56,98,63,88,73,62,66,39,56,47,55,79,53,50,46,51,79,79,74
[ 29.346444] wil6210-aoa$0,1606461626.899098,04:d6:aa:c1:38:97,2,1,1,0,128,768,770,793,789,934,990,458,421,149,326,55,184,827,37,229,578,345,791,385,928,667,6,730,10,167,360,13,188,306,985,397,132,56,106,95,102,76,85,57,58,86,80,73,47,56,53,96,60,87,71,62,63,37,55,44,52,76,49,49,41,48,74,77,71
[ 29.378280] wil6210-aoa$0,1606461626.930938,04:d6:aa:c1:38:97,2,1,1,0,128,299,899,809,807,881,958,462,428,165,368,140,270,861,85,160,565,958,989,439,934,725,36,719,7,173,360,138,258,378,55,244,953,61,103,95,99,78,90,60,57,86,84,77,48,60,56,101,63,91,71,63,65,41,59,47,55,81,55,52,46,51,80,82,78
[ 29.405696] wil6210-aoa$0,1606461626.958347,04:d6:aa:c1:38:97,2,1,1,0,128,721,672,183,522,461,841,895,186,592,192,66,220,757,17,676,402,905,956,404,932,730,13,671,995,215,334,83,190,405,44,213,56,61,110,100,105,79,92,60,62,91,83,75,46,59,56,99,62,91,72,64,64,39,56,44,54,79,50,50,44,47,76,77,73
[ 29.435667] wil6210-aoa$0,1606461626.988322,04:d6:aa:c1:38:97,2,1,1,0,128,247,923,780,736,954,1012,442,426,161,371,49,142,848,61,155,524,910,947,397,903,789,50,757,73,256,391,84,223,408,72,614,422,61,109,93,101,79,88,58,56,88,82,76,52,58,57,99,61,90,71,64,64,38,57,46,55,77,52,51,44,50,76,76,73
[ 29.462485] wil6210-aoa$0,1606461627.015138,04:d6:aa:c1:38:97,2,1,1,0,128,292,981,743,756,974,1022,435,426,183,365,73,225,897,113,206,609,903,950,389,919,759,49,749,44,235,414,133,261,421,101,901,567,57,105,96,102,75,86,58,58,86,80,75,49,57,55,95,61,85,70,60,62,37,55,44,53,76,51,50,42,50,77,80,74
[ 29.493567] wil6210-aoa$0,1606461627.046223,04:d6:aa:c1:38:97,2,1,1,0,128,323,944,723,745,343,784,896,213,211,408,77,238,883,102,145,542,968,1015,326,919,761,24,699,15,709,121,634,62,326,8,155,948,56,104,95,101,75,85,59,60,85,80,72,47,54,53,94,60,84,70,60,64,37,54,43,53,73,49,48,40,49,73,74,68
[ 29.519705] wil6210-aoa$0,1606461627.072360,04:d6:aa:c1:38:97,2,1,1,0,128,265,912,848,816,909,1008,900,191,99,328,548,1016,242,862,218,571,428,787,359,872,730,9,759,1018,686,148,617,32,387,30,229,968,60,105,96,101,77,90,59,57,87,82,73,48,57,55,97,61,86,71,63,64,38,55,45,55,79,51,50,44,51,76,80,74
[ 29.551018] wil6210-aoa$0,1606461627.103670,04:d6:aa:c1:38:97,2,1,1,0,128,323,941,744,731,988,1019,399,417,176,398,1021,146,838,57,123,562,883,952,389,931,775,70,735,32,173,346,615,36,888,920,956,679,59,104,96,103,77,90,62,60,88,85,74,50,59,56,97,62,88,71,63,66,41,57,48,54,81,53,51,46,54,80,83,79
[ 29.575954] wil6210-aoa$0,1606461627.128611,04:d6:aa:c1:38:97,2,1,1,0,128,283,924,785,789,966,10,361,384,195,428,90,211,887,95,174,570,926,998,433,928,683,44,759,61,221,399,131,271,395,99,248,868,58,106,96,99,76,88,59,59,87,81,73,49,58,55,97,62,89,69,62,66,41,59,46,56,81,55,53,47,54,80,84,79
[ 29.603321] wil6210-aoa$0,1606461627.155974,04:d6:aa:c1:38:97,2,1,1,0,128,323,929,244,591,964,7,456,396,197,421,56,183,768,1020,154,525,897,940,349,857,145,880,787,56,264,412,146,274,358,68,540,278,57,108,97,103,74,87,57,60,84,80,73,46,53,53,95,58,85,67,61,61,37,51,40,48,74,45,45,40,45,71,71,66
[ 29.634339] wil6210-aoa$0,1606461627.186992,04:d6:aa:c1:38:97,2,1,1,0,128,296,933,816,806,940,1011,887,186,622,168,509,1015,302,875,220,601,888,967,330,864,148,865,707,34,624,134,570,34,373,18,558,359,53,98,89,95,71,80,53,55,78,74,68,43,51,48,88,54,78,65,57,59,35,50,39,48,69,45,44,38,43,69,69,63
[ 29.666185] wil6210-aoa$0,1606461627.218838,04:d6:aa:c1:38:97,2,1,1,0,128,302,927,771,765,895,957,886,228,615,139,62,169,838,80,196,573,941,960,318,866,713,14,742,36,192,313,169,265,331,35,1017,733,51,100,90,97,71,79,53,54,81,75,68,40,50,49,84,54,76,64,56,55,34,49,37,46,66,41,40,36,42,64,63,61
[ 29.697864] wil6210-aoa$0,1606461627.250516,04:d6:aa:c1:38:97,2,1,1,0,128,767,729,741,757,383,794,890,176,171,402,79,230,851,116,82,512,379,781,864,734,195,893,216,882,210,372,128,229,330,27,126,920,55,108,99,103,76,89,57,58,83,80,73,48,54,54,97,59,85,71,63,62,37,55,44,52,76,49,48,41,48,71,74,68
[ 29.729790] wil6210-aoa$0,1606461627.282445,04:d6:aa:c1:38:97,2,1,1,0,128,317,943,744,737,949,981,375,355,190,382,25,173,810,15,176,559,852,888,358,872,743,8,728,40,192,361,553,1019,862,820,238,110,58,108,94,102,79,87,59,58,86,81,75,48,57,56,97,61,87,72,63,64,38,56,45,55,78,51,50,44,51,79,77,76
[ 29.761152] wil6210-aoa$0,1606461627.313804,04:d6:aa:c1:38:97,2,1,1,0,128,298,921,697,737,952,993,416,390,168,368,84,209,877,83,191,590,926,969,400,926,119,884,214,875,666,138,555,21,371,55,96,865,61,105,95,102,77,89,59,59,87,83,75,50,61,57,100,63,89,72,65,66,41,58,49,58,81,55,52,48,56,83,87,81
[ 29.788456] wil6210-aoa$0,1606461627.341113,04:d6:aa:c1:38:97,2,1,1,0,128,345,931,254,601,947,1001,385,396,147,366,48,198,855,34,222,586,884,914,790,690,207,838,139,839,722,223,118,204,373,33,121,930,57,105,96,103,76,86,57,60,84,79,73,46,56,53,95,58,86,70,60,62,37,54,43,54,75,50,48,42,49,74,74,72
[ 29.815034] wil6210-aoa$0,1606461627.367687,04:d6:aa:c1:38:97,2,1,1,0,128,321,950,728,736,932,981,372,376,259,441,86,204,767,1002,220,586,875,925,324,869,729,36,691,5,246,400,141,235,341,35,78,776,58,108,96,102,77,88,60,60,86,83,75,46,59,56,98,59,87,72,65,63,39,55,47,57,76,52,49,44,52,78,82,74
[ 29.842296] wil6210-aoa$0,1606461627.394953,04:d6:aa:c1:38:97,2,1,1,0,128,760,714,862,797,890,990,476,378,123,342,69,213,787,27,157,583,849,906,388,917,741,55,110,811,771,169,130,222,379,76,122,971,56,105,99,100,75,87,56,59,85,80,75,46,57,53,95,59,86,70,61,63,36,52,42,50,75,49,48,40,47,75,72,68
[ 29.872119] wil6210-aoa$0,1606461627.424776,04:d6:aa:c1:38:97,2,1,1,0,128,315,955,799,780,969,43,417,426,184,367,76,237,809,63,174,600,906,964,417,909,711,9,697,1021,211,373,52,210,449,69,955,648,54,98,88,97,71,82,55,55,81,76,70,43,52,48,91,58,82,65,58,60,36,51,40,51,71,49,44,40,49,73,74,69
[ 29.896250] wil6210-aoa$0,1606461627.448907,04:d6:aa:c1:38:97,2,1,1,0,128,290,928,750,752,956,1011,346,332,672,222,4,149,241,852,241,593,880,904,328,880,114,822,141,827,730,180,123,233,384,42,657,383,59,106,95,102,77,87,59,59,85,82,76,49,56,54,97,59,84,71,63,62,39,54,46,56,78,51,50,45,51,76,80,75
[ 29.927375] wil6210-aoa$0,1606461627.480030,04:d6:aa:c1:38:97,2,1,1,0,128,847,777,809,805,909,962,913,240,609,164,78,190,841,52,188,566,863,936,393,869,701,3,741,1016,268,399,119,246,367,20,252,97,59,106,95,98,78,87,61,60,87,82,75,52,58,57,103,64,90,72,64,66,40,60,49,57,79,54,54,48,54,81,86,83
[ 29.957332] wil6210-aoa$0,1606461627.509987,04:d6:aa:c1:38:97,2,1,1,0,128,286,943,790,804,979,1015,449,445,139,380,26,202,840,55,181,576,939,1009,336,896,716,58,754,57,236,372,91,235,372,70,964,725,59,104,97,101,77,88,59,60,87,83,74,47,60,56,97,63,88,71,64,66,40,58,45,55,80,55,51,46,53,81,85,79
[ 29.984879] wil6210-aoa$0,1606461627.537533,04:d6:aa:c1:38:97,2,1,1,0,128,278,861,791,800,902,970,419,406,152,381,68,212,833,37,203,599,917,1001,404,935,739,73,729,14,152,369,104,228,391,24,935,728,55,105,95,101,76,86,55,58,84,78,72,46,56,54,95,60,86,70,60,63,36,54,43,53,78,52,47,41,48,75,75,69
[ 30.016662] wil6210-aoa$0,1606461627.569319,04:d6:aa:c1:38:97,2,1,1,0,128,312,929,848,846,929,1020,422,451,157,390,99,217,864,75,264,605,904,949,429,921,679,1019,706,0,180,346,147,243,373,42,224,931,60,106,96,100,78,91,59,61,87,82,75,48,57,55,100,61,89,72,61,65,38,54,45,52,79,50,49,41,49,75,72,70
[ 30.042909] wil6210-aoa$0,1606461627.595562,04:d6:aa:c1:38:97,2,1,1,0,128,273,927,778,809,893,1004,425,427,173,402,80,252,803,39,215,603,914,956,386,919,751,61,701,19,214,345,129,198,352,15,380,55,53,103,97,99,75,85,55,57,81,77,69,43,52,51,93,57,80,65,59,57,35,50,39,47,70,44,41,36,43,66,65,61
[ 30.074679] wil6210-aoa$0,1606461627.627331,04:d6:aa:c1:38:97,2,1,1,0,128,752,706,126,503,408,851,875,190,616,152,500,988,789,1006,640,379,388,771,344,871,702,10,702,6,216,358,116,219,878,880,490,369,57,108,96,102,78,89,57,59,86,79,74,48,58,53,95,59,86,70,61,64,38,55,44,55,78,51,50,45,50,76,80,73
[ 30.115087] wil6210-aoa$0,1606461627.667745,04:d6:aa:c1:38:97,2,1,1,0,128,295,931,780,799,955,998,399,383,174,366,1019,166,858,73,177,595,942,968,361,896,749,38,728,1006,225,368,120,269,364,66,196,880,54,103,90,99,73,82,55,57,81,76,67,44,53,50,90,58,82,65,58,60,35,49,39,48,71,43,43,37,41,68,65,61
[ 30.140520] wil6210-aoa$0,1606461627.693173,04:d6:aa:c1:38:97,2,1,1,0,128,270,901,750,775,920,988,408,408,229,407,64,224,833,44,201,586,880,951,353,888,737,20,698,12,289,421,115,219,420,71,512,222,55,103,93,99,71,80,56,56,82,76,69,40,51,51,90,56,78,64,60,58,35,51,39,49,72,45,43,37,43,67,68,67
[ 30.169952] wil6210-aoa$0,1606461627.722609,04:d6:aa:c1:38:97,2,1,1,0,128,319,972,697,709,386,816,882,153,633,124,566,12,258,836,631,386,899,952,840,730,186,872,216,875,630,127,646,102,386,25,706,494,56,106,96,103,78,87,59,59,86,84,76,47,57,54,95,60,86,69,61,64,37,54,43,53,74,48,47,42,47,75,75,69
[ 30.199345] wil6210-aoa$0,1606461627.751997,04:d6:aa:c1:38:97,2,1,1,0,128,823,749,763,756,390,806,901,223,637,148,501,987,282,864,648,358,364,712,871,702,784,35,748,1020,209,288,110,194,402,80,749,576,60,106,97,101,75,85,59,59,90,84,72,48,56,54,95,60,87,71,62,64,41,57,43,52,76,51,49,44,50,77,78,74
[ 30.224988] wil6210-aoa$0,1606461627.777645,04:d6:aa:c1:38:97,2,1,1,0,128,304,937,217,573,371,813,830,133,663,207,2,134,874,54,151,544,908,950,350,860,154,838,693,1008,251,397,147,260,320,28,271,55,56,106,95,100,73,86,58,58,86,79,72,47,55,52,93,59,85,69,63,60,39,52,43,52,73,46,47,40,46,73,74,67
[ 30.252260] wil6210-aoa$0,1606461627.804914,04:d6:aa:c1:38:97,2,1,1,0,128,771,730,265,600,943,15,961,242,601,133,557,22,811,26,145,545,935,964,338,906,722,7,118,807,736,244,512,1000,404,40,583,375,55,101,90,96,71,85,54,55,82,77,69,44,53,50,89,57,80,68,58,59,35,51,40,48,71,45,44,39,45,68,68,65
[ 30.280191] wil6210-aoa$0,1606461627.832847,04:d6:aa:c1:38:97,2,1,1,0,128,731,716,799,756,964,5,422,403,122,368,107,233,800,10,229,588,387,767,398,962,795,83,779,78,169,353,178,281,390,42,793,486,56,104,96,101,76,89,59,58,86,82,75,49,57,55,97,62,89,71,62,66,40,56,47,54,79,52,51,45,53,80,83,76
[ 30.311129] wil6210-aoa$0,1606461627.863784,04:d6:aa:c1:38:97,2,1,1,0,128,796,770,824,798,946,1010,408,384,619,167,84,221,873,101,265,612,929,964,284,872,188,839,206,839,247,359,134,231,353,7,825,595,60,106,97,104,78,89,61,60,90,84,76,49,59,56,100,62,92,73,63,65,41,59,45,55,80,54,51,45,53,79,84,78
[ 30.340413] wil6210-aoa$0,1606461627.893069,04:d6:aa:c1:38:97,2,1,1,0,128,204,851,211,596,399,826,907,247,669,224,52,227,814,61,181,575,913,942,369,885,719,45,719,26,222,393,97,242,466,90,281,68,58,105,93,97,77,87,57,60,85,80,75,49,56,55,98,62,88,71,62,64,40,57,46,57,79,54,52,47,52,78,83,80
[ 30.370201] wil6210-aoa$0,1606461627.922858,04:d6:aa:c1:38:97,2,1,1,0,128,308,956,810,777,925,975,418,397,176,361,69,192,760,1013,689,378,952,975,348,894,754,41,705,16,241,402,568,36,396,64,811,551,56,107,95,102,77,87,59,57,86,81,72,46,55,53,96,59,87,70,61,62,39,56,44,55,75,50,53,46,52,78,79,77
[ 30.395025] wil6210-aoa$0,1606461627.947682,04:d6:aa:c1:38:97,2,1,1,0,128,327,939,832,802,934,11,453,415,189,377,102,212,800,1023,210,613,929,979,362,908,703,46,653,4,229,353,145,243,389,53,631,318,58,110,99,104,77,89,57,59,88,84,77,49,57,54,99,63,88,74,63,64,38,56,44,53,79,51,50,44,49,79,78,74
[ 30.424552] wil6210-aoa$0,1606461627.977204,04:d6:aa:c1:38:97,2,1,1,0,128,301,953,760,771,926,985,921,256,216,411,16,202,812,40,188,561,943,962,376,911,727,20,726,5,209,374,581,29,859,848,704,558,53,103,92,97,74,82,54,58,83,76,71,44,53,52,92,58,81,65,58,60,34,52,40,50,72,46,46,41,46,72,72,68
[ 30.455104] wil6210-aoa$0,1606461628.007760,04:d6:aa:c1:38:97,2,1,1,0,128,209,880,256,600,354,751,922,216,178,372,93,225,787,1006,190,555,835,900,385,929,700,27,721,30,253,382,101,217,376,19,3,859,56,102,93,98,75,86,58,58,85,80,71,47,58,52,95,60,86,68,60,62,38,55,45,54,76,50,49,44,50,77,80,75
[ 30.482839] wil6210-aoa$0,1606461628.035491,04:d6:aa:c1:38:97,2,1,1,0,128,312,927,790,769,967,1021,393,369,213,383,56,165,839,48,171,569,982,1013,396,960,700,25,677,990,220,374,193,258,397,52,527,205,55,107,96,101,73,83,55,57,85,78,72,44,54,53,93,59,85,70,62,60,38,55,44,49,74,49,48,39,47,72,71,66
[ 30.515223] wil6210-aoa$0,1606461628.067878,04:d6:aa:c1:38:97,2,1,1,0,128,309,938,200,590,940,999,472,432,166,394,61,209,893,86,240,598,363,764,829,674,192,849,150,836,635,111,136,223,342,1016,145,997,53,105,93,100,73,84,56,58,85,76,73,46,54,53,92,58,84,70,60,61,37,54,41,51,74,47,47,42,47,72,76,71
[ 30.547935] wil6210-aoa$0,1606461628.100591,04:d6:aa:c1:38:97,2,1,1,0,128,306,931,762,735,425,819,856,175,651,186,534,1020,300,886,682,415,858,935,413,923,640,3,688,25,180,389,127,223,371,22,91,896,58,103,95,99,75,85,56,58,83,79,69,43,54,51,91,57,82,69,59,59,36,53,41,52,75,48,47,41,45,72,72,68
[ 30.580529] wil6210-aoa$0,1606461628.133183,04:d6:aa:c1:38:97,2,1,1,0,128,311,945,839,852,907,1004,390,402,128,358,25,152,892,93,183,580,966,1022,400,935,737,43,755,18,281,446,80,222,399,75,848,588,54,103,94,99,75,83,56,58,82,77,70,43,52,52,87,56,81,66,58,58,34,47,40,48,68,43,41,36,41,65,63,59
[ 30.609798] wil6210-aoa$0,1606461628.162456,04:d6:aa:c1:38:97,2,1,1,0,128,338,919,786,794,981,1018,419,394,123,342,24,166,838,32,208,609,909,945,431,945,774,91,723,20,229,386,44,187,820,842,550,359,57,105,95,100,75,84,56,59,85,80,73,44,57,52,93,60,86,70,60,61,37,53,43,53,75,49,47,43,47,74,76,71
[ 30.639949] wil6210-aoa$0,1606461628.192607,04:d6:aa:c1:38:97,2,1,1,0,128,249,926,751,740,396,810,941,234,225,421,158,296,900,124,242,639,843,931,298,903,788,109,769,59,257,395,148,222,405,39,343,81,54,106,93,100,77,85,57,57,85,80,70,45,55,55,94,58,83,66,61,60,37,54,43,50,74,47,48,42,46,74,75,69
[ 30.667036] wil6210-aoa$0,1606461628.219689,04:d6:aa:c1:38:97,2,1,1,0,128,381,1010,805,787,994,9,449,435,240,417,88,219,768,37,220,599,908,967,387,897,714,1017,725,12,201,355,198,224,377,36,276,1005,56,103,94,102,75,86,59,57,85,80,73,45,56,52,94,58,86,70,60,60,39,54,41,50,76,49,47,41,46,70,74,69
[ 30.699743] wil6210-aoa$0,1606461628.252397,04:d6:aa:c1:38:97,2,1,1,0,128,252,925,786,770,947,1022,451,425,177,391,95,224,866,38,228,609,929,941,398,935,711,28,702,1012,232,354,114,229,367,50,374,53,56,103,94,101,75,85,57,55,85,81,73,47,57,55,96,59,87,69,62,62,40,57,45,52,77,52,52,44,51,77,79,75
[ 30.732557] wil6210-aoa$0,1606461628.285212,04:d6:aa:c1:38:97,2,1,1,0,128,300,951,797,800,947,997,428,409,251,416,104,223,862,72,218,594,938,1003,802,676,251,881,724,2,296,425,156,252,368,55,611,409,51,95,88,91,68,77,54,55,78,72,67,43,49,48,87,55,77,63,55,56,35,48,40,49,69,45,43,39,44,65,69,63
[ 30.760492] wil6210-aoa$0,1606461628.313150,04:d6:aa:c1:38:97,2,1,1,0,128,268,921,742,746,971,974,385,384,196,401,88,223,879,103,93,539,966,986,372,941,738,58,733,63,257,422,108,236,393,48,1018,727,58,108,97,103,80,90,59,61,87,84,77,50,61,58,103,61,88,74,64,66,40,58,47,55,79,55,51,47,52,80,84,80
[ 30.792771] wil6210-aoa$0,1606461628.345423,04:d6:aa:c1:38:97,2,1,1,0,128,732,719,802,786,959,22,446,397,183,367,20,148,265,900,146,544,868,952,801,669,259,922,683,1016,723,211,87,257,399,64,81,907,61,105,100,104,79,90,62,61,90,84,76,51,61,57,102,64,91,73,66,66,42,59,48,60,80,56,52,49,55,82,85,82
[ 30.825783] wil6210-aoa$0,1606461628.378436,04:d6:aa:c1:38:97,2,1,1,0,128,307,943,761,777,932,1022,375,407,157,416,12,226,875,95,155,577,896,970,392,892,670,30,732,41,221,381,141,295,339,44,252,992,59,103,96,101,75,86,60,56,86,81,74,50,58,57,99,61,88,70,63,65,40,61,46,58,80,53,52,47,54,81,85,82
[ 30.850987] wil6210-aoa$0,1606461628.403645,04:d6:aa:c1:38:97,2,1,1,0,128,232,918,723,738,287,757,902,170,213,391,10,141,260,852,195,604,931,966,822,737,702,1011,746,24,234,356,91,268,340,51,684,415,58,105,95,101,75,86,57,57,85,79,73,45,56,52,96,59,83,69,60,61,36,52,42,51,72,47,45,40,44,71,73,65
[ 30.880222] wil6210-aoa$0,1606461628.432875,04:d6:aa:c1:38:97,2,1,1,0,128,206,894,770,742,922,999,383,379,140,339,31,170,269,864,698,378,334,739,895,736,750,27,703,8,213,389,100,207,407,98,691,473,57,107,96,101,75,86,58,59,86,81,72,47,56,52,95,61,87,70,62,63,38,56,45,52,76,52,50,45,48,75,78,74
[ 30.914375] wil6210-aoa$0,1606461628.467033,04:d6:aa:c1:38:97,2,1,1,0,128,247,891,241,594,937,983,897,221,209,409,85,216,863,110,196,606,877,917,372,920,717,47,757,79,186,348,518,16,392,36,106,920,56,107,93,99,72,85,57,58,85,79,71,46,51,51,92,58,83,68,59,61,37,52,42,51,74,50,45,39,48,72,75,66
[ 30.942627] wil6210-aoa$0,1606461628.495281,04:d6:aa:c1:38:97,2,1,1,0,128,289,963,760,778,977,16,412,369,147,337,49,213,804,33,214,573,897,988,424,945,751,24,738,49,226,384,108,222,379,35,1002,653,57,104,95,101,76,86,57,60,86,80,74,46,56,53,97,60,86,70,62,60,38,57,44,53,79,51,50,45,52,76,80,72
[ 30.975402] wil6210-aoa$0,1606461628.528060,04:d6:aa:c1:38:97,2,1,1,0,128,251,898,738,767,992,65,365,380,187,393,119,256,849,64,205,585,919,970,413,925,803,74,743,40,226,388,109,231,402,50,902,597,57,105,95,100,72,85,57,58,84,77,72,47,53,53,94,58,83,69,61,62,37,51,44,50,73,47,48,41,47,71,71,65
[ 31.000825] wil6210-aoa$0,1606461628.553482,04:d6:aa:c1:38:97,2,1,1,0,128,287,932,829,812,935,1015,447,422,166,353,98,201,846,87,183,556,859,910,422,929,693,9,703,1022,230,375,151,243,426,76,48,733,60,104,95,99,76,90,57,59,87,84,74,50,61,54,103,63,90,72,63,64,39,58,47,58,79,54,52,49,53,80,83,80
[ 31.030357] wil6210-aoa$0,1606461628.583010,04:d6:aa:c1:38:97,2,1,1,0,128,796,728,239,607,970,1002,825,169,685,178,478,1011,264,857,200,589,907,918,813,676,771,50,669,1004,262,377,72,180,804,843,114,988,55,104,95,102,74,84,55,57,82,79,69,43,53,53,89,57,82,67,61,59,36,52,42,50,71,46,46,40,46,71,73,69
[ 31.056787] wil6210-aoa$0,1606461628.609445,04:d6:aa:c1:38:97,2,1,1,0,128,755,732,776,752,876,944,442,400,179,402,115,228,856,97,145,532,908,969,412,942,684,16,761,33,278,402,60,215,435,82,420,191,52,105,95,100,70,82,56,55,83,78,69,41,51,50,87,56,81,68,58,57,35,50,38,47,71,44,42,36,44,70,68,61
[ 31.083891] wil6210-aoa$0,1606461628.636545,04:d6:aa:c1:38:97,2,1,1,0,128,305,931,823,782,909,978,437,407,188,377,76,181,839,46,240,587,935,960,304,876,762,27,682,1003,745,219,87,177,419,64,126,890,59,103,94,99,77,88,58,59,86,82,74,51,59,55,99,64,88,70,62,64,40,59,46,57,79,56,53,47,55,80,86,82
[ 31.118500] wil6210-aoa$0,1606461628.671127,04:d6:aa:c1:38:97,2,1,1,2,128,305,931,823,782,909,978,437,407,188,377,76,181,839,46,240,587,935,960,304,876,762,27,682,1003,745,219,87,177,419,64,126,890,52,105,95,100,70,82,56,55,83,78,69,41,51,50,87,56,81,68,58,57,35,50,38,47,71,44,42,36,44,70,68,61
[ 31.155452] wil6210-aoa$0,1606461628.708110,04:d6:aa:c1:38:97,2,1,1,0,128,290,945,793,761,966,14,451,390,199,382,120,223,843,92,216,583,905,975,302,883,744,9,732,1022,173,357,86,202,386,9,35,810,61,105,97,103,77,89,61,60,87,84,76,51,61,57,99,64,89,72,64,66,42,59,48,57,81,56,51,49,55,81,86,82
[ 31.181211] wil6210-aoa$0,1606461628.733864,04:d6:aa:c1:38:97,2,1,1,0,128,305,935,701,686,383,805,908,259,110,317,568,63,815,64,177,560,354,777,431,922,186,892,199,857,248,399,559,1014,880,860,992,861,53,102,92,97,73,83,55,56,81,77,70,45,55,52,94,56,85,68,59,60,37,53,44,51,74,49,47,41,47,74,76,71
[ 31.211885] wil6210-aoa$0,1606461628.764543,04:d6:aa:c1:38:97,2,1,1,0,128,292,922,801,816,883,969,845,179,654,199,2,141,841,54,225,619,933,936,415,968,671,16,728,1022,685,197,53,148,418,48,966,748,56,102,96,99,75,84,59,58,82,78,73,47,56,55,94,60,88,71,61,63,38,57,43,53,79,53,49,44,50,74,78,74
[ 31.237557] wil6210-aoa$0,1606461628.790215,04:d6:aa:c1:38:97,2,1,1,0,128,255,897,768,763,927,983,451,448,111,350,514,1021,320,945,646,373,375,782,451,955,695,34,669,988,256,417,79,186,876,844,570,430,58,109,98,102,77,89,60,60,86,82,74,49,57,56,100,62,88,70,63,64,40,59,47,54,78,52,51,46,53,79,82,79
[ 31.264086] wil6210-aoa$0,1606461628.816739,04:d6:aa:c1:38:97,2,1,1,0,128,301,927,749,770,958,7,405,376,149,322,62,203,782,16,193,594,924,950,376,897,674,1007,152,835,746,186,160,267,374,32,465,162,58,108,97,101,78,85,56,58,85,76,71,45,54,52,93,56,82,69,58,59,35,50,39,50,74,46,47,40,46,71,72,68
[ 31.297110] wil6210-aoa$0,1606461628.849762,04:d6:aa:c1:38:97,2,1,1,0,128,308,942,710,704,932,1019,413,407,134,359,34,200,840,52,181,562,873,952,344,907,703,44,142,820,704,167,623,71,385,70,826,606,60,107,99,104,79,91,59,60,85,82,76,49,57,56,99,64,90,72,64,65,41,59,45,55,78,51,49,43,50,78,81,74
[ 31.324317] wil6210-aoa$0,1606461628.876973,04:d6:aa:c1:38:97,2,1,1,0,128,252,917,779,778,891,952,490,430,177,378,69,242,813,40,153,552,926,970,457,949,740,55,703,2,222,382,102,203,302,32,1023,775,54,103,92,99,73,83,55,58,81,77,71,46,55,52,90,57,83,66,57,60,36,50,40,51,72,45,43,37,45,70,69,66
[ 31.350607] wil6210-aoa$0,1606461628.903261,04:d6:aa:c1:38:97,2,1,1,0,128,224,896,781,751,946,2,483,435,100,282,575,46,845,66,650,317,932,974,438,945,727,45,757,36,182,399,82,231,379,18,610,376,56,104,93,100,73,86,56,57,86,81,72,49,56,55,96,60,87,69,63,63,38,56,43,55,76,53,50,45,52,77,82,77
[ 31.380150] wil6210-aoa$0,1606461628.932807,04:d6:aa:c1:38:97,2,1,1,0,128,272,901,798,789,952,993,346,349,141,363,42,189,831,19,208,569,929,969,382,915,707,22,763,52,181,345,100,202,333,35,227,940,56,107,91,98,73,86,56,57,85,79,71,44,53,52,89,58,84,68,60,61,37,53,43,51,74,47,50,42,46,73,75,72
[ 31.411171] wil6210-aoa$0,1606461628.963827,04:d6:aa:c1:38:97,2,1,1,0,128,292,918,759,803,923,967,392,374,593,160,504,16,277,837,788,449,950,984,428,949,752,55,668,1014,291,390,91,229,336,6,413,149,56,102,93,100,75,84,55,59,84,81,71,45,58,54,93,58,85,68,62,61,37,55,44,54,75,50,48,41,49,74,77,70
[ 31.437034] wil6210-aoa$0,1606461628.989691,04:d6:aa:c1:38:97,2,1,1,0,128,275,913,852,826,934,996,392,357,124,365,39,213,801,2,213,592,919,954,368,902,795,62,730,39,666,178,87,224,386,55,207,1021,56,104,96,103,76,86,57,58,86,79,75,50,57,55,98,61,87,70,61,64,41,58,45,56,79,54,51,45,52,79,84,78
[ 31.467321] wil6210-aoa$0,1606461629.019975,04:d6:aa:c1:38:97,2,1,1,0,128,233,928,747,756,948,1009,469,448,137,355,155,255,836,56,186,576,943,935,403,971,709,1007,723,2,228,347,188,285,329,79,743,344,56,106,95,98,76,85,56,57,85,78,71,48,52,51,94,58,83,68,62,61,37,53,41,52,74,48,48,41,48,74,74,69
[ 31.493986] wil6210-aoa$0,1606461629.046640,04:d6:aa:c1:38:97,2,1,1,0,128,342,944,801,766,932,968,473,433,140,347,129,238,788,1022,189,544,926,971,375,916,132,844,159,837,740,173,155,264,747,791,250,34,60,107,100,107,77,90,60,61,86,83,75,49,59,55,99,61,88,73,63,65,41,59,45,57,81,54,50,45,52,79,80,76
[ 31.529631] wil6210-aoa$0,1606461629.082286,04:d6:aa:c1:38:97,2,1,1,0,128,296,934,811,777,987,26,403,394,175,390,500,986,248,878,164,584,871,911,853,715,167,846,730,58,201,323,572,23,822,840,621,428,60,108,98,103,77,88,59,59,89,80,75,48,58,55,98,63,87,72,63,63,39,56,47,56,78,53,51,45,52,78,79,76
[ 31.561862] wil6210-aoa$0,1606461629.114520,04:d6:aa:c1:38:97,2,1,1,0,128,312,939,767,800,363,778,444,401,137,386,1006,159,289,903,186,577,876,912,851,698,139,857,226,877,659,105,639,29,459,99,222,930,60,111,100,104,76,88,60,60,87,83,74,48,56,55,99,61,88,71,62,65,40,58,46,56,79,52,49,43,50,77,78,71
[ 31.588163] wil6210-aoa$0,1606461629.140822,04:d6:aa:c1:38:97,2,1,1,0,128,295,916,750,762,932,964,391,380,91,330,27,214,839,55,198,584,874,949,390,916,756,52,763,52,289,423,124,266,421,53,543,259,57,105,94,100,75,85,56,58,84,80,72,46,55,54,96,59,84,71,62,63,38,55,45,52,75,51,49,41,48,75,76,72
[ 31.628211] wil6210-aoa$0,1606461629.180869,04:d6:aa:c1:38:97,2,1,1,0,128,258,956,792,796,953,1,352,370,667,183,55,206,839,76,167,549,938,979,368,925,755,6,703,5,704,225,109,242,371,50,116,881,60,108,101,106,79,91,61,62,88,83,77,49,61,57,100,60,90,74,64,63,38,58,48,56,79,54,50,45,51,79,84,77
[ 31.659170] wil6210-aoa$0,1606461629.211825,04:d6:aa:c1:38:97,2,1,1,0,128,321,952,773,754,936,993,473,443,137,392,15,169,883,61,179,544,979,992,408,900,752,55,749,64,223,387,33,175,845,862,1020,833,58,104,96,100,76,87,58,57,87,81,73,47,58,55,100,59,85,71,63,64,37,57,45,53,76,53,51,43,52,77,81,76
[ 31.690263] wil6210-aoa$0,1606461629.242922,04:d6:aa:c1:38:97,2,1,1,0,128,336,958,725,744,373,789,888,204,174,350,89,181,829,31,210,612,885,936,912,756,723,63,647,979,221,386,102,245,450,108,686,372,59,108,100,106,78,90,62,62,89,84,75,48,59,56,102,63,89,73,65,62,39,56,46,56,79,52,51,44,52,78,79,76
[ 31.721611] wil6210-aoa$0,1606461629.274268,04:d6:aa:c1:38:97,2,1,1,0,128,787,730,287,586,974,1008,402,370,223,409,12,176,810,17,172,582,950,1010,322,943,746,38,686,7,634,135,644,82,368,39,748,458,58,106,99,102,75,87,58,59,83,81,73,47,56,52,94,58,85,69,61,61,36,51,43,50,72,50,45,40,46,73,72,66
[ 31.747687] wil6210-aoa$0,1606461629.300347,04:d6:aa:c1:38:97,2,1,1,0,128,304,940,740,746,948,995,390,378,140,371,70,213,275,889,182,583,862,928,340,904,723,23,711,1015,232,361,109,239,367,24,130,927,58,103,97,101,76,88,60,60,87,82,75,51,56,54,100,62,89,72,62,64,40,58,45,55,82,54,51,45,51,79,81,77
[ 31.778471] wil6210-aoa$0,1606461629.331125,04:d6:aa:c1:38:97,2,1,1,0,128,274,935,789,797,937,1013,418,378,210,396,104,259,861,85,203,574,939,957,346,894,752,30,741,1021,213,361,120,217,426,76,749,478,58,105,94,102,76,88,59,59,87,82,75,48,57,54,100,60,86,69,64,63,40,59,47,57,80,53,51,43,50,79,83,77
[ 31.812391] wil6210-aoa$0,1606461629.365046,04:d6:aa:c1:38:97,2,1,1,0,128,301,970,799,811,928,984,434,368,681,205,67,194,846,86,213,602,910,958,826,682,208,881,704,1012,656,158,116,232,376,84,541,294,58,104,93,99,76,87,59,57,85,82,73,49,58,53,99,61,88,72,64,64,39,58,47,56,80,55,53,46,55,80,83,78
[ 31.846882] wil6210-aoa$0,1606461629.399532,04:d6:aa:c1:38:97,2,1,1,0,128,321,969,786,767,991,12,412,401,153,385,61,190,829,1019,192,557,929,978,379,900,764,14,754,43,180,321,162,253,384,63,494,257,54,106,96,100,71,84,56,58,84,79,71,44,54,53,90,56,83,67,58,59,37,52,40,51,72,46,45,37,44,70,70,66
[ 31.874927] wil6210-aoa$0,1606461629.427580,04:d6:aa:c1:38:97,2,1,1,0,128,758,692,820,794,959,969,477,433,157,360,35,191,870,89,179,588,934,930,438,954,749,45,682,22,206,367,81,221,401,82,923,613,58,104,97,101,76,89,60,60,88,82,74,50,61,57,101,62,88,70,62,67,39,57,47,58,80,54,52,48,53,80,82,77
[ 31.920429] wil6210-aoa$0,1606461629.473083,04:d6:aa:c1:38:97,2,1,1,0,128,740,720,814,805,949,978,430,413,632,141,50,189,837,43,246,624,962,975,357,890,691,13,705,1022,173,330,133,249,351,63,36,755,57,105,96,101,75,85,57,56,85,78,73,44,56,53,96,60,85,69,61,62,38,55,45,55,75,51,47,42,49,75,75,69
[ 31.954409] wil6210-aoa$0,1606461629.507064,04:d6:aa:c1:38:97,2,1,1,0,128,281,962,787,803,903,995,931,267,188,402,528,0,261,889,202,566,908,994,357,885,723,13,773,56,227,384,65,221,363,38,650,430,55,106,93,100,74,85,55,57,83,81,70,46,54,53,91,58,83,69,59,61,35,52,41,50,72,46,46,40,47,71,75,71
[ 31.988105] wil6210-aoa$0,1606461629.540758,04:d6:aa:c1:38:97,2,1,1,0,128,739,737,733,731,898,987,410,379,214,426,80,262,832,39,150,539,845,909,400,939,748,77,767,76,227,344,161,215,397,49,291,92,52,101,91,96,72,82,54,54,80,77,66,42,51,50,91,54,82,67,56,59,36,51,43,49,72,47,46,40,47,70,73,67
[ 32.014956] wil6210-aoa$0,1606461629.567613,04:d6:aa:c1:38:97,2,1,1,0,128,791,746,781,763,398,818,854,159,183,396,81,184,323,908,195,544,956,1007,315,881,694,1021,179,836,214,337,580,43,413,44,896,698,54,103,95,99,75,84,55,58,83,77,69,43,52,50,92,56,83,67,58,61,36,50,40,49,73,47,47,41,46,70,71,65
[ 32.044935] wil6210-aoa$0,1606461629.597589,04:d6:aa:c1:38:97,2,1,1,0,128,355,945,786,762,997,15,413,428,217,377,82,214,833,38,187,593,953,1002,439,976,679,4,701,1020,209,356,64,223,793,842,716,493,58,105,93,102,75,86,59,58,87,82,75,48,57,55,98,62,88,71,62,65,39,55,47,56,77,52,51,45,52,79,80,77
[ 32.073167] wil6210-aoa$0,1606461629.625823,04:d6:aa:c1:38:97,2,1,1,0,128,776,749,767,745,358,825,432,417,123,346,48,184,849,69,218,568,912,952,321,860,159,881,666,984,683,180,167,234,349,30,205,956,53,103,93,97,73,82,54,56,80,77,68,42,53,52,88,56,83,68,59,58,35,51,42,50,71,47,42,38,45,70,70,67
[ 32.105423] wil6210-aoa$0,1606461629.658080,04:d6:aa:c1:38:97,2,1,1,0,128,274,930,744,744,1014,0,398,376,206,394,99,235,868,47,205,569,947,990,398,890,686,20,733,41,253,394,103,228,344,19,203,996,59,101,93,101,75,85,58,58,85,81,70,47,57,51,96,60,88,70,60,64,38,58,44,55,79,55,50,45,51,79,80,78
[ 32.136091] wil6210-aoa$0,1606461629.688743,04:d6:aa:c1:38:97,2,1,1,0,128,254,920,744,753,931,1002,826,121,632,125,480,992,826,40,104,513,911,982,362,883,733,61,726,19,200,353,97,231,788,844,102,1015,59,108,97,102,77,87,58,59,83,81,73,46,58,56,96,62,86,71,62,63,39,55,44,52,77,51,49,43,50,75,81,72
[ 32.170520] wil6210-aoa$0,1606461629.723173,04:d6:aa:c1:38:97,2,1,1,0,128,349,916,807,751,953,1010,319,353,197,408,502,998,340,903,178,546,951,972,368,903,685,8,677,1004,158,348,120,200,882,927,859,708,57,106,97,104,77,86,57,59,86,81,72,48,57,54,97,60,87,70,62,63,40,58,46,55,78,51,51,46,50,77,80,77
[ 32.204459] wil6210-aoa$0,1606461629.757114,04:d6:aa:c1:38:97,2,1,1,0,128,312,954,756,766,403,834,856,174,184,363,32,174,239,838,620,314,309,750,850,681,796,44,714,2,281,380,608,76,337,9,859,698,58,102,93,97,73,85,59,60,86,81,73,48,58,54,96,61,89,71,59,63,40,56,45,55,78,51,50,44,50,78,79,73
[ 32.233310] wil6210-aoa$0,1606461629.785962,04:d6:aa:c1:38:97,2,1,1,0,128,749,745,805,788,375,832,414,385,153,396,14,179,815,47,168,586,864,926,412,902,769,51,744,4,243,368,93,193,433,57,976,721,58,104,95,101,76,88,57,58,89,83,76,49,59,55,100,62,88,72,62,63,41,58,46,57,79,54,52,48,54,79,84,80
[ 32.267951] wil6210-aoa$0,1606461629.820601,04:d6:aa:c1:38:97,2,1,1,0,128,321,901,803,772,966,980,893,215,126,337,41,192,835,30,149,505,877,934,757,658,191,853,687,1011,184,346,88,242,287,2,641,496,56,104,95,99,72,84,54,56,82,77,70,43,53,53,91,57,86,68,60,61,38,51,42,51,73,45,46,41,46,71,70,67
[ 32.302307] wil6210-aoa$0,1606461629.854961,04:d6:aa:c1:38:97,2,1,1,0,128,728,702,247,543,358,783,416,389,264,402,83,200,848,71,170,572,892,949,326,832,709,4,699,1004,186,384,529,27,333,39,215,39,54,105,94,101,73,84,56,55,83,76,71,44,54,52,92,58,84,68,58,60,37,51,41,50,72,49,46,40,45,70,74,67
[ 32.330183] wil6210-aoa$0,1606461629.882838,04:d6:aa:c1:38:97,2,1,1,0,128,345,974,736,763,915,19,339,376,657,147,87,174,832,28,176,540,335,730,449,936,704,0,708,1012,181,323,92,253,773,814,842,564,57,105,98,100,75,86,57,57,84,78,73,47,58,54,96,60,85,67,61,63,38,54,44,53,79,50,49,44,51,78,79,73
[ 32.364952] wil6210-aoa$0,1606461629.917604,04:d6:aa:c1:38:97,2,1,1,0,128,748,680,177,533,347,767,897,194,199,431,16,201,289,932,207,556,962,987,413,964,752,24,718,3,695,176,633,69,831,848,903,701,56,104,90,99,72,82,54,56,80,75,68,42,51,50,87,55,78,66,57,59,34,49,38,47,70,41,42,36,42,66,67,61
[ 32.391934] wil6210-aoa$0,1606461629.944591,04:d6:aa:c1:38:97,2,1,1,0,128,260,897,846,842,912,997,409,436,243,452,110,223,840,75,295,664,873,995,356,937,713,34,722,98,206,404,139,279,392,46,503,182,57,102,95,98,75,86,57,58,87,82,72,48,56,53,99,60,86,71,61,63,39,55,45,54,78,52,50,45,50,77,80,76
[ 32.418676] wil6210-aoa$0,1606461629.971332,04:d6:aa:c1:38:97,2,1,1,0,128,784,764,723,772,915,996,843,176,207,396,35,173,278,893,246,622,918,1001,350,863,740,66,691,14,245,367,174,245,343,49,418,136,56,103,92,98,76,87,56,57,83,80,73,46,54,53,95,59,83,67,62,61,39,54,44,54,74,49,48,41,49,75,76,72
[ 32.450702] wil6210-aoa$0,1606461630.003359,04:d6:aa:c1:38:97,2,1,1,0,128,258,907,803,806,917,1012,473,446,124,355,78,258,820,26,155,536,881,930,334,860,228,871,755,1008,293,419,111,237,407,58,795,537,55,107,94,99,73,84,55,56,84,80,71,47,55,52,93,59,83,69,59,60,38,54,43,51,73,49,46,41,47,73,74,70
[ 32.479776] wil6210-aoa$0,1606461630.032429,04:d6:aa:c1:38:97,2,1,1,0,128,336,951,810,802,915,953,430,406,175,340,62,197,817,24,619,348,869,902,800,670,217,866,126,801,258,398,56,191,842,888,526,306,56,106,96,101,76,87,58,59,87,82,72,45,54,53,93,58,85,69,60,61,37,54,41,52,76,49,47,41,47,72,74,68
[ 32.514967] wil6210-aoa$0,1606461630.067620,04:d6:aa:c1:38:97,2,1,1,0,128,317,944,783,777,982,18,456,442,186,413,84,231,837,41,214,587,932,1021,369,877,709,8,724,9,220,337,184,292,396,74,216,902,59,109,96,101,74,88,60,61,85,83,75,49,58,55,98,61,87,71,64,65,40,58,46,56,79,53,51,46,51,77,79,75
[ 32.549491] wil6210-aoa$0,1606461630.102145,04:d6:aa:c1:38:97,2,1,1,0,128,759,726,766,726,954,953,408,374,189,374,112,230,849,41,170,520,913,959,876,731,721,31,727,26,147,396,82,213,332,40,976,700,57,106,99,103,78,91,57,60,87,82,73,48,58,55,98,61,88,72,63,64,41,57,45,55,78,53,50,45,50,75,79,73
[ 32.584491] wil6210-aoa$0,1606461630.137145,04:d6:aa:c1:38:97,2,1,1,0,128,291,920,222,533,1003,8,413,390,156,388,529,990,270,831,690,400,870,954,387,910,747,18,750,59,229,370,60,222,302,999,451,243,55,106,95,101,74,87,57,57,84,79,73,46,56,52,94,62,85,67,62,62,38,55,43,51,77,51,47,41,48,74,78,71
[ 32.619027] wil6210-aoa$0,1606461630.171680,04:d6:aa:c1:38:97,2,1,1,0,128,719,706,771,770,936,1002,410,431,154,403,137,273,761,30,235,643,878,945,367,923,708,60,683,14,228,391,144,244,386,38,274,890,55,104,95,100,73,82,56,57,81,75,72,45,53,52,92,58,83,67,59,59,36,52,42,51,72,47,46,40,45,71,71,66
[ 32.650619] wil6210-aoa$0,1606461630.203274,04:d6:aa:c1:38:97,2,1,1,0,128,325,937,785,747,949,1004,392,380,175,363,51,216,841,64,210,579,951,972,367,927,702,16,706,14,658,162,153,231,382,49,407,173,58,105,93,99,75,85,58,57,85,81,71,47,56,52,95,60,88,69,60,63,39,56,42,53,74,51,49,44,50,74,78,73
[ 32.682608] wil6210-aoa$0,1606461630.235263,04:d6:aa:c1:38:97,2,1,1,0,128,300,941,866,863,877,980,440,416,180,388,74,174,876,88,199,569,893,945,422,923,716,11,752,49,230,376,127,246,375,52,516,231,57,103,95,101,74,87,60,60,86,81,76,50,59,55,98,60,86,71,63,64,40,59,45,56,81,54,52,45,52,77,83,77
[ 32.713979] wil6210-aoa$0,1606461630.266636,04:d6:aa:c1:38:97,2,1,1,0,128,257,931,232,593,412,828,406,414,157,370,63,222,808,52,159,533,948,1002,457,955,694,8,742,18,228,390,73,172,403,19,795,524,55,102,95,99,73,83,56,57,83,80,69,44,56,54,95,58,85,68,62,59,38,54,42,52,75,49,48,42,46,74,76,71
[ 32.740917] wil6210-aoa$0,1606461630.293572,04:d6:aa:c1:38:97,2,1,1,0,128,287,894,790,795,917,986,377,433,158,368,69,194,832,71,170,594,818,944,421,955,733,28,734,17,264,400,64,210,388,59,835,560,56,105,94,100,75,87,56,57,83,79,71,47,53,52,94,60,85,68,59,61,38,53,45,54,76,49,49,42,48,73,77,71
[ 32.768194] wil6210-aoa$0,1606461630.320847,04:d6:aa:c1:38:97,2,1,1,0,128,263,921,792,812,940,1011,411,415,178,374,108,207,800,2,199,595,930,986,403,942,674,14,701,6,207,325,133,231,321,27,937,692,57,105,94,100,73,85,54,59,84,79,71,43,55,53,94,58,85,68,61,60,35,51,44,53,74,48,47,42,46,73,76,68
[ 32.803334] wil6210-aoa$0,1606461630.355987,04:d6:aa:c1:38:97,2,1,1,0,128,288,930,735,761,333,768,836,195,620,178,482,981,209,838,658,376,343,756,348,915,683,1011,723,3,673,157,633,71,381,38,0,854,56,103,93,99,73,85,56,57,85,78,71,47,55,54,95,58,84,69,62,62,38,52,44,53,75,50,48,43,51,78,77,74
[ 32.837192] wil6210-aoa$0,1606461630.389849,04:d6:aa:c1:38:97,2,1,1,0,128,761,711,803,776,892,982,870,194,634,194,1021,131,232,830,647,372,423,764,863,711,733,59,704,41,233,379,94,213,359,1017,463,259,54,105,93,100,73,83,52,56,82,77,70,43,53,49,89,56,78,64,56,57,34,48,38,46,68,43,42,35,42,65,67,57
[ 32.869899] wil6210-aoa$0,1606461630.422555,04:d6:aa:c1:38:97,2,1,1,0,128,302,922,760,749,967,1008,385,387,166,334,101,235,835,78,203,572,891,943,400,925,732,24,768,3,228,370,154,248,338,67,380,116,59,106,97,101,76,87,58,58,87,80,72,48,56,54,98,59,85,71,62,62,38,56,42,51,78,52,49,43,50,75,78,75
[ 32.896708] wil6210-aoa$0,1606461630.449365,04:d6:aa:c1:38:97,2,1,1,0,128,291,940,840,814,918,978,888,207,143,393,533,36,253,841,651,413,912,945,875,714,161,861,726,28,220,342,137,210,787,810,1013,788,56,105,97,102,76,88,56,58,87,82,70,43,54,53,90,57,85,67,59,61,36,52,41,50,72,46,45,38,45,70,71,65
[ 32.929397] wil6210-aoa$0,1606461630.482053,04:d6:aa:c1:38:97,2,1,1,0,128,289,931,820,791,936,1005,398,427,142,377,59,231,839,88,161,580,902,971,355,910,665,26,747,28,229,421,70,173,324,1008,465,154,58,106,98,104,76,87,59,59,86,82,75,47,55,56,98,60,86,70,63,64,40,56,44,55,77,52,49,43,50,77,77,70
[ 32.956682] wil6210-aoa$0,1606461630.509338,04:d6:aa:c1:38:97,2,1,1,0,128,224,881,770,777,967,8,397,402,227,406,16,236,843,95,221,603,991,12,360,905,189,857,725,37,186,333,107,217,335,57,368,145,55,107,98,104,73,87,58,60,83,80,71,44,54,52,92,58,85,69,60,62,35,51,41,50,73,44,44,39,45,70,70,64
[ 32.987212] wil6210-aoa$0,1606461630.539864,04:d6:aa:c1:38:97,2,1,1,0,128,773,718,759,758,404,860,848,170,663,208,10,162,860,72,172,548,884,929,358,898,678,1013,728,1012,671,158,647,35,365,40,921,799,56,104,93,99,74,86,57,58,84,80,71,43,52,52,92,58,85,70,58,61,37,52,41,50,74,49,45,40,46,73,72,67
[ 33.022622] wil6210-aoa$0,1606461630.575276,04:d6:aa:c1:38:97,2,1,1,0,128,261,898,227,562,448,824,856,162,173,377,57,186,882,56,193,521,936,969,331,850,763,59,719,2,221,325,44,181,867,872,793,589,56,104,94,98,76,87,59,57,86,80,71,46,57,55,96,60,85,69,61,64,39,55,44,54,76,52,50,45,50,77,80,78
[ 33.058135] wil6210-aoa$0,1606461630.610794,04:d6:aa:c1:38:97,2,1,1,0,128,254,913,810,822,954,1019,446,418,206,420,64,173,848,49,191,552,982,957,442,949,777,67,727,47,228,401,90,194,353,37,956,665,59,103,95,98,77,89,60,58,83,83,75,49,58,56,100,63,89,71,62,66,40,58,47,55,77,55,49,47,52,79,86,78
[ 33.087415] wil6210-aoa$0,1606461630.640069,04:d6:aa:c1:38:97,2,1,1,0,128,293,935,808,825,948,1003,451,422,204,386,127,243,836,77,237,569,936,991,356,916,745,75,765,75,257,418,99,285,353,34,149,904,58,105,94,102,78,87,57,59,85,81,73,49,56,55,99,62,84,68,63,64,41,58,47,57,80,54,52,47,53,81,84,79
[ 33.122598] wil6210-aoa$0,1606461630.675252,04:d6:aa:c1:38:97,2,1,1,0,128,755,706,240,555,988,1008,400,394,187,394,13,154,852,57,176,602,892,937,381,924,762,28,750,65,127,317,108,232,373,49,248,33,57,103,95,100,73,85,57,58,85,80,73,49,55,52,95,58,87,69,62,63,38,53,44,52,74,49,47,41,47,74,76,71
[ 33.153750] wil6210-aoa$0,1606461630.706407,04:d6:aa:c1:38:97,2,1,1,0,128,231,893,805,778,927,1011,413,425,133,370,68,220,818,14,254,588,382,784,338,884,722,1014,689,2,205,378,201,273,403,63,964,619,53,105,94,98,74,82,53,57,83,77,70,44,53,51,91,55,84,65,59,60,36,53,43,52,72,46,44,40,47,68,70,67
[ 33.180779] wil6210-aoa$0,1606461630.733435,04:d6:aa:c1:38:97,2,1,1,0,128,194,858,844,817,367,828,400,407,120,349,37,181,243,886,156,591,876,941,423,951,696,32,716,20,179,344,101,202,859,875,502,309,61,109,102,107,80,93,61,62,92,89,77,50,61,58,103,65,93,74,67,68,43,61,51,60,86,57,54,48,55,84,90,85
[ 33.208574] wil6210-aoa$0,1606461630.761230,04:d6:aa:c1:38:97,2,1,1,0,128,287,919,754,766,930,979,414,408,193,404,88,200,816,17,265,647,899,978,379,887,719,33,786,54,697,173,115,233,385,29,4,737,55,101,93,99,72,84,55,57,85,79,72,44,55,52,92,59,82,67,59,60,37,53,46,53,76,48,48,42,49,75,78,70
[ 33.238407] wil6210-aoa$0,1606461630.791060,04:d6:aa:c1:38:97,2,1,1,0,128,261,951,833,833,950,1019,324,352,211,349,54,229,855,77,151,562,878,948,391,915,774,79,694,999,224,383,135,258,363,32,294,58,62,108,101,108,82,94,63,62,92,85,81,54,64,60,107,67,93,76,67,68,44,66,52,63,85,61,57,52,59,89,94,90
[ 33.274342] wil6210-aoa$0,1606461630.826994,04:d6:aa:c1:38:97,2,1,1,0,128,290,898,830,814,914,1003,355,340,178,351,79,229,858,105,158,552,968,1004,378,932,788,65,702,20,214,401,150,252,414,58,48,679,56,105,95,99,75,84,56,58,85,80,72,47,56,52,92,59,84,69,58,60,36,52,42,52,76,49,44,40,47,73,72,68
[ 33.309677] wil6210-aoa$0,1606461630.862333,04:d6:aa:c1:38:97,2,1,1,0,128,353,974,830,820,983,25,433,416,200,411,95,219,807,42,155,550,890,952,359,903,734,28,676,1018,218,378,141,233,339,40,275,30,58,107,96,102,79,88,58,60,87,81,73,47,56,55,96,60,88,70,62,63,39,55,45,53,77,50,49,41,49,76,79,70
[ 33.340000] wil6210-aoa$0,1606461630.892656,04:d6:aa:c1:38:97,2,1,1,0,128,303,969,729,726,963,1022,402,389,157,388,32,202,827,47,230,583,868,959,314,843,92,832,142,843,689,209,71,185,358,48,182,757,58,107,96,101,76,90,58,59,88,83,73,49,58,55,96,62,87,70,65,63,39,58,44,54,78,53,50,44,52,80,82,76
[ 33.374646] wil6210-aoa$0,1606461630.927303,04:d6:aa:c1:38:97,2,1,1,0,128,263,919,817,804,883,961,409,386,271,450,4,172,815,49,202,577,970,970,351,898,714,22,200,885,664,158,601,21,349,20,924,565,59,103,92,98,75,86,59,56,85,82,73,51,57,55,99,61,87,70,63,65,40,59,46,57,79,53,52,46,55,80,85,81
[ 33.405301] wil6210-aoa$0,1606461630.957955,04:d6:aa:c1:38:97,2,1,1,0,128,288,926,781,795,925,1012,382,375,208,414,59,196,843,74,286,640,895,963,835,716,104,810,197,860,265,399,108,223,351,35,112,847,55,105,95,100,73,83,54,56,83,77,70,41,54,51,90,55,81,66,59,59,35,51,40,48,70,45,42,36,41,68,67,61
[ 33.441311] wil6210-aoa$0,1606461630.993965,04:d6:aa:c1:38:97,2,1,1,0,128,824,767,786,772,894,970,452,413,215,414,38,186,870,77,214,604,946,964,338,871,726,30,188,850,197,385,88,203,294,3,335,111,57,104,94,98,76,85,55,60,84,80,71,46,55,53,94,57,83,70,60,61,37,53,43,51,76,49,47,43,47,73,76,71
[ 33.477300] wil6210-aoa$0,1606461631.029956,04:d6:aa:c1:38:97,2,1,1,0,128,679,637,223,556,364,815,950,239,191,360,85,202,793,33,184,558,317,766,798,666,217,878,182,823,659,162,562,1023,820,866,71,938,62,112,101,105,79,90,62,60,90,85,78,48,58,56,100,60,87,73,61,63,39,56,41,52,77,48,49,42,47,76,76,72
[ 33.508054] wil6210-aoa$0,1606461631.060706,04:d6:aa:c1:38:97,2,1,1,0,128,327,938,796,768,928,1011,868,207,168,380,15,197,799,17,670,360,897,917,872,724,775,6,745,36,260,345,122,244,835,868,428,174,56,103,93,99,75,86,57,59,86,79,74,48,56,53,98,62,86,69,62,62,41,54,45,56,77,52,50,43,50,78,80,70
[ 33.537051] wil6210-aoa$0,1606461631.089705,04:d6:aa:c1:38:97,2,1,1,0,128,291,932,730,737,921,992,398,433,151,350,69,217,875,71,132,525,895,965,386,890,757,7,743,48,196,336,496,999,891,891,478,327,52,104,93,95,74,83,53,56,81,77,67,41,51,49,85,51,74,65,55,56,32,43,35,42,65,40,37,32,37,61,59,55
[ 33.572861] wil6210-aoa$0,1606461631.125515,04:d6:aa:c1:38:97,2,1,1,0,128,250,888,766,761,934,978,394,429,133,344,540,24,885,71,218,587,903,924,452,917,731,1022,702,24,202,371,111,222,345,28,37,833,55,104,94,98,74,82,57,59,83,79,70,43,54,51,92,57,85,68,59,62,37,52,43,52,76,46,46,41,47,73,73,67
[ 33.601865] wil6210-aoa$0,1606461631.154518,04:d6:aa:c1:38:97,2,1,1,0,128,266,920,739,765,979,9,392,375,608,153,486,983,330,878,224,609,917,920,395,908,649,0,673,991,245,360,161,251,364,26,115,830,51,102,91,97,71,79,53,56,82,76,68,41,52,50,87,55,79,64,57,58,34,52,40,50,72,46,44,38,43,69,69,65
[ 33.633052] wil6210-aoa$0,1606461631.185710,04:d6:aa:c1:38:97,2,1,1,0,128,274,917,750,799,912,958,420,375,227,365,79,212,869,59,193,591,922,1003,381,957,672,2,728,31,259,400,47,184,380,71,927,666,60,112,102,108,80,93,61,63,91,84,78,51,60,55,100,64,90,73,63,63,41,57,46,56,80,51,51,45,52,78,80,77
[ 33.666013] wil6210-aoa$0,1606461631.218670,04:d6:aa:c1:38:97,2,1,1,0,128,320,962,742,801,888,956,919,231,226,404,48,185,834,53,196,640,918,949,375,888,715,17,706,1023,199,348,605,27,354,33,193,1007,62,110,100,106,80,94,64,64,92,86,80,53,63,57,105,67,93,73,67,67,42,62,50,59,84,57,53,47,56,83,90,83
[ 33.698793] wil6210-aoa$0,1606461631.251446,04:d6:aa:c1:38:97,2,1,1,0,128,323,955,721,739,432,850,405,401,129,383,93,209,852,33,194,565,957,979,433,911,687,22,741,43,251,358,117,241,323,1009,278,7,57,106,95,102,77,88,56,59,84,80,71,45,55,53,91,58,83,68,61,60,37,52,41,49,71,47,43,37,45,68,72,66
[ 33.731392] wil6210-aoa$0,1606461631.284049,04:d6:aa:c1:38:97,2,1,1,0,128,276,925,826,813,939,1015,426,426,198,380,69,204,798,11,187,566,883,964,871,746,214,886,744,42,209,378,121,231,359,59,768,566,57,103,95,99,72,84,57,58,84,79,74,48,55,52,95,60,83,67,59,58,38,53,44,50,75,48,47,40,47,73,74,68
[ 33.764624] wil6210-aoa$0,1606461631.317280,04:d6:aa:c1:38:97,2,1,1,0,128,298,928,795,809,924,981,394,402,189,429,28,221,835,58,272,634,922,970,416,964,718,24,700,42,269,411,96,226,347,23,796,571,57,106,97,99,76,86,58,59,87,80,73,47,54,55,94,60,86,70,62,64,38,54,43,52,73,49,48,42,50,73,78,72
[ 33.795513] wil6210-aoa$0,1606461631.348167,04:d6:aa:c1:38:97,2,1,1,0,128,301,967,785,790,948,11,357,406,125,368,2,171,333,903,686,367,398,797,802,688,226,906,754,40,676,194,570,33,339,42,466,279,57,105,95,99,76,89,56,59,84,81,73,46,57,52,94,61,84,71,60,64,37,55,44,52,78,50,48,44,48,74,75,71
[ 33.823821] wil6210-aoa$0,1606461631.376478,04:d6:aa:c1:38:97,2,1,1,0,128,274,912,737,775,950,14,381,435,119,361,1023,197,875,95,198,638,894,987,421,978,737,63,699,17,182,371,173,289,395,56,964,680,56,103,95,101,72,85,55,58,83,77,72,46,58,55,92,60,85,69,61,62,37,53,42,53,77,51,48,43,51,76,78,72
[ 33.855125] wil6210-aoa$0,1606461631.407779,04:d6:aa:c1:38:97,2,1,1,0,128,312,973,747,774,991,1,407,417,156,374,83,212,824,66,191,556,935,961,390,893,779,70,711,12,152,331,131,250,413,61,715,344,58,102,94,97,75,87,57,58,84,80,72,48,58,56,100,61,85,69,63,64,37,54,44,53,79,52,51,44,51,77,80,75
[ 33.889926] wil6210-aoa$0,1606461631.442583,04:d6:aa:c1:38:97,2,1,1,0,128,298,902,209,583,405,796,474,417,131,351,548,35,844,61,195,542,920,922,348,891,713,3,649,993,267,362,107,202,346,14,119,972,56,103,95,99,75,84,54,56,84,80,72,45,56,50,92,59,81,66,59,61,38,53,45,53,75,51,48,43,48,73,76,71
[ 33.921965] wil6210-aoa$0,1606461631.474618,04:d6:aa:c1:38:97,2,1,1,0,128,261,950,780,813,920,1002,397,392,142,357,99,216,844,72,242,662,860,939,389,930,792,79,755,87,238,407,145,278,365,63,661,318,54,101,90,97,73,83,55,55,81,77,70,46,53,51,94,56,81,66,59,58,34,53,41,51,74,49,47,41,47,72,74,68
[ 33.955604] wil6210-aoa$0,1606461631.508260,04:d6:aa:c1:38:97,2,1,1,0,128,241,914,756,769,899,971,388,377,199,378,51,178,787,4,192,582,925,999,426,965,704,24,681,33,248,431,94,239,430,72,180,998,55,104,93,97,72,83,54,57,84,79,71,45,54,53,94,60,84,69,62,62,37,55,43,54,73,49,47,42,47,75,76,72
[ 33.987094] wil6210-aoa$0,1606461631.539746,04:d6:aa:c1:38:97,2,1,1,0,128,250,927,773,827,900,983,341,348,153,341,56,210,847,50,184,527,981,1012,455,951,786,61,736,36,205,364,97,216,376,15,40,870,61,111,101,106,79,93,61,62,91,86,78,49,61,58,102,64,92,74,65,66,40,59,47,59,83,55,53,46,55,81,85,79
[ 34.023511] wil6210-aoa$0,1606461631.576165,04:d6:aa:c1:38:97,2,1,1,0,128,255,921,785,811,924,1006,895,225,187,357,78,209,803,26,222,611,960,981,374,915,740,36,680,14,167,347,168,275,333,25,481,167,55,102,94,99,73,85,57,56,83,76,71,46,54,55,93,57,83,68,59,60,37,51,41,51,76,49,47,42,49,73,74,68
[ 34.059893] wil6210-aoa$0,1606461631.612545,04:d6:aa:c1:38:97,2,1,1,0,128,248,908,832,813,913,999,442,436,192,378,64,171,819,17,239,593,902,981,322,865,717,16,711,3,194,357,107,249,307,0,493,222,58,104,92,98,72,85,57,58,84,81,73,50,57,55,98,59,86,68,63,63,40,57,44,54,78,53,51,42,50,76,80,76
[ 34.094456] wil6210-aoa$0,1606461631.647113,04:d6:aa:c1:38:97,2,1,1,0,128,282,931,810,802,985,31,336,347,132,353,80,228,823,25,246,600,872,975,400,912,728,51,673,1008,208,370,82,213,416,43,656,334,56,102,94,99,73,86,56,57,84,79,71,44,56,53,95,58,82,70,59,60,37,54,42,52,73,49,47,41,48,73,75,69
[ 34.126226] wil6210-aoa$0,1606461631.678878,04:d6:aa:c1:38:97,2,1,1,0,128,285,963,768,789,939,995,404,378,216,399,6,181,859,61,224,571,962,949,367,886,779,26,679,1018,278,374,108,264,358,10,395,212,56,104,93,100,74,87,56,57,83,79,69,44,56,52,92,59,85,69,58,60,37,53,44,53,74,50,47,42,46,71,76,73
[ 34.156047] wil6210-aoa$0,1606461631.708699,04:d6:aa:c1:38:97,2,1,1,0,128,188,826,828,835,930,1003,400,364,616,121,481,1002,239,850,660,328,885,970,327,890,752,29,679,8,182,329,80,161,374,57,740,509,60,105,97,100,77,90,63,59,85,83,76,51,60,55,102,65,89,71,63,66,41,62,50,59,82,59,54,49,56,83,90,86
[ 34.193871] wil6210-aoa$0,1606461631.746526,04:d6:aa:c1:38:97,2,1,1,0,128,269,922,830,808,946,976,350,383,190,398,34,196,782,22,668,399,932,957,834,705,164,841,204,914,167,355,110,254,353,25,26,818,58,108,96,102,78,88,60,59,88,82,75,48,59,56,100,62,91,72,66,66,40,59,48,57,79,52,51,45,52,80,82,76
[ 34.230536] wil6210-aoa$0,1606461631.783188,04:d6:aa:c1:38:97,2,1,1,0,128,301,926,762,766,964,3,389,364,593,163,37,150,901,90,170,574,864,948,356,883,725,30,758,0,261,399,513,993,362,33,258,137,54,101,88,95,71,81,53,54,83,77,70,46,51,48,91,58,81,67,58,59,35,51,40,50,74,47,44,41,45,73,72,68
[ 34.264112] wil6210-aoa$0,1606461631.816769,04:d6:aa:c1:38:97,2,1,1,0,128,275,919,777,741,967,1002,385,360,151,371,546,0,267,889,713,401,347,733,853,745,789,47,699,52,244,409,76,221,373,29,195,966,58,102,94,98,76,86,58,58,84,83,73,47,55,55,100,61,87,72,62,64,37,56,45,53,79,53,51,43,50,79,80,74
[ 34.297746] wil6210-aoa$0,1606461631.850402,04:d6:aa:c1:38:97,2,1,1,0,128,717,698,176,545,422,850,871,170,622,143,536,8,842,31,184,592,959,994,306,878,722,19,741,36,199,364,531,0,848,870,52,891,55,107,94,100,71,82,55,57,79,77,68,43,53,50,87,57,81,64,58,58,35,50,40,47,69,43,43,34,42,64,65,60
[ 34.327937] wil6210-aoa$0,1606461631.880590,04:d6:aa:c1:38:97,2,1,1,0,128,236,891,829,812,918,965,417,378,213,388,126,233,866,89,176,519,938,958,445,978,734,34,669,1001,256,413,153,267,322,22,576,335,57,103,93,101,76,83,58,59,83,78,74,48,56,54,96,61,88,71,61,62,40,57,45,54,78,52,52,46,53,78,84,78
[ 34.363360] wil6210-aoa$0,1606461631.916016,04:d6:aa:c1:38:97,2,1,1,0,128,264,885,768,740,937,3,889,211,652,193,24,170,256,871,645,364,374,760,860,741,227,881,760,42,718,226,103,214,347,3,588,364,57,99,95,101,75,87,58,59,85,80,73,48,58,55,99,61,86,71,61,62,38,58,47,55,76,53,49,44,51,77,82,75
[ 34.391504] wil6210-aoa$0,1606461631.944162,04:d6:aa:c1:38:97,2,1,1,0,128,325,904,804,775,934,960,893,215,665,191,513,1008,303,883,178,547,917,929,864,685,779,45,731,24,190,310,618,37,865,869,109,962,57,102,94,99,73,84,57,56,85,79,71,45,56,53,94,58,85,67,60,61,38,54,44,52,73,48,47,42,49,73,73,70
[ 34.425788] wil6210-aoa$0,1606461631.978446,04:d6:aa:c1:38:97,2,1,1,0,128,321,958,760,767,988,6,427,417,218,411,71,232,836,1015,239,610,934,936,398,915,708,4,776,74,270,378,182,299,351,32,598,244,61,109,102,106,81,92,65,63,93,85,78,53,62,58,105,67,94,76,66,68,43,61,50,61,84,56,54,47,55,85,87,79
[ 34.459245] wil6210-aoa$0,1606461632.011904,04:d6:aa:c1:38:97,2,1,1,0,128,317,953,735,754,952,1001,461,442,121,314,101,206,788,9,185,549,368,755,345,890,745,39,700,4,199,379,124,262,337,26,684,432,55,98,89,96,73,82,59,57,82,80,70,48,55,53,97,58,85,66,59,62,38,55,44,53,75,50,49,44,51,76,76,75
[ 34.490248] wil6210-aoa$0,1606461632.042901,04:d6:aa:c1:38:97,2,1,1,0,128,259,907,748,735,386,802,904,210,157,365,66,202,809,36,142,553,869,938,335,863,762,72,671,1,206,393,92,220,294,1014,38,778,57,104,92,99,75,85,57,56,84,81,73,47,57,54,97,60,87,72,62,63,39,54,46,55,77,53,50,46,52,79,84,78
[ 34.525646] wil6210-aoa$0,1606461632.078304,04:d6:aa:c1:38:97,2,1,1,0,128,273,908,787,762,985,1017,830,179,164,330,14,189,790,65,165,528,914,965,373,919,746,35,188,875,271,398,127,248,374,57,195,927,56,100,92,98,72,81,55,55,82,77,68,42,53,50,87,53,80,66,57,59,34,48,37,47,68,42,43,37,42,66,66,63
[ 34.558182] wil6210-aoa$0,1606461632.110835,04:d6:aa:c1:38:97,2,1,1,0,128,299,954,795,783,965,1000,428,432,139,337,445,975,258,877,197,595,946,1007,328,894,704,1016,725,60,240,410,149,267,337,42,696,490,60,108,99,102,79,89,58,59,87,79,73,47,59,55,97,61,87,72,63,63,39,56,45,55,75,49,50,44,51,75,80,75
[ 34.592990] wil6210-aoa$0,1606461632.145648,04:d6:aa:c1:38:97,2,1,1,0,128,261,912,795,824,976,14,355,406,137,345,63,228,797,51,224,613,873,916,436,935,759,28,773,35,255,392,149,257,398,102,917,542,58,104,95,98,74,84,57,58,85,80,72,47,57,54,95,59,85,71,61,62,38,56,43,52,76,48,47,42,48,77,78,74
[ 34.621351] wil6210-aoa$0,1606461632.174008,04:d6:aa:c1:38:97,2,1,1,0,128,279,931,747,764,935,1004,441,426,246,393,19,163,847,61,179,549,881,934,342,896,749,39,739,28,258,367,75,238,382,52,660,304,54,105,94,99,71,82,56,58,83,76,71,45,53,50,90,57,79,65,58,59,34,48,38,47,69,45,41,37,44,69,65,61
[ 34.649795] wil6210-aoa$0,1606461632.202451,04:d6:aa:c1:38:97,2,1,1,0,128,307,927,812,802,905,978,823,155,643,161,522,1003,281,848,655,336,882,938,852,742,215,843,134,789,200,357,69,234,401,25,1020,841,54,103,96,101,74,86,59,59,87,81,74,49,58,53,97,61,86,70,62,63,38,56,44,54,76,51,51,44,51,78,82,76
[ 34.681915] wil6210-aoa$0,1606461632.234568,04:d6:aa:c1:38:97,2,1,1,0,128,226,889,232,573,327,805,922,216,177,384,494,23,867,56,139,515,367,817,348,937,738,37,771,69,222,397,82,234,800,866,240,11,55,104,93,102,71,84,54,55,83,78,72,43,53,53,92,57,82,66,59,60,37,52,41,53,73,47,46,41,46,70,74,66
[ 34.716490] wil6210-aoa$0,1606461632.269148,04:d6:aa:c1:38:97,2,1,1,0,128,280,934,248,585,972,1013,393,392,100,317,66,171,747,969,158,546,844,896,836,670,155,875,743,50,201,304,75,196,853,878,220,74,56,103,90,98,73,84,55,56,81,79,73,45,56,53,93,56,83,66,59,63,36,54,41,51,73,49,45,41,48,74,71,69
[ 34.750116] wil6210-aoa$0,1606461632.302772,04:d6:aa:c1:38:97,2,1,1,0,128,280,898,800,800,923,1008,395,382,204,402,481,15,289,930,167,584,908,987,342,916,741,27,751,48,177,348,112,251,403,74,1005,761,54,105,92,101,73,83,56,57,84,77,70,45,54,52,93,57,84,66,59,61,36,52,41,52,75,48,48,41,47,73,74,69
[ 34.778940] wil6210-aoa$0,1606461632.331599,04:d6:aa:c1:38:97,2,1,1,0,128,255,911,747,799,418,830,841,191,200,384,68,199,813,23,173,508,872,915,380,910,157,850,168,815,767,213,58,193,319,0,110,1002,55,101,94,99,73,84,58,56,82,80,73,44,55,54,93,57,85,67,62,61,36,55,41,52,76,49,49,44,47,75,80,74
[ 34.812844] wil6210-aoa$0,1606461632.365500,04:d6:aa:c1:38:97,2,1,1,0,128,218,890,810,809,945,1001,330,357,172,381,30,185,865,112,236,557,944,958,398,932,690,28,699,34,205,359,123,228,355,17,974,719,55,104,94,99,74,84,53,56,82,77,70,44,54,52,91,55,81,66,58,57,35,51,39,49,71,46,44,38,44,67,71,66
[ 34.841271] wil6210-aoa$0,1606461632.393928,04:d6:aa:c1:38:97,2,1,1,0,128,274,956,760,754,938,1006,445,436,110,339,45,220,855,88,139,528,363,765,861,706,214,895,660,1016,250,373,42,173,435,91,132,821,57,104,94,100,74,87,58,56,84,78,72,47,58,56,99,62,84,69,61,62,38,56,46,56,79,53,51,46,53,78,83,78
[ 34.875685] wil6210-aoa$0,1606461632.428342,04:d6:aa:c1:38:97,2,1,1,0,128,805,791,754,773,949,996,396,380,165,349,1020,138,251,882,679,392,378,782,386,906,762,55,660,991,146,320,585,27,856,837,446,266,56,102,92,96,74,86,57,58,83,80,73,47,57,53,95,59,83,69,60,62,38,55,44,51,76,52,49,44,51,74,79,75
[ 34.908109] wil6210-aoa$0,1606461632.460764,04:d6:aa:c1:38:97,2,1,1,0,128,263,888,794,759,944,1006,372,348,124,348,84,186,825,38,199,561,870,938,862,755,730,1018,713,34,160,353,149,270,362,83,287,10,56,98,93,98,75,86,56,58,85,81,73,48,55,54,96,59,83,68,60,63,38,56,43,52,75,51,49,44,48,76,77,73
[ 34.938201] wil6210-aoa$0,1606461632.490860,04:d6:aa:c1:38:97,2,1,1,0,128,292,935,865,859,938,998,441,464,138,383,82,209,849,79,251,613,889,987,417,961,724,41,696,7,212,362,110,235,338,38,631,305,59,107,95,99,77,88,59,59,86,82,75,49,58,56,99,62,87,71,62,65,40,58,46,56,79,54,52,46,51,77,84,79
[ 34.970194] wil6210-aoa$0,1606461632.522846,04:d6:aa:c1:38:97,2,1,1,0,128,292,920,770,778,953,0,459,416,185,362,45,196,862,62,644,392,883,925,428,946,688,2,759,14,204,351,99,211,356,16,422,46,58,106,96,101,77,90,58,59,84,82,75,45,55,53,96,60,85,70,62,63,38,54,46,54,76,51,49,45,48,74,78,73
[ 35.005353] wil6210-aoa$0,1606461632.558009,04:d6:aa:c1:38:97,2,1,1,0,128,327,931,798,798,967,1011,445,440,170,363,1012,162,765,39,219,566,907,938,349,898,724,16,738,10,256,372,110,221,388,16,732,451,58,108,97,102,78,90,59,60,86,81,74,50,58,54,99,61,87,73,63,66,38,58,48,58,81,54,52,46,53,80,84,81
[ 35.039335] wil6210-aoa$0,1606461632.591992,04:d6:aa:c1:38:97,2,1,1,0,128,751,727,204,570,968,999,438,430,120,334,145,255,246,886,670,387,353,731,792,645,204,884,761,23,223,350,170,254,331,68,29,843,54,99,92,98,71,83,55,54,81,77,72,47,54,53,93,55,83,67,59,61,37,55,42,52,74,48,48,41,50,75,75,70
[ 35.070953] wil6210-aoa$0,1606461632.623606,04:d6:aa:c1:38:97,2,1,1,0,128,719,729,223,571,913,2,403,377,141,356,111,215,875,38,154,563,936,945,418,941,710,20,720,9,216,368,564,1019,856,860,813,534,62,109,99,104,82,94,64,61,89,88,80,52,62,59,106,66,92,73,68,69,43,65,52,61,85,60,56,50,57,87,91,84
[ 35.106813] wil6210-aoa$0,1606461632.659471,04:d6:aa:c1:38:97,2,1,1,0,128,740,708,849,810,936,990,876,171,591,118,590,70,831,69,156,564,916,944,874,727,731,71,695,1005,226,401,38,167,399,48,614,348,62,109,100,107,80,94,63,64,92,88,78,52,61,58,107,66,97,76,65,70,42,61,49,58,83,58,54,51,56,86,90,84
[ 35.140430] wil6210-aoa$0,1606461632.693085,04:d6:aa:c1:38:97,2,1,1,0,128,290,937,812,801,874,966,850,169,658,200,511,1005,333,881,672,391,940,978,344,866,708,32,753,27,668,195,76,217,866,922,761,526,55,101,94,98,71,84,57,57,83,78,72,43,55,51,91,56,82,66,58,60,34,51,42,49,72,44,45,40,45,71,73,68
[ 35.169902] wil6210-aoa$0,1606461632.722558,04:d6:aa:c1:38:97,2,1,1,0,128,299,940,761,754,390,788,405,341,211,389,524,1012,803,40,216,574,931,958,403,904,720,11,180,830,646,173,99,199,393,55,79,845,57,102,93,97,76,86,57,59,84,80,74,47,58,55,96,60,85,70,61,62,38,55,45,53,77,51,49,44,49,77,77,75
[ 35.202598] wil6210-aoa$0,1606461632.755252,04:d6:aa:c1:38:97,2,1,1,0,128,331,986,779,817,947,30,374,366,167,375,21,160,304,881,706,438,898,986,347,872,727,7,739,1018,262,357,113,191,816,837,779,616,55,105,90,96,72,83,56,58,83,78,73,46,56,53,95,58,85,70,60,61,37,53,43,53,74,50,50,44,48,75,76,72
[ 35.236894] wil6210-aoa$0,1606461632.789551,04:d6:aa:c1:38:97,2,1,1,0,128,740,702,240,564,435,835,400,360,130,351,28,153,883,52,178,556,881,928,794,678,684,1011,178,847,670,202,128,209,346,58,48,761,55,99,91,97,71,85,55,57,81,78,70,45,53,54,96,58,82,68,60,60,36,51,42,50,72,47,47,41,47,73,72,68
[ 35.270793] wil6210-aoa$0,1606461632.823451,04:d6:aa:c1:38:97,2,1,1,0,128,309,936,807,780,954,1020,414,415,166,385,28,194,807,12,148,536,909,960,405,918,787,48,728,50,204,378,134,251,382,64,747,402,62,109,100,109,80,90,60,60,88,84,76,46,60,54,98,62,86,72,62,62,39,56,44,54,78,50,50,43,50,79,78,73
[ 35.299953] wil6210-aoa$0,1606461632.852610,04:d6:aa:c1:38:97,2,1,1,0,128,299,924,828,835,923,1007,399,387,145,407,59,159,307,899,255,647,372,744,406,932,723,38,766,36,670,156,181,278,354,51,472,238,57,104,94,98,75,87,55,57,85,78,72,46,57,52,95,60,84,67,62,61,38,54,44,54,78,52,49,45,51,76,80,75
[ 35.334235] wil6210-aoa$0,1606461632.886890,04:d6:aa:c1:38:97,2,1,1,0,128,774,745,266,616,351,830,833,176,644,194,508,1023,199,815,706,396,903,951,405,911,142,866,744,34,246,392,86,173,375,9,142,991,59,106,94,98,77,88,59,59,86,83,75,48,57,55,99,61,87,71,61,62,38,56,46,54,78,52,50,44,51,77,81,74
[ 35.372150] wil6210-aoa$0,1606461632.924804,04:d6:aa:c1:38:97,2,1,1,0,128,279,929,781,757,879,972,877,196,198,396,46,249,803,65,287,680,928,988,320,859,732,63,756,46,244,398,126,270,353,26,843,626,56,100,96,96,76,86,57,59,84,80,72,47,56,52,98,60,88,67,61,62,37,54,44,53,77,52,49,43,51,76,79,74
[ 35.407616] wil6210-aoa$0,1606461632.960273,04:d6:aa:c1:38:97,2,1,1,0,128,264,888,774,783,914,987,398,357,137,311,503,1023,817,20,233,599,868,935,365,867,160,854,709,1016,170,366,593,40,343,76,36,781,56,107,95,101,76,86,57,58,86,77,70,45,54,51,94,57,82,69,60,59,35,51,39,48,72,46,44,39,45,68,67,63
[ 35.442679] wil6210-aoa$0,1606461632.995331,04:d6:aa:c1:38:97,2,1,1,0,128,313,924,825,821,979,0,387,365,140,360,1009,183,824,79,606,350,345,728,866,730,255,915,795,61,229,407,102,246,327,16,290,95,54,104,93,99,75,86,57,58,84,80,73,47,55,56,97,59,87,70,62,64,38,57,45,56,78,52,50,44,51,78,81,76
[ 35.475166] wil6210-aoa$0,1606461633.027824,04:d6:aa:c1:38:97,2,1,1,0,128,313,945,728,753,942,1008,424,409,167,322,136,241,776,31,147,548,874,907,873,688,152,835,745,39,232,387,143,251,359,49,508,146,55,103,92,97,73,85,58,58,87,79,74,48,54,52,98,59,86,68,61,63,39,55,43,55,76,48,49,45,50,76,77,73
[ 35.510324] wil6210-aoa$0,1606461633.062980,04:d6:aa:c1:38:97,2,1,1,0,128,323,931,780,750,963,994,429,392,215,395,98,210,868,70,220,591,913,952,373,903,704,35,718,1009,210,360,128,214,373,19,41,906,54,104,95,100,74,86,55,56,84,77,71,46,53,54,96,59,86,69,60,62,37,54,42,53,76,49,48,42,48,75,75,71
[ 35.545238] wil6210-aoa$0,1606461633.097890,04:d6:aa:c1:38:97,2,1,1,0,128,779,763,742,757,350,807,437,434,572,138,522,1018,854,70,134,556,907,945,419,945,686,9,716,26,185,354,93,221,354,20,562,253,59,113,100,108,79,89,60,61,90,84,77,48,55,54,101,63,90,72,65,63,39,55,44,53,79,51,48,42,50,75,76,69
[ 35.583494] wil6210-aoa$0,1606461633.136151,04:d6:aa:c1:38:97,2,1,1,0,128,276,861,264,579,992,5,395,388,171,364,37,194,237,849,146,556,937,981,385,931,731,42,716,7,215,381,149,225,319,7,689,550,55,101,93,98,72,83,57,57,85,80,73,48,58,53,95,58,86,69,62,60,39,54,44,53,72,50,48,42,49,75,76,71
[ 35.612401] wil6210-aoa$0,1606461633.165058,04:d6:aa:c1:38:97,2,1,1,0,128,736,764,787,747,396,810,926,260,631,192,471,984,316,908,151,572,345,729,424,932,206,828,747,10,285,427,90,199,366,14,946,759,59,103,94,97,74,87,57,58,86,81,73,50,59,54,100,60,83,68,62,64,39,56,45,56,78,50,50,44,50,76,82,77
[ 35.641956] wil6210-aoa$0,1606461633.194612,04:d6:aa:c1:38:97,2,1,1,0,128,258,878,204,557,1000,17,904,185,610,161,560,25,307,913,281,654,940,993,377,912,762,46,680,1022,194,379,654,92,314,17,697,556,53,101,95,98,74,86,56,58,83,78,73,45,56,53,97,59,86,68,59,62,38,54,43,52,79,53,51,42,50,75,79,74
[ 35.676864] wil6210-aoa$0,1606461633.229520,04:d6:aa:c1:38:97,2,1,1,0,128,311,921,769,764,955,973,420,386,108,346,64,151,828,29,631,377,312,735,895,723,189,832,744,1023,196,335,114,220,809,810,1000,792,61,110,100,105,80,92,62,62,91,89,78,53,62,57,107,68,94,73,66,68,43,63,48,60,85,56,56,50,55,85,88,83
[ 35.711850] wil6210-aoa$0,1606461633.264506,04:d6:aa:c1:38:97,2,1,1,0,128,321,902,821,804,941,1002,413,370,188,385,70,240,795,24,184,567,901,910,404,956,700,3,738,19,176,321,96,218,328,0,921,642,54,102,92,97,73,82,57,57,83,78,72,45,53,53,95,59,84,68,59,62,38,53,42,51,74,49,48,41,48,75,74,68
[ 35.740774] wil6210-aoa$0,1606461633.293431,04:d6:aa:c1:38:97,2,1,1,0,128,266,903,823,826,964,1000,448,436,181,394,42,193,885,109,231,615,903,942,385,954,767,70,725,25,225,395,168,256,408,49,577,269,57,107,93,99,75,86,56,58,82,79,72,46,53,53,92,59,83,68,61,60,36,53,43,51,75,48,47,42,47,74,75,70
[ 35.770382] wil6210-aoa$0,1606461633.323034,04:d6:aa:c1:38:97,2,1,1,0,128,320,973,721,766,971,995,490,432,140,406,94,248,800,67,237,643,924,1016,418,921,669,13,683,20,255,381,134,237,403,64,774,425,59,104,95,101,79,90,60,58,87,83,75,50,57,57,102,61,90,72,62,67,41,60,47,58,83,57,54,49,56,82,86,81
[ 35.804636] wil6210-aoa$0,1606461633.357293,04:d6:aa:c1:38:97,2,1,1,0,128,328,943,838,817,978,21,388,378,173,360,70,197,830,48,339,623,901,943,338,881,751,36,765,56,215,388,114,241,425,51,248,901,60,104,97,101,76,89,61,60,87,83,74,49,61,57,99,63,91,71,63,66,40,60,47,58,80,54,52,45,55,82,85,79
[ 35.833979] wil6210-aoa$0,1606461633.386635,04:d6:aa:c1:38:97,2,1,1,0,128,328,917,833,805,934,999,402,416,90,288,547,20,789,1023,193,574,910,944,383,902,690,16,717,44,146,310,152,274,363,37,591,306,59,104,96,102,76,88,60,60,87,85,74,48,61,57,99,63,86,72,62,64,39,57,46,53,78,52,51,45,53,78,81,76
[ 35.866178] wil6210-aoa$0,1606461633.418832,04:d6:aa:c1:38:97,2,1,1,0,128,265,908,815,830,920,1013,421,405,184,398,38,209,837,22,190,582,896,1015,367,922,739,76,768,30,233,366,105,235,387,69,275,902,56,105,93,99,73,85,56,57,87,78,73,47,54,54,99,60,85,70,63,64,39,56,45,55,74,51,48,41,49,74,79,72
[ 35.897043] wil6210-aoa$0,1606461633.449700,04:d6:aa:c1:38:97,2,1,1,0,128,256,868,786,765,932,976,893,176,166,310,534,1006,834,21,214,533,936,961,368,895,661,983,725,10,281,427,157,225,359,14,630,397,54,103,93,99,74,84,56,58,85,79,72,46,56,51,94,58,85,69,59,60,38,53,42,51,75,50,47,43,48,74,76,73
[ 35.933604] wil6210-aoa$0,1606461633.486257,04:d6:aa:c1:38:97,2,1,1,0,128,741,755,756,780,1001,9,345,339,164,348,100,209,840,41,232,578,892,914,870,730,745,21,734,1020,594,103,599,43,790,842,218,61,55,101,95,99,74,85,57,59,83,80,73,47,55,52,95,60,87,71,59,64,40,55,45,53,78,50,51,44,50,77,77,75
[ 35.971912] wil6210-aoa$0,1606461633.524565,04:d6:aa:c1:38:97,2,1,1,0,128,274,926,734,769,928,9,844,173,211,378,972,88,839,54,158,507,923,964,332,887,756,51,750,33,252,410,111,246,323,18,234,42,58,102,93,100,73,86,58,56,87,80,73,49,55,54,98,62,86,69,63,61,41,57,44,56,78,53,49,45,51,79,82,75
[ 36.007382] wil6210-aoa$0,1606461633.560039,04:d6:aa:c1:38:97,2,1,1,0,128,765,751,751,752,894,977,930,258,191,406,47,194,817,46,169,570,868,938,371,869,136,801,211,865,679,165,615,76,329,52,254,1019,55,102,91,97,76,87,57,58,86,81,72,46,53,53,92,56,85,68,59,59,38,53,41,48,74,49,45,41,47,75,72,67
[ 36.043157] wil6210-aoa$0,1606461633.595813,04:d6:aa:c1:38:97,2,1,1,0,128,323,983,782,798,970,1007,452,443,125,375,85,207,816,21,189,556,336,783,421,960,744,58,775,70,253,400,77,252,343,19,555,267,58,102,92,97,73,85,59,58,85,82,74,49,56,53,98,61,86,68,59,65,38,57,44,55,80,51,51,45,52,78,83,78
[ 36.073014] wil6210-aoa$0,1606461633.625671,04:d6:aa:c1:38:97,2,1,1,0,128,377,977,838,771,977,42,392,382,108,331,66,200,855,65,149,578,967,975,391,924,778,101,725,18,226,394,91,263,415,85,446,169,55,99,92,99,74,85,57,58,83,80,74,48,57,54,98,62,87,69,61,62,37,57,43,54,76,53,47,44,51,77,83,75
[ 36.102346] wil6210-aoa$0,1606461633.655003,04:d6:aa:c1:38:97,2,1,1,0,128,294,949,787,784,908,954,844,192,678,178,514,10,856,77,205,642,887,973,409,901,710,20,734,54,147,310,102,227,399,64,230,1012,56,105,92,101,75,84,56,57,85,79,70,45,54,53,93,59,83,67,60,61,37,54,42,52,77,50,46,41,51,73,77,74
