
[ 23.254731] wil6210-aoa$0,1606461622.974091,04:d6:aa:c1:38:97,2,1,1,0,128,315,953,810,792,852,973,453,443,151,354,14,192,817,59,173,590,909,949,379,929,779,64,747,61,176,353,140,252,403,116,243,948,53,97,87,95,71,80,54,54,79,74,68,44,52,52,89,55,79,65,58,57,36,53,41,51,70,47,44,39,46,70,73,69
[ 23.286359] wil6210-aoa$0,1606461623.005727,04:d6:aa:c1:38:97,2,1,1,0,128,242,914,732,763,965,1005,384,396,604,155,548,3,839,41,688,350,361,787,406,884,771,52,721,6,679,163,567,54,855,903,997,782,56,101,90,97,73,82,56,57,81,76,70,43,54,51,92,56,82,64,59,60,36,51,43,51,75,49,47,40,46,72,75,70
[ 23.310106] wil6210-aoa$0,1606461623.029468,04:d6:aa:c1:38:97,2,1,1,0,128,319,940,797,800,927,973,376,365,574,129,486,1001,285,877,252,624,918,948,397,900,739,32,706,1015,690,148,97,211,340,18,651,470,51,91,83,88,67,76,51,50,76,74,64,43,51,48,87,54,77,61,56,55,34,50,40,49,67,45,46,39,45,69,72,68
[ 23.341890] wil6210-aoa$0,1606461623.061253,04:d6:aa:c1:38:97,2,1,1,0,128,290,929,191,609,995,22,411,375,174,366,57,189,829,57,184,540,897,940,349,891,738,27,768,6,210,361,538,3,439,103,677,383,50,95,85,90,66,74,50,52,75,69,66,40,49,47,84,51,73,59,53,54,32,45,37,45,65,40,40,35,39,63,60,57
[ 23.369445] wil6210-aoa$0,1606461623.088811,04:d6:aa:c1:38:97,2,1,1,0,128,759,748,785,736,383,847,891,195,186,373,557,9,352,925,152,556,365,825,341,856,228,868,727,13,717,188,573,46,845,869,213,57,46,90,82,89,63,73,49,50,73,68,62,39,47,44,79,51,72,59,50,51,32,44,34,42,63,39,38,33,38,60,59,53
[ 23.391311] wil6210-aoa$0,1606461623.110679,04:d6:aa:c1:38:97,2,1,1,0,128,262,918,820,812,934,12,436,401,106,322,82,229,912,101,182,567,983,995,807,703,177,849,141,830,246,394,153,239,370,47,968,670,56,99,90,94,73,82,55,56,81,77,68,48,53,52,95,58,82,67,58,61,38,54,43,51,75,51,49,41,51,75,76,73
[ 23.418825] wil6210-aoa$0,1606461623.138186,04:d6:aa:c1:38:97,2,1,1,0,128,738,714,231,598,385,785,456,396,609,150,102,211,733,1006,668,416,893,930,426,927,772,57,714,22,242,403,88,218,339,40,896,630,55,99,90,95,74,86,57,55,82,78,70,47,54,53,97,58,84,67,60,61,38,55,44,52,74,52,49,45,50,77,78,78
[ 23.449184] wil6210-aoa$0,1606461623.168546,04:d6:aa:c1:38:97,2,1,1,0,128,760,722,224,568,447,853,458,428,171,367,73,213,810,11,193,581,922,990,364,862,781,22,737,37,188,353,131,218,409,34,813,472,55,97,90,93,72,84,59,57,82,80,69,47,55,52,96,58,86,69,60,62,39,56,45,54,77,52,50,45,54,78,80,78
[ 23.471377] wil6210-aoa$0,1606461623.190745,04:d6:aa:c1:38:97,2,1,1,0,128,747,709,232,526,422,830,909,234,682,174,495,1019,193,846,661,403,341,737,792,695,209,887,158,822,772,222,165,248,841,849,986,801,52,98,92,96,72,81,54,56,79,74,68,44,53,51,91,57,82,67,58,59,35,51,41,49,72,47,46,39,46,72,72,69
[ 23.510948] wil6210-aoa$0,1606461623.230318,04:d6:aa:c1:38:97,2,1,1,0,128,248,904,757,746,859,943,413,389,167,383,14,184,808,87,107,507,354,759,903,737,777,65,762,37,242,384,128,226,365,61,999,718,55,103,89,98,71,82,54,55,83,76,69,45,54,52,92,57,83,66,60,60,35,53,40,50,72,48,48,40,47,72,76,72
[ 23.537882] wil6210-aoa$0,1606461623.257246,04:d6:aa:c1:38:97,2,1,1,0,128,268,922,767,813,890,992,901,194,632,135,95,211,843,48,192,581,953,989,404,927,722,38,685,29,190,335,76,203,396,26,504,304,54,101,91,97,70,80,55,55,82,77,70,44,55,52,90,57,83,66,58,61,35,52,40,50,71,47,46,39,46,72,72,68
[ 23.564386] wil6210-aoa$0,1606461623.283756,04:d6:aa:c1:38:97,2,1,1,0,128,291,943,220,555,384,819,445,430,118,351,19,146,817,21,219,575,280,731,879,731,116,825,683,987,652,112,119,265,344,1011,278,35,57,99,92,96,74,87,57,56,82,80,70,47,57,53,97,59,84,69,59,62,38,51,43,51,76,51,49,43,47,75,75,73
[ 23.586433] wil6210-aoa$0,1606461623.305802,04:d6:aa:c1:38:97,2,1,1,0,128,719,720,757,741,929,997,391,369,163,333,31,216,847,42,187,558,951,947,414,975,736,45,728,19,209,394,80,204,326,5,132,946,53,101,91,96,74,81,55,57,82,79,70,45,55,52,94,59,86,69,59,61,36,53,41,51,74,49,46,42,50,74,73,70
[ 23.615409] wil6210-aoa$0,1606461623.334773,04:d6:aa:c1:38:97,2,1,1,0,128,260,871,751,760,983,19,438,368,176,347,1015,150,862,50,230,605,937,994,368,900,700,26,719,1009,625,129,602,59,381,80,24,853,55,100,92,97,73,85,54,56,82,77,72,45,54,51,95,58,85,69,59,61,39,55,43,54,76,49,50,42,48,74,76,74
[ 23.644865] wil6210-aoa$0,1606461623.364231,04:d6:aa:c1:38:97,2,1,1,0,128,283,905,741,732,376,808,365,359,662,181,144,238,852,55,145,554,897,950,365,894,674,8,202,868,219,385,118,253,402,85,187,979,54,97,91,96,72,85,57,57,82,78,70,48,58,50,92,58,83,67,60,61,39,56,45,54,76,51,49,46,50,75,80,77
[ 23.667113] wil6210-aoa$0,1606461623.386482,04:d6:aa:c1:38:97,2,1,1,0,128,278,898,836,794,913,984,820,178,637,166,41,191,825,45,201,616,902,975,360,936,650,1021,698,34,198,375,584,42,385,31,533,365,54,102,92,97,75,85,56,55,82,80,70,48,55,52,94,60,84,67,60,61,38,54,45,53,76,51,49,44,49,75,79,74
[ 23.695077] wil6210-aoa$0,1606461623.414440,04:d6:aa:c1:38:97,2,1,1,0,128,318,940,767,772,962,34,433,426,152,360,39,172,814,49,670,361,348,789,856,736,633,1014,697,25,207,335,135,213,840,871,720,541,55,104,95,98,73,84,55,58,83,77,72,46,53,52,92,57,80,66,58,59,35,49,40,49,72,45,42,38,46,69,68,64
[ 23.725293] wil6210-aoa$0,1606461623.444659,04:d6:aa:c1:38:97,2,1,1,0,128,283,964,803,827,955,14,373,378,128,331,58,214,830,34,142,574,974,960,358,908,732,40,781,88,117,308,87,235,398,22,859,599,55,103,93,100,73,85,57,56,82,78,70,45,55,52,94,58,85,70,59,60,37,53,44,52,74,51,48,43,49,74,79,73
[ 23.761577] wil6210-aoa$0,1606461623.480947,04:d6:aa:c1:38:97,2,1,1,0,128,329,939,792,763,934,979,461,436,183,392,31,206,824,17,143,509,953,984,368,898,787,81,696,1018,695,197,70,257,393,44,89,826,56,100,92,98,73,83,56,57,82,75,71,45,54,51,90,57,82,67,59,57,35,49,41,50,73,47,46,41,44,70,73,68
[ 23.783954] wil6210-aoa$0,1606461623.503324,04:d6:aa:c1:38:97,2,1,1,0,128,304,968,727,744,936,1018,428,380,204,371,10,144,813,74,161,551,902,933,364,908,712,1016,746,45,223,350,134,230,414,5,134,851,52,100,91,95,71,81,52,53,80,74,69,44,54,53,91,57,81,64,57,60,36,51,40,50,72,46,46,40,47,72,71,69
[ 23.814701] wil6210-aoa$0,1606461623.534071,04:d6:aa:c1:38:97,2,1,1,0,128,321,964,786,774,389,804,874,196,625,145,580,28,266,831,162,551,362,779,805,712,213,897,760,56,193,367,110,228,336,1010,465,267,53,101,94,98,73,82,56,56,84,76,69,46,54,49,89,58,82,67,59,61,35,53,39,51,71,47,45,40,47,74,69,67
[ 23.839466] wil6210-aoa$0,1606461623.558830,04:d6:aa:c1:38:97,2,1,1,0,128,294,914,799,783,916,975,874,175,192,367,1010,130,840,72,200,572,939,947,399,922,696,998,131,815,746,174,111,194,334,16,692,514,49,95,86,87,67,75,51,53,76,72,64,41,49,46,84,52,76,62,55,55,34,47,38,46,69,43,42,37,41,66,68,63
[ 23.869876] wil6210-aoa$0,1606461623.589241,04:d6:aa:c1:38:97,2,1,1,0,128,323,908,770,748,926,977,352,322,657,174,528,1014,270,878,636,344,378,789,320,838,170,850,711,1021,177,344,571,10,850,869,41,875,55,101,92,97,72,82,56,58,81,76,70,44,52,52,89,57,82,67,58,60,35,51,40,49,73,47,45,38,45,68,68,65
[ 23.893145] wil6210-aoa$0,1606461623.612512,04:d6:aa:c1:38:97,2,1,1,0,128,282,914,743,751,832,943,915,235,165,334,478,992,305,875,662,366,939,1008,368,905,736,87,664,12,190,365,115,224,762,814,700,535,52,103,89,93,72,83,55,56,82,76,67,44,53,50,87,57,80,66,57,60,36,53,42,50,73,47,47,41,47,72,75,71
[ 23.924928] wil6210-aoa$0,1606461623.644290,04:d6:aa:c1:38:97,2,1,1,0,128,745,728,784,739,340,794,877,171,598,165,76,242,843,113,176,574,823,907,382,888,235,889,217,852,679,180,516,991,372,59,1010,781,56,100,91,97,74,84,58,55,82,78,71,46,56,53,92,55,84,68,59,59,35,52,42,52,74,48,46,42,47,74,74,70
[ 23.954033] wil6210-aoa$0,1606461623.673399,04:d6:aa:c1:38:97,2,1,1,0,128,799,738,255,609,881,997,883,213,143,357,1004,181,275,850,678,400,380,749,880,719,697,12,769,55,193,302,520,1021,343,16,966,844,49,93,85,89,65,76,52,53,75,70,65,41,49,47,83,52,74,61,54,56,33,48,36,46,64,42,42,36,42,65,65,62
[ 23.978560] wil6210-aoa$0,1606461623.697923,04:d6:aa:c1:38:97,2,1,1,0,128,746,743,197,539,399,806,443,471,190,389,52,231,880,104,224,589,909,943,421,952,635,0,753,4,686,211,86,227,409,74,944,749,53,99,89,93,73,80,54,54,78,73,70,42,51,50,89,57,82,63,59,59,35,50,41,49,69,46,45,39,46,69,71,67
[ 24.006755] wil6210-aoa$0,1606461623.726125,04:d6:aa:c1:38:97,2,1,1,0,128,843,778,795,766,986,2,418,395,201,379,60,204,250,846,227,608,905,942,313,867,116,826,249,868,698,177,585,50,355,25,197,954,54,101,92,98,75,84,56,57,81,78,70,45,53,51,92,56,82,68,57,60,37,53,41,52,75,47,47,41,49,74,73,67
[ 24.031878] wil6210-aoa$0,1606461623.751241,04:d6:aa:c1:38:97,2,1,1,0,128,299,920,817,808,957,29,409,443,219,379,32,186,817,5,227,600,909,983,384,901,686,1018,734,30,162,370,182,282,349,37,757,498,54,98,91,96,72,83,55,56,80,75,71,45,54,51,92,56,84,68,59,60,37,53,41,51,75,49,48,40,48,74,75,71
[ 24.061302] wil6210-aoa$0,1606461623.780666,04:d6:aa:c1:38:97,2,1,1,0,128,266,909,763,783,931,1018,405,444,142,326,85,228,849,70,191,579,903,937,358,863,149,807,191,807,704,157,88,229,334,6,441,90,55,100,91,96,72,84,56,55,82,77,71,45,54,51,92,57,84,67,58,61,38,52,41,52,73,48,44,39,46,70,73,68
[ 24.089278] wil6210-aoa$0,1606461623.808645,04:d6:aa:c1:38:97,2,1,1,0,128,308,964,781,780,908,1001,376,371,185,349,57,194,819,20,181,557,866,916,482,973,757,65,639,998,288,399,562,17,363,39,871,635,59,106,97,102,78,90,61,61,86,86,75,52,61,55,102,63,91,75,64,66,42,57,47,55,80,54,53,47,53,79,84,80
[ 24.113778] wil6210-aoa$0,1606461623.833141,04:d6:aa:c1:38:97,2,1,1,0,128,304,966,788,794,932,995,434,424,193,404,125,272,853,92,196,595,388,777,875,722,156,834,737,15,704,167,122,233,393,47,926,555,53,102,90,96,70,82,53,54,80,75,67,43,50,52,86,53,79,65,56,58,34,50,40,49,69,44,43,38,42,64,69,63
[ 24.144204] wil6210-aoa$0,1606461623.863567,04:d6:aa:c1:38:97,2,1,1,0,128,277,904,819,800,937,978,909,248,118,376,79,206,786,44,162,568,872,935,373,923,712,41,757,35,244,402,95,214,410,68,782,509,52,99,91,95,74,83,54,56,81,77,70,46,53,51,90,58,83,67,60,60,37,53,42,51,73,49,45,42,49,74,74,69
[ 24.173286] wil6210-aoa$0,1606461623.892648,04:d6:aa:c1:38:97,2,1,1,0,128,706,708,237,595,884,998,392,382,182,384,18,192,855,40,183,579,849,909,775,680,747,1,151,804,666,134,624,67,823,820,240,997,53,99,91,95,72,83,57,56,82,77,70,46,53,52,92,57,84,68,59,60,37,54,41,51,72,47,47,42,48,73,75,73
[ 24.202061] wil6210-aoa$0,1606461623.921425,04:d6:aa:c1:38:97,2,1,1,0,128,302,908,777,777,893,1012,424,399,614,146,541,15,259,877,635,351,843,907,395,922,695,990,685,986,655,165,77,194,390,24,838,677,54,99,91,97,73,82,53,56,80,74,69,43,53,50,88,58,82,65,57,59,36,49,40,47,69,45,43,38,42,67,70,65
[ 24.231430] wil6210-aoa$0,1606461623.950793,04:d6:aa:c1:38:97,2,1,1,0,128,771,738,266,603,931,1013,405,362,119,294,502,15,208,832,719,392,395,785,814,668,205,904,174,841,225,345,81,201,769,854,811,680,53,100,92,97,72,81,53,55,80,73,67,42,51,50,91,56,81,65,58,58,35,50,39,48,70,44,44,38,44,69,68,62
[ 24.260655] wil6210-aoa$0,1606461623.980017,04:d6:aa:c1:38:97,2,1,1,0,128,302,942,798,815,962,6,394,411,554,115,541,20,859,18,243,598,943,965,385,921,693,1004,742,13,642,158,545,1015,965,915,448,199,50,97,85,87,66,77,50,51,77,70,65,42,50,48,86,51,77,62,54,56,34,47,37,46,67,44,42,36,45,63,66,63
[ 24.289630] wil6210-aoa$0,1606461624.008993,04:d6:aa:c1:38:97,2,1,1,0,128,680,667,235,579,411,806,888,162,619,151,113,233,874,108,141,553,888,941,389,882,736,14,752,1012,184,349,132,249,370,54,920,628,53,100,90,98,71,81,54,57,79,75,68,43,50,48,89,57,80,66,57,57,34,49,39,47,71,45,43,36,43,66,66,61
[ 24.312887] wil6210-aoa$0,1606461624.032253,04:d6:aa:c1:38:97,2,1,1,0,128,279,957,769,761,937,6,393,406,612,160,39,207,274,849,646,400,864,954,290,849,806,62,765,48,211,341,81,204,385,51,837,694,55,100,92,94,72,84,56,55,82,76,72,48,55,52,93,58,82,65,60,62,37,54,43,52,76,52,50,43,50,75,79,76
[ 24.351690] wil6210-aoa$0,1606461624.071057,04:d6:aa:c1:38:97,2,1,1,0,128,256,899,737,716,974,994,861,208,621,139,37,187,795,3,224,621,873,931,335,896,676,12,212,880,672,161,590,38,413,56,695,472,54,101,91,95,71,82,56,55,80,74,70,44,52,50,89,54,79,65,58,58,35,48,37,48,68,45,43,38,44,68,72,66
[ 24.374600] wil6210-aoa$0,1606461624.093968,04:d6:aa:c1:38:97,2,1,1,0,128,336,941,731,736,879,982,831,187,196,365,23,190,821,37,635,333,901,943,809,669,790,53,775,84,164,331,114,219,377,10,952,772,52,93,85,91,68,77,51,51,76,72,65,44,51,48,89,54,78,60,56,55,36,51,41,48,69,47,44,40,46,71,73,67
[ 24.405871] wil6210-aoa$0,1606461624.125243,04:d6:aa:c1:38:97,2,1,1,0,128,270,893,850,806,940,1018,388,389,86,310,521,40,808,26,678,410,331,744,850,712,166,849,684,1011,691,190,570,36,895,896,363,164,53,94,86,89,67,79,52,52,78,72,66,44,51,50,88,55,77,63,54,56,35,51,40,50,70,48,44,40,48,71,73,70
[ 24.428686] wil6210-aoa$0,1606461624.148053,04:d6:aa:c1:38:97,2,1,1,0,128,333,924,698,754,936,1003,400,393,122,335,37,175,880,104,249,658,862,967,379,929,781,92,719,32,198,392,105,262,382,45,318,4,50,93,84,88,67,76,52,52,76,70,65,42,50,48,86,54,77,63,55,56,35,50,38,47,68,45,44,38,45,67,70,64
[ 24.458318] wil6210-aoa$0,1606461624.177681,04:d6:aa:c1:38:97,2,1,1,0,128,722,726,218,529,370,788,855,152,179,366,71,211,834,26,196,581,913,988,331,871,699,36,719,17,211,364,101,213,393,77,970,682,54,101,92,96,73,85,57,58,82,79,70,45,55,53,92,58,83,67,61,62,36,54,42,52,73,48,45,43,48,73,74,69
[ 24.486618] wil6210-aoa$0,1606461624.205987,04:d6:aa:c1:38:97,2,1,1,0,128,268,910,728,745,961,1010,384,425,157,385,75,223,845,91,210,605,844,909,853,711,765,68,685,19,205,389,143,311,404,85,192,816,54,99,89,93,72,83,57,56,82,77,71,47,54,50,93,58,85,66,58,60,36,52,41,50,73,47,47,42,47,73,74,68
[ 24.511270] wil6210-aoa$0,1606461624.230634,04:d6:aa:c1:38:97,2,1,1,0,128,329,946,795,770,959,1012,382,394,101,326,52,195,802,18,231,587,899,927,385,927,719,37,685,1012,209,370,161,257,356,1014,529,249,53,101,91,95,70,80,51,55,79,73,67,41,50,49,87,54,75,63,54,55,32,46,35,44,66,42,40,34,42,63,64,59
[ 24.542033] wil6210-aoa$0,1606461624.261396,04:d6:aa:c1:38:97,2,1,1,0,128,371,970,847,771,932,1007,424,377,185,355,25,151,869,72,261,592,956,959,422,895,695,14,711,2,219,380,121,243,394,26,848,621,53,102,92,96,71,80,54,58,82,75,70,43,51,50,90,57,80,65,57,58,34,49,40,48,72,44,44,38,44,70,72,65
[ 24.565122] wil6210-aoa$0,1606461624.284492,04:d6:aa:c1:38:97,2,1,1,0,128,274,933,799,814,915,1013,880,193,617,168,98,229,299,871,662,405,267,736,885,739,769,27,735,12,143,336,73,193,383,63,887,684,55,100,88,95,73,81,53,56,79,77,69,45,53,51,92,59,83,65,57,61,36,53,42,51,74,48,48,43,48,74,76,72
[ 24.595641] wil6210-aoa$0,1606461624.315012,04:d6:aa:c1:38:97,2,1,1,0,128,298,947,854,797,904,984,921,239,225,395,30,231,883,90,201,638,890,955,356,881,723,11,153,832,699,201,578,34,887,883,817,557,55,100,91,98,73,82,55,57,83,76,71,45,54,52,93,59,83,66,58,61,37,52,42,51,75,50,47,40,47,72,74,70
[ 24.621931] wil6210-aoa$0,1606461624.341294,04:d6:aa:c1:38:97,2,1,1,0,128,277,910,734,717,411,829,469,421,153,378,16,198,835,71,154,512,909,940,385,945,751,52,707,26,263,401,109,273,355,15,149,791,47,85,77,80,61,71,48,48,69,62,59,38,46,44,79,49,71,57,50,52,31,46,36,43,63,41,40,34,37,61,63,56
[ 24.651429] wil6210-aoa$0,1606461624.370792,04:d6:aa:c1:38:97,2,1,1,0,128,334,961,753,753,900,998,443,452,185,395,79,222,823,61,185,589,933,966,399,980,709,25,702,38,280,428,155,280,384,53,58,810,55,100,92,95,72,82,55,55,81,76,72,46,52,51,93,57,82,67,59,59,35,51,42,50,71,47,46,40,44,69,71,65
[ 24.679366] wil6210-aoa$0,1606461624.398737,04:d6:aa:c1:38:97,2,1,1,0,128,218,913,831,802,1013,1023,447,429,216,409,63,229,793,27,165,535,916,920,456,935,757,77,746,30,202,357,108,244,446,65,580,258,49,92,82,89,66,75,51,50,73,71,64,40,47,46,83,50,74,62,53,54,32,46,36,43,64,42,40,33,39,63,58,56
[ 24.705132] wil6210-aoa$0,1606461624.424495,04:d6:aa:c1:38:97,2,1,1,0,128,258,921,777,768,879,980,883,229,580,141,555,24,206,811,227,613,891,945,358,882,730,1002,211,900,192,305,147,251,358,30,954,708,48,88,81,86,63,74,49,50,73,69,63,41,49,47,82,52,75,59,53,53,33,47,37,46,66,40,39,34,41,62,62,59
[ 24.730172] wil6210-aoa$0,1606461624.449542,04:d6:aa:c1:38:97,2,1,1,0,128,243,912,731,755,973,1021,500,466,217,401,14,144,802,18,230,565,901,961,312,863,726,22,786,18,247,378,135,234,335,30,603,308,49,91,84,89,66,73,50,52,74,69,65,42,48,46,86,53,76,60,54,55,34,48,38,46,66,45,42,39,43,66,67,66
[ 24.754374] wil6210-aoa$0,1606461624.473741,04:d6:aa:c1:38:97,2,1,1,0,128,260,917,820,829,855,962,433,415,184,368,101,229,836,40,237,622,963,946,434,953,624,999,773,23,212,398,122,291,418,118,459,67,50,98,88,93,66,79,52,53,78,72,66,38,49,47,81,52,76,62,53,54,32,46,37,45,67,41,40,35,41,60,64,59
[ 24.781325] wil6210-aoa$0,1606461624.500687,04:d6:aa:c1:38:97,2,1,1,0,128,293,927,814,752,349,798,949,227,631,175,523,4,294,889,220,582,862,881,430,912,160,832,177,818,215,353,514,987,855,841,397,160,55,107,94,101,74,86,55,58,84,76,75,46,55,53,93,60,87,69,61,60,37,53,41,50,73,46,46,42,45,70,75,68
[ 24.813467] wil6210-aoa$0,1606461624.532829,04:d6:aa:c1:38:97,2,1,1,0,128,777,775,734,801,909,986,868,190,594,166,499,11,280,855,673,410,340,757,848,689,163,852,124,777,655,115,551,3,836,820,336,212,49,97,87,93,68,78,49,52,77,71,67,40,49,49,82,52,78,63,55,55,34,47,39,44,67,42,43,34,41,66,68,62
[ 24.842525] wil6210-aoa$0,1606461624.561892,04:d6:aa:c1:38:97,2,1,1,0,128,259,940,820,817,917,977,927,248,227,462,65,244,873,90,225,632,906,950,349,861,749,1,206,842,706,151,108,256,315,1,533,329,56,106,95,102,77,89,58,59,87,81,74,48,57,54,98,60,86,69,62,61,38,55,44,55,78,49,49,42,49,76,77,72
[ 24.865971] wil6210-aoa$0,1606461624.585340,04:d6:aa:c1:38:97,2,1,1,0,128,763,739,790,805,419,820,884,169,630,168,545,36,318,891,129,505,384,763,407,899,781,50,701,998,710,186,583,56,374,44,578,459,58,104,97,102,78,90,58,59,85,82,73,47,59,56,98,60,85,70,62,63,38,54,45,53,78,52,49,43,49,75,78,77
[ 24.895098] wil6210-aoa$0,1606461624.614462,04:d6:aa:c1:38:97,2,1,1,0,128,303,922,756,721,358,768,903,206,187,363,1022,168,838,83,192,572,883,904,326,870,195,847,704,29,631,154,162,266,369,59,355,184,52,105,92,100,73,81,54,56,84,77,68,43,55,53,90,58,82,69,59,61,35,52,41,50,74,47,44,39,44,70,72,63
[ 24.924732] wil6210-aoa$0,1606461624.644101,04:d6:aa:c1:38:97,2,1,1,0,128,276,926,797,797,867,951,860,204,638,194,61,192,838,70,252,641,897,955,364,917,745,60,736,6,217,378,132,253,339,53,132,1018,50,95,88,91,68,80,52,52,79,75,68,43,51,50,91,55,79,64,57,58,36,52,41,51,72,48,46,40,48,72,74,70
[ 24.949796] wil6210-aoa$0,1606461624.669160,04:d6:aa:c1:38:97,2,1,1,0,128,721,701,774,742,383,830,462,401,162,380,40,191,765,49,666,356,340,740,443,925,751,13,199,873,191,393,133,274,408,97,809,567,56,106,96,101,75,88,58,58,84,81,72,44,54,54,95,59,85,69,60,63,37,54,43,52,77,48,48,43,49,75,78,69
[ 24.981242] wil6210-aoa$0,1606461624.700605,04:d6:aa:c1:38:97,2,1,1,0,128,317,947,871,868,907,1021,427,422,217,398,58,190,826,60,226,595,860,892,864,699,775,68,705,1013,238,375,161,227,361,43,872,581,55,106,93,101,73,83,56,57,83,78,69,43,54,51,91,55,85,66,58,60,35,49,40,48,68,43,45,36,43,65,67,61
[ 25.006211] wil6210-aoa$0,1606461624.725579,04:d6:aa:c1:38:97,2,1,1,0,128,339,920,788,778,904,948,913,202,145,381,1013,176,212,845,174,549,891,959,356,901,732,44,781,65,208,405,73,222,393,41,265,68,58,103,94,101,74,85,57,58,83,80,75,49,58,53,98,62,88,69,63,63,37,54,45,55,77,52,50,43,52,79,79,75
[ 25.032514] wil6210-aoa$0,1606461624.751876,04:d6:aa:c1:38:97,2,1,1,0,128,251,927,824,843,872,999,416,374,160,345,72,189,835,48,198,576,976,1012,370,931,773,50,699,1023,253,398,105,209,425,82,224,947,49,90,82,86,65,73,51,52,74,69,64,41,50,46,85,52,74,61,52,55,33,47,37,47,69,45,43,37,43,67,69,66
[ 25.063346] wil6210-aoa$0,1606461624.782710,04:d6:aa:c1:38:97,2,1,1,0,128,297,943,173,558,390,811,481,411,637,170,22,187,813,17,214,565,927,923,403,938,714,56,694,1014,159,281,618,43,424,93,1003,713,57,110,98,104,77,90,59,59,87,84,77,49,58,55,99,61,87,69,63,66,39,55,44,54,77,50,49,43,52,77,79,74
[ 25.093740] wil6210-aoa$0,1606461624.813104,04:d6:aa:c1:38:97,2,1,1,0,128,236,917,822,829,916,1004,448,417,163,378,108,266,813,40,188,563,904,983,435,992,716,24,774,56,287,427,192,314,298,37,911,616,52,97,89,95,70,80,53,55,80,77,68,46,54,51,91,57,80,66,57,60,36,53,41,51,74,48,47,40,49,73,75,71
[ 25.134569] wil6210-aoa$0,1606461624.853937,04:d6:aa:c1:38:97,2,1,1,0,128,313,931,776,749,395,841,876,181,167,395,79,213,851,79,260,641,893,949,399,892,692,1022,749,38,181,334,149,219,362,50,872,565,48,91,81,86,65,75,49,49,72,67,61,36,46,47,77,51,71,57,51,51,32,43,34,42,62,39,38,33,38,58,63,57
[ 25.160941] wil6210-aoa$0,1606461624.880304,04:d6:aa:c1:38:97,2,1,1,0,128,292,919,770,780,356,815,389,384,630,165,115,261,798,38,259,627,347,767,423,903,215,894,732,34,714,222,174,287,365,56,126,905,49,92,85,89,64,75,50,49,73,68,62,40,49,46,85,53,74,62,53,53,34,49,39,48,67,45,42,36,43,68,70,65
[ 25.191272] wil6210-aoa$0,1606461624.910640,04:d6:aa:c1:38:97,2,1,1,0,128,281,945,795,796,894,1019,315,346,628,159,95,224,869,88,159,541,905,957,398,909,708,1022,751,24,172,344,137,208,358,45,531,263,49,92,82,88,65,73,50,52,72,70,62,39,46,46,81,50,73,58,51,55,32,46,38,43,65,42,38,35,40,61,63,58
[ 25.214752] wil6210-aoa$0,1606461624.934119,04:d6:aa:c1:38:97,2,1,1,0,128,268,884,773,794,943,1012,380,368,175,385,528,998,295,887,690,382,361,790,780,696,126,855,72,794,717,192,544,1003,830,816,208,89,61,111,96,103,79,90,59,59,87,81,75,50,58,55,98,61,88,71,62,64,40,57,46,55,77,52,49,44,50,77,84,76
[ 25.244206] wil6210-aoa$0,1606461624.963567,04:d6:aa:c1:38:97,2,1,1,0,128,270,891,757,796,989,28,446,424,107,341,469,998,327,905,677,401,861,987,395,932,748,14,690,1015,163,328,604,46,786,832,803,572,55,99,92,96,73,82,55,55,80,77,69,45,55,52,93,57,83,66,59,59,36,53,42,52,71,48,47,41,46,72,75,71
[ 25.274293] wil6210-aoa$0,1606461624.993662,04:d6:aa:c1:38:97,2,1,1,0,128,229,867,238,604,337,759,919,194,251,423,38,230,776,20,199,544,310,693,854,697,661,1004,180,845,266,402,63,210,359,19,413,149,53,98,88,96,68,82,55,54,82,76,68,45,54,50,90,56,83,67,58,59,35,53,40,50,72,49,47,40,48,71,75,71
[ 25.299193] wil6210-aoa$0,1606461625.018556,04:d6:aa:c1:38:97,2,1,1,0,128,330,951,835,810,896,966,424,398,105,283,84,196,824,49,150,552,860,947,372,924,753,57,748,69,210,406,141,255,373,28,1013,669,52,97,90,93,72,81,54,54,79,73,68,40,51,49,86,54,80,65,54,56,32,49,37,45,68,42,41,36,41,66,66,61
[ 25.330359] wil6210-aoa$0,1606461625.049722,04:d6:aa:c1:38:97,2,1,1,0,128,266,935,755,744,981,1021,387,356,95,337,12,130,367,924,192,557,909,952,341,895,757,21,697,8,242,398,78,242,388,30,816,657,53,98,90,97,72,80,57,57,80,76,70,46,55,51,94,58,83,67,60,60,36,53,43,51,73,51,47,43,49,76,78,74
[ 25.353967] wil6210-aoa$0,1606461625.073335,04:d6:aa:c1:38:97,2,1,1,0,128,291,932,803,806,388,848,385,354,229,415,49,175,271,908,210,549,898,919,373,881,232,875,143,831,673,140,62,219,848,871,333,142,51,91,83,88,67,76,53,52,75,70,63,42,51,48,87,54,77,61,56,54,34,49,40,48,68,46,44,40,46,68,69,66
[ 25.381406] wil6210-aoa$0,1606461625.100769,04:d6:aa:c1:38:97,2,1,1,0,128,248,947,739,753,961,1007,437,427,184,418,65,223,904,99,187,601,852,900,807,671,246,892,723,11,693,183,111,240,809,829,144,994,52,99,88,95,69,81,51,53,79,75,64,40,49,50,86,53,77,64,53,57,34,47,37,46,68,42,41,36,43,65,64,61
[ 25.412693] wil6210-aoa$0,1606461625.132056,04:d6:aa:c1:38:97,2,1,1,0,128,252,907,796,756,994,1017,397,386,209,370,523,23,836,27,689,403,910,935,388,907,652,979,739,17,226,370,92,200,364,28,995,698,50,91,84,86,66,75,50,50,73,69,62,39,48,46,82,51,74,62,53,54,33,46,36,44,65,43,42,36,41,64,64,61
[ 25.437220] wil6210-aoa$0,1606461625.156588,04:d6:aa:c1:38:97,2,1,1,0,128,761,714,310,642,327,783,475,477,145,362,66,242,790,68,148,533,872,976,339,854,743,19,672,989,215,305,147,219,344,4,566,461,48,90,82,87,64,74,50,50,71,67,61,36,46,43,74,49,69,57,50,51,30,40,33,41,58,37,36,32,36,57,59,52
[ 25.464448] wil6210-aoa$0,1606461625.183811,04:d6:aa:c1:38:97,2,1,1,0,128,318,936,793,773,872,953,891,195,146,354,1023,191,799,42,185,559,350,764,424,928,705,21,694,49,168,324,120,257,377,61,331,93,49,93,84,87,67,76,51,50,74,72,66,43,50,48,87,53,79,63,54,56,34,49,38,48,68,46,44,39,46,70,71,69
[ 25.490685] wil6210-aoa$0,1606461625.210052,04:d6:aa:c1:38:97,2,1,1,0,128,258,914,750,761,899,997,429,436,163,377,50,211,787,1016,688,388,310,752,860,725,752,32,731,40,175,347,596,42,820,877,877,649,53,97,90,97,70,81,56,56,78,74,68,43,52,49,89,55,79,64,58,59,35,52,41,49,70,47,45,40,47,71,71,68
[ 25.519682] wil6210-aoa$0,1606461625.239049,04:d6:aa:c1:38:97,2,1,1,0,128,267,850,749,740,941,995,918,223,85,308,528,29,824,15,653,397,908,971,347,893,703,5,713,1,683,183,565,53,855,866,2,774,52,99,84,93,69,80,54,54,78,73,66,41,52,51,85,54,79,64,56,57,34,52,40,49,70,45,45,39,46,69,71,67
[ 25.543900] wil6210-aoa$0,1606461625.263263,04:d6:aa:c1:38:97,2,1,1,0,128,785,718,236,565,334,821,783,128,208,395,0,176,810,51,174,593,885,961,812,715,200,877,155,834,720,194,155,265,381,43,409,186,53,99,88,95,71,80,55,54,79,77,68,43,52,52,89,56,82,65,56,59,36,52,41,50,71,48,47,40,46,72,72,69
[ 25.575610] wil6210-aoa$0,1606461625.294971,04:d6:aa:c1:38:97,2,1,1,0,128,722,722,297,627,991,44,402,414,165,394,65,209,921,98,227,579,368,775,841,692,158,836,166,856,731,180,75,171,389,47,105,907,50,91,84,88,70,78,51,51,75,72,63,42,51,48,90,53,79,62,54,56,35,50,39,49,70,48,45,39,47,70,73,71
[ 25.604853] wil6210-aoa$0,1606461625.324222,04:d6:aa:c1:38:97,2,1,1,0,128,220,912,733,743,895,965,867,205,612,183,527,1005,343,929,227,626,943,973,381,913,740,46,722,7,677,208,621,49,373,55,117,913,50,91,84,87,67,78,53,52,76,72,65,43,52,50,88,52,78,62,55,56,34,51,42,49,70,49,44,41,47,71,75,71
[ 25.631872] wil6210-aoa$0,1606461625.351236,04:d6:aa:c1:38:97,2,1,1,0,128,255,891,787,785,459,854,854,214,609,159,513,6,281,883,641,382,367,783,414,937,712,34,739,1007,267,407,531,1015,331,0,247,64,59,110,100,106,78,91,60,60,89,85,76,51,59,58,98,62,88,72,64,65,41,58,48,57,80,53,51,46,53,81,84,78
[ 25.662434] wil6210-aoa$0,1606461625.381803,04:d6:aa:c1:38:97,2,1,1,0,128,256,945,821,850,937,1007,409,415,177,387,11,195,795,17,245,603,963,1000,367,919,713,27,681,1,201,368,173,340,409,43,629,219,53,101,89,94,70,80,53,53,81,74,68,41,52,50,85,53,79,63,55,58,34,49,40,48,68,45,45,39,43,66,71,68
[ 25.686470] wil6210-aoa$0,1606461625.405839,04:d6:aa:c1:38:97,2,1,1,0,128,311,985,805,813,943,1003,466,426,136,366,110,237,840,76,214,603,878,953,352,924,645,1006,729,6,196,312,168,245,431,38,470,147,54,98,92,95,72,83,55,55,82,78,71,45,55,52,92,57,82,66,59,58,37,51,42,51,75,50,46,41,49,71,76,68
[ 25.715668] wil6210-aoa$0,1606461625.435032,04:d6:aa:c1:38:97,2,1,1,0,128,238,889,796,783,940,1008,481,421,169,395,44,179,847,42,139,546,387,788,351,906,763,34,770,42,219,345,580,16,339,14,595,344,49,91,83,89,64,73,52,52,75,71,65,41,51,47,83,53,74,62,54,54,33,47,39,46,68,46,44,37,43,67,68,65
[ 25.745837] wil6210-aoa$0,1606461625.465207,04:d6:aa:c1:38:97,2,1,1,0,128,377,1010,750,768,370,802,914,208,598,116,57,239,819,22,218,561,879,982,821,670,726,22,734,40,257,429,41,223,375,70,225,16,52,92,84,91,69,76,52,53,74,70,66,42,49,48,87,54,75,61,53,55,33,49,40,47,67,46,44,38,44,69,72,66
[ 25.771192] wil6210-aoa$0,1606461625.490554,04:d6:aa:c1:38:97,2,1,1,0,128,289,944,756,745,928,1015,418,369,240,389,107,220,895,78,172,583,906,930,384,916,717,34,660,967,235,369,79,210,381,9,659,429,49,91,84,89,66,74,50,51,73,68,63,40,49,47,85,53,72,61,53,54,33,45,37,45,64,41,39,36,41,62,64,59
[ 25.802640] wil6210-aoa$0,1606461625.522002,04:d6:aa:c1:38:97,2,1,1,0,128,341,980,710,743,915,1002,395,401,167,366,73,219,812,30,181,618,879,946,801,720,158,844,748,41,222,431,80,209,410,61,82,851,54,98,89,93,70,82,54,58,79,75,68,42,53,50,87,56,79,66,58,59,33,50,41,50,70,45,46,40,45,69,72,67
[ 25.832580] wil6210-aoa$0,1606461625.551948,04:d6:aa:c1:38:97,2,1,1,0,128,285,879,264,619,902,965,446,420,127,332,9,139,858,56,172,546,872,961,391,930,751,63,707,1011,711,241,160,227,380,41,989,874,51,92,83,89,67,77,51,51,74,72,62,40,50,46,85,53,75,61,55,56,33,49,39,47,66,44,41,37,44,66,68,63
[ 25.857149] wil6210-aoa$0,1606461625.576520,04:d6:aa:c1:38:97,2,1,1,0,128,304,908,836,797,931,1004,389,385,118,401,1023,200,244,830,199,586,876,919,433,969,665,9,749,10,201,367,128,249,372,58,554,298,52,89,83,88,67,77,52,50,76,68,64,43,51,47,85,54,78,61,53,57,35,51,42,50,70,48,46,42,47,71,73,70
[ 25.887069] wil6210-aoa$0,1606461625.606434,04:d6:aa:c1:38:97,2,1,1,0,128,355,963,723,754,863,965,454,397,169,366,101,196,867,62,189,551,978,1006,357,922,721,2,752,14,170,350,155,247,352,41,765,497,49,100,88,93,68,78,51,54,77,70,66,41,47,47,82,52,77,61,54,55,32,47,34,41,65,37,37,32,39,61,59,51
[ 25.912156] wil6210-aoa$0,1606461625.631519,04:d6:aa:c1:38:97,2,1,1,0,128,229,890,757,731,408,816,836,136,701,186,43,185,236,845,282,593,965,1019,338,859,724,31,739,58,269,400,103,204,415,48,902,618,57,107,97,106,77,87,58,60,87,81,72,47,56,54,97,60,86,70,62,62,36,52,43,49,76,48,48,41,45,72,74,67
[ 25.944513] wil6210-aoa$0,1606461625.663875,04:d6:aa:c1:38:97,2,1,1,0,128,733,718,801,759,898,972,418,384,586,125,45,191,790,13,164,543,889,930,794,675,171,891,134,826,196,384,68,187,342,1013,24,796,56,109,97,104,76,85,56,58,85,78,73,42,52,51,94,57,84,69,62,60,35,52,39,49,73,47,43,37,43,70,68,63
[ 25.974371] wil6210-aoa$0,1606461625.693741,04:d6:aa:c1:38:97,2,1,1,0,128,699,672,237,573,355,856,933,234,662,164,559,62,868,47,201,552,963,2,394,940,734,1022,833,83,157,328,119,214,332,1005,168,974,53,99,90,96,71,82,53,54,81,75,68,43,51,50,90,56,79,65,58,57,35,49,40,49,71,46,47,38,46,71,71,66
[ 25.998711] wil6210-aoa$0,1606461625.718079,04:d6:aa:c1:38:97,2,1,1,0,128,298,918,788,808,981,58,367,408,115,334,66,191,840,47,684,377,896,963,494,5,677,4,810,61,257,387,121,280,379,54,236,959,52,101,88,96,68,78,52,54,78,73,66,41,50,47,86,52,77,62,54,55,32,47,37,46,68,42,41,35,42,65,65,61
[ 26.029055] wil6210-aoa$0,1606461625.748421,04:d6:aa:c1:38:97,2,1,1,0,128,751,736,224,558,1003,38,362,339,215,393,7,162,295,847,698,386,357,751,876,735,175,853,192,851,742,193,617,49,854,881,699,430,51,90,83,90,67,76,52,50,76,72,66,42,52,49,86,55,76,62,56,56,34,48,39,49,68,44,43,39,46,69,70,65
[ 26.060273] wil6210-aoa$0,1606461625.779635,04:d6:aa:c1:38:97,2,1,1,0,128,837,807,732,792,940,1012,335,341,647,163,549,973,262,847,636,307,360,748,353,857,751,24,779,45,659,172,66,215,868,908,524,375,51,99,86,93,69,78,53,52,79,70,67,41,47,47,85,51,76,62,54,56,34,47,37,46,67,38,41,34,39,62,63,56
[ 26.091749] wil6210-aoa$0,1606461625.811112,04:d6:aa:c1:38:97,2,1,1,0,128,792,758,209,534,430,840,890,232,569,129,514,1000,243,835,667,338,405,760,848,726,716,30,779,45,206,374,44,170,782,820,72,1007,54,101,91,95,72,84,54,54,81,75,68,43,53,51,91,56,80,65,58,59,35,48,40,51,70,44,44,36,43,67,69,61
[ 26.116701] wil6210-aoa$0,1606461625.836069,04:d6:aa:c1:38:97,2,1,1,0,128,303,913,153,529,342,789,960,236,136,360,57,210,844,41,101,558,878,955,375,933,730,28,693,30,593,143,103,252,377,51,153,855,53,98,91,95,72,84,57,57,79,76,68,44,55,51,93,57,84,68,58,60,36,53,42,50,75,51,48,42,47,74,76,72
[ 26.144064] wil6210-aoa$0,1606461625.863426,04:d6:aa:c1:38:97,2,1,1,0,128,297,938,815,797,949,1009,398,421,146,346,58,178,855,45,225,606,933,957,443,970,786,35,749,45,211,333,164,241,377,37,388,166,58,105,96,102,75,87,59,59,87,83,75,48,57,56,99,60,88,69,63,66,34,55,43,54,76,48,50,42,50,74,77,71
[ 26.175788] wil6210-aoa$0,1606461625.895151,04:d6:aa:c1:38:97,2,1,1,0,128,282,947,791,726,960,1013,353,337,157,366,86,193,814,51,671,405,371,773,415,936,801,99,741,22,251,410,66,201,412,70,479,323,58,106,95,102,77,86,58,58,89,81,76,48,58,54,98,62,88,69,62,63,38,56,46,53,78,50,49,43,52,75,80,75
[ 26.205169] wil6210-aoa$0,1606461625.924539,04:d6:aa:c1:38:97,2,1,1,0,128,803,691,224,561,418,849,800,148,676,194,85,198,771,7,656,349,356,731,858,684,176,861,137,812,751,198,117,222,881,915,344,228,55,104,96,102,73,84,56,58,85,77,71,41,52,50,92,55,84,67,60,60,36,53,40,51,73,43,46,39,45,70,71,67
[ 26.233138] wil6210-aoa$0,1606461625.952500,04:d6:aa:c1:38:97,2,1,1,0,128,259,923,204,570,958,14,916,208,199,393,528,67,838,59,255,643,982,996,406,908,729,30,688,1019,711,194,117,247,441,98,224,946,53,106,97,99,75,85,57,58,85,78,72,45,56,52,95,58,86,67,60,60,36,53,41,49,74,47,47,39,46,71,74,67
[ 26.264381] wil6210-aoa$0,1606461625.983742,04:d6:aa:c1:38:97,2,1,1,0,128,328,917,812,797,867,971,419,415,145,390,494,1021,227,882,679,394,900,967,401,916,698,35,801,71,262,369,127,240,396,68,327,26,57,104,95,101,76,88,60,59,86,84,75,50,58,55,101,63,92,71,62,65,41,60,48,57,82,57,55,48,57,85,89,83
[ 26.296626] wil6210-aoa$0,1606461626.015989,04:d6:aa:c1:38:97,2,1,1,0,128,260,917,774,742,961,981,413,385,642,158,125,212,850,72,129,514,400,798,355,857,715,1020,757,11,234,375,121,222,357,31,817,530,54,105,92,98,73,83,54,55,80,77,68,42,52,50,88,56,79,65,57,56,32,46,39,46,69,42,41,35,41,66,66,55
[ 26.327004] wil6210-aoa$0,1606461626.046370,04:d6:aa:c1:38:97,2,1,1,0,128,786,758,799,783,412,812,369,379,642,172,84,198,869,64,233,581,908,961,360,884,205,828,171,848,274,390,94,195,326,1,322,148,57,104,90,99,76,86,59,58,86,81,75,48,56,54,98,60,88,71,60,64,38,54,44,54,76,51,51,43,49,77,81,74
[ 26.354273] wil6210-aoa$0,1606461626.073636,04:d6:aa:c1:38:97,2,1,1,0,128,257,930,758,754,931,992,829,142,125,360,485,1004,257,872,229,574,878,933,348,879,762,49,729,15,642,140,604,42,829,884,477,295,55,106,93,100,72,82,55,55,82,79,70,44,53,52,93,57,84,69,60,62,36,54,42,50,74,47,47,39,45,71,75,68
[ 26.386436] wil6210-aoa$0,1606461626.105804,04:d6:aa:c1:38:97,2,1,1,0,128,320,943,766,755,959,1016,392,415,188,367,82,243,794,23,227,596,935,982,367,935,710,2,693,22,262,418,100,238,384,94,120,881,58,104,95,99,76,86,59,57,85,80,74,47,57,55,97,60,86,71,62,64,39,57,44,54,76,52,48,43,49,77,79,74
[ 26.412443] wil6210-aoa$0,1606461626.131807,04:d6:aa:c1:38:97,2,1,1,0,128,321,927,762,808,882,1000,429,384,177,394,57,208,238,882,256,627,911,989,392,905,709,27,749,63,223,372,100,221,357,45,650,345,55,102,94,100,75,85,57,59,85,78,72,47,53,52,96,58,86,67,60,61,37,52,41,51,76,49,47,41,49,74,77,71
[ 26.444322] wil6210-aoa$0,1606461626.163685,04:d6:aa:c1:38:97,2,1,1,0,128,285,930,801,778,885,978,417,397,602,85,540,1022,837,52,213,622,848,914,384,938,98,847,763,30,233,401,142,251,830,893,879,717,57,106,96,101,77,86,58,58,84,79,70,45,53,53,96,58,84,68,62,62,35,53,44,51,76,48,48,41,47,74,74,65
[ 26.474576] wil6210-aoa$0,1606461626.193946,04:d6:aa:c1:38:97,2,1,1,0,128,296,924,765,806,911,995,397,395,272,460,49,189,817,45,191,566,928,973,385,933,752,39,720,42,187,342,61,197,366,45,886,592,49,90,82,87,65,74,52,50,74,69,63,40,48,46,83,51,72,58,52,55,32,44,37,46,65,41,40,35,40,65,65,62
[ 26.499159] wil6210-aoa$0,1606461626.218525,04:d6:aa:c1:38:97,2,1,1,0,128,248,903,825,814,953,11,481,441,140,362,1016,168,823,52,254,618,929,966,449,935,798,116,785,56,209,374,153,248,364,23,0,841,51,98,87,92,72,80,53,55,79,76,68,46,52,51,90,55,81,65,56,59,36,53,41,48,72,47,46,39,47,73,73,68
[ 26.529646] wil6210-aoa$0,1606461626.249009,04:d6:aa:c1:38:97,2,1,1,0,128,302,951,868,806,932,989,394,415,201,376,69,192,826,66,177,573,957,996,443,1005,778,83,659,1020,229,401,123,251,364,44,42,811,54,95,86,94,70,80,54,54,79,74,70,46,52,50,92,56,80,66,58,60,37,52,40,50,72,49,44,40,48,72,74,69
[ 26.554442] wil6210-aoa$0,1606461626.273812,04:d6:aa:c1:38:97,2,1,1,0,128,288,936,784,773,945,1016,515,464,212,417,25,213,828,28,175,559,886,947,309,830,718,27,770,52,254,358,115,242,365,60,926,658,57,105,94,101,73,86,57,57,88,80,73,49,56,55,96,60,84,69,61,63,38,53,43,54,77,51,48,42,49,76,78,72
[ 26.583114] wil6210-aoa$0,1606461626.302477,04:d6:aa:c1:38:97,2,1,1,0,128,735,688,190,519,431,799,887,169,140,342,44,178,273,869,213,585,908,947,351,913,729,5,215,879,200,372,65,184,854,857,670,497,48,89,79,83,63,73,48,50,71,67,62,38,47,45,83,51,71,58,52,53,31,46,37,45,62,42,40,36,42,65,64,62
[ 26.614842] wil6210-aoa$0,1606461626.334210,04:d6:aa:c1:38:97,2,1,1,0,128,750,727,827,833,984,32,433,451,133,361,18,208,796,51,165,566,870,951,371,886,731,19,738,1021,253,407,110,236,374,42,538,409,56,107,94,100,76,85,58,57,85,81,73,46,53,54,95,58,84,68,60,62,37,54,42,52,75,49,47,42,50,75,74,74
[ 26.641502] wil6210-aoa$0,1606461626.360866,04:d6:aa:c1:38:97,2,1,1,0,128,320,955,710,706,1017,10,455,417,190,383,77,186,878,76,182,562,870,935,369,891,735,39,721,1004,258,385,76,220,303,1006,425,224,45,86,77,83,63,69,47,49,71,66,59,37,46,44,78,48,71,56,49,51,30,42,34,41,60,37,36,33,36,57,58,54
[ 26.673332] wil6210-aoa$0,1606461626.392695,04:d6:aa:c1:38:97,2,1,1,0,128,372,970,749,748,970,1005,392,356,171,350,55,189,849,56,205,611,923,971,279,840,796,97,733,67,218,384,91,231,354,49,483,257,56,105,96,99,75,87,59,59,85,79,73,46,55,51,96,59,84,70,61,62,38,55,42,52,77,51,48,43,48,78,79,76
[ 26.704983] wil6210-aoa$0,1606461626.424346,04:d6:aa:c1:38:97,2,1,1,0,128,256,913,771,793,973,1016,415,383,158,362,78,237,880,107,270,653,901,970,402,961,730,47,686,35,202,396,115,244,404,104,604,330,54,105,91,98,74,85,55,57,82,78,70,45,53,53,91,56,83,68,58,59,37,53,41,51,73,47,45,39,47,69,72,68
[ 26.737158] wil6210-aoa$0,1606461626.456520,04:d6:aa:c1:38:97,2,1,1,0,128,321,950,747,782,915,1008,370,374,182,353,19,168,866,58,203,559,279,701,863,699,780,62,707,51,192,357,63,252,382,42,409,96,52,104,94,99,72,81,54,58,82,76,68,41,49,48,89,54,80,66,55,57,33,48,38,46,66,41,41,35,43,66,64,61
[ 26.763020] wil6210-aoa$0,1606461626.482382,04:d6:aa:c1:38:97,2,1,1,0,128,286,886,768,747,936,991,424,414,211,391,43,219,894,69,185,583,915,1002,369,901,758,50,756,71,192,355,629,93,314,1009,433,297,57,104,93,102,75,85,58,57,84,80,74,48,55,55,96,60,87,69,61,64,40,57,46,56,80,53,51,47,53,79,83,77
[ 26.795314] wil6210-aoa$0,1606461626.514676,04:d6:aa:c1:38:97,2,1,1,0,128,778,724,797,790,912,979,409,373,150,363,7,185,262,873,271,611,912,963,352,904,727,52,731,14,257,412,105,256,369,41,898,572,56,104,93,98,76,86,57,59,84,81,73,48,56,53,97,60,87,70,62,63,38,53,43,53,77,50,49,45,48,77,80,75
[ 26.825920] wil6210-aoa$0,1606461626.545288,04:d6:aa:c1:38:97,2,1,1,0,128,282,894,813,787,959,1011,492,438,157,318,56,227,876,91,612,340,924,939,388,890,652,1003,160,845,244,374,75,229,330,21,85,847,56,102,92,99,73,86,57,58,85,80,71,48,54,53,95,60,86,69,61,62,38,54,43,51,76,51,48,42,50,78,77,73
[ 26.853995] wil6210-aoa$0,1606461626.573356,04:d6:aa:c1:38:97,2,1,1,0,128,258,950,808,804,946,986,421,400,136,370,80,225,809,4,283,621,858,928,365,870,699,36,133,860,308,438,141,261,436,122,664,331,58,105,97,100,75,86,59,60,86,81,74,48,57,55,97,62,89,72,63,64,39,56,45,54,77,53,50,45,52,80,84,75
[ 26.886596] wil6210-aoa$0,1606461626.605964,04:d6:aa:c1:38:97,2,1,1,0,128,294,953,792,781,386,802,424,410,188,359,55,152,861,65,207,589,879,929,885,732,170,890,192,894,742,195,118,246,418,26,972,714,49,89,82,87,66,74,50,51,74,70,64,41,48,48,83,51,77,61,53,56,33,49,39,46,67,43,41,36,43,66,66,62
[ 26.913308] wil6210-aoa$0,1606461626.632671,04:d6:aa:c1:38:97,2,1,1,0,128,296,940,799,808,870,971,978,264,663,220,64,233,802,57,231,634,828,920,854,706,213,880,191,863,657,153,142,246,344,40,89,814,57,104,97,102,76,89,58,59,85,82,71,47,57,56,98,62,88,72,61,63,38,55,44,54,77,49,50,43,49,74,80,73
[ 26.948044] wil6210-aoa$0,1606461626.667405,04:d6:aa:c1:38:97,2,1,1,0,128,777,749,828,801,915,994,418,416,590,130,58,195,870,72,173,526,976,980,401,874,738,20,690,1021,708,184,158,249,417,84,421,97,59,106,94,101,77,90,59,60,88,82,76,48,60,56,102,64,89,70,62,65,40,57,46,54,80,53,52,46,52,81,84,81
[ 26.980766] wil6210-aoa$0,1606461626.700129,04:d6:aa:c1:38:97,2,1,1,0,128,323,934,784,774,931,981,393,363,188,409,46,175,799,33,252,587,919,961,378,893,710,12,726,18,225,387,74,214,379,75,252,978,58,103,95,101,75,88,59,56,87,83,74,48,59,56,99,61,88,71,63,64,39,56,47,55,79,52,52,47,53,82,83,78
[ 27.012666] wil6210-aoa$0,1606461626.732033,04:d6:aa:c1:38:97,2,1,1,0,128,298,958,785,781,354,806,909,252,193,398,95,227,811,29,316,655,847,920,367,890,737,17,751,28,218,381,128,276,348,38,868,542,56,103,96,101,73,87,55,58,85,80,73,46,56,52,95,58,83,70,59,59,36,53,41,50,74,48,46,41,46,72,74,68
[ 27.040311] wil6210-aoa$0,1606461626.759674,04:d6:aa:c1:38:97,2,1,1,0,128,269,927,816,766,981,1006,422,430,169,389,2,200,836,53,220,595,958,13,366,889,721,43,719,1,253,387,80,230,421,96,58,866,54,104,93,100,73,82,57,58,84,77,71,45,54,52,92,58,82,68,58,62,36,50,40,50,74,46,45,42,45,71,71,67
[ 27.072393] wil6210-aoa$0,1606461626.791757,04:d6:aa:c1:38:97,2,1,1,0,128,779,743,293,614,994,2,403,375,729,233,51,181,796,53,174,549,904,956,327,855,730,13,697,1017,229,374,94,169,371,54,642,477,51,98,87,95,69,81,53,54,79,75,68,44,51,50,89,54,78,65,58,56,34,50,40,48,69,46,43,39,45,72,74,69
[ 27.097531] wil6210-aoa$0,1606461626.816898,04:d6:aa:c1:38:97,2,1,1,0,128,257,938,784,789,986,17,399,376,130,353,60,227,830,34,173,564,958,969,313,851,739,29,768,14,186,354,112,220,342,15,809,609,56,104,97,101,73,84,54,57,85,76,71,45,52,51,91,57,80,67,62,61,35,51,41,49,69,44,45,38,42,69,70,61
[ 27.123480] wil6210-aoa$0,1606461626.842850,04:d6:aa:c1:38:97,2,1,1,0,128,701,704,253,620,904,978,406,397,173,415,22,195,790,33,209,566,921,988,321,855,226,882,762,42,218,351,115,230,810,842,172,1012,50,93,82,88,65,74,50,51,72,70,60,40,48,45,82,52,75,58,53,55,32,47,37,46,67,44,41,37,41,65,68,64
[ 27.153381] wil6210-aoa$0,1606461626.872744,04:d6:aa:c1:38:97,2,1,1,0,128,272,943,781,753,406,825,841,160,653,167,555,6,861,77,209,597,943,978,389,911,761,20,741,29,225,400,88,191,308,11,362,115,48,91,81,87,63,69,47,50,73,65,60,37,44,44,77,48,70,57,49,50,30,42,33,40,58,36,36,29,34,57,55,49
[ 27.179727] wil6210-aoa$0,1606461626.899066,04:d6:aa:c1:38:97,2,1,1,0,128,305,946,796,760,967,995,407,371,173,371,37,179,269,856,233,605,870,917,410,960,703,7,689,5,661,144,538,1015,872,883,110,898,58,109,96,102,77,87,60,60,87,81,77,48,57,55,96,60,87,71,64,63,39,56,44,53,78,51,50,43,52,78,78,73
[ 27.221792] wil6210-aoa$0,1606461626.941159,04:d6:aa:c1:38:97,2,1,1,0,128,323,904,762,732,334,765,883,177,634,184,532,9,290,904,672,383,346,798,828,692,710,1007,710,4,684,171,72,197,806,872,710,532,58,108,96,102,77,87,59,58,87,81,76,47,55,53,96,58,85,70,63,64,37,51,43,49,74,46,45,38,48,71,74,66
[ 27.247231] wil6210-aoa$0,1606461626.966600,04:d6:aa:c1:38:97,2,1,1,0,128,379,982,732,785,967,1019,432,444,131,345,55,187,843,33,200,563,843,919,383,918,726,1018,729,14,196,358,91,242,324,19,240,13,50,100,90,95,70,81,53,53,78,74,68,42,53,51,88,55,81,64,56,59,35,51,38,47,70,45,43,38,43,69,68,64
[ 27.277392] wil6210-aoa$0,1606461626.996754,04:d6:aa:c1:38:97,2,1,1,0,128,780,748,272,598,412,840,900,270,125,369,85,231,850,68,167,576,988,993,368,884,702,9,702,1003,228,342,58,191,409,37,237,8,52,91,83,89,67,76,51,52,75,72,65,40,48,48,86,53,77,60,54,56,34,49,39,45,67,43,42,38,42,64,67,65
[ 27.302583] wil6210-aoa$0,1606461627.021952,04:d6:aa:c1:38:97,2,1,1,0,128,354,1001,774,772,922,991,436,383,189,360,542,23,837,1021,699,399,374,791,898,731,722,12,707,5,213,366,125,250,405,101,568,293,49,94,83,87,66,75,49,50,72,68,62,37,46,44,82,49,71,60,51,51,30,44,35,41,64,39,38,33,38,59,58,55
[ 27.330368] wil6210-aoa$0,1606461627.049731,04:d6:aa:c1:38:97,2,1,1,0,128,361,962,796,753,952,1020,477,462,99,339,71,181,876,66,169,603,946,953,388,904,706,11,735,6,193,338,114,221,351,55,719,460,48,93,84,88,66,75,50,53,72,68,62,39,47,45,82,50,74,60,52,52,31,46,36,42,65,42,40,35,39,63,62,57
[ 27.362939] wil6210-aoa$0,1606461627.082304,04:d6:aa:c1:38:97,2,1,1,0,128,211,894,803,812,942,3,396,420,170,396,46,203,870,67,207,581,864,951,357,911,783,91,778,48,217,341,115,241,839,856,680,426,47,91,81,85,62,71,50,49,73,69,61,40,48,46,80,49,74,58,52,52,32,47,37,44,64,41,42,36,41,64,66,65
[ 27.388696] wil6210-aoa$0,1606461627.108064,04:d6:aa:c1:38:97,2,1,1,0,128,304,911,765,777,938,11,450,411,192,388,21,161,826,18,635,339,917,920,840,706,755,29,727,1016,223,374,125,262,343,30,802,565,61,106,98,103,77,88,57,59,88,81,73,47,58,52,97,61,88,70,63,62,39,57,46,54,77,52,50,45,51,77,80,77
[ 27.415750] wil6210-aoa$0,1606461627.135113,04:d6:aa:c1:38:97,2,1,1,0,128,259,900,827,782,958,1008,416,394,174,387,12,139,822,52,190,608,849,866,357,871,697,1005,103,806,727,225,119,266,413,78,178,909,58,107,101,104,79,89,60,60,88,81,77,48,58,56,99,63,88,71,63,63,38,53,44,54,79,51,48,42,49,75,75,70
[ 27.448822] wil6210-aoa$0,1606461627.168184,04:d6:aa:c1:38:97,2,1,1,0,128,389,982,743,738,427,831,448,391,125,334,38,214,797,49,169,561,948,953,372,861,769,53,683,1015,221,327,106,203,363,1021,4,801,49,93,83,85,65,73,47,50,72,67,61,38,47,45,80,52,73,59,52,52,31,44,36,43,65,41,38,34,38,62,60,54
[ 27.481710] wil6210-aoa$0,1606461627.201071,04:d6:aa:c1:38:97,2,1,1,0,128,255,956,759,756,395,830,892,196,176,383,120,210,848,35,187,573,824,939,290,868,208,890,778,51,151,335,144,256,400,27,376,93,48,93,82,88,65,74,48,51,72,67,61,38,47,45,78,48,72,57,48,52,31,41,35,40,63,37,36,33,38,59,59,53
[ 27.514292] wil6210-aoa$0,1606461627.233659,04:d6:aa:c1:38:97,2,1,1,0,128,311,937,783,764,936,1012,454,435,262,408,51,179,842,43,171,563,867,947,809,671,191,863,709,1015,260,402,517,4,825,849,725,577,49,92,84,89,67,76,49,50,75,71,64,40,48,47,83,51,74,62,54,54,32,45,37,44,65,43,41,35,42,65,66,60
[ 27.543342] wil6210-aoa$0,1606461627.262704,04:d6:aa:c1:38:97,2,1,1,0,128,289,924,828,777,364,774,470,366,203,383,93,216,839,56,182,535,877,928,395,897,687,1010,653,945,237,343,89,189,366,31,350,153,54,98,90,95,70,84,54,55,80,77,68,44,53,51,92,56,83,66,58,60,35,52,42,50,72,48,46,41,45,69,72,69
[ 27.576717] wil6210-aoa$0,1606461627.296086,04:d6:aa:c1:38:97,2,1,1,0,128,328,919,791,744,940,1007,417,397,154,351,512,1018,837,37,168,593,894,989,341,894,748,31,765,32,251,364,565,1014,792,809,601,354,53,98,91,95,70,81,54,54,81,75,67,44,54,51,90,56,82,65,57,59,36,52,43,52,72,46,44,40,46,70,74,68
[ 27.604153] wil6210-aoa$0,1606461627.323514,04:d6:aa:c1:38:97,2,1,1,0,128,259,890,802,776,939,20,400,426,630,157,537,26,800,51,211,569,874,938,823,718,188,853,238,868,228,360,116,232,370,52,682,372,57,105,97,102,74,87,58,58,87,81,74,46,57,53,98,60,88,70,61,64,39,57,46,55,78,52,51,46,53,77,82,77
[ 27.637225] wil6210-aoa$0,1606461627.356587,04:d6:aa:c1:38:97,2,1,1,0,128,795,740,838,797,968,1014,339,336,600,102,570,998,315,896,618,321,322,732,841,693,741,14,684,8,215,400,160,291,342,2,4,871,57,105,93,100,76,88,59,59,85,83,74,47,57,54,100,62,86,70,61,65,38,59,46,56,78,53,49,44,50,77,82,76
[ 27.664730] wil6210-aoa$0,1606461627.384093,04:d6:aa:c1:38:97,2,1,1,0,128,274,918,763,780,866,975,476,434,158,382,64,183,838,48,232,610,899,999,383,918,713,18,786,76,219,414,118,231,354,16,345,130,57,103,95,101,76,86,58,59,86,82,74,48,55,55,99,61,89,71,61,65,40,57,46,57,79,54,52,45,53,81,83,81
[ 27.697792] wil6210-aoa$0,1606461627.417156,04:d6:aa:c1:38:97,2,1,1,0,128,347,962,806,823,898,971,865,181,207,392,78,234,797,45,199,578,899,956,451,915,727,13,688,1020,140,323,128,241,348,27,1,847,57,102,93,98,75,86,58,57,87,82,72,50,58,55,99,61,87,71,62,63,40,56,45,54,76,52,50,42,49,77,80,76
[ 27.723919] wil6210-aoa$0,1606461627.443282,04:d6:aa:c1:38:97,2,1,1,0,128,763,718,264,582,394,783,460,441,155,377,57,161,806,32,218,599,891,935,389,925,719,20,172,855,152,361,555,16,790,854,835,737,51,104,94,99,72,83,53,56,81,77,70,44,51,49,90,58,82,65,55,59,36,50,40,48,72,46,44,37,44,70,70,65
[ 27.757917] wil6210-aoa$0,1606461627.477280,04:d6:aa:c1:38:97,2,1,1,0,128,387,982,765,782,942,984,374,331,202,400,492,1003,783,1018,698,404,884,926,401,927,769,76,741,43,174,323,163,245,321,1013,78,896,53,104,94,100,73,83,53,56,80,75,69,41,52,50,89,56,78,66,58,56,35,49,41,49,72,45,44,38,44,69,71,63
[ 27.784709] wil6210-aoa$0,1606461627.504076,04:d6:aa:c1:38:97,2,1,1,0,128,330,952,784,792,960,1020,422,385,197,374,74,164,827,72,185,550,908,959,363,888,755,25,733,36,200,345,99,190,345,27,319,134,57,105,95,102,74,84,56,56,84,78,73,45,54,51,91,57,81,66,60,60,35,49,41,50,71,45,45,39,46,70,73,66
[ 27.811874] wil6210-aoa$0,1606461627.531237,04:d6:aa:c1:38:97,2,1,1,0,128,714,703,261,644,951,17,373,386,186,361,123,266,867,42,666,340,306,735,883,741,682,998,782,10,711,176,592,35,343,2,804,509,56,102,94,100,75,84,57,57,85,78,71,49,57,53,95,59,86,67,60,62,39,57,44,53,77,51,49,42,51,79,79,75
[ 27.845058] wil6210-aoa$0,1606461627.564422,04:d6:aa:c1:38:97,2,1,1,0,128,276,923,754,744,925,992,393,383,135,339,67,213,261,901,616,349,371,745,324,856,198,884,723,57,223,403,62,195,407,89,221,1013,57,102,92,98,73,86,58,57,85,82,72,49,56,54,96,57,86,70,62,64,38,54,44,54,75,51,48,43,50,73,79,73
[ 27.878545] wil6210-aoa$0,1606461627.597908,04:d6:aa:c1:38:97,2,1,1,0,128,269,910,776,787,907,969,435,410,227,414,97,244,889,65,224,635,881,957,415,915,713,64,684,5,177,353,600,51,828,889,138,841,53,106,93,99,74,85,57,58,82,78,71,45,52,51,91,57,83,66,59,61,34,53,42,49,72,46,46,39,45,69,70,67
[ 27.911985] wil6210-aoa$0,1606461627.631347,04:d6:aa:c1:38:97,2,1,1,0,128,781,731,182,566,344,809,914,270,199,438,48,226,815,64,268,654,922,962,366,905,760,11,664,23,246,373,621,68,352,15,995,655,49,90,81,86,65,75,49,50,69,69,61,39,46,46,81,50,72,59,51,52,32,44,35,44,63,40,40,35,40,61,63,55
[ 27.945295] wil6210-aoa$0,1606461627.664657,04:d6:aa:c1:38:97,2,1,1,0,128,339,957,803,782,950,989,424,342,235,418,41,152,840,82,180,564,901,935,370,911,710,24,653,947,255,360,117,247,304,8,572,285,48,91,83,88,64,74,50,52,74,70,63,41,49,47,85,53,76,58,53,54,33,49,38,46,69,46,43,38,44,68,69,64
[ 27.976781] wil6210-aoa$0,1606461627.696148,04:d6:aa:c1:38:97,2,1,1,0,128,366,966,720,769,915,1000,426,403,240,424,40,186,839,87,186,588,868,965,300,878,775,79,728,39,194,316,112,222,383,85,616,299,49,91,84,89,65,76,50,49,74,67,63,40,48,46,80,52,73,60,51,53,32,47,35,44,64,41,39,35,41,63,61,59
[ 28.007065] wil6210-aoa$0,1606461627.726428,04:d6:aa:c1:38:97,2,1,1,0,128,737,721,749,731,348,813,422,402,616,130,64,212,849,16,179,600,339,768,810,704,246,890,155,853,229,394,82,229,346,53,105,886,56,104,95,99,75,86,57,57,86,78,72,45,55,53,95,58,87,70,62,62,37,55,42,51,77,50,48,42,50,77,78,75
[ 28.040851] wil6210-aoa$0,1606461627.760215,04:d6:aa:c1:38:97,2,1,1,0,128,292,935,811,812,937,1009,437,417,157,408,109,264,855,79,221,583,886,940,377,907,818,95,729,46,231,402,578,44,426,60,267,15,57,104,94,101,76,86,57,57,86,79,75,48,57,55,98,58,86,69,63,64,37,55,45,54,77,49,50,42,51,72,78,72
[ 28.074395] wil6210-aoa$0,1606461627.793759,04:d6:aa:c1:38:97,2,1,1,0,128,796,751,310,649,944,976,962,281,135,341,62,196,855,89,229,603,921,1010,407,920,726,40,702,979,206,339,18,175,887,905,931,705,48,86,80,82,63,72,49,51,73,69,61,40,49,46,83,50,73,58,54,52,33,47,39,45,66,43,42,37,44,66,68,62
[ 28.108169] wil6210-aoa$0,1606461627.827533,04:d6:aa:c1:38:97,2,1,1,0,128,229,898,695,739,950,36,423,408,177,382,90,211,806,16,211,592,903,1002,360,905,732,47,658,1018,247,376,574,39,811,851,622,429,56,103,95,98,75,85,57,57,84,81,72,46,56,53,91,58,83,69,59,62,38,54,42,50,76,51,47,40,47,73,74,68
[ 28.141711] wil6210-aoa$0,1606461627.861074,04:d6:aa:c1:38:97,2,1,1,0,128,313,968,841,807,976,24,457,424,178,402,101,208,849,56,257,624,941,969,416,974,737,50,771,47,207,351,108,206,342,37,120,859,54,103,93,98,73,85,56,57,83,81,72,48,57,53,96,61,87,68,61,61,39,54,43,55,77,51,48,44,50,77,81,75
[ 28.176787] wil6210-aoa$0,1606461627.896150,04:d6:aa:c1:38:97,2,1,1,0,128,269,933,834,814,912,997,443,410,216,383,3,137,263,912,628,347,415,816,415,923,841,75,679,971,198,329,94,201,366,48,739,444,56,104,93,99,74,83,56,58,83,79,71,43,53,52,94,54,85,68,59,59,36,52,41,50,71,47,46,39,46,69,73,68
[ 28.204297] wil6210-aoa$0,1606461627.923658,04:d6:aa:c1:38:97,2,1,1,0,128,255,925,214,579,383,787,951,226,615,171,1009,166,240,837,693,370,399,778,402,924,753,36,733,51,190,353,100,213,336,1018,705,557,55,104,93,99,76,86,58,59,84,79,73,46,55,52,96,61,86,67,61,62,38,53,44,53,77,51,50,41,48,75,77,73
[ 28.238428] wil6210-aoa$0,1606461627.957790,04:d6:aa:c1:38:97,2,1,1,0,128,326,961,764,783,926,17,356,401,159,405,79,234,830,62,207,603,875,933,417,923,754,63,675,1015,188,322,74,205,369,17,413,171,58,102,95,98,75,88,58,58,85,83,73,47,57,54,97,61,87,70,63,63,38,56,45,54,78,51,50,46,52,78,82,78
[ 28.270331] wil6210-aoa$0,1606461627.989698,04:d6:aa:c1:38:97,2,1,1,0,128,822,735,246,566,948,979,801,167,641,132,492,12,821,20,681,381,349,764,880,725,210,840,785,40,706,177,544,18,825,862,221,1005,54,103,93,98,73,85,55,57,84,77,70,45,53,53,95,59,84,68,58,60,37,53,43,53,73,51,45,42,48,75,77,67
[ 28.301499] wil6210-aoa$0,1606461628.020868,04:d6:aa:c1:38:97,2,1,1,0,128,323,933,765,748,1016,1020,416,396,146,369,33,186,851,76,189,557,940,953,389,927,718,49,663,1011,630,151,562,46,816,827,90,919,47,88,80,83,66,73,49,50,72,70,61,38,47,47,82,52,74,60,52,54,32,47,37,45,66,43,41,36,43,66,67,62
[ 28.327644] wil6210-aoa$0,1606461628.047014,04:d6:aa:c1:38:97,2,1,1,0,128,244,933,813,828,923,1003,389,415,211,392,58,240,829,73,201,608,849,913,866,727,201,842,776,78,161,317,167,282,314,22,896,731,51,98,88,93,69,77,53,54,79,72,69,44,52,49,89,55,78,62,55,57,35,50,40,47,70,44,44,37,44,70,71,67
[ 28.357439] wil6210-aoa$0,1606461628.076802,04:d6:aa:c1:38:97,2,1,1,0,128,274,913,782,754,962,982,914,179,198,378,48,215,825,71,210,579,991,1008,314,877,116,834,724,22,693,166,160,223,355,48,581,322,59,107,98,104,78,89,60,60,89,83,76,49,59,55,99,61,88,71,63,65,41,58,46,56,79,54,51,45,52,79,85,79
[ 28.391947] wil6210-aoa$0,1606461628.111309,04:d6:aa:c1:38:97,2,1,1,0,128,314,953,711,735,968,1017,376,391,149,364,517,1001,823,53,173,567,357,772,387,899,758,59,252,877,237,397,115,237,322,2,762,597,47,91,80,87,63,73,48,50,72,67,59,38,47,44,77,49,70,59,49,51,30,42,33,41,63,37,37,32,36,58,57,53
[ 28.426282] wil6210-aoa$0,1606461628.145647,04:d6:aa:c1:38:97,2,1,1,0,128,309,938,770,751,968,3,533,477,157,399,44,182,875,99,271,628,913,983,409,930,732,996,776,27,295,431,106,209,303,1004,576,316,56,101,96,102,75,88,58,59,86,81,75,52,60,56,101,63,87,70,62,64,39,59,47,58,81,57,53,47,52,80,85,80
[ 28.454989] wil6210-aoa$0,1606461628.174352,04:d6:aa:c1:38:97,2,1,1,0,128,231,913,773,742,968,998,404,396,674,164,544,1023,300,843,680,390,898,961,397,868,785,35,721,37,205,354,120,262,827,852,359,176,56,104,93,100,74,84,55,56,85,80,73,47,56,52,98,57,83,67,62,62,36,53,43,53,76,49,48,43,48,73,77,73
[ 28.489402] wil6210-aoa$0,1606461628.208769,04:d6:aa:c1:38:97,2,1,1,0,128,300,934,769,756,400,815,927,228,208,428,67,226,859,62,271,601,930,957,402,931,752,61,719,43,229,411,163,252,365,45,925,613,55,105,94,101,74,85,55,58,84,80,73,45,56,53,90,59,83,69,58,60,36,54,42,50,74,44,46,41,48,70,72,68
[ 28.515730] wil6210-aoa$0,1606461628.235100,04:d6:aa:c1:38:97,2,1,1,0,128,300,945,778,753,939,1016,412,423,65,332,86,201,234,870,637,356,336,707,909,724,200,854,722,1015,703,191,167,247,407,57,371,135,47,89,80,83,61,71,45,48,71,67,59,40,47,46,79,50,71,57,51,51,31,44,38,44,64,41,39,34,40,60,63,59
[ 28.546453] wil6210-aoa$0,1606461628.265816,04:d6:aa:c1:38:97,2,1,1,0,128,772,699,212,515,400,818,858,190,661,179,535,1008,892,51,230,588,875,926,389,912,114,811,641,959,673,153,618,61,329,13,69,876,58,105,93,97,76,86,56,58,83,79,73,46,56,54,96,58,85,70,60,60,36,55,44,52,75,49,48,43,49,75,77,72
[ 28.581001] wil6210-aoa$0,1606461628.300366,04:d6:aa:c1:38:97,2,1,1,0,128,769,776,186,598,362,799,892,224,681,195,549,4,343,917,696,398,918,937,828,695,188,884,765,5,728,188,557,18,844,829,549,443,58,102,93,98,74,87,57,56,82,79,71,45,56,52,95,57,86,70,61,62,37,53,43,52,76,49,49,43,49,76,77,71
[ 28.614373] wil6210-aoa$0,1606461628.333740,04:d6:aa:c1:38:97,2,1,1,0,128,775,728,259,605,921,989,854,184,645,174,80,237,782,30,675,410,378,814,326,892,740,20,734,16,219,379,84,207,361,11,526,279,55,102,93,99,74,83,55,56,82,77,72,44,53,52,91,56,82,64,57,59,35,50,39,49,69,44,44,37,44,70,69,63
[ 28.643617] wil6210-aoa$0,1606461628.362979,04:d6:aa:c1:38:97,2,1,1,0,128,290,923,831,832,981,8,395,409,124,390,1023,154,882,122,167,551,6,28,440,967,709,56,742,52,158,392,86,234,384,46,506,128,55,101,92,99,75,84,55,58,86,79,70,46,57,53,91,58,86,68,60,62,36,54,43,53,74,48,48,42,49,74,76,72
[ 28.676731] wil6210-aoa$0,1606461628.396098,04:d6:aa:c1:38:97,2,1,1,0,128,778,727,797,765,925,978,427,390,615,130,84,239,822,1020,289,628,893,936,381,894,684,1020,713,1018,757,219,95,280,347,37,210,992,56,102,91,99,73,85,56,56,85,82,70,46,53,53,95,60,85,68,61,62,36,52,43,52,75,48,47,42,47,75,74,73
[ 28.706512] wil6210-aoa$0,1606461628.425875,04:d6:aa:c1:38:97,2,1,1,0,128,276,902,778,795,946,1007,394,382,161,349,128,233,809,59,255,648,845,930,385,938,788,92,721,1023,664,154,582,30,386,65,923,660,57,104,96,100,75,86,59,60,84,80,72,48,56,53,98,62,87,71,62,63,37,56,44,53,78,49,49,45,50,79,79,75
[ 28.741580] wil6210-aoa$0,1606461628.460943,04:d6:aa:c1:38:97,2,1,1,0,128,295,969,780,787,934,977,362,368,141,364,81,203,291,886,653,386,357,756,859,725,176,868,758,1020,261,354,83,204,379,13,311,115,52,98,87,92,70,79,53,53,79,73,67,43,52,49,87,54,79,65,54,57,35,50,37,49,69,46,43,38,45,69,68,65
[ 28.775760] wil6210-aoa$0,1606461628.495123,04:d6:aa:c1:38:97,2,1,1,0,128,318,948,783,790,887,967,408,390,147,405,61,193,809,68,177,583,308,766,348,898,681,5,681,999,203,380,120,259,391,35,803,591,52,98,89,94,68,78,52,53,79,73,67,42,52,48,86,55,79,63,56,57,33,50,37,46,69,44,42,37,42,66,63,61
[ 28.803564] wil6210-aoa$0,1606461628.522926,04:d6:aa:c1:38:97,2,1,1,0,128,253,905,817,783,936,990,396,395,140,373,158,241,832,99,209,620,916,951,383,881,714,39,680,1008,682,209,565,66,349,72,661,362,54,103,93,101,73,84,55,55,83,77,69,43,53,51,94,58,82,67,59,59,35,51,40,49,71,44,46,37,44,67,70,65
[ 28.838175] wil6210-aoa$0,1606461628.557539,04:d6:aa:c1:38:97,2,1,1,0,128,301,948,769,739,944,985,448,430,126,328,552,2,840,14,170,541,987,1003,388,905,770,62,675,32,158,322,574,35,318,1013,538,380,56,104,94,98,73,85,57,58,84,81,71,45,57,54,95,59,85,69,62,62,37,55,44,53,76,49,48,43,49,76,78,71
[ 28.872485] wil6210-aoa$0,1606461628.591847,04:d6:aa:c1:38:97,2,1,1,0,128,264,938,729,771,958,15,441,402,193,410,81,168,894,78,202,554,963,965,420,927,776,49,716,19,201,325,180,264,361,32,885,582,56,99,92,98,75,86,57,58,83,78,72,45,54,51,94,56,82,68,59,61,37,54,43,51,72,50,47,42,48,74,78,72
[ 28.900214] wil6210-aoa$0,1606461628.619581,04:d6:aa:c1:38:97,2,1,1,0,128,283,947,796,764,951,0,387,372,628,180,117,226,816,27,225,584,893,947,348,869,708,23,693,31,189,395,143,287,391,90,220,1004,54,102,94,100,71,85,56,58,80,74,69,46,54,52,93,59,82,66,58,60,36,52,41,53,74,49,45,41,48,74,74,68
[ 28.928413] wil6210-aoa$0,1606461628.647778,04:d6:aa:c1:38:97,2,1,1,0,128,749,679,250,571,372,786,845,181,651,177,79,186,816,41,181,582,928,953,345,857,165,821,747,40,648,110,605,49,842,873,491,265,54,103,91,99,73,83,54,54,82,77,71,43,52,52,91,56,80,66,58,60,35,52,39,50,71,46,46,39,45,70,75,69
[ 28.962886] wil6210-aoa$0,1606461628.682251,04:d6:aa:c1:38:97,2,1,1,0,128,305,929,750,740,398,856,916,207,587,130,576,38,753,4,149,521,339,757,871,725,184,854,706,27,202,352,70,230,368,36,518,241,56,101,92,98,72,85,56,58,85,80,72,47,58,53,94,61,83,69,59,61,36,54,43,53,77,51,49,43,50,77,77,73
[ 28.990126] wil6210-aoa$0,1606461628.709492,04:d6:aa:c1:38:97,2,1,1,0,128,733,731,771,744,961,980,425,394,142,349,543,22,855,25,608,346,340,735,858,682,130,796,781,1013,209,315,94,221,805,798,748,541,56,103,92,96,73,86,56,57,84,80,72,46,57,53,97,59,83,67,61,61,38,54,43,54,77,52,49,44,51,76,80,76
[ 29.020897] wil6210-aoa$0,1606461628.740260,04:d6:aa:c1:38:97,2,1,1,0,128,272,902,239,586,400,789,880,213,622,172,84,224,837,53,235,610,318,759,829,673,181,845,201,842,736,229,544,999,907,906,70,874,54,102,92,98,74,85,54,57,82,77,70,43,52,50,91,59,83,65,58,60,36,53,43,50,74,48,47,42,48,72,77,70
[ 29.054341] wil6210-aoa$0,1606461628.773711,04:d6:aa:c1:38:97,2,1,1,0,128,291,915,213,610,937,1016,843,165,241,401,60,169,856,35,258,604,858,933,351,843,736,13,706,5,214,373,135,275,340,1023,130,916,54,102,92,97,72,82,54,56,82,77,71,42,52,52,93,57,82,69,59,60,35,53,43,50,74,47,46,39,48,76,75,70
[ 29.084959] wil6210-aoa$0,1606461628.804322,04:d6:aa:c1:38:97,2,1,1,0,128,259,919,804,813,922,1003,374,347,131,384,20,193,825,43,175,615,873,967,348,901,726,43,168,853,268,413,88,244,413,61,1003,766,51,102,91,99,70,79,52,55,81,74,69,40,50,50,86,55,79,65,57,58,34,46,38,47,66,42,42,37,42,66,67,61
[ 29.117308] wil6210-aoa$0,1606461628.836677,04:d6:aa:c1:38:97,2,1,1,0,128,722,699,259,573,373,814,828,172,613,150,26,187,290,883,190,611,357,776,389,934,653,55,742,45,627,125,553,26,826,842,681,473,57,103,93,99,74,86,58,58,86,83,72,47,56,53,98,59,86,69,62,63,36,56,44,54,75,50,50,41,48,76,79,74
[ 29.149293] wil6210-aoa$0,1606461628.868661,04:d6:aa:c1:38:97,2,1,1,0,128,317,920,763,768,893,990,393,381,192,404,84,204,797,19,231,575,912,950,850,685,709,17,755,57,219,380,126,236,363,31,940,667,59,107,96,102,77,86,57,58,87,81,74,49,59,55,99,61,89,73,63,64,39,58,46,57,78,52,51,45,50,77,81,78
[ 29.176193] wil6210-aoa$0,1606461628.895561,04:d6:aa:c1:38:97,2,1,1,0,128,274,943,771,761,972,1,401,396,131,321,40,136,872,58,209,584,884,936,378,911,719,24,684,1006,230,364,204,258,358,54,955,657,52,95,87,94,66,79,52,53,76,72,66,42,49,49,88,55,78,63,56,57,34,51,40,48,68,45,43,37,43,68,68,63
[ 29.206831] wil6210-aoa$0,1606461628.926194,04:d6:aa:c1:38:97,2,1,1,0,128,249,908,196,588,406,860,831,190,631,154,541,22,282,878,682,385,320,769,850,706,257,892,205,902,215,371,121,253,376,49,336,169,53,107,93,99,74,83,55,58,84,77,73,44,51,51,89,56,82,68,60,60,34,50,40,48,71,44,45,36,43,68,65,60
[ 29.234400] wil6210-aoa$0,1606461628.953770,04:d6:aa:c1:38:97,2,1,1,0,128,313,928,744,760,907,1008,907,258,175,346,121,247,804,37,171,588,977,10,418,945,736,36,749,59,181,435,79,233,319,22,28,854,58,103,92,96,77,87,57,58,84,80,73,48,56,53,98,60,86,69,62,64,39,57,46,56,79,53,51,46,53,80,82,77
[ 29.264624] wil6210-aoa$0,1606461628.983985,04:d6:aa:c1:38:97,2,1,1,0,128,281,950,746,775,975,16,385,411,175,391,50,222,848,102,218,632,995,1019,435,950,707,6,807,68,232,426,145,278,323,1017,512,203,53,104,93,96,72,84,55,57,80,77,72,44,51,50,89,56,81,67,56,58,35,51,40,47,72,44,44,37,45,66,68,64
[ 29.301542] wil6210-aoa$0,1606461629.020905,04:d6:aa:c1:38:97,2,1,1,2,128,281,950,746,775,975,16,385,411,175,391,50,222,848,102,218,632,995,1019,435,950,707,6,807,68,232,426,145,278,323,1017,512,203,58,103,92,96,77,87,57,58,84,80,73,48,56,53,98,60,86,69,62,64,39,57,46,56,79,53,51,46,53,80,82,77
[ 29.336710] wil6210-aoa$0,1606461629.056078,04:d6:aa:c1:38:97,2,1,1,0,128,212,863,860,826,873,1004,446,454,148,341,1016,181,757,14,204,597,953,986,450,976,771,51,764,84,190,412,52,198,354,15,94,936,53,98,90,94,72,82,53,55,81,76,69,44,54,50,90,56,80,66,57,56,36,53,41,49,72,47,43,38,46,70,71,68
[ 29.365528] wil6210-aoa$0,1606461629.084891,04:d6:aa:c1:38:97,2,1,1,0,128,272,963,765,788,941,38,400,436,134,346,44,246,786,15,257,625,978,991,475,996,717,71,758,69,181,348,138,234,358,25,959,774,53,102,91,95,72,85,55,56,85,80,71,46,53,53,95,58,83,67,59,60,37,52,41,51,76,49,47,40,51,76,79,74
[ 29.400733] wil6210-aoa$0,1606461629.120096,04:d6:aa:c1:38:97,2,1,1,0,128,271,919,801,797,946,993,413,420,143,390,87,204,845,51,231,586,931,930,404,914,762,65,689,993,224,369,110,225,343,6,785,627,56,102,92,96,72,83,56,56,83,78,71,45,55,52,94,59,84,68,61,60,38,53,43,50,76,52,49,43,50,76,79,72
[ 29.432011] wil6210-aoa$0,1606461629.151381,04:d6:aa:c1:38:97,2,1,1,0,128,240,901,772,761,887,973,920,249,636,192,105,197,783,1,186,593,837,934,396,926,661,1021,149,850,663,181,141,228,809,899,534,369,55,101,89,96,73,85,57,56,83,82,72,48,57,55,96,59,85,69,60,64,39,57,45,54,77,51,51,45,51,77,84,78
[ 29.459786] wil6210-aoa$0,1606461629.179156,04:d6:aa:c1:38:97,2,1,1,0,128,304,946,796,779,360,829,455,404,248,421,47,221,828,38,190,560,928,938,353,876,736,5,713,1001,238,400,102,239,378,77,666,339,53,101,91,96,74,83,54,55,83,76,70,43,53,51,91,55,82,66,58,58,34,51,39,47,70,46,44,38,45,70,69,64
[ 29.492321] wil6210-aoa$0,1606461629.211689,04:d6:aa:c1:38:97,2,1,1,0,128,266,916,168,510,474,842,436,383,166,373,71,206,790,33,233,592,862,918,388,907,716,27,652,2,274,387,43,163,826,805,570,370,52,101,91,97,72,82,55,56,81,78,70,44,53,51,90,56,83,68,58,59,36,53,40,50,74,48,47,40,47,74,75,70
[ 29.519865] wil6210-aoa$0,1606461629.239233,04:d6:aa:c1:38:97,2,1,1,0,128,388,972,809,796,972,0,396,407,150,355,18,157,866,84,643,374,936,999,376,933,759,30,753,18,270,386,43,170,390,16,827,530,56,105,95,100,74,87,57,57,85,82,74,49,58,54,98,61,87,69,62,64,40,58,47,56,77,53,50,45,50,80,82,78
[ 29.553403] wil6210-aoa$0,1606461629.272773,04:d6:aa:c1:38:97,2,1,1,0,128,284,940,751,748,940,1012,426,389,144,354,6,178,817,34,203,586,885,955,378,913,698,29,777,43,248,415,72,201,354,42,678,449,54,105,95,102,73,85,58,58,82,79,72,45,54,51,92,57,86,67,60,61,36,52,42,52,73,49,47,40,47,72,71,69
[ 29.584332] wil6210-aoa$0,1606461629.303694,04:d6:aa:c1:38:97,2,1,1,0,128,316,958,750,741,935,6,408,424,136,367,1022,191,765,11,226,605,928,993,347,919,174,846,783,24,274,443,90,239,332,1,539,328,57,103,95,102,75,86,59,60,85,79,73,47,56,54,97,59,86,70,59,60,38,54,43,51,75,50,48,41,48,74,74,70
[ 29.612971] wil6210-aoa$0,1606461629.332334,04:d6:aa:c1:38:97,2,1,1,0,128,253,907,702,749,362,817,468,452,204,422,81,244,867,74,204,579,873,931,383,899,775,51,755,50,196,333,105,244,431,64,590,331,48,90,84,88,64,73,47,51,72,69,63,38,49,46,80,51,75,59,51,52,32,46,37,44,63,42,39,35,39,64,66,62
[ 29.643904] wil6210-aoa$0,1606461629.363270,04:d6:aa:c1:38:97,2,1,1,0,128,325,924,719,711,963,1010,815,177,248,403,58,214,828,31,212,605,858,970,387,944,674,5,748,40,190,362,510,45,319,1006,613,410,56,100,94,98,75,85,56,56,83,79,71,44,57,53,94,59,83,70,60,62,38,53,43,54,78,52,48,43,49,75,78,72
[ 29.671284] wil6210-aoa$0,1606461629.390651,04:d6:aa:c1:38:97,2,1,1,0,128,275,935,757,736,963,1015,479,431,126,324,26,176,808,87,151,557,915,955,395,935,716,15,666,16,189,377,137,260,299,7,310,172,56,101,94,98,74,85,55,55,84,78,71,45,56,52,98,59,84,68,60,61,36,52,43,51,72,49,47,43,48,74,75,70
[ 29.698514] wil6210-aoa$0,1606461629.417881,04:d6:aa:c1:38:97,2,1,1,0,128,238,893,245,615,420,834,419,402,210,413,122,239,868,77,209,599,876,963,449,947,736,39,727,7,235,384,134,244,346,1023,928,638,55,102,93,98,72,84,52,56,84,78,70,42,53,49,92,56,82,67,58,58,36,51,41,51,71,48,45,40,45,71,73,70
[ 29.730241] wil6210-aoa$0,1606461629.449604,04:d6:aa:c1:38:97,2,1,1,0,128,684,711,716,728,392,803,446,433,173,385,44,199,896,123,201,604,854,954,433,933,731,33,761,28,277,406,85,219,368,55,716,441,55,102,91,98,75,84,57,57,86,82,72,49,57,53,97,60,87,69,60,64,36,56,46,55,78,51,51,44,52,78,82,76
[ 29.763448] wil6210-aoa$0,1606461629.482814,04:d6:aa:c1:38:97,2,1,1,0,128,291,933,810,788,901,961,439,434,206,409,2,164,801,10,209,570,335,738,346,874,726,41,696,22,725,204,140,284,350,36,377,185,54,104,93,96,72,83,57,56,83,78,73,48,55,53,95,59,84,66,59,62,35,52,42,52,72,48,46,42,48,75,77,71
[ 29.791072] wil6210-aoa$0,1606461629.510442,04:d6:aa:c1:38:97,2,1,1,0,128,240,925,760,746,935,988,362,375,160,363,87,224,860,70,177,567,926,971,372,896,720,7,767,11,265,364,58,170,822,858,550,359,55,102,92,99,73,83,53,56,83,77,69,44,52,52,91,57,81,65,57,60,37,50,41,50,72,47,44,40,43,71,76,69
[ 29.824709] wil6210-aoa$0,1606461629.544079,04:d6:aa:c1:38:97,2,1,1,0,128,848,793,741,746,1022,43,424,417,146,383,1022,181,831,24,178,568,914,899,403,912,728,6,774,46,200,298,160,254,345,31,201,1001,54,100,94,98,73,84,55,57,83,82,71,44,55,52,96,56,85,70,60,62,38,52,42,53,77,52,48,42,48,74,79,74
[ 29.852265] wil6210-aoa$0,1606461629.571634,04:d6:aa:c1:38:97,2,1,1,0,128,261,915,777,759,964,22,437,434,258,420,107,234,823,22,278,640,885,933,351,873,197,832,734,8,700,143,622,67,361,47,768,480,56,102,94,99,74,86,57,57,82,79,72,47,55,53,96,58,84,67,60,62,39,55,44,54,77,52,50,44,51,76,77,75
[ 29.880376] wil6210-aoa$0,1606461629.599739,04:d6:aa:c1:38:97,2,1,1,0,128,333,1005,807,802,939,1010,434,425,587,158,531,20,260,866,662,358,991,991,374,911,735,50,753,37,244,394,118,213,340,1011,919,717,55,104,90,95,74,84,55,55,82,79,70,44,55,50,94,56,84,66,59,62,37,52,43,51,74,47,47,41,48,73,74,72
[ 29.912470] wil6210-aoa$0,1606461629.631840,04:d6:aa:c1:38:97,2,1,1,0,128,795,750,244,621,434,826,912,200,632,127,589,13,242,845,670,393,380,780,824,654,145,804,212,836,665,118,558,2,817,876,181,50,51,102,90,97,71,80,54,53,80,74,69,43,50,49,89,55,81,66,57,58,34,47,38,46,70,43,42,35,43,68,68,60
[ 29.940106] wil6210-aoa$0,1606461629.659469,04:d6:aa:c1:38:97,2,1,1,0,128,749,726,222,547,966,976,400,379,167,359,526,14,787,14,667,405,354,771,908,710,189,885,721,53,189,333,133,247,383,25,409,223,58,105,94,98,79,88,58,58,87,81,73,47,61,55,97,61,89,70,61,65,39,56,44,54,79,51,50,44,50,80,82,75
[ 29.972563] wil6210-aoa$0,1606461629.691929,04:d6:aa:c1:38:97,2,1,1,0,128,249,890,286,650,913,990,418,414,158,346,136,228,877,80,208,581,909,951,329,863,709,1009,719,9,237,364,146,218,839,900,177,967,58,107,94,101,75,87,56,59,86,82,73,47,57,54,97,61,86,69,64,63,38,56,46,55,77,51,50,43,50,77,82,75
[ 30.000602] wil6210-aoa$0,1606461629.719967,04:d6:aa:c1:38:97,2,1,1,0,128,277,940,797,762,961,995,908,226,163,370,36,205,785,1019,174,551,877,960,395,951,692,12,741,58,176,334,129,260,400,56,917,744,50,96,86,93,69,80,53,52,77,73,64,41,52,48,83,54,78,63,56,55,35,49,38,46,68,44,42,39,42,66,69,67
[ 30.034534] wil6210-aoa$0,1606461629.753902,04:d6:aa:c1:38:97,2,1,1,0,128,297,924,771,767,976,1011,439,428,160,370,45,215,759,7,199,606,934,996,394,931,708,71,767,73,126,338,143,268,338,17,900,712,55,104,95,102,72,84,56,58,84,78,72,44,54,54,93,58,85,70,61,61,38,53,41,50,72,46,45,38,44,70,71,67
[ 30.062200] wil6210-aoa$0,1606461629.781571,04:d6:aa:c1:38:97,2,1,1,0,128,318,900,780,761,934,976,383,400,124,366,1,169,817,39,149,525,353,763,829,680,765,10,729,14,182,352,143,277,360,29,388,100,55,103,94,100,71,84,57,57,83,79,72,45,55,52,92,57,85,68,61,59,37,52,41,51,75,47,45,40,46,74,73,70
[ 30.095312] wil6210-aoa$0,1606461629.814682,04:d6:aa:c1:38:97,2,1,1,0,128,238,904,773,788,958,1005,387,369,134,343,54,200,854,75,176,594,878,974,402,918,697,9,716,41,185,326,176,302,384,87,39,781,57,103,94,97,75,86,57,56,85,78,72,46,57,53,95,60,85,67,60,63,38,53,44,54,77,51,47,42,49,76,79,74
[ 30.128239] wil6210-aoa$0,1606461629.847607,04:d6:aa:c1:38:97,2,1,1,0,128,215,896,798,820,882,1012,364,396,251,419,86,235,848,88,224,602,939,998,389,958,720,75,759,1023,229,392,144,262,414,69,22,756,54,104,93,98,72,83,55,56,80,76,68,43,52,50,93,54,81,67,58,59,35,52,40,50,75,46,44,40,46,73,70,67
[ 30.158605] wil6210-aoa$0,1606461629.877967,04:d6:aa:c1:38:97,2,1,1,0,128,260,915,805,762,922,991,842,171,118,340,56,236,878,113,97,510,341,741,859,772,128,838,162,831,270,394,106,243,335,1,816,616,54,103,92,97,74,83,56,56,82,78,71,44,54,50,92,57,82,68,58,60,37,52,43,50,73,47,48,41,46,72,73,69
[ 30.193854] wil6210-aoa$0,1606461629.913221,04:d6:aa:c1:38:97,2,1,1,0,128,772,722,753,734,437,829,837,163,651,150,535,6,801,65,204,594,828,901,374,866,205,851,168,860,650,131,608,67,391,60,307,64,54,104,92,95,73,82,54,57,80,75,69,43,51,49,89,57,80,65,57,60,36,52,40,49,70,45,45,37,44,72,71,64
[ 30.225148] wil6210-aoa$0,1606461629.944510,04:d6:aa:c1:38:97,2,1,1,0,128,264,878,797,812,930,1005,407,384,610,152,72,171,255,825,237,571,882,902,425,920,675,979,136,823,183,364,128,223,378,68,498,232,55,101,93,98,74,82,55,55,84,78,71,44,55,50,91,57,82,66,59,58,35,51,42,48,72,46,46,37,43,70,73,67
[ 30.253929] wil6210-aoa$0,1606461629.973296,04:d6:aa:c1:38:97,2,1,1,0,128,740,746,813,798,921,992,838,175,655,164,500,1008,801,48,134,549,929,975,353,869,700,1014,118,797,668,117,606,5,843,820,739,522,53,103,91,98,71,80,52,56,79,75,69,44,53,51,90,57,83,67,55,59,34,52,41,49,74,48,46,42,45,72,75,70
[ 30.285247] wil6210-aoa$0,1606461630.004609,04:d6:aa:c1:38:97,2,1,1,0,128,257,900,222,579,401,831,400,405,160,312,83,211,255,848,716,366,908,938,390,882,128,831,715,7,174,356,159,242,808,839,485,353,55,101,92,96,71,82,55,55,81,76,70,45,53,50,92,55,81,66,59,62,36,51,41,50,74,48,45,38,45,73,72,68
[ 30.314828] wil6210-aoa$0,1606461630.034194,04:d6:aa:c1:38:97,2,1,1,0,128,244,922,811,801,957,0,442,422,128,366,1022,158,870,59,223,583,912,915,870,700,783,44,95,836,203,327,598,60,366,12,137,972,54,104,91,99,75,84,57,56,83,79,73,46,57,53,95,58,85,68,60,62,36,55,43,52,75,49,48,42,50,72,79,74
[ 30.346320] wil6210-aoa$0,1606461630.065681,04:d6:aa:c1:38:97,2,1,1,0,128,325,964,779,785,895,983,398,365,179,352,528,13,845,45,703,386,928,960,349,879,764,53,120,804,750,162,99,197,435,74,124,855,55,104,96,102,77,85,56,57,85,79,72,45,55,52,93,59,85,68,60,62,37,53,43,50,76,49,49,43,48,76,79,73
[ 30.383013] wil6210-aoa$0,1606461630.102375,04:d6:aa:c1:38:97,2,1,1,0,128,827,743,742,758,956,1004,891,198,614,144,497,1021,268,849,238,574,897,955,793,655,204,861,723,1023,196,316,577,32,346,31,717,525,54,105,95,100,74,82,57,59,84,78,71,43,53,52,91,56,81,69,58,59,35,50,39,48,70,45,44,37,42,67,70,63
[ 30.420204] wil6210-aoa$0,1606461630.139566,04:d6:aa:c1:38:97,2,1,1,0,128,280,972,768,769,908,1011,421,440,114,355,59,230,880,77,207,619,852,921,397,902,724,39,664,974,213,361,615,58,420,61,41,859,48,89,82,85,62,73,48,49,70,67,59,39,47,45,82,50,74,59,53,52,32,47,36,44,66,43,40,35,41,64,65,61
[ 30.452412] wil6210-aoa$0,1606461630.171779,04:d6:aa:c1:38:97,2,1,1,0,128,776,739,774,788,423,868,378,391,187,385,40,153,250,842,673,397,316,722,851,685,184,847,799,26,182,332,566,22,854,825,664,491,55,99,92,96,75,85,58,58,85,80,74,47,57,54,100,60,89,69,62,64,39,57,43,53,77,51,50,44,52,78,80,75
[ 30.481011] wil6210-aoa$0,1606461630.200373,04:d6:aa:c1:38:97,2,1,1,0,128,300,935,803,790,929,993,382,379,149,369,51,221,837,80,168,577,890,951,387,894,786,90,711,997,204,355,131,252,348,34,458,192,47,91,82,90,65,73,51,51,72,67,60,38,44,45,79,49,73,59,51,52,31,43,33,41,64,40,36,33,39,60,61,55
[ 30.513582] wil6210-aoa$0,1606461630.232950,04:d6:aa:c1:38:97,2,1,1,0,128,303,945,773,777,962,11,444,453,129,388,36,177,813,66,194,596,880,957,345,932,203,888,714,28,249,389,67,222,452,86,277,3,56,103,90,98,73,85,57,58,83,81,71,46,55,52,94,57,85,68,63,62,37,55,43,52,76,50,50,43,50,77,82,77
[ 30.541799] wil6210-aoa$0,1606461630.261168,04:d6:aa:c1:38:97,2,1,1,0,128,290,921,841,805,891,961,935,249,160,358,114,203,811,35,207,595,886,952,426,916,723,11,752,9,174,340,53,205,797,871,451,253,58,118,105,110,84,93,60,63,91,85,77,49,58,57,100,64,93,76,67,67,40,55,45,54,79,49,49,43,48,75,76,70
[ 30.570298] wil6210-aoa$0,1606461630.289665,04:d6:aa:c1:38:97,2,1,1,0,128,719,697,231,588,977,19,417,411,132,378,35,157,846,27,251,606,895,975,354,926,725,14,686,24,310,458,119,225,343,1017,17,737,52,101,87,95,71,80,54,54,79,77,69,43,51,49,88,56,79,66,57,59,32,49,39,47,71,44,42,37,44,69,67,61
[ 30.603618] wil6210-aoa$0,1606461630.322987,04:d6:aa:c1:38:97,2,1,1,0,128,771,730,779,786,325,797,895,245,157,338,508,1011,195,825,229,587,367,756,403,936,679,1008,717,17,209,378,82,199,452,127,553,235,54,100,93,98,72,83,54,54,80,77,70,43,53,51,91,56,83,67,57,58,37,51,41,50,73,47,44,39,46,71,70,66
[ 30.635103] wil6210-aoa$0,1606461630.354465,04:d6:aa:c1:38:97,2,1,1,0,128,761,700,806,783,865,934,909,189,603,156,557,10,835,16,166,553,954,968,312,882,699,5,690,1012,672,157,565,0,787,816,26,896,52,101,90,97,69,82,55,56,81,76,72,45,51,51,91,58,80,66,59,59,35,51,39,51,70,46,46,38,45,67,72,67
[ 30.671770] wil6210-aoa$0,1606461630.391133,04:d6:aa:c1:38:97,2,1,1,0,128,260,916,865,792,969,7,494,475,164,382,80,207,826,52,143,562,853,949,314,879,220,891,171,866,715,202,585,46,864,887,509,221,54,101,91,97,74,83,55,56,83,76,71,44,52,52,94,58,80,66,59,59,35,53,42,51,73,48,46,40,46,72,75,65
[ 30.708744] wil6210-aoa$0,1606461630.428114,04:d6:aa:c1:38:97,2,1,1,0,128,293,910,742,769,389,841,428,421,184,399,102,239,823,49,190,543,960,982,417,930,817,73,743,16,238,390,153,233,393,60,301,51,53,98,92,97,70,83,55,55,80,76,70,45,55,55,89,58,83,66,58,59,36,54,43,52,75,49,47,41,48,74,76,71
[ 30.739434] wil6210-aoa$0,1606461630.458796,04:d6:aa:c1:38:97,2,1,1,0,128,228,862,265,585,388,839,860,189,642,181,63,208,769,1016,643,354,297,724,862,717,111,833,166,847,700,210,84,207,330,33,33,841,56,103,91,96,74,85,57,56,82,79,70,46,53,52,94,58,84,67,61,61,35,53,42,49,73,47,47,41,50,76,75,72
[ 30.774414] wil6210-aoa$0,1606461630.493782,04:d6:aa:c1:38:97,2,1,1,0,128,223,896,221,549,373,785,889,225,207,359,90,217,802,64,187,559,846,916,387,914,751,79,729,61,256,370,62,204,819,822,158,936,56,105,96,100,73,86,57,57,84,78,71,46,55,52,94,59,84,69,60,61,37,53,43,53,72,47,46,42,48,73,76,70
[ 30.807226] wil6210-aoa$0,1606461630.526588,04:d6:aa:c1:38:97,2,1,1,0,128,785,752,719,772,366,853,901,228,631,161,533,8,858,73,216,604,907,973,378,926,678,1012,209,868,231,378,169,248,403,63,196,943,51,95,86,91,67,77,53,54,78,72,67,45,51,51,89,54,78,63,56,57,35,51,39,47,68,46,44,39,46,71,73,67
[ 30.835718] wil6210-aoa$0,1606461630.555084,04:d6:aa:c1:38:97,2,1,1,0,128,269,916,774,758,369,792,439,377,208,391,18,160,830,35,672,353,391,761,876,758,707,17,696,6,195,355,114,214,368,37,502,303,50,95,85,89,65,74,52,53,75,72,65,40,49,47,86,54,78,64,55,55,34,47,39,44,67,44,43,38,43,65,67,64
[ 30.867061] wil6210-aoa$0,1606461630.586423,04:d6:aa:c1:38:97,2,1,1,0,128,318,932,711,730,950,992,370,373,213,337,73,216,830,59,237,608,936,994,376,952,747,79,770,9,147,332,147,224,356,38,231,968,54,100,92,98,74,84,56,57,82,76,70,42,53,49,91,56,83,69,58,58,36,51,41,50,71,48,44,39,45,71,70,66
[ 30.901531] wil6210-aoa$0,1606461630.620898,04:d6:aa:c1:38:97,2,1,1,0,128,290,897,800,778,917,1015,387,397,136,386,50,197,820,61,211,600,947,995,394,930,739,63,721,60,210,406,102,217,396,64,492,211,55,103,91,98,72,84,56,56,83,78,70,46,55,53,94,58,84,69,60,62,38,54,43,53,77,51,47,43,48,75,79,75
[ 30.929848] wil6210-aoa$0,1606461630.649213,04:d6:aa:c1:38:97,2,1,1,0,128,317,924,759,718,424,798,408,389,201,395,63,220,834,41,126,502,903,927,393,918,674,999,183,875,249,392,145,257,387,55,171,869,54,103,91,95,73,83,55,56,81,79,70,43,53,52,92,56,83,70,59,59,36,54,41,50,72,48,46,40,48,74,76,71
[ 30.963967] wil6210-aoa$0,1606461630.683335,04:d6:aa:c1:38:97,2,1,1,0,128,285,942,800,749,923,979,449,432,156,373,66,215,868,93,170,551,948,959,413,933,720,0,786,51,204,341,118,234,423,25,745,495,56,100,92,96,73,85,54,56,84,80,69,44,55,53,95,58,85,67,60,62,36,52,42,51,74,48,48,41,49,74,76,71
[ 30.992464] wil6210-aoa$0,1606461630.711832,04:d6:aa:c1:38:97,2,1,1,0,128,347,962,729,729,427,833,861,190,629,118,58,176,230,831,628,344,356,781,331,886,726,56,698,1016,231,375,98,251,312,26,130,1011,56,101,91,98,73,86,56,57,83,80,71,45,56,52,98,60,88,69,61,62,38,56,42,54,75,50,50,44,49,78,78,76
[ 31.027005] wil6210-aoa$0,1606461630.746371,04:d6:aa:c1:38:97,2,1,1,0,128,332,994,797,776,959,968,900,169,192,351,36,219,878,97,163,586,912,965,361,954,711,16,658,996,696,164,602,82,341,1017,371,180,53,100,91,100,71,81,55,54,80,75,68,41,53,50,90,56,83,65,57,57,36,51,38,48,71,46,42,38,43,68,70,63
[ 31.060937] wil6210-aoa$0,1606461630.780302,04:d6:aa:c1:38:97,2,1,1,0,128,769,762,790,793,959,990,454,401,113,351,1012,147,843,69,156,533,341,721,887,747,183,850,736,17,164,353,68,220,389,67,396,97,54,103,91,96,73,83,55,56,81,77,71,43,54,51,93,57,81,66,58,61,35,50,40,50,72,46,44,39,43,69,71,66
[ 31.092323] wil6210-aoa$0,1606461630.811685,04:d6:aa:c1:38:97,2,1,1,0,128,286,944,782,789,932,1014,404,419,160,367,7,182,843,42,161,541,936,937,413,927,711,22,720,1006,689,153,111,236,341,31,877,698,55,100,90,98,73,85,56,55,85,80,71,46,56,52,98,61,85,67,61,62,38,57,46,55,76,52,50,46,52,78,82,80
[ 31.122011] wil6210-aoa$0,1606461630.841374,04:d6:aa:c1:38:97,2,1,1,0,128,252,890,797,771,907,980,447,461,185,354,70,186,274,889,641,364,332,757,346,860,689,978,677,1009,184,360,609,17,351,6,196,979,54,99,89,95,75,86,57,56,82,79,71,44,56,54,96,58,85,70,60,60,36,53,43,51,73,49,47,41,46,72,74,71
[ 31.155356] wil6210-aoa$0,1606461630.874721,04:d6:aa:c1:38:97,2,1,1,0,128,297,937,784,764,1003,26,425,387,180,363,17,183,884,89,207,596,900,909,369,910,706,13,154,817,690,178,99,202,395,52,992,655,55,102,94,97,75,87,56,58,84,82,71,46,56,52,94,60,85,68,61,62,39,55,44,53,77,52,49,42,49,76,77,73
[ 31.191348] wil6210-aoa$0,1606461630.910711,04:d6:aa:c1:38:97,2,1,1,0,128,301,937,754,767,904,964,386,370,130,346,33,174,836,44,672,366,357,766,882,719,194,902,722,12,651,194,83,195,358,34,558,288,56,105,92,100,73,84,54,56,83,76,70,42,52,50,90,55,81,68,57,62,34,49,40,47,71,43,44,38,41,69,69,66
[ 31.228866] wil6210-aoa$0,1606461630.948234,04:d6:aa:c1:38:97,2,1,1,0,128,346,971,795,740,880,977,415,368,627,175,76,193,844,54,195,588,871,947,385,896,714,1018,654,979,722,192,574,1022,874,884,753,553,58,104,94,102,74,87,58,58,86,82,70,47,56,52,95,58,86,69,63,62,38,53,43,53,75,48,46,41,48,71,75,70
[ 31.272148] wil6210-aoa$0,1606461630.991511,04:d6:aa:c1:38:97,2,1,1,0,128,326,966,765,760,948,1020,445,401,177,398,500,1013,348,938,673,422,339,800,860,746,734,23,711,14,681,158,146,270,361,21,182,990,56,105,96,103,76,90,55,57,85,82,73,46,57,55,98,61,87,72,62,62,40,56,44,55,78,51,50,44,51,76,79,73
[ 31.304739] wil6210-aoa$0,1606461631.024109,04:d6:aa:c1:38:97,2,1,1,0,128,251,920,747,740,951,1019,392,369,191,377,71,194,829,64,222,558,875,944,332,890,726,36,694,10,177,359,103,215,401,27,556,265,56,104,93,99,74,85,56,58,84,80,73,44,52,53,92,57,83,66,60,59,35,53,42,51,72,47,47,40,44,72,73,69
[ 31.341882] wil6210-aoa$0,1606461631.061246,04:d6:aa:c1:38:97,2,1,1,0,128,248,900,813,829,883,975,424,424,202,433,77,253,801,42,280,618,930,968,369,886,723,1022,829,77,196,368,120,247,384,55,258,985,55,104,93,97,74,85,56,58,85,80,71,46,58,52,98,60,83,69,61,62,38,56,43,56,76,50,49,45,49,77,81,77
[ 31.378320] wil6210-aoa$0,1606461631.097688,04:d6:aa:c1:38:97,2,1,1,0,128,293,909,762,790,948,8,473,390,162,341,42,201,828,29,230,584,940,967,440,961,693,5,773,31,238,387,142,278,362,71,323,94,55,102,93,99,71,84,54,55,82,77,69,45,53,51,92,58,85,68,59,61,36,52,41,50,74,48,45,41,46,72,72,69
[ 31.411350] wil6210-aoa$0,1606461631.130713,04:d6:aa:c1:38:97,2,1,1,0,128,277,917,789,783,355,811,914,189,168,360,59,184,882,58,154,549,927,987,366,926,779,68,745,28,294,447,133,260,320,37,113,834,53,102,91,97,71,81,54,56,83,77,68,41,52,50,90,56,81,65,59,60,35,51,39,48,72,45,44,38,44,70,72,63
[ 31.446054] wil6210-aoa$0,1606461631.165420,04:d6:aa:c1:38:97,2,1,1,0,128,261,899,851,846,945,1006,477,441,178,406,8,157,871,63,186,578,979,993,385,904,704,26,679,985,217,379,117,223,389,31,597,236,54,101,90,97,73,84,56,54,82,79,71,45,55,50,94,58,83,68,62,62,37,55,44,54,74,49,48,44,48,73,75,71
[ 31.474660] wil6210-aoa$0,1606461631.194027,04:d6:aa:c1:38:97,2,1,1,0,128,328,944,832,833,908,1011,376,397,227,440,1014,168,878,111,178,582,891,953,829,700,755,78,725,17,236,375,74,210,393,41,992,735,54,102,92,99,72,84,55,57,82,76,70,45,55,53,91,58,80,67,57,60,35,53,42,52,74,49,48,41,48,74,76,68
[ 31.512806] wil6210-aoa$0,1606461631.232168,04:d6:aa:c1:38:97,2,1,1,0,128,289,926,827,805,930,11,437,436,150,357,20,178,820,64,204,578,823,933,366,935,738,66,735,34,718,197,148,243,399,59,584,356,53,99,89,96,71,83,55,55,82,78,69,45,54,53,92,57,81,66,58,60,36,52,43,50,73,46,44,40,45,71,71,69
[ 31.542349] wil6210-aoa$0,1606461631.261717,04:d6:aa:c1:38:97,2,1,1,0,128,753,764,230,588,952,2,471,411,160,355,99,223,873,60,133,509,331,706,846,649,192,831,229,875,236,365,115,196,355,1008,660,512,52,100,93,97,70,80,51,55,79,76,67,42,50,47,89,55,80,65,57,57,34,47,39,47,72,44,42,36,42,68,68,61
[ 31.571386] wil6210-aoa$0,1606461631.290756,04:d6:aa:c1:38:97,2,1,1,0,128,256,934,736,752,386,827,838,176,627,199,515,29,888,64,187,584,928,1007,382,869,231,861,737,49,678,172,573,32,868,864,505,225,54,105,93,99,71,82,56,58,82,77,69,44,53,53,90,58,83,67,59,58,36,51,41,49,72,46,43,37,44,69,72,67
[ 31.600471] wil6210-aoa$0,1606461631.319834,04:d6:aa:c1:38:97,2,1,1,0,128,753,728,768,764,407,821,865,194,622,186,17,183,868,71,162,586,367,748,399,903,178,857,709,43,200,319,575,1007,361,1001,345,135,57,106,93,101,72,84,58,57,86,80,71,43,53,50,92,59,82,69,58,61,35,52,41,52,72,48,47,41,46,73,73,71
[ 31.634333] wil6210-aoa$0,1606461631.353703,04:d6:aa:c1:38:97,2,1,1,0,128,297,938,242,628,940,977,877,210,172,370,579,34,872,67,193,588,879,945,394,886,792,70,703,19,238,374,164,274,257,976,1005,714,57,104,96,101,75,87,59,58,89,84,74,47,57,54,98,59,88,69,62,65,38,55,44,54,76,50,49,43,50,75,78,72
[ 31.670980] wil6210-aoa$0,1606461631.390346,04:d6:aa:c1:38:97,2,1,1,0,128,223,875,785,765,958,994,385,369,164,383,28,173,266,891,242,612,949,978,369,871,165,867,741,7,634,149,600,35,797,834,612,440,57,107,94,100,76,87,59,60,83,80,73,46,54,52,94,58,84,69,60,62,37,52,43,50,73,49,45,39,47,71,69,67
[ 31.708875] wil6210-aoa$0,1606461631.428244,04:d6:aa:c1:38:97,2,1,1,0,128,311,954,802,796,899,10,373,402,181,406,89,222,788,16,210,612,963,961,394,936,634,1023,736,36,209,365,665,70,859,868,140,1000,55,100,89,95,73,83,58,56,83,80,72,48,54,54,96,59,85,68,61,60,38,54,44,51,73,49,47,42,49,76,77,74
[ 31.741774] wil6210-aoa$0,1606461631.461136,04:d6:aa:c1:38:97,2,1,1,0,128,738,704,203,539,414,829,898,238,144,352,1013,156,265,857,605,352,336,746,384,944,146,842,725,1021,230,374,111,232,795,844,180,24,57,101,93,96,73,84,55,57,81,77,71,45,55,53,92,57,82,68,58,60,35,52,41,50,74,49,46,40,45,71,75,69
[ 31.777417] wil6210-aoa$0,1606461631.496785,04:d6:aa:c1:38:97,2,1,1,0,128,751,704,784,782,899,1006,931,218,619,113,86,206,799,14,226,548,895,959,400,893,77,815,738,4,184,351,63,158,842,874,998,982,53,100,90,96,72,84,55,56,83,76,71,44,55,54,92,57,84,67,59,62,37,52,42,51,74,49,47,43,48,73,79,72
[ 31.812329] wil6210-aoa$0,1606461631.531692,04:d6:aa:c1:38:97,2,1,1,0,128,338,961,802,778,906,1021,410,417,152,385,89,230,817,68,206,584,908,975,406,958,742,35,769,66,289,395,97,234,379,99,114,887,56,99,91,96,73,85,56,55,83,79,69,47,56,52,98,59,84,68,61,62,38,54,44,54,77,51,48,45,51,78,82,75
[ 31.845014] wil6210-aoa$0,1606461631.564384,04:d6:aa:c1:38:97,2,1,1,0,128,230,902,741,761,942,1014,372,397,168,404,45,209,833,59,181,576,912,967,368,932,726,56,703,25,160,340,151,275,338,27,51,858,54,101,91,98,72,86,55,56,80,79,70,47,52,52,96,58,85,67,59,60,36,53,42,52,77,50,48,42,48,73,74,69
[ 31.874109] wil6210-aoa$0,1606461631.593480,04:d6:aa:c1:38:97,2,1,1,0,128,334,996,852,794,939,1013,419,424,216,382,72,217,807,26,193,582,898,929,826,679,749,19,761,42,216,361,99,214,414,71,577,334,56,103,91,96,71,83,56,57,83,77,71,45,55,53,93,56,84,67,58,60,36,53,41,51,72,50,46,43,48,72,78,72
[ 31.907261] wil6210-aoa$0,1606461631.626625,04:d6:aa:c1:38:97,2,1,1,0,128,310,938,713,729,925,995,864,207,207,353,2,161,824,44,170,574,941,975,356,900,749,70,739,33,211,355,136,246,409,71,856,614,56,100,92,98,74,85,57,58,83,80,71,47,56,51,92,59,84,68,58,60,37,55,44,53,74,50,50,44,48,75,77,75
[ 31.936926] wil6210-aoa$0,1606461631.656296,04:d6:aa:c1:38:97,2,1,1,0,128,331,974,756,783,948,994,463,461,205,407,66,209,803,21,243,564,984,989,439,955,702,1018,753,1,304,448,133,257,407,115,539,121,55,101,90,95,72,85,56,55,83,78,71,47,55,51,95,60,84,67,58,60,37,52,44,52,75,49,48,42,50,75,76,70
[ 31.970799] wil6210-aoa$0,1606461631.690163,04:d6:aa:c1:38:97,2,1,1,0,128,801,744,229,593,358,807,922,251,142,360,68,224,752,13,204,626,876,953,378,923,740,30,731,37,170,327,144,214,902,897,407,111,54,104,94,99,72,85,54,54,80,78,70,45,53,52,93,57,83,68,59,61,37,52,41,49,73,46,46,39,47,70,72,67
[ 32.000118] wil6210-aoa$0,1606461631.719489,04:d6:aa:c1:38:97,2,1,1,0,128,287,944,755,769,980,1,335,355,634,179,531,1023,329,937,625,342,959,1010,847,732,704,43,756,29,183,352,562,18,895,875,604,406,55,103,92,99,75,85,58,58,84,79,75,49,57,53,98,59,88,69,61,62,40,58,45,54,78,53,51,46,55,79,83,79
[ 32.033574] wil6210-aoa$0,1606461631.752939,04:d6:aa:c1:38:97,2,1,1,0,128,350,964,769,764,924,997,381,385,86,349,19,175,283,883,624,342,959,1005,352,928,746,48,751,29,252,441,86,233,261,1023,645,399,57,104,95,98,77,86,58,60,83,82,73,48,56,54,100,61,87,71,63,65,39,58,46,54,76,54,51,46,50,77,82,79
[ 32.064855] wil6210-aoa$0,1606461631.784218,04:d6:aa:c1:38:97,2,1,1,0,128,280,893,788,721,935,1009,866,193,625,196,17,183,789,49,633,363,386,796,367,905,654,4,187,873,702,206,68,191,366,21,714,591,56,107,93,100,74,82,53,58,83,78,71,45,54,52,92,57,82,69,61,62,37,51,41,51,74,48,46,41,47,74,74,69
[ 32.102205] wil6210-aoa$0,1606461631.821575,04:d6:aa:c1:38:97,2,1,1,0,128,265,929,743,802,870,971,900,243,126,366,74,246,836,78,138,595,289,734,865,717,227,870,778,32,265,366,88,218,349,1019,83,771,53,101,90,97,74,84,55,57,83,79,69,47,56,55,96,58,85,68,61,63,37,55,45,51,76,50,48,42,48,74,78,74
[ 32.131661] wil6210-aoa$0,1606461631.851031,04:d6:aa:c1:38:97,2,1,1,0,128,313,942,170,554,416,837,447,434,89,307,94,216,717,1008,728,411,389,776,923,764,700,23,730,1021,695,174,571,15,353,53,762,477,53,104,92,96,71,84,54,55,82,76,68,43,52,50,90,58,82,68,59,62,36,50,42,51,75,47,46,40,46,71,74,68
[ 32.161183] wil6210-aoa$0,1606461631.880546,04:d6:aa:c1:38:97,2,1,1,0,128,226,912,765,729,865,964,429,380,585,101,515,992,292,866,665,369,315,754,393,902,164,839,673,1011,231,360,555,33,801,856,460,314,55,104,92,98,71,84,55,54,83,77,71,46,53,51,93,59,84,67,58,60,37,54,42,51,73,48,45,40,46,71,76,71
[ 32.195470] wil6210-aoa$0,1606461631.914839,04:d6:aa:c1:38:97,2,1,1,0,128,233,905,747,716,963,973,373,337,216,403,498,1017,805,44,584,340,320,744,386,889,747,27,727,37,237,397,134,260,393,55,152,928,51,102,92,96,72,79,53,54,82,74,70,43,53,52,92,54,84,66,56,59,36,52,39,47,72,46,45,36,45,69,69,63
[ 32.224741] wil6210-aoa$0,1606461631.944108,04:d6:aa:c1:38:97,2,1,1,0,128,253,919,773,774,901,973,885,206,202,394,12,160,249,833,194,574,883,885,411,919,747,19,167,849,702,143,148,266,297,1000,958,789,53,101,90,96,70,80,54,55,81,76,69,44,53,50,92,57,81,67,58,59,36,50,40,49,72,46,43,37,45,69,68,66
[ 32.257391] wil6210-aoa$0,1606461631.976753,04:d6:aa:c1:38:97,2,1,1,0,128,233,908,260,598,931,30,406,431,46,318,554,30,297,870,661,393,846,923,341,900,716,2,161,822,615,125,88,188,383,44,869,623,51,103,91,98,70,82,52,55,83,76,69,44,51,52,90,56,82,66,58,58,36,52,40,48,71,45,45,37,44,70,72,67
[ 32.293746] wil6210-aoa$0,1606461632.013112,04:d6:aa:c1:38:97,2,1,1,0,128,264,939,748,737,891,974,847,169,593,128,551,2,863,97,152,582,840,930,866,764,163,873,170,859,718,181,597,55,388,41,945,711,54,100,91,98,70,82,54,55,82,76,68,43,52,49,88,56,83,66,57,58,36,52,40,48,73,46,44,39,45,72,69,63
