
[ 82.977808] wil6210-aoa$0,1606461683.129751,04:d6:aa:c1:38:97,2,1,1,0,128,757,740,748,712,915,964,878,220,653,194,514,1001,910,109,122,560,853,936,836,684,185,854,713,1,239,394,94,260,334,25,1,792,55,105,97,103,76,83,54,58,83,78,73,43,53,52,94,57,82,70,59,60,37,52,41,50,73,45,45,39,44,70,71,63
[ 83.014237] wil6210-aoa$0,1606461683.166178,04:d6:aa:c1:38:97,2,1,1,0,128,271,905,797,785,885,981,897,234,154,353,68,208,258,868,696,373,362,749,787,682,176,843,196,850,692,205,601,48,809,852,223,17,58,104,98,102,78,91,59,60,86,82,74,48,58,56,102,63,88,71,63,64,40,58,47,56,80,51,49,45,49,81,80,74
[ 83.055859] wil6210-aoa$0,1606461683.207802,04:d6:aa:c1:38:97,2,1,1,0,128,272,912,802,790,976,20,412,373,187,411,92,226,807,47,209,620,906,962,389,929,744,53,736,34,216,401,96,245,360,53,806,420,62,114,103,108,83,97,63,63,94,87,77,50,59,58,101,64,93,75,65,67,41,58,49,55,81,53,52,45,52,78,83,77
[ 83.091134] wil6210-aoa$0,1606461683.243075,04:d6:aa:c1:38:97,2,1,1,0,128,719,674,260,594,367,796,905,233,663,165,507,984,226,841,686,407,938,994,348,912,706,27,782,39,197,368,572,34,771,834,330,253,58,109,97,103,78,91,56,60,86,82,75,47,57,55,96,61,90,70,62,63,39,55,44,54,77,49,49,43,48,76,78,72
[ 83.123141] wil6210-aoa$0,1606461683.275084,04:d6:aa:c1:38:97,2,1,1,0,128,294,910,778,756,910,970,924,222,174,375,86,205,244,884,167,560,840,910,366,930,719,10,721,49,182,373,145,248,377,52,657,370,59,112,104,108,80,93,61,61,91,86,78,51,59,57,101,62,92,74,65,68,39,61,46,59,83,54,51,45,54,83,84,79
[ 83.162374] wil6210-aoa$0,1606461683.314287,04:d6:aa:c1:38:97,2,1,1,0,128,218,873,801,821,930,1014,470,458,268,406,38,185,887,68,257,623,914,978,367,893,780,105,738,28,231,375,109,244,356,0,24,762,61,110,98,103,79,90,60,61,89,84,77,54,61,57,105,65,92,73,66,68,41,62,50,60,82,59,55,49,56,83,88,85
[ 83.207582] wil6210-aoa$0,1606461683.359528,04:d6:aa:c1:38:97,2,1,1,0,128,303,913,212,577,893,1020,816,199,146,358,11,180,821,73,215,596,897,962,388,950,729,32,681,16,158,383,583,48,815,890,593,383,57,104,95,101,76,89,58,58,85,81,73,49,58,53,98,62,87,70,60,64,38,57,47,56,78,54,50,46,52,79,81,78
[ 83.244035] wil6210-aoa$0,1606461683.395978,04:d6:aa:c1:38:97,2,1,1,0,128,269,926,780,768,944,977,448,424,164,413,12,179,853,94,130,528,888,974,379,950,695,34,689,1022,659,137,574,31,889,913,863,622,64,113,102,109,83,96,63,64,94,87,81,54,63,59,106,65,95,76,68,68,43,62,50,61,83,56,53,50,55,83,90,84
[ 83.280598] wil6210-aoa$0,1606461683.432537,04:d6:aa:c1:38:97,2,1,1,0,128,288,959,758,751,988,13,447,437,191,393,42,197,842,41,215,580,971,1002,366,913,740,25,684,15,189,293,164,251,364,25,102,817,54,104,91,95,72,82,55,57,79,78,69,44,52,49,90,56,82,67,59,60,35,52,41,47,72,45,47,37,46,71,72,65
[ 83.316158] wil6210-aoa$0,1606461683.468102,04:d6:aa:c1:38:97,2,1,1,0,128,336,951,832,814,881,965,915,194,682,175,38,181,806,3,238,566,962,988,420,937,684,9,730,10,195,372,65,205,308,23,1021,832,55,104,93,97,74,83,56,56,82,78,68,45,52,51,92,56,85,66,59,59,35,53,41,49,72,47,46,38,46,72,71,67
[ 83.346667] wil6210-aoa$0,1606461683.498611,04:d6:aa:c1:38:97,2,1,1,0,128,309,923,289,602,1000,992,361,328,238,432,99,194,779,30,172,557,897,960,368,914,733,35,714,50,186,373,113,238,375,51,403,163,56,106,95,102,75,86,55,59,85,81,73,44,54,53,96,61,87,69,62,63,37,53,42,53,77,49,49,43,50,76,79,74
[ 83.382980] wil6210-aoa$0,1606461683.534925,04:d6:aa:c1:38:97,2,1,1,0,128,272,926,817,784,980,32,455,419,203,414,63,215,832,30,208,568,945,961,428,953,717,15,711,40,227,357,96,188,318,4,344,102,61,111,103,110,82,94,65,66,93,88,80,49,60,59,104,67,95,76,66,67,42,60,48,57,82,55,52,45,54,82,86,79
[ 83.415062] wil6210-aoa$0,1606461683.567006,04:d6:aa:c1:38:97,2,1,1,0,128,326,922,818,788,403,832,340,331,656,184,43,173,827,13,196,548,893,959,375,883,774,47,704,1017,146,340,109,231,332,7,939,545,56,101,91,98,73,84,55,59,83,78,70,42,54,53,93,56,84,68,59,61,38,53,42,51,75,49,47,41,47,72,76,70
[ 83.452186] wil6210-aoa$0,1606461683.604126,04:d6:aa:c1:38:97,2,1,1,0,128,283,934,788,764,969,1007,384,383,181,400,37,216,873,59,222,598,930,972,804,709,216,855,690,10,218,400,109,226,384,53,564,274,55,106,95,102,79,87,57,59,85,80,71,44,55,54,96,57,86,69,62,62,36,53,44,51,73,49,48,42,49,74,78,72
[ 83.487686] wil6210-aoa$0,1606461683.639630,04:d6:aa:c1:38:97,2,1,1,0,128,271,921,818,799,996,0,376,415,202,390,69,218,214,880,214,591,938,955,423,951,763,85,719,40,287,436,81,234,305,1019,570,343,56,103,93,97,74,84,53,57,82,77,71,44,54,54,91,57,85,68,59,61,37,52,40,48,72,47,44,37,45,72,70,65
[ 83.532924] wil6210-aoa$0,1606461683.684868,04:d6:aa:c1:38:97,2,1,1,0,128,282,912,766,754,933,1016,372,360,126,318,573,32,273,863,214,555,874,952,385,887,723,19,690,1006,245,359,108,205,394,62,287,998,56,103,92,98,73,83,55,58,82,74,73,46,53,52,93,57,82,65,60,58,36,51,41,47,73,46,42,38,47,70,69,65
[ 83.564232] wil6210-aoa$0,1606461683.716175,04:d6:aa:c1:38:97,2,1,1,0,128,288,930,783,819,855,961,845,199,164,375,27,166,260,876,642,384,920,959,387,903,164,866,708,984,245,371,87,194,794,889,132,1000,56,103,94,102,73,85,57,57,84,78,70,43,54,52,94,57,83,66,57,62,35,49,41,49,73,46,45,39,45,72,72,66
[ 83.601228] wil6210-aoa$0,1606461683.753172,04:d6:aa:c1:38:97,2,1,1,0,128,766,723,248,618,411,838,437,431,196,386,75,198,826,24,212,579,913,959,326,846,694,28,716,2,678,186,76,186,358,16,839,679,50,100,92,98,69,80,54,55,78,70,68,42,48,48,85,52,74,64,53,55,32,46,34,44,65,39,39,32,39,63,60,56
[ 83.637817] wil6210-aoa$0,1606461683.789760,04:d6:aa:c1:38:97,2,1,1,0,128,716,703,229,575,952,12,365,388,172,374,43,183,806,81,215,608,944,989,395,959,712,18,766,15,214,401,105,262,366,1013,864,654,56,105,95,99,76,85,55,59,83,76,69,42,51,50,86,54,80,67,55,58,34,47,38,46,70,41,40,33,40,66,60,57
[ 83.673082] wil6210-aoa$0,1606461683.825022,04:d6:aa:c1:38:97,2,1,1,0,128,773,710,847,794,916,973,903,184,152,335,533,1006,304,874,189,541,339,734,870,713,728,1021,771,12,164,323,130,242,337,27,456,212,59,106,95,101,76,87,60,59,85,83,74,50,57,54,99,62,89,70,65,64,39,57,47,56,79,52,50,44,51,79,80,76
[ 83.706414] wil6210-aoa$0,1606461683.858355,04:d6:aa:c1:38:97,2,1,1,0,128,305,917,773,786,953,8,448,448,141,371,70,184,903,86,180,583,866,928,355,906,179,867,749,32,149,324,118,239,389,53,336,89,63,113,103,110,83,92,63,64,93,86,80,52,60,58,104,64,92,75,67,68,41,61,48,56,81,55,52,44,53,80,81,75
[ 83.745595] wil6210-aoa$0,1606461683.897539,04:d6:aa:c1:38:97,2,1,1,0,128,273,924,811,803,948,24,442,430,199,370,25,211,858,83,192,582,937,975,369,914,745,60,743,59,201,391,114,246,370,33,636,428,57,108,94,101,75,85,58,59,84,79,74,46,56,53,94,60,85,68,62,62,36,54,41,50,74,48,47,40,47,74,73,70
[ 83.782599] wil6210-aoa$0,1606461683.934539,04:d6:aa:c1:38:97,2,1,1,0,128,193,873,824,806,920,1001,424,400,147,334,41,218,295,904,211,618,852,878,912,762,749,36,721,19,209,397,104,205,344,35,8,780,61,112,97,102,80,91,62,62,90,86,79,53,61,57,103,64,92,75,66,68,42,61,49,58,81,55,52,48,56,81,87,80
[ 83.817135] wil6210-aoa$0,1606461683.969077,04:d6:aa:c1:38:97,2,1,1,0,128,329,958,769,771,949,1011,440,408,142,354,87,216,774,5,155,575,937,956,333,886,762,63,700,35,204,372,551,16,364,30,902,699,61,109,100,105,81,91,61,62,91,83,76,51,61,56,102,64,91,72,63,67,41,59,47,56,82,52,51,47,53,82,82,79
[ 83.851267] wil6210-aoa$0,1606461684.003207,04:d6:aa:c1:38:97,2,1,1,0,128,295,916,741,747,925,1016,446,414,81,317,47,190,837,57,200,594,899,955,345,886,771,7,725,14,246,423,64,190,392,36,995,798,60,107,98,103,77,91,60,61,87,82,76,47,59,56,99,63,91,72,64,65,40,56,45,54,79,53,51,44,51,81,81,77
[ 83.892143] wil6210-aoa$0,1606461684.044083,04:d6:aa:c1:38:97,2,1,1,0,128,224,875,168,513,396,810,857,227,94,338,50,202,796,49,195,573,882,954,400,918,738,47,782,17,122,336,131,227,391,97,241,17,59,106,99,103,81,90,59,61,88,84,76,49,58,55,103,63,92,73,64,66,41,59,48,57,82,55,54,47,55,84,83,81
[ 83.924387] wil6210-aoa$0,1606461684.076331,04:d6:aa:c1:38:97,2,1,1,0,128,256,928,748,809,915,1000,349,396,159,375,36,216,777,1,737,406,940,946,874,738,174,860,751,57,211,349,124,215,380,28,225,20,61,106,98,104,81,93,62,61,90,84,76,49,61,56,104,63,91,73,65,66,39,58,48,57,82,55,51,47,55,80,85,80
[ 83.959157] wil6210-aoa$0,1606461684.111098,04:d6:aa:c1:38:97,2,1,1,0,128,298,927,817,796,966,997,368,398,152,377,89,202,868,70,161,598,914,989,339,917,761,29,681,0,207,390,115,199,378,68,387,126,59,109,98,102,79,89,59,59,89,84,74,49,58,55,101,61,90,73,65,64,40,58,47,55,80,52,49,44,50,77,77,74
[ 83.990552] wil6210-aoa$0,1606461684.142495,04:d6:aa:c1:38:97,2,1,1,0,128,290,921,798,820,953,10,386,392,176,386,40,196,799,45,247,624,895,951,357,890,738,9,713,11,235,386,81,231,347,45,727,526,61,109,98,103,80,92,60,61,89,86,77,50,58,57,100,64,90,73,65,67,39,57,46,56,83,53,50,46,53,79,83,74
[ 84.026646] wil6210-aoa$0,1606461684.178591,04:d6:aa:c1:38:97,2,1,1,0,128,341,956,818,810,896,1005,397,392,167,381,42,203,739,997,249,640,919,945,362,874,764,5,696,25,209,396,86,207,372,30,242,1006,58,108,97,103,80,88,62,61,89,83,76,48,59,57,103,64,91,74,65,66,40,59,46,56,81,55,53,48,53,80,84,81
[ 84.061889] wil6210-aoa$0,1606461684.213828,04:d6:aa:c1:38:97,2,1,1,0,128,249,925,759,772,984,4,438,428,183,432,0,190,820,65,144,535,402,783,320,862,150,853,779,70,216,376,84,199,374,34,606,397,55,106,96,101,74,84,53,56,82,76,70,44,52,52,90,56,83,69,59,59,33,48,39,47,70,41,44,34,43,67,66,59
[ 84.099664] wil6210-aoa$0,1606461684.251608,04:d6:aa:c1:38:97,2,1,1,0,128,814,799,790,803,942,995,448,411,212,378,41,187,875,89,261,647,959,983,322,848,739,55,784,29,252,382,158,230,373,37,161,968,55,98,89,94,73,83,56,55,80,78,70,46,55,51,94,57,85,66,58,61,36,55,45,53,74,50,48,44,51,76,79,75
[ 84.145369] wil6210-aoa$0,1606461684.297313,04:d6:aa:c1:38:97,2,1,1,0,128,345,963,837,819,965,1010,509,439,208,433,73,217,771,17,214,581,933,950,331,881,748,27,737,50,188,337,589,13,406,43,833,543,57,105,94,97,77,88,59,58,83,79,73,46,55,52,96,59,85,69,62,63,38,54,44,53,76,47,49,41,48,75,75,71
[ 84.182416] wil6210-aoa$0,1606461684.334359,04:d6:aa:c1:38:97,2,1,1,0,128,792,763,238,575,961,990,403,397,680,226,62,193,829,43,148,536,896,960,842,708,181,836,194,846,696,150,151,218,390,17,212,992,58,106,93,100,76,86,55,60,83,81,73,47,56,54,99,61,85,69,62,63,38,55,43,53,76,50,48,41,49,74,78,72
[ 84.213651] wil6210-aoa$0,1606461684.365596,04:d6:aa:c1:38:97,2,1,1,0,128,282,907,223,553,403,793,902,226,164,384,83,216,890,94,157,537,877,913,862,721,693,0,208,842,739,198,95,215,377,36,870,604,56,109,100,104,80,90,60,61,90,82,76,48,58,53,100,61,94,73,64,66,40,55,44,56,80,52,50,43,51,77,78,75
[ 84.248125] wil6210-aoa$0,1606461684.400066,04:d6:aa:c1:38:97,2,1,1,0,128,290,909,836,825,937,998,386,400,191,338,102,217,896,102,153,565,903,958,326,880,705,1,727,30,236,371,129,249,378,40,253,1021,61,107,99,104,79,91,63,60,86,86,77,52,63,57,104,65,93,74,65,68,43,62,50,61,85,58,54,49,56,83,87,83
[ 84.285786] wil6210-aoa$0,1606461684.437729,04:d6:aa:c1:38:97,2,1,1,0,128,299,951,757,781,867,972,340,348,94,330,27,169,780,10,245,586,887,926,359,912,793,96,748,43,269,427,98,222,364,51,934,693,58,109,98,103,77,88,57,61,88,81,74,47,55,54,97,60,86,72,61,60,36,52,42,50,72,45,45,40,43,70,73,65
[ 84.323094] wil6210-aoa$0,1606461684.475033,04:d6:aa:c1:38:97,2,1,1,0,128,296,917,741,736,956,1010,439,415,134,343,69,189,268,866,660,355,330,733,396,901,730,26,143,813,599,132,628,54,340,23,133,873,58,106,97,103,75,88,59,59,87,81,74,46,55,53,95,57,86,70,59,61,37,53,41,50,75,46,45,39,45,70,72,68
[ 84.364013] wil6210-aoa$0,1606461684.515952,04:d6:aa:c1:38:97,2,1,1,0,128,351,969,814,805,944,1004,417,384,159,411,434,979,918,88,189,562,913,899,906,739,178,832,750,60,220,406,103,219,363,27,547,272,60,106,97,102,80,91,59,60,88,82,78,49,59,55,102,65,91,72,66,67,41,61,48,60,82,57,53,49,54,83,87,82
[ 84.404304] wil6210-aoa$0,1606461684.556247,04:d6:aa:c1:38:97,2,1,1,0,128,300,941,848,792,913,1014,357,374,219,460,51,199,288,914,661,402,371,768,917,756,777,51,701,16,665,177,597,27,826,824,612,431,60,107,98,102,79,91,60,57,89,82,76,51,59,55,102,63,91,71,64,64,42,60,48,58,80,52,53,44,53,79,82,77
[ 84.435592] wil6210-aoa$0,1606461684.587536,04:d6:aa:c1:38:97,2,1,1,0,128,772,713,777,747,940,5,354,393,164,359,506,13,863,51,641,393,358,756,386,944,663,1011,698,15,230,375,196,267,346,31,470,181,60,111,98,105,78,90,59,59,90,84,76,50,59,59,99,62,89,71,63,65,39,57,48,57,79,53,51,46,52,80,85,79
[ 84.466417] wil6210-aoa$0,1606461684.618361,04:d6:aa:c1:38:97,2,1,1,0,128,329,927,789,756,947,14,386,406,600,170,44,154,819,30,145,495,379,768,877,713,776,48,775,44,208,382,22,172,850,821,637,439,56,107,97,103,76,86,58,59,85,82,75,49,56,55,95,59,88,71,62,65,38,55,45,54,78,49,49,43,51,76,77,71
[ 84.501989] wil6210-aoa$0,1606461684.653928,04:d6:aa:c1:38:97,2,1,1,0,128,199,903,782,750,929,989,468,411,179,420,96,241,790,57,652,367,903,927,386,913,659,6,796,86,204,392,44,227,258,4,774,631,59,110,100,106,79,89,60,60,88,81,76,48,60,55,101,63,91,71,63,65,41,58,47,56,81,53,50,42,50,78,82,77
[ 84.538759] wil6210-aoa$0,1606461684.690701,04:d6:aa:c1:38:97,2,1,1,0,128,264,921,776,751,379,827,496,445,138,332,47,189,851,34,162,558,887,908,870,714,217,910,704,7,699,213,90,241,419,50,667,462,63,112,98,104,80,92,66,65,92,87,80,52,63,60,109,67,94,73,68,67,43,64,51,61,83,59,54,50,58,87,92,89
[ 84.575312] wil6210-aoa$0,1606461684.727254,04:d6:aa:c1:38:97,2,1,1,0,128,777,783,791,802,910,941,969,230,551,142,565,4,832,45,210,611,877,955,360,903,757,65,703,1014,225,385,122,220,425,46,461,149,62,113,101,106,82,92,61,62,90,85,78,49,61,57,103,64,91,75,64,67,39,58,48,58,82,51,49,44,52,79,82,76
[ 84.612182] wil6210-aoa$0,1606461684.764127,04:d6:aa:c1:38:97,2,1,1,0,128,284,938,709,745,897,998,458,413,166,367,82,249,852,111,235,574,925,981,399,907,733,41,671,999,711,182,555,16,874,880,663,433,57,112,100,105,80,91,58,63,87,84,74,49,57,54,97,62,89,73,64,65,37,55,46,53,76,51,49,42,47,76,76,69
[ 84.643562] wil6210-aoa$0,1606461684.795504,04:d6:aa:c1:38:97,2,1,1,0,128,314,919,764,785,915,994,444,415,219,397,15,186,795,52,225,614,925,981,423,951,726,50,750,49,201,387,55,224,355,73,383,136,57,103,95,99,75,85,57,58,83,77,72,46,53,52,93,59,84,69,59,60,36,55,43,52,76,49,47,41,48,75,75,71
[ 84.681215] wil6210-aoa$0,1606461684.833158,04:d6:aa:c1:38:97,2,1,1,0,128,351,935,780,771,946,29,364,361,632,209,57,201,837,78,208,586,919,984,377,920,702,28,737,32,711,168,103,233,419,61,713,469,62,114,100,107,80,92,60,63,92,85,79,49,60,57,103,65,89,75,66,67,41,58,46,58,80,54,50,46,54,81,83,77
[ 84.717638] wil6210-aoa$0,1606461684.869581,04:d6:aa:c1:38:97,2,1,1,0,128,308,945,767,785,967,1018,466,423,131,321,108,222,809,24,663,380,910,955,807,742,148,822,194,840,653,163,599,79,325,61,740,480,61,111,101,106,81,96,62,62,90,86,78,51,62,59,104,65,93,74,66,67,42,60,47,55,81,55,53,46,54,81,83,79
[ 84.753348] wil6210-aoa$0,1606461684.905286,04:d6:aa:c1:38:97,2,1,1,0,128,299,934,831,806,964,1006,389,376,601,144,513,34,247,856,247,586,900,909,367,873,149,824,185,815,227,344,636,65,429,49,607,324,63,115,102,106,83,95,62,63,92,87,81,52,63,57,106,64,93,75,67,67,41,60,48,60,82,54,54,48,54,82,88,82
[ 84.794534] wil6210-aoa$0,1606461684.946475,04:d6:aa:c1:38:97,2,1,1,0,128,225,918,795,822,887,998,910,210,216,384,81,237,822,48,225,559,895,965,799,649,145,819,760,8,232,339,137,228,335,19,912,668,57,106,96,99,75,87,57,59,82,80,74,47,55,53,95,59,86,69,61,60,36,54,44,53,77,50,47,43,50,76,80,72
[ 84.831530] wil6210-aoa$0,1606461684.983474,04:d6:aa:c1:38:97,2,1,1,0,128,779,715,789,745,942,1002,899,187,151,333,59,185,852,55,165,577,908,948,401,945,717,43,678,2,635,174,111,218,352,63,344,145,61,110,102,108,80,92,61,62,91,84,77,49,60,57,102,63,91,76,65,66,41,58,46,56,80,54,49,44,52,79,81,74
[ 84.862800] wil6210-aoa$0,1606461685.014744,04:d6:aa:c1:38:97,2,1,1,0,128,291,900,236,601,884,974,462,433,122,330,68,206,838,63,231,640,906,958,323,871,741,58,750,48,163,311,101,201,381,51,386,164,62,114,101,107,77,90,58,64,88,85,77,49,57,55,100,63,87,73,64,66,38,55,45,53,78,50,49,39,51,76,77,70
[ 84.894552] wil6210-aoa$0,1606461685.046494,04:d6:aa:c1:38:97,2,1,1,0,128,254,917,773,777,943,1016,396,412,232,422,1008,155,840,72,188,576,862,930,384,902,172,871,745,33,271,422,130,228,391,22,702,459,59,108,100,103,79,91,64,63,90,85,77,52,61,57,103,63,94,73,67,67,42,60,49,59,83,55,54,48,55,85,88,83
[ 84.932340] wil6210-aoa$0,1606461685.084284,04:d6:aa:c1:38:97,2,1,1,0,128,276,914,813,788,358,810,918,223,206,355,55,159,216,832,664,380,335,728,852,708,761,39,711,32,196,346,110,231,371,40,365,146,61,112,100,108,78,89,61,63,89,83,77,48,57,56,100,64,90,72,64,65,38,58,44,54,78,51,49,42,50,78,79,73
[ 84.963823] wil6210-aoa$0,1606461685.115766,04:d6:aa:c1:38:97,2,1,1,0,128,289,952,765,795,951,6,412,417,198,384,51,184,775,10,223,594,935,975,370,878,752,1,150,864,194,364,92,202,865,880,828,667,57,103,94,100,75,86,58,60,85,81,73,48,56,52,95,58,88,69,63,61,39,57,45,53,77,51,48,44,50,78,79,76
[ 84.996690] wil6210-aoa$0,1606461685.148630,04:d6:aa:c1:38:97,2,1,1,0,128,270,935,771,742,954,1014,415,403,182,367,472,992,353,940,160,594,935,972,377,920,721,997,707,3,208,367,574,22,392,36,484,252,62,112,97,105,81,92,61,62,90,85,78,50,58,58,101,62,92,72,66,66,40,60,48,59,80,54,53,47,51,80,83,79
[ 85.035888] wil6210-aoa$0,1606461685.187832,04:d6:aa:c1:38:97,2,1,1,0,128,694,687,824,767,949,1,414,428,169,391,54,201,775,29,208,566,879,957,366,896,197,879,155,857,712,138,142,253,378,37,924,533,58,103,95,98,76,85,59,60,84,82,73,49,58,54,100,62,89,71,61,63,40,57,44,54,80,54,51,45,51,78,83,79
[ 85.072315] wil6210-aoa$0,1606461685.224260,04:d6:aa:c1:38:97,2,1,1,0,128,283,937,763,781,866,965,372,379,127,372,69,203,878,84,222,605,925,964,331,889,776,80,711,39,229,376,79,214,406,89,699,446,62,112,104,110,81,93,63,62,92,86,80,53,60,58,106,66,95,76,68,68,43,60,51,61,85,57,55,48,55,86,88,82
[ 85.103484] wil6210-aoa$0,1606461685.255426,04:d6:aa:c1:38:97,2,1,1,0,128,321,939,774,769,873,924,385,407,176,363,120,239,795,40,234,583,927,957,318,870,715,24,685,30,272,428,107,282,387,84,58,743,62,111,102,105,82,92,61,62,91,86,76,49,60,57,103,64,91,75,65,66,38,58,46,56,80,53,51,45,50,80,81,79
[ 85.141003] wil6210-aoa$0,1606461685.292946,04:d6:aa:c1:38:97,2,1,1,0,128,261,907,754,786,947,995,467,455,180,418,116,292,768,67,149,593,898,963,386,916,694,1016,187,853,258,395,104,215,380,41,903,691,57,105,96,102,76,89,58,58,84,78,71,45,56,54,95,60,84,68,62,61,38,53,44,51,74,50,49,42,50,74,77,72
[ 85.177718] wil6210-aoa$0,1606461685.329662,04:d6:aa:c1:38:97,2,1,1,0,128,309,928,778,763,974,1020,437,439,584,146,75,221,843,64,196,554,959,962,360,848,180,843,759,1016,167,301,134,229,312,0,2,737,63,113,101,108,83,96,64,62,93,88,80,53,64,61,106,67,95,76,67,70,44,64,50,62,86,59,56,50,58,87,92,86
[ 85.213881] wil6210-aoa$0,1606461685.365822,04:d6:aa:c1:38:97,2,1,1,0,128,264,919,787,831,976,5,451,408,127,350,78,221,833,88,225,604,942,968,378,911,754,39,774,31,217,393,173,269,386,29,701,403,59,105,97,101,77,88,59,60,86,82,73,47,58,55,96,61,87,69,62,64,38,56,46,57,79,53,51,45,54,80,82,78
[ 85.254813] wil6210-aoa$0,1606461685.406751,04:d6:aa:c1:38:97,2,1,1,0,128,265,914,786,787,415,837,404,403,658,161,64,186,338,928,201,575,898,925,409,919,700,14,676,1,200,328,91,229,291,9,413,206,61,112,103,107,82,95,60,64,94,87,78,51,59,56,102,62,90,74,65,65,42,57,45,56,80,51,52,43,51,77,81,73
[ 85.299103] wil6210-aoa$0,1606461685.451042,04:d6:aa:c1:38:97,2,1,1,0,128,363,965,849,816,997,37,411,412,181,369,89,238,852,47,152,523,901,965,386,931,733,75,688,5,252,400,90,249,387,32,311,52,57,104,94,101,75,87,58,59,83,80,72,49,56,52,98,60,87,70,62,63,39,58,45,56,79,52,51,46,53,79,81,77
[ 85.334580] wil6210-aoa$0,1606461685.486525,04:d6:aa:c1:38:97,2,1,1,0,128,754,759,728,747,385,811,352,349,169,386,84,219,842,46,209,599,901,934,903,717,212,857,194,830,663,151,120,237,401,57,708,420,57,102,94,99,73,85,57,57,82,78,72,46,56,52,93,59,86,69,62,60,39,55,44,54,76,50,50,43,50,75,82,76
[ 85.365379] wil6210-aoa$0,1606461685.517322,04:d6:aa:c1:38:97,2,1,1,0,128,776,786,780,788,962,1019,399,403,234,451,34,232,809,39,191,570,838,921,438,956,772,67,762,26,241,388,106,242,367,1019,177,0,53,100,92,95,73,84,54,57,80,75,68,43,53,49,91,55,83,66,57,58,35,52,40,49,74,48,45,39,46,70,71,66
[ 85.396175] wil6210-aoa$0,1606461685.548118,04:d6:aa:c1:38:97,2,1,1,0,128,773,745,837,821,935,983,495,442,211,409,72,192,868,83,252,601,841,931,351,903,731,40,734,50,222,414,93,227,844,884,773,541,54,103,97,100,74,84,55,58,83,78,72,44,53,52,93,58,84,69,60,61,37,52,41,51,74,48,45,39,46,73,72,67
[ 85.427063] wil6210-aoa$0,1606461685.579007,04:d6:aa:c1:38:97,2,1,1,0,128,248,903,235,600,886,1002,907,224,654,198,504,14,303,906,696,406,919,973,387,896,783,20,773,36,250,406,111,216,417,33,136,863,53,100,90,94,74,83,56,55,81,76,69,45,54,51,94,57,85,65,59,60,36,52,43,50,74,49,49,42,49,73,78,73
[ 85.462373] wil6210-aoa$0,1606461685.614312,04:d6:aa:c1:38:97,2,1,1,0,128,274,902,761,760,374,804,441,398,188,350,75,193,853,52,191,550,362,744,830,697,172,884,784,30,130,335,146,249,288,6,1021,746,60,106,98,100,76,89,58,59,86,83,75,48,59,56,98,61,87,70,62,63,39,56,45,56,77,52,51,45,51,77,81,76
[ 85.493757] wil6210-aoa$0,1606461685.645700,04:d6:aa:c1:38:97,2,1,1,0,128,209,879,759,748,894,962,423,412,152,381,52,217,880,62,218,615,878,930,341,861,185,863,172,841,720,180,602,38,387,14,950,710,63,112,100,108,82,94,63,62,90,87,79,52,63,59,106,64,92,74,68,68,41,59,49,59,83,56,53,48,55,84,88,82
[ 85.531224] wil6210-aoa$0,1606461685.683163,04:d6:aa:c1:38:97,2,1,1,0,128,298,935,799,794,883,972,469,422,167,380,94,196,797,76,186,588,924,986,435,951,754,35,781,57,655,169,561,8,377,27,301,46,57,104,94,101,78,88,58,59,86,82,74,46,56,52,98,58,86,69,61,61,39,55,44,53,76,48,47,43,49,73,78,72
[ 85.565837] wil6210-aoa$0,1606461685.717781,04:d6:aa:c1:38:97,2,1,1,0,128,339,962,824,841,1007,1012,402,432,247,381,127,282,855,118,224,618,939,984,374,929,771,30,802,70,245,412,88,239,364,26,599,229,55,100,90,93,73,83,57,58,81,77,70,44,56,53,93,57,85,69,59,62,37,53,45,53,76,51,49,43,50,76,79,74
[ 85.597806] wil6210-aoa$0,1606461685.749749,04:d6:aa:c1:38:97,2,1,1,0,128,749,736,746,773,991,19,443,445,186,382,83,211,736,1001,202,561,315,722,820,686,159,818,217,854,192,359,609,46,394,48,786,535,55,102,95,99,75,82,56,58,78,75,71,42,52,50,90,53,81,68,55,58,35,49,37,45,70,44,42,36,42,67,68,63
[ 85.634631] wil6210-aoa$0,1606461685.786575,04:d6:aa:c1:38:97,2,1,1,0,128,274,946,691,771,936,0,429,402,125,360,22,157,265,839,671,390,397,776,362,929,706,16,744,24,222,381,121,255,308,994,505,254,60,108,101,106,78,90,61,61,88,83,80,50,60,59,101,62,90,74,65,67,41,57,48,58,82,52,53,46,54,78,85,78
[ 85.670043] wil6210-aoa$0,1606461685.821983,04:d6:aa:c1:38:97,2,1,1,0,128,223,885,820,794,899,989,410,381,141,351,76,183,799,37,243,630,933,982,383,930,776,77,696,24,212,386,81,207,351,63,140,892,62,109,100,105,79,93,61,60,89,85,75,51,62,59,105,65,94,76,66,67,42,63,50,59,84,57,56,50,56,84,91,84
[ 85.701025] wil6210-aoa$0,1606461685.852969,04:d6:aa:c1:38:97,2,1,1,0,128,246,894,833,803,951,1,385,403,149,361,13,236,849,51,204,589,895,952,356,915,736,69,725,25,237,394,109,281,407,89,696,445,61,108,97,102,78,92,62,61,90,85,77,51,60,54,101,63,92,74,63,67,41,60,46,55,81,54,51,46,53,80,83,78
[ 85.737623] wil6210-aoa$0,1606461685.889568,04:d6:aa:c1:38:97,2,1,1,0,128,768,764,760,798,932,1002,443,382,164,347,69,235,779,27,641,320,344,764,387,912,675,1009,786,53,194,365,96,200,331,1021,345,114,61,108,101,107,81,92,59,59,91,85,74,49,60,57,104,62,89,75,65,66,40,58,46,57,81,53,51,46,53,81,83,80
[ 85.772771] wil6210-aoa$0,1606461685.924711,04:d6:aa:c1:38:97,2,1,1,0,128,328,937,789,762,999,1012,372,377,146,326,507,993,308,889,217,570,925,955,377,924,736,31,818,91,254,418,98,259,374,70,864,605,58,110,98,104,76,87,58,61,87,80,75,43,54,52,93,59,86,68,60,61,37,53,41,51,74,45,45,36,46,73,69,65
[ 85.813768] wil6210-aoa$0,1606461685.965708,04:d6:aa:c1:38:97,2,1,1,0,128,782,776,736,745,955,993,367,363,174,397,513,1016,870,96,170,603,289,689,408,928,218,882,771,10,223,362,82,236,809,826,515,364,58,108,97,103,78,89,59,60,88,84,77,50,59,54,101,64,91,73,63,65,40,58,47,54,77,51,51,45,52,78,85,79
[ 85.850792] wil6210-aoa$0,1606461686.002736,04:d6:aa:c1:38:97,2,1,1,0,128,317,934,763,762,943,1006,420,408,620,148,531,1002,230,842,168,540,873,906,841,717,788,62,739,38,240,373,116,284,350,61,215,1014,57,108,97,104,77,87,58,59,89,81,72,47,55,54,96,60,90,73,63,67,40,59,45,54,80,51,51,44,53,81,81,77
[ 85.890707] wil6210-aoa$0,1606461686.042646,04:d6:aa:c1:38:97,2,1,1,0,128,737,689,810,846,899,1015,477,456,195,366,78,233,853,59,178,556,892,961,393,924,724,25,111,808,790,255,62,202,378,35,129,896,60,106,99,104,79,91,59,60,89,85,78,50,60,57,101,62,92,72,62,66,41,59,48,59,83,56,54,47,53,83,86,82
[ 85.931941] wil6210-aoa$0,1606461686.083881,04:d6:aa:c1:38:97,2,1,1,0,128,331,934,211,564,974,985,868,207,597,120,552,42,307,889,214,563,896,942,365,858,139,824,755,37,211,369,30,174,386,28,771,642,60,111,103,105,80,93,62,63,88,85,79,49,62,57,101,63,93,73,66,67,39,57,48,55,81,53,52,47,55,80,83,78
[ 85.970248] wil6210-aoa$0,1606461686.122192,04:d6:aa:c1:38:97,2,1,1,0,128,297,902,832,801,933,977,460,417,200,416,111,229,892,94,148,582,852,931,369,883,733,58,759,47,228,372,166,274,354,15,992,799,57,103,95,98,76,86,58,57,85,81,72,48,58,54,97,59,88,69,61,62,39,58,44,56,78,52,50,44,50,76,79,75
[ 86.006051] wil6210-aoa$0,1606461686.157995,04:d6:aa:c1:38:97,2,1,1,0,128,305,915,208,566,386,829,429,360,241,429,1019,206,274,892,601,347,892,924,433,932,786,54,716,1,214,353,607,47,386,58,10,909,61,112,102,108,80,92,62,63,92,85,80,48,59,57,100,64,91,72,66,66,39,56,46,54,81,53,50,42,52,80,80,75
[ 86.042990] wil6210-aoa$0,1606461686.194934,04:d6:aa:c1:38:97,2,1,1,0,128,352,936,802,796,919,990,401,368,160,371,82,218,828,87,208,616,853,904,353,896,124,830,189,841,186,351,108,245,389,54,177,956,58,109,98,102,77,88,57,60,87,80,72,45,55,51,97,59,85,70,62,60,36,54,40,49,76,46,46,39,44,70,72,64
[ 86.074084] wil6210-aoa$0,1606461686.226028,04:d6:aa:c1:38:97,2,1,1,0,128,307,970,787,800,989,1021,450,438,179,361,0,179,763,12,627,350,318,748,840,698,812,56,673,986,241,401,147,282,354,78,629,345,59,110,97,100,77,89,61,59,87,84,75,50,58,55,102,62,91,73,66,66,42,61,48,57,78,57,53,48,55,82,88,83
[ 86.111505] wil6210-aoa$0,1606461686.263445,04:d6:aa:c1:38:97,2,1,1,0,128,293,931,291,633,897,986,431,377,138,374,29,166,851,66,181,589,869,924,892,723,712,1016,726,20,210,418,141,209,367,47,942,672,58,107,98,102,79,90,59,60,89,83,73,50,57,54,97,61,89,71,64,65,42,58,45,54,78,54,50,44,51,80,81,77
[ 86.152055] wil6210-aoa$0,1606461686.303999,04:d6:aa:c1:38:97,2,1,1,0,128,271,876,805,762,933,1013,492,447,191,401,43,174,843,79,147,554,885,939,348,883,727,21,736,1005,671,133,115,210,370,15,530,252,58,108,100,103,80,93,60,60,89,83,76,49,60,57,102,63,91,73,65,66,41,58,47,57,80,55,51,47,56,80,84,81
[ 86.183161] wil6210-aoa$0,1606461686.335106,04:d6:aa:c1:38:97,2,1,1,0,128,252,920,788,779,983,31,443,396,150,384,41,212,866,88,161,568,924,937,841,699,208,871,679,19,178,309,105,211,370,1005,25,834,62,106,98,103,80,91,58,59,89,84,75,49,60,57,104,62,90,72,65,66,41,59,46,59,82,55,54,46,55,83,86,83
[ 86.214618] wil6210-aoa$0,1606461686.366562,04:d6:aa:c1:38:97,2,1,1,0,128,351,987,804,803,899,992,469,414,205,363,58,218,844,62,733,458,887,918,397,956,147,861,759,64,170,351,131,227,315,1013,914,580,57,108,98,103,77,88,59,60,88,84,75,48,57,56,102,62,90,71,63,66,40,56,44,55,80,53,51,42,52,79,82,77
[ 86.251382] wil6210-aoa$0,1606461686.403326,04:d6:aa:c1:38:97,2,1,1,0,128,240,900,741,792,946,1018,413,358,227,442,16,181,879,98,120,575,861,916,399,944,748,58,753,50,207,373,100,231,367,32,199,990,57,106,94,100,78,89,56,60,85,80,74,46,57,54,95,62,87,70,63,63,38,55,44,53,77,52,49,42,49,78,77,72
[ 86.282187] wil6210-aoa$0,1606461686.434129,04:d6:aa:c1:38:97,2,1,1,0,128,295,932,834,805,968,1011,440,416,197,377,104,218,841,17,209,596,930,993,378,917,765,54,702,3,204,354,124,211,328,980,874,731,59,105,96,102,75,88,60,57,88,84,75,48,58,54,102,61,88,69,65,65,40,57,46,56,79,52,50,44,53,78,81,77
[ 86.313681] wil6210-aoa$0,1606461686.465623,04:d6:aa:c1:38:97,2,1,1,0,128,294,928,752,729,889,989,389,350,653,180,70,182,835,65,202,582,893,961,374,923,730,33,778,62,228,419,55,220,399,28,701,506,56,106,96,102,77,83,57,60,84,81,74,44,53,51,95,57,83,67,60,62,37,51,41,51,72,46,45,40,44,70,69,62
[ 86.355016] wil6210-aoa$0,1606461686.506955,04:d6:aa:c1:38:97,2,1,1,0,128,313,905,224,558,21,27,395,373,622,166,532,42,295,892,168,524,891,930,882,726,701,984,681,1003,695,194,650,118,330,1013,507,353,53,96,90,94,71,81,54,54,81,74,69,43,53,51,92,57,82,65,57,59,37,54,42,52,74,49,46,40,50,73,72,70
[ 86.388820] wil6210-aoa$0,1606461686.540759,04:d6:aa:c1:38:97,2,1,1,0,128,305,945,779,794,906,980,880,191,181,359,36,177,764,14,168,545,861,971,414,934,738,53,682,996,204,346,549,996,861,854,212,28,58,101,94,98,74,87,58,57,84,79,74,48,57,54,97,60,87,69,61,64,41,59,47,55,76,54,51,45,52,79,81,79
[ 86.440890] wil6210-aoa$0,1606461686.592833,04:d6:aa:c1:38:97,2,1,1,0,128,245,916,814,832,977,981,380,366,191,375,21,181,859,65,239,551,358,758,385,869,783,5,755,56,223,348,128,221,316,1018,830,660,58,105,94,99,75,87,60,60,87,81,75,49,58,56,98,62,89,69,62,64,39,58,47,57,78,51,53,45,54,80,84,80
[ 86.471641] wil6210-aoa$0,1606461686.623584,04:d6:aa:c1:38:97,2,1,1,0,128,834,737,303,650,928,959,385,408,204,422,64,220,852,29,693,390,316,744,399,885,702,1014,745,5,228,351,84,216,855,842,22,877,56,108,98,106,78,90,62,60,90,84,75,49,58,54,101,62,91,74,64,66,40,59,45,54,80,50,52,43,51,78,82,78
[ 86.502287] wil6210-aoa$0,1606461686.654230,04:d6:aa:c1:38:97,2,1,1,0,128,752,718,301,613,935,1007,431,397,117,346,50,195,803,22,191,602,872,915,423,954,690,991,717,1020,164,308,579,21,841,858,964,696,59,109,97,103,76,89,59,60,90,83,74,46,54,53,96,58,88,71,63,62,39,55,44,53,77,49,48,41,49,74,75,69
[ 86.533647] wil6210-aoa$0,1606461686.685591,04:d6:aa:c1:38:97,2,1,1,0,128,312,972,772,749,919,1003,457,471,173,414,44,198,870,104,217,594,885,920,389,935,786,83,790,61,182,384,68,196,366,38,60,763,60,109,97,105,77,92,58,59,88,83,76,49,58,58,102,62,88,71,65,65,40,57,47,56,81,53,51,44,52,79,82,76
[ 86.571037] wil6210-aoa$0,1606461686.722975,04:d6:aa:c1:38:97,2,1,1,0,128,747,711,209,555,371,789,419,389,181,343,6,155,295,863,632,341,340,739,384,932,679,14,717,33,200,384,135,264,376,68,296,114,60,107,99,103,77,88,58,60,88,84,75,47,57,52,99,61,87,70,62,62,39,56,45,51,76,50,50,43,49,76,79,74
[ 86.605774] wil6210-aoa$0,1606461686.757718,04:d6:aa:c1:38:97,2,1,1,0,128,271,933,798,781,938,11,434,410,197,413,80,256,860,40,188,570,897,928,395,909,757,56,718,9,188,314,138,199,412,46,560,334,58,106,98,103,77,90,60,60,87,85,76,52,58,57,103,64,90,72,64,64,40,56,48,56,80,53,51,45,52,82,81,77
[ 86.638394] wil6210-aoa$0,1606461686.790333,04:d6:aa:c1:38:97,2,1,1,0,128,265,903,771,796,361,831,880,238,167,346,68,226,844,18,231,602,889,938,406,890,756,70,689,1022,230,406,56,236,352,32,478,296,57,107,96,101,77,85,56,59,89,80,69,45,55,53,97,60,89,71,63,64,39,56,44,54,77,51,47,44,51,77,78,73
[ 86.678012] wil6210-aoa$0,1606461686.829954,04:d6:aa:c1:38:97,2,1,1,0,128,770,765,188,563,408,827,446,385,187,412,1,170,871,130,174,587,898,917,365,896,164,852,164,791,216,349,93,209,387,32,886,626,58,106,91,97,78,89,59,59,87,82,73,48,56,54,99,61,87,71,64,64,37,55,45,54,77,51,49,42,50,76,77,72
[ 86.712710] wil6210-aoa$0,1606461686.864649,04:d6:aa:c1:38:97,2,1,1,0,128,300,945,809,827,878,985,893,181,173,387,95,206,835,46,250,583,925,974,397,916,687,3,668,996,236,390,18,180,368,41,539,267,54,106,95,100,73,83,54,57,84,77,69,41,52,51,86,56,81,65,57,57,36,51,39,48,71,45,42,36,46,69,70,64
[ 86.743813] wil6210-aoa$0,1606461686.895756,04:d6:aa:c1:38:97,2,1,1,0,128,761,729,209,521,387,805,891,177,659,161,490,997,234,847,647,391,329,723,802,686,206,863,733,26,285,395,74,226,331,25,869,754,60,110,97,103,78,90,58,58,87,82,77,47,57,54,100,59,86,68,61,63,36,53,42,51,76,48,47,43,48,74,75,70
[ 86.780749] wil6210-aoa$0,1606461686.932689,04:d6:aa:c1:38:97,2,1,1,0,128,309,973,772,772,894,955,906,207,632,160,118,242,824,66,627,390,860,950,361,914,710,2,179,828,746,243,63,206,392,83,138,911,58,108,98,106,77,88,59,60,87,83,74,46,55,55,94,60,87,71,61,61,36,52,43,51,73,44,47,40,47,71,75,70
[ 86.815641] wil6210-aoa$0,1606461686.967584,04:d6:aa:c1:38:97,2,1,1,0,128,350,943,754,791,947,12,395,403,208,360,38,177,902,79,195,583,953,990,445,992,800,101,762,73,214,414,115,249,396,68,715,324,59,111,101,105,81,90,61,64,87,81,77,48,58,56,102,62,87,73,63,63,37,56,44,54,79,50,50,43,49,78,80,75
[ 86.848574] wil6210-aoa$0,1606461687.000515,04:d6:aa:c1:38:97,2,1,1,0,128,786,766,242,579,325,786,837,188,597,128,46,160,251,830,640,349,334,727,803,658,207,861,136,815,204,330,584,1020,858,877,991,728,62,108,97,104,79,91,63,62,89,86,76,49,59,55,102,60,90,74,66,65,38,58,45,54,81,51,52,46,51,78,80,76
[ 86.889037] wil6210-aoa$0,1606461687.040980,04:d6:aa:c1:38:97,2,1,1,0,128,726,735,208,582,387,832,461,441,131,327,517,985,270,870,191,607,918,5,432,968,712,33,763,15,700,206,121,233,352,38,386,124,56,109,99,104,78,89,58,61,88,83,77,48,58,55,98,63,91,73,64,64,39,57,46,55,79,52,50,45,52,81,84,77
[ 86.923930] wil6210-aoa$0,1606461687.075867,04:d6:aa:c1:38:97,2,1,1,0,128,372,1012,775,769,923,1011,381,413,102,319,104,209,293,876,212,592,909,917,846,669,175,807,170,845,653,126,593,18,420,48,654,409,60,110,99,102,78,89,61,60,90,84,74,50,58,55,101,60,89,72,64,64,40,57,45,55,78,51,50,42,50,77,78,73
[ 86.961512] wil6210-aoa$0,1606461687.113455,04:d6:aa:c1:38:97,2,1,1,0,128,264,894,836,785,959,1021,396,403,146,355,40,216,874,75,208,589,329,741,391,937,750,25,736,9,267,398,150,273,310,994,103,906,60,105,98,102,76,89,60,61,88,83,76,49,58,55,102,64,89,72,63,66,41,59,48,57,80,54,51,47,55,83,86,79
[ 86.993091] wil6210-aoa$0,1606461687.145030,04:d6:aa:c1:38:97,2,1,1,0,128,753,730,769,753,959,980,443,408,155,365,17,147,854,54,197,564,867,915,881,717,217,878,684,3,221,366,156,212,309,2,160,1019,58,106,96,103,77,88,58,60,87,81,74,43,57,52,95,60,87,70,59,62,37,54,43,53,77,49,48,41,49,75,77,70
[ 87.033685] wil6210-aoa$0,1606461687.185629,04:d6:aa:c1:38:97,2,1,1,0,128,327,915,820,777,942,961,402,396,174,307,551,27,275,844,206,575,865,940,372,889,734,60,698,31,156,315,587,67,323,19,3,750,58,105,95,102,78,92,60,59,88,83,75,48,59,55,101,63,88,71,63,66,40,59,48,61,81,57,52,49,55,84,89,84
[ 87.067681] wil6210-aoa$0,1606461687.219622,04:d6:aa:c1:38:97,2,1,1,0,128,734,770,817,829,364,802,425,399,158,334,96,218,864,31,200,573,893,930,394,905,157,812,728,26,192,342,95,232,377,41,584,374,58,106,95,102,76,89,60,59,86,83,71,47,57,53,98,60,87,71,64,62,38,54,44,52,76,49,49,43,49,77,78,73
[ 87.105606] wil6210-aoa$0,1606461687.257550,04:d6:aa:c1:38:97,2,1,1,0,128,281,911,816,775,939,1021,394,351,102,282,71,185,850,74,199,588,920,970,323,857,733,19,682,991,172,345,69,175,381,16,448,198,55,105,96,103,76,87,58,60,85,81,73,47,58,53,100,61,88,71,62,64,38,57,45,54,78,51,48,44,49,77,79,75
[ 87.142916] wil6210-aoa$0,1606461687.294860,04:d6:aa:c1:38:97,2,1,1,0,128,252,880,218,559,397,802,825,224,656,244,38,195,891,94,149,538,917,967,368,884,112,843,745,28,232,352,608,101,349,2,331,90,58,107,96,102,76,88,58,59,88,82,73,47,57,56,96,61,88,70,62,64,38,56,44,54,77,51,48,41,47,75,77,71
[ 87.174025] wil6210-aoa$0,1606461687.325968,04:d6:aa:c1:38:97,2,1,1,0,128,307,934,786,815,952,980,417,440,177,405,13,181,794,30,251,597,919,955,365,918,727,35,731,5,769,212,596,57,829,890,311,123,59,109,99,103,80,90,60,60,89,85,76,47,58,56,99,63,88,72,64,64,41,57,46,53,78,48,48,41,50,72,77,71
[ 87.211189] wil6210-aoa$0,1606461687.363133,04:d6:aa:c1:38:97,2,1,1,0,128,750,698,210,547,396,829,879,207,200,415,16,192,804,1020,137,548,889,947,318,858,198,842,161,821,195,371,70,184,804,846,553,324,61,109,100,106,80,92,59,60,87,81,74,46,57,56,97,61,88,72,64,65,39,57,47,55,79,50,49,45,50,75,77,75
[ 87.250482] wil6210-aoa$0,1606461687.402420,04:d6:aa:c1:38:97,2,1,1,0,128,311,939,204,538,410,797,902,204,140,334,540,1,243,823,710,441,950,1013,338,867,720,1007,186,862,239,355,609,20,406,46,829,647,59,112,101,107,80,90,59,59,90,84,74,45,58,56,99,62,89,75,63,65,38,57,43,54,80,50,47,43,50,79,76,71
[ 87.291530] wil6210-aoa$0,1606461687.443471,04:d6:aa:c1:38:97,2,1,1,0,128,217,908,757,806,924,971,466,471,138,379,70,212,812,45,149,591,902,965,402,936,740,35,704,1022,696,196,571,9,834,854,658,373,61,108,96,103,77,89,60,61,85,82,76,48,56,54,99,63,88,72,61,64,40,56,45,56,79,51,50,46,51,79,82,78
[ 87.332400] wil6210-aoa$0,1606461687.484340,04:d6:aa:c1:38:97,2,1,1,0,128,271,941,799,825,976,31,401,433,122,367,15,184,807,43,284,655,866,921,418,925,770,84,742,47,212,428,100,235,315,15,368,120,57,108,96,100,76,89,59,59,86,83,72,48,57,53,95,60,88,72,60,63,39,55,45,53,76,49,49,42,48,74,77,70
[ 87.367017] wil6210-aoa$0,1606461687.518960,04:d6:aa:c1:38:97,2,1,1,0,128,258,883,785,786,913,1004,460,402,152,378,138,235,818,26,179,562,973,972,364,894,765,39,761,9,213,395,111,235,363,28,330,115,62,112,102,105,82,91,63,63,91,83,79,52,60,57,103,61,93,73,64,67,40,57,46,56,81,53,51,44,52,82,81,77
[ 87.400133] wil6210-aoa$0,1606461687.552075,04:d6:aa:c1:38:97,2,1,1,0,128,306,944,761,758,384,826,889,221,173,369,509,1017,283,857,705,436,982,1001,401,940,689,0,704,998,274,383,604,37,358,13,801,635,59,106,97,102,77,87,58,60,88,83,76,49,58,54,100,61,91,70,64,64,41,57,47,57,78,53,52,45,53,80,82,78
[ 87.441220] wil6210-aoa$0,1606461687.593160,04:d6:aa:c1:38:97,2,1,1,0,128,279,934,770,767,387,802,428,429,140,355,61,182,272,901,184,563,907,943,358,879,165,841,181,830,693,151,596,27,358,7,548,313,59,109,96,101,77,86,57,57,84,81,74,48,56,55,96,61,87,70,62,64,40,55,45,54,77,52,49,43,50,76,80,75
[ 87.481855] wil6210-aoa$0,1606461687.633793,04:d6:aa:c1:38:97,2,1,1,0,128,252,948,790,800,932,25,386,394,150,361,103,208,833,43,191,541,932,955,345,864,195,878,745,1018,215,362,73,174,806,831,59,842,59,104,94,101,78,90,60,58,90,85,77,51,60,56,100,64,90,71,64,65,40,59,49,59,81,56,53,47,56,80,86,83
[ 87.521921] wil6210-aoa$0,1606461687.673864,04:d6:aa:c1:38:97,2,1,1,0,128,313,958,747,739,923,985,407,354,630,165,98,247,859,72,179,626,852,938,361,917,733,42,740,32,194,338,45,205,351,54,375,169,56,108,95,101,75,85,56,57,85,77,72,45,54,52,94,57,83,68,60,61,35,50,40,51,71,45,46,40,44,74,74,69
[ 87.552726] wil6210-aoa$0,1606461687.704668,04:d6:aa:c1:38:97,2,1,1,0,128,306,950,731,739,923,990,920,239,137,316,529,42,767,20,252,642,841,914,410,973,673,15,696,14,236,357,122,263,382,60,937,696,57,105,93,101,74,87,58,58,88,80,74,48,57,55,96,58,89,71,63,65,40,56,46,54,77,52,50,45,51,78,80,77
[ 87.583626] wil6210-aoa$0,1606461687.735570,04:d6:aa:c1:38:97,2,1,1,0,128,842,780,787,777,312,784,925,254,147,354,21,165,274,905,237,623,849,924,814,689,156,846,151,839,693,201,620,61,815,828,213,36,59,108,98,103,80,90,59,59,88,82,77,49,59,56,102,63,90,73,64,66,40,58,47,56,80,51,50,46,53,78,80,79
[ 87.618435] wil6210-aoa$0,1606461687.770375,04:d6:aa:c1:38:97,2,1,1,0,128,269,901,887,869,930,1015,418,406,140,321,94,194,875,56,201,571,879,957,372,880,738,34,776,75,264,436,99,253,338,19,866,531,62,111,99,100,81,93,61,61,92,85,80,51,60,58,103,64,90,73,64,66,43,60,50,57,81,56,54,49,56,83,90,85
[ 87.656825] wil6210-aoa$0,1606461687.808768,04:d6:aa:c1:38:97,2,1,1,0,128,729,716,246,605,365,781,411,403,169,418,73,210,847,64,258,624,891,966,395,932,744,41,682,998,677,182,87,242,324,16,399,163,56,112,100,107,75,89,57,59,88,81,74,46,54,52,93,59,84,69,61,60,36,52,43,50,73,45,44,39,44,68,68,64
[ 87.693418] wil6210-aoa$0,1606461687.845360,04:d6:aa:c1:38:97,2,1,1,0,128,249,943,782,786,981,1020,431,420,166,372,22,198,872,79,234,622,360,761,855,705,718,10,741,3,735,239,150,263,343,24,306,112,60,107,98,101,79,92,61,60,88,83,76,49,57,54,103,64,90,73,64,66,40,60,47,57,81,54,50,46,51,80,83,78
[ 87.724093] wil6210-aoa$0,1606461687.876035,04:d6:aa:c1:38:97,2,1,1,0,128,257,894,762,775,903,1,345,346,168,412,60,285,755,62,196,582,889,981,417,963,702,46,696,38,244,392,139,257,346,10,988,727,55,107,98,104,77,88,57,57,87,82,73,46,55,54,95,61,85,72,60,61,37,55,42,53,77,50,47,43,49,76,78,73
[ 87.756759] wil6210-aoa$0,1606461687.908698,04:d6:aa:c1:38:97,2,1,1,0,128,336,953,218,589,397,809,425,410,128,353,111,214,813,78,205,563,917,889,905,739,172,864,747,1020,716,189,103,208,307,1018,776,617,59,104,95,100,77,90,61,58,88,84,76,51,60,55,101,63,89,72,62,63,41,59,46,56,79,52,53,47,52,80,85,81
[ 87.796325] wil6210-aoa$0,1606461687.948268,04:d6:aa:c1:38:97,2,1,1,0,128,259,933,769,801,925,1003,390,369,650,189,505,2,256,916,191,627,885,966,333,920,164,854,174,838,664,153,116,239,410,84,898,642,57,108,99,100,78,90,60,60,89,83,75,49,58,56,103,61,91,72,63,65,39,56,46,57,80,54,49,45,52,79,82,78
[ 87.833549] wil6210-aoa$0,1606461687.985492,04:d6:aa:c1:38:97,2,1,1,0,128,296,931,767,786,380,828,898,199,676,214,550,13,276,893,683,427,300,725,861,700,203,875,714,29,230,344,154,234,394,6,721,451,59,105,96,103,77,92,59,60,87,83,76,50,59,56,101,64,90,71,63,65,40,59,47,57,80,55,51,47,54,80,86,80
[ 87.867837] wil6210-aoa$0,1606461688.019775,04:d6:aa:c1:38:97,2,1,1,0,128,261,924,763,808,898,973,867,217,646,198,520,1005,314,923,647,366,909,952,386,931,772,40,706,32,209,357,117,247,375,17,532,272,55,108,98,103,73,84,56,57,86,77,74,44,54,52,95,59,84,68,60,62,39,52,42,52,75,47,49,40,48,73,77,70
[ 87.905436] wil6210-aoa$0,1606461688.057378,04:d6:aa:c1:38:97,2,1,1,0,128,239,896,775,761,958,1015,847,187,651,197,532,15,826,45,194,537,910,951,804,663,698,1017,679,1022,645,113,583,16,849,890,501,306,57,104,97,98,74,85,57,56,84,78,73,45,54,53,93,58,85,68,60,60,38,51,41,52,75,46,46,40,47,71,74,69
[ 87.943197] wil6210-aoa$0,1606461688.095136,04:d6:aa:c1:38:97,2,1,1,0,128,347,969,831,803,918,1015,466,415,193,401,113,228,816,26,204,579,853,915,356,937,755,42,752,31,243,391,120,220,346,29,550,251,58,107,95,99,77,86,58,59,86,80,74,46,54,52,96,58,87,69,61,62,37,56,43,53,77,50,49,41,49,77,74,70
[ 87.983508] wil6210-aoa$0,1606461688.135447,04:d6:aa:c1:38:97,2,1,1,0,128,273,927,814,790,959,1018,423,381,572,130,527,992,249,849,207,513,380,784,325,846,716,2,737,24,167,357,133,222,337,1022,638,333,59,111,100,105,80,91,60,62,86,83,74,50,57,56,103,62,89,73,63,65,39,56,45,55,78,52,51,44,49,77,80,76
[ 88.024004] wil6210-aoa$0,1606461688.175946,04:d6:aa:c1:38:97,2,1,1,0,128,244,908,767,748,359,822,866,150,205,409,19,165,809,55,197,575,892,926,339,909,723,36,752,64,196,396,75,182,815,841,202,20,62,112,100,106,81,91,61,60,90,84,78,49,61,57,103,63,92,73,66,67,41,61,49,59,82,56,55,48,56,83,88,81
[ 88.059014] wil6210-aoa$0,1606461688.210955,04:d6:aa:c1:38:97,2,1,1,0,128,296,944,738,766,892,987,934,230,623,154,495,1011,282,852,254,587,380,750,361,890,172,853,149,857,634,147,553,7,407,79,272,40,60,113,99,104,78,91,61,62,90,85,77,49,59,57,100,63,91,74,65,66,39,59,47,56,82,52,52,46,51,81,83,80
[ 88.096437] wil6210-aoa$0,1606461688.248381,04:d6:aa:c1:38:97,2,1,1,0,128,267,936,850,894,927,8,492,463,150,428,67,209,823,95,182,615,959,989,410,960,745,43,773,51,251,396,132,248,417,97,946,601,59,106,98,105,78,92,58,58,89,84,75,48,58,55,100,62,88,71,63,64,40,58,46,57,78,53,50,46,52,77,82,81
[ 88.127181] wil6210-aoa$0,1606461688.279124,04:d6:aa:c1:38:97,2,1,1,0,128,297,919,788,800,918,1002,477,464,129,341,3,166,822,52,211,612,851,927,370,892,146,815,745,40,657,180,82,184,933,934,639,412,54,109,98,102,75,85,56,59,85,76,69,44,50,51,92,58,82,66,59,61,35,52,41,46,72,45,42,37,44,67,68,62
[ 88.162120] wil6210-aoa$0,1606461688.314061,04:d6:aa:c1:38:97,2,1,1,0,128,277,937,734,762,936,1006,401,388,187,390,70,218,812,46,173,546,916,956,394,928,127,879,733,49,175,351,111,194,369,21,126,867,60,106,96,103,79,92,59,59,87,83,74,48,60,55,100,64,90,73,63,66,41,59,49,58,82,54,51,46,54,80,84,81
[ 88.199321] wil6210-aoa$0,1606461688.351264,04:d6:aa:c1:38:97,2,1,1,0,128,313,932,808,813,949,983,467,426,132,379,87,212,865,91,160,565,905,973,389,939,754,48,715,7,723,143,110,213,383,28,15,736,55,106,96,101,74,87,57,58,86,80,73,46,56,53,92,57,88,69,61,62,36,52,43,53,74,45,46,39,44,71,75,68
[ 88.236003] wil6210-aoa$0,1606461688.387945,04:d6:aa:c1:38:97,2,1,1,0,128,262,889,783,792,927,1003,903,200,118,307,102,207,817,45,177,555,910,946,408,891,729,30,754,24,196,319,90,193,340,11,551,399,59,108,99,105,79,92,61,59,90,84,75,49,60,54,101,61,92,72,65,67,41,60,48,58,81,55,53,45,56,83,86,83
[ 88.273600] wil6210-aoa$0,1606461688.425541,04:d6:aa:c1:38:97,2,1,1,0,128,813,727,808,754,877,971,890,215,190,384,141,261,818,27,183,595,895,948,353,922,749,48,717,13,246,426,68,238,340,41,981,759,59,106,96,103,76,86,61,57,89,84,73,47,58,53,98,62,87,71,61,63,38,58,44,54,79,49,49,43,51,77,79,73
[ 88.314244] wil6210-aoa$0,1606461688.466182,04:d6:aa:c1:38:97,2,1,1,0,128,350,953,231,598,946,1012,434,421,174,390,97,207,248,892,623,377,354,775,824,732,141,845,122,851,701,175,545,0,437,70,725,437,57,105,98,103,75,88,60,58,85,82,74,47,60,54,97,63,89,71,62,64,39,57,47,57,79,52,50,44,52,81,83,75
[ 88.355040] wil6210-aoa$0,1606461688.506980,04:d6:aa:c1:38:97,2,1,1,0,128,323,952,739,769,950,32,394,383,150,352,131,248,880,64,160,506,382,792,394,919,763,1018,751,46,225,385,121,230,364,26,720,532,57,108,95,102,76,88,59,58,86,83,74,48,58,54,98,61,89,71,63,63,39,57,46,54,80,51,51,44,52,80,84,77
[ 88.395166] wil6210-aoa$0,1606461688.547109,04:d6:aa:c1:38:97,2,1,1,0,128,793,714,246,583,967,996,432,423,133,362,88,212,768,23,197,586,855,940,859,744,738,17,689,17,680,163,122,223,855,920,356,102,58,110,98,105,77,88,58,59,88,83,74,45,54,53,94,58,86,71,59,61,37,55,41,50,74,48,45,40,46,73,71,66
[ 88.430509] wil6210-aoa$0,1606461688.582447,04:d6:aa:c1:38:97,2,1,1,0,128,244,916,756,777,893,979,412,427,157,404,54,218,841,56,164,574,296,762,826,707,164,865,747,82,255,403,155,243,405,65,13,774,58,110,99,105,78,92,62,61,88,87,75,47,58,55,98,60,88,71,62,65,37,53,44,53,80,49,50,44,49,76,77,71
[ 88.461373] wil6210-aoa$0,1606461688.613317,04:d6:aa:c1:38:97,2,1,1,0,128,727,723,193,588,901,962,403,353,609,122,475,1016,340,909,205,606,920,998,806,726,750,94,718,0,685,205,570,29,365,29,376,142,60,109,100,106,79,89,60,63,88,82,76,47,56,55,99,61,90,73,63,66,37,56,44,52,80,49,47,42,49,76,76,71
[ 88.492653] wil6210-aoa$0,1606461688.644596,04:d6:aa:c1:38:97,2,1,1,0,128,212,864,260,586,950,979,466,427,151,371,46,213,826,53,213,579,889,962,350,885,765,48,700,7,204,368,101,236,343,38,450,219,59,106,100,101,78,89,59,61,87,79,77,47,59,54,97,62,88,72,63,65,41,58,45,55,79,55,51,45,52,79,83,77
[ 88.523423] wil6210-aoa$0,1606461688.675365,04:d6:aa:c1:38:97,2,1,1,0,128,235,875,795,774,906,985,442,378,153,320,72,192,858,83,176,558,879,914,388,907,720,13,680,10,670,123,562,50,394,54,254,31,62,110,100,104,83,93,64,64,92,88,78,53,65,60,107,66,96,75,66,68,42,62,50,61,85,57,54,50,57,86,87,85
[ 88.554381] wil6210-aoa$0,1606461688.706323,04:d6:aa:c1:38:97,2,1,1,0,128,281,945,793,807,947,1008,389,365,184,400,29,231,834,45,154,543,392,783,883,726,788,69,719,18,234,365,156,249,397,38,47,784,58,107,96,103,73,89,59,57,85,82,75,47,57,54,97,60,85,69,62,63,38,55,43,52,75,51,49,41,49,77,74,71
[ 88.591096] wil6210-aoa$0,1606461688.743039,04:d6:aa:c1:38:97,2,1,1,0,128,280,941,796,774,880,977,410,397,139,353,62,210,874,62,165,572,969,984,380,922,798,61,697,12,169,339,143,246,349,53,53,915,57,106,97,102,75,88,59,59,84,81,72,47,55,51,94,59,85,69,61,63,38,52,43,52,74,49,46,41,49,74,77,74
[ 88.630308] wil6210-aoa$0,1606461688.782249,04:d6:aa:c1:38:97,2,1,1,0,128,291,908,783,751,910,1008,412,417,106,320,491,992,258,849,179,611,837,920,876,761,760,60,748,51,155,321,138,258,346,21,17,838,57,106,95,97,76,85,56,57,84,80,71,45,51,51,95,58,85,68,60,60,35,51,42,50,73,46,45,38,45,71,68,64
[ 88.671099] wil6210-aoa$0,1606461688.823037,04:d6:aa:c1:38:97,2,1,1,0,128,267,915,747,768,929,992,381,392,122,332,558,20,255,887,693,394,889,981,866,741,679,25,763,42,182,394,97,202,361,25,662,461,57,103,93,101,76,85,56,58,85,79,71,43,52,52,95,57,85,70,60,61,37,54,43,53,75,48,47,41,46,72,74,69
[ 88.708900] wil6210-aoa$0,1606461688.860841,04:d6:aa:c1:38:97,2,1,1,0,128,276,923,745,719,991,11,432,388,133,342,1013,165,847,54,240,609,916,974,369,927,706,22,718,36,254,441,136,256,313,27,425,224,56,103,95,98,75,86,57,59,83,81,74,47,55,53,98,62,87,69,60,63,38,56,42,53,77,50,47,41,50,76,75,73
[ 88.745069] wil6210-aoa$0,1606461688.897012,04:d6:aa:c1:38:97,2,1,1,0,128,303,966,771,790,962,0,447,427,115,320,63,206,837,70,187,589,947,941,363,883,690,19,755,29,261,419,137,238,384,14,180,974,57,110,98,105,79,90,59,60,88,85,78,48,58,53,100,62,91,75,64,66,39,56,44,54,78,53,48,42,49,78,75,71
[ 88.781379] wil6210-aoa$0,1606461688.933319,04:d6:aa:c1:38:97,2,1,1,0,128,780,746,766,764,943,11,404,395,138,343,62,161,807,21,175,557,929,932,377,868,718,1007,675,988,713,189,133,212,371,51,626,429,54,105,94,101,75,84,55,56,84,79,70,44,52,51,91,56,82,68,58,60,35,51,41,49,72,46,45,38,43,70,67,64
[ 88.818728] wil6210-aoa$0,1606461688.970671,04:d6:aa:c1:38:97,2,1,1,0,128,306,927,764,762,968,999,406,378,634,181,567,43,845,80,191,562,851,931,353,880,782,89,770,62,218,400,131,241,428,76,89,838,62,108,98,103,78,90,60,61,89,82,78,48,56,56,98,60,90,73,63,67,40,58,43,54,78,52,49,43,49,75,78,72
[ 88.862474] wil6210-aoa$0,1606461689.014416,04:d6:aa:c1:38:97,2,1,1,0,128,759,747,780,787,404,849,440,422,595,175,86,246,815,47,263,626,890,928,452,913,697,1018,749,18,230,392,587,61,337,1020,473,227,60,113,100,106,80,92,61,61,90,86,78,51,60,60,102,63,90,74,66,66,42,62,48,59,83,56,53,47,54,81,85,80
[ 88.894728] wil6210-aoa$0,1606461689.046666,04:d6:aa:c1:38:97,2,1,1,0,128,286,932,763,773,899,968,422,375,178,412,49,201,794,29,205,611,915,947,401,922,793,67,776,31,241,399,45,166,364,22,185,1004,59,111,100,104,81,90,60,62,89,84,75,47,57,54,100,63,88,72,63,66,39,58,46,57,82,52,50,43,52,80,81,74
[ 88.934789] wil6210-aoa$0,1606461689.086734,04:d6:aa:c1:38:97,2,1,1,0,128,263,911,797,784,980,1018,398,346,177,397,106,222,806,11,210,601,864,922,355,903,765,45,819,47,185,366,122,260,438,79,809,494,57,107,96,103,77,89,56,58,84,81,73,44,54,54,98,59,84,71,63,62,37,55,44,53,76,49,47,42,47,73,78,73
[ 88.970408] wil6210-aoa$0,1606461689.122346,04:d6:aa:c1:38:97,2,1,1,0,128,292,911,770,771,914,994,359,391,638,211,526,33,867,60,208,596,932,997,401,943,743,69,727,61,211,368,539,37,822,841,216,1002,57,106,96,101,77,88,59,61,86,82,75,47,58,55,99,60,88,72,63,66,38,59,46,53,79,53,51,44,49,79,81,75
[ 89.001568] wil6210-aoa$0,1606461689.153512,04:d6:aa:c1:38:97,2,1,1,0,128,280,962,792,788,954,12,436,404,171,361,49,199,821,27,192,562,940,982,392,918,727,47,717,1022,200,367,133,248,344,24,504,192,58,106,96,103,75,88,58,59,86,81,73,48,57,55,98,61,86,71,63,65,40,57,45,55,79,50,51,44,50,78,80,74
[ 89.032282] wil6210-aoa$0,1606461689.184226,04:d6:aa:c1:38:97,2,1,1,0,128,221,871,821,789,909,995,351,336,176,359,56,196,219,875,655,340,300,720,927,760,234,881,768,17,201,375,47,216,392,50,722,422,58,107,96,103,77,87,58,59,85,78,71,46,56,52,95,61,85,69,62,62,37,56,45,53,77,51,48,42,48,75,75,72
[ 89.063226] wil6210-aoa$0,1606461689.215169,04:d6:aa:c1:38:97,2,1,1,0,128,256,929,780,758,872,966,921,246,142,381,34,190,874,60,180,562,917,936,396,906,165,835,188,835,714,173,629,37,856,926,179,886,66,122,111,116,86,101,64,66,99,91,84,56,65,63,112,71,100,83,71,73,45,66,53,61,89,60,58,52,59,91,94,87
[ 89.100626] wil6210-aoa$0,1606461689.252567,04:d6:aa:c1:38:97,2,1,1,0,128,295,949,220,591,938,1002,421,382,220,405,52,180,792,31,261,599,895,911,841,743,724,27,712,1022,235,337,125,227,371,52,785,634,60,107,102,107,80,94,63,64,90,85,77,50,59,58,103,64,90,74,64,66,40,58,47,56,79,54,52,45,50,81,81,75
[ 89.135949] wil6210-aoa$0,1606461689.287892,04:d6:aa:c1:38:97,2,1,1,0,128,816,747,803,776,905,997,847,185,622,175,74,227,279,878,165,568,388,804,387,919,742,27,142,781,743,188,574,15,897,884,48,800,57,105,96,102,73,86,55,57,84,77,72,46,51,50,93,57,82,67,60,59,34,52,41,48,72,46,43,38,47,70,72,67
[ 89.172676] wil6210-aoa$0,1606461689.324619,04:d6:aa:c1:38:97,2,1,1,0,128,221,886,751,800,900,1011,375,362,611,184,53,222,877,102,190,613,879,907,335,866,169,917,728,28,247,425,124,216,887,894,282,51,58,112,103,105,80,92,60,62,93,86,77,48,59,56,102,65,91,76,65,66,41,59,48,57,83,53,51,45,53,80,82,75
[ 89.203999] wil6210-aoa$0,1606461689.355942,04:d6:aa:c1:38:97,2,1,1,0,128,736,706,230,545,882,955,839,169,700,185,67,208,771,9,184,566,922,983,380,884,731,56,197,867,129,301,650,78,347,35,856,612,59,107,99,104,77,86,57,61,87,81,74,47,57,54,97,60,88,72,60,63,38,54,42,51,74,45,44,41,44,70,74,69
[ 89.238241] wil6210-aoa$0,1606461689.390179,04:d6:aa:c1:38:97,2,1,1,0,128,749,723,827,816,940,1017,374,359,172,349,36,192,299,912,178,566,972,990,332,884,714,30,683,999,188,347,607,53,381,47,262,1016,62,110,98,102,82,93,61,61,89,86,77,50,60,58,103,64,90,70,64,66,41,61,48,60,81,54,51,47,54,82,84,80
[ 89.276273] wil6210-aoa$0,1606461689.428216,04:d6:aa:c1:38:97,2,1,1,0,128,328,949,755,769,915,1017,428,464,142,381,983,156,883,84,229,609,886,918,413,939,677,6,691,7,234,371,91,209,347,62,18,800,60,112,99,104,78,91,60,62,90,84,74,49,59,58,99,61,90,75,66,66,43,60,48,56,80,54,51,45,53,81,86,79
[ 89.313352] wil6210-aoa$0,1606461689.465293,04:d6:aa:c1:38:97,2,1,1,0,128,280,925,773,774,909,990,891,202,630,164,568,45,305,886,235,563,903,945,412,926,188,871,747,1019,700,155,86,231,322,1023,947,633,59,108,98,104,77,91,58,60,86,83,76,49,59,57,99,63,90,72,63,65,39,58,46,55,77,51,50,43,51,77,83,75
[ 89.354251] wil6210-aoa$0,1606461689.506191,04:d6:aa:c1:38:97,2,1,1,0,128,290,928,800,817,951,1013,390,365,166,364,80,197,881,84,136,555,928,972,903,719,729,15,764,82,269,441,135,301,323,1021,0,804,57,105,95,102,75,85,58,58,84,79,70,46,55,50,98,60,88,69,60,62,37,55,43,52,77,50,49,41,49,78,77,73
[ 89.394871] wil6210-aoa$0,1606461689.546814,04:d6:aa:c1:38:97,2,1,1,0,128,736,702,846,825,946,1004,352,356,187,384,75,255,885,133,145,578,909,980,391,906,689,45,725,63,169,347,637,77,345,34,35,811,56,105,98,102,76,86,56,57,86,78,70,45,52,52,94,58,80,68,59,62,36,51,41,51,73,45,45,40,44,72,74,67
[ 89.430496] wil6210-aoa$0,1606461689.582435,04:d6:aa:c1:38:97,2,1,1,0,128,296,936,784,748,940,973,383,349,214,396,51,226,814,47,134,536,389,791,368,899,693,19,721,10,194,338,105,249,405,78,785,499,57,106,96,102,73,86,59,57,84,80,71,44,56,53,96,59,85,70,58,61,37,52,43,51,73,47,46,40,48,73,72,68
[ 89.467175] wil6210-aoa$0,1606461689.619117,04:d6:aa:c1:38:97,2,1,1,0,128,352,969,716,731,1002,1021,380,351,200,366,81,179,862,15,227,582,386,759,384,875,741,22,727,1020,659,141,95,198,836,829,116,941,55,106,96,100,77,86,57,59,84,78,72,43,54,51,96,58,86,69,60,61,37,51,41,49,73,48,45,41,48,73,71,67
[ 89.504201] wil6210-aoa$0,1606461689.656143,04:d6:aa:c1:38:97,2,1,1,0,128,810,755,231,575,354,806,481,431,138,337,117,265,796,42,625,378,925,915,407,928,195,887,169,816,208,376,90,237,434,52,875,549,57,103,96,100,76,84,56,56,85,78,72,43,52,52,93,57,84,70,60,60,34,51,40,48,74,46,45,36,44,71,70,65
[ 89.535528] wil6210-aoa$0,1606461689.687471,04:d6:aa:c1:38:97,2,1,1,0,128,301,939,837,843,953,1,466,450,175,382,50,172,764,2,654,377,391,778,405,953,701,28,694,8,617,161,570,40,854,908,540,292,58,106,97,101,75,89,60,59,88,83,75,49,57,55,100,62,88,70,64,66,39,59,48,56,79,55,52,48,55,80,86,82
[ 89.571910] wil6210-aoa$0,1606461689.723852,04:d6:aa:c1:38:97,2,1,1,0,128,282,919,822,809,980,16,399,415,221,443,2,179,273,855,211,564,916,982,353,905,750,16,715,30,202,358,94,222,340,21,383,193,63,111,100,109,81,93,63,63,92,86,79,50,63,57,106,66,94,73,68,67,43,60,50,61,86,57,55,47,55,84,89,85
[ 89.602994] wil6210-aoa$0,1606461689.754933,04:d6:aa:c1:38:97,2,1,1,0,128,292,915,157,549,939,998,403,356,661,163,75,200,810,39,137,550,884,953,333,915,781,55,672,1013,224,387,545,25,854,834,900,758,56,103,95,101,75,90,58,59,84,80,73,49,59,55,102,62,87,72,65,65,41,58,46,55,79,54,50,43,52,80,83,79
[ 89.644075] wil6210-aoa$0,1606461689.796016,04:d6:aa:c1:38:97,2,1,1,0,128,257,919,772,757,957,1015,393,362,140,344,26,161,865,79,200,613,903,963,375,889,749,36,702,11,192,352,123,218,383,40,931,638,58,110,99,105,79,87,58,61,88,83,75,45,55,51,93,57,87,69,62,63,37,53,43,51,73,47,45,39,49,75,76,70
[ 89.684653] wil6210-aoa$0,1606461689.836587,04:d6:aa:c1:38:97,2,1,1,0,128,312,928,804,837,958,4,394,378,175,375,58,187,307,890,720,434,902,995,445,947,771,60,739,14,215,375,167,288,376,48,599,353,58,112,99,105,79,89,58,61,88,82,74,47,59,58,100,62,93,74,65,67,39,57,46,55,79,50,51,43,54,80,81,75
[ 89.719069] wil6210-aoa$0,1606461689.871011,04:d6:aa:c1:38:97,2,1,1,0,128,291,934,762,753,905,1009,439,393,100,313,523,10,785,25,666,340,921,960,350,845,775,39,777,46,182,363,80,166,408,74,572,308,58,106,97,103,76,88,60,60,84,80,73,49,57,52,99,62,88,71,63,63,39,56,45,54,81,52,49,44,51,79,78,73
[ 89.751343] wil6210-aoa$0,1606461689.903286,04:d6:aa:c1:38:97,2,1,1,0,128,287,947,209,573,349,800,830,148,673,184,537,39,885,114,127,561,886,971,423,951,783,29,716,6,270,411,103,215,387,14,448,196,56,107,95,100,77,89,59,60,85,80,73,47,56,54,97,60,88,70,61,62,36,56,44,53,78,52,49,44,53,80,80,77
[ 89.782169] wil6210-aoa$0,1606461689.934113,04:d6:aa:c1:38:97,2,1,1,0,128,326,965,786,771,908,977,494,449,107,339,30,197,876,57,268,647,901,964,380,907,738,57,761,4,159,330,122,244,355,47,642,390,57,105,95,102,75,86,59,60,85,80,75,48,54,51,99,59,87,71,64,63,37,56,44,53,78,49,48,44,48,76,79,75
[ 89.814156] wil6210-aoa$0,1606461689.966095,04:d6:aa:c1:38:97,2,1,1,0,128,286,906,767,754,911,999,405,415,172,362,91,217,851,33,202,619,897,937,317,902,121,859,707,13,218,379,62,189,331,995,839,648,58,105,95,101,74,86,56,59,85,80,73,46,54,52,96,58,87,69,63,64,39,55,43,53,75,48,47,42,47,73,75,72
[ 89.854183] wil6210-aoa$0,1606461690.006126,04:d6:aa:c1:38:97,2,1,1,0,128,833,759,835,792,918,1000,330,366,629,194,496,1019,301,860,185,539,353,757,891,737,241,893,694,974,240,407,112,262,831,857,310,123,56,103,96,101,77,88,59,59,88,79,73,47,57,53,96,60,88,70,63,64,39,55,45,53,76,50,48,43,48,75,77,71
[ 89.890389] wil6210-aoa$0,1606461690.042328,04:d6:aa:c1:38:97,2,1,1,0,128,310,933,811,763,921,988,842,126,728,244,14,161,828,66,643,366,909,926,405,920,751,34,767,42,191,354,96,223,368,55,314,87,59,106,94,101,76,87,58,57,87,80,72,47,54,52,92,57,85,68,61,60,36,52,42,51,73,47,47,40,46,73,76,71
[ 89.927410] wil6210-aoa$0,1606461690.079353,04:d6:aa:c1:38:97,2,1,1,0,128,268,931,769,784,866,948,892,207,137,306,38,177,804,24,200,586,897,932,412,932,747,12,757,30,224,414,143,232,323,19,656,423,61,109,102,106,82,93,62,62,89,85,77,49,60,59,105,65,92,74,66,66,41,59,49,58,82,53,52,45,53,82,84,79
[ 89.964325] wil6210-aoa$0,1606461690.116268,04:d6:aa:c1:38:97,2,1,1,0,128,300,916,243,607,407,857,902,216,151,355,89,207,849,64,278,641,920,957,377,916,799,64,711,33,235,401,48,203,333,25,296,139,58,104,96,99,75,87,59,58,86,81,74,47,57,54,97,60,90,70,63,63,41,58,46,54,79,53,51,45,53,80,82,77
[ 89.995314] wil6210-aoa$0,1606461690.147258,04:d6:aa:c1:38:97,2,1,1,0,128,300,940,765,799,879,992,394,380,180,360,556,48,883,105,137,521,924,958,388,920,774,73,723,16,188,322,131,243,379,76,593,356,59,106,92,96,76,88,59,59,87,83,74,50,59,55,101,63,87,72,63,64,39,57,47,54,79,51,53,44,51,79,80,78
[ 90.031929] wil6210-aoa$0,1606461690.183873,04:d6:aa:c1:38:97,2,1,1,0,128,266,920,769,756,329,786,932,249,635,155,43,188,826,33,163,569,952,951,420,943,797,36,716,4,195,355,66,208,878,889,201,1019,54,95,92,96,71,81,55,56,80,76,69,41,52,51,91,56,82,67,58,59,36,51,41,49,74,45,44,37,45,69,71,67
[ 90.062909] wil6210-aoa$0,1606461690.214852,04:d6:aa:c1:38:97,2,1,1,0,128,298,944,780,804,950,34,419,416,159,369,1023,204,230,857,664,371,943,1000,412,959,691,20,696,18,229,369,126,222,377,71,250,945,61,111,99,104,81,92,62,62,89,86,75,50,60,57,102,63,91,74,65,67,41,58,47,57,82,53,50,46,54,81,83,78
[ 90.094152] wil6210-aoa$0,1606461690.246095,04:d6:aa:c1:38:97,2,1,1,0,128,265,920,796,794,955,4,367,390,199,419,30,174,844,59,219,586,937,994,379,923,734,34,671,1005,176,350,166,263,392,65,574,310,61,110,98,103,80,90,61,61,90,84,75,51,59,56,102,65,89,74,65,66,41,61,47,55,82,54,51,46,55,81,82,79
[ 90.131528] wil6210-aoa$0,1606461690.283471,04:d6:aa:c1:38:97,2,1,1,0,128,352,950,726,730,939,987,878,180,651,188,453,1006,303,911,212,588,918,960,385,905,786,52,689,0,184,367,134,266,399,79,78,861,61,105,98,103,76,90,60,61,87,82,75,49,60,55,100,63,90,72,63,64,39,60,47,59,83,54,51,45,54,82,87,82
[ 90.162741] wil6210-aoa$0,1606461690.314685,04:d6:aa:c1:38:97,2,1,1,0,128,746,740,775,782,981,39,407,391,143,374,57,197,271,859,256,615,876,937,342,865,157,869,160,828,660,138,544,3,832,873,400,263,56,107,92,103,74,86,58,58,85,82,70,44,52,50,90,57,83,69,58,60,34,52,40,49,72,46,45,38,46,71,71,66
[ 90.193703] wil6210-aoa$0,1606461690.345646,04:d6:aa:c1:38:97,2,1,1,0,128,220,918,840,797,927,991,865,170,191,397,81,203,818,70,189,557,904,928,416,900,813,58,752,11,269,430,87,219,403,69,146,851,59,105,95,101,77,89,59,57,85,83,75,48,57,54,99,61,88,71,62,64,39,56,47,55,80,53,50,45,53,79,83,79
[ 90.229957] wil6210-aoa$0,1606461690.381899,04:d6:aa:c1:38:97,2,1,1,0,128,252,929,777,790,952,13,370,400,241,431,35,228,833,51,195,534,873,930,390,912,711,53,751,34,720,204,111,194,342,1010,612,360,57,106,94,102,73,87,57,58,84,81,72,46,56,52,95,60,84,67,60,61,38,55,43,52,77,48,46,39,47,74,73,70
[ 90.261083] wil6210-aoa$0,1606461690.413025,04:d6:aa:c1:38:97,2,1,1,0,128,244,923,740,760,401,851,386,376,624,202,53,194,824,43,705,442,356,762,408,928,762,41,795,32,195,355,109,241,347,22,9,776,58,112,100,104,79,92,60,61,89,84,77,49,58,55,101,62,91,72,64,67,40,57,47,58,82,51,51,45,53,81,78,74
[ 90.297337] wil6210-aoa$0,1606461690.449280,04:d6:aa:c1:38:97,2,1,1,0,128,268,924,817,786,903,974,351,375,184,396,51,220,799,37,631,351,898,921,370,920,685,7,708,1,231,384,103,214,397,71,216,931,59,104,94,97,76,90,59,57,85,81,74,49,58,56,99,62,88,71,62,63,40,57,46,57,80,52,49,44,52,79,82,76
[ 90.331867] wil6210-aoa$0,1606461690.483806,04:d6:aa:c1:38:97,2,1,1,0,128,287,954,808,787,976,1018,346,308,181,412,7,173,244,850,692,404,843,931,854,742,746,56,716,1011,207,343,128,214,326,1009,159,1006,58,106,95,100,75,88,54,57,85,80,74,46,55,56,96,59,85,70,62,64,38,55,45,55,75,51,50,45,50,77,79,74
[ 90.369466] wil6210-aoa$0,1606461690.521409,04:d6:aa:c1:38:97,2,1,1,0,128,311,924,807,836,950,999,399,363,213,372,63,158,832,35,166,546,892,942,430,991,711,33,731,1022,264,407,122,254,328,13,837,609,62,121,108,113,85,98,64,66,96,89,81,51,61,58,105,65,96,78,68,67,40,60,46,55,81,51,49,43,50,81,77,71
[ 90.400880] wil6210-aoa$0,1606461690.552822,04:d6:aa:c1:38:97,2,1,1,0,128,238,909,250,608,965,1003,416,395,108,329,60,198,884,54,172,574,887,935,442,977,730,27,703,1,215,387,138,217,356,60,115,847,55,101,94,101,74,83,56,58,85,79,72,46,56,52,96,59,87,69,61,61,38,56,41,53,76,51,47,40,48,76,76,71
[ 90.435654] wil6210-aoa$0,1606461690.587593,04:d6:aa:c1:38:97,2,1,1,0,128,270,903,869,853,942,987,420,442,164,380,73,225,832,73,173,549,974,1001,416,966,785,88,735,60,194,361,195,342,370,30,352,962,58,110,95,102,79,88,59,59,86,84,73,47,57,54,99,61,88,70,62,63,37,56,44,53,78,52,50,45,50,76,78,75
[ 90.472510] wil6210-aoa$0,1606461690.624453,04:d6:aa:c1:38:97,2,1,1,0,128,264,936,760,792,967,971,865,169,630,192,521,1010,276,841,683,402,891,967,378,896,725,20,735,15,211,370,153,307,347,3,102,849,60,110,98,105,79,91,61,62,87,84,78,50,58,58,100,64,90,72,63,65,40,56,47,57,78,52,52,45,52,79,82,77
[ 90.504384] wil6210-aoa$0,1606461690.656323,04:d6:aa:c1:38:97,2,1,1,0,128,344,979,810,781,942,997,370,350,245,402,59,199,819,30,211,605,921,954,374,943,742,55,791,49,189,363,91,229,330,23,139,809,59,109,102,107,78,91,61,62,87,84,76,50,58,56,101,63,89,71,64,64,41,55,46,55,80,52,49,43,53,80,81,73
[ 90.544621] wil6210-aoa$0,1606461690.696563,04:d6:aa:c1:38:97,2,1,1,0,128,282,918,851,847,954,1012,450,462,133,374,95,253,865,77,211,622,927,953,397,964,787,82,802,84,232,420,167,265,362,62,974,625,60,107,95,101,73,85,58,57,86,80,73,45,53,51,95,56,85,70,61,61,37,54,43,52,75,48,46,40,46,72,73,68
[ 90.579674] wil6210-aoa$0,1606461690.731611,04:d6:aa:c1:38:97,2,1,1,0,128,260,914,831,818,961,1009,375,401,151,378,29,206,807,1017,675,351,369,726,866,718,198,856,199,856,700,146,146,220,391,51,359,74,57,107,94,101,75,89,58,59,87,82,73,46,55,53,94,59,86,68,61,61,38,53,43,51,78,49,48,42,49,75,74,70
[ 90.611151] wil6210-aoa$0,1606461690.763094,04:d6:aa:c1:38:97,2,1,1,0,128,366,968,804,828,920,991,414,394,155,354,49,170,753,1002,161,545,951,985,813,668,205,879,726,25,250,375,130,225,408,13,170,921,59,105,93,102,78,89,58,60,88,84,77,49,60,55,101,61,88,71,65,66,40,58,46,55,78,55,50,45,52,80,83,77
[ 90.648067] wil6210-aoa$0,1606461690.800012,04:d6:aa:c1:38:97,2,1,1,0,128,271,935,800,787,965,22,407,414,158,353,71,236,766,2,636,379,375,769,896,727,714,20,715,1013,205,393,157,266,349,24,410,174,58,105,96,100,77,91,58,60,87,82,75,49,55,54,99,62,88,71,63,65,39,57,46,54,80,54,51,44,50,79,83,79
[ 90.682277] wil6210-aoa$0,1606461690.834217,04:d6:aa:c1:38:97,2,1,1,0,128,700,706,784,790,399,847,427,432,204,369,10,173,304,913,173,558,332,759,869,732,121,831,215,815,728,177,122,252,380,42,670,418,68,121,109,115,87,101,67,67,98,91,84,54,66,63,110,71,100,81,72,71,44,65,51,61,89,58,55,49,57,86,92,85
[ 90.714451] wil6210-aoa$0,1606461690.866395,04:d6:aa:c1:38:97,2,1,1,0,128,321,960,780,787,405,858,414,389,171,387,63,236,882,71,192,551,907,930,406,879,761,40,693,996,163,309,540,1020,866,890,754,592,58,106,97,100,75,88,57,59,85,82,73,44,57,53,97,61,86,69,62,63,38,54,45,54,79,50,49,42,48,76,78,70
[ 90.751529] wil6210-aoa$0,1606461690.903473,04:d6:aa:c1:38:97,2,1,1,0,128,293,904,788,782,951,987,375,349,157,381,960,140,858,69,128,502,905,955,344,918,726,57,767,36,219,395,140,250,408,116,35,703,56,104,96,100,76,87,57,58,87,82,74,46,57,54,99,60,87,72,62,64,39,57,46,56,79,50,51,45,52,78,80,78
[ 90.782430] wil6210-aoa$0,1606461690.934373,04:d6:aa:c1:38:97,2,1,1,0,128,278,929,812,778,857,975,427,426,167,390,54,230,831,48,209,622,838,930,357,921,741,46,756,41,206,372,110,242,309,1021,236,87,59,104,95,101,76,90,59,61,86,81,76,50,58,57,101,61,89,71,62,64,41,60,48,59,81,55,53,48,53,78,86,83
[ 90.813696] wil6210-aoa$0,1606461690.965639,04:d6:aa:c1:38:97,2,1,1,0,128,308,936,252,610,985,4,390,427,225,401,42,230,865,68,189,560,894,936,793,680,169,854,721,998,230,361,100,183,407,41,477,221,57,105,96,102,78,89,58,59,87,83,74,48,57,54,100,59,88,71,63,65,39,58,44,54,80,53,52,45,51,80,82,78
[ 90.848108] wil6210-aoa$0,1606461691.000047,04:d6:aa:c1:38:97,2,1,1,0,128,272,922,207,556,965,981,462,456,161,357,564,35,261,869,689,433,911,919,412,905,736,51,820,139,236,360,100,232,382,62,700,407,56,107,96,103,76,87,58,59,85,79,72,44,53,52,94,56,86,71,59,59,38,52,40,48,73,46,45,38,47,71,69,63
[ 90.880172] wil6210-aoa$0,1606461691.032114,04:d6:aa:c1:38:97,2,1,1,0,128,285,962,757,809,957,999,484,418,207,431,99,215,852,70,191,576,957,973,433,940,793,58,742,7,305,420,101,188,411,30,108,857,59,110,97,102,80,91,58,62,87,82,76,46,56,54,99,60,89,71,60,62,39,55,45,51,77,50,45,42,47,73,74,69
[ 90.916616] wil6210-aoa$0,1606461691.068560,04:d6:aa:c1:38:97,2,1,1,0,128,791,778,244,611,975,1017,482,469,610,154,173,269,809,46,191,581,911,989,353,912,652,988,211,870,652,199,615,64,408,56,223,957,60,109,98,105,78,90,59,60,89,86,76,49,58,56,100,63,91,75,64,67,40,59,44,54,80,52,51,45,52,80,80,77
[ 90.951529] wil6210-aoa$0,1606461691.103467,04:d6:aa:c1:38:97,2,1,1,0,128,733,728,192,543,947,21,374,365,643,134,548,31,304,882,660,419,904,930,378,909,704,2,172,829,725,229,592,74,855,877,748,506,59,109,97,104,77,88,57,58,85,82,75,45,54,55,95,60,85,71,61,63,38,53,43,51,73,49,46,39,48,73,73,67
[ 90.983010] wil6210-aoa$0,1606461691.134952,04:d6:aa:c1:38:97,2,1,1,0,128,231,896,730,757,944,28,367,375,673,187,517,51,276,859,656,382,924,964,412,947,710,1023,184,853,684,157,132,232,379,44,437,287,59,105,96,102,76,90,60,59,87,84,78,51,61,56,102,64,91,74,64,66,42,61,48,58,80,53,51,46,54,83,86,81
[ 91.014506] wil6210-aoa$0,1606461691.166449,04:d6:aa:c1:38:97,2,1,1,0,128,290,932,754,768,911,991,893,207,148,349,48,207,859,68,257,593,923,949,415,903,731,28,831,104,215,377,128,225,399,60,352,58,55,108,97,102,76,88,58,58,85,80,73,44,54,52,96,57,86,67,62,62,35,53,43,50,75,47,48,41,47,72,75,68
[ 91.047634] wil6210-aoa$0,1606461691.199573,04:d6:aa:c1:38:97,2,1,1,0,128,309,933,803,808,1014,49,461,459,209,412,39,172,821,32,215,561,889,924,419,896,757,63,729,1,221,354,112,194,368,34,367,93,56,105,95,99,75,86,57,59,86,82,74,42,55,51,96,59,85,68,58,61,39,53,45,53,77,50,50,42,50,76,78,72
[ 91.086291] wil6210-aoa$0,1606461691.238234,04:d6:aa:c1:38:97,2,1,1,0,128,227,912,755,770,960,7,387,409,159,394,7,150,283,876,618,385,425,789,860,703,763,23,719,25,188,357,112,239,375,57,279,68,60,106,94,101,75,90,58,57,87,82,75,50,59,56,102,63,89,70,63,66,39,60,47,56,80,54,53,47,52,80,88,82
[ 91.122579] wil6210-aoa$0,1606461691.274517,04:d6:aa:c1:38:97,2,1,1,0,128,325,897,816,792,972,15,403,402,171,388,25,152,850,39,238,602,862,921,846,688,707,15,135,844,739,174,96,245,307,17,764,500,54,103,96,99,74,87,59,57,86,80,71,47,57,52,97,59,88,70,62,64,38,54,42,51,78,50,48,42,49,75,77,72
[ 91.158305] wil6210-aoa$0,1606461691.310248,04:d6:aa:c1:38:97,2,1,1,0,128,309,922,811,812,948,19,854,194,149,351,34,160,330,916,166,541,362,784,887,754,718,10,685,1008,225,341,98,187,417,87,976,707,56,103,94,100,74,86,57,58,85,80,70,42,53,52,91,56,84,67,59,61,36,52,42,49,74,44,46,38,45,71,71,61
[ 91.195270] wil6210-aoa$0,1606461691.347213,04:d6:aa:c1:38:97,2,1,1,0,128,353,983,745,768,911,1016,390,377,142,342,97,215,746,27,180,588,832,912,844,736,160,844,732,22,258,404,58,214,349,50,543,243,56,106,94,100,73,84,56,60,86,79,74,46,54,52,96,58,84,69,61,61,36,53,43,51,74,48,45,40,47,71,74,67
[ 91.232338] wil6210-aoa$0,1606461691.384277,04:d6:aa:c1:38:97,2,1,1,0,128,745,704,791,774,348,771,920,232,657,177,97,209,827,53,233,593,925,960,326,863,751,10,733,15,208,383,49,182,375,25,281,1003,55,106,95,102,75,86,58,59,86,79,74,47,56,52,98,60,85,70,61,62,39,55,44,53,75,51,49,44,50,75,81,74
[ 91.267241] wil6210-aoa$0,1606461691.419185,04:d6:aa:c1:38:97,2,1,1,0,128,189,863,260,586,359,790,419,359,193,362,49,193,837,52,217,603,968,978,346,901,778,78,711,1011,234,359,132,234,421,94,86,801,59,110,96,105,79,91,59,60,89,84,76,48,58,55,98,61,89,74,63,64,39,57,43,55,77,51,48,42,50,77,78,73
[ 91.303146] wil6210-aoa$0,1606461691.455090,04:d6:aa:c1:38:97,2,1,1,0,128,273,931,763,774,949,997,484,455,158,383,54,212,846,68,187,562,964,974,424,981,756,45,654,988,688,186,605,89,856,911,461,163,58,109,96,104,77,86,58,59,87,81,72,46,54,54,95,59,86,72,60,64,37,54,41,52,77,48,48,43,49,76,77,71
[ 91.343159] wil6210-aoa$0,1606461691.495102,04:d6:aa:c1:38:97,2,1,1,0,128,287,957,800,826,948,999,412,409,243,432,70,184,853,54,233,581,890,954,379,882,713,1,733,1010,239,337,137,260,363,26,610,340,59,109,100,105,78,90,60,62,89,83,75,49,58,55,100,63,91,71,65,65,38,57,46,54,80,50,50,44,50,79,80,72
[ 91.382892] wil6210-aoa$0,1606461691.534829,04:d6:aa:c1:38:97,2,1,1,0,128,280,968,767,764,924,1000,424,414,166,409,97,229,853,76,208,622,973,1015,296,869,729,20,732,17,263,400,91,184,370,61,516,253,58,106,97,103,75,87,57,59,86,81,73,44,55,55,95,61,85,70,61,61,38,55,43,53,78,50,47,41,47,73,72,68
[ 91.421331] wil6210-aoa$0,1606461691.573274,04:d6:aa:c1:38:97,2,1,1,0,128,269,941,767,783,937,1010,359,347,153,366,78,240,865,94,193,574,921,982,379,925,730,24,745,31,205,405,87,258,356,1013,166,950,56,105,95,101,75,87,58,58,87,81,70,45,52,52,91,58,85,68,60,59,36,50,40,50,72,45,45,38,44,69,71,61
[ 91.452572] wil6210-aoa$0,1606461691.604515,04:d6:aa:c1:38:97,2,1,1,0,128,777,740,214,565,425,855,902,212,638,161,559,17,274,846,721,388,402,789,369,905,682,32,718,15,227,377,41,198,384,40,644,453,57,105,95,99,77,88,55,58,85,79,72,45,55,51,92,58,83,68,61,61,36,51,42,52,74,46,45,39,45,69,72,68
[ 91.483434] wil6210-aoa$0,1606461691.635376,04:d6:aa:c1:38:97,2,1,1,0,128,215,914,777,767,919,1005,452,452,213,402,55,197,832,86,171,543,340,760,383,897,722,27,746,41,190,365,66,175,380,53,173,876,57,108,96,101,78,87,60,60,87,83,74,50,59,55,99,62,89,70,64,64,40,57,46,57,78,53,51,45,51,80,80,76
[ 91.519501] wil6210-aoa$0,1606461691.671444,04:d6:aa:c1:38:97,2,1,1,0,128,318,936,767,759,907,990,414,371,177,394,89,250,852,79,170,557,861,919,857,731,715,31,676,19,215,373,100,249,856,872,292,58,57,105,98,104,76,86,59,61,87,81,76,47,58,53,100,61,89,71,64,62,38,56,44,55,80,53,50,43,50,80,82,75
[ 91.550569] wil6210-aoa$0,1606461691.702511,04:d6:aa:c1:38:97,2,1,1,0,128,265,926,781,750,941,1014,401,409,126,329,44,207,833,75,221,584,900,953,444,972,766,54,716,18,630,143,579,15,310,13,640,449,55,103,94,100,73,85,53,58,82,75,66,42,50,50,90,58,80,67,58,57,35,50,38,45,71,42,40,36,40,67,67,57
[ 91.586208] wil6210-aoa$0,1606461691.738150,04:d6:aa:c1:38:97,2,1,1,0,128,754,731,806,830,896,966,459,461,199,443,93,248,782,62,148,579,894,947,370,890,776,95,694,32,671,159,114,224,394,23,188,945,55,105,97,102,75,87,58,60,88,84,75,49,59,54,101,62,88,71,63,65,41,59,48,58,79,53,52,45,53,81,83,80
[ 91.622664] wil6210-aoa$0,1606461691.774607,04:d6:aa:c1:38:97,2,1,1,0,128,272,904,790,804,946,982,414,398,206,407,60,187,813,60,234,571,904,964,362,902,712,29,705,22,211,356,204,295,335,21,400,98,58,103,95,100,77,88,59,58,84,83,74,50,60,55,102,64,87,71,62,64,40,58,47,57,80,54,51,47,54,81,84,81
[ 91.653673] wil6210-aoa$0,1606461691.805617,04:d6:aa:c1:38:97,2,1,1,0,128,288,910,841,816,962,991,462,451,147,367,119,252,828,32,249,581,920,956,439,986,710,36,743,88,204,366,89,208,365,87,213,19,59,108,98,101,76,89,57,59,87,82,73,49,56,56,98,62,91,72,64,66,40,60,46,56,78,54,51,45,53,81,82,79
[ 91.691070] wil6210-aoa$0,1606461691.843008,04:d6:aa:c1:38:97,2,1,1,0,128,291,935,790,788,876,992,891,194,186,384,79,220,242,855,723,426,336,776,846,719,218,840,171,836,679,209,127,246,344,54,366,180,57,109,95,102,78,87,57,60,86,82,74,46,57,53,96,58,87,72,61,63,38,53,44,51,77,49,47,41,48,73,75,70
[ 91.732001] wil6210-aoa$0,1606461691.883942,04:d6:aa:c1:38:97,2,1,1,0,128,749,751,753,777,963,1,428,410,207,386,11,153,305,893,616,314,387,762,390,908,104,808,721,12,198,351,150,264,349,11,270,1022,58,109,99,103,79,92,60,62,89,84,76,51,59,55,104,63,92,74,63,64,42,60,48,59,84,56,54,47,53,85,88,81
[ 91.772099] wil6210-aoa$0,1606461691.924042,04:d6:aa:c1:38:97,2,1,1,0,128,248,920,772,783,984,26,414,390,145,398,85,242,781,16,244,610,908,930,456,963,694,12,702,6,167,343,97,191,304,21,851,574,60,113,100,104,80,90,60,62,90,82,76,48,58,56,99,60,89,74,64,65,39,55,44,53,78,51,49,45,50,76,79,75
[ 91.802804] wil6210-aoa$0,1606461691.954747,04:d6:aa:c1:38:97,2,1,1,0,128,177,861,830,788,919,1002,493,462,258,454,1009,187,858,38,213,593,910,962,354,894,751,64,725,51,260,409,109,253,341,27,198,986,56,108,95,102,77,86,58,60,85,81,72,44,55,53,94,59,85,70,60,63,37,55,40,50,76,48,46,40,46,72,71,67
[ 91.833920] wil6210-aoa$0,1606461691.985864,04:d6:aa:c1:38:97,2,1,1,0,128,285,938,775,797,891,990,391,356,145,403,40,204,811,44,216,613,888,984,336,905,715,26,794,57,222,382,68,186,400,63,1016,730,58,106,98,103,77,87,59,60,87,82,75,48,57,54,97,61,88,70,61,64,38,56,44,54,80,50,49,44,51,80,80,78
[ 91.869835] wil6210-aoa$0,1606461692.021776,04:d6:aa:c1:38:97,2,1,1,0,128,338,951,808,763,989,1013,389,388,208,368,96,245,830,76,221,618,931,985,422,952,794,126,669,31,224,391,82,210,362,54,217,920,57,106,97,101,77,89,58,57,87,80,74,46,56,54,96,61,87,72,62,64,38,55,45,54,78,51,48,43,51,78,79,73
[ 91.905682] wil6210-aoa$0,1606461692.057624,04:d6:aa:c1:38:97,2,1,1,0,128,777,713,784,798,985,1005,340,352,186,417,32,192,850,59,207,599,979,987,384,941,733,40,701,51,222,432,106,251,378,23,208,982,57,108,94,102,75,85,58,58,86,82,73,44,54,52,94,58,85,69,60,62,36,53,41,50,73,47,45,38,46,72,70,66
[ 91.936508] wil6210-aoa$0,1606461692.088450,04:d6:aa:c1:38:97,2,1,1,0,128,295,922,707,687,471,863,456,424,198,401,121,256,848,65,155,551,877,908,375,889,764,12,755,49,192,394,75,183,387,48,642,513,58,107,97,102,77,88,59,58,86,82,74,46,57,55,97,61,88,69,61,63,37,55,45,53,78,50,48,43,47,75,78,72
[ 91.972727] wil6210-aoa$0,1606461692.124668,04:d6:aa:c1:38:97,2,1,1,0,128,272,898,198,570,399,831,886,203,186,403,39,207,845,84,181,595,886,974,300,868,754,46,715,20,254,393,138,269,390,68,525,357,58,107,97,101,74,89,59,58,86,79,74,47,56,51,97,59,88,72,60,63,39,56,43,52,76,51,46,42,50,75,79,72
[ 92.009085] wil6210-aoa$0,1606461692.161028,04:d6:aa:c1:38:97,2,1,1,0,128,297,951,807,796,919,965,945,221,143,358,34,222,797,36,249,619,883,930,378,922,749,43,755,37,241,403,144,182,848,877,826,540,56,105,94,101,74,86,57,58,85,80,72,46,55,53,96,60,87,70,63,62,37,53,44,53,76,47,48,41,47,74,78,71
[ 92.045721] wil6210-aoa$0,1606461692.197664,04:d6:aa:c1:38:97,2,1,1,0,128,305,951,740,804,971,1015,447,422,179,390,75,233,821,89,181,601,345,738,865,721,187,826,216,850,653,143,151,241,350,35,261,44,61,113,102,106,80,92,62,62,92,86,78,51,60,58,101,63,92,75,64,66,41,60,46,57,83,54,52,45,52,81,85,78
[ 92.083253] wil6210-aoa$0,1606461692.235192,04:d6:aa:c1:38:97,2,1,1,0,128,269,919,244,577,382,824,490,433,161,363,20,169,847,71,199,538,945,969,845,689,199,833,166,846,254,396,69,213,311,22,436,232,60,108,98,102,78,89,60,62,88,83,74,47,58,54,101,61,90,70,62,65,37,55,46,53,77,50,50,43,49,76,76,72
[ 92.124480] wil6210-aoa$0,1606461692.276420,04:d6:aa:c1:38:97,2,1,1,0,128,235,876,196,540,384,811,956,210,673,192,520,1013,334,902,208,596,362,750,831,710,125,790,207,865,220,323,603,35,836,846,20,909,58,111,98,105,78,88,59,61,88,80,75,47,54,54,96,60,87,71,61,64,37,53,43,53,76,47,48,40,47,73,76,71
[ 92.164601] wil6210-aoa$0,1606461692.316544,04:d6:aa:c1:38:97,2,1,1,0,128,701,726,826,806,926,1016,445,417,207,412,33,153,870,54,186,592,913,957,405,904,722,46,729,18,247,406,85,219,407,89,668,360,55,100,94,99,73,85,56,57,84,76,70,44,54,52,92,58,84,68,58,58,37,53,42,51,74,47,48,40,47,74,75,68
[ 92.199761] wil6210-aoa$0,1606461692.351702,04:d6:aa:c1:38:97,2,1,1,0,128,249,902,804,789,344,792,899,224,638,161,115,243,866,56,194,566,883,945,372,909,720,22,147,816,661,147,634,87,847,890,464,305,57,107,95,101,76,86,58,58,86,80,74,47,54,53,97,61,87,71,60,63,37,55,44,55,79,52,49,43,50,78,82,73
[ 92.237266] wil6210-aoa$0,1606461692.389209,04:d6:aa:c1:38:97,2,1,1,0,128,275,909,825,762,933,954,484,382,164,354,44,174,793,40,213,599,870,934,395,927,780,80,700,2,675,131,139,221,328,11,987,647,57,105,95,101,75,84,56,58,85,79,72,45,55,52,93,57,85,67,59,58,36,52,40,48,74,47,43,38,45,72,69,66
[ 92.269077] wil6210-aoa$0,1606461692.421018,04:d6:aa:c1:38:97,2,1,1,0,128,271,904,809,788,926,1016,365,389,204,407,72,178,850,64,283,627,901,982,368,900,783,32,783,33,222,340,113,212,420,86,681,369,58,108,95,101,77,87,58,59,86,82,72,48,56,56,97,61,90,71,64,63,38,57,44,53,78,53,50,41,50,77,79,72
[ 92.308883] wil6210-aoa$0,1606461692.460826,04:d6:aa:c1:38:97,2,1,1,0,128,830,794,766,762,961,1023,404,406,190,388,64,218,820,59,192,554,957,949,447,948,678,1,730,19,235,356,103,203,358,9,892,685,58,105,94,102,76,86,59,57,87,81,75,48,57,55,97,61,87,70,62,63,39,56,44,53,76,51,50,44,50,76,77,71
[ 92.343792] wil6210-aoa$0,1606461692.495730,04:d6:aa:c1:38:97,2,1,1,0,128,285,934,810,803,911,1007,442,421,148,376,96,260,811,80,236,598,946,966,399,926,703,28,754,19,723,196,115,226,410,38,526,198,57,103,95,103,76,87,59,58,87,78,72,45,56,54,95,59,87,71,60,62,37,56,43,51,75,49,45,39,47,75,74,69
[ 92.384466] wil6210-aoa$0,1606461692.536406,04:d6:aa:c1:38:97,2,1,1,0,128,257,917,812,821,931,10,417,398,212,390,77,224,763,15,222,590,959,993,390,915,702,26,145,813,250,419,104,203,800,869,412,272,61,113,99,106,80,92,62,63,89,85,79,50,61,57,100,65,91,73,65,66,40,59,47,58,82,56,52,45,52,80,83,80
[ 92.422192] wil6210-aoa$0,1606461692.574135,04:d6:aa:c1:38:97,2,1,1,0,128,282,944,718,738,954,1010,393,393,188,363,50,189,335,905,710,405,353,725,856,674,204,830,173,847,751,190,586,40,385,27,253,72,57,106,97,102,77,87,57,60,88,82,74,47,57,56,97,60,88,71,62,62,39,57,43,53,79,52,50,44,51,78,81,75
[ 92.453715] wil6210-aoa$0,1606461692.605658,04:d6:aa:c1:38:97,2,1,1,0,128,298,969,744,775,990,17,397,403,222,412,85,250,791,41,192,529,890,928,856,718,713,35,724,22,203,337,595,55,359,63,521,355,57,106,95,102,77,88,57,59,87,81,74,47,57,50,95,59,86,69,62,60,36,53,42,51,75,46,48,40,46,72,75,69
[ 92.489423] wil6210-aoa$0,1606461692.641364,04:d6:aa:c1:38:97,2,1,1,0,128,284,900,816,797,917,989,380,391,189,415,18,174,877,89,221,599,968,988,421,943,665,1012,685,990,708,209,89,230,360,53,181,920,60,110,97,103,80,93,62,62,90,84,78,52,59,56,104,64,91,73,64,65,41,62,49,59,83,57,52,48,55,83,88,85
[ 92.521206] wil6210-aoa$0,1606461692.673149,04:d6:aa:c1:38:97,2,1,1,0,128,317,954,773,807,1002,29,408,373,190,411,36,219,862,72,228,572,975,1003,428,933,717,5,203,857,186,369,90,214,380,16,263,100,59,111,98,104,80,91,60,60,89,84,77,48,58,54,101,60,88,73,64,65,40,57,47,55,79,50,50,45,49,78,79,75
[ 92.558030] wil6210-aoa$0,1606461692.709974,04:d6:aa:c1:38:97,2,1,1,0,128,315,935,786,795,382,808,519,455,166,401,16,201,889,60,196,573,963,1011,303,907,719,22,169,853,665,158,99,218,379,30,204,986,60,111,100,108,79,94,58,61,89,83,76,48,56,55,99,63,88,71,66,65,40,54,45,56,78,50,51,43,51,76,79,73
[ 92.589293] wil6210-aoa$0,1606461692.741236,04:d6:aa:c1:38:97,2,1,1,0,128,292,914,837,782,919,977,450,421,184,390,79,203,765,1,244,633,891,932,422,963,764,54,667,995,202,332,600,37,846,866,331,148,56,107,98,102,76,88,59,60,87,80,72,44,55,52,96,59,87,70,62,62,38,52,42,52,76,47,46,40,45,72,72,67
[ 92.632718] wil6210-aoa$0,1606461692.784662,04:d6:aa:c1:38:97,2,1,1,0,128,280,905,796,782,885,970,394,404,183,371,68,212,824,36,181,587,339,772,384,953,696,14,758,66,186,363,584,61,807,862,788,599,58,107,98,103,76,88,59,61,88,83,77,50,58,57,101,62,90,72,65,64,39,59,46,55,80,53,50,45,52,80,82,79
[ 92.663726] wil6210-aoa$0,1606461692.815670,04:d6:aa:c1:38:97,2,1,1,0,128,766,722,777,769,407,806,909,246,149,337,69,241,778,48,669,380,893,980,373,912,758,21,700,0,203,325,600,61,432,83,929,583,59,107,95,101,77,88,58,58,89,83,75,47,57,55,95,61,86,71,59,63,36,55,44,54,74,51,48,42,49,77,80,73
[ 92.697826] wil6210-aoa$0,1606461692.849766,04:d6:aa:c1:38:97,2,1,1,0,128,327,950,782,789,906,979,906,245,175,378,56,208,851,48,177,530,866,920,424,937,723,1,753,56,196,328,125,215,370,46,430,281,59,105,95,102,74,84,58,59,85,81,71,47,57,52,99,60,88,69,60,63,39,54,43,53,76,50,47,40,48,72,75,68
[ 92.731508] wil6210-aoa$0,1606461692.883447,04:d6:aa:c1:38:97,2,1,1,0,128,299,931,759,762,952,4,410,392,159,396,48,234,819,55,222,644,912,949,383,934,681,29,160,838,209,382,42,215,382,61,419,168,59,111,100,104,80,91,61,60,90,87,79,51,60,58,104,64,94,73,65,66,42,58,47,55,81,53,52,45,50,80,82,79
[ 92.772448] wil6210-aoa$0,1606461692.924391,04:d6:aa:c1:38:97,2,1,1,2,128,299,931,759,762,952,4,410,392,159,396,48,234,819,55,222,644,912,949,383,934,681,29,160,838,209,382,42,215,382,61,419,168,59,105,95,102,74,84,58,59,85,81,71,47,57,52,99,60,88,69,60,63,39,54,43,53,76,50,47,40,48,72,75,68
[ 92.803484] wil6210-aoa$0,1606461692.955429,04:d6:aa:c1:38:97,2,1,1,0,128,344,934,742,741,908,977,394,402,160,334,54,193,759,991,211,520,980,964,382,913,735,15,683,31,213,386,80,192,455,82,598,351,65,117,106,111,86,98,63,65,94,90,81,55,62,61,105,67,98,79,69,70,42,63,50,61,86,58,54,48,54,86,90,84
[ 92.840738] wil6210-aoa$0,1606461692.992681,04:d6:aa:c1:38:97,2,1,1,0,128,269,956,802,817,953,1012,368,412,138,392,72,218,843,65,233,621,941,997,342,903,743,75,738,21,268,414,72,196,340,27,655,438,57,108,94,98,73,84,57,57,86,79,73,46,53,52,96,59,85,68,62,63,37,56,43,52,76,49,49,42,48,74,76,73
[ 92.877474] wil6210-aoa$0,1606461693.029416,04:d6:aa:c1:38:97,2,1,1,0,128,284,942,761,760,967,4,393,420,220,387,108,263,821,34,217,600,941,1006,370,927,714,20,760,45,259,411,142,259,367,53,370,137,56,106,95,102,75,87,56,58,85,79,73,47,56,54,98,60,87,69,60,63,39,56,43,53,77,49,48,42,50,74,78,71
[ 92.913883] wil6210-aoa$0,1606461693.065823,04:d6:aa:c1:38:97,2,1,1,0,128,259,902,765,786,959,1016,446,441,139,367,30,198,839,45,190,568,418,797,425,946,711,21,702,34,233,397,140,314,375,65,1005,698,58,106,97,103,78,87,59,60,87,82,74,47,56,53,95,59,86,69,61,62,37,53,43,52,76,48,46,41,48,74,75,69
[ 92.954833] wil6210-aoa$0,1606461693.106776,04:d6:aa:c1:38:97,2,1,1,0,128,308,926,800,754,332,747,921,230,156,377,48,214,847,61,191,586,894,951,389,935,764,84,731,1020,204,321,117,232,368,42,967,685,58,111,98,106,79,90,59,61,90,84,74,47,56,55,95,61,88,72,64,65,40,57,46,55,76,50,50,41,48,78,78,73
[ 92.989688] wil6210-aoa$0,1606461693.141627,04:d6:aa:c1:38:97,2,1,1,0,128,338,973,735,755,955,1010,399,423,208,432,80,239,837,75,179,548,903,996,434,989,685,46,762,34,159,350,178,244,441,115,692,316,60,111,100,106,79,91,60,61,89,85,75,48,58,56,101,61,92,72,63,67,40,59,48,57,80,53,53,45,51,80,82,78
[ 93.027276] wil6210-aoa$0,1606461693.179220,04:d6:aa:c1:38:97,2,1,1,0,128,302,907,746,752,901,957,875,185,149,371,23,208,836,94,256,604,970,982,314,888,748,67,723,27,180,366,101,237,359,70,514,240,58,107,96,99,76,87,58,58,84,80,74,44,55,52,96,59,88,69,62,65,38,54,45,54,79,51,47,43,50,77,79,72
[ 93.063364] wil6210-aoa$0,1606461693.215307,04:d6:aa:c1:38:97,2,1,1,0,128,326,903,806,790,899,984,469,445,121,377,47,208,196,859,703,398,816,895,868,724,663,12,732,4,694,180,104,204,403,64,493,251,57,107,96,103,76,89,60,58,86,82,71,49,55,54,99,61,89,69,64,62,39,56,47,56,77,52,50,44,53,79,81,78
[ 93.094130] wil6210-aoa$0,1606461693.246073,04:d6:aa:c1:38:97,2,1,1,0,128,282,944,767,775,925,1019,902,217,129,349,563,55,865,56,136,556,960,996,414,948,731,55,718,38,655,152,120,225,345,25,960,736,56,107,98,102,78,89,58,59,87,83,73,47,57,53,96,59,87,71,60,64,39,57,45,54,78,50,50,44,50,77,81,74
[ 93.130976] wil6210-aoa$0,1606461693.282919,04:d6:aa:c1:38:97,2,1,1,0,128,255,870,801,788,876,957,439,400,183,364,546,993,245,859,632,339,315,741,355,875,188,853,164,825,673,188,150,236,305,1014,171,1010,57,107,94,99,75,87,60,58,86,79,74,46,57,53,95,57,88,70,60,62,38,53,42,52,76,50,45,41,49,75,75,69
[ 93.170798] wil6210-aoa$0,1606461693.322737,04:d6:aa:c1:38:97,2,1,1,0,128,343,946,845,828,942,999,431,425,140,365,50,201,246,845,204,612,951,985,276,849,174,905,716,40,196,364,187,271,371,42,21,840,56,106,96,100,77,86,55,57,85,79,74,46,53,54,95,58,86,70,61,62,39,55,43,55,78,51,49,42,49,77,79,75
[ 93.211386] wil6210-aoa$0,1606461693.363325,04:d6:aa:c1:38:97,2,1,1,0,128,313,953,745,742,928,996,911,258,121,366,42,200,830,52,236,586,928,997,393,947,698,23,190,849,720,160,613,34,842,906,999,837,56,106,95,102,74,88,58,59,85,81,72,46,55,55,94,59,82,67,59,59,37,51,44,51,74,47,45,40,45,71,75,70
[ 93.251960] wil6210-aoa$0,1606461693.403899,04:d6:aa:c1:38:97,2,1,1,0,128,767,731,774,769,925,1011,404,382,630,202,512,9,842,41,220,609,335,795,866,750,729,8,162,858,729,213,76,206,355,1023,293,58,56,106,95,100,73,84,54,57,83,76,71,45,54,52,92,56,85,69,60,60,35,53,40,49,72,48,44,39,46,70,70,64
[ 93.292769] wil6210-aoa$0,1606461693.444710,04:d6:aa:c1:38:97,2,1,1,0,128,284,909,793,776,930,1013,426,402,175,373,94,254,834,78,160,591,923,976,328,870,702,30,727,39,170,359,554,50,375,32,95,794,58,103,97,100,76,88,59,58,85,82,74,48,56,52,96,60,85,69,61,65,37,57,45,54,77,51,50,42,50,78,78,72
[ 93.333203] wil6210-aoa$0,1606461693.485141,04:d6:aa:c1:38:97,2,1,1,0,128,739,724,792,791,914,1019,830,187,195,370,505,997,237,868,626,337,315,731,829,676,133,827,151,832,648,126,548,1002,886,855,6,920,61,111,98,106,77,91,60,61,87,84,78,49,61,56,102,64,92,71,65,65,41,59,47,56,80,53,53,45,52,80,82,79
[ 93.373549] wil6210-aoa$0,1606461693.525493,04:d6:aa:c1:38:97,2,1,1,0,128,245,893,237,570,333,782,898,186,704,219,84,219,861,62,180,570,930,988,384,912,670,3,699,20,595,115,91,237,322,1023,80,1004,62,109,101,107,80,91,61,60,90,86,78,51,59,57,102,64,93,74,63,67,42,62,49,59,83,54,54,49,55,80,88,83
[ 93.409376] wil6210-aoa$0,1606461693.561314,04:d6:aa:c1:38:97,2,1,1,0,128,803,750,231,587,953,1,828,160,649,185,489,998,819,31,153,580,950,1009,364,856,189,886,722,14,198,341,559,30,817,852,775,569,57,105,97,102,74,86,58,59,86,81,72,43,56,54,96,58,85,70,62,61,37,52,41,51,73,44,45,38,46,70,73,67
[ 93.440179] wil6210-aoa$0,1606461693.592123,04:d6:aa:c1:38:97,2,1,1,0,128,272,951,823,791,950,6,381,396,173,383,67,238,772,2,698,353,390,791,875,766,709,35,755,1018,229,381,129,243,827,856,316,66,57,105,94,101,74,85,55,57,85,79,70,43,53,53,93,59,84,69,60,60,37,53,42,50,72,46,44,36,45,70,72,64
[ 93.476921] wil6210-aoa$0,1606461693.628864,04:d6:aa:c1:38:97,2,1,1,0,128,777,748,804,759,919,996,358,326,157,316,74,185,851,54,186,579,902,956,259,832,140,833,217,823,721,208,619,45,778,831,122,54,55,106,97,102,74,84,56,58,85,76,72,45,56,53,94,59,84,70,59,62,37,54,42,51,75,50,46,40,47,73,75,71
[ 93.511874] wil6210-aoa$0,1606461693.663812,04:d6:aa:c1:38:97,2,1,1,0,128,745,714,223,550,393,809,884,181,669,180,59,191,838,9,241,563,881,932,856,686,744,1020,708,1016,226,332,95,174,396,24,788,572,61,110,102,106,80,91,61,61,88,84,76,48,57,57,101,63,91,75,63,65,40,58,48,55,81,52,49,45,51,80,80,75
[ 93.549085] wil6210-aoa$0,1606461693.701028,04:d6:aa:c1:38:97,2,1,1,0,128,708,699,256,585,414,847,440,425,162,388,101,245,769,24,189,591,874,925,391,862,229,846,176,812,685,160,163,268,357,22,692,431,58,103,95,100,75,88,57,59,84,80,73,49,55,54,97,61,89,70,62,64,40,57,45,54,78,53,50,45,50,78,83,76
[ 93.585902] wil6210-aoa$0,1606461693.737846,04:d6:aa:c1:38:97,2,1,1,0,128,255,913,819,783,901,933,876,170,619,145,543,6,251,869,233,621,858,973,407,940,729,39,668,6,669,137,112,220,842,873,957,708,61,108,101,104,80,91,63,61,91,87,76,50,62,55,103,62,93,74,66,67,42,59,48,58,82,56,52,45,54,81,83,81
[ 93.623367] wil6210-aoa$0,1606461693.775305,04:d6:aa:c1:38:97,2,1,1,0,128,749,703,199,527,412,822,415,417,153,357,87,219,823,19,235,598,854,966,385,942,712,49,670,1018,730,178,553,20,879,893,182,22,58,104,96,100,76,86,59,58,87,81,73,46,58,53,98,61,86,70,64,63,38,58,44,54,79,52,50,44,51,78,84,76
[ 93.663874] wil6210-aoa$0,1606461693.815813,04:d6:aa:c1:38:97,2,1,1,0,128,804,752,276,642,374,793,902,213,658,151,16,176,758,1014,722,432,350,736,845,673,165,840,211,824,706,178,134,225,329,14,744,539,59,103,93,97,76,88,60,60,86,82,73,50,59,56,101,62,89,72,62,64,41,61,47,56,82,55,53,46,56,83,86,81
[ 93.703846] wil6210-aoa$0,1606461693.855789,04:d6:aa:c1:38:97,2,1,1,0,128,309,946,757,757,967,1003,470,424,143,371,56,222,801,29,166,572,904,920,432,934,733,41,703,997,232,369,93,220,789,811,523,343,59,107,98,102,78,90,59,59,89,83,74,49,58,53,101,61,88,72,62,62,40,60,45,55,81,54,51,46,50,79,83,76
