
[ 27.076376] wil6210-aoa$0,1606461625.178600,04:d6:aa:c1:38:97,2,1,1,0,128,304,941,734,774,915,991,461,439,135,350,80,192,745,1022,664,407,876,915,346,872,689,15,719,51,208,382,118,245,404,52,107,868,66,126,111,121,90,101,67,71,103,96,87,55,68,65,114,71,103,82,74,76,47,66,54,67,93,62,59,53,61,93,97,89
[ 27.103827] wil6210-aoa$0,1606461625.206046,04:d6:aa:c1:38:97,2,1,1,0,128,293,906,803,746,919,973,418,444,200,368,81,186,815,13,166,563,948,992,393,918,753,47,672,23,232,408,101,222,356,31,934,733,58,116,108,113,83,92,62,64,94,87,79,48,58,58,102,63,92,75,65,65,37,55,42,52,79,48,46,41,48,75,73,68
[ 27.127557] wil6210-aoa$0,1606461625.229778,04:d6:aa:c1:38:97,2,1,1,0,128,318,926,753,801,926,966,407,404,138,357,51,182,289,905,259,617,860,952,837,697,740,50,741,46,242,405,113,271,374,69,647,474,65,125,115,122,89,103,67,71,101,96,87,53,66,65,115,70,101,84,74,76,44,64,52,63,90,58,57,50,57,86,89,82
[ 27.157818] wil6210-aoa$0,1606461625.260039,04:d6:aa:c1:38:97,2,1,1,0,128,295,912,803,806,877,978,897,197,191,419,105,212,844,75,169,600,910,1001,431,957,762,42,713,1017,191,333,50,155,519,126,906,680,62,119,108,115,86,98,66,67,93,90,82,50,62,57,109,68,97,80,69,71,42,60,48,58,84,54,52,46,52,83,82,75
[ 27.181905] wil6210-aoa$0,1606461625.284124,04:d6:aa:c1:38:97,2,1,1,0,128,745,729,258,572,403,835,948,235,657,223,38,217,865,63,160,555,320,747,886,733,184,871,130,833,689,125,580,3,869,897,410,263,64,125,113,119,86,99,67,70,101,92,83,55,66,63,108,68,101,83,73,74,44,65,52,63,89,58,57,51,58,91,94,86
[ 27.209058] wil6210-aoa$0,1606461625.311281,04:d6:aa:c1:38:97,2,1,1,0,128,262,905,803,787,918,998,367,356,205,399,85,232,870,63,203,598,816,904,841,726,699,12,709,47,265,420,162,319,345,55,671,369,69,126,116,123,88,101,67,69,100,94,88,55,68,63,112,71,103,83,72,76,46,65,53,62,92,61,56,50,57,89,85,82
[ 27.237911] wil6210-aoa$0,1606461625.340128,04:d6:aa:c1:38:97,2,1,1,0,128,317,956,782,756,938,997,345,375,644,185,44,214,827,46,204,579,931,971,365,925,748,36,732,60,196,382,141,269,360,59,167,950,65,120,107,115,85,99,65,67,97,91,83,54,66,62,108,67,97,79,69,72,44,63,49,61,90,59,55,49,59,86,88,85
[ 27.264662] wil6210-aoa$0,1606461625.366884,04:d6:aa:c1:38:97,2,1,1,0,128,239,895,765,744,931,982,350,323,635,209,66,211,856,67,156,550,924,981,431,899,679,1,760,22,240,364,194,287,367,27,722,407,60,107,97,105,77,89,61,61,89,85,78,50,58,57,103,64,91,71,65,68,41,60,48,59,81,55,52,49,57,81,87,81
[ 27.286693] wil6210-aoa$0,1606461625.388913,04:d6:aa:c1:38:97,2,1,1,0,128,233,905,239,598,363,791,889,213,184,380,70,196,866,82,159,544,358,815,817,703,738,38,197,891,665,209,570,35,391,64,16,845,66,120,108,117,85,97,65,67,95,90,82,52,62,60,109,68,97,81,70,71,41,60,50,60,86,55,54,48,55,84,85,82
[ 27.316126] wil6210-aoa$0,1606461625.418342,04:d6:aa:c1:38:97,2,1,1,0,128,286,914,727,749,403,831,851,179,152,344,54,189,848,36,284,642,929,959,367,887,659,1016,733,0,226,358,572,35,362,40,246,16,64,118,109,117,85,97,66,64,98,89,82,51,64,61,105,66,95,79,69,69,43,61,50,59,85,55,53,47,53,83,85,81
[ 27.345138] wil6210-aoa$0,1606461625.447359,04:d6:aa:c1:38:97,2,1,1,0,128,321,960,812,775,883,964,883,192,655,185,494,1003,822,20,221,624,929,948,402,922,695,1020,698,996,660,130,156,230,804,846,206,1020,65,119,109,116,87,98,65,66,97,92,82,54,63,60,106,67,96,78,68,71,44,60,48,57,88,54,53,47,54,84,83,76
[ 27.367886] wil6210-aoa$0,1606461625.470106,04:d6:aa:c1:38:97,2,1,1,0,128,314,936,800,788,957,1000,467,462,164,414,54,197,852,83,191,605,918,1011,349,903,696,2,749,40,193,357,160,288,383,47,635,386,63,119,107,117,81,92,63,64,93,86,79,48,62,57,103,65,93,78,66,69,42,59,46,57,82,51,50,42,50,78,78,71
[ 27.397181] wil6210-aoa$0,1606461625.499398,04:d6:aa:c1:38:97,2,1,1,0,128,299,960,775,771,950,5,380,399,146,379,20,164,788,12,183,583,339,760,412,910,799,55,739,29,700,177,536,13,403,62,579,276,65,119,109,118,85,97,64,65,95,88,82,48,64,61,107,68,94,80,69,70,41,60,47,56,86,55,52,46,56,82,83,75
[ 27.426241] wil6210-aoa$0,1606461625.528459,04:d6:aa:c1:38:97,2,1,1,0,128,722,697,212,562,340,788,856,178,138,351,29,173,803,50,623,377,293,730,800,687,139,840,184,870,607,133,562,38,846,866,602,442,65,122,109,116,85,97,65,65,94,91,81,52,61,62,105,65,93,79,67,72,41,58,48,59,82,53,53,46,54,82,82,79
[ 27.453742] wil6210-aoa$0,1606461625.555962,04:d6:aa:c1:38:97,2,1,1,0,128,253,923,825,825,1001,50,422,444,126,362,18,184,829,32,228,610,870,933,813,682,209,842,158,800,746,182,72,204,345,1020,746,464,60,105,100,104,79,92,61,61,89,86,77,50,60,58,103,64,91,73,64,65,42,60,49,57,83,57,54,49,56,82,86,80
[ 27.476107] wil6210-aoa$0,1606461625.578328,04:d6:aa:c1:38:97,2,1,1,0,128,281,900,782,762,403,820,876,191,173,381,83,195,855,39,198,562,900,974,363,909,741,16,656,977,222,371,163,200,439,69,182,959,64,119,108,115,85,97,63,64,95,92,83,53,64,61,112,69,98,81,71,72,42,62,50,60,86,57,56,51,57,86,89,84
[ 27.506942] wil6210-aoa$0,1606461625.609159,04:d6:aa:c1:38:97,2,1,1,0,128,310,942,773,762,961,14,393,371,166,376,68,180,297,875,643,368,953,973,419,897,650,1013,738,10,211,405,43,194,313,10,506,281,64,119,107,115,84,94,65,67,96,90,81,52,63,59,106,66,96,80,67,69,42,61,47,57,84,55,49,44,51,84,82,76
[ 27.529855] wil6210-aoa$0,1606461625.632076,04:d6:aa:c1:38:97,2,1,1,0,128,349,973,818,802,951,1007,469,421,170,332,31,198,787,4,679,400,359,752,865,702,215,869,738,34,145,340,97,196,845,881,963,770,68,129,117,126,91,105,73,72,106,99,91,59,69,65,118,73,109,86,75,80,47,69,53,67,96,64,59,54,62,95,99,93
[ 27.562113] wil6210-aoa$0,1606461625.664331,04:d6:aa:c1:38:97,2,1,1,0,128,295,898,790,789,965,1007,429,400,182,336,102,232,228,818,695,379,348,738,863,711,739,38,702,1011,184,322,580,1007,820,851,722,448,66,120,108,117,87,98,66,65,100,91,83,55,65,62,110,70,101,80,70,74,46,67,52,65,88,60,60,51,59,90,96,90
[ 27.588585] wil6210-aoa$0,1606461625.690808,04:d6:aa:c1:38:97,2,1,1,0,128,761,727,718,700,961,995,391,370,195,405,54,191,798,1014,653,398,348,743,841,731,753,37,699,1008,687,167,612,35,849,892,1010,820,68,125,113,122,93,105,71,70,104,100,89,59,68,66,120,73,108,84,75,78,48,69,55,68,95,63,64,57,67,98,102,98
[ 27.616679] wil6210-aoa$0,1606461625.718896,04:d6:aa:c1:38:97,2,1,1,0,128,241,927,766,794,939,1001,392,371,152,365,61,164,834,77,687,384,930,995,396,947,763,68,721,1020,199,365,155,264,349,27,930,633,58,108,98,104,78,88,58,59,87,83,74,47,55,51,97,60,85,71,63,63,38,54,44,53,78,50,49,44,49,78,77,69
[ 27.644668] wil6210-aoa$0,1606461625.746889,04:d6:aa:c1:38:97,2,1,1,0,128,324,934,872,852,919,1004,413,423,184,387,95,205,881,100,216,585,942,980,317,853,226,876,207,848,667,140,644,52,332,8,215,4,67,131,117,128,94,108,70,72,103,99,89,57,68,66,115,71,103,84,75,77,47,64,53,65,93,63,58,50,60,89,97,90
[ 27.667607] wil6210-aoa$0,1606461625.769829,04:d6:aa:c1:38:97,2,1,1,0,128,264,920,837,807,928,970,357,341,574,96,559,18,264,867,282,663,907,978,396,895,685,1006,197,853,693,166,604,36,394,43,372,136,58,110,97,104,79,89,59,61,88,84,74,48,58,55,98,62,90,69,64,65,40,58,46,57,79,53,52,45,54,77,85,80
[ 27.697103] wil6210-aoa$0,1606461625.799320,04:d6:aa:c1:38:97,2,1,1,0,128,751,751,226,617,395,825,892,171,614,151,521,1001,881,86,190,563,934,958,370,924,718,1009,169,815,212,357,173,262,328,1015,907,695,57,107,97,102,76,87,56,58,84,77,72,46,53,54,93,59,85,69,59,61,38,56,44,51,75,49,49,42,49,74,77,72
[ 27.725450] wil6210-aoa$0,1606461625.827671,04:d6:aa:c1:38:97,2,1,1,0,128,780,752,256,588,966,18,404,411,179,376,4,157,258,862,631,364,355,762,886,729,824,78,692,991,267,385,148,263,424,56,328,8,58,107,95,102,75,86,59,59,86,81,74,49,58,55,99,61,87,71,63,65,41,57,46,54,79,53,53,44,53,78,82,77
[ 27.748129] wil6210-aoa$0,1606461625.850350,04:d6:aa:c1:38:97,2,1,1,0,128,313,947,781,777,965,1021,290,331,210,391,45,179,260,897,182,588,907,1023,309,895,730,11,111,817,654,134,570,19,428,81,360,60,56,108,96,101,76,86,59,60,88,82,73,46,58,55,100,61,89,72,64,66,39,56,45,54,78,51,51,44,51,77,79,75
[ 27.777623] wil6210-aoa$0,1606461625.879840,04:d6:aa:c1:38:97,2,1,1,0,128,798,737,812,768,929,984,849,180,657,157,483,994,268,890,191,596,867,916,353,922,143,809,743,1017,678,173,107,214,371,63,977,699,67,130,116,123,89,103,70,70,102,97,88,54,67,66,114,71,103,82,73,75,46,65,50,62,90,58,59,49,58,90,95,85
[ 27.806520] wil6210-aoa$0,1606461625.908740,04:d6:aa:c1:38:97,2,1,1,0,128,779,731,221,549,403,807,866,188,164,366,58,173,834,24,158,549,846,974,811,709,134,805,207,836,686,166,635,45,857,870,163,979,67,121,110,119,89,101,67,67,96,94,85,54,65,62,113,70,102,82,72,75,45,66,52,64,92,63,60,51,62,93,94,90
[ 27.831411] wil6210-aoa$0,1606461625.933627,04:d6:aa:c1:38:97,2,1,1,0,128,289,948,722,751,407,858,851,195,571,141,454,930,240,838,190,528,913,948,350,869,740,39,722,1007,681,166,487,990,840,892,259,92,63,121,106,115,88,97,65,65,99,89,80,51,61,60,106,64,95,77,69,69,40,59,48,57,82,52,53,47,52,79,84,80
[ 27.862158] wil6210-aoa$0,1606461625.964374,04:d6:aa:c1:38:97,2,1,1,0,128,273,911,809,790,1003,18,436,410,200,391,99,195,836,7,191,567,883,943,347,900,746,24,654,987,184,322,143,192,333,7,374,94,54,106,97,104,73,84,54,58,81,78,69,42,52,52,88,56,82,67,58,59,34,49,40,47,72,45,44,36,43,68,73,62
[ 27.884992] wil6210-aoa$0,1606461625.987213,04:d6:aa:c1:38:97,2,1,1,0,128,757,720,757,786,916,995,400,389,187,387,18,178,856,79,207,616,912,978,310,864,95,813,106,805,248,401,78,204,325,7,338,25,59,106,97,103,80,89,59,61,88,82,74,47,58,55,99,62,86,72,62,64,38,55,43,53,78,49,48,41,47,75,76,70
[ 27.914885] wil6210-aoa$0,1606461626.017107,04:d6:aa:c1:38:97,2,1,1,0,128,801,752,778,780,938,987,898,185,165,320,34,153,830,54,212,526,888,897,888,719,718,8,713,26,178,336,48,223,304,23,115,939,68,130,118,129,88,103,70,70,106,100,88,54,69,69,118,75,104,85,75,76,48,67,53,64,91,60,58,52,58,88,93,87
[ 27.938101] wil6210-aoa$0,1606461626.040321,04:d6:aa:c1:38:97,2,1,1,0,128,317,951,839,791,853,985,453,407,128,336,38,151,804,39,204,585,961,981,332,873,132,852,120,792,707,193,591,10,859,887,126,948,57,109,95,104,75,85,56,61,84,81,73,45,53,53,93,57,86,70,63,61,36,53,42,50,72,47,45,37,44,69,70,63
[ 27.969023] wil6210-aoa$0,1606461626.071241,04:d6:aa:c1:38:97,2,1,1,0,128,775,692,162,521,477,821,450,412,165,352,68,230,800,21,155,560,911,973,791,686,702,12,172,848,238,380,112,251,812,825,304,210,65,122,109,117,86,100,67,66,97,92,85,52,66,61,110,68,102,82,72,75,45,63,52,62,89,60,58,50,60,89,93,89
[ 27.996781] wil6210-aoa$0,1606461626.099003,04:d6:aa:c1:38:97,2,1,1,0,128,281,952,176,572,938,1000,464,432,138,385,42,166,938,104,193,605,893,956,369,886,183,879,680,986,641,114,639,39,813,824,409,200,65,120,107,115,86,99,66,66,99,91,85,55,65,62,112,69,99,80,72,73,44,63,51,63,91,59,59,51,58,88,92,87
[ 28.023373] wil6210-aoa$0,1606461626.125589,04:d6:aa:c1:38:97,2,1,1,0,128,740,724,733,737,976,1020,440,426,188,416,56,224,805,53,219,624,929,955,393,914,762,96,691,13,189,335,66,190,408,79,821,599,63,119,113,121,88,99,67,69,99,95,83,52,65,63,111,68,99,83,71,73,43,61,51,58,86,55,55,48,54,83,84,80
[ 28.052466] wil6210-aoa$0,1606461626.154685,04:d6:aa:c1:38:97,2,1,1,0,128,270,888,739,718,399,801,802,118,698,140,538,12,284,861,594,320,957,987,328,849,177,873,739,21,213,384,79,187,349,1022,405,135,63,121,109,116,84,97,65,66,95,88,79,52,64,62,105,66,97,79,68,71,42,63,50,62,87,57,55,49,58,85,86,81
[ 28.081876] wil6210-aoa$0,1606461626.184095,04:d6:aa:c1:38:97,2,1,1,0,128,341,986,750,783,971,1019,381,369,214,438,76,210,824,42,146,499,896,935,383,905,767,33,705,1011,277,460,189,294,362,31,615,364,64,120,111,115,84,98,65,67,97,90,82,53,62,61,106,65,98,78,69,71,41,61,49,58,86,55,52,47,55,86,89,80
[ 28.111400] wil6210-aoa$0,1606461626.213617,04:d6:aa:c1:38:97,2,1,1,0,128,272,899,211,540,422,815,893,205,225,358,24,169,852,59,214,576,899,980,344,926,716,1007,179,864,180,341,137,240,328,37,1015,725,67,124,112,123,87,98,68,68,100,93,86,52,63,64,112,69,103,83,71,73,44,65,50,60,88,57,55,50,57,88,91,83
[ 28.135407] wil6210-aoa$0,1606461626.237629,04:d6:aa:c1:38:97,2,1,1,0,128,267,895,783,749,964,1021,342,357,605,184,50,192,829,36,186,551,918,963,362,887,719,17,695,1022,209,435,10,161,344,7,670,467,69,125,111,121,92,107,71,71,101,97,88,58,67,64,116,71,103,83,74,77,45,67,52,63,92,62,58,51,60,93,92,88
[ 28.165670] wil6210-aoa$0,1606461626.267892,04:d6:aa:c1:38:97,2,1,1,0,128,752,756,713,692,364,811,891,209,648,178,514,3,906,104,170,597,947,987,336,893,736,31,685,970,262,360,100,229,796,827,526,417,57,109,96,103,77,89,58,58,86,78,74,44,55,53,96,60,87,69,63,62,37,53,42,51,72,46,46,39,45,70,72,67
[ 28.191959] wil6210-aoa$0,1606461626.294175,04:d6:aa:c1:38:97,2,1,1,0,128,291,920,833,784,953,993,484,426,141,401,50,206,862,66,204,574,911,937,330,847,248,867,722,1011,198,352,128,201,395,2,302,1002,67,122,114,121,92,102,69,70,101,95,86,56,68,63,116,71,104,82,74,74,48,65,53,63,91,60,57,53,60,91,95,86
[ 28.221880] wil6210-aoa$0,1606461626.324097,04:d6:aa:c1:38:97,2,1,1,0,128,319,916,753,734,968,1012,401,413,202,390,70,173,844,56,204,590,870,904,409,955,684,984,210,886,257,357,133,209,394,44,186,931,60,115,106,112,81,92,62,64,93,86,78,49,57,58,97,61,92,75,65,66,39,53,43,53,76,47,46,40,45,71,71,66
[ 28.251460] wil6210-aoa$0,1606461626.353679,04:d6:aa:c1:38:97,2,1,1,0,128,822,803,740,753,922,993,849,210,161,341,52,168,262,865,649,385,389,753,377,904,682,1013,757,39,229,386,106,248,377,19,964,805,56,106,95,102,78,89,60,60,87,83,73,48,58,53,99,59,87,71,62,65,40,55,43,54,76,51,48,43,47,74,76,71
[ 28.281028] wil6210-aoa$0,1606461626.383244,04:d6:aa:c1:38:97,2,1,1,0,128,340,952,759,759,942,990,423,405,176,386,71,216,871,70,161,582,891,1012,391,948,715,36,731,68,171,383,77,228,398,47,720,469,59,107,99,105,77,88,59,61,88,82,73,47,56,55,97,62,89,73,63,65,39,55,45,55,77,51,51,42,50,74,79,73
[ 28.304182] wil6210-aoa$0,1606461626.406404,04:d6:aa:c1:38:97,2,1,1,0,128,311,953,736,791,882,996,384,393,111,341,49,196,806,32,188,584,965,988,803,711,703,31,713,13,229,367,142,247,414,46,606,297,65,124,114,124,87,101,69,70,101,97,84,54,67,64,110,71,101,85,71,74,44,62,50,61,89,56,55,48,56,85,86,79
[ 28.334817] wil6210-aoa$0,1606461626.437038,04:d6:aa:c1:38:97,2,1,1,0,128,294,899,783,720,434,875,813,167,619,167,530,1,276,885,228,634,904,967,351,883,706,27,117,846,687,157,168,228,321,13,954,703,55,106,96,103,73,83,56,61,85,79,71,45,52,52,90,57,81,67,58,58,34,48,41,47,69,43,40,36,41,65,65,59
[ 28.357846] wil6210-aoa$0,1606461626.460068,04:d6:aa:c1:38:97,2,1,1,0,128,723,756,804,797,874,947,475,457,168,369,50,188,792,55,213,580,921,962,361,910,709,1014,695,967,261,373,151,217,415,78,662,470,56,106,95,102,75,85,56,58,87,83,73,46,56,53,95,60,87,72,62,63,37,52,45,50,76,49,50,43,48,72,76,71
[ 28.389624] wil6210-aoa$0,1606461626.491846,04:d6:aa:c1:38:97,2,1,1,0,128,310,924,784,794,958,1010,411,406,177,400,42,168,765,32,244,588,881,912,436,946,742,55,736,46,212,393,47,186,426,40,117,822,62,121,105,111,82,93,62,63,93,86,76,46,58,59,103,62,89,77,68,67,40,58,45,53,82,52,52,43,47,79,78,70
[ 28.413917] wil6210-aoa$0,1606461626.516136,04:d6:aa:c1:38:97,2,1,1,0,128,266,937,813,758,974,0,418,373,182,373,70,200,271,850,175,558,937,946,854,713,717,60,698,1004,681,157,573,23,350,24,702,402,63,119,108,115,87,99,68,67,95,91,82,51,65,61,114,68,99,80,69,71,44,63,51,59,88,59,57,48,58,87,91,86
[ 28.445429] wil6210-aoa$0,1606461626.547647,04:d6:aa:c1:38:97,2,1,1,0,128,772,733,217,562,386,812,409,387,167,373,998,160,863,90,142,521,387,805,425,950,774,104,723,39,254,383,114,232,397,37,174,978,56,110,96,102,76,85,58,59,86,83,74,46,56,56,95,62,86,73,61,65,39,56,46,54,77,49,50,43,52,75,79,75
[ 28.469170] wil6210-aoa$0,1606461626.571392,04:d6:aa:c1:38:97,2,1,1,0,128,254,906,215,586,398,845,877,177,203,396,93,228,862,78,197,621,863,897,452,907,746,51,716,7,317,415,141,222,398,47,642,441,61,105,97,103,79,90,61,59,87,84,75,50,59,58,102,62,88,72,64,66,41,56,48,56,80,52,53,46,53,81,82,79
[ 28.499875] wil6210-aoa$0,1606461626.602096,04:d6:aa:c1:38:97,2,1,1,0,128,202,899,769,751,391,843,440,414,230,409,67,216,809,39,162,555,920,953,375,923,688,15,678,998,180,345,580,20,842,820,182,984,63,125,105,115,86,97,64,66,96,91,82,52,62,61,107,67,96,78,71,70,42,60,50,58,83,54,52,46,53,81,84,80
[ 28.525401] wil6210-aoa$0,1606461626.627620,04:d6:aa:c1:38:97,2,1,1,0,128,356,964,754,722,994,1007,420,408,236,413,40,163,876,60,197,583,901,943,361,846,709,24,680,4,712,199,100,251,394,78,844,537,66,121,108,119,88,100,68,67,99,90,85,54,64,62,110,66,98,80,70,71,43,61,50,61,87,57,54,50,58,86,88,85
[ 28.556087] wil6210-aoa$0,1606461626.658304,04:d6:aa:c1:38:97,2,1,1,0,128,765,753,192,536,380,816,457,392,166,351,542,1009,293,852,636,340,359,730,405,884,741,1009,738,17,223,338,90,225,850,875,93,936,64,117,107,114,85,93,63,63,94,88,79,49,59,59,101,63,93,75,67,68,41,57,46,56,79,50,51,44,49,77,80,75
[ 28.584604] wil6210-aoa$0,1606461626.686824,04:d6:aa:c1:38:97,2,1,1,0,128,289,973,755,750,1003,27,479,461,212,434,130,268,825,31,162,555,394,778,900,769,788,38,829,59,228,405,64,175,393,29,168,925,59,108,99,106,75,88,60,61,88,82,73,49,59,56,96,60,89,70,63,64,39,55,46,54,79,51,49,44,52,79,80,76
[ 28.607935] wil6210-aoa$0,1606461626.710151,04:d6:aa:c1:38:97,2,1,1,0,128,338,950,803,783,1,23,401,411,147,388,126,259,761,19,144,550,893,939,375,937,758,44,725,42,245,425,97,211,385,9,29,790,63,124,111,120,90,99,66,68,100,93,84,52,65,62,106,68,98,81,69,71,43,59,47,57,85,52,52,46,51,80,81,77
[ 28.637709] wil6210-aoa$0,1606461626.739926,04:d6:aa:c1:38:97,2,1,1,0,128,742,701,243,591,954,997,462,438,172,379,22,180,818,33,717,419,905,936,408,909,235,934,707,39,656,147,118,263,375,51,234,963,64,118,107,115,85,97,64,67,95,91,83,53,64,62,109,69,98,81,70,71,44,64,50,61,89,59,55,49,56,86,89,86
[ 28.666718] wil6210-aoa$0,1606461626.768939,04:d6:aa:c1:38:97,2,1,1,0,128,265,935,772,782,944,994,384,368,594,167,70,197,835,40,221,594,884,972,336,915,694,67,738,28,219,389,96,251,398,70,90,859,63,118,108,117,80,91,61,63,89,82,77,46,58,54,93,60,86,71,64,62,38,53,41,50,74,41,42,37,42,68,67,58
[ 28.691766] wil6210-aoa$0,1606461626.793984,04:d6:aa:c1:38:97,2,1,1,0,128,750,741,249,596,367,828,405,422,177,415,44,212,305,901,616,357,325,774,861,714,189,842,162,834,737,209,81,205,806,850,275,175,62,121,106,115,85,97,64,66,98,91,83,54,65,60,107,68,95,79,70,71,40,61,47,59,83,54,55,47,56,84,86,82
[ 28.722816] wil6210-aoa$0,1606461626.825033,04:d6:aa:c1:38:97,2,1,1,0,128,729,742,732,730,352,823,885,198,155,367,63,191,867,56,273,621,952,973,322,888,686,980,734,35,651,163,612,30,846,869,833,607,56,108,96,102,77,84,55,58,86,75,69,43,53,53,90,57,82,67,58,60,34,47,39,48,70,42,41,38,41,64,64,60
[ 28.746414] wil6210-aoa$0,1606461626.848633,04:d6:aa:c1:38:97,2,1,1,0,128,321,941,726,709,1004,1020,481,436,208,425,90,208,799,33,242,566,867,921,357,888,179,866,739,23,115,325,658,65,350,38,284,82,58,116,105,115,82,91,60,65,91,85,77,47,59,57,99,61,91,73,64,65,38,56,45,52,78,50,49,44,47,77,77,72
[ 28.774426] wil6210-aoa$0,1606461626.876642,04:d6:aa:c1:38:97,2,1,1,0,128,279,900,741,739,936,999,427,428,227,427,84,255,871,68,163,553,894,930,373,898,714,1005,752,47,225,373,145,263,381,44,875,522,57,108,96,106,75,85,59,60,85,81,73,47,56,54,95,58,88,69,61,62,37,53,43,51,76,49,47,41,49,75,75,69
[ 28.805285] wil6210-aoa$0,1606461626.907503,04:d6:aa:c1:38:97,2,1,1,0,128,306,909,749,757,972,11,417,413,169,340,33,189,296,884,204,593,323,749,378,893,796,80,717,36,204,349,563,47,375,57,203,19,59,106,98,106,77,88,58,59,84,79,72,47,59,53,98,60,87,71,62,64,38,55,45,54,78,52,50,44,52,74,78,74
[ 28.829330] wil6210-aoa$0,1606461626.931549,04:d6:aa:c1:38:97,2,1,1,0,128,766,706,277,611,380,820,410,373,610,102,525,21,822,22,697,409,898,968,805,685,172,896,710,23,634,98,132,274,372,54,700,441,62,121,109,115,85,93,64,66,98,89,80,51,62,59,105,65,95,77,67,69,42,60,46,57,83,55,50,44,51,80,77,73
[ 28.859013] wil6210-aoa$0,1606461626.961234,04:d6:aa:c1:38:97,2,1,1,0,128,245,902,800,758,405,847,830,189,635,161,77,215,859,70,211,608,862,956,365,882,171,863,666,1009,201,381,81,238,405,81,483,291,65,119,105,115,85,98,65,66,97,89,84,53,64,60,109,67,98,80,70,72,43,63,51,59,85,56,54,48,56,85,88,84
[ 28.886963] wil6210-aoa$0,1606461626.989182,04:d6:aa:c1:38:97,2,1,1,0,128,262,900,848,816,927,971,406,420,622,167,72,195,280,883,109,505,905,925,874,707,759,83,719,52,200,363,59,214,363,1002,856,586,66,119,109,116,87,98,66,68,96,90,82,52,64,61,109,67,97,79,68,70,43,60,49,57,85,56,54,47,54,85,86,81
[ 28.916151] wil6210-aoa$0,1606461627.018373,04:d6:aa:c1:38:97,2,1,1,0,128,282,945,804,748,914,1010,351,360,140,367,487,1003,784,6,238,601,879,969,409,934,719,20,697,48,257,372,67,218,375,44,138,976,66,129,113,123,89,101,66,69,102,94,83,50,63,60,104,68,95,79,69,69,42,58,47,58,84,51,51,46,51,81,83,79
[ 28.942692] wil6210-aoa$0,1606461627.044911,04:d6:aa:c1:38:97,2,1,1,0,128,299,922,735,763,889,992,837,204,609,185,538,1012,891,115,178,596,892,966,813,736,137,840,182,840,727,205,139,280,380,89,524,255,69,125,118,128,92,106,71,73,102,97,87,56,68,68,117,75,104,86,74,77,49,66,54,64,92,61,58,50,60,91,93,85
[ 28.973811] wil6210-aoa$0,1606461627.076029,04:d6:aa:c1:38:97,2,1,1,0,128,867,817,810,808,954,1000,390,412,158,363,989,129,255,891,213,588,913,959,373,912,750,34,717,1009,280,449,128,225,476,98,758,503,59,107,96,103,79,90,61,60,88,86,76,53,61,57,102,63,91,73,64,68,41,59,48,58,79,56,54,49,55,82,86,83
[ 29.004671] wil6210-aoa$0,1606461627.106888,04:d6:aa:c1:38:97,2,1,1,0,128,279,940,811,838,905,984,425,412,189,392,51,229,893,84,203,596,891,985,356,923,728,15,734,11,209,389,121,236,382,32,84,791,61,119,109,113,84,95,63,67,97,91,79,49,61,59,106,65,95,78,69,70,40,58,47,56,85,52,52,47,51,81,79,75
[ 29.034988] wil6210-aoa$0,1606461627.137210,04:d6:aa:c1:38:97,2,1,1,0,128,296,932,811,795,1009,39,355,364,207,402,31,200,837,34,260,634,878,933,336,907,721,1009,744,53,211,400,655,97,374,12,709,532,59,106,99,104,77,88,59,60,88,83,76,47,57,57,98,61,89,70,65,66,40,59,46,58,78,54,51,46,54,79,81,78
[ 29.059907] wil6210-aoa$0,1606461627.162126,04:d6:aa:c1:38:97,2,1,1,0,128,297,952,205,574,433,838,900,204,206,381,530,1006,836,74,187,556,963,988,349,876,190,876,175,843,684,143,599,1,389,36,470,256,64,120,109,116,88,99,67,67,98,91,82,54,65,62,108,67,100,81,68,73,44,63,51,61,89,58,55,50,59,88,92,86
[ 29.091596] wil6210-aoa$0,1606461627.193813,04:d6:aa:c1:38:97,2,1,1,0,128,230,873,833,825,903,970,919,184,166,366,1019,167,313,894,173,572,876,958,354,859,745,37,754,60,146,315,602,33,415,52,794,555,66,121,110,116,88,99,66,67,99,93,84,55,65,64,114,68,100,81,71,76,46,66,52,66,90,60,60,54,61,90,94,90
[ 29.118350] wil6210-aoa$0,1606461627.220568,04:d6:aa:c1:38:97,2,1,1,0,128,278,926,842,834,916,1014,363,422,146,364,9,209,833,48,223,582,883,968,383,909,753,84,672,1007,729,220,92,215,347,34,312,982,65,119,105,113,87,100,69,65,98,95,81,57,67,64,116,70,99,79,71,75,47,64,54,65,91,61,61,53,61,90,98,91
[ 29.150159] wil6210-aoa$0,1606461627.252378,04:d6:aa:c1:38:97,2,1,1,0,128,269,891,231,584,944,1012,444,402,177,382,29,219,289,915,175,541,900,955,346,902,722,19,228,883,225,386,87,226,367,41,1019,774,58,107,96,105,76,86,58,60,87,82,75,46,56,53,95,61,86,71,62,64,36,55,44,53,74,47,47,41,46,73,75,71
[ 29.180888] wil6210-aoa$0,1606461627.283110,04:d6:aa:c1:38:97,2,1,1,0,128,744,693,250,564,361,803,864,163,751,225,82,203,833,73,192,610,937,1016,364,931,706,0,682,1010,702,189,628,71,415,81,444,238,64,122,108,116,85,96,65,66,96,90,85,51,62,61,105,64,93,77,69,66,39,56,46,54,79,50,48,41,48,77,78,68
[ 29.205116] wil6210-aoa$0,1606461627.307338,04:d6:aa:c1:38:97,2,1,1,0,128,297,953,832,816,894,977,470,441,199,369,106,267,834,78,189,608,901,973,404,942,728,53,760,27,275,397,185,270,403,80,751,393,55,109,97,102,76,88,59,61,85,83,75,46,54,55,96,59,84,70,61,60,37,53,42,50,77,50,47,40,48,72,73,67
[ 29.234056] wil6210-aoa$0,1606461627.336273,04:d6:aa:c1:38:97,2,1,1,0,128,784,726,804,771,882,983,410,397,173,335,70,225,733,1006,639,329,335,729,881,702,707,55,691,1017,198,370,148,244,343,35,972,787,69,128,114,123,90,103,71,70,103,97,86,56,67,64,114,71,105,84,75,74,47,66,52,62,90,61,57,50,61,92,91,86
[ 29.265188] wil6210-aoa$0,1606461627.367409,04:d6:aa:c1:38:97,2,1,1,0,128,756,746,785,769,901,982,864,169,702,219,1000,161,821,22,195,566,384,805,851,723,723,5,166,855,715,186,647,79,407,46,460,220,57,108,98,105,73,87,58,58,84,80,73,46,52,54,93,58,83,69,60,60,35,52,41,49,74,47,45,37,43,71,68,60
[ 29.290062] wil6210-aoa$0,1606461627.392281,04:d6:aa:c1:38:97,2,1,1,0,128,292,932,786,786,978,29,356,355,180,419,34,177,830,109,183,581,846,943,395,906,733,26,701,1020,247,357,531,1012,382,1012,138,921,65,119,107,117,86,98,68,66,98,91,82,52,65,63,111,69,99,80,69,73,45,63,49,59,88,57,54,48,58,87,85,82
[ 29.325093] wil6210-aoa$0,1606461627.427308,04:d6:aa:c1:38:97,2,1,1,0,128,251,912,836,785,939,991,414,355,142,366,37,158,922,103,216,592,932,979,397,941,718,1021,738,4,244,415,78,203,889,878,689,556,63,121,108,114,85,98,66,66,96,91,83,52,62,62,110,66,99,78,68,69,43,62,48,59,86,56,54,47,54,84,88,82
[ 29.349981] wil6210-aoa$0,1606461627.452197,04:d6:aa:c1:38:97,2,1,1,0,128,237,929,838,823,936,14,410,384,208,397,78,209,272,896,241,611,889,912,392,892,717,16,723,35,232,405,145,232,394,30,565,276,67,128,115,120,91,105,69,68,102,99,86,56,67,66,117,73,103,86,74,77,46,69,56,66,93,63,61,53,61,93,97,93
[ 29.382553] wil6210-aoa$0,1606461627.484772,04:d6:aa:c1:38:97,2,1,1,0,128,240,889,811,749,913,963,853,197,123,312,38,175,281,912,174,562,892,948,357,901,705,3,719,27,265,422,573,1018,863,872,836,607,67,123,113,118,86,100,66,69,101,93,85,54,65,63,110,68,97,81,72,73,44,62,50,61,86,57,56,49,55,86,91,85
[ 29.407405] wil6210-aoa$0,1606461627.509625,04:d6:aa:c1:38:97,2,1,1,0,128,227,841,238,591,325,770,858,187,666,196,572,20,824,58,198,581,868,948,875,767,682,986,163,872,147,322,609,71,384,29,341,124,66,125,111,119,88,100,69,68,99,95,84,55,67,62,111,69,100,81,73,74,46,64,51,64,90,60,58,50,59,89,91,89
[ 29.435208] wil6210-aoa$0,1606461627.537426,04:d6:aa:c1:38:97,2,1,1,0,128,316,935,778,768,926,1004,422,434,233,422,64,234,804,33,698,432,894,947,430,909,744,38,753,1013,227,316,134,249,329,1000,831,577,68,124,110,117,87,101,68,68,102,96,84,57,65,64,112,70,102,83,73,73,45,65,53,65,90,60,58,51,61,90,93,88
[ 29.467224] wil6210-aoa$0,1606461627.569443,04:d6:aa:c1:38:97,2,1,1,0,128,306,941,739,751,940,1023,382,358,171,391,50,220,817,66,167,535,906,952,332,888,685,977,720,5,764,205,145,228,356,997,279,12,65,122,111,116,85,96,64,64,98,91,81,51,62,57,105,65,97,77,67,69,39,57,45,56,80,49,50,43,48,80,79,75
[ 29.496933] wil6210-aoa$0,1606461627.599154,04:d6:aa:c1:38:97,2,1,1,0,128,753,711,254,597,953,1006,366,388,115,331,50,199,258,898,214,603,897,990,382,926,721,29,717,28,688,161,84,217,310,14,111,915,62,123,110,119,85,97,62,67,98,89,80,49,62,61,103,66,96,77,68,67,42,60,46,56,84,52,50,42,52,80,80,71
[ 29.526258] wil6210-aoa$0,1606461627.628477,04:d6:aa:c1:38:97,2,1,1,2,128,753,711,254,597,953,1006,366,388,115,331,50,199,258,898,214,603,897,990,382,926,721,29,717,28,688,161,84,217,310,14,111,915,65,122,111,116,85,96,64,64,98,91,81,51,62,57,105,65,97,77,67,69,39,57,45,56,80,49,50,43,48,80,79,75
[ 29.556443] wil6210-aoa$0,1606461627.658664,04:d6:aa:c1:38:97,2,1,1,0,128,242,876,815,780,371,791,915,254,683,162,96,245,727,1011,232,611,917,966,863,752,692,28,134,883,629,145,588,28,874,890,661,535,59,116,106,114,83,93,63,65,94,87,79,48,58,56,103,64,92,76,65,66,40,57,48,55,81,50,50,42,48,77,81,72
[ 29.583701] wil6210-aoa$0,1606461627.685919,04:d6:aa:c1:38:97,2,1,1,0,128,300,953,178,569,428,871,402,398,180,414,44,172,875,56,162,528,916,1005,373,935,713,27,185,871,698,205,606,14,412,57,983,736,66,121,108,116,83,97,63,65,96,90,81,51,60,62,106,66,96,77,67,69,41,58,48,58,86,55,54,44,54,81,86,79
[ 29.615496] wil6210-aoa$0,1606461627.717717,04:d6:aa:c1:38:97,2,1,1,0,128,269,923,754,750,954,998,395,388,143,350,515,1012,266,829,732,407,896,955,371,895,713,41,728,40,199,320,558,24,871,919,953,703,62,118,105,113,83,95,60,65,93,89,81,49,62,61,104,66,94,76,67,71,41,59,45,56,85,53,51,45,52,84,82,76
[ 29.641626] wil6210-aoa$0,1606461627.743843,04:d6:aa:c1:38:97,2,1,1,0,128,839,765,738,741,900,982,389,385,207,381,75,207,841,58,624,358,884,958,853,710,715,26,704,1022,265,392,93,218,356,5,36,832,66,124,111,119,88,98,68,68,98,93,86,54,65,61,111,67,102,82,73,73,45,66,53,62,89,59,58,52,59,91,91,86
[ 29.674122] wil6210-aoa$0,1606461627.776339,04:d6:aa:c1:38:97,2,1,1,0,128,734,684,758,734,357,773,833,128,682,182,518,1,288,868,682,414,913,987,395,936,723,29,737,0,661,172,531,1018,798,840,910,803,68,127,114,122,90,102,66,69,101,97,87,57,67,64,113,70,104,82,74,75,46,66,53,64,92,62,57,50,62,91,98,92
[ 29.713305] wil6210-aoa$0,1606461627.815526,04:d6:aa:c1:38:97,2,1,1,0,128,265,887,790,803,1019,29,416,440,122,339,86,189,842,70,192,585,850,936,360,901,741,82,714,27,166,339,198,282,373,85,300,986,66,128,113,123,89,101,67,69,101,93,84,51,64,62,112,70,96,82,73,74,43,63,49,64,88,55,55,49,53,87,89,82
[ 29.744283] wil6210-aoa$0,1606461627.846501,04:d6:aa:c1:38:97,2,1,1,0,128,342,939,786,755,900,964,466,422,150,380,168,266,835,75,197,579,892,912,347,907,734,62,700,1006,180,339,121,248,427,87,524,161,70,126,115,122,92,104,68,68,102,98,86,54,66,65,116,72,99,83,75,76,46,65,54,65,93,61,57,52,60,93,93,85
[ 29.776182] wil6210-aoa$0,1606461627.878398,04:d6:aa:c1:38:97,2,1,1,0,128,340,999,796,797,886,973,370,370,148,342,86,271,877,62,216,617,910,929,400,874,714,32,693,7,171,330,147,274,343,27,577,364,62,120,112,121,85,99,67,67,98,93,83,52,64,62,109,70,98,79,71,71,44,62,50,59,87,57,54,47,55,85,85,80
[ 29.800851] wil6210-aoa$0,1606461627.903070,04:d6:aa:c1:38:97,2,1,1,0,128,306,933,855,831,887,976,893,233,201,375,45,179,861,57,204,583,969,984,357,913,746,27,682,1018,220,364,32,159,394,41,576,286,68,119,110,118,90,103,68,69,101,95,86,56,69,64,119,70,101,84,72,75,46,67,52,65,93,61,60,51,60,91,95,89
[ 29.830923] wil6210-aoa$0,1606461627.933144,04:d6:aa:c1:38:97,2,1,1,0,128,269,935,698,742,946,978,400,398,112,339,116,247,882,61,210,643,926,940,366,896,695,1015,822,79,203,397,144,278,385,54,876,589,66,119,111,119,86,102,69,67,102,94,84,57,69,65,116,69,102,82,74,74,45,65,53,66,92,63,59,52,60,91,96,92
[ 29.860479] wil6210-aoa$0,1606461627.962697,04:d6:aa:c1:38:97,2,1,1,0,128,798,780,205,589,955,1,893,225,193,383,100,253,826,52,216,623,934,985,395,930,713,1023,701,16,202,371,123,198,282,1021,887,733,63,124,109,118,82,95,65,67,95,90,83,50,62,60,106,64,95,78,68,67,41,58,47,58,83,52,52,43,54,81,82,78
[ 29.885521] wil6210-aoa$0,1606461627.987741,04:d6:aa:c1:38:97,2,1,1,0,128,290,947,753,765,950,999,398,380,626,168,506,1022,821,27,284,620,840,942,398,902,746,52,680,7,624,132,51,232,368,32,868,704,61,121,111,119,83,95,63,67,95,90,82,50,61,59,107,67,97,78,67,70,42,59,47,60,88,55,52,46,53,84,82,76
[ 29.913078] wil6210-aoa$0,1606461628.015295,04:d6:aa:c1:38:97,2,1,1,0,128,356,996,746,774,920,9,413,374,180,370,102,255,789,70,166,571,900,962,385,914,765,41,709,11,262,407,39,200,369,65,876,623,62,120,107,114,82,93,62,63,95,89,79,47,58,59,99,63,94,76,64,67,41,55,45,54,81,48,48,42,51,76,76,69
[ 29.944788] wil6210-aoa$0,1606461628.047007,04:d6:aa:c1:38:97,2,1,1,0,128,732,692,243,576,863,925,427,400,586,123,553,3,837,1,193,558,955,992,339,905,742,22,707,1010,195,327,129,224,330,20,782,612,61,120,108,115,85,97,65,66,99,91,83,52,62,59,108,66,95,78,68,71,42,61,49,59,84,56,54,48,53,85,88,84
[ 29.976212] wil6210-aoa$0,1606461628.078429,04:d6:aa:c1:38:97,2,1,1,0,128,756,685,215,564,334,811,869,165,160,372,75,195,824,39,193,573,378,764,862,744,171,831,777,36,189,377,131,265,353,22,478,254,63,119,109,113,85,99,65,67,95,92,80,52,63,59,107,67,93,79,68,71,42,60,47,58,84,53,55,46,52,80,83,73
[ 30.007730] wil6210-aoa$0,1606461628.109947,04:d6:aa:c1:38:97,2,1,1,0,128,286,937,757,752,936,992,405,367,695,209,558,1,305,902,694,401,433,812,439,925,787,79,804,67,203,313,20,140,898,883,188,976,65,122,109,116,86,98,67,67,100,94,81,52,63,62,107,67,101,78,70,73,43,63,49,60,85,53,56,48,57,83,86,80
[ 30.039866] wil6210-aoa$0,1606461628.142086,04:d6:aa:c1:38:97,2,1,1,0,128,249,909,869,824,904,1018,369,366,645,177,527,3,269,864,681,345,365,746,863,702,166,841,218,882,664,152,536,981,835,855,221,88,63,122,109,114,84,97,66,68,96,92,83,53,65,61,109,67,98,79,71,73,44,64,50,62,87,57,58,50,58,87,90,85
[ 30.071929] wil6210-aoa$0,1606461628.174146,04:d6:aa:c1:38:97,2,1,1,0,128,302,920,773,736,943,991,875,196,177,328,519,1015,836,39,202,569,905,957,360,913,736,1,181,856,191,322,118,227,393,66,555,172,67,125,113,118,88,101,68,67,102,93,87,54,66,65,111,69,100,82,73,72,46,64,51,63,91,59,58,50,57,89,91,87
[ 30.102398] wil6210-aoa$0,1606461628.204621,04:d6:aa:c1:38:97,2,1,1,0,128,207,878,838,818,956,11,408,433,164,433,75,218,791,62,222,586,934,977,410,957,716,45,713,1009,191,358,81,227,394,48,933,748,66,125,112,121,91,102,67,68,101,93,82,52,65,62,111,69,99,83,71,71,44,63,50,60,88,56,54,47,54,84,83,77
[ 30.127567] wil6210-aoa$0,1606461628.229789,04:d6:aa:c1:38:97,2,1,1,0,128,327,949,756,769,912,985,405,420,162,365,95,210,895,94,217,621,930,966,361,891,692,13,671,1003,227,352,557,4,796,811,767,526,65,125,113,119,88,101,69,69,99,93,87,54,66,63,113,71,102,84,73,74,45,65,52,62,90,60,57,50,58,91,92,88
[ 30.158412] wil6210-aoa$0,1606461628.260631,04:d6:aa:c1:38:97,2,1,1,0,128,270,867,753,793,935,970,384,401,243,410,45,228,780,44,142,553,362,796,303,891,736,66,686,27,251,389,108,230,332,1023,497,162,66,123,110,117,89,102,68,67,100,96,84,56,67,63,115,71,103,82,73,74,46,67,54,65,89,60,60,54,61,91,100,94
[ 30.190642] wil6210-aoa$0,1606461628.292862,04:d6:aa:c1:38:97,2,1,1,0,128,338,954,754,762,920,961,431,415,185,385,134,208,866,92,185,588,910,952,887,718,766,94,641,991,674,173,136,263,351,35,12,762,64,121,105,115,84,98,65,66,99,91,83,53,62,61,108,67,96,79,69,71,45,63,49,60,87,56,55,48,57,85,86,80
[ 30.222155] wil6210-aoa$0,1606461628.324377,04:d6:aa:c1:38:97,2,1,1,0,128,287,943,188,590,910,1020,391,409,185,399,49,194,785,37,145,540,905,935,356,894,695,47,692,29,224,348,156,258,383,65,911,729,63,121,110,117,88,100,64,69,98,92,84,53,65,60,111,67,99,79,69,72,44,62,48,61,89,57,55,48,56,87,86,80
[ 30.249184] wil6210-aoa$0,1606461628.351405,04:d6:aa:c1:38:97,2,1,1,0,128,303,944,772,777,968,4,435,407,177,391,102,212,853,61,186,575,902,955,367,916,692,1017,762,27,220,354,61,209,407,73,911,667,64,118,108,116,82,97,66,67,96,92,81,52,63,62,106,67,98,79,68,70,41,62,47,56,83,55,53,45,55,84,86,77
[ 30.281672] wil6210-aoa$0,1606461628.383890,04:d6:aa:c1:38:97,2,1,1,0,128,359,971,783,741,982,1008,414,390,166,364,124,246,832,65,190,541,893,920,409,897,747,33,722,24,265,410,89,216,346,1014,505,212,64,120,111,116,84,95,64,69,98,89,82,50,62,60,106,67,98,80,69,72,43,60,49,58,87,56,53,47,52,85,83,78
[ 30.307163] wil6210-aoa$0,1606461628.409385,04:d6:aa:c1:38:97,2,1,1,0,128,279,894,739,760,972,2,365,405,185,403,25,203,865,118,211,620,927,973,375,923,724,44,732,43,254,370,161,254,410,70,966,699,64,120,108,119,83,96,64,67,94,90,80,52,61,61,109,67,98,77,68,71,46,64,50,61,88,56,55,49,56,88,92,85
[ 30.334361] wil6210-aoa$0,1606461628.436580,04:d6:aa:c1:38:97,2,1,1,0,128,793,758,757,710,943,1005,351,367,152,350,84,222,820,40,182,578,899,967,341,861,183,876,746,27,241,351,82,207,432,41,1011,710,60,119,110,118,83,96,65,67,96,88,80,50,62,60,102,64,95,77,66,66,42,61,46,57,84,53,51,46,54,82,85,76
[ 30.366585] wil6210-aoa$0,1606461628.468802,04:d6:aa:c1:38:97,2,1,1,0,128,344,926,773,744,2,37,415,422,186,396,82,206,813,21,216,589,924,963,371,944,696,16,718,1017,198,332,74,188,402,61,896,659,63,118,108,114,87,97,63,67,96,88,80,50,60,60,105,64,96,77,67,68,42,60,47,56,82,54,51,45,50,83,81,75
[ 30.392588] wil6210-aoa$0,1606461628.494806,04:d6:aa:c1:38:97,2,1,1,0,128,267,897,784,795,897,1000,450,438,162,356,79,196,844,57,220,583,900,972,360,884,732,11,726,27,187,311,88,219,364,36,943,687,60,123,107,113,82,92,61,63,92,84,77,45,55,54,97,62,86,73,66,64,38,52,42,50,76,46,44,37,45,73,71,65
[ 30.420885] wil6210-aoa$0,1606461628.523108,04:d6:aa:c1:38:97,2,1,1,0,128,320,962,777,763,898,973,429,433,191,349,51,200,871,52,194,581,911,953,434,969,756,22,765,24,214,391,113,232,429,68,231,878,62,120,109,116,86,99,64,67,96,92,81,51,64,58,107,67,97,80,68,70,44,61,49,59,85,56,55,45,53,81,83,75
[ 30.452354] wil6210-aoa$0,1606461628.554573,04:d6:aa:c1:38:97,2,1,1,0,128,272,929,781,777,943,1011,463,414,170,366,55,174,835,38,188,553,931,956,394,936,724,17,710,20,166,348,79,189,364,55,927,690,66,121,112,117,89,104,68,68,102,92,84,56,66,62,114,72,100,82,71,74,45,65,52,64,90,60,58,51,58,90,92,87
[ 30.481683] wil6210-aoa$0,1606461628.583905,04:d6:aa:c1:38:97,2,1,1,0,128,243,910,808,749,999,13,402,424,202,404,75,163,848,46,177,533,442,785,824,679,195,863,689,31,148,337,613,77,380,27,1013,780,67,122,111,119,89,103,69,69,99,93,87,56,69,66,117,69,103,82,73,74,46,66,53,64,91,63,59,50,60,91,92,91
[ 30.507542] wil6210-aoa$0,1606461628.609764,04:d6:aa:c1:38:97,2,1,1,0,128,302,952,811,782,951,1014,425,419,144,370,112,200,882,104,165,594,924,976,430,951,664,12,145,877,220,375,171,255,460,123,609,286,63,122,112,117,86,97,67,70,97,91,85,55,64,63,109,70,99,81,71,74,45,64,52,61,87,57,57,49,59,90,90,82
[ 30.533808] wil6210-aoa$0,1606461628.636024,04:d6:aa:c1:38:97,2,1,1,0,128,234,919,793,771,937,1004,447,425,163,417,1020,174,854,53,181,583,877,930,379,961,775,95,724,26,215,387,601,52,382,1022,615,330,66,126,111,119,88,101,67,69,99,93,86,53,66,65,112,72,103,83,73,75,44,65,53,61,89,61,57,52,60,89,92,88
[ 30.567109] wil6210-aoa$0,1606461628.669328,04:d6:aa:c1:38:97,2,1,1,0,128,293,948,817,768,959,4,458,410,709,200,572,28,791,3,221,587,1000,999,356,894,730,60,674,963,704,138,90,187,813,836,25,830,61,120,109,118,83,95,62,65,94,88,79,48,59,59,105,63,94,76,65,66,41,56,44,51,82,51,47,42,49,73,74,68
[ 30.593843] wil6210-aoa$0,1606461628.696066,04:d6:aa:c1:38:97,2,1,1,0,128,339,918,764,755,913,945,382,380,103,343,80,229,752,10,174,550,902,977,364,946,680,7,170,870,684,164,99,224,366,62,831,611,64,119,110,119,87,103,67,69,99,93,85,55,66,62,112,71,103,81,72,73,46,67,53,64,91,62,57,51,61,93,98,91
[ 30.619739] wil6210-aoa$0,1606461628.721933,04:d6:aa:c1:38:97,2,1,1,0,128,756,757,246,568,424,817,865,180,246,388,87,199,795,1013,653,389,882,951,361,849,756,19,175,845,634,150,115,258,821,870,190,1000,65,122,109,114,87,99,66,65,97,94,84,54,63,60,109,69,97,82,70,71,46,63,53,61,88,58,56,49,56,84,89,84
[ 30.660987] wil6210-aoa$0,1606461628.763204,04:d6:aa:c1:38:97,2,1,1,0,128,268,905,772,752,964,1004,419,394,144,367,132,262,812,46,216,587,982,1005,365,899,779,93,667,13,205,369,141,278,374,40,235,988,66,121,108,115,88,99,67,66,96,95,86,53,65,62,113,68,101,79,70,75,44,67,52,64,92,62,59,53,60,92,97,93
[ 30.691105] wil6210-aoa$0,1606461628.793327,04:d6:aa:c1:38:97,2,1,1,0,128,739,683,219,574,918,996,434,424,175,385,46,162,836,23,670,393,300,743,864,698,775,31,725,27,236,373,163,276,305,1013,609,368,64,119,106,115,84,96,64,66,96,90,81,52,62,60,106,65,96,79,69,70,41,63,48,59,84,55,54,47,54,84,86,80
[ 30.721138] wil6210-aoa$0,1606461628.823357,04:d6:aa:c1:38:97,2,1,1,0,128,780,727,793,769,948,1021,913,224,648,184,76,214,877,71,262,613,888,963,409,909,143,809,155,805,711,160,572,4,377,75,674,382,67,119,108,113,87,100,68,65,99,94,84,55,64,61,112,69,102,80,69,75,46,64,51,65,91,61,57,51,60,90,93,90
[ 30.746985] wil6210-aoa$0,1606461628.849207,04:d6:aa:c1:38:97,2,1,1,0,128,739,729,797,736,421,847,850,180,635,138,496,995,344,903,167,514,983,979,763,662,783,52,675,1018,264,388,133,261,353,17,549,347,64,116,108,115,86,97,67,67,97,93,83,52,64,60,108,66,98,77,70,71,43,61,48,58,87,56,55,47,54,86,86,79
[ 30.775172] wil6210-aoa$0,1606461628.877388,04:d6:aa:c1:38:97,2,1,1,0,128,769,739,173,541,343,796,455,420,634,213,18,168,285,900,194,567,935,981,353,916,745,31,652,1021,666,170,588,17,897,904,370,169,66,121,104,115,86,98,66,68,95,92,82,54,63,62,108,68,100,79,69,71,44,64,50,61,86,57,56,48,57,86,89,83
[ 30.808188] wil6210-aoa$0,1606461628.910405,04:d6:aa:c1:38:97,2,1,1,0,128,800,730,223,542,422,804,855,231,610,157,54,203,787,17,619,365,348,756,411,945,717,46,671,1015,187,331,607,1012,846,863,279,87,64,118,109,116,84,97,66,65,98,89,83,51,62,60,109,67,96,77,68,68,42,61,48,59,85,54,54,46,53,82,86,78
[ 30.840968] wil6210-aoa$0,1606461628.943185,04:d6:aa:c1:38:97,2,1,1,0,128,321,981,897,851,976,6,402,397,250,447,24,197,818,65,216,600,883,955,331,899,732,31,790,48,219,349,125,235,368,42,771,453,62,119,110,117,86,98,66,66,97,90,82,52,64,60,109,68,96,76,69,72,42,62,49,60,87,57,56,49,56,86,89,84
[ 30.873544] wil6210-aoa$0,1606461628.975761,04:d6:aa:c1:38:97,2,1,1,0,128,293,897,761,787,881,988,402,397,135,357,121,247,867,28,211,595,904,925,392,950,733,29,746,16,222,370,119,227,336,5,992,730,64,121,111,116,87,98,65,67,98,92,82,51,64,63,109,65,96,80,71,71,43,62,49,59,86,56,55,48,55,85,85,82
[ 30.906367] wil6210-aoa$0,1606461629.008584,04:d6:aa:c1:38:97,2,1,1,0,128,320,956,705,747,924,995,375,384,187,382,987,139,290,886,624,313,378,747,400,908,184,897,166,828,718,151,604,67,427,43,788,573,55,103,96,104,75,83,57,58,86,81,72,46,55,54,96,61,84,68,59,62,38,54,44,53,75,49,47,43,49,75,76,71
[ 30.932571] wil6210-aoa$0,1606461629.034788,04:d6:aa:c1:38:97,2,1,1,0,128,246,916,763,763,996,8,449,426,198,404,95,252,793,1,710,386,881,939,409,920,734,41,696,1004,230,359,117,220,309,1020,186,883,68,127,112,120,90,102,67,69,100,93,86,54,66,63,111,70,100,80,71,73,45,62,51,62,89,59,55,48,56,88,90,82
[ 30.966093] wil6210-aoa$0,1606461629.068311,04:d6:aa:c1:38:97,2,1,1,0,128,325,919,814,768,921,966,400,374,188,427,29,181,780,997,605,365,356,764,365,902,756,71,692,6,122,296,85,210,367,50,778,657,65,124,115,123,88,102,69,70,99,92,85,54,65,60,110,70,101,82,71,73,43,62,50,58,88,55,56,47,54,88,87,83
[ 30.992357] wil6210-aoa$0,1606461629.094574,04:d6:aa:c1:38:97,2,1,1,0,128,303,969,813,821,928,1010,359,375,106,333,134,225,854,44,240,613,921,952,403,944,697,7,740,26,157,346,72,207,381,59,274,33,66,122,113,118,90,102,67,68,100,97,86,57,67,63,116,72,100,81,73,75,45,66,55,66,93,62,62,54,60,95,97,95
[ 31.022600] wil6210-aoa$0,1606461629.124822,04:d6:aa:c1:38:97,2,1,1,0,128,293,918,802,789,890,973,931,250,645,171,94,222,837,51,174,561,813,886,365,896,141,820,152,852,681,149,114,229,369,10,492,223,66,122,110,118,87,99,67,66,99,91,81,53,66,63,111,68,99,81,72,71,45,66,51,61,89,60,57,50,57,87,89,83
[ 31.048317] wil6210-aoa$0,1606461629.150539,04:d6:aa:c1:38:97,2,1,1,0,128,764,761,767,770,926,973,381,345,210,408,525,37,853,77,643,404,880,987,893,752,710,40,733,51,190,353,42,203,785,881,935,848,62,119,109,115,84,95,64,67,95,87,80,49,62,55,102,64,91,75,65,68,38,54,45,54,81,49,48,42,48,75,76,71
[ 31.079937] wil6210-aoa$0,1606461629.182158,04:d6:aa:c1:38:97,2,1,1,0,128,305,933,722,765,991,14,327,364,204,391,43,196,848,63,686,397,893,942,831,730,745,61,742,20,245,424,92,213,396,62,616,428,66,119,107,116,86,98,67,67,98,92,85,55,64,64,113,68,99,79,71,73,44,64,49,59,87,58,57,49,57,86,91,82
[ 31.108182] wil6210-aoa$0,1606461629.210399,04:d6:aa:c1:38:97,2,1,1,0,128,272,941,772,769,917,1001,393,371,172,395,133,236,869,67,170,561,891,944,359,900,160,855,746,59,241,391,161,267,361,20,937,689,62,119,106,115,83,97,65,67,98,92,80,51,62,61,104,66,97,78,67,70,43,60,48,58,86,53,52,47,53,80,86,77
[ 31.141479] wil6210-aoa$0,1606461629.243697,04:d6:aa:c1:38:97,2,1,1,0,128,269,924,803,788,997,2,398,374,250,423,11,142,306,885,197,600,308,744,895,750,162,821,247,884,213,399,138,243,379,56,285,1019,59,119,109,114,84,94,64,67,92,87,80,48,60,56,103,64,91,76,66,68,40,55,46,56,82,51,50,43,51,79,82,72
[ 31.175045] wil6210-aoa$0,1606461629.277265,04:d6:aa:c1:38:97,2,1,1,0,128,771,770,729,753,957,1003,410,399,118,355,994,148,860,68,132,544,298,715,840,695,170,829,756,57,214,356,97,232,830,850,609,418,61,119,108,115,81,93,61,64,93,86,80,48,60,59,102,64,90,76,64,66,40,58,46,57,83,52,51,45,50,79,81,75
[ 31.215477] wil6210-aoa$0,1606461629.317698,04:d6:aa:c1:38:97,2,1,1,0,128,308,925,745,729,398,837,874,188,205,356,90,204,819,40,231,626,813,873,903,714,212,852,739,27,164,361,603,52,358,56,355,134,66,118,107,115,87,98,64,67,97,92,84,52,65,61,111,69,99,80,71,70,43,63,50,60,87,58,57,50,57,87,90,86
[ 31.247320] wil6210-aoa$0,1606461629.349541,04:d6:aa:c1:38:97,2,1,1,0,128,290,910,821,767,914,1002,489,421,127,356,124,209,893,20,212,609,844,924,333,872,759,68,703,1014,680,192,85,208,329,48,544,259,64,120,107,113,86,98,62,64,98,90,81,49,62,60,106,66,95,78,70,69,42,61,50,59,86,56,53,45,51,82,86,77
[ 31.276851] wil6210-aoa$0,1606461629.379068,04:d6:aa:c1:38:97,2,1,1,0,128,245,876,777,794,951,6,426,429,195,379,6,158,814,12,227,610,892,951,337,879,711,47,782,44,247,416,146,291,381,80,741,447,64,120,109,117,86,95,65,69,96,91,80,49,61,61,105,65,94,78,70,71,43,61,48,59,89,56,54,48,55,84,86,82
[ 31.310335] wil6210-aoa$0,1606461629.412554,04:d6:aa:c1:38:97,2,1,1,0,128,279,922,742,751,932,27,339,354,159,381,40,223,804,32,174,598,880,960,389,902,760,59,769,69,204,359,139,265,341,56,290,20,65,124,110,119,89,101,65,70,100,92,83,51,65,64,109,72,100,81,72,74,45,63,52,60,88,56,56,48,55,85,88,82
[ 31.344432] wil6210-aoa$0,1606461629.446649,04:d6:aa:c1:38:97,2,1,1,0,128,314,936,860,849,1009,14,405,414,148,349,96,218,825,16,225,592,977,983,379,912,695,22,731,29,187,355,58,184,325,1016,371,11,65,124,114,121,89,99,66,66,102,93,85,52,64,61,108,68,99,81,72,70,41,59,49,59,86,55,53,46,53,85,83,77
[ 31.378193] wil6210-aoa$0,1606461629.480409,04:d6:aa:c1:38:97,2,1,1,0,128,286,938,782,794,966,48,364,391,181,362,1008,178,844,45,167,528,970,995,388,919,787,59,673,5,192,336,590,27,885,901,428,224,66,123,116,124,87,100,69,70,101,96,88,56,69,65,118,73,104,84,74,75,47,67,54,66,94,63,61,52,61,94,96,89
[ 31.411899] wil6210-aoa$0,1606461629.514116,04:d6:aa:c1:38:97,2,1,1,0,128,285,902,749,723,381,786,912,242,612,172,67,217,853,42,181,576,895,925,833,686,230,895,235,907,212,430,61,223,390,65,789,529,65,121,109,115,86,100,67,67,98,92,84,55,65,64,111,70,98,80,69,71,45,61,49,61,89,57,56,48,56,86,87,80
[ 31.445759] wil6210-aoa$0,1606461629.547976,04:d6:aa:c1:38:97,2,1,1,0,128,254,919,846,809,915,983,457,454,170,373,0,180,834,62,149,565,861,958,425,939,720,15,786,47,214,377,95,236,311,1013,1006,828,62,122,110,116,84,97,64,67,97,90,80,50,59,59,105,67,92,78,68,67,39,56,44,53,81,51,48,40,48,74,75,69
[ 31.476991] wil6210-aoa$0,1606461629.579212,04:d6:aa:c1:38:97,2,1,1,0,128,745,704,247,562,395,802,880,219,173,358,52,200,818,40,148,511,921,945,331,887,151,826,760,24,168,322,595,64,797,848,507,310,67,117,109,116,84,101,67,65,98,92,84,53,66,62,112,68,97,78,71,71,44,64,51,61,88,57,55,49,57,84,92,83
[ 31.507887] wil6210-aoa$0,1606461629.610106,04:d6:aa:c1:38:97,2,1,1,0,128,264,916,222,620,851,970,881,200,673,208,525,1022,262,878,261,639,856,919,877,723,159,814,143,842,714,202,195,267,307,1012,571,347,64,121,104,113,84,93,62,63,96,86,82,48,57,57,100,62,90,73,61,63,39,54,43,51,78,45,44,40,46,69,71,64
[ 31.542015] wil6210-aoa$0,1606461629.644233,04:d6:aa:c1:38:97,2,1,1,0,128,325,928,788,770,390,823,874,162,607,118,552,40,799,19,653,380,908,955,316,848,743,10,744,2,612,142,591,58,819,840,663,509,62,119,109,114,86,96,64,66,96,89,82,52,63,60,109,67,96,77,68,69,42,59,49,60,84,54,53,47,53,82,85,79
[ 31.575717] wil6210-aoa$0,1606461629.677931,04:d6:aa:c1:38:97,2,1,1,0,128,276,925,743,721,380,824,496,476,142,358,28,216,863,79,162,558,362,795,358,865,674,1009,744,1018,194,368,31,152,858,865,318,97,64,119,107,115,86,98,63,65,98,89,81,49,61,60,108,66,94,79,68,68,41,60,48,58,81,52,53,44,51,80,82,73
[ 31.603531] wil6210-aoa$0,1606461629.705748,04:d6:aa:c1:38:97,2,1,1,0,128,377,1004,678,756,972,1012,449,437,122,350,51,227,842,47,200,596,913,941,385,899,790,38,771,27,166,349,586,28,873,865,459,304,65,121,109,116,86,97,65,66,98,93,83,53,65,60,109,66,93,77,71,70,44,62,49,62,85,57,55,48,55,87,90,80
[ 31.636980] wil6210-aoa$0,1606461629.739198,04:d6:aa:c1:38:97,2,1,1,0,128,283,924,763,790,904,954,398,409,153,368,1010,164,757,2,154,508,930,974,295,839,681,1013,127,826,692,194,159,288,406,55,201,891,65,116,109,115,83,98,65,66,96,89,83,54,63,61,112,68,96,78,69,73,45,63,51,63,87,58,55,49,58,88,88,84
[ 31.668186] wil6210-aoa$0,1606461629.770408,04:d6:aa:c1:38:97,2,1,1,0,128,329,977,816,796,910,1008,398,388,122,318,120,221,783,54,160,573,860,937,416,956,797,68,686,26,267,349,95,212,889,941,238,993,63,117,107,113,86,97,65,67,96,92,82,52,64,61,109,67,99,80,69,72,43,62,50,62,86,57,54,48,55,85,87,82
[ 31.699720] wil6210-aoa$0,1606461629.801942,04:d6:aa:c1:38:97,2,1,1,0,128,310,905,759,774,360,781,410,369,153,336,62,172,771,9,226,595,902,970,391,911,727,18,729,17,143,349,89,190,330,7,900,658,68,119,109,117,87,99,66,67,98,92,85,54,64,62,107,68,98,79,70,70,42,60,51,59,87,55,56,48,55,86,89,84
[ 31.725594] wil6210-aoa$0,1606461629.827815,04:d6:aa:c1:38:97,2,1,1,0,128,289,913,755,731,960,991,456,414,113,349,973,164,780,25,166,586,874,907,829,702,259,953,668,0,226,379,563,8,855,908,891,619,66,122,112,118,87,98,66,66,96,91,81,50,63,58,105,66,98,78,68,70,43,61,49,58,87,55,53,48,56,84,87,80
[ 31.755757] wil6210-aoa$0,1606461629.857974,04:d6:aa:c1:38:97,2,1,1,0,128,790,739,241,571,415,827,434,423,140,337,148,207,802,20,147,547,923,957,378,927,712,1012,674,989,654,143,135,229,341,27,454,243,67,122,109,118,89,103,68,67,100,95,87,53,66,64,114,71,102,85,73,75,46,67,54,68,93,61,59,51,61,90,95,90
[ 31.783049] wil6210-aoa$0,1606461629.885268,04:d6:aa:c1:38:97,2,1,1,0,128,796,742,791,759,933,1012,399,372,180,354,36,145,785,47,148,560,900,973,377,857,203,895,675,1009,186,347,579,10,807,863,1017,788,63,122,108,116,85,98,64,67,95,90,84,51,62,62,104,67,95,80,68,72,42,60,48,59,84,53,51,43,53,84,83,76
[ 31.817424] wil6210-aoa$0,1606461629.919642,04:d6:aa:c1:38:97,2,1,1,0,128,324,959,768,798,959,1012,406,373,208,340,65,201,847,62,687,379,921,940,410,910,748,58,726,25,245,418,187,292,332,38,3,792,64,120,110,117,85,101,67,66,97,91,84,53,64,62,111,68,101,80,72,74,45,66,53,61,87,57,59,51,56,87,90,85
[ 31.844441] wil6210-aoa$0,1606461629.946662,04:d6:aa:c1:38:97,2,1,1,0,128,281,918,786,785,888,998,390,378,610,162,513,1016,840,33,650,358,365,742,858,725,693,9,738,31,195,350,144,227,371,58,383,126,59,116,104,115,79,93,59,62,90,83,75,44,57,53,94,62,84,73,63,60,35,50,39,48,71,41,41,35,38,65,60,56
[ 31.872300] wil6210-aoa$0,1606461629.974517,04:d6:aa:c1:38:97,2,1,1,0,128,251,900,214,551,865,978,395,402,160,365,997,180,843,72,246,599,907,927,364,908,176,867,683,999,706,190,616,103,318,30,706,530,58,116,106,113,80,92,60,61,93,85,76,45,57,55,96,61,88,73,63,64,37,50,41,51,75,46,45,38,45,73,74,68
[ 31.906465] wil6210-aoa$0,1606461630.008682,04:d6:aa:c1:38:97,2,1,1,0,128,268,918,739,741,948,1022,382,385,225,402,40,175,838,59,213,592,907,991,364,881,776,83,676,1023,246,394,566,18,875,872,905,665,63,121,110,114,85,98,65,68,98,95,84,53,64,61,113,70,96,79,70,71,43,63,48,61,88,59,56,50,57,86,90,85
[ 31.940533] wil6210-aoa$0,1606461630.042752,04:d6:aa:c1:38:97,2,1,1,0,128,280,905,820,778,912,1002,412,391,186,348,102,218,817,30,200,586,860,925,856,709,131,830,198,877,186,353,131,221,369,34,95,877,62,122,107,114,86,99,65,66,97,90,82,51,62,60,109,67,98,77,67,69,44,61,47,58,86,55,54,47,55,85,89,85
[ 31.975009] wil6210-aoa$0,1606461630.077227,04:d6:aa:c1:38:97,2,1,1,0,128,280,908,741,774,940,1005,393,399,181,408,161,260,870,39,234,579,914,957,394,910,782,74,732,54,175,340,185,254,336,53,27,856,63,117,109,113,84,96,65,67,94,91,82,53,64,61,107,66,99,79,71,72,43,62,49,60,90,58,55,49,56,87,90,88
[ 32.009144] wil6210-aoa$0,1606461630.111366,04:d6:aa:c1:38:97,2,1,1,0,128,294,906,820,777,936,1009,413,422,171,400,5,183,834,64,216,604,917,963,368,905,690,9,702,4,231,382,137,236,323,1022,697,414,62,116,106,110,83,92,63,63,92,86,77,46,58,55,100,64,92,74,64,67,40,53,44,55,82,49,50,43,51,80,81,72
[ 32.037135] wil6210-aoa$0,1606461630.139353,04:d6:aa:c1:38:97,2,1,1,0,128,733,691,237,550,378,794,851,163,144,391,1006,120,846,48,140,570,927,949,819,663,169,873,123,838,261,416,122,255,338,0,153,888,65,118,108,114,86,98,65,68,96,91,83,55,64,63,112,70,101,79,69,72,45,66,53,62,89,61,59,52,60,92,94,89
[ 32.071848] wil6210-aoa$0,1606461630.174066,04:d6:aa:c1:38:97,2,1,1,0,128,277,929,802,774,967,18,370,427,608,189,111,254,840,77,166,548,914,954,362,914,751,23,740,41,170,346,104,223,410,36,594,406,67,116,104,113,85,98,67,64,97,94,83,57,66,62,114,69,100,79,72,74,46,67,54,64,91,61,60,53,62,92,98,92
[ 32.103036] wil6210-aoa$0,1606461630.205257,04:d6:aa:c1:38:97,2,1,1,0,128,767,717,231,569,391,808,832,150,683,156,1022,197,777,32,178,594,903,941,828,702,718,1014,695,1021,227,357,101,237,343,25,192,62,63,122,111,119,88,99,65,66,97,90,84,53,63,62,108,68,98,79,67,71,44,62,50,59,89,59,55,51,57,88,88,82
[ 32.134928] wil6210-aoa$0,1606461630.237145,04:d6:aa:c1:38:97,2,1,1,0,128,270,944,853,864,940,985,458,431,111,325,83,175,795,21,198,553,913,929,400,885,189,854,765,25,201,337,157,243,378,8,564,252,58,103,95,99,75,86,58,58,84,82,73,46,56,51,97,59,85,67,60,59,39,54,42,53,74,49,48,43,49,75,74,71
[ 32.168725] wil6210-aoa$0,1606461630.270943,04:d6:aa:c1:38:97,2,1,1,0,128,257,902,781,826,953,1007,452,405,168,410,22,185,815,41,235,638,982,1007,461,987,772,58,777,63,199,362,148,272,397,93,803,558,63,125,113,121,86,99,65,66,94,90,80,47,60,58,106,67,94,79,69,70,42,58,47,58,85,55,53,46,52,84,87,76
[ 32.202946] wil6210-aoa$0,1606461630.305163,04:d6:aa:c1:38:97,2,1,1,0,128,267,931,820,793,957,1019,427,392,246,403,91,237,806,36,220,606,938,967,365,905,771,70,714,1017,217,356,201,272,375,61,525,220,64,123,110,118,84,95,65,67,97,92,82,50,61,62,106,67,99,80,70,72,43,62,50,59,84,55,53,44,53,81,84,78
[ 32.237036] wil6210-aoa$0,1606461630.339253,04:d6:aa:c1:38:97,2,1,1,0,128,323,939,792,769,961,1020,364,414,626,171,122,251,809,43,157,518,887,935,416,940,746,34,718,43,196,330,100,241,365,42,537,290,66,120,110,116,86,99,64,67,95,90,81,51,61,59,106,68,95,77,67,69,43,60,46,58,85,55,50,44,53,82,79,75
[ 32.264683] wil6210-aoa$0,1606461630.366903,04:d6:aa:c1:38:97,2,1,1,0,128,268,927,739,708,954,0,356,347,159,369,80,219,792,1014,232,640,884,941,358,885,773,37,706,8,203,336,108,195,426,81,812,648,61,116,105,117,83,96,62,64,94,89,80,48,60,59,102,65,91,75,65,67,39,57,43,52,80,49,48,43,49,76,74,67
[ 32.298667] wil6210-aoa$0,1606461630.400883,04:d6:aa:c1:38:97,2,1,1,0,128,204,864,704,722,938,1007,377,346,178,362,75,204,830,14,182,573,919,964,350,918,678,1003,704,6,675,194,577,11,863,870,185,115,63,119,108,112,83,97,65,67,97,92,82,50,63,60,107,66,96,78,68,70,42,59,49,58,83,54,53,47,52,85,82,77
[ 32.333063] wil6210-aoa$0,1606461630.435279,04:d6:aa:c1:38:97,2,1,1,0,128,299,948,832,826,953,999,390,350,170,348,45,195,793,1023,305,690,870,941,389,926,689,1001,184,853,186,332,40,182,364,42,1003,665,63,121,109,116,88,98,67,66,98,91,83,51,64,60,108,67,96,81,69,72,42,61,48,58,86,55,54,48,55,86,90,83
[ 32.367675] wil6210-aoa$0,1606461630.469890,04:d6:aa:c1:38:97,2,1,1,0,128,323,920,752,745,842,972,414,402,622,190,519,1015,256,876,149,551,878,944,385,931,769,90,715,31,241,428,85,236,425,104,769,551,66,120,107,114,83,97,65,67,99,91,83,52,62,58,106,67,98,79,69,71,43,62,49,58,86,57,57,48,56,86,88,82
[ 32.397418] wil6210-aoa$0,1606461630.499634,04:d6:aa:c1:38:97,2,1,1,0,128,293,933,779,770,976,1019,409,405,211,420,92,215,865,80,174,624,916,956,409,963,731,27,708,5,225,383,122,267,341,21,586,323,61,117,107,114,85,95,62,64,98,89,79,49,60,57,102,63,92,76,64,66,41,55,45,53,82,50,51,41,50,77,77,69
[ 32.431689] wil6210-aoa$0,1606461630.533910,04:d6:aa:c1:38:97,2,1,1,0,128,246,908,781,795,906,1009,360,375,127,342,469,1002,816,10,187,592,899,947,370,894,659,983,733,1023,244,380,101,200,393,13,601,413,63,117,107,116,84,96,64,68,96,89,83,52,63,61,109,69,96,76,69,71,43,61,48,59,87,58,55,50,55,85,88,81
[ 32.458668] wil6210-aoa$0,1606461630.560889,04:d6:aa:c1:38:97,2,1,1,0,128,697,706,768,766,881,994,377,404,21,278,485,990,281,889,597,328,343,779,847,729,230,911,154,847,171,327,583,16,381,37,532,366,62,120,106,115,87,99,67,67,96,90,82,53,65,61,109,66,97,79,68,71,44,61,50,60,88,56,55,48,56,87,88,84
[ 32.490997] wil6210-aoa$0,1606461630.593220,04:d6:aa:c1:38:97,2,1,1,0,128,367,947,723,687,928,1020,383,412,145,343,523,9,829,65,160,562,937,1013,366,906,708,34,716,1,273,389,187,294,352,70,20,747,64,118,105,113,84,99,64,64,96,91,83,52,63,62,109,67,98,76,69,71,43,62,48,60,88,56,55,48,57,86,89,85
[ 32.519455] wil6210-aoa$0,1606461630.621674,04:d6:aa:c1:38:97,2,1,1,0,128,283,950,828,812,947,1011,426,377,165,410,38,190,837,28,182,548,936,987,330,888,741,1014,775,17,207,378,100,176,359,18,980,810,66,122,107,117,85,100,63,66,98,87,81,51,61,58,105,66,96,78,69,71,40,57,45,56,80,51,51,43,51,78,78,72
[ 32.554847] wil6210-aoa$0,1606461630.657059,04:d6:aa:c1:38:97,2,1,1,0,128,797,731,827,814,913,981,428,400,166,339,32,159,210,834,202,582,857,897,845,691,174,880,732,25,192,356,103,199,377,58,730,547,62,116,107,113,81,94,64,65,92,87,78,48,62,58,105,64,94,77,67,69,41,58,48,58,83,53,51,45,54,81,82,76
[ 32.583561] wil6210-aoa$0,1606461630.685778,04:d6:aa:c1:38:97,2,1,1,0,128,797,742,811,825,921,991,379,392,190,388,22,168,231,855,228,623,911,928,321,861,722,40,697,3,651,182,81,233,444,113,799,615,68,124,110,119,88,99,66,69,99,93,87,56,66,63,111,70,100,82,70,74,45,64,51,62,90,58,56,50,57,88,94,86
[ 32.618341] wil6210-aoa$0,1606461630.720557,04:d6:aa:c1:38:97,2,1,1,0,128,274,940,828,791,965,997,424,374,201,396,51,192,800,11,248,573,894,951,376,886,730,39,733,34,193,360,139,237,396,68,481,184,66,121,110,116,87,98,65,67,99,92,85,55,64,63,111,66,99,81,71,71,43,62,51,60,87,57,55,49,55,85,91,83
[ 32.649992] wil6210-aoa$0,1606461630.752212,04:d6:aa:c1:38:97,2,1,1,0,128,264,920,769,769,937,983,896,212,228,394,41,196,897,114,166,561,865,933,379,912,717,38,742,26,224,383,84,239,402,81,713,403,64,119,109,115,86,97,64,66,93,88,81,49,62,59,106,67,98,79,69,70,44,61,50,59,87,57,52,48,53,85,88,80
[ 32.681989] wil6210-aoa$0,1606461630.784211,04:d6:aa:c1:38:97,2,1,1,0,128,801,778,695,731,968,994,399,383,134,334,66,192,827,43,197,602,829,922,836,670,154,862,720,1003,713,192,87,198,780,868,788,625,65,119,108,114,88,100,67,67,98,93,83,54,67,64,113,70,100,78,69,72,45,64,52,62,88,60,58,51,58,90,93,87
[ 32.709701] wil6210-aoa$0,1606461630.811922,04:d6:aa:c1:38:97,2,1,1,0,128,770,748,806,750,933,985,823,189,584,98,571,5,291,830,663,371,885,946,344,856,101,775,149,811,679,161,615,64,811,829,680,327,63,117,106,113,86,98,67,67,98,91,84,56,66,63,110,70,101,80,70,74,46,65,49,61,88,61,55,51,57,88,90,87
[ 32.740593] wil6210-aoa$0,1606461630.842813,04:d6:aa:c1:38:97,2,1,1,0,128,298,955,818,800,966,996,379,366,189,373,59,189,828,57,184,571,979,992,376,916,758,16,762,63,194,344,614,20,355,27,974,792,64,118,107,114,84,99,67,66,97,92,83,54,68,61,114,72,98,78,69,74,46,64,53,61,87,59,56,48,58,88,91,87
[ 32.773901] wil6210-aoa$0,1606461630.876123,04:d6:aa:c1:38:97,2,1,1,0,128,287,964,848,808,840,965,878,159,169,365,75,230,838,52,199,620,882,955,345,896,150,848,177,855,170,327,122,254,344,29,344,1016,62,117,108,115,85,98,66,67,97,90,84,50,61,60,107,67,97,79,68,68,42,60,47,57,84,55,52,42,53,83,85,76
[ 32.804762] wil6210-aoa$0,1606461630.906981,04:d6:aa:c1:38:97,2,1,1,0,128,322,935,803,784,942,1015,337,367,149,328,84,201,782,29,224,583,831,928,400,959,719,54,736,22,122,309,611,31,295,1019,135,896,61,118,109,114,86,96,65,64,97,90,82,53,63,61,106,67,95,78,67,69,43,62,49,59,85,55,55,47,54,84,86,80
[ 32.839726] wil6210-aoa$0,1606461630.941944,04:d6:aa:c1:38:97,2,1,1,0,128,312,946,202,570,951,26,415,375,655,204,64,200,792,17,665,382,367,763,894,724,709,1008,209,864,720,178,130,226,311,11,938,804,63,118,106,111,83,96,65,67,96,90,79,53,63,60,107,67,97,80,66,71,43,61,46,58,84,55,53,46,53,84,86,79
[ 32.875069] wil6210-aoa$0,1606461630.977287,04:d6:aa:c1:38:97,2,1,1,0,128,290,896,691,718,415,817,885,203,578,124,470,1009,281,887,687,403,880,960,891,772,709,3,787,46,223,349,163,305,357,37,186,994,61,118,108,113,85,98,65,64,97,92,83,54,63,61,107,66,98,79,69,73,44,65,52,64,88,59,55,51,60,88,95,89
[ 32.910329] wil6210-aoa$0,1606461631.012551,04:d6:aa:c1:38:97,2,1,1,0,128,232,878,247,604,955,2,383,389,205,384,38,194,792,26,169,559,915,927,325,878,780,53,690,14,196,368,114,236,399,74,550,258,62,115,110,116,84,96,65,65,97,88,78,52,63,60,106,67,98,78,68,70,43,61,48,58,84,54,53,47,54,84,81,79
[ 32.938764] wil6210-aoa$0,1606461631.040981,04:d6:aa:c1:38:97,2,1,1,0,128,762,734,804,782,987,23,409,425,85,314,519,1005,238,854,732,421,407,801,844,707,202,844,699,11,230,367,60,174,406,57,28,752,66,123,109,117,86,100,67,68,96,92,87,56,66,64,113,70,99,81,71,74,45,64,51,64,90,60,57,51,60,88,92,88
[ 32.973581] wil6210-aoa$0,1606461631.075792,04:d6:aa:c1:38:97,2,1,1,0,128,809,765,747,740,976,1023,417,410,176,384,7,173,853,55,158,623,888,960,387,929,682,17,706,1022,274,400,112,238,386,76,304,32,65,120,109,117,84,98,65,66,96,91,82,50,63,60,108,66,97,79,69,70,43,61,47,58,85,54,52,45,53,86,83,79
[ 33.002355] wil6210-aoa$0,1606461631.104572,04:d6:aa:c1:38:97,2,1,1,0,128,792,736,155,518,431,831,834,140,171,340,505,1010,274,855,691,357,885,903,844,736,692,11,157,854,200,361,585,38,395,23,955,783,65,120,112,118,87,98,66,67,100,91,84,50,66,61,111,66,96,78,69,70,44,62,49,57,85,55,55,47,55,84,86,77
[ 33.038110] wil6210-aoa$0,1606461631.140327,04:d6:aa:c1:38:97,2,1,1,0,128,319,931,740,750,915,1001,441,451,154,384,17,141,267,889,224,616,893,979,398,939,748,28,728,24,227,351,113,205,355,12,191,869,64,119,104,112,87,97,64,66,97,91,82,52,63,62,109,68,98,80,70,75,45,65,53,63,87,62,58,54,61,90,93,89
[ 33.067400] wil6210-aoa$0,1606461631.169616,04:d6:aa:c1:38:97,2,1,1,0,128,277,900,790,787,909,982,945,260,168,392,93,195,286,889,175,539,319,760,353,842,712,1002,726,1013,705,206,562,22,826,855,330,107,63,116,108,114,85,97,64,64,96,89,80,50,59,59,102,65,91,75,66,71,41,57,46,55,81,51,49,42,48,78,77,72
[ 33.102118] wil6210-aoa$0,1606461631.204339,04:d6:aa:c1:38:97,2,1,1,0,128,322,969,796,795,953,7,361,356,196,424,21,187,815,34,640,350,343,775,855,749,731,31,715,23,228,378,201,240,335,3,289,150,63,118,109,113,83,94,63,64,95,88,79,48,60,59,104,64,96,76,66,67,40,58,46,54,83,53,50,45,49,80,83,76
[ 33.129253] wil6210-aoa$0,1606461631.231475,04:d6:aa:c1:38:97,2,1,1,0,128,307,952,810,799,936,999,409,402,99,279,509,20,308,866,596,354,335,712,351,883,715,1020,771,53,206,371,61,182,353,49,259,28,60,118,106,113,82,93,64,64,90,85,77,49,58,57,100,62,92,74,66,67,38,59,44,54,79,50,47,43,50,77,76,73
[ 33.161798] wil6210-aoa$0,1606461631.264017,04:d6:aa:c1:38:97,2,1,1,0,128,292,930,740,751,919,1004,341,355,162,345,67,196,814,66,155,525,882,972,831,719,189,866,128,810,204,383,124,231,370,46,662,355,61,118,103,113,81,90,61,62,94,85,76,46,57,55,98,63,89,74,65,66,39,54,46,54,80,49,49,42,48,76,76,70
[ 33.193766] wil6210-aoa$0,1606461631.295986,04:d6:aa:c1:38:97,2,1,1,0,128,297,898,196,534,914,1011,444,398,184,360,41,180,843,72,190,605,858,930,335,884,727,27,775,62,238,373,94,201,356,18,838,645,64,119,107,113,86,97,64,67,97,91,81,52,63,60,105,67,95,78,66,69,43,63,49,57,85,55,54,48,52,84,87,78
[ 33.228111] wil6210-aoa$0,1606461631.330328,04:d6:aa:c1:38:97,2,1,1,0,128,759,731,222,554,936,992,399,377,151,340,90,217,818,51,181,554,272,684,837,707,187,861,211,856,729,196,82,210,342,14,540,422,60,116,106,114,79,93,62,65,91,87,77,46,56,57,101,63,90,74,65,64,38,54,44,51,78,47,47,41,47,76,77,68
[ 33.263397] wil6210-aoa$0,1606461631.365613,04:d6:aa:c1:38:97,2,1,1,0,128,305,939,774,794,931,1002,432,431,163,360,96,233,800,15,243,606,915,953,388,889,731,1012,742,17,245,386,171,279,321,12,370,105,65,118,106,115,86,97,65,63,96,91,84,53,64,62,109,68,94,79,69,68,44,62,51,60,87,58,55,47,56,85,90,85
[ 33.299562] wil6210-aoa$0,1606461631.401778,04:d6:aa:c1:38:97,2,1,1,0,128,270,889,733,747,937,973,457,368,95,327,87,220,821,66,210,579,923,949,449,940,692,12,757,59,165,332,117,233,358,3,562,258,62,118,106,114,84,96,63,66,95,87,81,51,62,58,106,66,95,77,69,68,42,61,48,57,83,53,53,45,53,84,85,82
[ 33.333486] wil6210-aoa$0,1606461631.435706,04:d6:aa:c1:38:97,2,1,1,0,128,290,900,791,758,338,769,920,228,669,169,546,50,753,14,642,355,379,782,382,925,196,846,231,894,163,325,78,178,360,996,389,183,66,123,110,118,87,100,67,66,98,92,81,51,63,61,112,68,98,81,70,73,43,62,51,60,88,56,56,49,57,87,88,84
[ 33.360964] wil6210-aoa$0,1606461631.463185,04:d6:aa:c1:38:97,2,1,1,0,128,715,709,841,798,947,1,468,426,200,361,58,180,272,844,656,373,342,762,867,712,153,848,122,812,733,182,81,192,347,1005,603,348,65,120,110,115,86,97,65,67,98,91,83,52,65,59,109,66,99,80,71,72,43,62,50,57,85,54,56,48,55,84,85,80
[ 33.394035] wil6210-aoa$0,1606461631.496256,04:d6:aa:c1:38:97,2,1,1,0,128,293,933,752,742,907,990,395,429,180,379,10,180,895,114,170,588,881,953,343,926,115,847,210,872,180,356,100,217,404,52,953,782,67,122,111,117,87,101,65,68,99,93,82,51,64,61,103,66,95,80,68,69,42,60,48,57,83,53,52,45,52,83,84,76
[ 33.426025] wil6210-aoa$0,1606461631.528245,04:d6:aa:c1:38:97,2,1,1,0,128,358,928,799,800,1021,45,478,431,122,314,31,149,826,67,186,551,847,948,287,829,719,1022,731,12,700,190,553,1023,901,927,808,525,56,105,95,99,75,85,56,60,83,81,71,46,55,52,94,59,85,70,61,64,37,53,43,53,78,49,49,44,49,75,79,74
[ 33.458729] wil6210-aoa$0,1606461631.560951,04:d6:aa:c1:38:97,2,1,1,0,128,297,927,798,801,951,1005,369,354,227,378,64,244,214,857,152,538,858,950,392,919,762,93,750,76,205,385,97,257,421,91,371,121,65,122,108,117,85,99,66,66,99,92,83,55,65,62,110,69,97,79,69,71,44,64,50,63,86,58,57,51,59,88,90,87
[ 33.491516] wil6210-aoa$0,1606461631.593738,04:d6:aa:c1:38:97,2,1,1,0,128,723,733,221,609,1008,6,855,196,606,116,579,35,833,22,227,598,909,968,880,713,739,36,119,800,266,365,132,252,356,23,655,452,64,117,110,115,86,99,65,64,96,89,82,53,62,60,110,67,97,80,68,68,44,62,51,61,88,57,53,49,54,87,85,77
[ 33.521748] wil6210-aoa$0,1606461631.623966,04:d6:aa:c1:38:97,2,1,1,0,128,252,920,777,753,968,1015,414,425,134,343,35,159,827,1021,196,574,364,775,364,897,729,1014,744,44,186,362,114,233,317,66,359,51,62,120,106,115,82,94,64,65,94,90,79,49,60,57,103,63,92,74,66,68,41,58,47,56,82,51,49,42,50,80,77,71
[ 33.556799] wil6210-aoa$0,1606461631.659021,04:d6:aa:c1:38:97,2,1,1,0,128,259,928,802,756,397,808,441,414,89,303,32,172,824,42,180,575,959,1001,430,943,720,5,749,1021,167,322,99,212,385,37,99,909,60,119,108,112,85,94,64,66,94,90,78,49,60,58,103,63,94,76,66,66,41,58,46,54,84,51,51,45,51,77,82,74
[ 33.587406] wil6210-aoa$0,1606461631.689623,04:d6:aa:c1:38:97,2,1,1,0,128,719,676,193,507,952,997,427,399,145,353,35,195,852,57,208,550,877,912,832,705,156,840,214,855,700,191,64,247,365,43,665,433,61,121,104,114,83,95,63,64,95,87,81,46,60,57,105,64,92,76,68,69,39,59,48,58,81,49,53,45,49,80,81,77
[ 33.623670] wil6210-aoa$0,1606461631.725890,04:d6:aa:c1:38:97,2,1,1,0,128,774,693,289,612,933,994,421,357,610,120,527,999,262,866,611,332,378,762,810,648,156,815,173,822,260,331,553,33,390,45,147,902,62,121,105,116,83,94,64,65,96,89,80,50,61,58,106,64,91,77,67,66,43,59,46,55,79,51,51,43,51,77,78,74
[ 33.656167] wil6210-aoa$0,1606461631.758386,04:d6:aa:c1:38:97,2,1,1,0,128,288,929,778,785,969,1011,352,354,563,169,83,184,837,33,168,558,914,924,829,684,199,897,744,36,266,442,114,265,387,37,317,122,65,119,108,115,84,99,63,66,97,90,83,53,63,60,109,67,96,79,70,72,42,61,51,58,85,57,54,47,56,85,86,84
[ 33.696732] wil6210-aoa$0,1606461631.798954,04:d6:aa:c1:38:97,2,1,1,0,128,316,938,782,774,923,1014,468,442,146,389,66,182,268,837,224,559,901,925,384,904,753,49,712,6,175,348,68,176,386,48,631,390,62,120,106,113,83,93,65,65,93,87,82,52,61,59,105,67,94,77,67,70,43,58,49,59,86,54,51,46,53,85,84,79
[ 33.725639] wil6210-aoa$0,1606461631.827860,04:d6:aa:c1:38:97,2,1,1,0,128,281,957,683,704,993,1001,353,326,203,395,19,153,854,34,161,547,883,883,414,919,734,30,687,1,637,134,570,5,404,58,640,450,61,119,107,113,83,95,64,65,92,88,79,50,59,59,103,66,92,76,65,68,41,56,44,54,81,51,47,41,48,78,73,69
[ 33.756592] wil6210-aoa$0,1606461631.858809,04:d6:aa:c1:38:97,2,1,1,0,128,280,922,852,820,1018,21,344,364,170,362,40,224,818,33,192,575,989,1011,372,921,770,52,709,0,215,382,122,248,336,17,304,132,66,121,111,117,90,102,66,67,100,93,83,52,65,63,112,67,99,81,70,72,43,63,48,60,88,56,57,50,55,88,90,84
[ 33.793072] wil6210-aoa$0,1606461631.895289,04:d6:aa:c1:38:97,2,1,1,0,128,337,979,705,755,962,2,498,471,126,385,83,216,832,50,197,582,879,952,406,921,713,13,746,6,224,377,148,248,359,52,903,591,66,122,113,118,88,101,68,68,98,95,84,56,67,63,115,69,102,81,74,75,47,66,50,63,92,59,58,52,62,92,92,86
[ 33.830577] wil6210-aoa$0,1606461631.932797,04:d6:aa:c1:38:97,2,1,1,0,128,817,798,834,850,948,995,436,390,116,370,105,258,859,66,183,558,942,964,397,892,744,30,693,1012,194,345,166,211,408,29,589,264,68,122,110,118,90,101,68,67,100,95,87,56,65,64,114,68,101,83,72,74,45,65,51,61,90,59,58,50,57,89,90,86
[ 33.861831] wil6210-aoa$0,1606461631.964049,04:d6:aa:c1:38:97,2,1,1,0,128,329,962,792,805,904,996,371,401,173,359,33,236,806,49,166,557,954,986,368,919,802,83,703,26,256,370,44,196,375,38,636,365,62,121,106,114,83,98,64,65,95,90,81,52,61,60,109,67,96,76,71,70,43,59,48,58,82,52,52,44,53,79,83,78
[ 33.895772] wil6210-aoa$0,1606461631.997993,04:d6:aa:c1:38:97,2,1,1,0,128,337,951,749,771,858,953,873,173,616,152,60,183,839,45,205,564,869,882,372,890,718,43,669,998,653,151,622,64,293,993,395,130,66,118,110,115,87,99,66,67,99,91,84,53,64,62,108,69,99,80,71,73,44,64,50,62,87,58,55,50,56,89,86,84
[ 33.930270] wil6210-aoa$0,1606461632.032486,04:d6:aa:c1:38:97,2,1,1,0,128,248,925,214,580,978,990,480,473,211,388,42,163,869,36,219,547,961,985,347,914,735,29,737,1019,200,367,97,200,372,58,963,744,64,118,109,115,86,98,65,66,97,91,83,52,63,60,107,69,97,80,69,72,42,62,51,60,87,54,53,48,55,85,86,79
[ 33.962971] wil6210-aoa$0,1606461632.065193,04:d6:aa:c1:38:97,2,1,1,0,128,306,945,795,759,961,995,434,406,185,363,61,216,814,75,208,622,928,968,411,952,703,4,169,838,206,313,608,56,858,869,225,993,64,117,108,115,85,98,66,66,99,93,83,55,65,63,109,68,99,82,69,73,43,63,51,61,89,59,56,51,56,87,91,86
[ 33.996742] wil6210-aoa$0,1606461632.098962,04:d6:aa:c1:38:97,2,1,1,0,128,274,945,710,785,961,1021,455,434,154,394,51,231,755,1018,207,599,900,956,402,945,693,26,743,24,268,409,533,3,394,64,322,79,65,117,108,115,86,97,63,63,96,88,83,51,62,60,105,66,95,77,69,70,43,60,50,60,85,54,55,47,55,82,87,79
[ 34.028431] wil6210-aoa$0,1606461632.130650,04:d6:aa:c1:38:97,2,1,1,0,128,311,927,836,763,949,999,396,394,168,366,1016,155,282,869,186,532,893,916,335,857,189,849,120,805,737,203,136,250,378,83,249,1022,62,122,104,114,83,96,62,65,96,89,81,51,61,59,105,65,92,77,67,68,41,58,47,58,83,53,52,47,52,83,82,78
[ 34.062868] wil6210-aoa$0,1606461632.165089,04:d6:aa:c1:38:97,2,1,1,0,128,284,940,720,771,929,1019,426,436,169,380,72,181,818,36,195,604,856,948,344,868,761,41,713,1018,256,408,128,250,348,19,845,623,62,118,108,116,85,97,64,66,95,91,83,53,63,59,113,69,99,80,68,71,44,62,51,60,88,57,55,50,55,87,90,84
[ 34.091569] wil6210-aoa$0,1606461632.193791,04:d6:aa:c1:38:97,2,1,1,0,128,730,729,221,556,382,838,470,436,142,329,502,1005,862,48,222,618,861,954,396,918,757,20,739,27,193,374,90,237,325,36,918,676,63,117,107,115,82,93,63,67,91,85,80,51,59,58,104,65,93,74,68,68,41,59,45,56,83,52,50,45,51,81,83,76
[ 34.119599] wil6210-aoa$0,1606461632.221821,04:d6:aa:c1:38:97,2,1,1,0,128,280,923,818,770,946,972,450,407,154,334,52,176,821,19,168,550,848,924,381,884,126,808,757,33,214,411,133,227,376,60,752,417,64,120,107,112,85,98,65,65,97,91,84,54,64,61,111,68,98,79,73,71,46,65,50,63,89,58,58,52,58,90,92,84
[ 34.151152] wil6210-aoa$0,1606461632.253368,04:d6:aa:c1:38:97,2,1,1,0,128,231,908,868,828,951,24,400,391,172,404,53,218,851,64,227,640,948,1016,344,917,749,101,730,56,123,345,74,234,383,71,933,643,65,120,110,119,87,99,67,68,95,92,84,56,64,61,112,69,101,78,71,73,45,64,50,62,91,59,57,50,60,91,92,89
[ 34.185610] wil6210-aoa$0,1606461632.287831,04:d6:aa:c1:38:97,2,1,1,0,128,310,910,864,803,926,996,424,410,169,389,16,211,783,9,193,574,902,921,376,908,737,40,745,36,200,364,180,285,394,50,483,229,66,121,113,118,89,102,68,69,99,93,83,54,65,62,114,69,100,80,70,71,46,62,52,60,89,57,54,49,55,86,86,81
[ 34.213904] wil6210-aoa$0,1606461632.316125,04:d6:aa:c1:38:97,2,1,1,0,128,245,872,760,739,927,998,350,349,187,402,1022,160,865,40,212,624,914,985,284,883,754,32,722,32,161,302,75,216,379,72,295,94,64,122,112,116,85,98,64,68,94,87,82,51,63,59,104,67,96,78,69,70,41,60,49,57,84,56,51,45,51,84,84,75
[ 34.243464] wil6210-aoa$0,1606461632.345682,04:d6:aa:c1:38:97,2,1,1,0,128,701,746,189,571,365,800,891,220,659,185,67,190,783,1017,653,401,360,775,887,694,152,840,155,840,695,167,589,2,835,850,776,575,64,124,112,118,88,98,66,69,97,92,84,53,63,61,111,68,99,80,69,73,43,62,50,62,89,54,55,47,55,86,86,81
[ 34.280443] wil6210-aoa$0,1606461632.382660,04:d6:aa:c1:38:97,2,1,1,0,128,251,866,819,792,923,988,423,392,602,166,522,1021,261,850,739,409,380,753,424,932,764,50,747,29,639,152,608,40,354,19,511,256,61,118,107,114,83,96,66,66,95,89,82,53,62,62,111,70,100,78,69,72,45,62,49,61,88,57,55,48,57,87,87,82
[ 34.312940] wil6210-aoa$0,1606461632.415162,04:d6:aa:c1:38:97,2,1,1,0,128,260,929,784,795,957,6,400,348,197,387,554,18,831,49,180,572,911,973,375,912,142,824,221,858,205,347,134,274,354,32,472,185,61,117,108,115,82,94,64,67,94,88,81,52,61,59,109,69,99,78,67,70,43,62,48,57,86,54,50,46,54,82,86,76
[ 34.341391] wil6210-aoa$0,1606461632.443613,04:d6:aa:c1:38:97,2,1,1,0,128,756,741,808,795,920,1006,463,406,202,362,499,969,305,884,694,388,368,759,400,910,734,29,149,845,236,349,80,212,334,1013,943,710,64,118,108,112,85,96,64,65,98,89,82,51,63,59,109,65,98,79,69,70,43,62,49,61,90,61,55,49,59,86,91,82
[ 34.370120] wil6210-aoa$0,1606461632.472341,04:d6:aa:c1:38:97,2,1,1,0,128,302,917,743,725,958,1006,348,358,151,382,57,169,818,1013,157,565,886,944,338,843,218,843,697,1009,243,393,58,190,836,858,41,828,61,119,106,112,83,93,59,63,91,85,79,45,58,57,98,64,91,75,65,67,40,54,45,53,79,50,46,41,49,77,74,66
[ 34.404160] wil6210-aoa$0,1606461632.506379,04:d6:aa:c1:38:97,2,1,1,0,128,309,955,820,818,938,985,878,189,674,180,33,171,855,70,158,516,967,983,406,916,735,24,752,13,199,373,165,271,473,100,260,1021,61,119,104,114,83,95,61,62,94,85,78,49,58,58,100,62,91,74,64,65,39,57,44,55,79,50,48,42,51,80,80,73
[ 34.442894] wil6210-aoa$0,1606461632.545110,04:d6:aa:c1:38:97,2,1,1,0,128,316,935,815,818,923,8,396,381,592,98,522,1001,289,883,672,389,952,982,378,933,734,58,714,26,244,414,130,246,354,74,613,334,60,116,104,110,84,94,63,65,93,88,78,49,58,56,106,64,92,75,64,68,39,56,44,55,84,50,50,44,49,76,78,74
[ 34.480777] wil6210-aoa$0,1606461632.582995,04:d6:aa:c1:38:97,2,1,1,0,128,308,947,670,669,357,788,371,365,110,343,74,216,832,31,240,600,916,930,359,868,726,19,724,1018,208,373,60,163,380,10,261,46,65,118,108,117,84,99,65,65,94,90,81,53,63,61,109,68,95,77,69,69,44,59,49,58,84,55,50,46,53,82,88,78
[ 34.515733] wil6210-aoa$0,1606461632.617955,04:d6:aa:c1:38:97,2,1,1,0,128,787,740,748,726,444,832,435,396,185,366,61,215,813,46,146,579,867,972,354,907,167,878,133,841,745,186,119,220,379,38,428,229,60,117,107,114,83,93,63,64,94,87,79,48,61,58,101,64,92,76,67,66,42,58,45,56,80,52,50,43,51,80,84,76
[ 34.549201] wil6210-aoa$0,1606461632.651423,04:d6:aa:c1:38:97,2,1,1,0,128,250,894,809,798,933,996,383,387,142,374,57,179,866,44,195,577,870,946,330,900,167,862,720,12,200,369,140,230,355,18,528,201,60,120,107,115,81,90,62,65,93,86,79,50,61,59,103,66,95,77,67,69,41,60,47,57,82,53,50,45,51,83,82,77
[ 34.580648] wil6210-aoa$0,1606461632.682866,04:d6:aa:c1:38:97,2,1,1,0,128,782,763,822,771,924,979,432,390,240,422,88,241,793,25,180,560,911,970,298,852,161,832,184,837,252,391,92,219,390,54,988,760,64,121,111,119,86,100,68,67,94,90,81,51,65,62,106,66,96,78,70,69,43,62,50,60,87,57,55,49,53,84,86,82
[ 34.616159] wil6210-aoa$0,1606461632.718382,04:d6:aa:c1:38:97,2,1,1,0,128,240,903,815,797,948,999,441,426,163,383,69,264,887,75,215,604,915,963,374,887,727,23,736,6,676,142,213,255,379,27,701,348,63,123,108,116,86,98,66,68,97,90,81,50,61,61,106,65,98,81,69,70,42,60,47,57,85,51,53,43,51,77,80,74
[ 34.649787] wil6210-aoa$0,1606461632.752004,04:d6:aa:c1:38:97,2,1,1,0,128,750,733,157,514,957,1016,402,377,185,334,125,230,792,990,676,377,883,929,411,922,728,16,704,994,636,100,614,10,844,855,347,128,58,123,108,116,83,95,63,64,93,89,78,46,58,55,98,62,89,76,65,67,37,53,44,49,77,44,44,38,45,72,70,62
[ 34.684121] wil6210-aoa$0,1606461632.786342,04:d6:aa:c1:38:97,2,1,1,0,128,361,953,830,792,939,15,359,365,119,294,27,117,871,69,207,547,930,959,866,752,732,29,697,1014,274,376,88,214,330,48,825,562,63,119,107,113,83,97,64,66,96,87,82,53,64,60,106,68,96,78,69,70,44,61,50,60,87,58,54,47,56,84,87,82
[ 34.712908] wil6210-aoa$0,1606461632.815129,04:d6:aa:c1:38:97,2,1,1,0,128,802,763,790,796,907,1003,845,187,674,192,21,153,317,928,135,554,942,1017,320,896,732,59,732,35,193,397,127,266,369,39,391,149,63,121,109,118,86,97,65,67,94,90,82,54,64,64,109,70,97,81,69,70,46,65,50,63,87,58,54,50,57,89,94,87
[ 34.750720] wil6210-aoa$0,1606461632.852938,04:d6:aa:c1:38:97,2,1,1,0,128,286,940,782,792,874,1002,399,388,136,372,82,236,822,50,254,642,922,954,394,923,158,888,660,992,793,251,555,41,387,38,329,66,55,103,94,98,74,83,53,56,83,77,68,41,50,49,91,57,78,66,57,60,34,50,41,47,71,44,42,36,43,67,66,60
[ 34.785938] wil6210-aoa$0,1606461632.888160,04:d6:aa:c1:38:97,2,1,1,0,128,291,940,742,723,975,15,330,325,599,114,510,1006,319,899,719,456,363,745,380,878,760,42,738,33,186,347,142,220,340,2,977,806,64,116,109,112,86,100,67,65,96,92,85,53,66,63,112,69,101,79,70,73,44,65,52,60,89,60,57,50,61,91,92,86
[ 34.819781] wil6210-aoa$0,1606461632.921997,04:d6:aa:c1:38:97,2,1,1,0,128,725,696,796,811,883,984,379,364,622,146,491,1017,263,883,717,416,887,932,397,917,725,30,187,859,663,155,122,218,403,20,884,708,64,118,107,114,83,97,65,65,95,90,83,53,63,60,107,68,98,79,69,71,45,63,50,63,88,61,56,49,59,88,94,87
[ 34.852473] wil6210-aoa$0,1606461632.954692,04:d6:aa:c1:38:97,2,1,1,0,128,265,907,814,790,933,1010,363,370,167,369,37,192,771,3,199,580,924,977,381,886,737,52,686,1014,195,362,104,215,456,58,284,32,64,117,105,111,83,95,63,65,93,88,82,51,63,59,106,65,95,77,69,68,41,59,50,58,84,55,54,48,57,84,87,80
[ 34.890282] wil6210-aoa$0,1606461632.992500,04:d6:aa:c1:38:97,2,1,1,0,128,264,926,772,769,943,1009,401,372,179,353,1017,156,816,31,646,337,955,969,323,843,765,87,739,32,238,403,97,221,395,53,509,222,61,117,103,113,85,95,62,63,91,87,80,49,59,57,105,63,93,77,67,70,41,59,48,57,84,55,54,46,53,83,84,80
[ 34.927772] wil6210-aoa$0,1606461633.029994,04:d6:aa:c1:38:97,2,1,1,0,128,803,765,248,616,421,825,824,162,615,135,558,37,839,30,193,580,881,932,382,894,739,1023,752,7,223,378,127,243,300,1015,912,648,64,118,108,115,84,94,66,65,94,89,81,52,63,57,105,66,95,77,67,68,41,58,47,55,82,53,52,43,52,82,82,74
[ 34.959493] wil6210-aoa$0,1606461633.061713,04:d6:aa:c1:38:97,2,1,1,0,128,325,921,266,611,308,782,408,393,142,372,93,216,828,37,182,583,860,858,411,907,671,1016,153,801,756,186,637,49,320,998,163,942,65,121,109,114,87,101,66,65,95,91,83,53,66,61,113,68,98,78,72,72,44,63,51,62,89,59,58,51,56,88,94,85
[ 34.995364] wil6210-aoa$0,1606461633.097586,04:d6:aa:c1:38:97,2,1,1,0,128,314,909,812,763,967,1011,392,355,181,365,60,204,833,28,187,598,841,971,331,888,137,852,765,68,170,377,87,221,340,29,66,849,68,123,111,119,90,101,69,70,100,93,86,55,65,63,114,71,103,80,72,75,47,65,52,65,91,63,60,51,61,93,94,90
[ 35.029105] wil6210-aoa$0,1606461633.131323,04:d6:aa:c1:38:97,2,1,1,0,128,244,886,784,781,947,994,937,226,173,368,28,185,846,27,190,537,875,919,411,922,703,11,733,38,241,386,118,217,347,24,243,955,69,120,110,118,91,104,69,69,100,97,88,56,68,64,115,71,102,85,72,75,47,66,54,66,91,64,58,53,62,94,100,92
[ 35.063386] wil6210-aoa$0,1606461633.165608,04:d6:aa:c1:38:97,2,1,1,0,128,251,905,825,805,912,1007,402,394,171,382,120,243,822,73,152,561,906,953,396,925,679,11,762,7,245,397,106,232,348,49,983,719,65,126,110,117,90,99,67,70,97,94,85,51,66,63,111,69,98,80,69,72,43,60,49,59,85,55,54,48,52,84,85,80
[ 35.098144] wil6210-aoa$0,1606461633.200365,04:d6:aa:c1:38:97,2,1,1,0,128,759,728,790,744,908,988,912,199,165,343,22,160,856,87,189,581,904,962,389,895,754,19,724,40,199,381,86,226,419,70,813,576,64,116,108,114,83,98,65,63,95,89,81,53,62,59,108,68,95,77,67,71,42,62,48,61,87,55,53,49,56,85,86,81
[ 35.130813] wil6210-aoa$0,1606461633.233031,04:d6:aa:c1:38:97,2,1,1,0,128,290,906,768,800,921,1002,419,400,187,400,95,208,881,80,169,526,352,769,829,674,175,836,212,867,258,405,122,226,398,47,256,945,65,118,107,114,85,101,65,66,96,94,85,53,65,60,113,68,100,79,71,71,44,66,53,63,88,58,56,51,59,86,95,85
[ 35.166034] wil6210-aoa$0,1606461633.268255,04:d6:aa:c1:38:97,2,1,1,0,128,776,742,801,758,952,1017,389,399,162,367,112,235,798,36,174,559,920,975,359,925,689,1023,713,0,699,229,533,37,862,915,792,623,61,121,106,112,84,95,62,62,97,89,80,52,61,60,106,66,95,76,69,71,40,61,46,58,85,51,52,47,55,84,82,79
[ 35.200854] wil6210-aoa$0,1606461633.303072,04:d6:aa:c1:38:97,2,1,1,0,128,327,961,764,757,924,7,380,386,232,411,517,29,830,36,201,551,976,983,473,946,756,58,716,999,237,406,86,250,283,16,188,1018,63,117,107,114,85,93,64,66,93,89,82,51,63,60,106,66,97,77,69,67,44,61,49,60,85,55,53,47,55,87,86,80
[ 35.233490] wil6210-aoa$0,1606461633.335710,04:d6:aa:c1:38:97,2,1,1,0,128,192,903,735,756,903,964,898,235,158,357,77,248,811,10,224,588,965,982,364,908,716,13,712,21,269,422,95,198,355,17,311,24,64,117,106,112,85,96,66,66,97,92,83,53,66,63,112,68,100,79,72,73,43,64,52,63,91,59,57,51,60,91,95,88
[ 35.262261] wil6210-aoa$0,1606461633.364482,04:d6:aa:c1:38:97,2,1,1,0,128,722,717,217,546,421,835,389,371,177,375,39,193,822,40,636,338,939,961,363,906,671,1012,732,1014,217,341,557,32,838,874,879,720,63,118,105,112,84,96,65,65,97,91,82,53,65,61,109,67,97,78,69,71,44,63,49,60,86,58,57,50,56,88,92,85
[ 35.291889] wil6210-aoa$0,1606461633.394110,04:d6:aa:c1:38:97,2,1,1,0,128,308,942,803,772,989,1003,410,421,214,412,93,215,842,68,213,558,919,955,344,866,188,868,778,79,218,361,143,248,344,1019,583,314,53,103,96,101,72,85,55,57,80,79,70,45,50,51,92,56,81,68,59,61,35,49,40,49,72,45,44,38,45,69,71,68
[ 35.321385] wil6210-aoa$0,1606461633.423602,04:d6:aa:c1:38:97,2,1,1,0,128,297,908,800,813,934,2,383,379,118,319,443,993,859,67,159,522,934,946,378,892,749,1020,657,991,720,196,613,69,372,66,253,1021,62,115,105,113,82,96,62,63,92,87,78,46,58,57,104,62,91,75,65,66,41,58,45,54,82,51,50,46,50,79,81,76
[ 35.355144] wil6210-aoa$0,1606461633.457366,04:d6:aa:c1:38:97,2,1,1,0,128,333,910,756,744,918,997,377,368,608,147,29,170,247,844,655,330,904,941,384,902,694,10,745,8,215,384,99,222,857,875,99,931,62,115,105,113,83,95,62,63,96,87,82,50,62,57,106,65,95,77,70,66,41,60,48,60,86,55,53,47,54,81,86,79
[ 35.389936] wil6210-aoa$0,1606461633.492156,04:d6:aa:c1:38:97,2,1,1,0,128,284,973,805,810,911,1006,933,239,159,385,84,237,867,91,191,582,939,984,371,890,801,87,719,27,255,362,137,259,389,62,609,255,64,123,110,118,87,100,65,67,98,94,84,52,63,62,110,69,96,81,69,71,42,61,50,61,87,58,55,49,57,89,91,79
[ 35.423482] wil6210-aoa$0,1606461633.525701,04:d6:aa:c1:38:97,2,1,1,0,128,303,943,814,789,969,1019,901,193,194,380,1016,148,291,943,216,568,904,975,401,923,735,22,730,1000,205,339,154,229,382,59,504,199,64,119,110,117,89,99,65,68,97,91,84,52,64,63,112,69,98,81,72,74,44,63,49,61,90,59,58,49,57,89,91,84
[ 35.461943] wil6210-aoa$0,1606461633.564161,04:d6:aa:c1:38:97,2,1,1,0,128,293,956,706,757,956,1003,876,204,217,411,81,197,875,72,270,636,895,941,403,938,709,51,738,9,690,170,141,257,368,33,779,439,62,121,109,119,84,96,64,68,96,90,81,47,59,58,103,60,95,78,67,67,41,58,46,55,82,51,50,43,51,80,76,74
[ 35.497546] wil6210-aoa$0,1606461633.599767,04:d6:aa:c1:38:97,2,1,1,0,128,294,920,795,783,916,1020,436,416,178,360,41,168,849,55,145,498,930,960,411,926,778,57,765,47,232,363,125,247,335,21,982,738,63,120,107,116,84,95,65,65,97,89,80,52,61,59,109,65,95,79,69,72,43,61,49,60,86,56,54,46,55,85,87,82
[ 35.531770] wil6210-aoa$0,1606461633.633993,04:d6:aa:c1:38:97,2,1,1,0,128,226,882,807,802,902,970,858,190,571,125,538,23,237,806,634,332,315,754,884,723,140,854,170,856,213,353,128,199,347,15,252,80,63,118,105,115,83,95,61,62,94,86,77,48,60,58,101,65,91,75,66,67,41,58,46,57,80,51,51,42,50,78,80,71
[ 35.561132] wil6210-aoa$0,1606461633.663353,04:d6:aa:c1:38:97,2,1,1,0,128,316,952,698,732,927,0,301,311,206,410,15,146,281,837,633,326,381,772,405,922,707,34,715,20,159,362,99,209,351,37,340,162,55,105,96,103,73,87,58,58,84,80,72,47,54,55,98,59,86,70,61,61,38,55,44,52,78,51,51,44,50,77,79,75
[ 35.595649] wil6210-aoa$0,1606461633.697870,04:d6:aa:c1:38:97,2,1,1,0,128,269,921,774,784,963,3,449,438,190,396,91,217,814,9,227,610,882,922,440,949,762,34,698,4,223,386,147,225,382,17,242,929,63,118,107,114,83,97,64,66,95,88,80,50,61,59,108,65,92,76,67,66,40,57,48,55,85,52,50,42,51,77,83,72
[ 35.629093] wil6210-aoa$0,1606461633.731310,04:d6:aa:c1:38:97,2,1,1,0,128,338,970,775,785,911,997,851,165,113,303,79,212,815,44,657,375,356,757,847,700,187,849,186,857,703,193,101,198,830,847,994,795,65,117,105,112,86,98,67,66,96,92,83,57,66,63,112,68,99,79,69,72,47,66,52,63,89,61,59,53,59,90,96,92
[ 35.660600] wil6210-aoa$0,1606461633.762818,04:d6:aa:c1:38:97,2,1,1,0,128,259,890,814,759,864,950,882,192,184,358,74,208,778,32,130,503,291,751,413,917,141,847,725,1013,720,191,137,275,393,60,414,52,60,118,104,114,85,93,61,63,95,88,78,51,60,56,101,64,93,76,64,66,39,54,45,55,79,49,49,44,48,75,78,72
[ 35.698975] wil6210-aoa$0,1606461633.801192,04:d6:aa:c1:38:97,2,1,1,0,128,292,959,821,830,902,980,874,168,214,331,551,997,860,35,236,576,947,972,403,923,795,43,730,16,231,392,117,210,394,44,506,198,57,103,94,100,74,85,57,57,82,76,72,44,53,51,92,59,83,67,59,62,38,50,42,49,74,44,44,39,46,68,71,64
[ 35.732620] wil6210-aoa$0,1606461633.834840,04:d6:aa:c1:38:97,2,1,1,0,128,309,950,796,811,917,977,375,368,153,361,82,202,832,46,178,558,908,927,375,891,712,17,726,18,197,345,78,182,368,29,727,466,63,117,105,115,82,96,65,66,98,92,82,55,64,61,111,69,99,80,70,71,45,64,50,62,88,58,56,50,58,88,88,85
[ 35.761827] wil6210-aoa$0,1606461633.864048,04:d6:aa:c1:38:97,2,1,1,0,128,313,952,783,788,940,4,419,424,138,326,68,213,840,62,220,610,950,966,373,884,714,49,709,1008,238,387,81,246,377,98,701,395,60,118,104,108,81,91,62,62,89,86,79,46,58,57,101,62,91,73,66,65,40,55,45,55,80,51,50,43,50,76,79,74
[ 35.790924] wil6210-aoa$0,1606461633.893145,04:d6:aa:c1:38:97,2,1,1,0,128,844,773,236,553,454,827,364,356,170,370,105,230,802,38,198,583,888,954,335,891,713,35,720,17,233,403,99,216,380,55,914,693,65,120,108,116,86,95,65,67,97,92,82,52,62,61,109,66,96,78,69,69,42,62,50,60,85,55,56,50,55,85,87,83
[ 35.826284] wil6210-aoa$0,1606461633.928505,04:d6:aa:c1:38:97,2,1,1,0,128,771,731,200,569,948,1016,429,392,148,322,62,203,260,886,630,357,415,767,900,721,197,868,191,873,725,189,127,262,345,34,1011,773,62,119,109,118,83,96,63,67,96,86,80,51,59,60,105,65,95,78,69,67,39,58,47,56,80,49,51,44,52,78,78,77
[ 35.859304] wil6210-aoa$0,1606461633.961523,04:d6:aa:c1:38:97,2,1,1,0,128,710,707,265,619,326,762,950,197,171,369,68,172,839,66,239,597,921,1005,445,939,708,44,683,1021,244,403,38,157,408,84,168,863,64,123,110,119,86,99,65,67,97,90,83,51,63,60,105,67,98,79,67,71,44,61,51,62,86,55,53,48,57,85,86,82
[ 35.895631] wil6210-aoa$0,1606461633.997852,04:d6:aa:c1:38:97,2,1,1,0,128,768,735,795,774,926,1011,386,396,129,342,31,187,826,41,242,640,926,960,376,943,741,30,772,30,643,134,610,44,450,80,422,219,64,120,108,116,84,99,64,66,97,90,83,50,64,61,109,67,97,78,70,72,45,64,50,61,87,59,54,50,57,88,91,83
[ 35.931198] wil6210-aoa$0,1606461634.033419,04:d6:aa:c1:38:97,2,1,1,0,128,259,945,799,800,941,1020,429,422,199,395,74,197,790,29,142,541,322,728,830,687,731,35,763,17,237,346,135,238,340,13,354,130,63,118,107,114,85,97,64,66,95,89,78,51,62,60,106,67,95,79,69,70,40,60,48,60,83,54,55,47,54,84,87,79
[ 35.960841] wil6210-aoa$0,1606461634.063062,04:d6:aa:c1:38:97,2,1,1,0,128,325,939,792,785,370,799,444,447,104,360,15,197,247,818,226,567,876,963,326,822,756,1017,686,1019,222,345,92,189,344,18,590,353,60,116,105,110,84,97,62,65,95,87,82,50,61,58,109,64,92,77,68,69,42,58,48,58,84,51,53,46,53,83,86,79
[ 35.996464] wil6210-aoa$0,1606461634.098684,04:d6:aa:c1:38:97,2,1,1,0,128,329,960,785,761,899,980,942,222,160,332,52,172,287,857,700,438,364,757,390,879,708,1017,234,906,653,152,134,211,387,51,981,717,53,105,94,101,73,85,56,57,83,80,69,45,53,51,92,55,82,67,58,60,36,50,39,49,73,46,44,38,44,69,71,64
[ 36.029064] wil6210-aoa$0,1606461634.131282,04:d6:aa:c1:38:97,2,1,1,0,128,277,929,763,805,936,979,412,410,197,387,499,25,813,56,186,570,965,989,360,875,722,0,737,13,230,346,70,209,325,1009,411,184,62,119,108,114,83,95,65,65,97,92,81,53,64,61,108,69,98,78,69,70,44,63,52,62,87,58,56,50,59,89,90,85
[ 36.065646] wil6210-aoa$0,1606461634.167867,04:d6:aa:c1:38:97,2,1,1,0,128,195,881,818,757,939,1003,429,367,155,394,64,211,782,11,176,529,901,954,352,875,751,64,695,999,250,367,128,280,381,24,420,209,63,116,106,111,83,95,63,66,95,89,82,50,61,58,108,66,98,79,67,70,44,63,49,58,87,58,52,46,54,86,86,77
[ 36.100827] wil6210-aoa$0,1606461634.203049,04:d6:aa:c1:38:97,2,1,1,0,128,304,923,804,782,936,1005,436,393,144,342,471,978,879,62,184,618,911,954,405,932,738,47,703,5,239,392,139,246,367,61,73,940,63,119,105,113,83,95,63,65,92,86,78,51,58,57,103,64,91,75,66,67,40,55,45,55,79,51,50,44,49,77,80,74
[ 36.130546] wil6210-aoa$0,1606461634.232767,04:d6:aa:c1:38:97,2,1,1,0,128,340,946,747,746,325,782,838,150,188,359,50,204,848,24,203,600,842,901,841,702,746,1023,759,36,688,148,44,207,394,72,352,58,62,116,107,113,86,95,64,64,93,88,82,50,62,59,107,66,94,74,69,68,42,59,48,57,86,54,53,47,55,82,86,80
[ 36.166288] wil6210-aoa$0,1606461634.268508,04:d6:aa:c1:38:97,2,1,1,0,128,304,948,770,792,895,996,364,366,145,390,30,200,816,55,155,550,902,950,292,834,158,842,231,889,163,314,615,35,850,875,658,473,62,116,107,112,82,94,63,65,94,89,81,51,62,61,105,66,94,77,68,69,42,61,50,58,86,55,55,47,56,87,86,81
[ 36.201776] wil6210-aoa$0,1606461634.303994,04:d6:aa:c1:38:97,2,1,1,0,128,243,891,833,806,889,992,446,420,170,364,76,225,845,70,212,580,934,955,413,943,665,1005,163,840,199,385,113,225,347,24,952,727,64,119,106,114,87,97,65,65,95,90,83,52,61,60,108,65,99,78,69,70,43,61,49,59,85,55,53,46,53,84,85,80
[ 36.235999] wil6210-aoa$0,1606461634.338220,04:d6:aa:c1:38:97,2,1,1,0,128,313,923,824,819,898,959,416,415,142,324,27,145,856,53,222,600,868,953,339,887,723,42,721,3,236,410,124,228,330,38,953,696,65,123,110,117,86,101,66,67,97,89,82,53,62,60,107,67,98,81,71,72,43,63,51,59,84,56,55,49,57,85,89,84
[ 36.265817] wil6210-aoa$0,1606461634.368038,04:d6:aa:c1:38:97,2,1,1,0,128,263,921,766,730,959,997,468,411,162,378,1020,165,839,48,129,540,911,974,864,718,752,37,755,31,198,358,117,245,311,1018,871,601,63,120,111,115,84,98,63,67,94,89,80,50,61,59,100,64,94,79,65,70,41,58,45,55,81,50,49,44,47,77,79,71
[ 36.300271] wil6210-aoa$0,1606461634.402487,04:d6:aa:c1:38:97,2,1,1,0,128,289,943,788,800,913,990,423,429,117,317,551,47,818,53,157,559,909,988,425,991,723,33,717,15,223,362,102,213,851,876,83,890,60,122,108,115,86,96,63,66,95,89,81,49,60,60,106,65,95,80,68,67,40,57,47,55,82,49,50,43,50,79,77,72
