
[ 27.406934] wil6210-aoa$0,1606461627.437038,04:d6:aa:c1:38:97,2,1,1,0,128,698,710,274,571,923,1016,371,394,119,339,40,212,806,36,160,569,913,953,416,918,657,980,768,47,204,388,81,208,807,845,187,982,56,107,97,104,76,88,58,59,86,82,73,44,56,53,97,59,87,70,61,62,38,53,43,53,75,49,47,43,53,75,80,77
[ 27.431758] wil6210-aoa$0,1606461627.461862,04:d6:aa:c1:38:97,2,1,1,0,128,235,891,830,802,949,9,874,180,601,155,565,31,788,38,191,549,911,948,407,927,685,1016,652,993,194,355,84,186,327,11,230,8,57,109,99,109,78,89,58,60,88,80,73,45,54,54,96,60,88,70,62,62,36,54,41,50,76,49,45,40,47,73,75,67
[ 27.455067] wil6210-aoa$0,1606461627.485173,04:d6:aa:c1:38:97,2,1,1,0,128,763,753,246,598,370,808,839,171,572,95,539,8,310,896,190,562,350,748,386,894,165,851,167,825,171,341,592,14,795,804,363,120,58,109,100,108,76,89,59,60,88,85,76,48,61,56,100,62,91,73,64,65,40,59,46,56,81,54,52,45,52,81,87,77
[ 27.483860] wil6210-aoa$0,1606461627.513961,04:d6:aa:c1:38:97,2,1,1,0,128,344,938,761,727,959,1000,381,373,127,371,26,186,782,1018,251,598,907,960,371,893,751,53,710,15,177,308,114,230,391,13,917,707,59,110,100,108,77,87,59,59,88,81,77,47,56,55,98,60,84,70,62,62,39,54,44,53,76,48,49,42,49,72,77,72
[ 27.513429] wil6210-aoa$0,1606461627.543530,04:d6:aa:c1:38:97,2,1,1,0,128,277,912,783,792,874,972,433,390,167,410,113,228,868,106,213,588,290,728,859,720,188,901,730,27,165,340,183,283,343,41,624,373,56,106,95,103,77,90,59,61,89,85,75,49,59,56,102,60,92,71,65,67,40,56,47,56,81,54,52,47,53,81,84,79
[ 27.536828] wil6210-aoa$0,1606461627.566933,04:d6:aa:c1:38:97,2,1,1,0,128,337,968,725,731,981,999,423,426,139,394,3,192,269,902,204,632,893,990,364,907,723,29,672,48,168,329,59,189,368,20,378,135,46,94,84,91,65,73,49,51,71,68,60,37,44,42,78,49,72,59,50,51,30,42,31,40,63,39,36,32,38,60,59,53
[ 27.565383] wil6210-aoa$0,1606461627.595489,04:d6:aa:c1:38:97,2,1,1,0,128,255,876,728,739,414,867,357,362,236,435,2,142,824,64,186,585,351,769,358,939,744,71,685,10,285,443,54,215,836,903,273,25,59,112,102,108,76,89,58,61,89,82,76,48,57,54,98,60,89,69,64,63,38,55,45,53,76,49,48,43,50,76,76,72
[ 27.590423] wil6210-aoa$0,1606461627.620524,04:d6:aa:c1:38:97,2,1,1,0,128,322,938,812,784,959,9,336,311,220,376,59,189,818,49,201,594,917,958,330,881,750,33,716,35,222,410,111,250,362,62,558,276,50,94,85,89,66,77,51,53,73,70,64,41,49,47,86,53,75,60,54,54,32,46,38,46,66,42,41,36,41,62,65,61
[ 27.618902] wil6210-aoa$0,1606461627.649003,04:d6:aa:c1:38:97,2,1,1,0,128,235,866,847,807,953,1009,456,436,175,383,113,220,849,39,229,608,906,948,428,881,661,997,676,1001,192,352,81,226,284,1012,244,51,58,112,101,109,78,91,58,59,86,83,74,44,54,53,96,58,85,70,63,61,35,53,41,50,73,49,45,38,46,72,74,67
[ 27.646038] wil6210-aoa$0,1606461627.676144,04:d6:aa:c1:38:97,2,1,1,0,128,299,927,780,760,333,773,973,232,124,361,92,234,883,67,201,558,861,905,886,729,184,832,200,836,708,152,651,56,352,17,680,463,59,109,101,107,77,89,61,61,89,82,74,47,58,56,97,59,88,69,60,63,37,51,42,51,77,44,45,39,44,72,71,67
[ 27.671931] wil6210-aoa$0,1606461627.702032,04:d6:aa:c1:38:97,2,1,1,0,128,276,887,851,810,938,984,371,347,637,157,476,961,313,894,213,581,905,939,368,921,714,19,736,27,215,368,83,195,353,53,898,629,59,111,101,108,78,93,60,61,91,85,76,50,58,54,103,61,93,74,64,65,39,57,44,54,79,52,48,42,50,78,80,72
[ 27.700601] wil6210-aoa$0,1606461627.730704,04:d6:aa:c1:38:97,2,1,1,0,128,332,984,790,791,917,993,390,387,169,356,542,28,283,926,700,406,356,754,834,692,788,25,150,810,691,148,556,1005,870,848,993,830,53,104,92,100,73,87,55,57,81,78,71,45,52,51,96,57,84,68,59,62,35,51,42,53,73,47,48,42,48,73,74,72
[ 27.723464] wil6210-aoa$0,1606461627.753571,04:d6:aa:c1:38:97,2,1,1,0,128,296,916,773,790,904,976,338,370,184,364,86,250,795,52,177,598,954,962,431,923,696,28,719,1021,194,354,95,208,333,25,614,419,52,97,87,93,66,79,53,53,77,73,65,46,50,48,87,55,80,64,56,58,35,52,37,49,70,46,44,38,47,72,74,69
[ 27.754036] wil6210-aoa$0,1606461627.784144,04:d6:aa:c1:38:97,2,1,1,0,128,285,919,773,773,876,985,871,213,635,194,508,17,839,38,173,593,969,1008,904,731,775,58,723,15,167,312,109,184,893,863,227,1008,50,95,86,91,65,78,53,53,74,72,65,40,49,49,88,52,78,61,55,56,34,48,38,46,69,45,42,36,45,67,71,66
[ 27.776362] wil6210-aoa$0,1606461627.806468,04:d6:aa:c1:38:97,2,1,1,0,128,244,910,806,782,949,1005,377,392,167,410,39,187,306,892,696,389,866,926,367,917,711,32,675,998,692,144,638,59,350,16,475,252,61,109,101,107,80,92,60,62,88,82,76,50,58,55,102,62,91,73,64,66,40,56,46,55,80,50,51,43,51,81,83,76
[ 27.802964] wil6210-aoa$0,1606461627.833072,04:d6:aa:c1:38:97,2,1,1,0,128,274,922,750,710,419,797,911,194,163,399,21,170,799,1012,612,351,316,746,848,704,186,862,191,874,719,190,569,31,853,869,567,392,54,104,92,98,69,79,54,56,79,74,67,41,49,48,88,52,77,64,57,56,33,47,39,45,67,42,41,34,39,65,66,58
[ 27.843375] wil6210-aoa$0,1606461627.873483,04:d6:aa:c1:38:97,2,1,1,0,128,768,707,211,521,370,796,898,221,225,396,65,191,905,90,218,575,892,921,783,639,199,845,160,851,683,126,136,191,381,24,259,159,46,94,85,89,65,73,50,50,71,65,62,36,45,45,82,51,73,59,52,53,30,44,33,43,61,37,38,33,38,60,63,56
[ 27.866128] wil6210-aoa$0,1606461627.896234,04:d6:aa:c1:38:97,2,1,1,0,128,302,949,731,727,432,848,472,454,105,324,1020,157,878,72,160,536,879,962,806,680,228,908,162,839,269,410,543,38,409,71,875,680,60,111,100,110,76,92,61,62,89,84,77,48,59,59,102,63,90,73,67,65,41,60,47,56,80,53,51,45,51,81,84,80
[ 27.891886] wil6210-aoa$0,1606461627.921992,04:d6:aa:c1:38:97,2,1,1,0,128,673,685,222,555,335,778,938,243,197,426,21,167,809,41,190,584,907,947,341,861,782,61,722,51,212,391,120,254,390,47,462,262,57,108,100,111,77,88,61,62,87,83,75,47,58,55,99,62,90,72,62,64,40,58,46,54,80,53,50,45,50,76,80,76
[ 27.918204] wil6210-aoa$0,1606461627.948280,04:d6:aa:c1:38:97,2,1,1,0,128,267,910,775,778,947,975,343,339,175,361,23,178,837,24,709,383,939,949,407,930,660,1007,171,781,662,119,630,36,835,834,204,988,55,109,96,105,75,87,56,59,86,80,73,44,55,54,96,58,86,71,61,61,37,55,42,51,73,47,45,40,45,73,72,69
[ 27.953310] wil6210-aoa$0,1606461627.983416,04:d6:aa:c1:38:97,2,1,1,0,128,247,898,772,755,991,16,343,353,106,332,526,18,263,881,214,554,932,1003,380,906,682,1015,745,1018,230,381,100,209,420,59,64,761,58,110,98,106,77,87,59,61,87,80,73,47,52,54,95,61,88,72,60,65,36,54,43,54,74,49,47,39,46,72,75,65
[ 27.981966] wil6210-aoa$0,1606461628.012067,04:d6:aa:c1:38:97,2,1,1,0,128,238,856,808,771,991,1020,419,402,224,378,92,171,854,29,224,578,952,959,443,921,748,44,724,48,244,426,54,218,396,43,173,874,61,110,101,105,78,91,61,62,88,84,78,49,60,54,102,60,90,72,64,66,37,57,46,53,78,48,49,41,48,75,77,73
[ 28.011319] wil6210-aoa$0,1606461628.041420,04:d6:aa:c1:38:97,2,1,1,0,128,289,913,243,577,891,977,885,197,187,361,40,196,883,60,217,598,894,968,350,930,760,70,727,11,195,360,598,69,367,27,922,739,60,109,99,105,77,92,60,59,92,87,76,52,59,58,104,62,91,70,66,67,42,61,46,59,82,56,54,48,56,83,91,85
[ 28.040033] wil6210-aoa$0,1606461628.070137,04:d6:aa:c1:38:97,2,1,1,0,128,297,911,214,575,939,992,471,488,200,432,17,183,233,852,678,426,879,958,354,888,184,836,214,872,678,197,541,1020,831,844,1007,851,57,107,102,106,77,89,58,60,86,83,76,47,56,54,100,60,88,72,62,63,38,53,45,54,79,49,48,40,48,73,77,72
[ 28.063862] wil6210-aoa$0,1606461628.093966,04:d6:aa:c1:38:97,2,1,1,0,128,290,923,806,790,361,806,832,195,588,152,486,1023,284,867,641,359,310,765,854,707,143,843,758,33,168,337,524,20,831,874,32,904,49,93,85,92,65,76,50,51,75,68,64,39,49,47,85,52,75,60,53,55,31,46,37,46,67,43,40,37,42,66,67,63
[ 28.094193] wil6210-aoa$0,1606461628.124299,04:d6:aa:c1:38:97,2,1,1,0,128,266,902,840,818,945,1011,392,380,177,356,82,208,315,885,708,411,853,938,346,878,182,860,772,72,203,357,125,249,380,36,11,742,55,104,94,101,72,85,55,58,80,80,73,47,55,52,96,58,85,70,61,61,37,55,43,53,79,49,49,43,50,76,75,74
[ 28.116741] wil6210-aoa$0,1606461628.146847,04:d6:aa:c1:38:97,2,1,1,0,128,252,895,766,784,951,984,398,355,665,173,66,226,267,901,191,569,859,908,406,910,708,1013,718,15,161,326,539,0,380,36,204,968,57,110,98,105,77,90,60,59,89,82,75,46,58,56,101,60,87,69,64,65,39,56,47,54,77,52,49,44,52,78,82,76
[ 28.148115] wil6210-aoa$0,1606461628.178219,04:d6:aa:c1:38:97,2,1,1,0,128,791,726,221,550,392,773,845,180,643,181,67,197,785,7,625,339,336,740,847,726,171,869,184,863,181,337,155,253,841,906,962,814,55,106,99,105,77,87,58,56,88,84,72,44,54,53,96,56,84,70,59,62,36,54,40,49,75,48,43,40,46,73,71,66
[ 28.171470] wil6210-aoa$0,1606461628.201577,04:d6:aa:c1:38:97,2,1,1,0,128,253,917,773,767,969,6,389,392,166,376,17,165,831,60,165,549,928,958,438,957,733,51,747,0,259,456,82,222,338,40,111,906,58,110,99,106,78,91,62,61,88,86,77,49,58,55,103,64,91,73,63,68,41,57,46,58,82,55,52,46,51,82,83,81
[ 28.196366] wil6210-aoa$0,1606461628.226472,04:d6:aa:c1:38:97,2,1,1,0,128,302,934,726,742,947,2,387,405,143,361,477,1000,250,865,689,391,303,704,889,699,160,875,738,28,267,380,130,235,349,25,772,641,49,93,82,89,65,74,52,51,74,70,64,39,48,45,83,52,75,58,53,55,32,45,36,44,66,41,39,36,41,65,66,62
[ 28.223742] wil6210-aoa$0,1606461628.253845,04:d6:aa:c1:38:97,2,1,1,0,128,333,924,775,752,391,820,399,374,174,363,49,202,856,4,161,546,869,918,363,899,178,854,725,5,231,377,106,240,380,43,316,146,56,111,98,108,78,85,57,58,86,79,74,46,57,53,96,60,87,72,59,62,36,54,41,51,74,48,44,38,45,72,72,67
[ 28.254779] wil6210-aoa$0,1606461628.284879,04:d6:aa:c1:38:97,2,1,1,0,128,298,926,767,756,983,991,375,355,143,318,10,152,323,914,137,577,910,943,855,718,720,10,712,24,242,413,20,158,300,25,147,912,60,110,99,104,81,90,61,60,88,83,76,48,58,55,98,61,88,72,64,65,40,53,44,55,78,49,51,44,50,76,78,75
[ 28.283693] wil6210-aoa$0,1606461628.313795,04:d6:aa:c1:38:97,2,1,1,0,128,234,891,718,734,961,981,436,426,161,395,7,193,241,840,660,412,886,948,336,886,186,871,736,23,205,364,95,223,386,43,128,936,57,110,101,107,76,89,57,58,88,80,74,44,52,53,96,57,86,70,61,63,36,52,43,53,77,47,48,42,49,73,76,72
[ 28.315664] wil6210-aoa$0,1606461628.345767,04:d6:aa:c1:38:97,2,1,1,0,128,251,883,867,791,954,974,444,409,178,352,2,164,826,63,206,600,880,967,366,900,694,17,751,68,236,415,128,242,350,27,466,224,59,112,100,107,80,87,59,60,86,82,72,47,56,56,97,62,87,71,62,64,38,57,45,53,78,51,48,46,48,78,82,77
[ 28.338786] wil6210-aoa$0,1606461628.368892,04:d6:aa:c1:38:97,2,1,1,0,128,707,729,239,574,327,783,885,220,600,169,102,243,785,1009,189,560,353,774,379,915,199,835,181,865,694,191,138,233,410,67,444,227,55,108,97,103,76,86,53,58,82,78,69,41,51,49,91,56,82,68,56,58,35,48,39,47,67,41,42,36,38,66,66,57
[ 28.371323] wil6210-aoa$0,1606461628.401427,04:d6:aa:c1:38:97,2,1,1,0,128,318,932,767,777,902,986,373,342,100,289,568,39,243,857,623,411,888,982,398,939,679,999,807,40,197,362,143,246,882,914,795,533,57,108,100,105,77,84,54,57,86,79,69,43,54,52,94,57,84,69,58,60,34,50,39,48,72,44,44,39,42,69,70,63
[ 28.401014] wil6210-aoa$0,1606461628.431118,04:d6:aa:c1:38:97,2,1,1,0,128,376,946,802,780,902,986,916,223,238,366,103,219,779,8,603,298,385,790,864,725,187,857,157,835,224,382,57,222,344,15,50,807,62,109,98,107,79,92,58,61,92,86,77,50,60,56,100,62,90,74,62,65,40,57,44,54,80,52,49,44,50,78,82,77
[ 28.424661] wil6210-aoa$0,1606461628.454767,04:d6:aa:c1:38:97,2,1,1,0,128,247,904,842,777,883,982,410,365,162,347,89,256,821,86,222,583,897,976,394,913,715,15,708,26,187,326,185,276,391,67,51,707,57,109,96,104,77,85,59,58,84,80,71,43,55,53,95,58,87,70,62,62,35,51,39,50,73,44,44,36,44,68,66,62
[ 28.450406] wil6210-aoa$0,1606461628.480508,04:d6:aa:c1:38:97,2,1,1,0,128,773,759,730,773,919,962,435,433,171,436,50,192,823,34,196,575,903,954,351,922,706,33,692,14,150,343,59,208,413,81,436,306,55,103,102,105,76,88,58,61,86,81,73,43,57,51,98,58,87,69,59,62,37,55,43,51,76,48,45,40,46,73,73,67
[ 28.482329] wil6210-aoa$0,1606461628.512433,04:d6:aa:c1:38:97,2,1,1,0,128,255,934,774,795,959,23,399,418,162,361,112,273,764,3,209,581,953,1001,387,936,723,43,740,50,273,414,164,279,441,118,492,177,58,112,102,110,78,90,59,60,90,85,75,49,58,55,100,64,89,72,64,66,41,58,48,55,81,52,49,45,51,80,84,77
[ 28.512071] wil6210-aoa$0,1606461628.542172,04:d6:aa:c1:38:97,2,1,1,0,128,801,756,823,789,988,38,391,387,144,345,525,33,793,1022,715,430,882,921,430,917,729,32,749,31,677,149,577,34,328,44,426,210,59,109,100,106,76,90,60,61,89,84,73,47,58,54,98,59,91,72,63,65,38,56,43,51,79,51,51,44,49,77,79,73
[ 28.541642] wil6210-aoa$0,1606461628.571745,04:d6:aa:c1:38:97,2,1,1,0,128,258,878,760,764,918,1015,455,433,193,378,92,230,806,61,110,520,858,925,356,890,736,27,760,44,140,298,121,265,337,32,910,718,53,106,95,103,70,81,53,57,83,74,70,41,52,49,89,56,82,66,57,59,34,52,39,48,73,45,43,37,45,67,70,63
[ 28.571393] wil6210-aoa$0,1606461628.601495,04:d6:aa:c1:38:97,2,1,1,0,128,690,714,296,608,909,1014,386,375,159,405,45,201,814,53,186,606,918,911,852,679,204,830,215,857,754,202,66,166,835,846,691,527,57,103,95,98,76,88,57,57,85,80,73,47,55,54,97,59,87,69,61,63,39,54,43,54,78,51,47,44,51,77,81,73
[ 28.599981] wil6210-aoa$0,1606461628.630087,04:d6:aa:c1:38:97,2,1,1,0,128,223,910,797,787,960,1001,430,425,161,352,36,204,798,72,221,599,947,985,432,962,699,29,762,21,235,359,84,218,372,51,931,702,60,109,103,110,78,90,58,60,88,82,71,47,59,53,100,62,90,73,63,64,40,57,44,55,78,52,50,45,50,78,83,74
[ 28.625450] wil6210-aoa$0,1606461628.655551,04:d6:aa:c1:38:97,2,1,1,0,128,274,880,795,769,978,1010,423,426,186,395,83,212,859,34,202,588,916,935,412,916,705,998,713,981,673,166,147,244,391,28,425,253,58,111,99,107,74,89,59,59,90,85,77,51,57,56,102,61,87,71,63,65,40,56,44,53,77,49,48,42,50,79,79,75
[ 28.651872] wil6210-aoa$0,1606461628.681976,04:d6:aa:c1:38:97,2,1,1,0,128,275,925,808,794,953,1018,430,425,234,402,57,195,815,42,144,530,865,934,337,889,754,24,751,41,187,333,85,242,367,6,992,640,58,114,99,107,76,89,58,59,85,80,76,46,54,54,98,60,85,70,62,64,36,52,43,51,73,45,46,39,44,71,73,68
[ 28.675634] wil6210-aoa$0,1606461628.705739,04:d6:aa:c1:38:97,2,1,1,0,128,302,927,875,790,945,1006,819,150,661,196,88,251,799,58,208,605,883,918,358,894,703,1016,703,1020,216,413,58,220,354,5,958,725,60,112,97,104,77,90,59,60,87,85,74,46,56,55,101,59,88,73,63,62,37,55,46,52,76,50,49,43,49,77,80,73
[ 28.706243] wil6210-aoa$0,1606461628.736349,04:d6:aa:c1:38:97,2,1,1,0,128,314,979,770,745,975,998,409,426,152,374,24,165,846,71,213,572,951,975,355,879,697,35,686,1004,168,308,530,1008,783,829,711,561,59,110,102,106,77,89,59,60,88,81,73,45,57,55,98,59,88,71,61,64,38,55,45,52,77,50,47,42,50,77,81,72
[ 28.733150] wil6210-aoa$0,1606461628.763252,04:d6:aa:c1:38:97,2,1,1,0,128,286,936,798,781,948,1009,373,390,218,376,33,166,781,44,193,584,924,960,346,921,682,999,729,1020,186,349,55,209,354,19,182,898,56,109,95,102,79,89,56,58,88,81,74,47,55,53,95,60,88,71,61,63,39,56,42,54,74,48,50,43,48,77,76,74
[ 28.762817] wil6210-aoa$0,1606461628.792919,04:d6:aa:c1:38:97,2,1,1,0,128,301,939,759,744,974,997,411,374,138,352,2,203,813,50,259,614,874,901,393,905,124,845,772,60,232,449,62,185,309,5,402,111,61,109,100,105,78,89,58,61,88,83,74,47,57,54,98,61,90,72,64,65,38,54,44,53,76,49,49,42,48,78,74,69
[ 28.792204] wil6210-aoa$0,1606461628.822306,04:d6:aa:c1:38:97,2,1,1,0,128,291,933,797,755,954,2,389,379,139,350,52,188,783,40,668,398,897,995,388,946,706,1013,704,1014,251,383,81,206,389,27,947,667,57,109,97,105,76,89,59,61,87,84,76,48,59,55,98,60,90,71,64,65,39,58,45,53,75,49,50,42,48,74,79,75
[ 28.816865] wil6210-aoa$0,1606461628.846971,04:d6:aa:c1:38:97,2,1,1,0,128,778,741,793,790,923,1,441,420,154,353,39,164,820,47,246,616,867,939,405,931,703,28,681,6,214,396,159,264,389,47,810,436,59,110,99,106,76,90,61,62,89,84,74,51,59,57,101,63,91,71,63,66,41,58,47,55,78,50,52,45,51,78,84,80
[ 28.841732] wil6210-aoa$0,1606461628.871832,04:d6:aa:c1:38:97,2,1,1,0,128,326,938,837,851,980,16,406,382,145,384,86,241,796,39,692,369,935,975,435,939,763,83,698,33,236,447,109,227,336,59,931,726,56,107,98,106,76,87,57,58,87,79,73,48,57,54,100,62,88,69,62,63,39,56,46,54,77,49,48,43,50,77,76,76
[ 28.873796] wil6210-aoa$0,1606461628.903897,04:d6:aa:c1:38:97,2,1,1,0,128,296,926,733,760,992,1016,847,193,201,417,36,167,879,84,148,553,882,926,361,898,791,38,709,11,188,316,163,272,354,24,18,855,58,108,101,109,76,87,58,58,86,81,75,47,56,53,97,63,87,72,62,63,38,53,45,52,72,49,46,41,47,72,77,69
[ 28.903584] wil6210-aoa$0,1606461628.933684,04:d6:aa:c1:38:97,2,1,1,0,128,298,921,793,769,956,1023,445,410,228,437,105,235,854,45,177,540,901,983,343,859,681,1011,737,1015,229,388,45,199,346,31,540,307,60,109,100,108,80,91,60,60,89,84,74,48,59,55,101,60,89,72,60,64,39,57,45,54,80,53,49,45,53,79,85,79
[ 28.934128] wil6210-aoa$0,1606461628.964230,04:d6:aa:c1:38:97,2,1,1,0,128,281,878,785,775,941,1001,430,435,209,417,16,201,849,61,243,631,894,958,355,893,739,52,173,850,212,340,104,197,395,87,1003,687,58,109,96,105,80,91,57,59,88,83,72,48,55,55,98,59,86,70,62,62,37,55,43,52,75,48,47,43,49,72,74,69
[ 28.960196] wil6210-aoa$0,1606461628.990302,04:d6:aa:c1:38:97,2,1,1,0,128,265,883,798,794,921,1004,431,414,141,345,89,215,871,85,190,568,920,1006,423,958,724,18,162,855,684,152,169,269,857,896,89,838,59,110,100,108,76,88,58,58,86,79,73,47,58,55,95,61,85,69,60,63,40,56,43,52,78,48,47,40,48,74,74,68
[ 29.001103] wil6210-aoa$0,1606461629.031204,04:d6:aa:c1:38:97,2,1,1,0,128,787,735,774,749,365,798,793,141,621,180,1021,140,842,61,92,484,906,945,828,691,170,852,132,829,733,214,103,225,865,913,563,246,57,109,103,109,77,88,58,59,87,81,73,43,53,52,94,56,86,68,60,60,35,51,39,48,73,43,44,40,43,69,71,66
[ 29.031727] wil6210-aoa$0,1606461629.061832,04:d6:aa:c1:38:97,2,1,1,0,128,294,957,724,728,996,45,353,363,161,379,1013,125,274,875,264,644,893,935,840,723,710,3,774,85,143,329,565,21,359,25,666,551,50,92,84,90,66,77,52,52,74,71,65,42,49,48,84,52,77,61,51,55,33,50,39,47,68,44,43,38,43,69,66,64
[ 29.054968] wil6210-aoa$0,1606461629.085073,04:d6:aa:c1:38:97,2,1,1,0,128,721,740,194,574,953,1003,430,395,164,362,535,11,831,41,716,406,920,942,901,719,196,847,768,30,223,384,69,196,359,3,648,455,52,104,94,100,74,85,53,58,82,79,69,43,53,51,90,57,81,68,57,58,34,50,41,49,74,44,43,37,43,67,69,63
[ 29.083903] wil6210-aoa$0,1606461629.114008,04:d6:aa:c1:38:97,2,1,1,0,128,355,955,774,782,966,20,374,385,155,356,31,201,795,26,225,643,897,934,838,728,186,862,708,1022,686,222,134,222,377,27,492,239,54,104,94,100,75,85,55,56,86,78,71,44,55,53,93,56,82,66,59,59,35,51,42,51,71,46,46,41,47,71,73,70
[ 29.109154] wil6210-aoa$0,1606461629.139262,04:d6:aa:c1:38:97,2,1,1,0,128,307,955,760,759,896,973,380,367,149,352,97,242,772,1021,205,572,878,922,377,907,767,33,775,32,200,370,90,206,353,23,66,886,55,110,97,106,77,87,58,60,85,83,73,45,52,53,95,56,88,71,61,60,36,53,42,49,76,48,47,39,47,71,74,66
[ 29.139163] wil6210-aoa$0,1606461629.169269,04:d6:aa:c1:38:97,2,1,1,0,128,280,936,775,754,923,990,442,411,204,449,121,249,814,56,199,565,936,982,368,901,751,34,722,28,240,369,86,184,338,14,793,457,53,106,97,104,72,82,57,58,83,78,68,40,52,49,88,56,83,67,57,58,34,51,38,47,72,43,43,39,45,68,68,62
[ 29.164169] wil6210-aoa$0,1606461629.194273,04:d6:aa:c1:38:97,2,1,1,0,128,797,762,803,816,927,1002,403,397,172,387,18,139,777,1021,619,334,857,906,872,682,772,20,169,853,671,159,574,1003,333,8,486,264,54,108,97,104,71,84,54,57,83,78,69,43,51,50,92,56,83,67,57,57,34,50,37,46,71,43,44,37,43,65,69,62
[ 29.195255] wil6210-aoa$0,1606461629.225357,04:d6:aa:c1:38:97,2,1,1,0,128,293,923,801,821,939,1011,421,379,146,361,527,16,799,28,256,615,916,971,372,880,703,12,184,836,254,394,66,171,355,31,503,206,59,110,98,104,80,90,60,61,88,82,76,50,58,54,101,60,89,72,64,65,40,57,45,53,79,54,50,45,51,79,83,78
[ 29.219318] wil6210-aoa$0,1606461629.249419,04:d6:aa:c1:38:97,2,1,1,0,128,776,735,296,625,960,2,861,211,146,343,5,184,289,881,666,351,350,742,425,910,143,859,669,1012,729,188,71,185,373,41,33,811,57,110,99,105,79,87,58,58,88,83,73,49,56,56,99,61,90,72,64,65,39,59,45,55,79,52,51,45,53,79,85,77
[ 29.248855] wil6210-aoa$0,1606461629.278961,04:d6:aa:c1:38:97,2,1,1,0,128,265,917,746,749,960,1004,404,371,191,358,90,220,804,4,192,574,919,951,839,716,191,861,215,890,680,128,139,236,354,47,195,923,59,109,98,108,78,92,60,59,88,84,75,46,56,55,100,62,88,72,63,64,40,55,45,56,79,51,49,44,51,77,80,76
[ 29.277110] wil6210-aoa$0,1606461629.307213,04:d6:aa:c1:38:97,2,1,1,0,128,308,966,784,809,960,1021,426,424,226,409,47,208,773,43,225,595,900,962,397,911,686,18,704,25,221,370,75,221,311,10,844,531,58,110,99,105,76,88,60,60,88,82,73,48,55,54,97,58,88,69,61,63,38,52,41,50,75,46,46,39,47,71,76,69
[ 29.305822] wil6210-aoa$0,1606461629.335927,04:d6:aa:c1:38:97,2,1,1,0,128,758,771,782,797,957,1002,443,454,127,326,62,204,255,831,703,374,944,978,405,906,165,840,750,17,208,341,137,208,856,868,956,776,57,110,99,107,78,87,60,59,85,81,75,45,58,53,99,59,86,71,61,64,37,55,43,51,77,48,47,39,47,73,76,69
[ 29.333131] wil6210-aoa$0,1606461629.363235,04:d6:aa:c1:38:97,2,1,1,0,128,329,962,740,758,928,979,879,169,653,228,91,231,779,32,158,564,930,1003,405,925,654,1014,730,35,185,342,117,220,819,844,739,523,58,111,101,105,77,90,57,58,87,80,73,46,56,53,97,60,86,70,62,63,36,54,44,53,77,49,47,42,48,74,75,69
[ 29.363605] wil6210-aoa$0,1606461629.393713,04:d6:aa:c1:38:97,2,1,1,0,128,261,912,753,721,388,783,421,414,142,345,26,151,769,20,184,548,883,940,330,841,155,847,174,864,281,403,103,210,879,888,367,97,59,111,100,105,76,87,58,59,87,82,75,49,58,55,100,61,89,71,61,66,41,57,45,56,80,51,49,44,49,76,82,75
[ 29.387533] wil6210-aoa$0,1606461629.417640,04:d6:aa:c1:38:97,2,1,1,0,128,795,742,273,616,924,981,943,241,603,166,545,1012,849,54,165,534,353,773,876,752,655,8,124,827,750,208,143,259,323,44,183,901,56,109,99,105,75,87,59,59,88,81,74,47,55,53,99,60,87,73,63,64,37,54,45,53,77,50,47,43,48,76,75,71
[ 29.417211] wil6210-aoa$0,1606461629.447313,04:d6:aa:c1:38:97,2,1,1,0,128,258,921,788,761,930,32,427,450,173,405,32,192,793,20,167,514,984,1003,330,869,756,27,711,9,208,391,114,206,403,38,927,709,56,111,99,106,80,92,58,60,91,83,75,48,57,53,100,62,88,72,64,66,39,55,46,55,79,50,51,42,52,79,83,76
[ 29.442611] wil6210-aoa$0,1606461629.472717,04:d6:aa:c1:38:97,2,1,1,0,128,285,963,786,792,957,1020,426,428,651,206,74,246,848,32,239,645,952,989,376,910,759,49,747,58,201,361,586,37,385,59,833,616,55,109,95,105,77,86,58,59,87,81,73,43,55,54,94,60,88,69,61,63,36,54,43,51,76,47,49,41,48,73,74,72
[ 29.466848] wil6210-aoa$0,1606461629.496956,04:d6:aa:c1:38:97,2,1,1,0,128,818,730,758,792,940,997,414,399,126,343,22,163,275,875,182,550,949,1002,357,868,762,71,693,1023,269,427,68,197,339,1014,282,79,58,110,99,108,78,92,60,59,88,85,77,49,57,55,101,62,90,71,62,65,38,56,46,54,77,51,50,45,49,78,83,77
[ 29.495218] wil6210-aoa$0,1606461629.525320,04:d6:aa:c1:38:97,2,1,1,0,128,228,874,820,795,979,4,422,371,147,347,536,22,292,881,192,549,356,739,386,927,735,7,712,12,222,354,125,233,313,4,942,655,58,111,102,108,78,90,59,60,88,83,72,47,58,51,97,60,88,69,62,63,38,54,44,51,75,49,49,41,48,76,77,70
[ 29.525820] wil6210-aoa$0,1606461629.555922,04:d6:aa:c1:38:97,2,1,1,0,128,813,745,751,729,405,802,860,192,651,154,497,1006,858,54,221,626,926,942,394,917,685,21,678,1006,676,137,644,78,362,15,376,103,60,110,101,105,80,93,61,61,88,83,74,50,59,55,103,64,91,73,64,64,42,59,46,58,82,53,51,45,54,83,85,79
[ 29.551165] wil6210-aoa$0,1606461629.581267,04:d6:aa:c1:38:97,2,1,1,0,128,786,765,733,750,389,809,358,380,155,423,94,224,819,37,212,588,880,973,813,696,193,872,166,857,210,354,115,265,806,833,48,875,56,104,98,104,73,86,56,56,82,80,72,43,52,49,92,59,82,67,60,62,35,52,41,51,73,46,45,40,46,71,74,67
[ 29.579743] wil6210-aoa$0,1606461629.609849,04:d6:aa:c1:38:97,2,1,1,0,128,302,969,784,788,914,988,343,370,141,332,92,248,275,892,198,585,893,976,391,890,719,1014,163,816,744,177,92,195,856,804,12,828,56,108,96,104,76,85,58,59,87,81,72,47,55,53,97,60,90,71,61,63,38,57,42,53,75,50,46,41,50,76,76,72
[ 29.608775] wil6210-aoa$0,1606461629.638875,04:d6:aa:c1:38:97,2,1,1,0,128,244,910,771,741,376,822,843,144,640,145,484,1022,778,1,182,570,365,786,387,919,751,48,663,1014,138,346,161,243,369,7,8,838,54,107,96,104,74,84,54,57,84,76,72,44,53,50,92,54,82,65,60,60,35,51,42,51,73,45,46,39,45,68,72,68
[ 29.637587] wil6210-aoa$0,1606461629.667693,04:d6:aa:c1:38:97,2,1,1,0,128,291,916,782,762,925,976,427,403,632,145,70,217,868,52,222,573,899,922,414,963,716,57,732,37,183,373,117,201,348,37,566,344,53,105,93,101,70,80,54,57,79,76,69,42,51,51,90,55,80,66,57,56,32,48,37,46,67,42,41,37,39,64,66,59
[ 29.664411] wil6210-aoa$0,1606461629.694512,04:d6:aa:c1:38:97,2,1,1,0,128,294,968,725,737,929,1014,403,397,154,357,50,193,283,853,687,411,943,961,397,915,744,20,192,855,251,404,81,184,355,1021,227,109,54,105,96,103,74,85,57,59,83,80,73,46,57,53,97,59,86,70,60,59,38,55,43,50,74,48,46,39,47,73,75,69
[ 29.695354] wil6210-aoa$0,1606461629.725463,04:d6:aa:c1:38:97,2,1,1,0,128,275,899,739,765,967,1,359,367,158,378,34,194,812,39,178,563,924,965,404,973,715,18,736,38,254,409,125,270,326,13,559,269,56,103,93,103,74,87,56,58,85,81,72,46,56,53,96,60,88,70,60,63,39,56,43,54,77,52,51,45,50,78,82,77
[ 29.720463] wil6210-aoa$0,1606461629.750565,04:d6:aa:c1:38:97,2,1,1,0,128,792,729,251,567,924,998,430,395,642,164,548,35,800,32,155,560,888,978,379,856,768,67,715,12,153,285,167,263,370,62,614,381,54,105,96,101,73,84,57,58,84,78,74,45,54,51,96,59,87,69,61,63,37,56,43,51,77,50,47,41,49,77,79,73
[ 29.751913] wil6210-aoa$0,1606461629.782016,04:d6:aa:c1:38:97,2,1,1,0,128,292,930,753,758,929,3,423,377,211,391,56,185,809,79,161,547,311,775,818,706,137,842,761,26,193,374,137,244,808,852,350,64,53,104,91,100,72,83,56,56,83,78,71,43,53,53,94,58,87,70,61,60,37,52,42,50,74,47,46,40,48,75,73,71
[ 29.781629] wil6210-aoa$0,1606461629.811737,04:d6:aa:c1:38:97,2,1,1,0,128,318,903,225,564,354,815,961,263,654,172,489,9,253,841,651,362,901,937,903,754,739,20,757,6,239,364,83,172,368,17,598,315,54,104,95,100,74,84,55,57,81,79,70,41,53,50,92,56,80,67,58,60,36,51,40,49,72,46,44,37,45,70,69,63
[ 29.805741] wil6210-aoa$0,1606461629.835847,04:d6:aa:c1:38:97,2,1,1,0,128,254,931,180,597,882,967,873,167,654,178,13,152,282,877,152,514,351,757,852,685,769,39,686,17,708,186,585,22,797,838,87,1005,54,106,94,103,76,85,55,57,85,79,73,46,56,56,96,60,86,69,61,61,36,55,44,52,76,50,48,39,48,75,79,73
[ 29.835997] wil6210-aoa$0,1606461629.866098,04:d6:aa:c1:38:97,2,1,1,0,128,739,698,830,790,908,1006,842,148,646,140,563,2,294,880,653,407,900,955,353,892,738,19,711,2,202,368,85,189,428,94,947,668,53,107,95,99,73,83,54,56,83,79,71,45,55,51,94,55,87,68,57,60,37,53,42,49,73,48,47,42,47,75,75,71
[ 29.865043] wil6210-aoa$0,1606461629.895151,04:d6:aa:c1:38:97,2,1,1,0,128,338,953,838,803,897,991,926,225,649,162,556,25,275,909,222,592,907,976,335,873,202,861,215,856,676,162,91,197,801,850,751,493,56,106,95,101,76,85,56,57,85,78,71,46,56,52,97,60,85,68,59,62,37,54,42,52,76,50,47,41,47,78,80,74
[ 29.892716] wil6210-aoa$0,1606461629.922819,04:d6:aa:c1:38:97,2,1,1,0,128,337,968,732,769,914,993,389,374,131,355,28,135,869,87,184,550,909,945,368,882,683,4,726,1014,226,387,70,226,402,88,149,911,57,102,96,103,73,83,57,59,83,79,73,44,52,53,93,55,82,66,61,62,36,52,42,49,74,46,46,41,48,72,73,69
[ 29.923639] wil6210-aoa$0,1606461629.953741,04:d6:aa:c1:38:97,2,1,1,0,128,248,866,838,796,911,969,362,404,112,333,519,1016,829,37,176,559,893,982,380,915,693,19,771,40,210,352,121,273,340,30,448,124,60,107,96,105,76,88,60,59,86,82,74,48,58,54,99,63,90,68,61,66,40,59,46,56,79,53,50,45,55,80,84,77
[ 29.956019] wil6210-aoa$0,1606461629.986121,04:d6:aa:c1:38:97,2,1,1,0,128,294,962,799,792,883,996,409,418,175,385,24,168,274,915,641,376,947,976,388,880,730,37,776,35,224,380,118,229,425,72,904,685,54,109,96,105,74,89,55,59,86,82,73,46,54,54,95,59,87,70,60,61,36,56,42,53,75,50,48,42,52,75,78,76
[ 29.986028] wil6210-aoa$0,1606461630.016137,04:d6:aa:c1:38:97,2,1,1,0,128,287,911,236,544,403,796,441,390,154,344,91,215,784,1021,172,557,928,934,375,911,670,964,180,881,196,359,128,220,395,35,486,198,54,106,96,103,73,86,56,57,84,79,72,48,53,54,97,58,86,68,60,61,40,54,42,53,76,48,47,42,50,73,77,73
[ 30.013799] wil6210-aoa$0,1606461630.043903,04:d6:aa:c1:38:97,2,1,1,0,128,268,911,806,799,1003,42,422,418,178,427,37,194,791,45,192,538,909,975,385,932,690,2,711,998,256,411,117,215,407,52,122,802,54,104,95,103,74,86,54,56,82,78,72,42,53,52,95,57,84,67,60,61,38,53,42,51,75,49,47,41,47,74,76,70
[ 30.044856] wil6210-aoa$0,1606461630.074961,04:d6:aa:c1:38:97,2,1,1,0,128,831,767,765,758,422,813,448,381,145,349,36,212,802,33,192,553,961,995,343,877,736,995,787,1015,224,332,106,233,368,15,133,991,58,104,95,100,75,87,58,56,86,80,73,46,56,50,97,58,87,68,60,62,38,53,44,51,76,48,50,44,47,75,78,73
[ 30.071011] wil6210-aoa$0,1606461630.101113,04:d6:aa:c1:38:97,2,1,1,0,128,775,751,176,528,430,793,930,205,145,332,64,186,817,30,645,366,377,744,859,684,783,36,693,33,231,365,107,217,415,37,146,874,54,103,93,100,72,81,53,54,82,74,70,43,52,50,93,56,82,66,59,54,35,50,37,47,69,45,42,37,43,69,67,60
[ 30.102266] wil6210-aoa$0,1606461630.132367,04:d6:aa:c1:38:97,2,1,1,0,128,298,926,778,767,968,1008,415,418,155,323,51,198,821,26,670,371,882,955,844,687,778,62,757,57,233,374,85,222,335,54,35,912,58,103,94,102,73,88,58,55,86,81,71,47,58,53,97,61,85,67,62,61,38,55,45,53,76,52,51,46,52,79,82,79
[ 30.126996] wil6210-aoa$0,1606461630.157103,04:d6:aa:c1:38:97,2,1,1,0,128,323,926,712,707,889,950,888,164,698,209,505,993,269,861,658,358,376,739,452,888,168,797,171,816,192,318,92,171,804,831,497,434,54,102,96,101,73,86,57,58,81,79,71,46,52,51,96,56,84,66,59,60,37,52,42,51,74,48,47,42,49,72,74,68
[ 30.154364] wil6210-aoa$0,1606461630.184466,04:d6:aa:c1:38:97,2,1,1,0,128,807,779,153,507,447,859,404,377,168,350,71,197,820,28,625,351,327,742,815,686,192,830,132,776,664,129,645,50,327,990,223,1005,54,99,92,99,71,84,57,57,83,79,69,43,53,53,93,57,83,68,57,58,36,49,39,47,69,45,43,38,43,68,69,59
[ 30.185619] wil6210-aoa$0,1606461630.215721,04:d6:aa:c1:38:97,2,1,1,0,128,280,936,779,779,899,1014,427,412,583,134,533,1003,919,103,213,625,325,719,861,710,147,847,192,820,724,178,100,217,820,873,86,904,56,105,95,99,71,83,55,57,85,80,72,46,55,53,95,56,83,67,60,61,37,54,43,51,76,49,46,41,49,73,75,72
[ 30.217027] wil6210-aoa$0,1606461630.247129,04:d6:aa:c1:38:97,2,1,1,0,128,314,918,761,781,391,816,851,200,651,181,77,261,775,23,222,607,931,975,346,909,748,12,710,3,216,344,634,43,456,87,880,596,51,99,88,93,69,79,54,54,80,74,68,45,52,51,92,56,81,65,56,59,34,52,40,50,72,48,46,41,48,74,78,74
[ 30.247822] wil6210-aoa$0,1606461630.277924,04:d6:aa:c1:38:97,2,1,1,0,128,263,898,838,790,904,950,424,393,165,371,64,192,791,12,218,616,916,987,395,931,695,36,755,56,185,365,567,25,375,12,541,338,53,106,91,98,72,82,55,57,81,77,69,44,51,50,91,56,84,66,57,59,34,52,37,48,72,45,43,39,43,69,70,65
[ 30.276766] wil6210-aoa$0,1606461630.306873,04:d6:aa:c1:38:97,2,1,1,0,128,721,703,234,538,392,842,909,260,176,413,100,210,754,29,698,417,373,762,849,675,796,82,791,19,227,350,140,208,379,20,790,621,55,103,94,100,75,84,55,57,83,80,71,47,54,52,95,58,86,70,58,61,35,54,43,52,75,48,48,42,49,76,77,71
[ 30.305006] wil6210-aoa$0,1606461630.335106,04:d6:aa:c1:38:97,2,1,1,0,128,764,723,230,568,946,998,901,212,160,391,77,229,201,834,618,353,322,742,374,909,670,994,159,833,676,166,129,252,311,1003,389,178,54,108,93,102,75,85,56,58,82,78,71,43,53,50,93,55,83,66,59,59,35,49,40,47,70,44,43,37,44,68,70,66
[ 30.330380] wil6210-aoa$0,1606461630.360482,04:d6:aa:c1:38:97,2,1,1,0,128,302,971,796,789,957,2,431,416,205,409,22,198,855,44,186,558,955,979,312,857,722,40,733,35,252,392,98,227,324,1016,475,201,57,108,94,102,73,83,56,55,84,79,71,43,52,48,90,56,80,66,58,59,36,50,41,49,69,42,43,36,41,65,68,60
[ 30.363450] wil6210-aoa$0,1606461630.393556,04:d6:aa:c1:38:97,2,1,1,0,128,233,904,787,774,1005,1012,446,420,180,384,60,193,799,37,214,601,917,927,870,743,657,993,204,873,212,359,138,259,362,41,140,855,53,105,94,100,74,84,53,55,83,74,69,41,53,50,93,57,82,67,60,60,35,48,42,50,71,46,43,40,44,70,71,66
[ 30.393690] wil6210-aoa$0,1606461630.423792,04:d6:aa:c1:38:97,2,1,1,0,128,313,922,765,777,942,1019,958,250,639,165,86,233,267,903,189,598,924,953,409,935,685,13,731,31,178,340,595,26,827,876,224,66,50,98,87,92,68,78,51,53,75,72,64,40,49,45,83,51,75,63,53,55,32,45,36,44,65,41,39,36,39,61,63,57
[ 30.425662] wil6210-aoa$0,1606461630.455763,04:d6:aa:c1:38:97,2,1,1,0,128,303,892,786,756,909,977,880,193,612,113,90,199,836,23,252,598,959,998,374,894,665,11,737,54,234,407,95,234,372,49,336,26,55,111,98,106,77,88,56,59,88,79,73,47,56,52,97,60,87,68,61,64,38,54,41,53,78,48,48,42,47,75,75,69
[ 30.451704] wil6210-aoa$0,1606461630.481810,04:d6:aa:c1:38:97,2,1,1,0,128,803,760,777,756,361,792,893,209,186,390,44,173,855,54,179,554,931,980,357,895,779,87,751,34,178,391,137,274,311,27,342,176,56,107,96,103,74,85,55,58,85,80,70,44,52,52,90,57,83,69,59,60,37,54,41,50,73,47,46,39,46,72,71,68
[ 30.476411] wil6210-aoa$0,1606461630.506517,04:d6:aa:c1:38:97,2,1,1,0,128,824,782,185,546,450,831,864,178,699,225,511,1002,313,847,241,615,851,896,857,737,101,773,140,826,653,150,566,18,375,32,532,301,58,109,97,102,75,86,59,58,87,83,73,45,59,55,100,59,89,70,63,63,38,57,45,56,80,53,49,44,51,78,81,74
[ 30.504370] wil6210-aoa$0,1606461630.534471,04:d6:aa:c1:38:97,2,1,1,0,128,272,907,756,746,928,976,887,227,592,110,552,3,258,821,695,363,934,953,427,923,679,963,776,23,660,158,606,52,336,17,866,728,57,108,97,103,78,88,57,57,84,79,73,45,57,53,95,57,86,68,61,63,36,52,43,50,74,46,46,39,45,74,76,71
[ 30.536047] wil6210-aoa$0,1606461630.566149,04:d6:aa:c1:38:97,2,1,1,0,128,344,947,862,807,942,1007,922,228,199,401,53,208,828,52,189,583,925,986,417,912,720,39,776,34,229,358,109,208,367,36,79,753,58,108,99,103,75,87,58,56,86,80,74,48,58,53,96,63,87,69,60,63,37,54,41,52,76,46,45,39,46,71,73,67
[ 30.561564] wil6210-aoa$0,1606461630.591668,04:d6:aa:c1:38:97,2,1,1,0,128,276,955,793,764,965,6,376,357,643,140,493,1001,853,14,231,584,950,949,345,910,715,24,752,20,190,351,134,260,443,53,438,218,55,108,97,104,74,83,58,58,84,79,73,42,52,51,95,56,84,68,59,59,35,50,39,47,71,45,43,36,44,70,73,65
[ 30.590471] wil6210-aoa$0,1606461630.620576,04:d6:aa:c1:38:97,2,1,1,0,128,271,884,249,551,396,830,881,181,151,340,83,246,838,26,215,588,931,957,364,917,663,1003,703,1012,250,396,60,217,386,26,658,380,59,107,100,107,76,89,58,58,87,83,73,46,56,56,101,60,89,69,63,63,38,56,43,54,77,49,49,43,48,75,78,74
[ 30.620809] wil6210-aoa$0,1606461630.650918,04:d6:aa:c1:38:97,2,1,1,0,128,300,941,798,790,936,1000,406,413,154,369,34,166,838,36,175,553,358,763,873,711,183,859,775,9,187,321,132,226,331,7,186,947,52,106,96,102,74,85,56,59,86,80,71,44,54,51,94,59,91,70,59,62,38,52,41,52,76,48,46,40,45,70,72,67
[ 30.645887] wil6210-aoa$0,1606461630.675993,04:d6:aa:c1:38:97,2,1,1,0,128,271,932,218,511,403,796,869,188,600,103,582,34,827,68,688,392,876,925,366,917,671,1022,139,843,676,185,145,254,395,50,474,230,59,110,99,106,78,89,56,58,84,79,74,45,57,55,97,60,89,71,61,64,38,57,45,53,78,51,50,43,50,74,80,73
[ 30.677115] wil6210-aoa$0,1606461630.707219,04:d6:aa:c1:38:97,2,1,1,0,128,269,918,705,712,419,805,811,158,645,148,59,229,855,68,168,560,878,911,834,702,145,821,183,840,670,190,62,211,826,869,359,179,53,108,98,106,75,86,57,60,86,79,72,45,55,52,94,58,83,66,59,63,38,53,42,51,75,49,45,40,47,73,72,69
[ 30.702476] wil6210-aoa$0,1606461630.732582,04:d6:aa:c1:38:97,2,1,1,0,128,272,908,785,781,871,955,911,247,211,445,54,213,869,93,238,630,812,886,364,910,702,4,733,17,180,319,117,228,391,63,228,997,57,109,102,106,78,88,57,61,87,82,75,45,58,55,97,60,89,71,61,63,40,56,46,53,77,50,50,43,50,76,82,76
[ 30.728188] wil6210-aoa$0,1606461630.758294,04:d6:aa:c1:38:97,2,1,1,0,128,298,969,788,824,943,16,372,405,158,417,103,285,809,62,197,603,894,924,395,935,741,41,698,10,225,359,125,222,425,75,427,191,59,106,98,105,77,91,58,60,87,80,75,48,57,54,100,59,87,72,61,63,39,56,46,56,78,51,50,45,52,78,79,74
[ 30.757574] wil6210-aoa$0,1606461630.787675,04:d6:aa:c1:38:97,2,1,1,0,128,735,681,214,588,412,809,424,379,638,171,59,218,824,73,166,591,802,903,793,685,161,855,731,1019,189,350,141,277,277,5,973,788,56,107,96,104,79,90,58,58,88,82,72,48,56,53,98,61,89,71,62,64,37,54,45,52,78,50,49,42,48,74,79,73
[ 30.783524] wil6210-aoa$0,1606461630.813624,04:d6:aa:c1:38:97,2,1,1,0,128,822,779,782,782,938,1000,406,417,144,333,142,260,837,59,193,595,968,982,344,925,754,43,692,5,631,157,668,108,354,37,562,246,54,106,95,104,73,84,57,60,85,79,71,48,54,53,97,59,88,70,61,62,38,54,44,54,76,50,47,42,49,77,78,70
[ 30.816448] wil6210-aoa$0,1606461630.846550,04:d6:aa:c1:38:97,2,1,1,0,128,364,964,738,772,972,27,399,370,178,376,79,213,834,51,229,618,875,933,399,920,660,993,167,827,267,365,129,232,375,57,692,405,55,107,95,105,73,84,54,57,84,76,70,40,51,51,91,56,81,69,59,59,35,51,39,48,73,46,43,38,44,71,73,62
[ 30.842875] wil6210-aoa$0,1606461630.872983,04:d6:aa:c1:38:97,2,1,1,0,128,786,744,791,795,938,2,491,493,159,417,47,176,820,15,225,581,898,967,352,901,732,0,760,33,621,150,106,212,318,1,170,916,57,110,96,103,73,82,56,60,85,79,73,44,51,51,94,56,80,65,59,59,35,49,39,49,71,42,42,35,43,68,69,61
[ 30.867424] wil6210-aoa$0,1606461630.897530,04:d6:aa:c1:38:97,2,1,1,0,128,268,887,786,804,977,1,360,377,155,367,78,203,820,40,205,594,929,981,357,890,703,6,712,1016,171,339,102,228,392,6,229,942,56,108,95,104,76,84,56,59,86,77,71,44,54,51,90,57,85,68,60,60,39,51,40,49,74,48,44,38,46,73,71,66
[ 30.895146] wil6210-aoa$0,1606461630.925249,04:d6:aa:c1:38:97,2,1,1,0,128,329,944,784,765,955,1010,435,425,219,423,67,212,856,34,247,604,907,962,864,718,153,845,746,46,189,376,41,215,387,1022,137,942,58,108,98,105,76,87,59,60,87,84,72,47,57,54,98,61,88,72,62,64,39,55,46,55,78,50,48,44,49,77,79,75
[ 30.928133] wil6210-aoa$0,1606461630.958232,04:d6:aa:c1:38:97,2,1,1,0,128,277,893,774,780,991,1019,421,415,175,386,82,216,824,16,205,607,885,923,386,899,762,41,763,41,202,402,117,242,360,55,925,609,61,108,99,106,75,89,59,58,87,82,74,48,60,55,102,63,90,72,64,63,41,58,47,56,78,53,51,45,51,81,85,81
[ 30.955074] wil6210-aoa$0,1606461630.985175,04:d6:aa:c1:38:97,2,1,1,0,128,347,963,814,769,915,985,415,404,144,404,78,198,804,9,187,564,876,984,415,934,786,79,850,120,224,428,112,248,327,26,880,599,59,108,98,104,77,90,59,60,89,81,75,49,57,54,99,62,90,72,61,65,40,59,44,56,78,54,52,44,51,79,80,75
[ 30.987589] wil6210-aoa$0,1606461631.017690,04:d6:aa:c1:38:97,2,1,1,0,128,252,880,833,814,931,1021,410,364,159,365,51,233,837,82,204,607,895,978,367,924,735,87,704,50,210,387,139,259,368,42,836,607,55,105,98,105,73,85,55,57,85,78,70,40,54,52,91,58,82,67,59,59,34,47,39,47,68,45,43,36,41,69,67,58
[ 31.020381] wil6210-aoa$0,1606461631.050482,04:d6:aa:c1:38:97,2,1,1,0,128,743,727,235,561,419,828,855,183,655,190,22,182,217,857,699,427,914,932,843,711,167,862,109,833,669,168,587,3,854,879,953,828,53,104,94,101,73,82,53,55,81,76,68,42,51,50,89,55,83,67,57,59,34,50,39,47,70,44,42,35,42,67,70,63
[ 31.053241] wil6210-aoa$0,1606461631.083341,04:d6:aa:c1:38:97,2,1,1,0,128,260,896,762,773,950,11,429,434,186,399,106,257,840,71,190,599,891,946,406,931,692,26,744,62,194,354,159,290,414,86,345,59,55,105,92,100,74,86,57,56,86,82,72,49,55,53,97,61,86,68,62,62,40,57,45,54,77,50,51,45,52,78,82,78
[ 31.079649] wil6210-aoa$0,1606461631.109749,04:d6:aa:c1:38:97,2,1,1,0,128,337,931,769,796,909,970,377,372,177,346,96,224,739,995,618,355,873,962,371,918,177,802,769,1018,681,136,559,22,393,60,166,889,53,102,93,100,72,84,54,58,83,79,71,45,52,54,96,56,87,69,58,58,37,53,42,50,75,46,46,39,47,71,71,66
[ 31.112556] wil6210-aoa$0,1606461631.142655,04:d6:aa:c1:38:97,2,1,1,0,128,298,968,739,805,338,822,868,191,679,204,542,4,840,55,130,535,937,961,339,899,169,891,191,867,262,361,151,246,398,61,234,946,54,105,93,100,74,85,56,56,85,80,71,45,52,52,91,56,85,67,61,61,37,53,43,51,76,49,49,41,47,77,74,70
[ 31.143963] wil6210-aoa$0,1606461631.174069,04:d6:aa:c1:38:97,2,1,1,0,128,325,940,764,755,907,983,880,192,164,401,76,204,856,72,159,520,872,922,357,893,764,42,736,43,198,327,577,20,413,49,52,905,56,106,95,102,73,84,55,55,85,77,71,45,54,52,94,57,84,67,62,59,37,53,41,52,72,48,45,42,47,73,78,72
[ 31.169464] wil6210-aoa$0,1606461631.199569,04:d6:aa:c1:38:97,2,1,1,0,128,253,912,766,739,915,980,435,350,151,336,495,990,357,917,213,606,931,976,350,924,714,27,694,29,169,341,560,53,368,42,361,149,55,103,95,99,74,84,56,58,82,79,71,45,53,50,94,57,83,68,58,60,38,52,42,51,73,50,45,42,47,72,74,71
[ 31.199582] wil6210-aoa$0,1606461631.229685,04:d6:aa:c1:38:97,2,1,1,0,128,262,877,851,770,959,1012,434,387,172,340,58,141,817,36,218,592,886,950,433,940,698,33,193,853,234,385,104,195,389,26,323,19,54,105,93,100,73,83,53,57,82,74,68,40,50,48,89,55,79,67,57,58,34,49,40,45,69,44,39,35,41,68,67,58
[ 31.225600] wil6210-aoa$0,1606461631.255704,04:d6:aa:c1:38:97,2,1,1,0,128,253,910,785,779,931,992,432,397,180,391,22,189,254,848,202,575,909,967,336,868,223,860,783,51,200,359,94,195,292,957,103,960,57,104,91,97,73,84,58,58,82,80,72,46,55,51,93,57,86,68,60,62,36,54,43,53,75,49,49,42,49,77,77,73
[ 31.252298] wil6210-aoa$0,1606461631.282400,04:d6:aa:c1:38:97,2,1,1,0,128,318,907,693,728,922,982,464,445,164,346,116,205,791,29,173,590,883,910,329,884,796,41,755,24,193,324,136,254,336,47,806,514,55,104,92,98,75,85,56,55,86,77,69,45,55,53,95,57,82,68,61,61,36,51,41,51,74,45,45,38,48,71,74,69
[ 31.280456] wil6210-aoa$0,1606461631.310564,04:d6:aa:c1:38:97,2,1,1,0,128,266,949,782,762,371,821,996,277,145,363,37,200,793,8,164,574,327,739,872,767,656,1004,758,50,250,364,33,195,262,1020,239,57,55,104,95,103,71,86,57,56,84,78,71,46,58,51,94,58,86,67,61,62,38,54,45,54,76,51,49,43,49,77,78,75
[ 31.312722] wil6210-aoa$0,1606461631.342824,04:d6:aa:c1:38:97,2,1,1,0,128,273,922,797,817,939,1020,422,418,146,355,24,166,802,47,163,528,871,924,401,911,674,1004,725,35,196,362,99,261,363,34,452,185,56,107,94,105,73,85,57,59,84,78,72,44,51,51,93,57,83,69,59,61,36,50,39,50,73,44,43,38,43,68,68,63
[ 31.345943] wil6210-aoa$0,1606461631.376045,04:d6:aa:c1:38:97,2,1,1,0,128,328,997,819,807,945,1018,352,363,197,402,67,181,810,35,251,602,906,915,416,869,764,76,744,60,196,368,116,224,338,9,751,568,57,107,97,103,73,88,58,59,88,83,73,46,56,53,97,59,86,71,62,62,37,55,45,53,76,49,49,43,49,79,78,73
[ 31.389504] wil6210-aoa$0,1606461631.419606,04:d6:aa:c1:38:97,2,1,1,0,128,757,749,824,821,996,1021,340,362,172,386,41,205,806,20,179,592,894,946,809,681,158,825,250,910,178,324,87,209,325,1011,423,216,58,107,96,106,75,88,58,60,86,84,74,45,59,55,98,60,89,71,62,63,36,56,45,52,77,51,49,44,51,76,78,71
[ 31.422510] wil6210-aoa$0,1606461631.452612,04:d6:aa:c1:38:97,2,1,1,0,128,345,958,761,784,927,992,369,346,618,126,497,1006,809,30,178,564,930,970,406,951,715,4,778,53,132,329,605,46,903,850,324,79,54,103,94,102,71,85,55,59,82,74,68,42,52,50,91,58,81,66,58,61,35,51,41,51,73,47,44,39,46,71,74,67
[ 31.450358] wil6210-aoa$0,1606461631.480464,04:d6:aa:c1:38:97,2,1,1,0,128,292,941,847,786,980,21,408,383,201,368,45,187,773,23,163,560,866,951,829,728,637,996,702,4,286,411,90,237,365,48,107,911,56,105,94,101,75,85,57,58,85,78,71,46,55,53,95,57,86,68,60,61,35,53,42,51,75,49,47,42,48,74,79,71
[ 31.476108] wil6210-aoa$0,1606461631.506214,04:d6:aa:c1:38:97,2,1,1,0,128,270,917,214,597,420,829,885,184,639,163,77,199,293,877,691,357,414,785,842,665,175,835,723,1016,278,398,118,239,305,15,886,650,54,104,93,99,73,84,57,58,81,77,71,40,54,50,93,58,83,67,59,60,36,52,41,48,73,47,45,39,46,73,73,65
[ 31.503679] wil6210-aoa$0,1606461631.533779,04:d6:aa:c1:38:97,2,1,1,0,128,320,928,812,763,966,981,860,192,584,141,44,183,850,54,181,560,948,946,339,858,173,872,737,16,694,161,632,47,291,1008,80,866,51,104,92,100,71,81,57,58,84,74,69,43,53,51,91,55,83,66,57,60,35,51,42,50,74,46,47,40,45,72,73,70
[ 31.536721] wil6210-aoa$0,1606461631.566822,04:d6:aa:c1:38:97,2,1,1,0,128,296,946,762,743,893,950,411,392,181,378,112,234,872,89,190,590,839,881,364,864,749,54,726,18,208,365,105,229,382,49,444,123,54,107,94,100,73,83,55,58,84,79,72,45,52,52,96,57,83,68,62,61,36,52,44,52,75,50,46,42,49,78,77,75
[ 31.567128] wil6210-aoa$0,1606461631.597237,04:d6:aa:c1:38:97,2,1,1,0,128,348,990,805,824,931,7,367,339,231,409,46,225,878,128,115,546,887,971,333,901,712,35,690,997,256,388,217,283,411,108,292,952,55,104,94,101,73,85,57,57,81,77,69,44,55,53,94,59,87,69,59,61,37,54,43,53,78,51,48,45,51,75,79,74
[ 31.596729] wil6210-aoa$0,1606461631.626831,04:d6:aa:c1:38:97,2,1,1,0,128,318,967,794,824,849,959,897,210,143,371,65,189,885,85,232,600,924,990,360,902,775,93,709,27,314,470,80,210,411,47,104,812,52,103,91,98,68,78,53,54,79,71,66,40,48,48,86,53,75,62,55,55,32,47,36,44,68,41,39,34,40,64,62,57
[ 31.629859] wil6210-aoa$0,1606461631.659960,04:d6:aa:c1:38:97,2,1,1,0,128,331,922,759,742,419,822,401,362,620,152,495,998,235,874,685,382,921,969,369,890,743,45,657,991,260,409,127,256,408,62,696,408,55,103,94,100,73,85,57,56,82,78,73,46,56,53,96,59,84,67,60,59,37,52,43,53,74,50,47,42,48,75,78,76
[ 31.663282] wil6210-aoa$0,1606461631.693384,04:d6:aa:c1:38:97,2,1,1,0,128,280,891,787,773,973,1018,527,421,182,381,107,202,844,46,186,546,883,935,395,885,759,24,751,16,225,383,54,168,353,17,489,236,57,100,91,98,73,84,57,57,84,80,72,47,57,53,96,58,88,68,58,63,38,56,44,53,77,53,51,44,50,80,83,81
[ 31.697198] wil6210-aoa$0,1606461631.727300,04:d6:aa:c1:38:97,2,1,1,0,128,752,718,806,814,973,1000,437,423,169,404,38,242,853,55,170,535,872,946,350,881,702,27,749,47,214,353,190,270,325,22,360,93,53,105,94,100,76,84,55,56,84,77,69,44,53,51,91,57,83,68,60,61,37,54,42,53,74,49,47,42,46,73,77,71
[ 31.730179] wil6210-aoa$0,1606461631.760285,04:d6:aa:c1:38:97,2,1,1,0,128,314,952,739,731,387,829,450,430,189,389,38,227,796,1023,223,593,953,972,367,894,745,26,768,59,227,385,107,222,393,28,118,901,56,107,96,103,73,86,57,58,84,81,71,45,57,53,96,59,84,69,62,61,39,54,43,52,74,50,47,42,49,74,78,73
[ 31.756180] wil6210-aoa$0,1606461631.786289,04:d6:aa:c1:38:97,2,1,1,0,128,293,958,774,797,958,27,397,433,201,368,44,201,863,77,205,607,873,971,313,882,762,48,685,1009,208,356,162,264,400,51,4,662,54,107,95,102,72,84,56,59,84,77,69,43,52,49,91,55,81,67,56,56,36,49,40,47,72,44,42,37,43,66,69,61
[ 31.785923] wil6210-aoa$0,1606461631.816025,04:d6:aa:c1:38:97,2,1,1,0,128,290,963,782,774,868,970,901,206,155,358,72,216,268,880,621,351,372,784,387,927,737,51,662,1019,690,210,47,189,369,61,16,815,58,106,96,105,75,90,59,58,85,83,73,49,57,54,100,62,87,71,63,63,40,58,46,56,77,51,50,45,51,78,84,80
[ 31.817845] wil6210-aoa$0,1606461631.847953,04:d6:aa:c1:38:97,2,1,1,0,128,332,955,768,794,925,981,458,417,189,392,29,218,794,31,145,523,883,917,866,751,719,21,150,851,194,339,78,190,368,43,48,926,54,104,92,98,72,81,56,57,81,77,69,43,52,50,88,54,82,65,57,58,33,47,38,47,70,42,41,35,41,67,66,57
[ 31.847001] wil6210-aoa$0,1606461631.877103,04:d6:aa:c1:38:97,2,1,1,0,128,771,754,253,584,397,840,443,420,196,414,53,196,825,0,680,422,352,780,366,906,793,35,724,38,250,366,86,210,393,49,604,349,57,103,93,100,75,86,57,56,82,80,72,46,56,54,98,59,85,69,61,62,37,55,44,53,78,51,49,44,50,77,82,75
[ 31.880686] wil6210-aoa$0,1606461631.910787,04:d6:aa:c1:38:97,2,1,1,0,128,741,715,206,554,924,969,425,419,175,360,83,207,801,36,225,594,887,974,421,977,704,36,775,61,224,377,82,185,362,37,488,245,55,105,92,101,75,85,57,58,84,81,72,47,55,52,95,58,86,67,62,62,38,55,44,53,77,51,50,44,48,75,78,75
[ 31.914116] wil6210-aoa$0,1606461631.944220,04:d6:aa:c1:38:97,2,1,1,0,128,348,935,771,768,993,16,421,408,182,366,83,224,829,53,221,589,898,951,387,886,720,14,716,9,158,356,99,243,398,69,326,30,54,102,92,98,73,84,53,54,82,79,68,41,51,50,92,58,82,68,57,59,36,52,40,51,74,48,45,41,45,74,72,70
[ 31.941319] wil6210-aoa$0,1606461631.971420,04:d6:aa:c1:38:97,2,1,1,0,128,206,867,256,587,867,972,353,402,590,122,108,235,782,38,619,333,323,777,375,931,715,66,730,65,242,407,118,229,390,59,417,296,56,102,94,100,74,83,57,59,84,77,69,45,52,51,96,56,85,69,58,61,36,52,42,49,75,49,48,41,48,72,73,71
[ 31.974840] wil6210-aoa$0,1606461632.004935,04:d6:aa:c1:38:97,2,1,1,0,128,290,941,734,742,922,984,397,387,201,388,38,208,792,73,162,554,840,912,372,901,669,1019,707,1014,156,327,13,174,335,16,226,10,53,105,92,98,73,86,54,56,81,77,70,44,54,52,96,59,85,69,58,61,39,52,42,50,72,47,45,40,45,72,71,69
[ 32.002174] wil6210-aoa$0,1606461632.032276,04:d6:aa:c1:38:97,2,1,1,0,128,285,943,779,774,988,1019,474,415,290,458,82,211,838,72,205,595,881,930,381,911,707,46,776,47,262,435,104,242,384,49,191,959,50,103,89,98,70,79,50,55,79,71,67,39,48,47,85,53,79,64,54,55,34,45,37,44,65,39,39,34,38,60,62,56
[ 32.030861] wil6210-aoa$0,1606461632.060967,04:d6:aa:c1:38:97,2,1,1,0,128,339,963,778,767,379,805,919,263,147,374,27,188,817,37,191,563,912,936,387,887,173,877,173,845,258,345,116,206,348,20,149,964,53,102,90,97,71,83,55,55,81,77,67,45,51,51,92,56,83,66,59,58,37,52,42,49,72,46,46,39,47,72,74,68
[ 32.062246] wil6210-aoa$0,1606461632.092352,04:d6:aa:c1:38:97,2,1,1,0,128,830,754,259,614,361,809,889,197,625,185,508,1006,297,900,604,316,354,755,391,875,153,818,215,869,689,153,605,13,848,867,213,42,53,102,92,97,69,83,52,55,82,76,68,44,52,49,91,56,80,66,58,58,37,50,40,49,73,43,45,37,45,68,70,65
[ 32.088575] wil6210-aoa$0,1606461632.118681,04:d6:aa:c1:38:97,2,1,1,0,128,277,896,784,787,943,1009,433,398,231,399,82,207,873,56,226,613,921,967,326,877,734,47,823,75,242,417,138,254,350,61,323,20,53,102,92,100,72,83,55,56,83,78,68,44,55,53,93,57,84,69,59,61,36,54,42,52,74,49,49,41,49,76,76,70
[ 32.130657] wil6210-aoa$0,1606461632.160759,04:d6:aa:c1:38:97,2,1,1,0,128,260,919,776,789,412,803,903,254,184,386,18,187,813,29,281,616,884,967,392,837,166,844,707,3,219,351,59,195,784,821,262,140,56,107,96,102,75,86,57,55,84,79,72,43,52,51,92,57,84,67,59,58,35,50,41,49,73,45,44,38,43,69,72,66
[ 32.164242] wil6210-aoa$0,1606461632.194344,04:d6:aa:c1:38:97,2,1,1,0,128,295,909,808,796,950,1011,435,393,636,152,77,207,287,896,208,606,327,774,448,947,716,40,718,29,717,170,99,228,371,18,501,164,55,108,95,104,72,83,54,56,82,76,68,44,50,49,91,55,81,66,58,58,33,47,40,46,69,42,41,35,41,67,66,58
[ 32.197826] wil6210-aoa$0,1606461632.227927,04:d6:aa:c1:38:97,2,1,1,0,128,280,925,750,768,960,19,398,384,163,357,11,182,282,896,225,578,926,963,414,919,750,28,722,37,265,402,89,229,377,81,109,813,58,106,97,102,74,87,54,59,86,80,72,45,54,53,95,59,84,69,60,61,36,51,42,49,71,45,45,38,46,71,71,67
[ 32.231987] wil6210-aoa$0,1606461632.262091,04:d6:aa:c1:38:97,2,1,1,0,128,310,960,762,791,955,1017,422,428,124,361,58,218,785,32,172,578,876,938,382,875,697,18,756,42,214,360,113,236,374,76,38,795,56,104,90,100,74,88,54,55,84,79,71,44,55,51,93,57,85,66,61,60,35,52,42,50,76,47,45,39,48,72,73,67
[ 32.265877] wil6210-aoa$0,1606461632.295977,04:d6:aa:c1:38:97,2,1,1,0,128,348,947,735,723,974,1,387,336,182,386,1007,156,851,36,617,320,903,945,317,864,182,872,161,852,694,158,527,1013,365,21,170,978,53,101,94,99,73,82,58,57,83,77,72,45,53,51,93,57,85,67,59,58,36,54,42,51,75,49,46,42,48,75,73,69
[ 32.294412] wil6210-aoa$0,1606461632.324513,04:d6:aa:c1:38:97,2,1,1,0,128,252,907,807,805,936,1013,404,362,218,415,34,191,894,71,187,615,872,948,390,924,694,1007,708,995,655,167,133,258,339,45,430,231,52,102,91,99,71,82,54,54,82,77,70,46,53,50,93,59,86,69,59,62,38,54,42,51,74,51,46,41,47,75,76,72
[ 32.328500] wil6210-aoa$0,1606461632.358602,04:d6:aa:c1:38:97,2,1,1,0,128,751,709,250,602,917,1002,342,359,184,364,12,158,821,43,199,626,835,929,394,916,739,1022,763,12,214,354,87,219,401,57,441,166,59,112,102,107,78,89,59,60,88,85,74,46,58,55,102,62,89,74,62,64,38,57,43,55,80,52,49,43,48,76,79,74
[ 32.362544] wil6210-aoa$0,1606461632.392645,04:d6:aa:c1:38:97,2,1,1,0,128,256,912,829,806,897,970,443,394,143,346,58,134,227,892,652,377,902,952,824,692,770,89,774,53,254,379,543,47,385,32,652,469,54,102,91,97,71,83,55,55,82,74,68,45,51,51,92,55,80,66,58,60,37,50,41,50,73,45,47,39,46,73,73,68
[ 32.389633] wil6210-aoa$0,1606461632.419737,04:d6:aa:c1:38:97,2,1,1,0,128,300,958,759,784,969,1014,394,400,89,323,518,1003,816,50,206,587,940,983,395,945,648,1012,122,797,245,393,79,227,358,55,37,817,54,101,92,102,71,84,56,57,82,76,69,42,54,51,93,57,83,68,59,61,35,52,42,50,74,46,45,38,47,74,75,70
[ 32.416045] wil6210-aoa$0,1606461632.446150,04:d6:aa:c1:38:97,2,1,1,0,128,265,935,825,797,947,7,395,415,176,403,37,203,917,98,140,546,878,925,395,937,754,33,738,31,203,364,120,248,380,31,535,279,56,101,92,98,73,85,56,58,82,79,69,45,57,52,95,60,85,68,59,60,37,54,42,51,73,51,47,40,47,74,76,69
[ 32.445161] wil6210-aoa$0,1606461632.475262,04:d6:aa:c1:38:97,2,1,1,0,128,274,920,819,761,921,958,416,362,136,369,62,164,786,1016,193,541,910,921,359,895,744,75,784,56,265,386,91,239,382,54,666,394,57,100,92,99,74,82,55,57,83,78,69,46,52,52,95,58,84,68,59,62,38,52,42,52,75,50,47,43,49,76,80,72
[ 32.477512] wil6210-aoa$0,1606461632.507617,04:d6:aa:c1:38:97,2,1,1,0,128,819,743,845,786,371,802,429,380,603,134,59,180,796,1004,206,581,355,748,871,724,185,839,179,830,637,118,129,181,779,810,113,995,55,102,90,99,73,82,55,55,83,76,71,44,52,51,90,56,81,65,60,58,35,51,42,50,72,45,44,39,45,69,73,68
[ 32.507687] wil6210-aoa$0,1606461632.537788,04:d6:aa:c1:38:97,2,1,1,0,128,298,937,727,744,907,998,867,190,240,393,72,151,839,4,244,621,969,997,356,885,144,824,199,860,711,180,143,236,325,1010,431,241,54,98,89,97,74,84,57,55,84,81,71,46,54,53,94,58,85,69,59,61,37,56,42,52,77,50,49,44,50,79,78,73
[ 32.541879] wil6210-aoa$0,1606461632.571980,04:d6:aa:c1:38:97,2,1,1,0,128,742,719,262,595,386,776,838,188,676,201,992,147,278,864,679,398,907,976,408,910,141,847,245,894,220,371,561,22,842,884,552,290,58,106,97,100,76,90,58,57,85,81,72,47,57,54,99,61,86,69,60,63,40,58,46,56,77,53,52,46,52,81,84,78
[ 32.576549] wil6210-aoa$0,1606461632.606655,04:d6:aa:c1:38:97,2,1,1,0,128,772,752,715,728,389,818,890,184,168,379,51,224,793,66,169,607,868,932,350,922,716,56,153,848,201,358,562,8,349,16,568,365,58,107,95,101,74,87,56,58,85,80,74,47,55,52,99,60,86,69,61,63,38,56,45,52,77,51,49,42,50,78,82,77
[ 32.604738] wil6210-aoa$0,1606461632.634840,04:d6:aa:c1:38:97,2,1,1,0,128,285,926,779,764,945,1001,402,410,139,398,117,247,882,106,179,585,846,926,435,939,696,20,678,25,722,210,137,253,426,76,277,83,56,107,96,103,74,87,56,60,84,80,70,45,53,49,93,58,84,69,59,60,36,53,42,50,73,47,46,40,47,71,74,68
[ 32.639205] wil6210-aoa$0,1606461632.669310,04:d6:aa:c1:38:97,2,1,1,0,128,767,726,227,591,378,836,852,249,665,203,549,50,864,70,646,352,388,734,882,714,198,855,246,867,197,363,629,27,811,843,750,596,55,105,97,102,74,87,57,58,83,79,72,45,56,53,97,60,85,68,58,61,38,54,43,52,76,50,47,42,48,75,76,73
[ 32.666027] wil6210-aoa$0,1606461632.696133,04:d6:aa:c1:38:97,2,1,1,0,128,311,963,774,792,924,961,452,443,220,424,19,181,840,37,135,525,935,971,340,904,663,3,721,22,182,316,114,245,383,9,233,44,55,103,91,99,74,86,56,58,82,78,71,41,52,50,94,56,84,67,60,60,37,52,42,49,74,47,47,41,46,71,74,69
[ 32.695807] wil6210-aoa$0,1606461632.725909,04:d6:aa:c1:38:97,2,1,1,0,128,277,939,772,761,964,1023,368,324,217,408,1011,160,278,882,185,569,940,956,403,891,758,42,721,30,235,393,603,39,377,41,802,587,54,101,93,101,71,83,54,57,81,77,70,44,52,50,95,57,82,68,58,59,36,51,42,51,72,48,46,39,45,71,72,68
[ 32.731687] wil6210-aoa$0,1606461632.761790,04:d6:aa:c1:38:97,2,1,1,0,128,251,890,809,799,1016,22,426,407,204,387,11,199,279,872,648,348,914,971,869,740,738,65,695,24,120,354,102,233,350,11,78,867,54,105,91,100,74,82,55,54,83,76,72,44,52,50,94,57,83,66,59,61,36,51,41,50,74,47,47,41,47,74,76,72
[ 32.765920] wil6210-aoa$0,1606461632.796019,04:d6:aa:c1:38:97,2,1,1,0,128,261,915,805,766,957,8,458,457,144,384,18,172,878,106,230,622,882,986,335,882,735,16,180,824,715,189,633,29,418,76,726,413,55,113,96,105,75,84,55,58,86,79,71,44,54,53,96,59,82,68,61,60,37,51,41,50,72,47,47,37,46,71,74,66
[ 32.794123] wil6210-aoa$0,1606461632.824226,04:d6:aa:c1:38:97,2,1,1,0,128,274,918,731,752,941,1015,374,365,212,416,26,184,828,87,142,564,970,978,380,912,162,876,739,48,213,396,111,271,397,72,68,779,52,103,90,97,69,83,52,54,80,76,69,43,52,51,91,54,80,64,55,59,35,49,39,48,70,45,42,36,44,71,69,64
[ 32.823750] wil6210-aoa$0,1606461632.853855,04:d6:aa:c1:38:97,2,1,1,0,128,757,766,791,769,959,1011,431,414,177,386,72,184,820,59,138,510,359,766,841,721,755,53,739,34,184,354,90,216,351,17,204,1002,55,103,92,99,73,84,55,56,81,78,71,44,55,53,94,57,85,69,59,60,38,53,43,52,75,49,49,41,48,74,78,74
[ 32.856130] wil6210-aoa$0,1606461632.886236,04:d6:aa:c1:38:97,2,1,1,0,128,311,930,784,770,921,977,819,176,639,141,534,38,202,789,713,400,351,736,863,706,144,844,200,877,190,350,580,16,787,814,762,613,51,100,91,99,72,84,54,54,83,77,68,42,52,52,93,57,83,66,59,59,37,52,42,50,74,46,46,40,46,72,74,71
[ 32.887816] wil6210-aoa$0,1606461632.917917,04:d6:aa:c1:38:97,2,1,1,0,128,785,711,842,801,897,949,922,198,166,346,51,224,807,31,179,541,340,739,830,690,149,862,191,813,712,195,111,227,314,1015,820,635,53,100,92,99,72,82,54,54,83,77,70,43,53,50,90,55,80,67,56,57,33,50,40,48,71,45,43,37,44,71,69,62
[ 32.922987] wil6210-aoa$0,1606461632.953088,04:d6:aa:c1:38:97,2,1,1,0,128,271,912,758,770,862,940,494,408,146,378,1022,156,830,70,175,585,953,1014,393,948,746,38,717,32,254,415,58,193,354,41,605,455,52,101,90,96,70,82,54,55,79,75,67,42,52,50,91,54,80,66,55,56,33,49,38,44,70,45,41,36,42,67,64,60
[ 32.957756] wil6210-aoa$0,1606461632.987860,04:d6:aa:c1:38:97,2,1,1,0,128,748,724,233,522,1015,9,422,389,180,373,63,247,789,12,225,570,947,982,366,954,669,996,737,38,654,155,150,248,394,53,269,3,54,105,96,100,73,83,55,58,82,78,72,43,54,53,91,57,83,67,60,58,36,49,40,47,71,44,42,37,44,65,71,64
[ 32.986334] wil6210-aoa$0,1606461633.016435,04:d6:aa:c1:38:97,2,1,1,0,128,796,743,231,568,401,789,414,396,198,376,102,265,825,52,184,541,919,964,331,866,724,53,722,13,227,401,52,234,296,11,326,139,56,104,97,100,73,88,59,58,84,81,73,49,56,52,101,61,88,69,60,64,38,57,46,55,77,52,50,45,53,81,81,77
[ 33.021246] wil6210-aoa$0,1606461633.051351,04:d6:aa:c1:38:97,2,1,1,0,128,265,909,196,568,926,978,898,234,160,352,557,76,769,15,662,410,872,885,871,719,167,853,672,998,199,304,599,32,876,915,826,582,56,104,96,103,73,86,57,59,84,77,72,43,52,51,91,57,82,67,59,60,36,51,41,50,72,44,44,40,44,71,71,65
[ 33.048360] wil6210-aoa$0,1606461633.078466,04:d6:aa:c1:38:97,2,1,1,0,128,289,934,787,782,893,993,389,394,136,369,67,201,845,75,195,586,859,913,838,689,156,890,706,1019,733,201,150,257,369,59,804,559,56,103,92,99,75,83,55,55,84,77,72,46,55,52,94,59,85,68,59,60,38,52,43,51,75,49,46,43,50,78,79,72
[ 33.079307] wil6210-aoa$0,1606461633.109408,04:d6:aa:c1:38:97,2,1,1,0,128,251,891,875,859,962,1013,390,417,183,370,122,222,812,31,157,563,943,941,422,924,804,49,734,49,200,359,132,226,378,50,736,363,56,101,94,100,76,86,57,56,83,79,71,48,57,53,98,60,85,68,61,63,39,56,46,54,79,52,49,43,50,77,80,74
[ 33.106692] wil6210-aoa$0,1606461633.136796,04:d6:aa:c1:38:97,2,1,1,0,128,277,920,776,778,900,985,413,380,129,345,496,1003,289,874,125,539,917,953,377,879,714,1013,712,8,161,326,158,265,394,38,359,151,52,104,92,99,71,82,53,54,82,76,68,41,50,48,86,54,79,65,56,54,35,48,40,48,71,43,43,39,42,67,69,64
[ 33.136834] wil6210-aoa$0,1606461633.166937,04:d6:aa:c1:38:97,2,1,1,0,128,313,945,779,791,889,969,457,430,167,347,80,230,789,1,723,413,353,768,417,890,806,27,692,991,249,353,84,209,398,42,885,605,50,100,91,98,70,79,52,55,78,74,65,37,49,48,82,53,74,61,54,54,30,44,35,40,63,37,34,29,35,58,55,50
[ 33.171859] wil6210-aoa$0,1606461633.201960,04:d6:aa:c1:38:97,2,1,1,0,128,340,942,686,705,931,973,802,133,604,133,79,206,848,38,233,611,899,942,304,843,229,900,722,1023,677,156,568,56,354,56,405,169,54,102,91,97,72,82,53,55,80,76,69,44,52,51,92,55,80,66,58,58,34,51,41,48,71,46,45,39,45,71,70,66
[ 33.207144] wil6210-aoa$0,1606461633.237250,04:d6:aa:c1:38:97,2,1,1,0,128,249,882,749,758,925,965,838,171,121,346,29,151,825,40,152,536,844,920,843,746,693,41,710,29,673,157,569,33,857,918,130,933,56,104,93,97,73,83,54,56,84,77,69,42,54,52,92,57,83,67,60,60,38,52,41,50,72,47,44,40,45,73,75,69
[ 33.235731] wil6210-aoa$0,1606461633.265833,04:d6:aa:c1:38:97,2,1,1,0,128,763,752,812,807,366,787,937,218,613,153,45,196,291,861,668,356,357,731,843,735,698,1005,744,39,217,362,564,5,335,1012,712,470,53,104,92,98,74,82,56,56,82,75,69,43,55,52,93,56,83,67,58,58,35,52,41,49,72,47,44,38,45,71,74,66
[ 33.270682] wil6210-aoa$0,1606461633.300788,04:d6:aa:c1:38:97,2,1,1,0,128,262,916,769,777,909,973,500,473,183,402,78,220,880,85,243,577,933,982,444,917,813,109,685,30,234,400,106,256,375,1022,282,963,54,104,92,98,75,83,55,56,82,77,68,41,52,51,90,54,80,66,59,58,36,50,40,49,74,46,47,40,45,70,73,69
[ 33.300989] wil6210-aoa$0,1606461633.331090,04:d6:aa:c1:38:97,2,1,1,0,128,765,747,272,593,400,833,894,217,617,144,72,235,277,886,691,429,953,1023,345,907,711,15,754,15,188,351,616,37,377,42,570,366,56,101,94,98,74,86,56,57,83,81,68,44,56,51,94,57,82,68,61,59,36,53,44,49,76,48,48,42,48,73,75,71
[ 33.334673] wil6210-aoa$0,1606461633.364778,04:d6:aa:c1:38:97,2,1,1,0,128,305,919,813,799,944,1012,349,328,631,151,27,216,796,29,707,441,340,775,822,662,195,822,192,872,221,336,660,49,293,1022,399,258,50,102,92,99,69,80,54,56,78,70,68,41,49,48,84,53,77,65,57,57,32,47,39,46,67,42,38,32,41,63,61,57
[ 33.365602] wil6210-aoa$0,1606461633.395703,04:d6:aa:c1:38:97,2,1,1,0,128,245,910,754,761,901,963,409,374,140,340,26,174,809,32,152,533,878,921,402,906,694,0,691,1017,246,383,140,257,330,18,814,704,56,106,96,102,75,82,53,55,84,77,72,45,54,51,93,58,83,68,59,61,36,54,41,51,73,47,45,39,44,70,70,66
[ 33.400804] wil6210-aoa$0,1606461633.430905,04:d6:aa:c1:38:97,2,1,1,0,128,229,876,719,721,955,1008,429,435,146,387,53,187,806,0,223,581,929,955,355,880,750,55,725,25,205,394,170,295,318,11,981,718,55,108,95,104,77,86,59,59,84,81,74,48,57,52,99,59,88,71,60,62,38,54,43,52,76,49,46,42,49,77,75,72
[ 33.437535] wil6210-aoa$0,1606461633.467640,04:d6:aa:c1:38:97,2,1,1,0,128,304,958,765,757,929,1005,335,398,145,401,46,187,289,876,677,395,295,731,851,722,788,37,736,24,206,383,59,190,393,20,1001,753,53,105,92,102,71,82,55,56,82,78,71,46,52,51,95,58,85,69,59,60,35,50,40,50,74,47,45,38,45,72,71,64
[ 33.467781] wil6210-aoa$0,1606461633.497881,04:d6:aa:c1:38:97,2,1,1,0,128,237,900,196,583,955,997,389,348,626,141,90,219,792,1018,230,600,336,728,864,696,756,6,744,25,179,324,69,211,318,1002,497,256,53,102,93,101,73,85,55,57,81,76,71,42,52,51,93,58,82,66,59,59,37,50,42,50,71,45,43,38,43,69,71,65
[ 33.503258] wil6210-aoa$0,1606461633.533359,04:d6:aa:c1:38:97,2,1,1,0,128,284,918,708,734,948,14,376,349,606,145,18,168,244,875,177,579,893,952,832,691,169,861,676,11,252,359,577,20,872,864,912,784,54,102,92,100,73,84,55,54,82,78,70,45,55,53,97,57,84,68,61,61,37,55,43,52,76,49,49,43,51,75,80,74
[ 33.538839] wil6210-aoa$0,1606461633.568944,04:d6:aa:c1:38:97,2,1,1,0,128,288,971,735,767,959,1,361,381,197,415,122,226,819,65,196,612,924,981,429,947,719,65,745,34,236,370,113,246,338,9,858,672,55,102,88,98,71,82,56,56,83,75,70,43,54,51,94,57,81,66,58,60,36,53,42,52,75,48,45,39,47,73,75,68
[ 33.567726] wil6210-aoa$0,1606461633.597826,04:d6:aa:c1:38:97,2,1,1,0,128,245,924,810,844,934,985,441,419,110,312,98,242,827,57,198,560,968,987,386,911,760,29,777,62,241,409,173,301,391,101,88,749,54,103,91,96,73,83,55,54,82,76,69,43,53,51,93,54,82,66,58,62,35,51,40,49,71,45,45,40,44,71,71,67
[ 33.602298] wil6210-aoa$0,1606461633.632404,04:d6:aa:c1:38:97,2,1,1,0,128,311,908,812,789,988,1016,435,392,160,342,38,173,870,44,264,598,924,973,363,886,768,41,757,40,189,372,125,239,327,31,182,2,51,100,91,98,70,82,56,54,79,75,69,43,52,51,90,54,79,65,57,58,36,51,38,47,70,45,45,37,43,72,71,67
[ 33.629558] wil6210-aoa$0,1606461633.659663,04:d6:aa:c1:38:97,2,1,1,0,128,303,945,805,796,958,18,356,396,144,364,63,185,867,31,215,583,899,923,376,885,741,30,691,0,185,335,159,253,356,33,102,952,55,102,92,96,74,86,57,57,83,79,71,47,56,52,99,60,86,69,60,63,37,54,43,53,77,50,48,43,50,76,79,73
[ 33.661679] wil6210-aoa$0,1606461633.691783,04:d6:aa:c1:38:97,2,1,1,0,128,721,690,231,590,376,801,932,218,231,408,83,205,831,71,138,563,395,814,328,873,696,1017,666,978,703,166,119,257,418,65,445,151,56,110,97,105,76,89,59,58,91,82,77,48,58,54,101,60,90,71,62,64,41,57,46,55,81,52,51,45,53,79,85,78
[ 33.691144] wil6210-aoa$0,1606461633.721245,04:d6:aa:c1:38:97,2,1,1,0,128,261,933,720,743,346,793,908,231,192,378,7,178,878,96,186,618,879,955,360,879,688,1005,726,1016,182,317,70,182,849,846,995,809,52,101,89,96,69,79,53,53,80,74,69,38,48,48,88,52,75,63,55,55,33,47,38,47,67,42,40,34,41,65,65,61
[ 33.727080] wil6210-aoa$0,1606461633.757185,04:d6:aa:c1:38:97,2,1,1,0,128,314,950,824,791,950,994,385,369,610,152,94,207,846,73,660,360,348,757,340,865,151,827,733,1019,681,173,580,68,810,875,893,682,52,99,92,96,70,81,54,55,82,76,68,41,50,47,89,54,77,63,56,56,33,49,38,47,69,43,44,38,42,67,67,64
[ 33.756228] wil6210-aoa$0,1606461633.786329,04:d6:aa:c1:38:97,2,1,1,0,128,794,763,790,817,931,1015,399,380,168,379,74,219,818,41,677,383,366,771,420,937,733,19,767,30,257,393,67,145,378,50,725,556,56,103,94,100,71,83,55,58,79,75,68,42,51,51,89,56,81,65,57,59,34,49,40,49,71,44,43,36,43,68,66,63
[ 33.791877] wil6210-aoa$0,1606461633.821977,04:d6:aa:c1:38:97,2,1,1,0,128,334,957,718,723,973,1014,420,397,146,351,53,184,776,37,606,360,338,787,855,675,210,897,177,817,710,191,605,68,839,852,42,890,54,104,95,99,71,82,53,57,80,75,68,41,51,49,91,56,82,67,59,58,34,49,40,49,73,46,43,38,44,74,72,66
[ 33.823097] wil6210-aoa$0,1606461633.853203,04:d6:aa:c1:38:97,2,1,1,0,128,275,926,767,797,896,959,440,397,168,377,78,238,830,72,201,556,937,957,332,898,724,36,713,2,206,343,81,234,336,1023,505,314,58,106,94,103,75,87,58,58,85,81,72,49,56,53,99,63,89,70,61,64,38,57,45,55,80,54,50,44,51,79,82,80
[ 33.850654] wil6210-aoa$0,1606461633.880755,04:d6:aa:c1:38:97,2,1,1,0,128,275,936,783,792,943,1011,432,422,127,316,101,247,847,73,194,586,942,962,434,926,789,103,732,61,254,423,85,253,404,76,258,1015,54,108,96,101,74,84,55,57,83,78,70,44,53,53,91,57,85,68,61,60,35,51,41,49,73,47,45,41,45,71,74,68
[ 33.883020] wil6210-aoa$0,1606461633.913124,04:d6:aa:c1:38:97,2,1,1,0,128,247,880,194,522,421,834,821,189,679,206,58,195,838,41,194,605,884,904,415,964,704,28,732,13,245,430,95,230,405,74,931,615,60,110,100,105,78,93,60,61,87,82,76,48,57,57,103,60,92,73,64,66,40,60,46,57,82,55,51,46,53,82,88,81
[ 33.910571] wil6210-aoa$0,1606461633.940676,04:d6:aa:c1:38:97,2,1,1,0,128,279,905,723,719,417,808,884,219,263,461,67,218,828,33,152,556,912,940,392,935,645,2,744,56,240,370,75,244,334,1005,616,424,51,101,90,96,70,76,51,53,77,70,66,39,48,47,82,51,74,61,52,53,31,42,35,43,63,39,38,34,38,62,66,60
[ 33.938747] wil6210-aoa$0,1606461633.968849,04:d6:aa:c1:38:97,2,1,1,0,128,269,928,749,756,939,1019,401,378,179,352,538,1016,325,892,682,424,426,787,420,893,726,985,245,862,234,386,164,267,341,17,754,429,50,101,91,98,71,79,50,53,78,72,68,43,49,48,88,52,78,64,56,54,33,47,36,44,67,38,38,31,37,61,63,57
[ 33.974981] wil6210-aoa$0,1606461634.005082,04:d6:aa:c1:38:97,2,1,1,0,128,278,930,768,765,901,980,426,382,215,421,26,198,794,29,247,626,845,930,380,902,713,12,784,59,260,414,74,240,406,85,577,355,52,103,89,97,70,81,53,56,79,74,69,41,51,50,90,53,80,65,57,56,35,51,38,49,70,44,45,39,46,70,71,66
[ 34.004297] wil6210-aoa$0,1606461634.034399,04:d6:aa:c1:38:97,2,1,1,0,128,744,730,865,847,901,995,421,414,558,131,122,214,265,868,659,374,922,909,402,911,714,991,809,88,201,342,133,212,850,893,205,103,52,101,89,97,70,80,53,54,79,75,67,42,52,48,89,55,82,65,57,58,34,52,39,49,71,45,43,36,45,70,69,65
[ 34.040345] wil6210-aoa$0,1606461634.070448,04:d6:aa:c1:38:97,2,1,1,0,128,297,926,783,763,945,997,410,422,139,369,138,257,742,5,238,609,904,935,373,895,739,31,722,6,224,362,137,229,390,65,344,57,52,98,93,96,71,80,53,56,82,74,68,43,50,48,90,54,81,65,57,57,35,50,39,47,73,43,43,37,44,66,69,65
[ 34.071889] wil6210-aoa$0,1606461634.101997,04:d6:aa:c1:38:97,2,1,1,0,128,256,894,771,776,395,798,859,215,160,343,70,231,736,7,216,606,905,968,388,941,692,1020,734,49,199,393,114,231,343,37,313,71,52,102,92,96,70,80,51,53,79,73,67,41,49,49,91,53,78,65,55,56,33,45,39,46,68,44,43,38,42,67,71,64
[ 34.099613] wil6210-aoa$0,1606461634.129718,04:d6:aa:c1:38:97,2,1,1,0,128,296,944,264,594,936,979,450,394,149,358,21,167,325,885,188,586,886,953,428,909,172,859,775,54,217,384,62,194,802,852,573,339,54,102,91,98,73,83,57,56,82,78,71,45,54,51,94,57,85,68,57,59,36,52,42,48,71,46,44,38,47,70,73,68
[ 34.132278] wil6210-aoa$0,1606461634.162386,04:d6:aa:c1:38:97,2,1,1,0,128,303,897,754,733,981,979,417,396,140,343,95,245,790,18,215,625,905,968,360,927,625,998,697,1017,198,371,85,206,826,865,911,713,53,102,89,96,69,80,54,56,80,75,68,40,50,48,88,54,78,64,56,58,35,49,40,49,68,43,43,38,45,69,69,65
[ 34.161306] wil6210-aoa$0,1606461634.191409,04:d6:aa:c1:38:97,2,1,1,0,128,299,963,741,787,880,967,459,455,176,360,51,209,830,27,205,556,336,723,393,913,763,71,745,6,176,348,113,223,373,37,103,765,56,102,93,100,75,85,58,57,84,79,72,45,56,53,97,60,85,68,61,62,37,56,44,52,75,49,48,42,48,73,75,70
[ 34.193953] wil6210-aoa$0,1606461634.224058,04:d6:aa:c1:38:97,2,1,1,0,128,266,895,786,766,899,14,378,385,184,405,65,193,844,29,225,590,915,983,327,869,738,40,702,3,258,430,82,212,344,35,50,887,54,102,95,101,72,81,55,57,81,77,69,42,54,52,93,56,84,67,58,58,34,52,40,48,74,47,45,40,45,71,71,64
[ 34.221358] wil6210-aoa$0,1606461634.251463,04:d6:aa:c1:38:97,2,1,1,0,128,341,940,772,752,957,997,347,357,116,304,58,186,783,13,168,559,310,718,368,886,763,18,676,9,221,364,151,243,352,20,83,828,56,107,92,101,74,85,58,56,84,80,72,47,56,53,96,57,88,69,62,61,36,54,43,53,78,50,48,43,48,77,78,74
[ 34.249160] wil6210-aoa$0,1606461634.279265,04:d6:aa:c1:38:97,2,1,1,0,128,341,961,778,796,921,19,348,351,218,395,48,212,863,65,191,574,945,953,422,934,742,17,767,75,167,363,88,184,430,98,313,59,54,105,93,101,73,82,52,55,83,76,66,42,50,48,87,52,79,64,55,57,34,47,37,47,67,40,40,33,37,64,60,53
[ 34.279469] wil6210-aoa$0,1606461634.309571,04:d6:aa:c1:38:97,2,1,1,0,128,284,910,834,771,977,8,452,382,145,351,104,243,829,61,154,552,859,931,355,913,703,1022,711,16,206,353,593,34,845,893,426,157,51,103,94,98,73,81,54,55,80,75,68,42,51,50,91,55,81,66,57,57,34,50,40,48,71,47,44,39,45,70,70,65
[ 34.314370] wil6210-aoa$0,1606461634.344476,04:d6:aa:c1:38:97,2,1,1,0,128,739,706,245,557,355,812,956,214,182,364,92,220,852,56,204,595,876,937,397,937,719,70,699,12,192,369,122,227,868,901,525,388,55,102,94,99,73,84,56,56,83,79,71,45,55,51,95,57,86,69,61,62,37,54,42,52,76,49,48,40,48,74,74,68
[ 34.346627] wil6210-aoa$0,1606461634.376728,04:d6:aa:c1:38:97,2,1,1,0,128,752,761,768,798,949,1010,397,363,178,381,550,39,824,13,653,369,327,699,404,884,168,850,704,1016,691,168,591,42,881,896,18,784,55,104,93,98,74,82,55,57,81,76,70,43,54,53,93,57,84,67,59,59,35,51,43,52,76,50,46,41,47,75,79,73
[ 34.383615] wil6210-aoa$0,1606461634.413717,04:d6:aa:c1:38:97,2,1,1,0,128,795,763,275,587,970,978,376,368,606,145,96,200,296,877,689,401,896,934,377,902,773,54,730,43,245,403,180,239,381,41,225,987,54,103,91,98,73,85,56,58,83,78,71,47,56,52,97,60,85,69,59,60,39,56,45,54,79,52,49,43,50,78,81,74
[ 34.420030] wil6210-aoa$0,1606461634.450131,04:d6:aa:c1:38:97,2,1,1,0,128,329,943,791,791,870,910,464,393,181,343,49,185,806,19,193,593,898,946,364,872,252,899,735,44,242,406,158,280,368,41,929,661,53,102,93,99,72,84,55,56,80,78,70,45,55,52,95,59,83,68,58,60,38,53,44,53,73,52,49,43,48,75,79,72
[ 34.454955] wil6210-aoa$0,1606461634.485062,04:d6:aa:c1:38:97,2,1,1,0,128,273,914,247,615,937,1015,374,399,157,349,526,0,281,873,656,400,915,948,849,696,183,837,153,851,680,153,99,226,339,1010,771,578,55,100,91,98,70,84,55,56,83,78,72,45,52,51,94,56,83,67,60,59,39,55,42,50,74,50,47,42,51,73,78,74
[ 34.486899] wil6210-aoa$0,1606461634.516999,04:d6:aa:c1:38:97,2,1,1,0,128,275,901,884,806,979,15,344,362,663,175,575,28,316,880,205,582,942,987,803,685,737,29,743,62,117,304,143,285,368,14,721,494,54,101,92,96,73,85,57,56,80,78,69,46,54,51,95,58,82,67,60,60,37,51,42,50,75,49,47,41,48,73,75,70
[ 34.520568] wil6210-aoa$0,1606461634.550674,04:d6:aa:c1:38:97,2,1,1,0,128,271,895,732,761,344,770,921,229,189,416,21,172,781,1020,709,441,925,970,435,910,731,35,682,7,231,378,128,279,410,73,911,563,55,100,93,99,71,83,55,55,80,75,70,43,53,52,92,58,81,66,59,61,37,52,42,51,74,48,43,40,47,72,71,67
[ 34.553750] wil6210-aoa$0,1606461634.583856,04:d6:aa:c1:38:97,2,1,1,0,128,238,904,823,813,930,1015,400,405,113,340,11,173,266,858,707,393,928,939,872,723,163,830,190,865,218,372,151,249,403,46,640,431,54,102,93,95,73,84,55,54,81,74,68,41,54,51,90,57,81,66,57,57,36,52,41,49,71,47,46,40,46,71,73,70
[ 34.584916] wil6210-aoa$0,1606461634.615017,04:d6:aa:c1:38:97,2,1,1,0,128,819,802,750,759,375,824,408,402,633,194,78,186,832,26,119,555,887,971,792,696,750,21,158,837,771,207,616,29,363,1014,638,393,54,104,94,102,73,84,57,57,85,79,71,46,55,53,95,58,84,70,60,62,38,55,42,51,75,50,49,40,48,73,79,75
[ 34.621811] wil6210-aoa$0,1606461634.651913,04:d6:aa:c1:38:97,2,1,1,0,128,736,719,251,626,350,799,879,185,665,217,525,22,870,48,193,601,879,934,358,889,96,816,174,857,685,143,619,21,374,18,727,613,55,106,94,102,73,85,55,57,84,77,70,43,53,50,93,58,86,65,61,63,37,52,41,51,74,47,46,40,47,73,73,66
[ 34.658505] wil6210-aoa$0,1606461634.688610,04:d6:aa:c1:38:97,2,1,1,0,128,741,731,752,752,401,813,371,386,175,380,76,212,860,64,190,556,857,934,383,909,715,22,158,816,226,367,75,247,369,45,52,824,56,106,93,99,73,84,56,59,83,78,70,43,53,50,93,59,83,65,58,61,38,51,40,51,73,47,46,39,46,74,75,71
[ 34.688887] wil6210-aoa$0,1606461634.718988,04:d6:aa:c1:38:97,2,1,1,0,128,258,903,812,822,923,1017,390,350,216,382,25,202,833,37,650,364,925,1001,286,832,175,861,173,823,697,156,172,256,365,23,982,713,54,102,94,102,72,82,54,56,81,76,71,45,51,51,89,55,82,67,56,60,35,51,38,47,71,45,43,37,44,69,68,63
[ 34.724175] wil6210-aoa$0,1606461634.754281,04:d6:aa:c1:38:97,2,1,1,0,128,253,907,795,735,950,1021,383,412,196,400,9,182,787,40,222,611,866,900,393,877,732,15,720,1013,193,362,649,81,361,10,808,535,52,100,89,97,71,82,55,56,80,77,66,42,52,49,89,55,83,67,57,59,34,50,38,47,72,46,45,38,46,69,70,66
[ 34.756844] wil6210-aoa$0,1606461634.786946,04:d6:aa:c1:38:97,2,1,1,0,128,313,936,760,761,978,1020,402,383,187,410,120,254,841,47,249,583,968,987,360,906,666,1022,663,987,250,342,104,214,344,1020,603,310,56,110,98,106,73,82,55,58,85,76,72,43,51,51,92,57,84,66,59,58,35,49,39,46,72,42,40,34,42,64,66,59
[ 34.791398] wil6210-aoa$0,1606461634.821504,04:d6:aa:c1:38:97,2,1,1,0,128,739,701,223,547,388,778,855,168,159,316,69,192,264,849,683,388,877,930,806,711,194,871,721,27,690,169,633,68,845,891,305,168,51,98,91,98,70,79,52,54,79,75,65,40,49,47,87,55,77,64,54,55,34,45,36,45,67,40,38,34,39,62,63,59
[ 34.824915] wil6210-aoa$0,1606461634.855019,04:d6:aa:c1:38:97,2,1,1,0,128,308,972,848,830,989,44,395,417,175,390,107,225,795,35,219,578,885,933,427,924,718,37,737,2,285,401,163,297,418,80,270,914,53,101,91,97,72,81,54,55,83,76,67,42,52,51,88,55,83,66,58,57,36,50,39,48,72,44,44,39,44,69,70,66
[ 34.861658] wil6210-aoa$0,1606461634.891759,04:d6:aa:c1:38:97,2,1,1,0,128,297,943,766,780,982,1005,425,413,159,400,77,224,878,118,206,594,961,1013,368,905,769,50,690,7,295,423,91,212,413,41,370,224,53,103,91,98,72,83,56,56,82,75,70,43,51,52,90,54,82,66,57,59,36,51,42,49,72,46,47,39,48,71,73,68
[ 34.895754] wil6210-aoa$0,1606461634.925862,04:d6:aa:c1:38:97,2,1,1,0,128,288,938,799,772,980,984,898,220,107,324,80,228,864,79,232,614,931,976,378,915,746,47,766,49,233,377,175,273,331,20,51,838,51,101,91,97,69,78,51,53,79,71,67,37,47,47,82,49,74,60,52,51,31,42,34,39,62,37,35,30,35,56,57,50
[ 34.923929] wil6210-aoa$0,1606461634.954034,04:d6:aa:c1:38:97,2,1,1,0,128,246,902,813,777,988,994,393,403,207,376,80,204,872,65,174,557,860,919,433,958,681,7,701,1015,198,362,125,231,368,45,881,705,54,102,90,98,72,83,54,54,82,75,69,42,51,50,88,53,79,64,58,56,33,50,38,47,70,42,42,37,44,68,68,63
[ 34.953367] wil6210-aoa$0,1606461634.983471,04:d6:aa:c1:38:97,2,1,1,0,128,335,919,742,763,935,1,884,230,174,392,50,184,307,886,666,409,875,970,822,679,756,78,693,5,194,368,97,216,342,10,910,726,55,101,91,99,71,84,55,55,83,77,70,47,56,54,94,58,82,67,59,61,37,53,45,52,74,50,47,41,48,75,79,72
[ 34.984486] wil6210-aoa$0,1606461635.014592,04:d6:aa:c1:38:97,2,1,1,0,128,293,950,814,834,899,968,484,429,169,347,145,258,842,82,180,569,847,888,386,886,125,800,179,831,213,345,89,203,416,73,224,1019,55,104,92,101,70,81,54,56,79,74,68,41,49,47,90,55,79,66,55,56,34,49,37,45,67,39,40,32,40,65,65,58
[ 35.022029] wil6210-aoa$0,1606461635.052130,04:d6:aa:c1:38:97,2,1,1,0,128,760,723,238,562,919,1000,917,202,687,194,83,237,235,858,629,329,384,756,372,872,137,798,751,12,269,396,112,214,392,49,571,333,53,104,96,100,75,84,56,56,84,77,70,45,52,50,91,57,82,66,60,60,36,51,41,49,73,45,46,39,45,73,74,69
[ 35.057751] wil6210-aoa$0,1606461635.087857,04:d6:aa:c1:38:97,2,1,1,0,128,346,972,811,789,930,997,401,394,146,357,53,177,833,53,197,592,978,987,383,889,807,88,722,37,244,393,77,225,376,21,528,252,56,106,96,105,77,90,57,59,84,81,75,48,55,54,100,60,86,72,60,62,36,57,46,56,77,52,49,45,48,77,81,73
[ 35.090766] wil6210-aoa$0,1606461635.120868,04:d6:aa:c1:38:97,2,1,1,0,128,307,922,791,769,939,996,830,147,651,127,531,13,867,53,227,597,850,906,812,657,736,34,115,805,716,178,587,8,892,893,865,679,53,102,93,100,73,83,55,57,81,74,68,44,50,49,92,56,81,66,57,58,34,49,39,48,70,44,44,38,43,71,70,64
[ 35.120774] wil6210-aoa$0,1606461635.150875,04:d6:aa:c1:38:97,2,1,1,0,128,343,978,753,790,863,968,405,448,217,408,80,221,890,132,172,559,922,979,366,910,726,27,146,814,725,186,90,220,392,42,890,675,51,99,88,97,70,80,54,55,81,77,67,42,53,49,89,56,83,66,57,59,33,52,40,49,69,46,44,38,46,69,71,61
[ 35.158046] wil6210-aoa$0,1606461635.188151,04:d6:aa:c1:38:97,2,1,1,0,128,285,905,261,595,938,1020,416,398,170,348,145,254,862,36,202,589,902,932,401,915,739,70,812,89,246,411,129,246,337,44,867,595,54,101,90,98,71,82,57,56,83,79,69,47,56,53,94,58,86,68,58,61,37,53,41,50,74,49,47,42,48,73,76,72
[ 35.189041] wil6210-aoa$0,1606461635.219145,04:d6:aa:c1:38:97,2,1,1,0,128,272,919,756,790,880,965,883,215,188,391,34,209,818,28,203,597,907,14,357,910,779,38,760,64,234,392,146,248,346,62,285,33,54,101,92,99,71,83,53,55,83,77,69,45,53,51,94,56,83,64,58,58,36,50,42,48,72,46,47,38,46,68,74,68
[ 35.219199] wil6210-aoa$0,1606461635.249275,04:d6:aa:c1:38:97,2,1,1,0,128,247,918,816,814,346,759,884,186,658,181,1019,199,867,89,152,560,914,983,340,906,622,965,737,50,249,404,122,317,362,85,265,24,56,104,91,98,73,83,54,55,84,77,70,44,52,49,94,55,80,65,58,58,37,51,41,50,71,47,45,42,48,71,74,69
[ 35.264249] wil6210-aoa$0,1606461635.294355,04:d6:aa:c1:38:97,2,1,1,0,128,306,948,787,802,907,985,386,397,189,369,93,248,878,117,152,580,957,996,389,976,674,47,141,839,265,426,62,187,387,79,815,544,53,101,91,99,71,82,55,57,78,76,68,43,53,50,95,56,85,67,57,59,35,52,41,50,73,48,46,40,47,73,75,68
[ 35.297764] wil6210-aoa$0,1606461635.327867,04:d6:aa:c1:38:97,2,1,1,0,128,323,983,815,842,905,996,460,426,200,426,43,217,830,81,175,560,863,968,387,917,713,21,754,37,247,422,95,221,441,72,295,1018,51,102,90,97,69,79,53,55,80,76,67,43,51,50,89,56,81,64,57,59,36,51,41,49,69,44,45,37,45,70,70,64
[ 35.332090] wil6210-aoa$0,1606461635.362195,04:d6:aa:c1:38:97,2,1,1,0,128,270,886,769,712,412,838,448,427,114,379,86,222,852,53,226,579,876,937,393,933,132,856,756,45,217,371,602,47,869,884,852,656,52,99,89,97,68,77,53,53,78,74,66,38,51,47,90,54,77,63,55,55,31,46,39,45,67,41,40,36,39,66,66,58
[ 35.360674] wil6210-aoa$0,1606461635.390780,04:d6:aa:c1:38:97,2,1,1,0,128,321,963,762,788,968,1014,490,463,183,364,76,186,877,31,199,566,920,932,341,873,697,18,730,1008,203,370,598,21,369,47,923,695,54,102,93,99,70,82,55,55,81,76,70,43,55,50,93,58,81,67,57,58,36,51,39,48,71,45,44,38,44,70,71,65
[ 35.394958] wil6210-aoa$0,1606461635.425063,04:d6:aa:c1:38:97,2,1,1,0,128,286,923,752,720,352,798,879,208,603,128,62,213,743,13,201,614,904,950,369,883,146,843,188,880,681,182,145,239,348,35,543,276,54,102,93,98,73,84,54,58,81,76,71,42,51,50,94,56,81,68,58,58,35,51,42,50,73,46,42,39,46,72,72,68
[ 35.429660] wil6210-aoa$0,1606461635.459763,04:d6:aa:c1:38:97,2,1,1,0,128,232,869,185,477,425,840,883,171,684,176,537,1001,254,864,654,363,886,958,338,849,711,1021,169,861,663,136,507,1004,863,838,645,549,55,102,96,101,74,87,54,56,83,76,69,43,55,49,90,57,82,66,56,60,36,50,42,48,73,46,44,37,44,71,71,66
[ 35.463597] wil6210-aoa$0,1606461635.493705,04:d6:aa:c1:38:97,2,1,1,0,128,332,920,777,784,913,979,439,428,182,366,66,176,778,37,158,553,931,973,348,885,821,71,663,1013,165,365,75,219,359,11,565,383,56,104,96,103,75,87,58,58,83,82,74,48,57,53,99,62,89,71,60,63,40,57,46,52,77,54,49,46,51,77,80,77
[ 35.493477] wil6210-aoa$0,1606461635.523578,04:d6:aa:c1:38:97,2,1,1,0,128,326,913,784,796,964,14,386,409,140,350,105,237,816,58,222,593,929,1000,382,930,723,49,717,41,175,350,89,213,837,872,572,416,58,104,97,102,74,86,56,58,83,79,72,45,54,51,96,60,83,66,60,61,37,51,41,51,75,48,46,40,46,74,76,70
[ 35.531007] wil6210-aoa$0,1606461635.561108,04:d6:aa:c1:38:97,2,1,1,0,128,307,933,799,821,917,6,460,437,162,348,131,223,837,46,172,533,949,979,369,905,757,11,744,37,178,281,99,207,375,38,1010,668,58,109,99,106,75,88,59,60,88,81,74,44,55,54,100,61,86,71,62,62,39,54,44,53,75,47,48,40,48,75,77,71
[ 35.564451] wil6210-aoa$0,1606461635.594556,04:d6:aa:c1:38:97,2,1,1,0,128,762,738,751,766,925,1002,479,427,150,349,1019,189,789,56,150,561,344,749,885,715,174,841,173,845,221,383,79,242,406,72,421,112,53,102,90,100,73,84,54,54,79,75,69,44,51,49,89,58,83,64,55,59,35,52,41,50,73,47,45,40,47,72,72,68
[ 35.593697] wil6210-aoa$0,1606461635.623802,04:d6:aa:c1:38:97,2,1,1,0,128,691,683,835,826,955,1005,447,430,137,370,83,192,794,25,217,594,943,906,423,928,689,19,729,30,166,349,156,239,362,6,979,701,54,103,90,94,71,84,56,56,80,79,72,47,56,50,95,58,85,67,59,63,36,55,44,54,76,51,48,42,51,74,81,77
[ 35.625243] wil6210-aoa$0,1606461635.655344,04:d6:aa:c1:38:97,2,1,1,0,128,280,917,834,813,971,8,417,383,182,392,32,219,845,65,238,574,913,984,433,909,722,0,765,43,226,399,130,235,396,27,626,348,52,101,90,99,68,79,54,54,80,77,68,44,51,49,89,55,80,65,59,57,35,52,41,50,72,45,45,40,46,71,73,69
[ 35.662752] wil6210-aoa$0,1606461635.692856,04:d6:aa:c1:38:97,2,1,1,0,128,221,868,790,785,947,1008,896,233,608,161,63,207,287,887,179,573,844,921,433,958,732,18,722,1016,714,186,595,40,376,34,719,459,53,101,89,95,73,83,55,56,81,73,70,44,55,50,94,57,82,66,56,60,35,52,41,51,72,49,48,40,48,72,77,72
[ 35.700526] wil6210-aoa$0,1606461635.730632,04:d6:aa:c1:38:97,2,1,1,0,128,338,957,769,776,923,8,376,411,555,112,551,1007,272,859,194,571,905,985,310,846,732,5,178,829,636,126,117,249,398,95,597,333,50,101,89,96,70,80,52,53,81,75,67,43,49,49,90,54,80,63,56,57,34,47,38,48,71,43,45,39,45,70,71,65
[ 35.732224] wil6210-aoa$0,1606461635.762327,04:d6:aa:c1:38:97,2,1,1,0,128,240,899,769,706,357,808,884,205,175,391,96,249,849,71,212,608,907,936,373,915,682,1,751,33,185,340,531,14,804,871,250,22,51,102,91,97,70,80,54,55,80,74,67,41,49,49,87,52,78,65,53,55,32,47,36,44,69,41,40,35,39,63,64,58
[ 35.762606] wil6210-aoa$0,1606461635.792708,04:d6:aa:c1:38:97,2,1,1,0,128,254,885,785,788,841,982,429,419,150,350,50,189,759,1002,233,604,927,984,382,911,734,1021,697,1014,224,358,107,183,392,60,914,733,53,103,89,96,72,83,54,55,80,77,71,45,54,50,93,57,82,64,58,60,36,52,42,50,72,48,47,40,47,70,74,70
[ 35.796156] wil6210-aoa$0,1606461635.826262,04:d6:aa:c1:38:97,2,1,1,0,128,781,773,801,763,906,982,919,238,167,388,3,183,817,56,150,545,949,949,384,852,261,917,129,791,708,156,530,18,820,886,617,427,55,102,92,97,74,84,56,57,82,77,71,46,56,54,93,58,82,67,59,58,35,51,43,51,75,49,48,41,48,74,76,70
[ 35.832444] wil6210-aoa$0,1606461635.862546,04:d6:aa:c1:38:97,2,1,1,0,128,756,716,248,582,936,1000,392,377,152,356,65,206,786,11,694,398,370,763,814,687,208,873,686,1011,716,208,86,231,454,91,182,835,57,101,95,102,74,85,58,57,81,78,71,42,53,52,93,57,85,68,59,62,36,55,41,50,75,49,45,40,48,72,75,69
[ 35.870836] wil6210-aoa$0,1606461635.900942,04:d6:aa:c1:38:97,2,1,1,0,128,751,728,287,633,910,950,927,223,193,390,98,249,823,58,167,570,940,960,311,864,176,887,712,39,223,423,58,185,311,13,534,296,55,105,93,101,73,83,54,56,84,80,71,44,53,52,95,61,84,69,61,63,38,52,42,50,74,48,46,41,47,74,77,72
[ 35.899784] wil6210-aoa$0,1606461635.929890,04:d6:aa:c1:38:97,2,1,1,0,128,250,912,823,780,955,1018,404,397,181,377,96,259,877,95,197,586,865,899,423,958,744,67,722,37,222,395,111,228,435,117,415,81,55,105,93,100,76,87,56,57,84,79,71,44,54,52,95,57,82,68,58,61,36,54,41,50,74,48,46,40,46,73,73,69
[ 35.934230] wil6210-aoa$0,1606461635.964334,04:d6:aa:c1:38:97,2,1,1,0,128,263,887,754,735,979,3,394,368,114,327,34,211,797,47,192,548,909,939,392,893,692,1020,691,1004,199,374,46,173,861,904,765,572,53,101,91,99,73,82,54,57,81,76,69,42,50,49,91,54,81,66,57,56,32,50,38,47,70,43,43,36,43,70,71,66
[ 35.972113] wil6210-aoa$0,1606461636.002214,04:d6:aa:c1:38:97,2,1,1,0,128,284,907,823,779,968,991,377,367,147,333,1020,168,843,44,133,564,902,926,425,935,717,25,709,3,176,350,121,235,401,35,285,1022,53,100,92,99,71,82,53,55,81,75,67,41,53,49,89,55,80,68,55,57,34,49,40,48,70,43,43,38,44,68,68,63
[ 36.001504] wil6210-aoa$0,1606461636.031610,04:d6:aa:c1:38:97,2,1,1,0,128,299,937,818,829,865,965,428,419,75,266,545,1,256,821,659,386,871,934,354,891,719,17,721,4,613,139,619,54,376,0,74,869,53,102,92,99,74,84,56,55,82,75,70,44,52,51,95,56,82,67,58,60,36,52,41,51,75,49,45,41,47,72,75,70
[ 36.030106] wil6210-aoa$0,1606461636.060211,04:d6:aa:c1:38:97,2,1,1,0,128,326,958,827,815,990,15,466,421,253,430,97,213,831,39,258,612,1016,1006,398,903,735,8,752,38,205,410,115,221,395,89,455,67,58,109,96,106,79,91,59,60,86,85,75,49,58,55,103,60,87,71,64,63,38,55,46,54,79,51,51,45,50,77,80,75
[ 36.065084] wil6210-aoa$0,1606461636.095189,04:d6:aa:c1:38:97,2,1,1,0,128,255,916,796,792,1012,1008,470,398,144,334,54,188,813,12,645,365,932,956,387,935,672,0,762,56,170,322,98,216,302,32,147,956,54,102,92,99,72,84,55,55,82,77,69,43,52,51,91,57,83,67,58,59,37,53,43,50,73,48,47,41,46,72,75,70
[ 36.099350] wil6210-aoa$0,1606461636.129454,04:d6:aa:c1:38:97,2,1,1,0,128,273,895,767,761,874,981,422,429,160,337,46,171,850,67,178,593,935,948,403,905,732,40,693,10,188,375,98,231,364,62,419,175,56,110,94,104,75,86,55,57,84,79,71,42,54,50,93,57,83,68,60,59,34,49,40,47,68,40,42,36,39,64,66,61
[ 36.131394] wil6210-aoa$0,1606461636.161496,04:d6:aa:c1:38:97,2,1,1,0,128,305,927,211,570,935,1012,856,192,147,345,28,188,849,62,221,622,892,901,323,851,182,834,187,851,705,193,105,223,298,1017,587,345,54,102,92,97,71,81,52,53,81,74,67,42,53,49,87,54,80,65,57,57,35,49,39,46,68,43,41,37,41,65,68,64
[ 36.167562] wil6210-aoa$0,1606461636.197667,04:d6:aa:c1:38:97,2,1,1,0,128,244,897,752,750,916,999,832,165,186,383,61,182,321,902,174,589,896,943,410,917,747,37,724,18,232,353,569,52,850,892,642,410,55,101,92,100,72,84,55,54,80,77,72,48,55,51,95,59,84,67,60,62,38,53,44,52,76,51,50,43,49,74,80,76
[ 36.202644] wil6210-aoa$0,1606461636.232750,04:d6:aa:c1:38:97,2,1,1,0,128,312,946,807,820,891,996,422,412,183,392,70,208,859,64,192,576,946,972,371,913,752,22,763,1015,249,369,110,208,391,7,952,688,54,102,92,99,73,84,56,56,81,77,69,44,53,50,92,56,82,65,57,58,36,51,42,49,73,47,44,38,46,71,75,67
[ 36.232154] wil6210-aoa$0,1606461636.262259,04:d6:aa:c1:38:97,2,1,1,0,128,282,914,817,818,952,996,416,405,205,430,65,224,782,18,174,537,901,917,434,940,700,1007,208,871,254,369,110,264,380,33,22,759,56,103,95,99,73,86,54,56,83,77,70,45,54,54,96,59,84,65,60,60,38,53,44,53,78,49,47,42,49,76,81,74
[ 36.261596] wil6210-aoa$0,1606461636.291699,04:d6:aa:c1:38:97,2,1,1,0,128,298,953,790,811,912,1006,391,388,193,407,88,177,255,857,202,603,347,718,483,979,687,5,776,44,282,400,107,221,320,1014,825,558,54,105,95,101,72,84,55,56,83,78,71,46,55,49,95,57,85,68,58,61,35,51,40,50,74,49,47,42,47,75,77,72
[ 36.297598] wil6210-aoa$0,1606461636.327703,04:d6:aa:c1:38:97,2,1,1,0,128,270,910,693,697,915,992,407,370,145,361,72,180,806,7,169,532,351,765,363,906,729,57,676,998,163,343,86,218,395,34,814,673,54,105,92,98,73,85,53,55,81,76,69,41,51,49,88,57,80,67,55,56,33,48,38,45,70,43,41,35,42,67,67,61
[ 36.332791] wil6210-aoa$0,1606461636.362893,04:d6:aa:c1:38:97,2,1,1,0,128,321,909,827,816,850,956,435,415,186,384,43,190,804,41,193,564,935,971,341,868,773,53,738,50,202,417,124,220,351,10,816,608,53,103,90,98,72,83,54,53,82,76,70,43,52,51,91,54,82,65,57,58,35,50,39,48,71,44,44,39,44,70,71,66
[ 36.365678] wil6210-aoa$0,1606461636.395784,04:d6:aa:c1:38:97,2,1,1,0,128,264,932,779,752,962,1016,356,360,153,362,82,231,862,88,131,553,945,989,345,894,721,48,736,54,223,373,95,223,381,47,559,383,52,99,91,98,71,81,54,56,78,75,66,41,50,49,89,55,81,68,57,57,35,50,39,48,71,46,44,37,45,68,69,65
[ 36.400647] wil6210-aoa$0,1606461636.430752,04:d6:aa:c1:38:97,2,1,1,0,128,231,888,785,755,865,948,959,279,628,153,140,253,792,34,217,564,892,925,346,873,735,20,661,1008,175,330,115,272,368,61,505,304,53,101,91,97,71,82,54,55,80,77,70,43,51,49,90,54,79,64,59,59,35,50,40,50,71,44,44,37,44,67,71,67
[ 36.435945] wil6210-aoa$0,1606461636.466053,04:d6:aa:c1:38:97,2,1,1,0,128,751,733,798,782,957,983,418,409,198,416,69,200,897,73,179,575,912,924,388,922,99,834,725,8,204,348,108,269,311,1015,94,923,53,103,92,99,72,84,55,56,82,78,71,43,53,52,93,56,83,67,60,60,36,54,41,51,73,48,46,42,48,72,76,72
[ 36.469885] wil6210-aoa$0,1606461636.499986,04:d6:aa:c1:38:97,2,1,1,0,128,275,899,794,785,918,971,515,444,133,388,51,178,812,45,245,618,908,955,422,939,714,2,149,829,645,109,576,8,360,24,740,500,53,103,91,98,72,82,55,55,80,74,68,42,51,49,89,54,81,65,56,59,34,49,39,46,70,44,43,37,44,69,67,63
[ 36.500818] wil6210-aoa$0,1606461636.530921,04:d6:aa:c1:38:97,2,1,1,0,128,323,956,779,753,976,1009,446,411,158,326,583,28,829,49,162,539,933,942,804,678,179,813,210,865,700,163,71,216,788,804,352,192,54,97,92,97,69,84,54,55,80,76,68,42,50,50,92,54,83,66,56,59,36,49,40,47,71,46,42,39,45,67,67,66
[ 36.539604] wil6210-aoa$0,1606461636.569705,04:d6:aa:c1:38:97,2,1,1,0,128,770,730,194,551,389,800,927,222,148,363,16,176,816,24,220,606,380,782,810,715,144,809,235,879,189,292,647,88,801,826,341,263,55,100,90,95,71,83,53,55,80,76,69,42,52,50,92,56,82,66,58,57,35,51,41,49,71,46,44,39,43,70,74,69
