
[ 24.658569] wil6210-aoa$0,1606461624.339263,04:d6:aa:c1:38:97,2,1,1,0,128,355,942,855,855,880,997,415,399,159,362,465,989,864,47,234,619,870,937,393,966,765,63,771,53,253,358,115,234,375,84,882,640,64,117,106,115,85,98,64,65,95,91,79,52,64,59,106,66,94,77,66,69,41,61,48,57,85,55,53,46,54,81,83,77
[ 24.686558] wil6210-aoa$0,1606461624.367248,04:d6:aa:c1:38:97,2,1,1,0,128,281,912,843,835,936,1020,416,413,198,330,591,33,822,16,217,569,872,937,402,943,722,37,726,14,175,366,127,225,404,39,545,283,64,122,108,114,86,97,65,68,97,90,85,53,64,61,105,66,97,79,70,71,41,60,49,60,87,56,51,47,52,81,83,77
[ 24.714924] wil6210-aoa$0,1606461624.395616,04:d6:aa:c1:38:97,2,1,1,0,128,290,931,764,774,896,25,339,356,163,361,32,168,806,23,181,583,847,916,382,914,710,38,737,33,194,378,75,222,434,80,261,1005,57,112,103,110,79,91,61,63,87,84,75,48,57,56,100,63,90,73,64,67,39,56,47,56,79,51,50,44,51,77,79,72
[ 24.736423] wil6210-aoa$0,1606461624.417115,04:d6:aa:c1:38:97,2,1,1,0,128,289,918,790,781,37,37,376,393,190,393,72,257,835,58,153,583,897,973,321,838,752,56,157,848,699,196,155,223,399,63,31,754,58,99,88,95,73,84,56,55,83,78,71,48,56,54,94,59,83,67,60,63,39,56,45,55,76,52,49,46,52,75,81,79
[ 24.763895] wil6210-aoa$0,1606461624.444582,04:d6:aa:c1:38:97,2,1,1,0,128,247,944,719,777,907,990,385,413,124,366,68,237,755,4,206,601,919,986,386,920,175,886,752,48,179,383,100,210,323,13,735,552,55,104,94,100,76,86,58,59,85,80,73,48,54,54,95,60,85,69,62,63,38,54,44,54,80,49,48,44,51,75,77,73
[ 24.793974] wil6210-aoa$0,1606461624.474663,04:d6:aa:c1:38:97,2,1,1,0,128,320,937,839,844,931,1004,422,430,181,356,38,174,883,69,204,604,852,950,330,847,754,29,760,1,206,359,85,192,316,9,299,28,62,114,102,107,82,91,64,63,92,86,80,51,59,57,102,64,91,74,66,67,40,53,46,54,79,51,51,45,51,78,78,73
[ 24.821380] wil6210-aoa$0,1606461624.502070,04:d6:aa:c1:38:97,2,1,1,0,128,305,950,826,805,1003,28,410,428,182,380,976,143,828,47,233,630,846,915,379,901,215,920,709,13,254,402,52,201,364,51,633,421,70,117,108,115,85,102,69,68,99,94,85,60,67,64,117,73,102,81,72,77,48,69,54,66,92,64,62,56,62,92,98,92
[ 24.847040] wil6210-aoa$0,1606461624.527732,04:d6:aa:c1:38:97,2,1,1,0,128,251,892,846,831,933,1008,401,412,142,370,89,231,805,59,102,545,931,1022,404,942,719,10,722,35,226,408,130,264,318,10,619,324,70,125,115,119,90,105,70,70,107,98,87,59,69,67,119,73,106,88,76,75,48,70,55,68,93,61,60,53,61,91,98,89
[ 24.874058] wil6210-aoa$0,1606461624.554746,04:d6:aa:c1:38:97,2,1,1,0,128,796,753,242,565,371,800,880,160,718,226,5,163,293,882,182,554,875,939,778,679,174,838,151,814,713,197,130,208,413,56,69,859,67,119,109,114,86,100,69,68,100,92,85,55,65,62,112,68,100,80,72,75,45,61,51,60,85,58,56,48,58,87,86,81
[ 24.901841] wil6210-aoa$0,1606461624.582533,04:d6:aa:c1:38:97,2,1,1,0,128,733,716,213,534,398,809,935,208,627,166,531,5,313,917,157,595,867,946,331,864,237,911,691,21,709,209,208,290,366,24,711,454,67,121,108,115,88,103,69,68,100,96,87,56,68,66,113,70,103,81,74,75,46,64,54,63,87,60,58,52,60,89,94,87
[ 24.924672] wil6210-aoa$0,1606461624.605363,04:d6:aa:c1:38:97,2,1,1,0,128,735,713,752,755,912,964,451,403,184,353,583,86,838,42,686,384,897,939,378,896,723,1019,673,991,674,161,100,207,378,997,728,431,63,123,110,116,84,97,66,67,96,92,82,51,64,60,105,67,98,78,68,70,42,59,48,58,87,57,53,49,54,82,85,78
[ 24.954155] wil6210-aoa$0,1606461624.634845,04:d6:aa:c1:38:97,2,1,1,0,128,269,906,820,751,978,1020,894,202,597,169,50,203,819,27,208,597,874,934,409,917,742,68,643,1016,669,155,104,216,323,6,768,613,67,120,110,116,87,100,70,68,97,94,83,54,64,62,111,67,98,80,70,73,43,62,50,63,89,57,56,48,57,87,89,82
[ 24.983031] wil6210-aoa$0,1606461624.663722,04:d6:aa:c1:38:97,2,1,1,0,128,224,864,230,606,893,985,434,402,201,412,24,161,864,60,239,630,905,965,343,929,720,31,713,18,205,385,80,232,349,1023,696,429,63,112,104,110,82,94,62,64,91,87,80,52,62,59,105,66,95,76,67,68,42,59,48,59,82,55,52,45,53,81,86,80
[ 25.005161] wil6210-aoa$0,1606461624.685853,04:d6:aa:c1:38:97,2,1,1,0,128,224,912,744,729,953,1008,940,244,591,136,503,989,331,898,209,621,915,965,401,929,718,72,662,1008,678,158,109,233,428,110,595,302,61,111,101,106,82,92,63,63,91,86,79,51,58,58,104,65,93,75,67,68,41,58,47,56,84,54,55,46,53,79,85,75
[ 25.033514] wil6210-aoa$0,1606461624.714202,04:d6:aa:c1:38:97,2,1,1,0,128,269,939,780,772,422,837,861,184,624,173,52,201,809,12,238,622,929,987,417,933,714,56,724,3,229,386,155,232,815,830,906,658,66,122,111,116,89,100,67,69,99,92,85,58,68,64,112,69,103,82,73,75,46,64,53,61,88,61,59,52,57,90,93,86
[ 25.064729] wil6210-aoa$0,1606461624.745416,04:d6:aa:c1:38:97,2,1,1,0,128,309,944,742,773,953,7,375,389,129,362,1023,137,825,26,200,542,957,993,344,846,763,49,693,1022,234,380,179,301,394,70,55,738,65,117,108,117,85,98,66,67,95,89,81,51,63,61,103,64,92,78,69,69,40,59,48,57,82,54,51,47,52,81,83,79
[ 25.100665] wil6210-aoa$0,1606461624.781357,04:d6:aa:c1:38:97,2,1,1,0,128,812,786,752,743,415,849,375,384,599,150,91,215,845,73,207,582,871,913,364,911,713,26,728,1020,190,373,39,166,354,33,966,820,66,121,108,117,88,100,69,67,98,94,84,54,65,62,112,70,98,81,74,73,43,64,51,63,88,57,56,49,54,86,90,80
[ 25.127899] wil6210-aoa$0,1606461624.808588,04:d6:aa:c1:38:97,2,1,1,0,128,252,897,797,775,928,978,430,408,71,317,54,222,771,21,240,648,861,921,300,862,118,862,160,847,220,360,562,12,362,27,782,564,67,120,112,117,91,105,69,68,98,95,87,56,67,65,113,74,103,83,71,75,47,67,53,64,91,63,61,55,59,92,96,90
[ 25.155650] wil6210-aoa$0,1606461624.836343,04:d6:aa:c1:38:97,2,1,1,0,128,220,888,799,796,962,994,423,409,157,346,40,209,806,69,202,593,909,940,366,892,163,826,197,856,711,196,597,83,339,6,455,160,68,122,110,116,87,102,70,69,99,92,84,57,69,64,113,72,101,81,72,75,47,67,53,66,92,61,58,54,60,94,95,89
[ 25.178043] wil6210-aoa$0,1606461624.858739,04:d6:aa:c1:38:97,2,1,1,0,128,273,916,780,764,402,826,366,363,147,333,61,163,857,53,676,382,320,720,864,704,168,853,673,1004,698,217,148,240,396,88,85,858,63,121,108,115,86,98,66,66,96,90,81,52,66,62,107,68,97,80,70,70,45,62,50,60,84,54,54,48,51,85,84,80
[ 25.207732] wil6210-aoa$0,1606461624.888421,04:d6:aa:c1:38:97,2,1,1,0,128,281,914,740,739,402,824,471,447,175,355,100,213,787,60,166,580,876,904,379,924,700,8,660,1022,694,156,170,268,384,28,442,226,66,121,109,117,87,101,69,68,101,92,85,58,66,63,111,70,102,80,74,75,46,65,52,63,87,60,60,52,60,90,96,91
[ 25.236965] wil6210-aoa$0,1606461624.917658,04:d6:aa:c1:38:97,2,1,1,0,128,256,914,780,791,932,1010,372,366,127,351,116,230,858,71,171,579,851,902,865,747,775,53,759,31,226,363,118,176,450,88,715,475,65,120,111,115,90,101,68,68,97,94,84,54,66,63,113,72,99,82,72,73,46,66,52,62,89,59,59,50,57,91,94,87
[ 25.260566] wil6210-aoa$0,1606461624.941255,04:d6:aa:c1:38:97,2,1,1,0,128,743,734,786,738,389,806,861,192,196,393,1012,204,786,24,198,585,919,950,376,902,716,19,738,16,680,164,147,258,345,38,160,900,64,123,109,116,86,101,68,67,99,93,84,54,65,62,110,68,99,78,69,74,43,62,48,62,85,57,56,51,57,87,86,83
[ 25.292044] wil6210-aoa$0,1606461624.972735,04:d6:aa:c1:38:97,2,1,1,0,128,322,977,831,810,975,998,383,385,143,343,17,157,817,40,183,565,879,961,425,931,730,60,767,63,221,368,138,277,344,49,399,135,62,116,103,108,82,97,66,64,91,89,83,53,64,59,106,68,94,77,67,70,41,62,48,61,86,58,55,49,56,86,87,83
[ 25.321250] wil6210-aoa$0,1606461625.001938,04:d6:aa:c1:38:97,2,1,1,0,128,258,945,750,769,956,20,421,394,171,357,1015,127,788,1020,232,583,882,949,316,842,719,33,734,16,229,374,114,227,328,1023,360,51,68,119,110,117,88,101,70,70,100,92,84,55,66,62,109,69,102,82,71,75,44,64,51,62,87,62,57,52,61,90,94,91
[ 25.347933] wil6210-aoa$0,1606461625.028626,04:d6:aa:c1:38:97,2,1,1,0,128,828,791,248,594,411,850,374,363,184,392,39,156,880,86,664,367,398,762,855,697,265,892,197,876,696,180,544,1022,883,866,324,180,68,118,109,117,89,103,68,68,99,94,86,56,70,67,114,73,104,83,72,75,47,68,55,65,91,65,59,55,62,95,99,94
[ 25.375030] wil6210-aoa$0,1606461625.055718,04:d6:aa:c1:38:97,2,1,1,0,128,292,934,778,767,939,22,387,394,176,412,79,211,319,930,195,584,959,1022,346,886,791,50,691,12,227,392,553,36,384,54,838,642,64,120,110,116,88,100,69,69,100,96,83,53,65,60,109,70,102,80,72,73,45,64,51,60,87,59,57,49,57,86,89,86
[ 25.397815] wil6210-aoa$0,1606461625.078507,04:d6:aa:c1:38:97,2,1,1,0,128,825,737,780,783,972,1023,862,175,175,333,18,183,763,1014,690,405,356,786,388,918,761,58,758,18,231,368,46,175,356,15,676,458,71,120,112,118,92,105,70,69,99,96,88,61,71,68,118,76,106,85,76,77,49,71,58,66,96,68,63,55,64,98,100,94
[ 25.424703] wil6210-aoa$0,1606461625.105396,04:d6:aa:c1:38:97,2,1,1,0,128,307,920,826,805,943,7,462,431,125,400,161,265,847,76,232,614,948,994,436,941,657,6,240,850,215,373,118,224,366,34,90,847,59,100,94,98,74,86,60,59,86,81,74,51,60,55,99,62,88,69,63,64,41,58,46,56,79,53,52,47,54,79,84,80
[ 25.450689] wil6210-aoa$0,1606461625.131378,04:d6:aa:c1:38:97,2,1,1,0,128,313,957,694,728,883,951,431,400,121,342,71,172,878,53,235,593,909,970,357,895,716,7,686,1001,662,179,85,203,401,74,566,305,70,122,109,118,88,104,72,69,100,97,89,58,71,68,118,77,104,81,75,77,49,70,56,69,95,65,63,56,64,95,97,96
[ 25.479262] wil6210-aoa$0,1606461625.159954,04:d6:aa:c1:38:97,2,1,1,0,128,778,739,813,786,908,965,876,164,677,180,543,14,277,889,644,379,308,750,838,727,728,978,176,861,670,156,568,26,865,883,628,463,55,102,94,100,73,85,56,57,84,79,73,48,55,54,94,60,83,69,59,62,39,54,43,54,76,50,48,45,50,75,77,73
[ 25.507142] wil6210-aoa$0,1606461625.187830,04:d6:aa:c1:38:97,2,1,1,0,128,290,930,802,808,934,1007,387,379,176,379,62,230,846,57,203,617,864,946,818,676,739,24,675,1012,226,365,142,218,350,11,597,344,65,117,102,112,84,98,64,63,96,90,80,54,65,58,109,68,98,79,70,73,43,64,51,63,87,61,58,51,59,90,93,89
[ 25.530037] wil6210-aoa$0,1606461625.210730,04:d6:aa:c1:38:97,2,1,1,0,128,308,953,829,816,969,1,377,366,647,195,31,188,265,875,168,570,900,957,376,917,732,53,720,13,225,356,162,265,355,33,93,878,57,104,93,99,74,86,59,58,82,80,73,48,55,53,95,60,86,69,62,64,38,56,45,55,79,51,52,45,50,76,80,76
[ 25.561812] wil6210-aoa$0,1606461625.242499,04:d6:aa:c1:38:97,2,1,1,0,128,396,968,757,764,930,987,446,418,140,353,48,167,809,84,166,583,865,915,335,940,682,13,155,853,653,172,157,286,336,31,985,696,67,118,109,113,89,103,69,68,101,95,86,56,67,66,116,71,104,83,74,75,46,67,53,65,92,60,59,52,61,91,94,91
[ 25.591225] wil6210-aoa$0,1606461625.271912,04:d6:aa:c1:38:97,2,1,1,0,128,245,900,838,824,940,973,431,393,183,385,40,161,817,50,208,575,387,780,430,945,739,19,748,32,211,344,574,14,805,855,233,978,57,101,92,99,74,85,57,58,83,78,72,47,57,55,95,59,87,70,60,62,39,54,44,52,77,51,51,43,49,76,80,73
[ 25.632056] wil6210-aoa$0,1606461625.312744,04:d6:aa:c1:38:97,2,1,1,0,128,807,742,732,718,968,995,922,220,598,151,514,939,266,850,694,358,368,781,815,709,185,814,180,835,694,192,568,1,867,892,347,189,64,117,105,110,85,95,66,64,95,90,83,53,65,62,106,67,95,76,71,70,44,61,51,60,85,60,55,50,56,84,90,86
[ 25.655616] wil6210-aoa$0,1606461625.336308,04:d6:aa:c1:38:97,2,1,1,0,128,345,954,771,744,430,813,909,253,230,408,75,235,788,54,193,572,873,920,391,919,736,87,723,43,235,411,129,252,350,11,145,1023,61,118,106,112,84,97,63,64,94,89,80,53,59,58,104,65,93,76,67,68,40,58,46,57,82,54,49,46,53,79,81,77
[ 25.681439] wil6210-aoa$0,1606461625.362132,04:d6:aa:c1:38:97,2,1,1,0,128,270,917,803,805,904,7,370,384,206,410,100,278,846,82,196,601,940,963,371,916,698,12,794,76,159,291,141,225,361,41,140,845,67,121,109,115,86,99,69,69,97,91,85,56,66,64,113,68,102,80,73,73,44,66,50,59,87,59,55,49,55,88,92,84
[ 25.713671] wil6210-aoa$0,1606461625.394359,04:d6:aa:c1:38:97,2,1,1,0,128,775,765,764,788,936,1017,884,196,185,356,74,236,791,30,170,545,882,914,406,895,706,40,695,1003,741,186,593,64,354,42,481,249,60,114,107,111,82,92,61,63,94,87,78,49,57,55,96,61,88,76,65,68,39,55,44,52,77,47,47,40,46,73,73,67
[ 25.742710] wil6210-aoa$0,1606461625.423399,04:d6:aa:c1:38:97,2,1,1,0,128,299,954,805,809,941,1000,397,364,209,414,1016,135,903,104,199,550,962,993,351,913,782,78,677,22,243,447,90,243,362,82,853,553,63,119,104,112,84,92,63,67,90,86,78,48,58,58,102,62,92,74,65,67,38,56,45,55,81,48,50,44,51,76,76,71
[ 25.771902] wil6210-aoa$0,1606461625.452589,04:d6:aa:c1:38:97,2,1,1,0,128,309,914,809,797,942,1008,438,440,174,384,63,195,826,31,229,588,884,946,882,745,724,1,714,0,232,370,98,225,381,61,112,835,65,119,108,113,87,101,67,67,99,94,83,56,65,63,113,70,99,80,71,75,44,63,51,62,90,61,57,51,59,91,94,91
[ 25.799803] wil6210-aoa$0,1606461625.480494,04:d6:aa:c1:38:97,2,1,1,0,128,308,907,783,769,977,12,428,403,167,375,22,170,850,51,644,370,304,718,852,728,739,41,775,19,155,327,144,254,348,46,467,263,65,114,106,110,84,98,65,66,95,94,83,53,64,60,110,70,96,78,69,73,44,66,50,61,88,58,58,50,56,87,89,86
[ 25.823887] wil6210-aoa$0,1606461625.504575,04:d6:aa:c1:38:97,2,1,1,0,128,294,952,804,799,989,989,351,388,153,327,587,20,297,827,748,419,389,780,405,912,731,4,774,0,259,412,122,209,340,29,444,260,64,116,103,111,83,97,64,65,95,92,80,51,61,58,107,66,95,77,69,70,43,60,48,56,83,54,54,46,54,83,85,77
[ 25.854936] wil6210-aoa$0,1606461625.535624,04:d6:aa:c1:38:97,2,1,1,0,128,788,729,799,791,1006,19,390,381,627,171,31,174,255,860,214,594,905,952,339,873,196,860,720,25,737,198,544,7,872,881,62,870,53,99,93,97,74,84,58,56,85,79,70,45,53,52,93,56,84,69,61,60,37,53,41,50,75,47,47,41,47,73,74,72
[ 25.883744] wil6210-aoa$0,1606461625.564437,04:d6:aa:c1:38:97,2,1,1,0,128,309,923,821,803,997,1022,422,401,204,393,18,170,880,58,185,552,366,776,382,907,708,23,757,63,179,367,102,214,397,103,12,732,56,102,93,98,75,84,57,56,84,79,70,46,55,53,93,58,84,68,61,62,38,53,42,53,77,50,48,44,48,77,77,73
[ 25.906575] wil6210-aoa$0,1606461625.587267,04:d6:aa:c1:38:97,2,1,1,0,128,323,961,718,757,952,1004,446,421,219,429,41,185,268,877,737,438,884,986,315,893,745,55,734,2,195,377,32,170,395,18,779,508,60,118,101,110,83,93,63,64,91,87,78,48,58,56,100,64,93,77,67,68,41,57,45,54,82,53,50,44,51,80,80,74
[ 25.936136] wil6210-aoa$0,1606461625.616824,04:d6:aa:c1:38:97,2,1,1,0,128,310,945,810,799,900,1008,406,424,129,365,51,218,781,56,180,578,911,956,351,897,174,856,733,1011,687,194,117,269,309,1023,669,373,63,118,103,111,83,97,64,64,98,91,83,55,65,60,110,68,96,79,68,71,43,63,51,63,86,57,56,51,56,87,89,85
[ 25.960139] wil6210-aoa$0,1606461625.640831,04:d6:aa:c1:38:97,2,1,1,0,128,256,920,757,744,935,990,392,381,176,369,101,218,867,44,218,595,981,1004,383,918,663,996,683,991,251,366,596,56,333,37,102,839,67,120,107,116,86,99,69,68,102,95,85,58,67,62,114,71,100,80,71,75,46,69,54,65,91,61,61,53,63,92,97,91
[ 25.992516] wil6210-aoa$0,1606461625.673206,04:d6:aa:c1:38:97,2,1,1,0,128,352,966,794,801,937,991,502,467,178,381,7,156,265,864,626,342,387,792,435,938,746,23,189,849,182,300,63,199,810,848,261,88,64,121,111,115,84,101,65,66,97,93,84,52,65,61,107,67,98,81,70,74,43,63,51,60,87,57,56,50,56,87,88,83
[ 26.022024] wil6210-aoa$0,1606461625.702711,04:d6:aa:c1:38:97,2,1,1,0,128,257,923,783,771,965,1005,413,401,176,385,88,217,884,79,175,554,967,992,392,922,727,18,722,28,187,343,585,61,367,36,715,461,61,115,103,110,81,92,60,62,92,85,76,45,58,57,102,62,90,75,66,65,38,53,43,53,77,47,48,43,47,74,73,69
[ 26.050718] wil6210-aoa$0,1606461625.731412,04:d6:aa:c1:38:97,2,1,1,0,128,246,920,789,799,952,995,386,365,175,383,5,170,786,31,182,544,947,962,423,926,704,1010,678,27,236,418,58,200,376,55,331,83,63,113,105,111,83,95,63,62,93,90,82,52,62,60,108,67,98,77,69,70,41,63,48,59,83,55,54,49,55,84,82,80
[ 26.075067] wil6210-aoa$0,1606461625.755754,04:d6:aa:c1:38:97,2,1,1,0,128,288,908,742,742,905,1002,908,206,150,345,62,225,255,899,175,610,899,949,365,890,729,30,701,1006,226,366,84,233,413,43,465,207,66,119,109,116,88,100,65,71,97,91,82,55,64,62,110,70,98,81,69,72,43,60,49,59,87,56,55,47,55,80,86,79
[ 26.106622] wil6210-aoa$0,1606461625.787309,04:d6:aa:c1:38:97,2,1,1,0,128,263,915,197,585,442,817,851,193,635,201,488,1015,300,879,166,530,310,759,816,724,223,903,174,865,717,159,633,37,800,857,927,774,66,119,109,117,90,102,68,70,99,96,84,54,68,61,113,72,101,82,73,76,46,66,54,64,91,61,60,51,59,89,93,87
[ 26.134719] wil6210-aoa$0,1606461625.815412,04:d6:aa:c1:38:97,2,1,1,0,128,237,888,796,783,910,995,396,388,223,393,56,214,805,56,647,371,840,900,409,922,700,31,700,991,220,349,187,247,394,24,510,245,64,118,107,113,85,96,65,65,95,89,79,51,63,58,105,68,95,78,67,70,39,58,48,57,82,53,50,46,51,81,83,78
[ 26.161072] wil6210-aoa$0,1606461625.841761,04:d6:aa:c1:38:97,2,1,1,0,128,751,741,209,558,981,992,904,178,652,144,468,960,294,874,689,390,338,777,366,882,768,95,700,1005,703,232,95,231,364,64,436,243,63,117,103,111,83,95,63,63,97,90,82,51,61,60,104,64,93,76,67,68,41,56,47,57,83,51,50,44,49,78,79,76
[ 26.191188] wil6210-aoa$0,1606461625.871876,04:d6:aa:c1:38:97,2,1,1,0,128,719,702,839,798,922,991,452,420,153,369,60,229,804,41,191,593,853,930,374,893,763,53,765,60,248,369,130,206,402,42,991,752,67,121,113,117,89,103,68,71,100,96,84,55,67,63,113,69,100,83,71,75,47,65,53,63,89,60,57,50,58,88,85,80
[ 26.219370] wil6210-aoa$0,1606461625.900062,04:d6:aa:c1:38:97,2,1,1,0,128,272,926,749,731,929,1001,399,361,595,142,516,1006,271,885,190,585,925,985,398,928,751,78,656,992,232,378,129,275,395,77,402,134,64,117,105,112,83,98,65,63,95,88,82,51,62,61,107,67,93,77,67,69,42,60,48,58,82,53,52,44,52,81,83,76
[ 26.245767] wil6210-aoa$0,1606461625.926455,04:d6:aa:c1:38:97,2,1,1,0,128,257,905,728,744,944,977,393,359,595,140,89,184,270,867,670,393,935,964,353,892,698,9,768,40,190,334,113,250,310,15,476,230,64,119,109,115,84,97,66,67,96,88,82,52,62,61,110,66,98,78,69,70,44,62,50,59,88,58,55,49,54,83,89,82
[ 26.270814] wil6210-aoa$0,1606461625.951506,04:d6:aa:c1:38:97,2,1,1,0,128,722,757,800,771,917,972,825,137,633,144,579,20,314,905,737,420,917,946,405,880,203,847,97,812,670,147,553,0,877,876,944,798,63,118,105,114,87,96,63,66,97,90,79,50,61,59,102,64,94,79,68,69,41,56,48,55,83,51,51,45,51,79,83,78
[ 26.300864] wil6210-aoa$0,1606461625.981556,04:d6:aa:c1:38:97,2,1,1,0,128,287,929,209,593,931,2,382,401,201,400,58,207,853,33,180,577,903,918,407,936,732,0,731,1022,214,310,90,176,429,74,122,900,60,112,98,105,80,93,61,59,88,85,75,49,59,56,102,62,88,72,65,65,38,58,46,56,79,52,52,46,50,76,80,76
[ 26.325441] wil6210-aoa$0,1606461626.006131,04:d6:aa:c1:38:97,2,1,1,0,128,782,722,229,597,943,1021,426,412,181,392,64,219,848,89,211,587,905,965,379,922,719,42,776,55,176,362,64,188,438,72,650,346,66,114,106,113,86,98,66,67,96,91,82,54,64,62,107,68,98,79,71,71,43,65,51,61,88,60,56,49,58,86,89,85
[ 26.356683] wil6210-aoa$0,1606461626.037373,04:d6:aa:c1:38:97,2,1,1,0,128,345,958,800,794,961,1003,468,409,130,343,24,157,804,43,214,577,922,927,360,875,750,25,640,984,242,353,99,209,395,103,349,163,63,122,106,111,86,95,63,65,95,90,82,51,62,60,106,66,95,79,67,69,41,59,47,58,83,53,53,46,52,80,83,75
[ 26.385254] wil6210-aoa$0,1606461626.065946,04:d6:aa:c1:38:97,2,1,1,0,128,295,976,762,773,1003,30,396,386,131,341,516,1003,769,1019,688,393,373,750,835,696,762,11,753,10,243,407,92,236,313,1006,245,1010,66,116,110,113,88,99,67,67,95,91,84,54,66,63,112,70,101,80,69,73,45,63,53,62,87,60,56,52,60,91,94,88
[ 26.412015] wil6210-aoa$0,1606461626.092702,04:d6:aa:c1:38:97,2,1,1,0,128,319,946,765,762,980,1020,427,429,85,305,51,153,830,34,171,546,297,725,431,941,670,21,708,14,248,425,158,287,366,35,242,922,65,115,106,110,85,99,65,65,95,89,83,53,65,60,107,67,96,77,69,71,44,63,49,61,83,55,55,49,54,84,89,85
[ 26.442026] wil6210-aoa$0,1606461626.122713,04:d6:aa:c1:38:97,2,1,1,0,128,733,709,806,805,929,1006,421,418,229,377,7,184,804,59,189,597,886,940,823,711,229,892,152,842,200,343,97,213,357,31,362,137,62,118,107,113,82,94,65,66,96,87,82,51,61,60,102,64,92,76,67,68,41,58,45,54,82,52,50,43,51,79,79,74
[ 26.470766] wil6210-aoa$0,1606461626.151460,04:d6:aa:c1:38:97,2,1,1,0,128,276,932,263,578,444,842,411,405,607,136,1008,122,285,870,659,382,351,739,442,940,147,837,759,34,185,343,652,61,436,103,645,378,57,106,95,101,78,87,59,59,87,83,74,47,57,55,97,61,87,69,63,64,39,57,45,56,80,53,50,47,50,77,80,76
[ 26.498785] wil6210-aoa$0,1606461626.179475,04:d6:aa:c1:38:97,2,1,1,0,128,300,930,772,776,977,1016,418,464,143,368,50,173,808,32,207,555,991,985,385,911,738,65,730,23,189,385,114,264,362,44,26,823,63,117,104,112,83,94,66,66,97,92,82,52,65,59,108,67,94,78,68,71,43,63,49,59,83,57,57,50,56,84,87,83
[ 26.528842] wil6210-aoa$0,1606461626.209505,04:d6:aa:c1:38:97,2,1,1,0,128,771,724,831,793,885,973,432,417,134,342,539,994,274,874,189,563,902,947,412,925,196,861,718,14,164,325,134,222,344,6,228,944,63,119,109,111,82,96,64,66,94,88,80,51,65,61,107,66,96,78,68,70,40,58,49,57,83,54,52,47,52,79,82,76
[ 26.563570] wil6210-aoa$0,1606461626.244261,04:d6:aa:c1:38:97,2,1,1,0,128,779,728,752,772,395,825,877,218,147,377,11,166,797,16,704,397,325,744,375,920,713,9,697,16,726,186,605,29,808,824,776,626,65,115,107,114,87,99,68,66,97,94,85,59,66,62,112,70,100,80,72,73,45,66,53,64,88,61,58,53,60,90,92,88
[ 26.592585] wil6210-aoa$0,1606461626.273277,04:d6:aa:c1:38:97,2,1,1,0,128,794,763,291,615,894,953,879,178,624,159,579,17,822,51,178,561,306,736,854,678,171,841,190,873,629,114,178,251,375,31,5,851,64,121,108,116,87,100,67,67,96,92,83,53,62,61,109,65,97,79,69,71,42,60,48,59,86,57,54,46,55,85,87,82
[ 26.616590] wil6210-aoa$0,1606461626.297282,04:d6:aa:c1:38:97,2,1,1,0,128,797,766,293,616,960,8,900,223,91,311,50,169,891,91,209,633,904,983,376,895,725,66,733,28,221,366,595,51,902,881,266,51,62,117,108,116,86,97,67,68,92,90,82,54,60,58,106,66,98,77,69,71,45,62,48,59,87,56,55,47,56,88,84,79
[ 26.645510] wil6210-aoa$0,1606461626.326198,04:d6:aa:c1:38:97,2,1,1,0,128,269,933,756,793,953,4,424,396,190,372,66,195,789,13,253,659,843,937,325,861,214,862,745,29,169,326,132,169,420,72,397,103,58,105,98,102,78,88,60,59,87,80,75,48,58,55,96,59,87,71,63,63,40,55,44,53,76,51,49,41,49,76,76,70
[ 26.674669] wil6210-aoa$0,1606461626.355361,04:d6:aa:c1:38:97,2,1,1,0,128,798,770,728,743,969,2,353,364,195,407,48,199,848,75,209,560,357,785,826,746,693,21,742,65,237,415,75,231,377,55,571,404,63,119,110,117,87,99,66,66,99,91,82,53,62,61,107,66,97,79,71,73,44,62,49,61,87,56,56,48,57,88,88,83
[ 26.699709] wil6210-aoa$0,1606461626.380397,04:d6:aa:c1:38:97,2,1,1,0,128,324,950,768,750,988,3,340,370,127,331,80,214,767,11,192,590,976,988,422,935,672,40,695,995,672,177,92,219,788,840,857,653,65,121,105,111,88,100,67,65,96,91,84,53,63,61,108,67,97,78,69,71,43,65,50,60,83,56,55,48,54,86,86,84
[ 26.731069] wil6210-aoa$0,1606461626.411757,04:d6:aa:c1:38:97,2,1,1,0,128,242,880,161,501,382,818,901,197,179,396,84,196,871,83,201,584,863,947,387,915,803,65,664,1015,212,333,605,27,830,845,692,612,61,112,102,107,81,91,62,62,90,84,78,52,59,58,101,64,94,74,66,68,41,60,47,58,81,55,52,47,54,83,85,80
[ 26.760414] wil6210-aoa$0,1606461626.441106,04:d6:aa:c1:38:97,2,1,1,0,128,344,934,801,828,976,14,359,381,166,362,70,192,800,28,223,606,912,972,321,880,742,62,698,47,205,353,106,237,354,18,576,308,65,120,108,112,86,102,66,67,98,92,84,54,68,64,111,70,102,82,72,74,45,68,54,65,89,62,61,53,62,91,93,89
[ 26.786710] wil6210-aoa$0,1606461626.467400,04:d6:aa:c1:38:97,2,1,1,0,128,349,958,771,777,994,9,357,400,144,398,16,194,834,48,227,591,976,984,400,874,752,8,742,18,743,190,133,234,362,27,784,600,63,118,107,116,82,96,66,67,95,87,80,48,63,59,106,65,94,79,69,69,41,57,47,57,82,50,50,45,50,77,81,74
[ 26.817100] wil6210-aoa$0,1606461626.497790,04:d6:aa:c1:38:97,2,1,1,0,128,289,889,793,818,912,957,395,421,197,380,71,225,803,63,178,584,896,946,424,940,712,1015,722,9,676,198,164,264,327,13,269,26,61,116,105,113,85,97,63,66,93,89,80,49,62,58,107,68,96,77,68,69,42,61,49,58,84,57,53,50,52,84,87,81
[ 26.845617] wil6210-aoa$0,1606461626.526309,04:d6:aa:c1:38:97,2,1,1,0,128,757,710,810,754,939,995,415,406,127,340,68,241,241,871,139,526,314,754,800,665,184,898,713,16,701,178,563,52,344,1020,527,386,62,117,106,112,84,93,61,63,91,83,78,48,57,58,100,64,89,75,66,64,39,57,44,53,80,51,47,40,48,75,75,67
[ 26.872756] wil6210-aoa$0,1606461626.553446,04:d6:aa:c1:38:97,2,1,1,0,128,261,905,832,783,919,985,928,208,158,361,29,156,238,884,206,613,875,975,385,914,665,1010,181,821,673,141,616,69,844,848,515,348,66,115,106,113,85,99,67,68,98,92,80,55,67,63,113,68,101,80,70,73,45,66,53,63,89,62,59,52,62,90,95,87
[ 26.903796] wil6210-aoa$0,1606461626.584484,04:d6:aa:c1:38:97,2,1,1,0,128,261,924,728,751,942,993,879,190,207,378,52,203,755,972,649,385,899,924,409,919,713,4,750,4,690,173,564,3,345,5,776,516,66,118,109,115,86,98,65,67,97,91,85,53,65,62,111,68,99,81,70,72,44,63,51,61,85,58,56,51,56,87,90,82
[ 26.934933] wil6210-aoa$0,1606461626.615621,04:d6:aa:c1:38:97,2,1,1,0,128,712,685,242,583,394,816,955,264,154,351,57,215,804,84,210,582,913,982,339,881,788,30,705,1009,678,151,620,75,396,63,830,603,65,116,107,115,83,97,66,65,98,90,85,53,63,61,108,67,96,79,68,70,44,62,50,59,84,54,53,46,54,85,85,79
[ 26.964436] wil6210-aoa$0,1606461626.645129,04:d6:aa:c1:38:97,2,1,1,0,128,756,738,747,796,945,1007,886,225,149,370,513,26,295,903,252,588,899,960,825,669,719,7,190,860,670,151,133,238,807,854,493,349,64,119,108,114,85,97,66,66,99,93,82,53,65,62,107,70,98,79,71,72,45,60,50,63,87,60,54,47,57,86,91,84
[ 26.988325] wil6210-aoa$0,1606461626.669018,04:d6:aa:c1:38:97,2,1,1,0,128,754,715,239,593,919,1006,449,415,204,377,39,185,815,20,664,357,341,738,799,669,700,1011,209,847,232,359,94,213,316,1004,378,149,64,116,109,118,88,98,65,66,97,89,82,51,60,59,108,67,97,77,68,70,43,60,46,58,86,52,52,45,55,80,85,77
[ 27.019888] wil6210-aoa$0,1606461626.700577,04:d6:aa:c1:38:97,2,1,1,0,128,286,928,747,740,453,869,375,390,188,373,42,207,800,26,208,562,922,974,400,884,771,57,697,10,265,413,567,50,432,85,825,627,62,112,107,111,82,96,64,63,93,86,81,53,62,62,107,69,95,77,68,71,44,63,49,60,85,57,53,46,56,86,87,78
[ 27.043711] wil6210-aoa$0,1606461626.724404,04:d6:aa:c1:38:97,2,1,1,0,128,246,924,736,741,984,39,414,421,130,368,992,146,265,851,179,561,911,973,849,743,755,24,726,16,224,379,153,252,348,6,861,586,62,116,111,114,83,99,64,65,95,89,82,51,63,61,108,67,96,79,69,72,43,63,51,63,89,56,55,49,56,86,87,81
[ 27.071862] wil6210-aoa$0,1606461626.752549,04:d6:aa:c1:38:97,2,1,1,0,128,831,780,753,772,14,21,819,177,672,184,492,7,905,105,228,631,946,1016,346,854,692,14,688,978,697,158,600,51,316,1002,292,53,65,117,107,113,87,99,67,67,96,93,83,56,67,63,113,70,99,82,71,72,46,65,54,63,88,61,58,53,59,91,92,88
[ 27.102954] wil6210-aoa$0,1606461626.783642,04:d6:aa:c1:38:97,2,1,1,0,128,202,883,729,717,950,999,367,408,101,374,1020,192,311,906,649,379,390,783,825,711,183,859,196,825,814,286,101,224,437,76,113,918,66,117,106,110,88,98,66,67,98,94,86,57,64,64,111,69,99,78,70,73,46,66,53,64,89,62,58,54,61,90,96,92
[ 27.127677] wil6210-aoa$0,1606461626.808365,04:d6:aa:c1:38:97,2,1,1,0,128,228,895,810,761,923,992,428,406,217,378,59,176,851,59,628,354,357,747,845,681,691,17,183,860,168,299,616,49,378,22,942,760,55,104,92,98,75,83,58,57,83,79,75,47,55,54,98,60,87,70,60,64,40,58,44,53,78,52,50,45,51,78,79,75
[ 27.160667] wil6210-aoa$0,1606461626.841355,04:d6:aa:c1:38:97,2,1,1,0,128,694,702,290,617,947,18,392,426,201,385,54,173,834,62,264,634,868,945,395,954,708,32,762,71,242,369,107,225,349,29,161,981,65,120,106,113,86,100,64,65,97,93,81,52,64,62,110,67,98,80,68,71,43,59,49,60,85,57,55,49,57,84,89,83
[ 27.192149] wil6210-aoa$0,1606461626.872836,04:d6:aa:c1:38:97,2,1,1,0,128,316,913,195,538,384,806,472,427,183,399,82,210,846,34,223,606,353,789,355,897,660,3,728,18,229,364,126,238,444,57,25,708,66,120,108,113,86,99,66,66,97,93,84,55,67,61,113,69,100,81,72,74,44,67,52,64,90,61,56,53,59,87,93,84
[ 27.219775] wil6210-aoa$0,1606461626.900468,04:d6:aa:c1:38:97,2,1,1,0,128,246,913,726,714,368,773,885,175,717,204,95,220,825,62,228,622,909,990,397,947,687,4,683,1019,201,372,110,248,365,44,44,931,64,117,107,114,85,98,65,66,95,88,81,51,63,60,105,68,95,77,68,67,43,60,50,59,86,54,53,46,54,80,84,75
[ 27.249251] wil6210-aoa$0,1606461626.929942,04:d6:aa:c1:38:97,2,1,1,0,128,272,920,770,781,916,1019,920,244,652,197,119,249,845,46,186,594,877,951,383,943,161,886,132,858,658,147,553,7,786,818,780,655,65,117,109,114,88,100,66,66,99,94,83,58,64,61,113,70,97,80,72,73,44,65,51,62,87,58,57,51,56,86,91,83
[ 27.274077] wil6210-aoa$0,1606461626.954768,04:d6:aa:c1:38:97,2,1,1,0,128,248,899,245,582,398,797,910,229,684,225,24,150,261,846,672,416,941,1006,345,901,133,805,166,774,204,324,124,247,299,1001,794,652,65,118,105,114,86,99,66,66,97,93,84,55,64,61,110,67,97,80,71,71,43,64,50,61,87,58,57,51,56,86,90,88
[ 27.304152] wil6210-aoa$0,1606461626.984842,04:d6:aa:c1:38:97,2,1,1,0,128,324,922,869,852,957,2,429,379,184,385,108,191,863,97,156,550,936,992,383,920,769,58,753,47,178,391,62,220,405,47,1002,702,63,118,107,115,85,97,66,66,96,89,82,53,61,60,110,66,97,80,69,71,43,63,50,58,86,57,55,48,56,87,85,80
[ 27.328953] wil6210-aoa$0,1606461627.009640,04:d6:aa:c1:38:97,2,1,1,0,128,802,760,816,778,374,780,858,192,191,412,17,162,813,44,156,582,909,953,306,874,735,38,692,27,634,115,138,241,338,44,346,27,64,119,107,115,85,99,67,67,99,92,82,53,67,62,109,69,96,81,70,71,44,62,50,61,86,56,55,48,57,85,87,83
[ 27.361228] wil6210-aoa$0,1606461627.041918,04:d6:aa:c1:38:97,2,1,1,0,128,778,733,762,741,397,835,786,150,690,211,41,242,783,8,198,580,856,886,869,732,197,843,181,837,736,193,601,50,318,995,851,704,62,114,102,108,81,92,61,62,90,85,78,51,62,58,101,65,93,75,65,67,41,60,49,59,83,56,53,48,56,83,87,84
[ 27.392763] wil6210-aoa$0,1606461627.073454,04:d6:aa:c1:38:97,2,1,1,0,128,776,740,777,739,924,1008,419,378,678,218,78,203,817,48,600,330,253,745,863,712,147,830,141,819,643,147,580,1019,786,848,727,568,65,120,106,114,85,98,67,67,96,90,83,53,60,59,107,66,95,78,68,71,41,59,48,57,85,55,54,45,52,84,86,80
[ 27.424526] wil6210-aoa$0,1606461627.105216,04:d6:aa:c1:38:97,2,1,1,0,128,242,876,822,784,940,999,862,166,660,186,55,192,834,46,200,590,904,904,357,869,124,831,197,890,184,332,84,221,360,33,878,586,66,117,108,112,87,99,65,64,96,90,82,53,63,61,111,68,98,79,71,72,43,62,51,60,87,59,56,50,55,89,92,86
[ 27.456078] wil6210-aoa$0,1606461627.136770,04:d6:aa:c1:38:97,2,1,1,0,128,285,918,787,817,937,989,489,427,267,431,73,193,310,932,164,539,926,976,354,927,749,58,673,996,257,362,63,204,360,43,57,800,62,117,108,115,83,95,63,65,95,86,81,49,59,58,105,67,93,78,67,69,39,56,46,56,81,51,52,45,51,80,82,74
[ 27.481834] wil6210-aoa$0,1606461627.162522,04:d6:aa:c1:38:97,2,1,1,0,128,309,984,763,788,960,23,360,418,152,353,16,181,301,906,228,582,900,937,400,899,715,36,731,1,203,355,85,182,366,7,316,124,66,117,104,114,87,100,65,66,99,94,84,55,67,63,108,69,96,78,71,71,45,62,51,63,88,59,55,50,59,87,93,86
[ 27.509239] wil6210-aoa$0,1606461627.189930,04:d6:aa:c1:38:97,2,1,1,0,128,311,904,725,754,354,767,953,227,599,131,553,25,308,871,229,577,933,956,384,924,690,12,751,11,178,316,119,246,398,79,279,74,62,116,107,113,83,95,64,66,95,88,80,49,59,59,103,64,93,77,67,68,39,56,45,56,79,49,48,43,50,77,77,74
[ 27.539002] wil6210-aoa$0,1606461627.219693,04:d6:aa:c1:38:97,2,1,1,0,128,247,913,810,761,960,979,874,224,158,361,41,205,764,4,228,578,900,939,420,927,662,1014,702,0,202,311,119,221,363,27,421,171,64,114,105,111,86,97,65,64,94,92,81,52,63,60,107,68,97,78,67,70,44,63,49,59,87,57,55,49,57,86,86,82
[ 27.567694] wil6210-aoa$0,1606461627.248385,04:d6:aa:c1:38:97,2,1,1,0,128,702,729,193,550,419,832,400,372,176,388,72,244,818,31,168,556,932,977,391,934,739,9,755,14,210,356,97,247,381,18,58,852,65,119,107,115,84,98,64,66,94,89,84,52,64,61,107,67,99,78,68,70,42,61,49,58,85,57,54,48,53,84,87,79
[ 27.596082] wil6210-aoa$0,1606461627.276773,04:d6:aa:c1:38:97,2,1,1,0,128,230,870,834,783,942,7,409,416,171,389,54,199,897,86,236,603,978,1009,338,899,762,43,682,8,182,362,104,243,297,1012,913,748,66,117,108,115,87,101,67,65,98,91,83,53,66,62,111,68,99,79,72,73,47,63,51,62,85,58,57,50,56,86,91,86
[ 27.626404] wil6210-aoa$0,1606461627.307098,04:d6:aa:c1:38:97,2,1,1,0,128,363,954,832,790,391,786,873,197,166,365,512,1014,301,893,676,367,318,726,873,722,192,859,765,46,242,380,81,190,799,868,492,363,61,108,102,105,79,93,62,60,90,84,79,51,61,57,100,65,93,75,66,68,42,60,47,58,81,55,53,46,54,81,84,80
[ 27.654929] wil6210-aoa$0,1606461627.335618,04:d6:aa:c1:38:97,2,1,1,0,128,222,897,193,525,436,838,416,397,168,349,501,992,285,915,662,413,907,981,403,924,723,31,704,1022,740,203,570,47,339,10,277,140,66,119,107,112,85,96,64,65,95,90,83,52,63,62,111,68,98,79,69,71,43,63,50,62,86,59,56,49,55,86,88,83
[ 27.685547] wil6210-aoa$0,1606461627.366241,04:d6:aa:c1:38:97,2,1,1,0,128,278,884,785,757,964,1023,419,398,137,360,112,269,784,18,160,544,910,949,341,859,733,41,697,21,172,350,82,196,834,882,77,801,63,116,107,116,86,97,64,66,94,87,79,50,61,60,104,66,94,78,68,70,43,58,48,59,83,54,51,45,52,81,86,79
[ 27.713352] wil6210-aoa$0,1606461627.394040,04:d6:aa:c1:38:97,2,1,1,0,128,746,717,174,538,382,815,397,376,126,343,53,216,280,872,707,415,388,792,804,668,199,879,722,33,674,186,58,198,368,32,983,686,65,116,108,113,86,97,65,64,96,89,78,52,62,62,105,67,96,77,68,70,43,60,50,60,85,54,54,47,54,82,83,82
[ 27.744927] wil6210-aoa$0,1606461627.425617,04:d6:aa:c1:38:97,2,1,1,0,128,307,935,792,768,906,943,880,214,138,364,34,224,770,12,210,572,884,926,432,915,674,1011,690,11,700,168,553,41,810,854,929,670,64,113,105,108,83,98,66,66,97,93,82,55,65,59,108,69,100,79,68,72,44,65,52,63,87,61,58,51,57,85,91,85
[ 27.776586] wil6210-aoa$0,1606461627.457275,04:d6:aa:c1:38:97,2,1,1,0,128,336,961,792,806,909,1005,392,372,219,396,54,220,881,91,250,652,903,967,409,901,703,41,827,70,213,384,141,269,349,69,7,729,61,117,106,110,80,92,62,65,93,85,80,51,58,58,104,63,92,75,66,66,41,57,45,54,82,51,53,45,53,80,82,76
[ 27.808021] wil6210-aoa$0,1606461627.488716,04:d6:aa:c1:38:97,2,1,1,0,128,303,931,246,612,935,1001,912,230,211,404,39,211,864,53,225,591,947,977,398,883,670,0,752,32,176,355,91,216,401,19,227,991,64,116,109,116,86,101,65,67,97,92,84,53,64,61,109,69,98,81,71,70,43,63,50,59,87,56,57,48,54,85,89,81
[ 27.834174] wil6210-aoa$0,1606461627.514864,04:d6:aa:c1:38:97,2,1,1,0,128,308,933,748,773,924,978,409,374,163,358,63,189,852,54,191,601,904,953,335,895,671,1021,721,45,199,380,142,235,358,37,348,23,66,118,108,114,89,100,69,69,96,94,86,58,66,65,113,68,101,80,71,74,47,66,52,61,89,60,56,51,59,89,90,85
[ 27.866167] wil6210-aoa$0,1606461627.546856,04:d6:aa:c1:38:97,2,1,1,0,128,749,745,771,749,903,987,419,423,183,357,45,195,753,8,183,569,904,977,350,899,726,31,757,66,235,395,155,258,317,42,300,107,53,101,92,96,74,85,56,59,83,81,70,46,55,53,95,57,84,69,61,62,38,55,43,52,77,50,48,42,49,75,77,71
[ 27.891219] wil6210-aoa$0,1606461627.571907,04:d6:aa:c1:38:97,2,1,1,0,128,204,872,214,576,912,1014,890,194,631,164,63,206,803,4,660,408,856,935,820,732,164,832,140,832,723,184,176,280,331,26,987,746,54,98,93,98,72,81,56,56,79,75,69,44,50,49,88,56,80,64,58,59,35,48,38,48,68,44,44,36,43,67,68,61
[ 27.920331] wil6210-aoa$0,1606461627.601023,04:d6:aa:c1:38:97,2,1,1,0,128,350,951,790,768,927,1002,396,412,148,338,53,199,764,19,184,601,908,933,844,706,155,861,662,982,749,217,485,1007,371,50,444,209,54,99,93,96,73,84,56,57,84,77,70,44,57,51,92,58,85,69,60,61,38,54,44,51,75,50,47,42,48,74,76,69
[ 27.949864] wil6210-aoa$0,1606461627.630556,04:d6:aa:c1:38:97,2,1,1,0,128,781,761,793,792,888,958,421,433,194,381,82,240,830,68,210,601,878,966,327,882,773,50,746,0,703,170,580,25,833,819,1010,832,65,121,109,115,86,98,66,66,96,92,82,51,64,62,109,68,99,77,70,70,43,61,49,60,85,55,56,49,55,83,86,83
[ 27.974696] wil6210-aoa$0,1606461627.655388,04:d6:aa:c1:38:97,2,1,1,0,128,334,938,755,752,965,1006,411,443,136,357,90,213,860,50,210,615,896,956,413,924,731,46,734,4,130,348,584,57,384,60,18,811,66,119,106,113,86,97,67,68,99,94,83,58,66,63,112,70,100,80,72,74,47,66,54,63,90,61,60,53,64,90,95,89
[ 28.003636] wil6210-aoa$0,1606461627.684325,04:d6:aa:c1:38:97,2,1,1,0,128,264,929,775,747,952,1009,406,413,119,373,575,44,870,95,213,585,967,962,439,936,765,58,771,92,151,327,114,249,331,14,87,910,55,100,90,96,73,83,56,57,79,76,71,45,53,51,93,59,82,65,60,61,37,53,44,52,74,50,47,41,49,77,77,71
[ 28.035195] wil6210-aoa$0,1606461627.715884,04:d6:aa:c1:38:97,2,1,1,0,128,787,772,805,790,949,12,367,371,188,397,12,182,277,870,588,336,386,757,807,691,180,850,150,840,706,190,82,214,374,2,921,750,57,96,94,97,73,87,59,57,83,80,73,48,58,52,98,61,88,68,62,63,40,58,44,55,77,53,51,45,50,76,79,76
[ 28.066817] wil6210-aoa$0,1606461627.747504,04:d6:aa:c1:38:97,2,1,1,0,128,218,811,282,575,334,778,841,182,587,141,91,235,816,32,144,583,909,978,330,892,724,46,713,8,217,384,164,289,386,89,657,392,65,121,106,111,86,96,64,63,95,89,80,51,60,58,106,65,94,75,67,68,42,60,50,58,84,55,53,48,55,83,86,82
[ 28.093043] wil6210-aoa$0,1606461627.773734,04:d6:aa:c1:38:97,2,1,1,0,128,261,907,794,757,983,9,448,424,205,360,87,217,756,28,209,571,891,957,393,911,757,1015,782,59,192,398,133,254,329,62,559,291,57,104,95,99,76,86,58,59,86,79,71,47,54,55,97,57,87,70,62,63,39,56,46,55,75,51,51,44,51,78,80,75
[ 28.118230] wil6210-aoa$0,1606461627.798920,04:d6:aa:c1:38:97,2,1,1,0,128,317,918,738,760,302,774,861,191,639,182,108,248,780,36,204,613,859,943,335,877,735,16,175,838,652,164,86,232,377,1008,577,399,64,115,106,113,84,98,67,64,94,89,82,56,65,63,113,68,100,79,71,73,45,65,52,65,89,62,58,53,62,91,91,88
[ 28.151487] wil6210-aoa$0,1606461627.832176,04:d6:aa:c1:38:97,2,1,1,0,128,277,928,857,833,916,952,360,365,119,306,481,972,812,42,184,545,931,951,306,860,154,830,693,995,707,166,115,212,370,31,928,651,57,100,96,99,74,87,58,59,84,80,72,49,59,54,98,62,87,70,64,62,40,56,45,55,79,54,50,46,53,80,81,75
[ 28.182552] wil6210-aoa$0,1606461627.863243,04:d6:aa:c1:38:97,2,1,1,0,128,309,957,730,751,950,1019,425,443,115,332,65,190,300,900,244,594,864,914,366,918,189,877,756,39,231,361,94,211,423,76,878,678,61,115,104,109,81,93,64,66,92,86,79,51,61,60,102,64,95,74,67,70,41,60,46,57,83,54,51,46,53,80,84,79
[ 28.210531] wil6210-aoa$0,1606461627.891219,04:d6:aa:c1:38:97,2,1,1,0,128,343,985,783,811,905,997,403,381,121,354,63,187,808,41,177,556,884,931,459,945,719,22,724,14,192,361,175,253,482,75,361,75,66,119,108,116,87,101,65,65,98,93,85,55,68,64,114,71,101,81,71,74,45,65,52,63,89,60,58,52,59,89,95,88
[ 28.242006] wil6210-aoa$0,1606461627.922698,04:d6:aa:c1:38:97,2,1,1,0,128,283,916,753,752,957,1002,392,390,190,399,70,194,790,2,200,546,942,962,404,930,711,1,739,32,250,399,110,248,338,25,339,115,64,121,108,115,87,98,66,66,99,90,85,52,65,62,109,66,96,80,70,69,45,60,49,59,85,56,55,46,52,84,82,75
[ 28.266739] wil6210-aoa$0,1606461627.947432,04:d6:aa:c1:38:97,2,1,1,0,128,710,697,246,586,363,810,428,412,208,452,70,241,861,49,154,555,898,946,796,683,706,2,728,17,296,403,80,166,358,14,63,910,65,115,108,115,88,99,66,66,100,92,83,54,67,62,112,71,102,80,70,73,47,64,50,62,88,60,59,50,58,89,91,88
[ 28.296444] wil6210-aoa$0,1606461627.977133,04:d6:aa:c1:38:97,2,1,1,0,128,302,958,787,804,989,28,458,477,144,350,104,188,862,54,186,549,924,955,439,945,761,36,752,40,191,356,166,235,385,33,6,717,61,112,102,106,81,95,62,63,91,88,79,50,61,59,107,63,92,75,66,68,42,59,48,57,81,54,51,46,53,81,83,78
[ 28.327572] wil6210-aoa$0,1606461628.008267,04:d6:aa:c1:38:97,2,1,1,0,128,283,953,715,739,914,987,465,414,194,368,46,187,888,78,198,582,909,935,375,910,685,1019,796,29,179,339,113,216,348,15,685,472,66,119,109,114,86,102,67,65,100,95,85,55,65,62,113,70,99,79,71,73,45,65,53,64,89,61,59,52,58,89,95,87
[ 28.356065] wil6210-aoa$0,1606461628.036753,04:d6:aa:c1:38:97,2,1,1,0,128,350,946,869,860,916,995,417,352,196,388,61,210,839,70,202,557,950,972,370,934,707,11,674,8,225,389,44,180,389,69,345,180,66,117,106,111,86,98,66,67,97,93,82,54,66,62,114,69,99,80,72,73,45,65,52,60,89,62,60,52,59,90,92,89
[ 28.388463] wil6210-aoa$0,1606461628.069156,04:d6:aa:c1:38:97,2,1,1,0,128,314,927,767,820,861,959,440,424,165,381,2,153,845,62,255,637,856,931,382,864,686,15,697,13,660,195,121,253,335,1021,115,948,61,112,102,109,81,93,62,63,92,85,80,51,58,58,101,63,91,75,65,66,42,58,46,56,79,55,50,44,54,80,83,76
[ 28.415466] wil6210-aoa$0,1606461628.096153,04:d6:aa:c1:38:97,2,1,1,0,128,307,929,750,752,938,2,391,405,212,403,77,194,906,68,230,608,908,967,361,914,714,63,725,17,213,360,125,212,388,70,41,739,66,120,108,113,85,100,66,65,96,91,86,56,67,62,111,69,100,79,70,73,45,67,53,63,88,60,59,50,58,88,94,87
[ 28.448168] wil6210-aoa$0,1606461628.128857,04:d6:aa:c1:38:97,2,1,1,0,128,767,744,820,818,947,1011,821,160,518,98,553,15,891,56,198,619,961,1000,375,903,707,11,123,801,683,157,614,38,938,926,872,679,63,120,109,114,85,98,67,67,98,91,85,54,65,63,110,69,99,80,71,71,45,63,50,61,87,58,58,50,57,89,90,85
[ 28.480922] wil6210-aoa$0,1606461628.161610,04:d6:aa:c1:38:97,2,1,1,0,128,294,920,784,749,399,805,898,233,180,390,41,152,815,29,225,575,860,885,392,953,695,0,650,971,189,309,574,24,858,875,234,1019,57,103,95,97,75,86,56,56,83,78,74,45,54,53,93,58,86,66,60,62,37,55,43,54,77,50,47,42,49,74,76,70
[ 28.513651] wil6210-aoa$0,1606461628.194339,04:d6:aa:c1:38:97,2,1,1,0,128,308,944,814,782,961,1020,355,372,202,401,88,224,886,94,229,625,930,984,355,866,730,36,672,991,723,200,96,190,410,79,442,132,59,100,93,99,77,89,60,60,84,81,73,50,57,55,98,63,87,70,61,64,41,57,46,56,80,55,52,46,52,79,83,81
[ 28.548769] wil6210-aoa$0,1606461628.229455,04:d6:aa:c1:38:97,2,1,1,0,128,273,934,785,789,932,1013,428,436,123,353,131,224,828,87,200,584,926,966,441,964,685,50,705,25,219,380,101,272,368,24,1015,706,67,120,112,120,90,100,68,67,99,93,85,56,64,62,112,71,99,81,71,74,45,62,51,62,89,59,56,50,58,89,88,82
[ 28.579027] wil6210-aoa$0,1606461628.259718,04:d6:aa:c1:38:97,2,1,1,0,128,766,759,790,750,925,992,463,427,170,361,139,224,837,32,225,600,959,984,304,874,166,858,724,31,681,156,103,213,360,50,618,394,67,119,108,114,88,101,67,68,100,95,87,56,66,64,114,72,100,82,71,74,46,66,53,63,90,62,58,53,60,90,96,87
[ 28.609469] wil6210-aoa$0,1606461628.290157,04:d6:aa:c1:38:97,2,1,1,0,128,245,873,853,808,971,1015,413,445,197,380,1005,119,854,39,150,565,925,938,388,925,776,66,761,29,204,338,125,254,370,87,206,901,62,113,101,107,79,94,66,65,93,87,79,53,62,60,106,66,95,76,69,69,43,61,50,60,85,59,53,49,58,87,90,85
[ 28.635068] wil6210-aoa$0,1606461628.315761,04:d6:aa:c1:38:97,2,1,1,0,128,283,893,793,803,925,14,414,423,172,405,25,181,827,64,217,629,949,1016,276,853,718,24,162,841,736,221,161,236,396,68,383,81,61,115,101,109,83,95,62,63,92,87,80,50,61,59,108,66,93,77,68,69,42,60,49,59,84,55,53,49,55,83,86,80
[ 28.662991] wil6210-aoa$0,1606461628.343679,04:d6:aa:c1:38:97,2,1,1,0,128,247,854,775,777,973,1013,835,168,681,236,60,204,835,58,203,559,867,909,804,675,733,25,758,12,199,337,96,224,379,29,485,212,66,112,106,111,84,98,68,67,97,92,83,57,66,62,112,71,100,79,69,72,44,65,51,65,89,61,59,52,61,93,92,90
[ 28.695589] wil6210-aoa$0,1606461628.376277,04:d6:aa:c1:38:97,2,1,1,0,128,781,708,803,766,908,982,873,193,637,176,103,229,838,21,193,568,866,929,799,679,150,802,155,814,702,199,576,58,837,895,146,58,64,118,106,111,86,98,68,67,99,94,81,55,65,62,113,70,101,81,69,73,45,67,51,62,90,61,60,50,60,90,93,88
[ 28.726196] wil6210-aoa$0,1606461628.406887,04:d6:aa:c1:38:97,2,1,1,0,128,286,977,193,567,897,1,848,206,127,343,29,187,262,840,698,391,888,916,866,725,741,12,726,32,199,355,91,221,363,30,348,116,60,111,102,110,80,93,61,62,91,87,79,52,61,58,106,66,94,75,65,67,43,60,49,58,84,57,54,48,55,84,89,82
[ 28.755263] wil6210-aoa$0,1606461628.435953,04:d6:aa:c1:38:97,2,1,1,0,128,711,689,225,560,445,836,378,382,179,354,65,214,789,31,243,592,925,983,338,903,717,61,93,813,239,358,103,218,303,1000,246,88,63,120,106,112,85,98,66,66,97,90,80,54,62,62,105,67,96,80,68,72,43,64,49,60,84,56,55,49,57,85,87,81
[ 28.781163] wil6210-aoa$0,1606461628.461853,04:d6:aa:c1:38:97,2,1,1,0,128,276,936,759,768,896,993,935,245,204,383,545,1,852,5,635,393,381,757,840,694,247,920,199,903,658,159,104,229,435,67,708,414,64,119,108,113,84,96,66,66,98,92,85,57,63,62,109,69,99,80,70,71,44,66,52,62,88,59,57,50,59,90,91,86
[ 28.811414] wil6210-aoa$0,1606461628.492106,04:d6:aa:c1:38:97,2,1,1,0,128,800,780,759,793,435,852,868,231,210,397,23,175,205,840,637,341,911,924,860,684,238,885,199,844,688,155,93,204,351,992,837,654,66,116,105,113,86,98,65,66,98,94,83,55,63,63,112,68,98,81,71,72,44,63,50,61,88,59,56,48,59,87,91,82
[ 28.836957] wil6210-aoa$0,1606461628.517649,04:d6:aa:c1:38:97,2,1,1,0,128,278,903,791,785,970,1000,407,393,129,327,35,167,836,18,250,649,896,966,320,849,676,1018,725,15,161,357,67,213,349,33,595,261,65,117,105,112,88,99,67,68,96,93,84,55,67,64,114,68,100,81,71,73,45,64,52,62,89,59,57,52,60,88,92,86
[ 28.863787] wil6210-aoa$0,1606461628.544474,04:d6:aa:c1:38:97,2,1,1,0,128,256,908,797,789,932,1006,496,455,130,342,103,228,863,88,151,522,925,968,455,963,700,12,748,27,639,143,165,251,282,988,976,735,57,101,91,96,74,85,56,55,83,78,71,45,55,52,93,59,84,65,60,60,39,56,44,52,76,49,47,41,50,73,76,70
[ 28.897114] wil6210-aoa$0,1606461628.577802,04:d6:aa:c1:38:97,2,1,1,0,128,769,697,752,752,954,1018,838,187,589,138,1015,163,793,35,145,522,371,767,866,702,187,848,130,835,251,399,75,203,803,854,230,182,64,122,110,116,87,98,65,69,98,89,81,50,64,61,107,64,96,79,68,71,41,58,47,56,81,53,50,43,51,80,80,73
[ 28.924670] wil6210-aoa$0,1606461628.605362,04:d6:aa:c1:38:97,2,1,1,0,128,271,926,795,778,1002,8,448,406,146,388,11,165,793,23,209,586,877,913,449,929,678,1005,697,28,206,357,66,200,384,47,457,169,56,100,93,97,73,85,56,59,84,79,70,48,56,52,94,58,84,69,60,62,38,53,42,51,76,50,47,41,49,74,76,72
[ 28.950599] wil6210-aoa$0,1606461628.631286,04:d6:aa:c1:38:97,2,1,1,0,128,299,932,846,784,890,936,496,421,140,335,26,166,797,21,169,575,885,917,393,920,795,93,815,97,206,379,133,276,359,30,720,477,66,120,109,117,89,100,69,70,98,91,85,55,67,63,111,71,103,82,73,73,47,68,52,66,90,61,60,53,63,90,94,90
[ 28.980338] wil6210-aoa$0,1606461628.661030,04:d6:aa:c1:38:97,2,1,1,0,128,733,691,842,798,1022,44,372,391,164,417,78,237,831,68,160,559,886,937,373,874,244,862,722,2,224,366,136,234,426,80,760,387,64,119,105,114,85,97,66,65,96,91,82,53,66,62,110,67,97,80,69,70,43,62,49,59,86,57,54,48,56,85,87,79
[ 29.011935] wil6210-aoa$0,1606461628.692624,04:d6:aa:c1:38:97,2,1,1,0,128,366,974,737,769,988,30,413,397,238,412,39,206,881,67,171,564,970,955,323,870,782,57,768,10,248,384,94,230,383,41,983,620,65,120,106,112,87,100,67,66,98,92,86,56,66,66,111,69,99,80,70,73,46,66,53,63,90,62,58,52,62,91,96,88
[ 29.041316] wil6210-aoa$0,1606461628.722007,04:d6:aa:c1:38:97,2,1,1,0,128,314,964,752,730,925,1004,436,429,186,416,56,164,794,33,684,378,925,1016,414,954,710,22,766,44,202,388,106,245,384,40,269,934,62,119,107,113,85,96,62,65,96,88,79,50,62,59,104,65,95,79,67,70,39,58,48,57,82,54,51,46,51,81,83,77
[ 29.073053] wil6210-aoa$0,1606461628.753743,04:d6:aa:c1:38:97,2,1,1,0,128,272,927,799,759,939,1018,420,417,186,416,36,186,847,98,167,575,874,921,364,912,694,12,739,28,184,359,70,211,398,89,499,132,63,118,108,114,85,95,66,69,96,93,83,53,65,61,111,68,97,81,69,72,43,63,50,61,89,57,56,50,56,88,91,84
[ 29.106473] wil6210-aoa$0,1606461628.787160,04:d6:aa:c1:38:97,2,1,1,0,128,230,881,867,793,881,960,451,400,643,157,83,199,839,26,239,611,894,965,416,932,725,13,719,1005,238,362,99,211,368,40,968,703,64,117,106,111,83,96,65,68,94,89,83,52,64,61,110,67,95,77,67,69,43,60,50,59,86,56,55,48,54,87,88,83
[ 29.133634] wil6210-aoa$0,1606461628.814325,04:d6:aa:c1:38:97,2,1,1,0,128,273,949,829,780,889,968,910,211,603,161,468,1009,221,834,178,536,297,739,877,712,719,24,716,0,239,394,83,222,357,14,320,149,68,118,105,110,88,100,68,66,96,95,84,57,66,65,113,70,100,80,70,72,45,64,53,64,90,61,56,52,58,91,94,87
[ 29.167197] wil6210-aoa$0,1606461628.847885,04:d6:aa:c1:38:97,2,1,1,0,128,293,906,811,776,953,1019,354,346,154,341,66,145,849,82,190,569,885,937,385,903,151,839,717,22,184,343,142,226,327,40,512,212,64,118,105,114,84,96,64,68,96,90,83,53,61,60,107,67,92,77,69,69,41,59,48,58,83,52,52,45,50,80,82,76
[ 29.194590] wil6210-aoa$0,1606461628.875280,04:d6:aa:c1:38:97,2,1,1,0,128,293,924,780,741,402,826,435,404,127,332,92,229,817,49,240,609,926,978,427,981,681,1013,696,13,667,184,121,219,365,26,753,559,58,111,99,106,79,90,61,63,90,84,77,49,60,57,100,63,91,74,65,66,41,57,47,55,80,52,49,44,50,78,80,76
[ 29.225988] wil6210-aoa$0,1606461628.906679,04:d6:aa:c1:38:97,2,1,1,0,128,775,729,803,823,897,1003,377,397,94,332,1019,153,272,881,641,383,346,773,367,945,716,56,720,1017,706,201,110,233,412,53,282,41,62,115,103,110,84,97,66,67,96,91,78,51,61,60,103,66,96,78,67,69,41,61,48,56,82,55,52,45,51,83,82,77
[ 29.256697] wil6210-aoa$0,1606461628.937388,04:d6:aa:c1:38:97,2,1,1,0,128,320,930,814,773,939,5,387,402,157,356,83,198,914,112,212,592,929,988,386,934,710,27,676,997,247,382,111,223,393,54,630,265,63,116,107,112,84,95,63,66,95,90,81,53,63,61,108,66,93,78,71,71,43,61,48,61,83,55,53,47,54,83,84,80
[ 29.288006] wil6210-aoa$0,1606461628.968647,04:d6:aa:c1:38:97,2,1,1,0,128,258,889,795,748,969,993,424,369,197,399,98,181,844,45,199,562,921,953,859,758,666,1006,164,852,720,177,612,73,399,35,821,628,67,116,110,113,88,102,68,69,99,94,86,55,69,64,115,70,100,83,70,74,45,67,53,67,88,60,59,53,61,90,91,87
[ 29.319585] wil6210-aoa$0,1606461629.000278,04:d6:aa:c1:38:97,2,1,1,0,128,248,911,772,794,372,820,926,261,588,153,75,253,784,36,227,563,892,951,411,928,723,1022,744,14,712,198,131,262,327,51,312,88,65,116,106,111,83,95,66,67,92,90,80,53,64,62,108,69,97,78,70,71,44,63,50,62,86,59,55,50,58,88,91,84
[ 29.345979] wil6210-aoa$0,1606461629.026671,04:d6:aa:c1:38:97,2,1,1,0,128,286,936,806,771,921,978,380,366,150,349,71,177,806,31,232,576,313,735,888,698,185,867,740,19,674,136,129,239,810,843,761,583,56,101,91,98,74,85,58,57,83,79,70,45,54,53,94,59,84,69,60,63,38,55,43,52,77,50,48,43,49,75,77,70
[ 29.374942] wil6210-aoa$0,1606461629.055629,04:d6:aa:c1:38:97,2,1,1,0,128,343,977,746,782,915,1014,419,401,165,380,46,166,315,885,207,593,930,997,401,962,721,33,745,46,290,421,155,281,374,80,545,259,66,123,108,116,92,101,68,69,99,93,85,55,66,64,111,70,100,81,72,74,45,64,54,63,91,60,59,52,58,90,94,90
[ 29.407243] wil6210-aoa$0,1606461629.087935,04:d6:aa:c1:38:97,2,1,1,0,128,331,910,869,854,942,1,424,419,120,297,569,38,303,884,215,556,880,910,377,883,685,1013,737,12,243,346,112,195,357,46,910,602,62,119,108,115,85,98,65,67,99,92,82,54,66,62,111,68,98,79,68,72,45,63,52,62,90,61,57,50,58,90,93,86
[ 29.437648] wil6210-aoa$0,1606461629.118337,04:d6:aa:c1:38:97,2,1,1,0,128,294,924,789,779,950,1001,476,425,136,358,61,212,871,109,200,606,919,1003,386,944,742,70,715,0,202,388,78,191,368,33,829,638,63,119,105,114,84,97,63,66,97,92,79,50,59,60,104,64,94,79,69,68,42,60,49,56,82,55,54,49,54,82,85,81
[ 29.469830] wil6210-aoa$0,1606461629.150522,04:d6:aa:c1:38:97,2,1,1,0,128,253,925,781,803,850,951,435,433,150,354,27,200,830,51,222,599,914,943,370,896,658,994,198,835,216,364,562,31,443,97,754,393,66,116,106,113,85,97,67,65,95,89,82,55,64,61,111,67,98,80,71,73,43,63,50,61,85,58,56,47,56,88,89,84
[ 29.499302] wil6210-aoa$0,1606461629.179990,04:d6:aa:c1:38:97,2,1,1,0,128,237,928,728,736,985,49,376,394,223,375,23,188,212,797,264,619,842,871,873,759,724,33,742,49,183,336,148,245,344,12,837,609,60,112,99,106,79,92,61,61,91,85,78,49,58,58,101,62,90,74,65,67,39,56,46,55,79,51,51,43,50,76,79,71
[ 29.525693] wil6210-aoa$0,1606461629.206385,04:d6:aa:c1:38:97,2,1,1,0,128,281,953,760,771,973,8,389,398,221,415,123,234,828,20,660,370,409,759,398,892,739,26,756,1019,174,344,124,213,321,1008,276,13,65,115,109,115,83,98,66,66,95,92,83,54,64,61,110,69,94,78,69,69,42,61,49,59,83,55,53,44,54,81,86,77
[ 29.553473] wil6210-aoa$0,1606461629.234163,04:d6:aa:c1:38:97,2,1,1,0,128,263,923,838,811,930,0,404,433,129,373,131,240,795,57,120,571,925,988,395,885,712,20,718,28,228,408,70,222,376,14,130,894,65,118,105,113,83,99,66,67,98,92,83,54,65,62,109,68,96,78,69,73,43,61,50,62,86,58,55,49,58,86,92,87
[ 29.586798] wil6210-aoa$0,1606461629.267481,04:d6:aa:c1:38:97,2,1,1,0,128,273,973,816,812,892,986,386,374,642,154,36,198,241,889,565,284,353,727,881,718,128,811,180,841,200,350,106,221,804,832,253,132,63,116,105,110,86,99,65,65,96,92,82,52,62,60,107,68,95,78,68,69,43,59,49,59,84,56,54,48,53,85,85,80
[ 29.615177] wil6210-aoa$0,1606461629.295867,04:d6:aa:c1:38:97,2,1,1,0,128,285,917,764,782,889,959,898,223,629,157,514,996,305,892,186,553,880,930,380,928,702,20,712,18,208,389,149,256,360,41,240,39,64,116,104,113,83,96,64,65,95,89,84,54,61,61,108,66,94,77,70,72,44,61,50,60,87,55,53,48,57,84,86,81
[ 29.649335] wil6210-aoa$0,1606461629.330026,04:d6:aa:c1:38:97,2,1,1,0,128,695,725,757,727,892,969,327,316,587,139,538,1019,245,851,661,324,937,963,380,909,692,1016,761,26,202,375,93,208,833,870,413,153,64,118,107,115,84,96,65,68,96,89,82,53,61,61,108,66,92,76,67,70,44,62,48,60,84,54,55,48,53,84,87,80
[ 29.676154] wil6210-aoa$0,1606461629.356846,04:d6:aa:c1:38:97,2,1,1,0,128,266,882,789,779,927,990,830,149,696,206,35,201,210,830,278,651,886,950,339,883,754,48,666,999,677,190,125,245,366,55,713,544,65,118,105,112,85,97,65,66,98,92,83,56,65,62,106,69,98,79,69,71,43,63,51,61,86,58,56,52,58,88,90,86
[ 29.706167] wil6210-aoa$0,1606461629.386855,04:d6:aa:c1:38:97,2,1,1,0,128,266,918,819,820,948,1022,460,442,145,387,68,180,823,48,196,583,914,957,443,937,806,56,700,5,207,379,80,204,412,97,697,371,70,117,108,116,90,102,68,69,98,95,86,56,70,67,115,72,100,80,75,74,46,66,55,66,92,65,59,55,63,90,99,93
[ 29.740520] wil6210-aoa$0,1606461629.421208,04:d6:aa:c1:38:97,2,1,1,0,128,803,776,204,566,383,804,924,219,114,325,998,128,837,49,613,325,382,783,876,727,152,829,196,847,248,377,125,229,347,12,687,559,68,119,110,116,90,99,69,70,98,95,84,55,64,62,113,69,100,81,72,74,45,63,51,62,85,56,58,51,58,88,91,85
[ 29.777597] wil6210-aoa$0,1606461629.458283,04:d6:aa:c1:38:97,2,1,1,0,128,283,918,797,805,907,978,905,223,639,182,582,64,832,40,274,624,901,958,344,888,710,10,185,876,195,356,93,257,352,30,809,544,63,117,104,110,86,97,63,66,94,88,82,51,63,61,107,67,96,79,70,71,42,61,50,60,85,55,55,47,53,83,86,80
[ 29.805527] wil6210-aoa$0,1606461629.486217,04:d6:aa:c1:38:97,2,1,1,0,128,312,955,847,832,932,994,890,205,636,161,37,201,275,882,236,622,902,916,406,931,705,9,689,1009,241,341,121,188,352,1022,533,284,64,117,109,115,85,97,65,67,96,93,83,55,64,62,112,69,99,79,72,74,44,64,51,62,89,58,59,51,58,89,91,84
[ 29.840077] wil6210-aoa$0,1606461629.520769,04:d6:aa:c1:38:97,2,1,1,0,128,264,879,777,754,335,770,893,206,154,368,57,207,896,86,190,610,962,1002,336,890,745,2,734,16,264,413,53,197,385,42,236,1008,66,117,106,112,85,98,67,65,97,92,84,54,66,63,111,69,100,79,71,70,45,65,50,62,86,58,55,50,55,89,88,85
[ 29.866426] wil6210-aoa$0,1606461629.547118,04:d6:aa:c1:38:97,2,1,1,0,128,763,747,798,796,982,7,391,423,96,327,7,179,823,48,176,577,941,978,865,754,696,9,204,869,221,391,83,217,392,63,816,530,64,114,107,111,85,98,67,66,97,92,83,58,66,63,112,70,99,79,70,72,46,68,53,64,91,63,59,54,62,92,96,89
[ 29.895449] wil6210-aoa$0,1606461629.576138,04:d6:aa:c1:38:97,2,1,1,0,128,294,908,853,815,946,2,354,339,142,347,559,47,269,861,675,412,351,746,377,921,170,857,164,877,252,403,125,241,312,12,172,976,64,119,105,113,83,96,64,63,95,91,81,52,62,60,106,65,93,76,69,69,43,60,50,59,83,55,54,45,53,84,85,77
[ 29.928654] wil6210-aoa$0,1606461629.609346,04:d6:aa:c1:38:97,2,1,1,0,128,271,894,838,813,914,970,441,419,176,395,16,163,234,841,712,406,898,947,321,863,207,886,750,31,249,403,89,232,374,53,849,499,64,114,102,110,85,96,62,63,97,87,80,51,59,58,103,63,92,76,67,67,40,57,45,54,79,48,49,43,47,77,75,71
[ 29.959274] wil6210-aoa$0,1606461629.639964,04:d6:aa:c1:38:97,2,1,1,0,128,314,945,785,810,944,1014,457,447,186,399,29,212,819,49,137,525,378,751,399,933,740,55,686,1003,234,412,81,231,341,18,987,711,67,118,105,113,87,102,66,67,96,90,83,53,66,61,109,69,100,79,70,70,44,64,49,61,85,58,55,48,56,88,91,85
[ 29.992402] wil6210-aoa$0,1606461629.673094,04:d6:aa:c1:38:97,2,1,1,0,128,318,924,843,815,994,23,416,363,126,306,97,188,860,29,177,582,883,948,833,731,767,27,722,7,219,376,77,220,384,82,578,288,66,117,109,115,87,100,66,66,96,92,82,54,65,62,108,70,99,80,71,72,43,65,52,61,86,58,56,49,53,86,88,84
[ 30.019009] wil6210-aoa$0,1606461629.699700,04:d6:aa:c1:38:97,2,1,1,0,128,379,999,795,780,902,1000,873,213,162,384,496,994,834,34,163,573,920,938,337,879,693,3,724,0,266,413,90,233,328,1012,46,787,64,116,104,113,85,94,66,65,93,89,81,53,62,61,106,67,96,77,68,69,44,62,49,60,83,56,55,47,53,85,85,82
[ 30.061492] wil6210-aoa$0,1606461629.742179,04:d6:aa:c1:38:97,2,1,1,0,128,253,858,235,570,370,759,888,222,616,146,71,220,806,47,612,316,390,789,864,725,225,873,710,23,177,345,140,258,792,838,51,963,63,106,99,104,80,95,63,63,92,87,79,54,64,60,107,67,95,74,67,69,44,65,49,62,85,60,58,50,57,87,94,89
[ 30.095393] wil6210-aoa$0,1606461629.776085,04:d6:aa:c1:38:97,2,1,1,0,128,712,695,210,553,404,818,884,171,213,419,34,204,810,46,171,580,358,761,864,683,125,830,124,787,691,200,563,26,825,882,854,741,64,119,108,112,88,101,67,67,97,91,82,56,65,64,113,69,99,81,71,72,45,66,52,62,91,62,57,53,61,90,95,86
[ 30.125101] wil6210-aoa$0,1606461629.805790,04:d6:aa:c1:38:97,2,1,1,0,128,311,966,733,716,973,7,370,390,663,194,65,189,847,28,137,557,373,787,349,914,176,867,693,1007,723,173,585,1020,347,26,335,83,65,119,108,113,86,98,67,67,99,93,82,52,65,63,111,67,101,81,73,73,43,62,50,62,87,57,57,50,58,87,89,85
[ 30.153455] wil6210-aoa$0,1606461629.834147,04:d6:aa:c1:38:97,2,1,1,0,128,292,956,784,783,894,956,869,237,88,352,66,218,853,98,189,577,926,951,421,955,688,33,752,57,230,363,126,242,346,42,967,736,65,122,110,116,86,97,65,68,94,90,84,53,62,61,106,68,94,78,68,70,42,60,47,57,85,54,52,46,53,81,83,77
[ 30.187824] wil6210-aoa$0,1606461629.868512,04:d6:aa:c1:38:97,2,1,1,0,128,314,945,825,795,960,1017,387,390,85,322,48,205,874,64,613,337,337,720,888,702,166,832,772,1022,182,368,36,165,791,867,252,1023,63,113,102,108,82,93,65,63,94,89,81,51,58,60,105,63,94,74,66,67,41,60,47,56,83,55,54,45,53,81,84,76
[ 30.222818] wil6210-aoa$0,1606461629.903505,04:d6:aa:c1:38:97,2,1,1,0,128,305,959,825,820,934,17,424,425,199,431,87,197,840,78,190,582,950,998,397,922,680,994,669,987,723,200,150,232,385,40,416,154,63,117,108,113,83,94,65,68,94,89,82,53,63,60,107,65,96,77,70,68,42,60,48,57,87,54,55,46,52,84,84,74
[ 30.257596] wil6210-aoa$0,1606461629.938284,04:d6:aa:c1:38:97,2,1,1,0,128,297,929,765,785,892,993,415,423,212,421,14,157,869,96,212,603,893,957,332,880,272,956,740,50,234,374,65,200,315,6,944,677,61,111,102,106,80,92,62,62,94,88,79,54,62,58,104,64,93,74,68,66,41,59,48,58,83,56,55,50,56,83,86,84
[ 30.286867] wil6210-aoa$0,1606461629.967555,04:d6:aa:c1:38:97,2,1,1,0,128,685,679,878,840,895,984,461,408,147,352,100,228,807,18,202,592,887,944,823,708,172,831,128,836,195,335,129,251,329,32,378,49,64,120,106,112,82,100,65,65,95,91,80,53,64,60,109,66,98,79,68,71,43,63,50,62,86,58,57,51,58,85,88,85
[ 30.321553] wil6210-aoa$0,1606461630.002241,04:d6:aa:c1:38:97,2,1,1,0,128,268,917,795,792,909,1000,413,398,591,151,56,219,813,21,196,594,815,918,389,926,114,833,702,27,646,174,151,259,834,892,438,259,61,118,105,114,85,98,66,66,96,93,82,54,65,63,111,67,96,80,72,72,44,64,50,61,88,59,59,52,58,87,92,86
[ 30.353314] wil6210-aoa$0,1606461630.034007,04:d6:aa:c1:38:97,2,1,1,0,128,237,879,856,831,926,980,427,392,592,139,561,33,267,881,680,402,937,958,377,907,736,54,719,10,215,347,36,184,858,898,225,65,65,112,100,107,85,97,67,67,96,91,84,56,66,63,110,66,101,80,68,72,43,63,50,63,86,57,57,51,59,86,88,87
[ 30.385118] wil6210-aoa$0,1606461630.065804,04:d6:aa:c1:38:97,2,1,1,0,128,280,937,837,834,382,820,413,401,174,367,485,1001,854,60,251,636,963,10,329,848,735,18,793,36,228,362,75,168,890,907,555,352,65,116,104,112,83,97,67,67,95,92,84,55,65,63,112,69,99,78,71,71,44,63,50,62,88,58,60,51,58,86,92,87
[ 30.413843] wil6210-aoa$0,1606461630.094530,04:d6:aa:c1:38:97,2,1,1,0,128,769,742,760,747,913,998,413,412,590,158,48,239,805,36,202,585,945,982,359,884,205,844,226,907,636,116,170,256,351,44,466,210,64,118,106,112,83,97,65,64,96,94,80,50,63,60,106,65,98,79,68,70,41,60,48,58,84,54,55,48,54,82,86,79
[ 30.443788] wil6210-aoa$0,1606461630.124480,04:d6:aa:c1:38:97,2,1,1,0,128,263,914,730,759,920,964,889,251,146,410,70,191,276,876,737,439,932,988,367,921,767,79,722,35,209,369,643,46,781,824,627,484,62,108,103,109,81,95,62,62,93,88,77,49,61,58,103,65,92,74,66,66,42,58,47,54,81,53,52,46,50,82,83,77
[ 30.477265] wil6210-aoa$0,1606461630.157958,04:d6:aa:c1:38:97,2,1,1,0,128,242,897,802,766,971,1014,470,449,157,395,106,248,755,5,213,563,941,965,361,924,733,25,673,1008,221,369,109,239,356,10,318,38,64,118,105,112,83,93,64,65,94,87,81,49,60,57,103,63,92,76,67,65,41,57,47,57,82,52,50,44,50,77,79,71
[ 30.508076] wil6210-aoa$0,1606461630.188765,04:d6:aa:c1:38:97,2,1,1,0,128,311,906,717,737,409,809,914,217,151,338,512,4,262,854,210,611,943,986,381,902,743,17,722,33,216,405,117,255,311,25,2,788,63,111,105,109,82,95,63,63,91,86,79,51,63,59,108,67,93,75,67,69,42,61,49,60,85,55,53,49,54,86,86,82
[ 30.535125] wil6210-aoa$0,1606461630.215818,04:d6:aa:c1:38:97,2,1,1,0,128,240,912,756,773,937,987,414,407,124,367,55,196,870,88,165,584,898,948,356,907,689,13,715,32,214,373,138,270,337,55,182,900,64,114,104,110,82,96,63,64,92,86,80,51,60,58,103,66,93,74,67,68,43,59,48,57,82,54,50,45,53,81,83,77
[ 30.563808] wil6210-aoa$0,1606461630.244498,04:d6:aa:c1:38:97,2,1,1,0,128,237,894,802,810,903,973,923,227,177,368,104,253,785,48,223,608,896,955,343,855,769,43,803,64,177,346,59,203,335,42,756,604,67,120,109,115,87,101,70,69,99,93,85,56,67,64,113,70,102,82,72,74,47,66,54,64,93,64,60,53,62,94,98,93
[ 30.596662] wil6210-aoa$0,1606461630.277353,04:d6:aa:c1:38:97,2,1,1,0,128,282,904,813,797,973,22,417,398,208,371,101,194,863,65,203,544,885,907,815,652,189,862,157,847,179,359,99,233,409,50,33,816,63,114,107,110,84,96,66,66,94,89,79,52,63,61,106,65,97,78,69,69,43,60,49,59,83,55,53,48,52,84,85,81
[ 30.631765] wil6210-aoa$0,1606461630.312453,04:d6:aa:c1:38:97,2,1,1,0,128,268,897,743,705,969,5,915,179,624,172,97,161,831,41,138,536,858,939,373,912,742,52,746,2,219,376,153,258,313,22,818,597,67,113,104,108,84,101,66,66,95,93,85,58,67,62,114,70,101,79,71,73,47,70,53,65,90,65,60,54,63,93,99,93
[ 30.665051] wil6210-aoa$0,1606461630.345743,04:d6:aa:c1:38:97,2,1,1,0,128,785,773,721,764,350,781,931,219,633,143,87,162,863,41,233,609,865,923,351,899,115,843,774,1017,221,372,547,1011,899,874,835,628,65,115,106,112,86,99,66,66,96,90,83,52,67,61,113,68,100,80,70,70,44,63,50,60,89,59,57,50,57,87,91,84
[ 30.696477] wil6210-aoa$0,1606461630.377165,04:d6:aa:c1:38:97,2,1,1,0,128,289,941,831,783,326,766,416,370,189,372,159,263,839,41,203,542,1005,1003,317,856,736,36,739,16,228,430,80,217,321,46,962,730,65,118,106,112,85,100,67,65,97,94,82,56,63,60,111,68,96,79,71,72,44,63,51,62,87,57,58,50,58,86,88,85
[ 30.731894] wil6210-aoa$0,1606461630.412582,04:d6:aa:c1:38:97,2,1,1,0,128,333,960,808,812,942,15,426,448,209,429,103,191,882,93,181,574,961,979,382,915,772,68,746,38,232,401,100,241,382,61,517,240,66,118,108,112,87,98,67,68,97,91,85,58,66,63,114,70,101,80,70,72,46,67,52,64,91,61,60,54,59,91,95,89
[ 30.766108] wil6210-aoa$0,1606461630.446800,04:d6:aa:c1:38:97,2,1,1,0,128,286,934,763,768,1001,23,410,436,93,353,125,221,797,21,642,323,322,725,416,957,701,11,786,13,280,349,137,217,388,31,512,233,60,109,100,105,81,90,60,61,90,84,77,49,61,57,105,64,94,76,65,67,39,59,47,56,84,56,52,45,53,83,82,80
[ 30.798859] wil6210-aoa$0,1606461630.479546,04:d6:aa:c1:38:97,2,1,1,0,128,800,757,792,760,369,809,414,382,162,379,63,224,826,61,217,566,923,932,382,931,701,32,684,24,632,198,594,12,448,99,0,797,65,114,107,111,85,98,64,67,96,91,83,54,63,61,111,67,98,78,69,72,42,62,49,61,85,57,55,49,56,86,85,80
[ 30.832283] wil6210-aoa$0,1606461630.512975,04:d6:aa:c1:38:97,2,1,1,0,128,328,975,796,773,920,1020,400,414,624,166,79,200,254,852,571,277,357,752,832,658,217,884,755,20,292,419,33,192,788,832,140,983,64,116,105,112,85,98,64,64,95,89,81,50,63,62,105,67,97,78,67,68,44,59,49,58,86,57,56,48,55,83,88,81
[ 30.859619] wil6210-aoa$0,1606461630.540310,04:d6:aa:c1:38:97,2,1,1,0,128,266,917,765,743,913,995,831,170,198,369,54,215,828,32,180,581,878,941,376,939,709,54,754,55,657,160,604,38,410,52,52,864,63,118,105,112,87,98,65,64,95,90,85,54,63,62,110,68,97,79,69,71,43,64,49,60,86,56,57,49,56,86,88,85
[ 30.892523] wil6210-aoa$0,1606461630.573215,04:d6:aa:c1:38:97,2,1,1,0,128,786,751,213,522,967,1000,410,401,148,359,493,3,853,59,198,596,878,949,379,945,715,55,136,833,205,376,69,207,398,44,841,636,59,108,102,106,79,92,61,62,89,85,78,50,61,59,103,64,93,75,65,65,39,58,47,57,80,53,52,46,52,79,82,78
[ 30.924300] wil6210-aoa$0,1606461630.604988,04:d6:aa:c1:38:97,2,1,1,0,128,810,751,225,555,382,812,456,420,171,373,58,179,275,872,180,555,344,713,890,746,779,46,684,979,215,360,36,178,341,21,861,634,65,122,109,116,87,101,67,67,96,93,84,54,64,62,111,68,98,80,70,72,45,64,50,62,88,59,56,48,57,86,88,81
[ 30.960173] wil6210-aoa$0,1606461630.640863,04:d6:aa:c1:38:97,2,1,1,0,128,215,859,762,742,914,995,843,165,153,343,507,1017,838,36,176,579,359,788,818,697,199,851,175,845,632,103,598,28,391,22,267,39,59,115,103,109,78,88,60,63,89,83,76,47,57,56,101,61,89,72,64,64,37,52,42,50,76,46,45,38,44,73,71,64
[ 30.994329] wil6210-aoa$0,1606461630.675021,04:d6:aa:c1:38:97,2,1,1,0,128,295,910,838,792,978,19,413,394,149,364,1006,125,315,876,682,386,368,742,889,697,131,778,781,66,191,333,122,228,367,40,596,403,64,114,106,111,84,99,65,65,94,91,80,53,63,60,108,67,97,77,68,72,43,62,50,61,87,58,56,50,58,87,88,84
[ 31.026008] wil6210-aoa$0,1606461630.706694,04:d6:aa:c1:38:97,2,1,1,0,128,318,937,245,579,930,1008,930,236,170,367,15,180,786,16,207,588,898,966,352,937,651,1012,171,821,710,152,500,1007,361,1000,37,807,63,120,109,115,87,97,65,67,98,91,82,55,63,61,108,67,96,78,69,70,45,62,50,61,87,58,55,50,56,87,91,84
[ 31.054324] wil6210-aoa$0,1606461630.735016,04:d6:aa:c1:38:97,2,1,1,0,128,799,740,203,566,414,801,439,412,589,164,443,924,298,887,629,342,361,767,817,706,135,877,678,991,716,193,85,224,829,886,297,168,63,120,109,113,86,98,65,67,98,94,82,53,62,62,106,66,97,78,71,70,43,64,51,62,88,56,55,50,57,85,86,82
[ 31.085487] wil6210-aoa$0,1606461630.766174,04:d6:aa:c1:38:97,2,1,1,0,128,343,1006,823,832,924,952,878,235,222,413,65,210,849,81,189,578,884,951,441,948,736,58,753,38,229,391,136,276,336,31,806,496,65,116,107,113,86,98,65,65,95,91,82,52,61,59,105,65,94,78,67,69,41,60,48,54,83,54,54,44,52,83,83,76
[ 31.121461] wil6210-aoa$0,1606461630.802148,04:d6:aa:c1:38:97,2,1,1,0,128,320,928,778,724,373,804,929,234,170,380,33,191,237,849,633,359,379,772,830,721,729,4,786,80,199,358,93,213,377,15,497,326,65,112,106,110,85,101,67,67,98,92,84,57,67,63,112,70,100,81,69,72,47,65,52,65,90,62,58,53,61,91,96,91
[ 31.157517] wil6210-aoa$0,1606461630.838209,04:d6:aa:c1:38:97,2,1,1,0,128,248,920,224,573,356,793,909,223,116,304,554,40,840,67,229,610,955,1005,359,914,105,822,208,900,652,176,553,16,382,55,294,916,62,112,100,106,81,94,63,63,92,85,77,49,56,55,103,63,92,73,64,67,41,60,45,55,82,56,51,46,53,83,84,79
[ 31.187568] wil6210-aoa$0,1606461630.868258,04:d6:aa:c1:38:97,2,1,1,0,128,272,938,743,709,976,9,468,418,152,382,57,187,794,36,213,626,878,933,455,937,699,7,181,869,258,395,133,240,403,34,390,162,61,115,106,112,83,95,63,66,93,88,78,49,60,58,104,66,93,75,66,68,42,57,47,52,83,50,50,42,49,78,78,68
[ 31.222245] wil6210-aoa$0,1606461630.902936,04:d6:aa:c1:38:97,2,1,1,0,128,297,949,823,827,944,995,436,415,168,370,126,257,784,5,214,568,919,939,417,938,709,16,725,1011,180,365,127,260,392,65,364,118,61,116,106,111,83,97,65,65,97,88,82,52,62,58,105,64,97,78,67,70,42,62,48,56,84,54,51,44,54,82,83,76
[ 31.250000] wil6210-aoa$0,1606461630.930691,04:d6:aa:c1:38:97,2,1,1,0,128,267,915,781,786,920,985,402,391,122,343,64,203,781,3,109,514,897,960,814,695,121,813,229,888,664,153,603,34,821,870,998,784,64,115,106,110,86,98,64,65,96,92,85,54,66,63,113,70,100,79,72,74,47,66,55,64,90,62,59,54,62,89,99,92
[ 31.282346] wil6210-aoa$0,1606461630.963038,04:d6:aa:c1:38:97,2,1,1,0,128,321,933,776,771,944,972,429,393,178,337,40,175,899,50,191,603,913,998,347,879,747,54,707,37,177,363,32,175,375,36,877,661,67,117,103,108,86,100,66,64,96,90,84,55,66,65,111,69,99,79,70,73,46,65,53,63,89,61,56,50,60,89,97,89
[ 31.310964] wil6210-aoa$0,1606461630.991655,04:d6:aa:c1:38:97,2,1,1,0,128,690,688,791,763,903,961,440,380,141,335,59,211,797,41,196,558,979,1000,319,926,735,66,789,78,664,165,95,227,392,47,814,540,63,114,105,108,84,97,67,66,95,91,82,52,61,58,106,64,96,76,67,70,41,62,48,60,87,56,55,48,56,83,88,83
[ 31.344112] wil6210-aoa$0,1606461631.024803,04:d6:aa:c1:38:97,2,1,1,0,128,294,955,733,779,938,1004,455,419,202,409,60,189,877,90,167,565,973,1001,401,952,752,66,737,60,227,374,150,283,401,52,473,28,65,113,104,108,84,94,67,64,92,87,80,56,63,60,108,66,96,77,65,70,43,63,49,62,85,61,57,51,58,87,90,88
[ 31.374636] wil6210-aoa$0,1606461631.055322,04:d6:aa:c1:38:97,2,1,1,0,128,299,934,768,797,893,984,449,423,175,399,14,179,255,868,701,444,394,802,388,924,738,41,214,881,682,220,111,209,318,29,328,34,54,99,91,98,73,85,57,58,83,79,69,46,56,52,95,58,82,69,60,63,35,53,44,52,75,50,48,42,49,75,75,71
[ 31.410158] wil6210-aoa$0,1606461631.090846,04:d6:aa:c1:38:97,2,1,1,0,128,238,900,779,784,907,1008,873,186,143,377,552,15,240,851,656,345,372,749,920,745,202,848,738,1023,176,338,640,35,413,58,340,86,62,116,103,108,83,96,65,66,96,87,80,52,63,62,109,65,94,75,69,70,42,61,50,59,85,54,55,46,55,85,87,81
[ 31.446790] wil6210-aoa$0,1606461631.127482,04:d6:aa:c1:38:97,2,1,1,0,128,219,861,796,776,1002,35,342,373,164,374,95,234,793,26,229,595,923,947,394,918,681,29,713,20,188,364,95,196,323,4,1013,816,66,116,108,112,87,101,66,66,97,93,83,56,68,63,114,70,102,80,72,74,46,66,56,65,90,63,60,54,60,90,95,91
[ 31.477103] wil6210-aoa$0,1606461631.157792,04:d6:aa:c1:38:97,2,1,1,0,128,287,883,796,777,947,1020,387,371,163,353,39,197,828,14,642,351,913,971,331,846,760,36,691,997,690,180,620,65,392,63,526,312,62,116,106,112,85,97,67,64,96,91,83,54,63,59,107,69,96,79,70,72,45,61,49,59,86,56,53,47,55,84,83,80
[ 31.511845] wil6210-aoa$0,1606461631.192537,04:d6:aa:c1:38:97,2,1,1,0,128,277,931,804,817,906,988,421,404,126,363,48,166,295,883,218,604,919,947,357,930,747,42,720,21,230,336,110,198,357,69,898,605,60,114,101,108,82,94,62,63,91,88,77,48,61,57,100,64,92,73,65,66,41,56,47,55,79,52,53,44,52,80,83,75
[ 31.539723] wil6210-aoa$0,1606461631.220414,04:d6:aa:c1:38:97,2,1,1,0,128,325,910,774,774,916,1001,906,165,634,153,63,222,833,37,187,547,910,919,392,925,773,38,735,40,171,340,134,251,388,62,725,439,65,118,107,111,85,99,65,66,97,91,81,53,66,63,110,67,97,77,70,70,44,63,52,61,88,58,54,48,56,86,90,86
[ 31.573281] wil6210-aoa$0,1606461631.253973,04:d6:aa:c1:38:97,2,1,1,0,128,288,904,776,803,910,968,911,214,221,408,103,230,812,35,224,589,950,986,381,942,724,43,724,17,210,353,90,193,849,886,583,306,59,110,99,104,79,89,59,61,90,82,77,49,57,57,99,61,91,73,63,65,40,57,47,55,81,52,51,44,53,80,83,77
[ 31.605512] wil6210-aoa$0,1606461631.286199,04:d6:aa:c1:38:97,2,1,1,0,128,828,760,761,754,940,998,435,388,140,322,86,227,759,1019,269,644,876,963,352,913,765,73,754,54,219,379,72,197,801,839,275,109,64,116,107,113,85,98,68,65,96,89,83,54,64,63,108,70,100,80,69,70,45,65,50,61,87,58,57,49,59,87,91,84
[ 31.642005] wil6210-aoa$0,1606461631.322692,04:d6:aa:c1:38:97,2,1,1,0,128,771,766,743,738,387,771,924,252,172,412,53,200,810,22,170,571,887,965,392,930,717,1013,236,892,676,168,108,248,299,1006,930,759,63,117,107,112,84,99,65,66,95,89,83,54,63,62,108,68,94,77,69,71,43,62,49,63,88,59,55,50,57,88,90,84
[ 31.678479] wil6210-aoa$0,1606461631.359168,04:d6:aa:c1:38:97,2,1,1,0,128,321,925,757,773,893,1012,430,444,173,357,38,199,822,49,655,429,902,926,884,769,718,25,220,871,191,336,171,322,328,17,718,475,63,117,107,110,84,95,65,64,94,88,81,52,60,58,107,67,95,76,67,69,40,60,47,59,86,54,52,46,55,84,81,78
[ 31.715004] wil6210-aoa$0,1606461631.395697,04:d6:aa:c1:38:97,2,1,1,0,128,237,890,814,802,953,998,398,370,211,357,100,222,844,68,197,575,888,924,846,707,742,21,750,60,262,408,147,298,364,59,320,1021,63,114,107,110,85,98,65,64,96,93,83,54,66,61,111,68,97,79,70,70,44,62,52,61,89,59,55,50,58,88,89,86
[ 31.743425] wil6210-aoa$0,1606461631.424118,04:d6:aa:c1:38:97,2,1,1,0,128,296,909,875,822,914,990,847,214,209,391,90,233,766,1019,676,395,882,911,404,934,751,10,153,815,245,375,135,266,400,32,525,206,66,120,111,116,87,102,68,71,97,93,85,55,66,62,112,70,101,81,72,72,44,63,54,63,91,60,58,51,61,90,95,87
[ 31.777032] wil6210-aoa$0,1606461631.457723,04:d6:aa:c1:38:97,2,1,1,0,128,288,925,816,771,958,14,398,381,159,364,81,223,783,36,208,559,990,987,370,909,776,85,756,57,138,313,95,237,351,3,193,986,67,119,110,116,87,101,66,68,99,94,83,52,66,62,111,69,100,82,72,70,45,64,52,61,88,58,57,49,56,85,90,81
[ 31.807236] wil6210-aoa$0,1606461631.487924,04:d6:aa:c1:38:97,2,1,1,0,128,776,763,810,829,941,990,394,385,108,296,500,998,245,811,695,392,343,740,863,701,196,887,182,841,241,356,123,265,321,8,989,892,69,119,109,116,86,100,70,68,100,94,86,59,67,65,116,73,103,81,71,75,47,69,52,64,92,62,59,51,61,90,94,91
[ 31.842912] wil6210-aoa$0,1606461631.523603,04:d6:aa:c1:38:97,2,1,1,0,128,278,932,780,796,911,990,377,422,120,345,90,181,818,57,142,531,285,733,356,894,193,848,734,9,188,361,99,190,378,69,473,305,65,118,106,111,84,96,67,65,95,91,81,53,62,61,108,67,99,79,68,70,42,60,48,57,83,56,53,45,53,82,82,79
[ 31.870931] wil6210-aoa$0,1606461631.551622,04:d6:aa:c1:38:97,2,1,1,0,128,268,899,782,779,981,17,399,372,182,366,37,182,820,73,137,577,886,951,344,907,693,1011,161,864,224,368,69,228,361,63,244,33,62,119,106,114,83,95,65,66,92,90,81,49,60,58,100,64,92,73,67,67,41,58,46,58,82,54,50,45,51,82,81,76
[ 31.904528] wil6210-aoa$0,1606461631.585220,04:d6:aa:c1:38:97,2,1,1,0,128,331,928,728,763,999,37,440,413,176,393,472,1022,837,41,171,558,873,914,373,881,776,48,752,82,199,414,48,204,371,31,400,141,63,116,109,114,83,98,64,67,96,89,84,55,65,62,107,69,100,80,69,73,44,63,51,62,89,57,52,48,57,85,86,80
[ 31.938156] wil6210-aoa$0,1606461631.618842,04:d6:aa:c1:38:97,2,1,1,0,128,300,913,748,777,976,1023,407,438,172,401,61,216,264,892,148,586,869,961,350,915,800,62,738,20,200,392,146,243,393,79,227,995,63,117,108,112,86,99,66,66,95,91,82,52,66,63,109,69,98,80,69,72,45,65,53,64,88,59,57,49,57,87,91,86
[ 31.966347] wil6210-aoa$0,1606461631.647039,04:d6:aa:c1:38:97,2,1,1,0,128,284,924,761,746,974,1005,414,390,202,391,81,224,782,1020,187,558,874,916,343,920,676,39,142,859,251,391,129,254,330,1022,448,257,60,110,102,107,80,88,60,62,88,84,74,47,57,55,96,60,88,72,62,63,38,53,45,51,75,49,46,40,46,73,76,73
[ 31.999191] wil6210-aoa$0,1606461631.679878,04:d6:aa:c1:38:97,2,1,1,0,128,288,944,800,809,956,986,399,382,213,385,73,212,810,42,208,563,890,934,385,900,758,32,748,10,268,405,85,215,353,12,237,27,61,118,106,111,83,94,63,65,95,87,80,51,60,60,104,65,94,76,67,68,42,61,46,56,84,54,52,44,53,83,86,77
[ 32.028835] wil6210-aoa$0,1606461631.709525,04:d6:aa:c1:38:97,2,1,1,0,128,353,958,692,712,913,1002,460,413,199,399,79,218,873,69,182,550,905,959,372,899,723,28,754,57,202,381,85,219,846,897,939,722,62,109,102,107,82,91,63,61,90,86,79,50,61,58,106,67,94,74,67,67,44,62,49,60,82,56,56,50,58,84,88,86
[ 32.065585] wil6210-aoa$0,1606461631.746277,04:d6:aa:c1:38:97,2,1,1,0,128,762,714,787,783,408,820,927,209,640,215,496,12,262,897,679,384,378,792,835,700,764,30,762,48,656,172,123,225,366,45,197,6,63,118,106,114,85,97,63,66,95,90,81,51,62,61,105,63,93,76,67,69,42,60,50,60,84,55,53,48,53,80,86,83
[ 32.096181] wil6210-aoa$0,1606461631.776870,04:d6:aa:c1:38:97,2,1,1,0,128,777,724,758,769,862,973,377,336,667,176,535,29,831,51,213,564,890,949,329,889,754,21,682,6,216,384,102,231,277,1003,106,943,62,116,105,111,85,92,63,65,94,88,82,52,63,59,106,66,96,79,67,69,43,60,49,57,84,55,56,49,53,80,85,80
[ 32.131573] wil6210-aoa$0,1606461631.812265,04:d6:aa:c1:38:97,2,1,1,0,128,358,954,776,777,912,988,885,199,188,414,1021,197,876,53,706,432,906,977,447,956,768,27,760,60,253,409,55,237,381,38,207,906,64,118,106,113,82,98,64,65,96,88,81,53,62,61,103,67,96,76,66,67,43,61,47,59,84,56,51,45,53,83,84,79
[ 32.160098] wil6210-aoa$0,1606461631.840791,04:d6:aa:c1:38:97,2,1,1,0,128,734,731,220,565,397,827,907,235,662,222,539,24,312,924,686,381,351,769,405,914,713,1005,178,817,702,132,610,42,804,829,572,436,61,116,101,108,80,93,64,62,93,86,78,48,57,57,99,61,92,74,65,65,40,57,46,55,80,50,50,41,49,78,80,74
[ 32.188704] wil6210-aoa$0,1606461631.869369,04:d6:aa:c1:38:97,2,1,1,0,128,325,972,733,753,385,823,893,182,617,131,592,58,304,897,228,555,390,765,863,712,212,872,737,1020,649,139,70,171,788,845,830,647,65,120,107,113,86,96,65,66,95,89,80,51,61,58,105,65,93,77,70,66,41,57,47,54,82,53,50,45,51,78,79,73
[ 32.235078] wil6210-aoa$0,1606461631.915769,04:d6:aa:c1:38:97,2,1,1,0,128,360,995,851,831,977,988,434,411,222,379,141,274,786,2,212,570,874,927,825,734,715,51,739,54,219,359,90,244,347,65,566,270,67,120,109,115,85,99,67,70,98,94,86,55,67,63,109,70,100,80,71,73,44,64,52,61,87,55,54,49,58,83,86,80
[ 32.267774] wil6210-aoa$0,1606461631.948462,04:d6:aa:c1:38:97,2,1,1,0,128,270,970,735,737,324,805,941,239,626,194,494,1007,262,887,231,607,903,941,435,919,176,859,185,861,651,128,583,1021,851,872,681,472,60,116,106,114,83,94,63,66,92,89,77,49,59,58,104,64,91,77,67,68,42,57,46,55,83,53,53,44,52,79,81,72
[ 32.302588] wil6210-aoa$0,1606461631.983280,04:d6:aa:c1:38:97,2,1,1,0,128,736,720,211,550,386,774,951,237,632,174,118,211,831,44,167,521,873,913,393,891,740,33,756,21,184,364,154,265,361,31,156,921,61,119,108,112,82,91,61,62,90,84,76,48,58,58,97,62,90,74,62,64,40,55,44,52,79,51,47,42,48,76,74,67
[ 32.336804] wil6210-aoa$0,1606461632.017496,04:d6:aa:c1:38:97,2,1,1,0,128,254,890,835,807,907,996,390,449,188,390,96,215,753,41,195,562,896,951,412,903,711,42,727,1,260,404,105,212,356,21,986,739,65,117,107,112,87,99,66,68,95,92,83,55,64,61,110,69,95,78,67,70,44,64,50,61,86,58,55,49,57,86,89,81
[ 32.367305] wil6210-aoa$0,1606461632.047993,04:d6:aa:c1:38:97,2,1,1,0,128,759,771,759,778,949,5,393,376,206,415,23,172,276,855,659,372,868,907,341,860,715,54,688,970,227,342,173,279,378,20,179,892,63,116,105,110,85,98,65,66,97,91,83,55,64,61,111,70,99,76,71,72,43,64,50,60,89,58,57,51,58,88,90,87
[ 32.402677] wil6210-aoa$0,1606461632.083369,04:d6:aa:c1:38:97,2,1,1,0,128,266,934,771,751,354,776,899,207,191,360,55,188,872,58,262,633,916,948,371,953,145,851,811,61,186,337,145,246,415,77,729,481,64,119,105,115,85,99,66,63,97,93,83,53,64,61,108,68,96,77,69,68,44,64,51,59,86,59,56,48,60,88,90,87
[ 32.431642] wil6210-aoa$0,1606461632.112335,04:d6:aa:c1:38:97,2,1,1,0,128,308,926,837,797,940,994,397,384,150,337,43,194,876,48,190,608,846,904,350,865,168,869,715,1023,203,335,114,234,388,72,887,650,63,117,105,111,84,92,64,66,97,90,80,50,61,60,104,65,95,75,69,70,40,59,48,59,84,53,53,48,53,83,87,80
[ 32.460926] wil6210-aoa$0,1606461632.141619,04:d6:aa:c1:38:97,2,1,1,0,128,354,976,759,749,908,976,416,393,169,312,21,176,815,38,206,586,967,1004,344,908,754,41,741,23,194,380,108,226,366,58,168,885,61,114,105,110,83,97,64,67,93,90,81,52,62,59,106,66,93,77,67,69,41,60,48,58,87,56,53,48,53,86,82,80
[ 32.493035] wil6210-aoa$0,1606461632.173724,04:d6:aa:c1:38:97,2,1,1,0,128,215,892,229,564,954,6,316,288,627,172,87,212,786,25,196,573,343,794,396,920,739,11,708,18,658,180,168,235,357,25,427,225,63,115,107,112,83,95,64,66,95,90,82,52,64,60,107,64,96,78,67,68,42,59,48,59,82,54,53,45,56,81,82,78
[ 32.522734] wil6210-aoa$0,1606461632.203423,04:d6:aa:c1:38:97,2,1,1,0,128,270,888,171,528,388,790,824,166,621,147,64,187,810,38,150,592,873,948,371,903,732,22,748,39,233,384,120,261,312,1002,115,909,62,113,104,112,77,90,61,62,93,86,77,48,56,55,98,60,89,72,64,63,37,53,41,50,74,48,45,39,46,71,71,65
[ 32.554787] wil6210-aoa$0,1606461632.235480,04:d6:aa:c1:38:97,2,1,1,0,128,238,892,804,822,896,1006,424,409,170,424,94,209,814,24,170,542,906,962,400,928,728,48,700,1021,220,372,67,230,389,41,201,976,54,102,93,96,74,83,55,58,81,76,68,43,51,49,90,57,81,64,58,58,34,49,40,49,70,45,44,39,44,68,70,66
[ 32.583651] wil6210-aoa$0,1606461632.264342,04:d6:aa:c1:38:97,2,1,1,0,128,755,735,181,539,367,804,899,206,686,203,104,203,798,12,175,563,899,964,401,928,725,1023,636,997,698,180,574,56,353,1005,926,775,65,119,107,112,85,99,67,67,97,93,83,55,64,62,111,67,98,81,70,74,42,64,51,61,88,57,56,51,57,88,90,84
[ 32.616714] wil6210-aoa$0,1606461632.297403,04:d6:aa:c1:38:97,2,1,1,0,128,281,922,786,778,959,13,408,424,207,390,120,243,794,7,166,534,907,935,427,931,722,21,764,43,170,364,106,250,394,39,128,914,64,111,102,106,84,97,65,66,96,89,82,55,65,61,108,68,96,77,67,70,45,61,51,62,87,59,54,49,57,86,89,85
[ 32.645377] wil6210-aoa$0,1606461632.326069,04:d6:aa:c1:38:97,2,1,1,0,128,728,706,223,586,945,1013,436,410,171,340,0,153,825,46,168,561,886,929,842,741,732,43,726,60,199,382,96,239,311,1017,252,1008,59,116,105,110,80,91,61,65,92,83,78,48,58,55,100,62,86,71,62,64,37,54,42,52,76,48,46,41,47,75,74,70
[ 32.679008] wil6210-aoa$0,1606461632.359698,04:d6:aa:c1:38:97,2,1,1,0,128,341,945,795,769,1001,1021,444,422,223,436,61,251,831,28,173,523,351,756,856,680,175,823,760,27,148,305,565,41,404,43,481,193,65,118,107,112,87,99,68,69,94,91,85,52,63,61,110,68,97,77,71,71,43,61,52,61,88,57,53,49,56,87,85,83
[ 32.713808] wil6210-aoa$0,1606461632.394500,04:d6:aa:c1:38:97,2,1,1,0,128,329,962,812,797,926,968,409,387,186,362,550,1007,801,31,650,358,846,905,403,926,223,880,167,854,680,131,154,247,412,61,786,520,64,117,108,115,86,100,65,66,98,92,83,54,65,60,109,69,96,81,69,69,44,63,51,59,85,58,56,50,55,84,88,84
[ 32.744374] wil6210-aoa$0,1606461632.425065,04:d6:aa:c1:38:97,2,1,1,0,128,294,916,739,738,923,1002,833,148,649,192,541,36,886,71,615,366,386,759,829,682,186,865,694,1021,186,372,136,236,417,86,500,315,64,115,105,112,85,98,67,64,96,90,83,55,63,62,108,69,100,78,69,72,45,64,51,63,88,59,60,52,59,90,93,86
[ 32.782350] wil6210-aoa$0,1606461632.463039,04:d6:aa:c1:38:97,2,1,1,0,128,305,913,818,793,929,978,887,179,220,400,33,204,836,32,150,545,835,934,816,680,690,1018,753,63,163,346,129,255,318,43,970,636,65,114,105,111,86,98,67,65,96,93,83,55,66,63,113,69,98,79,69,72,46,66,52,64,91,62,59,53,60,90,96,90
[ 32.820193] wil6210-aoa$0,1606461632.500881,04:d6:aa:c1:38:97,2,1,1,0,128,289,885,765,722,407,802,403,405,622,162,563,48,256,842,674,393,962,978,342,893,706,27,186,861,665,173,584,58,793,815,963,807,63,114,105,112,83,95,63,66,97,91,80,52,63,61,108,67,95,80,68,70,42,59,50,59,85,56,54,49,55,84,87,82
[ 32.856179] wil6210-aoa$0,1606461632.536871,04:d6:aa:c1:38:97,2,1,1,0,128,274,930,767,820,864,969,400,424,150,323,92,204,856,38,262,621,936,958,372,908,198,867,242,892,292,405,143,264,280,999,469,220,60,114,105,110,82,94,63,66,92,89,81,49,60,58,104,64,94,76,65,66,42,59,47,54,81,52,53,42,52,80,81,75
[ 32.891075] wil6210-aoa$0,1606461632.571765,04:d6:aa:c1:38:97,2,1,1,0,128,305,939,764,777,951,1013,443,438,32,280,506,992,232,836,613,355,383,779,377,887,651,962,728,9,663,159,54,139,834,828,686,487,64,118,106,111,82,96,64,65,97,92,81,51,60,58,105,67,94,78,68,70,43,60,49,58,86,57,53,46,56,85,86,80
[ 32.919977] wil6210-aoa$0,1606461632.600669,04:d6:aa:c1:38:97,2,1,1,0,128,251,901,794,765,928,976,442,456,181,380,52,199,788,8,235,628,919,960,361,937,686,1012,700,12,234,377,124,258,416,103,191,878,64,116,107,111,83,97,64,66,96,89,80,51,63,62,107,66,98,78,69,70,43,62,50,59,86,58,55,47,54,84,87,80
[ 32.954373] wil6210-aoa$0,1606461632.635063,04:d6:aa:c1:38:97,2,1,1,0,128,297,922,787,818,969,996,412,379,180,374,9,152,884,64,207,595,910,941,403,917,685,14,763,25,171,346,122,196,308,1009,650,440,66,116,105,113,84,98,67,66,98,92,83,54,64,62,109,69,97,78,71,70,45,66,52,64,89,61,57,51,60,88,94,89
[ 32.992171] wil6210-aoa$0,1606461632.672859,04:d6:aa:c1:38:97,2,1,1,0,128,250,921,757,793,937,25,458,433,185,365,91,269,881,93,247,663,922,1006,369,897,726,6,738,22,178,357,157,275,377,64,349,90,59,116,103,107,79,91,62,64,88,84,78,48,56,58,102,64,93,74,65,67,40,60,46,53,81,53,49,42,49,80,79,72
[ 33.021356] wil6210-aoa$0,1606461632.702046,04:d6:aa:c1:38:97,2,1,1,0,128,740,723,763,792,404,845,497,465,163,352,51,223,841,36,172,549,899,955,875,729,794,78,744,11,721,193,150,216,378,24,270,1003,67,119,110,115,87,100,66,66,96,92,79,53,64,62,110,68,100,80,71,70,44,60,49,60,86,54,55,49,53,83,86,81
[ 33.054755] wil6210-aoa$0,1606461632.735443,04:d6:aa:c1:38:97,2,1,1,0,128,730,696,240,574,378,811,856,196,571,135,479,0,235,848,631,327,349,756,855,708,195,876,755,47,643,167,550,20,850,896,305,207,63,116,105,109,84,95,65,66,94,89,82,53,64,61,104,66,97,76,67,70,43,63,48,61,86,59,56,48,56,86,92,84
[ 33.092611] wil6210-aoa$0,1606461632.773300,04:d6:aa:c1:38:97,2,1,1,0,128,326,971,766,788,965,1004,370,381,204,384,996,162,919,121,280,646,951,1015,348,928,740,49,695,3,203,355,121,282,400,114,6,790,64,116,107,113,83,96,64,66,95,89,82,50,62,60,108,67,93,77,68,68,42,58,48,57,83,53,52,45,51,80,82,74
[ 33.130596] wil6210-aoa$0,1606461632.811286,04:d6:aa:c1:38:97,2,1,1,0,128,272,909,826,834,977,983,434,351,625,128,57,174,828,22,194,572,936,974,841,727,771,58,674,991,603,117,601,30,846,856,750,510,58,112,98,104,77,85,57,57,84,81,72,44,54,54,94,56,86,70,63,61,37,53,42,49,75,46,47,39,45,72,67,63
[ 33.166430] wil6210-aoa$0,1606461632.847123,04:d6:aa:c1:38:97,2,1,1,0,128,268,944,753,746,909,930,902,222,196,374,1017,149,769,1006,245,558,947,1012,415,926,718,29,660,1023,612,116,120,171,336,21,172,970,63,116,106,112,84,96,65,67,95,88,80,49,65,58,105,68,94,77,66,70,42,59,50,59,82,53,53,47,51,82,83,76
[ 33.200740] wil6210-aoa$0,1606461632.881428,04:d6:aa:c1:38:97,2,1,1,0,128,266,921,233,559,919,981,467,406,108,338,490,1017,295,914,659,365,350,753,891,736,745,11,780,78,229,363,120,243,390,40,791,570,59,115,104,111,81,92,61,61,91,89,79,48,59,58,104,64,92,78,65,68,39,59,46,54,79,50,49,43,51,78,77,73
[ 33.230217] wil6210-aoa$0,1606461632.910909,04:d6:aa:c1:38:97,2,1,1,0,128,240,897,769,767,946,3,381,396,115,358,1019,161,284,885,151,547,937,1016,385,910,691,29,168,834,688,193,131,268,411,77,358,54,60,114,106,111,82,94,62,60,93,88,78,48,61,58,103,63,94,77,64,66,42,60,47,57,82,54,53,45,51,80,82,75
[ 33.263775] wil6210-aoa$0,1606461632.944462,04:d6:aa:c1:38:97,2,1,1,0,128,797,768,848,801,901,982,388,378,88,281,27,159,824,20,142,534,951,952,365,878,754,60,751,38,195,374,75,208,322,6,198,45,63,119,106,109,84,96,62,63,95,86,80,51,61,60,104,65,94,77,67,68,43,61,46,57,81,53,52,46,54,79,82,80
[ 33.294596] wil6210-aoa$0,1606461632.975284,04:d6:aa:c1:38:97,2,1,1,0,128,330,952,747,802,874,999,412,431,209,410,32,181,831,73,266,583,844,939,880,712,706,8,768,16,703,193,77,211,370,45,34,851,63,111,106,113,84,98,66,66,95,92,83,55,65,62,110,69,101,77,69,72,45,66,51,62,89,59,59,50,59,89,92,88
[ 33.340603] wil6210-aoa$0,1606461633.021295,04:d6:aa:c1:38:97,2,1,1,0,128,234,850,282,610,922,981,425,373,179,368,586,47,804,24,709,395,436,838,359,892,701,39,736,7,250,352,77,210,325,21,179,8,63,114,104,110,83,98,64,65,91,87,80,53,63,59,107,68,94,75,68,70,44,62,51,61,86,58,54,48,55,85,92,85
[ 33.374686] wil6210-aoa$0,1606461633.055378,04:d6:aa:c1:38:97,2,1,1,0,128,279,953,782,809,956,1015,487,466,190,410,89,207,864,108,206,577,1023,1010,369,901,751,71,725,17,258,374,129,242,322,1018,681,407,66,121,109,111,84,97,66,66,98,91,83,52,63,62,105,66,95,77,70,70,42,60,51,60,83,54,53,46,53,81,86,79
[ 33.409290] wil6210-aoa$0,1606461633.089981,04:d6:aa:c1:38:97,2,1,1,0,128,801,796,733,743,919,980,425,409,200,400,81,203,872,83,236,623,913,949,373,895,751,40,738,15,239,381,114,227,341,5,620,400,56,104,94,102,75,87,58,59,85,81,72,49,56,52,95,61,86,69,61,62,38,55,44,51,76,51,49,44,50,74,78,74
[ 33.441069] wil6210-aoa$0,1606461633.121758,04:d6:aa:c1:38:97,2,1,1,0,128,729,697,837,790,330,771,894,231,661,202,476,993,861,64,151,589,877,951,347,877,724,10,201,863,732,225,81,203,803,867,276,34,60,115,105,113,84,95,62,65,91,85,78,49,63,59,103,64,92,75,67,67,39,57,48,57,80,52,53,45,52,79,82,73
[ 33.477746] wil6210-aoa$0,1606461633.158438,04:d6:aa:c1:38:97,2,1,1,0,128,750,743,791,773,920,996,370,390,168,389,9,176,807,65,216,558,274,690,424,916,750,56,702,1004,699,202,99,241,359,30,153,44,61,117,104,111,82,94,62,64,93,86,81,52,58,57,102,66,96,74,66,67,42,59,47,57,83,55,54,47,54,83,83,80
[ 33.511669] wil6210-aoa$0,1606461633.192356,04:d6:aa:c1:38:97,2,1,1,0,128,290,942,793,814,931,1012,433,397,217,382,44,171,796,45,223,572,856,878,347,908,157,811,156,824,666,124,112,208,421,50,637,254,61,116,108,115,81,95,62,65,93,85,81,48,59,59,103,65,90,76,64,65,41,58,47,56,83,51,51,45,51,80,80,75
[ 33.545973] wil6210-aoa$0,1606461633.226665,04:d6:aa:c1:38:97,2,1,1,0,128,274,926,799,794,954,15,457,427,148,334,111,238,881,87,217,590,903,947,409,966,651,7,756,30,201,378,82,202,834,881,916,667,65,117,108,114,87,99,66,68,96,91,82,54,66,63,108,69,100,78,69,73,45,64,52,64,89,59,57,51,58,92,93,86
[ 33.582792] wil6210-aoa$0,1606461633.263480,04:d6:aa:c1:38:97,2,1,1,0,128,326,953,779,805,917,960,442,471,158,357,10,198,852,50,231,611,892,929,430,937,702,1009,767,44,197,385,129,256,337,27,51,813,61,112,100,103,81,92,61,63,90,86,78,52,62,56,102,66,92,74,65,67,42,60,47,55,84,55,54,48,52,82,87,79
[ 33.620976] wil6210-aoa$0,1606461633.301668,04:d6:aa:c1:38:97,2,1,1,0,128,310,955,771,767,970,1016,384,374,575,153,63,189,810,43,189,561,866,922,396,980,636,1006,689,1,172,376,98,227,335,1,706,448,64,114,105,111,85,96,66,66,94,90,80,53,64,60,111,67,99,80,70,71,45,62,51,62,86,57,57,51,57,90,90,86
[ 33.650433] wil6210-aoa$0,1606461633.331124,04:d6:aa:c1:38:97,2,1,1,0,128,247,920,238,589,941,1017,473,447,118,348,53,181,826,48,152,544,902,927,345,842,142,838,758,36,180,345,111,236,349,39,430,140,65,117,105,113,84,98,64,62,97,89,81,50,62,61,103,64,93,76,65,68,41,60,48,56,84,53,52,45,52,80,84,77
[ 33.685445] wil6210-aoa$0,1606461633.366137,04:d6:aa:c1:38:97,2,1,1,0,128,326,945,779,742,907,994,381,353,220,391,68,165,797,65,160,547,841,861,919,749,724,46,762,72,191,395,81,210,330,1014,5,681,63,116,106,111,84,95,66,65,94,91,81,51,62,59,106,64,94,75,67,71,42,59,47,57,83,53,51,46,52,83,84,76
[ 33.719112] wil6210-aoa$0,1606461633.399800,04:d6:aa:c1:38:97,2,1,1,0,128,769,709,782,729,460,852,406,396,231,391,86,249,842,28,210,567,857,920,371,918,154,851,153,838,699,170,599,13,378,57,831,651,64,115,104,110,86,97,65,66,96,89,79,53,65,62,111,69,97,77,68,69,44,64,53,61,89,60,56,51,57,89,94,90
[ 33.750457] wil6210-aoa$0,1606461633.431145,04:d6:aa:c1:38:97,2,1,1,0,128,241,865,241,629,968,33,437,431,199,418,59,175,864,67,227,619,918,943,414,943,793,43,675,989,217,389,106,214,358,57,96,868,60,118,105,109,83,92,60,64,92,86,78,46,57,57,101,62,91,76,65,65,39,55,44,54,79,51,48,42,47,77,74,68
[ 33.788916] wil6210-aoa$0,1606461633.469608,04:d6:aa:c1:38:97,2,1,1,0,128,262,895,819,813,939,999,898,281,145,386,71,184,299,872,237,662,894,943,394,914,711,35,736,16,237,387,100,205,386,27,547,320,61,114,102,109,84,95,62,63,93,87,80,54,61,58,108,66,93,76,65,68,42,62,48,59,83,56,55,51,54,82,87,83
