
[ 28.197079] wil6210-aoa$0,1606461627.527002,04:d6:aa:c1:38:97,2,1,1,0,128,704,696,252,598,318,734,944,238,167,368,84,212,260,845,165,582,310,749,827,698,180,880,236,888,645,165,514,9,829,863,792,576,56,106,96,101,75,86,56,58,84,81,71,46,58,52,98,60,87,69,60,63,38,55,44,53,75,50,47,41,46,74,75,68
[ 28.228483] wil6210-aoa$0,1606461627.558410,04:d6:aa:c1:38:97,2,1,1,0,128,275,931,798,829,987,1013,399,386,119,336,535,32,239,812,708,401,936,987,380,892,763,29,783,25,162,334,119,226,379,44,864,497,58,106,92,102,77,87,56,58,84,80,73,46,57,53,97,58,85,68,63,62,37,53,42,51,74,47,48,41,47,74,77,72
[ 28.253645] wil6210-aoa$0,1606461627.583543,04:d6:aa:c1:38:97,2,1,1,0,128,320,951,775,756,919,999,404,397,154,354,117,258,789,39,136,553,300,745,361,870,727,5,762,21,174,353,107,187,860,871,554,386,55,107,95,103,75,87,59,59,87,81,73,47,56,54,95,59,85,68,62,64,38,56,44,53,75,50,48,41,50,76,77,71
[ 28.288592] wil6210-aoa$0,1606461627.618513,04:d6:aa:c1:38:97,2,1,1,0,128,308,971,731,747,927,976,415,407,180,350,34,159,831,59,150,553,897,928,350,906,752,28,770,38,222,338,37,133,427,39,380,186,58,110,99,103,77,90,59,61,88,81,75,46,56,55,96,64,88,71,63,64,39,56,45,55,76,54,50,43,48,76,82,74
[ 28.316471] wil6210-aoa$0,1606461627.646398,04:d6:aa:c1:38:97,2,1,1,0,128,701,713,850,834,895,959,914,219,172,376,40,161,828,27,242,607,862,934,847,697,725,14,722,997,219,407,107,203,326,60,243,35,61,106,95,103,77,89,62,58,87,82,75,49,60,57,103,64,90,70,65,65,42,59,49,59,83,58,53,47,54,82,86,82
[ 28.341374] wil6210-aoa$0,1606461627.671296,04:d6:aa:c1:38:97,2,1,1,0,128,266,918,807,808,904,970,781,149,642,164,45,187,835,42,184,558,930,974,355,874,688,1012,738,3,622,92,540,0,809,850,107,885,57,106,96,102,78,87,58,57,88,79,73,46,53,52,94,58,84,69,62,62,39,54,44,53,73,48,48,40,47,71,73,67
[ 28.370237] wil6210-aoa$0,1606461627.700162,04:d6:aa:c1:38:97,2,1,1,0,128,275,904,818,822,933,980,385,386,180,373,993,116,326,899,647,378,381,755,838,721,149,857,143,834,717,198,135,240,474,121,94,814,58,107,97,102,79,89,58,58,87,82,74,49,57,55,99,61,89,71,62,62,40,57,45,55,79,52,49,44,51,77,83,74
[ 28.392801] wil6210-aoa$0,1606461627.722728,04:d6:aa:c1:38:97,2,1,1,0,128,276,927,217,595,945,0,394,428,190,392,45,189,729,24,667,406,953,970,377,899,792,39,746,46,223,394,122,254,367,36,0,817,54,104,97,103,77,86,57,59,86,83,71,46,52,53,95,60,82,68,62,60,36,50,40,49,73,45,43,36,42,70,68,61
[ 28.425320] wil6210-aoa$0,1606461627.755245,04:d6:aa:c1:38:97,2,1,1,0,128,702,669,239,550,365,772,900,196,627,148,90,173,294,862,256,609,924,972,807,691,135,813,138,805,698,170,585,54,316,1002,663,469,60,106,99,103,77,90,59,63,87,83,75,48,58,56,100,61,88,74,61,64,39,56,45,52,79,52,49,44,50,79,77,75
[ 28.453826] wil6210-aoa$0,1606461627.783750,04:d6:aa:c1:38:97,2,1,1,0,128,269,920,826,817,970,13,380,366,120,301,577,23,806,26,228,571,929,960,429,948,779,49,709,15,192,346,555,1006,882,854,507,347,60,106,99,104,80,91,59,60,88,84,73,50,56,55,99,60,90,72,63,64,40,59,48,54,77,55,50,47,51,79,84,78
[ 28.481789] wil6210-aoa$0,1606461627.811714,04:d6:aa:c1:38:97,2,1,1,0,128,314,931,274,600,449,824,423,380,216,384,1,147,272,858,202,573,888,935,361,887,684,15,609,1002,685,192,98,212,351,44,93,898,58,107,96,101,77,87,61,58,89,83,73,48,58,55,98,60,91,70,64,65,39,58,46,52,79,51,52,45,51,75,82,79
[ 28.508034] wil6210-aoa$0,1606461627.837961,04:d6:aa:c1:38:97,2,1,1,0,128,281,906,796,776,917,1002,430,396,168,366,76,205,838,79,249,638,876,912,376,904,702,1017,131,789,712,184,542,36,862,873,354,91,55,99,89,95,73,84,56,57,82,77,70,46,53,51,93,56,86,66,59,61,38,54,44,53,74,52,48,44,50,75,79,75
[ 28.529985] wil6210-aoa$0,1606461627.859912,04:d6:aa:c1:38:97,2,1,1,0,128,733,708,243,583,953,7,406,407,250,385,33,180,783,1009,675,361,886,947,386,901,177,861,125,807,632,118,602,67,321,9,139,901,56,108,95,101,74,87,59,59,87,82,72,48,56,54,95,59,87,71,62,63,37,53,44,52,74,48,47,42,47,70,75,71
[ 28.559578] wil6210-aoa$0,1606461627.889500,04:d6:aa:c1:38:97,2,1,1,0,128,302,944,766,750,962,987,893,213,613,126,98,200,846,38,243,625,967,1008,394,935,673,11,740,19,230,372,96,201,365,51,87,828,58,103,97,104,75,90,63,61,88,82,74,48,60,54,100,60,91,72,63,65,39,58,47,56,80,53,50,46,53,79,81,76
[ 28.582666] wil6210-aoa$0,1606461627.912592,04:d6:aa:c1:38:97,2,1,1,0,128,314,944,779,773,923,992,388,413,138,348,74,184,818,35,148,556,936,985,385,931,752,84,772,46,272,428,166,269,354,75,623,323,58,107,99,102,77,86,57,59,86,81,72,45,56,53,93,59,84,70,61,62,39,56,46,53,74,51,50,45,50,77,79,76
[ 28.613390] wil6210-aoa$0,1606461627.943318,04:d6:aa:c1:38:97,2,1,1,0,128,370,948,734,751,948,994,417,424,145,337,47,145,328,887,181,549,882,918,395,882,762,36,741,23,215,358,138,235,356,51,432,242,57,95,88,94,72,84,55,55,82,77,66,45,55,51,91,56,80,66,60,59,37,53,41,51,72,50,45,42,48,74,75,73
[ 28.635789] wil6210-aoa$0,1606461627.965716,04:d6:aa:c1:38:97,2,1,1,0,128,716,724,211,536,361,794,923,206,191,398,1,184,786,31,698,381,324,746,395,924,724,36,723,2,165,337,66,214,848,892,253,14,58,109,96,104,76,88,60,59,86,84,73,47,55,55,97,60,86,70,65,64,39,57,46,55,78,50,52,45,51,78,81,76
[ 28.664937] wil6210-aoa$0,1606461627.994859,04:d6:aa:c1:38:97,2,1,1,0,128,289,956,794,785,963,24,846,200,191,413,81,224,837,75,225,599,880,952,773,665,705,39,734,22,193,352,130,255,409,61,702,330,60,110,99,103,81,90,60,61,87,85,75,50,61,55,100,61,90,73,64,65,39,59,46,57,79,54,52,46,54,81,84,79
[ 28.687791] wil6210-aoa$0,1606461628.017719,04:d6:aa:c1:38:97,2,1,1,0,128,229,895,800,808,967,1020,463,423,190,373,86,206,778,1015,219,551,961,998,413,914,773,18,746,3,279,419,131,258,339,27,788,519,60,106,97,100,80,92,60,58,87,83,74,54,62,56,100,64,91,72,66,66,43,60,48,60,80,55,54,49,55,83,89,84
[ 28.719157] wil6210-aoa$0,1606461628.049083,04:d6:aa:c1:38:97,2,1,1,0,128,237,894,259,571,927,1020,384,392,202,436,9,169,776,51,642,403,338,799,387,923,671,5,147,806,724,172,169,263,849,878,37,920,54,101,88,94,72,82,58,57,81,77,69,44,54,50,89,56,82,64,57,59,35,53,42,51,72,49,47,42,48,73,78,72
[ 28.743172] wil6210-aoa$0,1606461628.073096,04:d6:aa:c1:38:97,2,1,1,0,128,247,889,220,599,880,953,905,208,150,355,125,208,844,47,212,597,882,961,415,920,710,4,740,96,250,383,92,244,390,54,575,210,58,107,94,101,76,91,57,59,86,82,75,48,58,54,97,62,87,71,63,64,39,57,46,56,77,50,50,45,51,76,79,75
[ 28.769705] wil6210-aoa$0,1606461628.099632,04:d6:aa:c1:38:97,2,1,1,0,128,719,746,770,784,888,991,369,393,134,370,90,216,760,33,209,613,860,945,320,863,761,50,727,28,254,388,170,248,376,56,886,606,49,92,85,90,66,75,50,51,72,68,64,39,49,47,82,51,74,62,54,55,34,48,36,46,67,42,41,35,42,66,66,60
[ 28.797847] wil6210-aoa$0,1606461628.127772,04:d6:aa:c1:38:97,2,1,1,0,128,270,934,823,828,905,1000,388,364,646,172,125,208,275,916,138,538,882,927,335,862,745,51,707,1023,695,180,131,251,835,890,740,556,56,107,97,103,79,88,57,57,86,81,73,45,54,54,97,61,87,72,61,64,39,54,44,53,76,49,48,41,49,77,79,71
[ 28.827654] wil6210-aoa$0,1606461628.157582,04:d6:aa:c1:38:97,2,1,1,0,128,308,942,762,760,1021,19,433,361,202,429,57,198,912,110,212,597,961,997,391,939,705,31,808,70,283,439,82,197,375,86,520,229,58,104,95,102,76,87,59,59,87,83,73,50,58,57,101,60,88,71,64,66,39,59,46,56,79,56,54,49,53,82,87,81
[ 28.853228] wil6210-aoa$0,1606461628.183151,04:d6:aa:c1:38:97,2,1,1,0,128,355,943,783,758,948,1008,394,356,161,334,542,1020,841,37,224,563,917,964,354,900,768,45,695,55,198,363,89,224,344,47,269,998,57,104,95,101,76,88,58,57,87,81,73,47,58,55,101,60,88,72,63,64,38,55,45,53,76,50,47,41,50,74,77,71
[ 28.882366] wil6210-aoa$0,1606461628.212294,04:d6:aa:c1:38:97,2,1,1,0,128,316,971,766,791,335,810,441,436,116,355,482,1002,282,885,687,420,967,1015,389,915,729,13,761,64,200,357,102,239,818,850,996,767,58,107,97,104,75,88,60,60,87,79,73,47,55,52,95,59,90,72,61,64,38,54,42,52,76,49,50,40,49,77,79,72
[ 28.905409] wil6210-aoa$0,1606461628.235338,04:d6:aa:c1:38:97,2,1,1,0,128,348,980,697,741,944,1021,399,400,219,402,70,219,845,50,184,580,926,978,349,883,142,827,143,826,689,172,110,210,387,27,98,860,58,107,97,104,79,90,58,57,86,82,75,47,58,54,97,60,87,73,61,64,40,55,46,55,77,53,50,45,50,79,81,74
[ 28.934155] wil6210-aoa$0,1606461628.264078,04:d6:aa:c1:38:97,2,1,1,0,128,222,935,773,770,900,976,411,420,650,166,33,196,840,64,148,553,899,971,372,893,714,24,770,30,645,151,119,239,318,19,487,324,57,105,98,103,77,89,58,59,86,80,73,47,58,56,97,62,87,69,64,62,38,57,47,53,76,51,50,44,50,78,79,74
[ 28.963161] wil6210-aoa$0,1606461628.293084,04:d6:aa:c1:38:97,2,1,1,0,128,730,728,775,792,918,998,475,471,103,295,530,28,871,85,157,566,872,943,863,713,188,857,819,53,185,325,519,19,847,867,245,89,51,92,83,89,65,77,51,52,74,69,65,45,50,49,87,54,78,62,56,57,35,52,42,50,71,49,46,41,48,71,75,70
[ 28.992048] wil6210-aoa$0,1606461628.321973,04:d6:aa:c1:38:97,2,1,1,0,128,774,723,214,565,387,805,420,375,581,131,479,981,228,859,600,337,362,721,820,654,185,827,189,800,675,160,549,25,801,876,770,637,49,92,83,88,66,75,51,51,72,68,63,40,48,44,84,51,74,60,53,53,33,45,37,43,65,43,41,35,41,64,65,58
[ 29.021563] wil6210-aoa$0,1606461628.351489,04:d6:aa:c1:38:97,2,1,1,0,128,326,951,769,804,961,12,472,445,152,370,82,238,823,22,193,542,983,1009,403,944,795,77,731,28,265,409,134,241,322,24,456,192,59,107,96,104,78,89,60,62,88,83,74,49,57,55,98,62,88,71,63,64,38,57,45,53,75,50,50,40,50,74,77,71
[ 29.049960] wil6210-aoa$0,1606461628.379887,04:d6:aa:c1:38:97,2,1,1,0,128,182,879,777,801,447,827,869,163,678,194,87,195,828,26,189,576,300,702,852,698,657,987,700,20,164,333,84,232,379,45,769,502,59,106,94,99,79,89,60,59,89,82,73,49,58,55,96,61,87,70,64,65,41,56,46,56,79,51,52,45,51,78,81,78
[ 29.073790] wil6210-aoa$0,1606461628.403714,04:d6:aa:c1:38:97,2,1,1,0,128,319,930,198,540,1005,27,399,390,225,392,36,181,851,78,119,535,875,897,867,674,757,38,775,48,281,397,110,208,336,1021,486,269,56,106,98,104,77,89,60,59,83,79,73,47,53,54,96,59,86,68,60,61,37,54,42,53,77,48,47,41,49,76,78,72
[ 29.104753] wil6210-aoa$0,1606461628.434677,04:d6:aa:c1:38:97,2,1,1,0,128,314,928,802,805,980,23,435,426,118,308,539,3,271,855,674,379,332,741,774,655,215,876,169,800,692,130,129,223,344,46,714,469,59,108,99,102,74,90,60,59,89,84,78,51,58,55,101,60,89,70,64,66,41,55,47,55,79,53,51,44,53,79,83,79
[ 29.135971] wil6210-aoa$0,1606461628.465895,04:d6:aa:c1:38:97,2,1,1,0,128,337,932,766,746,929,991,347,357,618,146,26,182,815,45,672,386,902,966,833,689,761,59,688,18,187,341,554,7,859,877,456,314,56,105,94,102,75,87,58,59,85,80,72,45,54,52,90,58,86,68,61,62,38,55,42,51,76,48,47,39,48,75,77,69
[ 29.165122] wil6210-aoa$0,1606461628.495045,04:d6:aa:c1:38:97,2,1,1,0,128,264,924,769,746,327,757,903,190,674,195,56,255,817,81,208,584,897,926,455,934,752,39,746,51,251,412,172,291,312,1023,950,616,58,108,96,103,79,90,58,59,86,82,75,47,55,55,99,61,86,72,61,64,38,54,44,55,75,48,49,44,50,73,78,73
[ 29.188698] wil6210-aoa$0,1606461628.518625,04:d6:aa:c1:38:97,2,1,1,0,128,274,951,804,796,942,1022,326,364,179,381,42,208,842,59,193,604,921,967,813,683,788,36,712,23,222,390,124,230,388,68,372,112,57,108,95,101,76,88,62,58,84,80,74,47,58,54,97,59,89,72,62,63,39,57,45,54,77,51,50,42,52,76,82,74
[ 29.219421] wil6210-aoa$0,1606461628.549349,04:d6:aa:c1:38:97,2,1,1,0,128,700,715,220,586,361,765,913,200,566,129,508,981,247,864,663,389,376,810,427,913,796,87,674,14,252,391,80,205,366,57,605,393,59,107,98,102,76,89,58,59,86,81,76,49,58,55,97,62,87,70,61,64,37,55,43,53,78,51,49,44,50,78,82,73
[ 29.244017] wil6210-aoa$0,1606461628.573941,04:d6:aa:c1:38:97,2,1,1,0,128,298,943,819,809,944,1013,430,399,187,404,84,251,810,56,209,571,896,921,386,906,748,21,701,999,214,337,116,224,352,50,335,22,57,104,96,104,77,87,59,61,87,82,74,48,58,55,97,60,89,70,63,63,38,56,44,54,79,52,50,44,50,73,82,73
[ 29.274773] wil6210-aoa$0,1606461628.604697,04:d6:aa:c1:38:97,2,1,1,0,128,789,747,196,549,373,787,501,440,173,347,95,241,799,49,134,534,913,944,857,719,761,47,720,24,173,375,112,239,315,2,182,22,58,107,96,102,74,86,59,61,85,81,69,45,58,53,93,58,85,69,63,63,37,54,44,52,75,50,46,41,47,72,76,69
[ 29.304339] wil6210-aoa$0,1606461628.634264,04:d6:aa:c1:38:97,2,1,1,0,128,253,894,789,795,935,1008,474,461,220,441,31,184,812,77,193,622,949,986,403,940,678,17,698,22,226,391,70,193,383,8,290,174,54,102,93,101,74,82,56,56,84,80,70,43,53,51,93,58,84,67,60,61,37,53,42,51,74,45,44,39,46,70,72,66
[ 29.333386] wil6210-aoa$0,1606461628.663310,04:d6:aa:c1:38:97,2,1,1,0,128,281,913,893,837,914,962,853,186,627,167,628,100,873,101,230,598,863,897,408,944,679,6,716,1018,684,171,561,8,834,855,417,216,57,104,93,99,75,87,55,57,85,79,72,44,53,51,93,59,83,69,60,60,37,52,40,48,72,44,44,39,42,69,71,66
[ 29.362790] wil6210-aoa$0,1606461628.692714,04:d6:aa:c1:38:97,2,1,1,0,128,345,1008,745,703,988,25,835,185,184,415,16,236,802,41,203,611,906,945,445,987,725,17,724,8,232,358,105,219,350,1022,859,602,55,104,94,100,73,83,55,57,82,77,70,43,52,51,90,55,83,67,57,59,35,50,40,48,72,47,45,38,46,73,72,66
[ 29.392107] wil6210-aoa$0,1606461628.722030,04:d6:aa:c1:38:97,2,1,1,0,128,340,958,769,782,984,0,405,387,153,386,64,204,829,23,124,518,909,935,857,734,719,2,715,20,187,390,104,235,410,84,439,232,58,105,97,101,78,89,58,59,86,82,74,48,55,54,97,62,88,71,59,63,39,57,43,54,76,49,50,42,51,76,78,74
[ 29.416086] wil6210-aoa$0,1606461628.746014,04:d6:aa:c1:38:97,2,1,1,0,128,293,920,265,566,462,879,416,407,599,155,504,1004,250,852,678,394,919,962,324,876,739,1022,710,1016,161,354,76,193,335,16,473,273,58,102,97,101,75,88,56,58,85,79,72,46,56,52,96,58,87,70,60,61,37,53,43,48,73,49,47,39,48,72,72,66
[ 29.447133] wil6210-aoa$0,1606461628.777061,04:d6:aa:c1:38:97,2,1,1,0,128,285,931,207,561,931,980,928,221,125,350,25,151,825,26,216,607,898,948,386,931,715,14,755,29,244,412,110,229,338,1006,370,169,58,105,95,101,76,88,58,59,85,80,74,47,55,54,99,63,87,71,63,65,40,54,44,54,77,50,49,44,50,78,77,72
[ 29.470449] wil6210-aoa$0,1606461628.800378,04:d6:aa:c1:38:97,2,1,1,0,128,289,936,830,824,936,998,433,399,144,371,38,203,824,89,216,576,942,946,396,927,751,84,743,36,264,408,157,295,332,65,858,654,56,107,93,102,74,84,54,59,85,78,70,44,53,50,89,56,83,68,59,60,36,51,42,51,71,45,46,41,47,68,73,69
[ 29.500152] wil6210-aoa$0,1606461628.830076,04:d6:aa:c1:38:97,2,1,1,0,128,772,733,788,764,345,786,887,220,613,176,17,177,248,845,186,563,889,946,345,901,724,29,719,1014,270,420,558,12,325,13,1021,823,59,105,94,102,77,88,61,60,86,82,73,48,59,54,101,63,88,71,63,66,41,59,47,55,78,54,52,46,53,82,86,79
[ 29.523580] wil6210-aoa$0,1606461628.853507,04:d6:aa:c1:38:97,2,1,1,0,128,208,877,866,817,877,983,904,245,134,335,33,217,816,44,149,552,902,912,827,698,722,24,743,47,214,357,117,223,373,26,52,856,57,105,94,102,75,85,55,58,84,79,70,43,54,51,91,57,82,67,60,60,35,51,39,48,70,45,43,35,41,66,65,60
[ 29.554196] wil6210-aoa$0,1606461628.884124,04:d6:aa:c1:38:97,2,1,1,0,128,316,955,825,846,984,48,391,425,112,353,22,194,850,58,208,604,979,964,381,920,690,1,715,4,215,390,135,249,356,35,241,47,54,105,94,99,74,84,55,58,82,74,69,42,52,51,91,56,84,69,57,57,35,49,39,48,72,46,44,38,44,67,67,63
[ 29.578437] wil6210-aoa$0,1606461628.908361,04:d6:aa:c1:38:97,2,1,1,0,128,253,935,810,794,896,990,889,206,614,174,531,30,290,888,658,370,938,964,381,906,759,58,93,807,739,176,567,7,413,11,1016,770,48,91,81,86,65,73,49,50,72,67,61,39,46,45,81,50,74,62,52,52,32,44,35,44,64,43,39,34,39,63,63,57
[ 29.608977] wil6210-aoa$0,1606461628.938901,04:d6:aa:c1:38:97,2,1,1,0,128,356,1018,816,845,908,977,460,411,114,327,85,257,854,88,185,564,937,952,383,903,808,56,711,27,190,332,142,214,336,1019,206,22,55,108,95,100,76,86,57,57,83,78,75,45,57,54,97,61,87,70,62,63,38,54,43,53,77,51,49,43,51,77,78,73
[ 29.637909] wil6210-aoa$0,1606461628.967837,04:d6:aa:c1:38:97,2,1,1,0,128,743,725,208,564,957,1016,388,362,135,357,492,1000,916,84,196,570,950,965,358,890,775,79,87,805,235,369,101,219,331,17,80,842,57,106,97,103,77,89,60,58,88,79,75,49,56,54,97,62,89,69,61,64,39,58,46,56,79,53,50,46,51,77,80,77
[ 29.662944] wil6210-aoa$0,1606461628.992866,04:d6:aa:c1:38:97,2,1,1,0,128,256,901,870,842,928,989,451,416,174,340,88,208,855,56,210,596,874,932,381,936,705,11,717,5,227,386,117,226,317,29,42,812,57,102,94,100,73,82,57,56,82,77,71,43,56,50,93,57,82,67,57,58,35,50,40,48,71,46,43,37,43,69,68,64
[ 29.693701] wil6210-aoa$0,1606461629.023625,04:d6:aa:c1:38:97,2,1,1,0,128,247,895,872,834,934,972,416,387,184,386,12,171,789,46,174,577,898,967,385,906,711,32,738,19,186,334,160,292,336,1007,531,250,49,88,81,85,66,75,50,50,70,67,61,39,48,45,81,50,72,59,50,52,31,45,37,45,65,41,40,34,39,62,62,57
[ 29.728842] wil6210-aoa$0,1606461629.058738,04:d6:aa:c1:38:97,2,1,1,0,128,271,947,772,814,967,15,370,405,703,248,33,224,887,97,203,590,917,955,366,875,723,40,678,992,713,164,167,243,365,55,10,740,57,107,93,101,77,88,62,59,86,82,73,51,58,54,99,63,91,71,62,65,40,58,46,57,80,54,51,47,54,81,84,80
[ 29.761538] wil6210-aoa$0,1606461629.091465,04:d6:aa:c1:38:97,2,1,1,0,128,293,908,813,762,902,966,910,226,645,188,475,985,265,845,674,386,925,959,844,749,146,827,174,852,707,194,82,210,382,48,471,298,53,96,88,93,71,82,53,56,76,74,69,45,54,50,93,56,80,65,58,57,38,52,42,51,73,49,45,42,47,74,74,70
[ 29.784791] wil6210-aoa$0,1606461629.114719,04:d6:aa:c1:38:97,2,1,1,0,128,270,906,775,811,964,1023,378,401,109,321,542,15,797,1021,227,609,831,877,400,925,122,818,180,849,673,160,175,244,425,67,700,510,55,105,93,101,76,86,57,59,87,79,72,45,53,53,96,59,86,68,61,62,36,53,42,51,74,48,49,40,47,74,72,67
[ 29.814974] wil6210-aoa$0,1606461629.144897,04:d6:aa:c1:38:97,2,1,1,0,128,319,954,747,741,936,1014,391,434,149,361,52,216,756,5,208,555,840,929,367,899,761,63,681,992,257,406,109,238,423,64,51,824,58,106,95,100,75,86,59,58,85,79,74,48,54,54,97,59,87,69,61,63,37,57,44,52,76,51,49,44,50,75,78,75
[ 29.838574] wil6210-aoa$0,1606461629.168502,04:d6:aa:c1:38:97,2,1,1,0,128,337,962,740,763,913,977,356,399,130,371,34,228,784,16,210,572,895,957,349,923,694,7,743,47,186,378,83,213,387,30,705,483,50,90,84,87,65,74,49,51,73,70,61,39,47,47,80,50,71,59,51,54,31,45,35,44,64,41,38,36,40,63,63,58
[ 29.869735] wil6210-aoa$0,1606461629.199664,04:d6:aa:c1:38:97,2,1,1,0,128,239,903,742,770,888,983,874,218,592,188,522,18,864,65,184,625,881,958,395,947,685,23,156,878,181,373,116,227,377,38,788,624,57,105,98,103,77,88,57,59,86,81,71,46,58,51,95,60,83,70,62,63,38,55,44,51,76,51,49,42,49,76,77,73
[ 29.895628] wil6210-aoa$0,1606461629.225552,04:d6:aa:c1:38:97,2,1,1,0,128,757,744,771,792,884,988,415,444,178,380,565,43,846,58,611,366,902,915,833,689,142,804,203,844,290,422,162,225,334,18,620,435,59,106,98,103,74,88,58,58,86,82,73,45,56,56,96,59,86,70,63,64,40,55,42,50,76,49,50,40,48,74,75,71
[ 29.920813] wil6210-aoa$0,1606461629.250740,04:d6:aa:c1:38:97,2,1,1,0,128,217,890,799,757,1005,5,407,359,178,362,92,201,803,28,253,601,898,977,370,914,737,11,739,40,200,354,100,192,804,825,199,29,56,106,98,103,78,89,59,60,87,82,72,48,57,54,98,60,86,71,60,61,39,55,43,53,78,50,46,42,49,74,75,72
[ 29.950652] wil6210-aoa$0,1606461629.280579,04:d6:aa:c1:38:97,2,1,1,0,128,359,975,787,785,866,978,386,341,160,336,541,1016,286,868,233,570,940,974,352,887,749,34,697,3,151,323,584,21,414,66,1007,797,58,105,96,103,75,87,57,58,87,81,73,45,58,54,98,59,86,70,64,63,40,54,45,53,75,49,49,42,49,77,78,74
[ 29.977230] wil6210-aoa$0,1606461629.307153,04:d6:aa:c1:38:97,2,1,1,0,128,827,757,840,759,927,1017,345,403,183,393,27,166,889,81,208,617,954,1005,368,864,688,1020,767,17,271,413,118,242,372,32,20,775,56,108,97,103,77,86,56,58,87,80,73,45,54,51,92,59,84,69,61,62,37,53,42,52,73,47,46,40,44,69,70,68
[ 30.007588] wil6210-aoa$0,1606461629.337515,04:d6:aa:c1:38:97,2,1,1,0,128,280,897,826,821,374,789,911,203,637,188,479,962,251,834,632,317,375,732,905,750,161,832,709,17,212,373,521,982,857,852,584,365,54,105,97,103,74,84,57,55,84,78,68,42,52,50,90,55,83,68,59,59,34,48,39,46,69,42,41,35,41,67,64,60
[ 30.032464] wil6210-aoa$0,1606461629.362386,04:d6:aa:c1:38:97,2,1,1,0,128,278,908,274,602,925,986,453,380,142,316,159,263,880,94,220,627,881,940,403,895,735,28,739,31,221,394,84,220,359,58,956,726,56,109,95,102,77,86,57,58,85,77,75,47,57,53,96,59,86,69,62,63,38,56,42,54,77,49,49,41,49,73,76,70
[ 30.063904] wil6210-aoa$0,1606461629.393826,04:d6:aa:c1:38:97,2,1,1,0,128,312,926,221,600,894,963,461,402,213,399,47,191,790,30,622,362,307,712,866,729,746,70,710,998,195,341,126,245,370,12,673,442,59,105,96,100,76,89,58,59,87,81,72,48,58,54,97,59,87,72,61,63,39,54,46,55,77,51,49,44,50,77,80,74
[ 30.100793] wil6210-aoa$0,1606461629.430690,04:d6:aa:c1:38:97,2,1,1,0,128,254,916,800,778,858,975,421,450,212,396,49,186,320,880,231,599,890,917,783,660,169,817,700,2,684,174,115,200,381,46,651,417,58,105,98,103,76,90,59,61,85,82,75,50,57,55,100,62,86,69,63,64,38,55,45,52,78,50,49,43,51,77,80,72
[ 30.133950] wil6210-aoa$0,1606461629.463873,04:d6:aa:c1:38:97,2,1,1,0,128,258,897,771,744,959,993,389,368,142,341,552,17,864,66,201,549,921,936,370,920,735,58,711,3,179,373,68,226,384,64,301,22,58,104,94,99,76,88,58,58,84,80,75,49,57,54,98,61,85,67,62,64,38,56,46,55,77,51,50,45,52,78,80,76
[ 30.164021] wil6210-aoa$0,1606461629.493944,04:d6:aa:c1:38:97,2,1,1,0,128,823,759,719,742,966,986,406,416,61,289,504,1011,303,880,636,317,414,788,449,943,746,1023,744,22,153,293,138,219,795,826,21,812,49,89,82,86,64,75,51,49,73,70,63,41,49,48,84,51,74,60,53,56,33,50,37,47,69,45,43,37,45,65,69,64
[ 30.188612] wil6210-aoa$0,1606461629.518540,04:d6:aa:c1:38:97,2,1,1,0,128,283,944,808,797,948,988,413,406,163,377,14,179,822,19,153,525,946,956,387,913,705,11,761,45,241,403,162,264,409,53,719,601,59,102,96,100,77,87,59,57,83,79,75,47,55,54,96,59,84,68,62,62,37,53,43,52,76,49,49,42,49,74,76,70
[ 30.219115] wil6210-aoa$0,1606461629.549043,04:d6:aa:c1:38:97,2,1,1,0,128,349,951,777,769,978,994,468,410,137,327,21,184,796,3,222,564,301,715,896,734,122,823,124,811,657,135,111,210,333,4,121,855,58,104,94,100,78,88,58,59,86,82,72,49,56,51,98,59,91,69,62,62,39,56,44,54,77,51,50,43,49,81,79,77
[ 30.244479] wil6210-aoa$0,1606461629.574402,04:d6:aa:c1:38:97,2,1,1,0,128,247,919,692,705,926,1014,456,437,182,398,50,213,878,85,206,601,918,999,422,916,747,40,731,8,221,375,106,240,315,15,38,869,59,106,95,102,77,88,60,59,85,80,73,48,59,55,100,61,88,71,63,63,39,58,45,57,80,53,50,43,52,78,86,80
[ 30.275335] wil6210-aoa$0,1606461629.605257,04:d6:aa:c1:38:97,2,1,1,0,128,300,958,812,781,943,7,412,416,123,364,49,192,310,906,214,567,933,974,351,842,173,850,219,848,232,361,106,237,384,58,102,881,58,108,95,105,77,88,58,58,87,78,73,45,55,52,98,58,88,70,61,63,39,53,45,53,76,48,49,42,49,75,78,75
[ 30.304570] wil6210-aoa$0,1606461629.634497,04:d6:aa:c1:38:97,2,1,1,0,128,335,935,752,773,948,976,451,439,214,380,56,192,788,23,207,570,923,953,846,706,732,27,773,69,173,355,106,219,342,1011,725,518,58,106,95,103,76,88,59,57,89,81,73,49,60,56,100,61,88,72,63,65,41,59,46,56,79,52,49,44,53,80,80,77
[ 30.331774] wil6210-aoa$0,1606461629.661698,04:d6:aa:c1:38:97,2,1,1,0,128,208,904,782,807,922,984,402,413,158,394,67,233,808,25,216,592,906,978,410,948,711,42,757,22,176,366,90,207,364,35,327,117,58,107,96,103,75,87,59,60,86,82,70,47,55,54,94,57,87,69,61,62,37,56,43,52,75,50,48,42,50,74,78,70
[ 30.364408] wil6210-aoa$0,1606461629.694336,04:d6:aa:c1:38:97,2,1,1,0,128,838,810,757,763,365,786,893,189,174,382,462,968,339,883,239,600,251,711,817,671,208,878,135,850,222,365,506,959,776,820,361,273,58,105,98,104,76,88,56,58,85,77,74,46,57,53,95,61,88,70,61,63,39,56,44,54,78,50,49,43,50,77,83,72
[ 30.390212] wil6210-aoa$0,1606461629.720134,04:d6:aa:c1:38:97,2,1,1,0,128,778,701,229,603,993,57,395,373,162,373,30,182,808,66,621,316,283,711,853,695,159,841,733,23,277,358,89,214,359,42,186,50,53,104,94,101,72,80,53,56,81,75,68,40,49,51,85,55,81,67,57,58,33,48,38,48,67,44,42,34,42,67,64,61
[ 30.421472] wil6210-aoa$0,1606461629.751394,04:d6:aa:c1:38:97,2,1,1,0,128,332,944,815,817,869,917,431,390,155,363,39,177,830,40,183,577,942,956,387,913,751,29,716,11,233,389,103,259,385,55,350,1020,57,105,99,104,78,88,57,60,86,82,74,49,57,53,99,61,88,69,62,64,37,55,46,54,79,52,49,45,52,80,80,76
[ 30.445501] wil6210-aoa$0,1606461629.775425,04:d6:aa:c1:38:97,2,1,1,0,128,263,922,768,774,371,817,888,188,171,362,53,178,830,18,179,531,898,956,352,903,739,74,687,6,175,364,105,258,332,22,18,771,58,104,96,101,75,87,59,59,82,78,72,45,57,53,97,59,88,70,61,64,40,56,45,54,80,52,51,46,51,78,82,77
[ 30.472806] wil6210-aoa$0,1606461629.802730,04:d6:aa:c1:38:97,2,1,1,0,128,273,891,787,789,398,807,434,451,173,374,65,200,844,54,253,637,910,930,345,886,169,826,750,1011,720,177,163,245,410,34,505,194,58,107,97,102,76,87,57,57,88,83,76,47,57,53,95,61,87,71,61,64,39,57,43,52,77,51,49,42,50,76,80,73
[ 30.505920] wil6210-aoa$0,1606461629.835839,04:d6:aa:c1:38:97,2,1,1,0,128,759,723,760,763,986,23,427,389,167,361,533,1016,852,43,138,547,895,941,321,890,739,36,211,881,774,218,592,52,370,70,448,234,50,93,84,89,66,75,50,52,75,71,65,42,51,47,84,53,75,60,55,54,34,50,39,48,68,46,43,38,44,66,70,67
[ 30.530592] wil6210-aoa$0,1606461629.860516,04:d6:aa:c1:38:97,2,1,1,0,128,230,924,798,820,956,1003,392,394,184,386,84,230,827,62,215,563,977,1002,368,947,728,79,724,58,208,367,101,268,402,92,933,596,55,104,95,100,71,84,57,58,80,77,68,41,49,48,86,56,78,66,55,55,34,47,37,45,71,40,41,33,40,64,65,55
[ 30.562855] wil6210-aoa$0,1606461629.892780,04:d6:aa:c1:38:97,2,1,1,0,128,307,965,799,779,904,971,429,439,178,408,93,239,866,88,296,661,937,970,417,929,748,46,725,14,253,370,53,175,410,69,733,494,51,91,82,87,67,77,50,50,75,72,63,42,51,48,86,54,76,62,54,57,34,49,39,49,68,47,42,39,45,67,71,67
[ 30.592292] wil6210-aoa$0,1606461629.922219,04:d6:aa:c1:38:97,2,1,1,0,128,254,882,785,761,934,1007,454,431,135,374,22,177,229,876,242,611,929,973,399,948,714,42,702,38,668,130,508,985,887,892,56,861,59,105,96,101,76,90,58,59,86,85,73,48,59,55,101,63,88,72,63,64,39,57,47,57,80,54,52,47,52,79,83,78
[ 30.616565] wil6210-aoa$0,1606461629.946491,04:d6:aa:c1:38:97,2,1,1,0,128,311,903,703,744,961,970,343,338,240,434,52,208,798,49,224,642,824,938,424,952,672,22,660,1016,230,353,128,235,365,8,454,128,55,103,96,102,73,83,53,57,84,77,71,43,54,50,91,57,80,68,60,60,34,49,42,50,72,44,46,41,44,69,72,66
[ 30.647091] wil6210-aoa$0,1606461629.977013,04:d6:aa:c1:38:97,2,1,1,0,128,278,950,789,803,995,26,400,396,631,166,73,220,808,41,236,605,922,976,427,922,795,67,730,17,208,376,118,211,859,880,187,63,57,105,96,101,76,85,57,59,85,78,74,46,55,52,93,57,83,68,59,59,37,53,42,49,74,46,45,40,47,71,73,66
[ 30.675626] wil6210-aoa$0,1606461630.005553,04:d6:aa:c1:38:97,2,1,1,0,128,738,706,264,571,934,994,425,424,142,326,43,154,859,64,196,571,846,943,465,963,725,36,694,998,151,308,128,233,349,19,182,903,60,105,95,98,79,90,58,59,85,82,76,48,58,54,99,61,89,71,62,66,40,58,47,56,80,54,50,47,51,77,84,80
[ 30.702808] wil6210-aoa$0,1606461630.032732,04:d6:aa:c1:38:97,2,1,1,0,128,371,896,865,803,973,1002,388,350,146,380,42,222,828,46,196,579,864,957,363,915,692,27,734,20,246,387,127,255,312,10,96,835,58,105,98,101,76,86,58,59,85,79,74,47,54,54,95,58,87,69,61,64,39,56,43,52,75,50,47,42,48,74,74,70
[ 30.734115] wil6210-aoa$0,1606461630.064038,04:d6:aa:c1:38:97,2,1,1,0,128,276,908,751,745,398,819,928,214,208,433,65,202,883,84,166,578,886,962,333,878,737,43,707,5,202,349,116,245,355,66,67,898,57,105,97,104,76,87,58,58,87,81,71,46,55,53,92,58,86,72,62,62,37,54,41,53,76,49,46,40,47,73,71,68
[ 30.765231] wil6210-aoa$0,1606461630.095153,04:d6:aa:c1:38:97,2,1,1,0,128,261,935,774,773,1004,20,389,380,160,371,78,202,794,25,295,619,892,978,314,876,718,39,775,41,220,380,120,246,428,79,818,484,61,110,99,105,78,91,62,60,88,83,76,52,61,57,103,65,91,72,64,67,41,58,48,59,82,55,51,48,55,82,84,81
[ 30.795169] wil6210-aoa$0,1606461630.125096,04:d6:aa:c1:38:97,2,1,1,0,128,283,918,772,762,925,962,433,409,167,347,14,187,821,17,129,531,946,961,385,848,743,13,724,29,257,396,119,214,358,49,976,677,57,104,93,99,75,87,58,58,88,82,74,49,58,55,98,59,88,70,64,65,39,58,47,56,79,54,51,47,53,79,85,80
[ 30.821566] wil6210-aoa$0,1606461630.151491,04:d6:aa:c1:38:97,2,1,1,0,128,244,926,755,752,942,1004,448,433,120,342,4,192,218,841,685,360,918,975,431,899,680,10,795,68,182,335,167,292,383,49,1016,844,57,102,92,98,72,83,55,58,83,79,73,47,56,54,95,59,86,68,61,62,38,56,43,52,75,49,50,42,49,77,79,72
[ 30.852788] wil6210-aoa$0,1606461630.182716,04:d6:aa:c1:38:97,2,1,1,0,128,748,733,772,777,326,800,425,438,200,407,1021,181,856,72,184,579,901,951,843,701,755,34,712,27,220,350,147,231,360,30,121,975,53,102,92,101,73,83,52,53,79,73,68,39,48,47,86,52,78,65,55,55,32,45,37,45,66,40,41,32,36,63,62,57
[ 30.877689] wil6210-aoa$0,1606461630.207616,04:d6:aa:c1:38:97,2,1,1,0,128,204,872,841,778,365,784,829,116,697,185,77,198,836,59,194,561,883,966,351,885,733,33,762,58,155,332,163,230,337,18,648,416,56,104,95,98,73,86,58,57,88,81,72,49,57,54,97,62,85,69,60,64,39,54,43,55,78,50,50,44,50,79,79,75
[ 30.906212] wil6210-aoa$0,1606461630.236136,04:d6:aa:c1:38:97,2,1,1,0,128,342,963,728,782,386,805,900,189,619,163,141,234,834,44,166,526,932,961,417,928,682,21,723,46,629,173,599,44,861,904,619,480,55,101,90,97,74,84,56,57,83,78,71,47,55,51,96,56,82,68,59,60,37,51,40,53,76,49,46,40,48,74,75,68
[ 30.937572] wil6210-aoa$0,1606461630.267499,04:d6:aa:c1:38:97,2,1,1,0,128,770,718,803,748,355,794,890,203,646,151,68,237,794,12,215,607,945,987,345,886,146,821,782,62,153,335,106,207,339,1020,501,350,55,104,93,99,74,85,56,56,84,80,72,44,55,55,94,57,84,69,60,62,36,56,42,52,74,48,46,41,46,73,77,71
[ 30.963772] wil6210-aoa$0,1606461630.293697,04:d6:aa:c1:38:97,2,1,1,0,128,288,930,761,757,953,1009,379,359,131,346,524,1019,882,54,162,575,948,951,366,895,766,55,724,35,257,402,129,267,427,81,911,693,56,99,93,100,71,84,56,57,83,79,70,46,53,53,93,57,83,68,60,61,36,52,42,51,73,46,47,40,44,71,71,69
[ 30.991094] wil6210-aoa$0,1606461630.321020,04:d6:aa:c1:38:97,2,1,1,0,128,741,715,797,800,971,980,443,447,113,340,84,263,788,29,625,380,867,954,311,891,787,80,758,57,172,363,578,8,378,55,274,8,55,106,93,100,73,85,55,57,86,80,70,45,55,54,93,58,82,66,62,60,37,53,39,51,74,47,47,39,47,72,71,67
[ 31.031388] wil6210-aoa$0,1606461630.361311,04:d6:aa:c1:38:97,2,1,1,0,128,339,952,833,806,902,961,872,239,609,153,497,996,290,885,184,618,920,995,343,875,758,17,151,850,647,179,560,28,403,62,468,262,57,103,93,99,74,86,57,58,86,82,74,49,57,53,98,59,84,68,62,62,38,58,46,55,78,53,51,48,52,78,84,81
[ 31.062533] wil6210-aoa$0,1606461630.392458,04:d6:aa:c1:38:97,2,1,1,0,128,291,946,737,777,905,989,457,435,119,370,70,229,774,12,168,526,359,788,838,739,771,55,720,9,148,332,627,87,369,32,885,700,57,105,92,97,74,85,55,58,86,80,72,46,54,54,95,57,84,69,63,61,38,56,45,53,75,51,48,43,50,77,80,72
[ 31.090363] wil6210-aoa$0,1606461630.420289,04:d6:aa:c1:38:97,2,1,1,0,128,286,947,771,767,966,39,375,365,694,226,87,264,875,85,162,532,937,966,392,892,738,56,711,33,223,385,138,266,359,47,907,620,53,104,92,101,74,83,55,57,85,79,70,44,51,51,91,57,82,67,60,61,36,53,40,51,71,46,46,39,44,69,71,65
[ 31.119067] wil6210-aoa$0,1606461630.448990,04:d6:aa:c1:38:97,2,1,1,0,128,271,882,740,751,389,817,432,416,128,339,150,277,788,19,720,375,926,994,416,943,734,21,722,16,235,418,74,241,335,25,634,373,49,90,81,87,64,74,48,50,71,66,62,37,45,43,78,48,70,58,50,51,30,43,34,42,60,40,38,33,38,60,58,56
[ 31.151981] wil6210-aoa$0,1606461630.481905,04:d6:aa:c1:38:97,2,1,1,0,128,261,859,238,554,871,995,428,411,185,371,25,194,799,34,195,591,918,958,356,863,746,37,733,1020,258,419,93,191,378,20,396,158,56,102,94,96,73,86,60,58,83,81,72,45,57,52,95,59,88,68,62,66,38,56,43,53,76,51,50,44,50,76,78,75
[ 31.185653] wil6210-aoa$0,1606461630.515576,04:d6:aa:c1:38:97,2,1,1,0,128,281,958,762,779,914,979,862,196,681,217,75,195,843,82,164,561,975,975,386,897,708,0,739,43,216,353,108,224,301,1018,482,219,57,103,96,99,77,88,59,59,85,79,76,48,59,54,98,61,86,69,61,63,40,56,45,54,78,52,49,43,51,79,81,77
[ 31.217030] wil6210-aoa$0,1606461630.546952,04:d6:aa:c1:38:97,2,1,1,0,128,355,1002,754,784,923,996,408,369,588,138,511,1019,878,127,204,596,915,979,334,889,755,53,743,53,205,377,61,229,825,862,979,753,55,105,94,98,74,86,56,57,84,78,74,49,57,53,99,61,86,70,63,64,38,56,46,56,78,55,53,45,53,79,85,80
[ 31.248733] wil6210-aoa$0,1606461630.578660,04:d6:aa:c1:38:97,2,1,1,0,128,288,924,734,710,954,0,396,393,178,362,6,182,778,34,612,341,372,802,300,889,683,999,712,1022,698,166,123,227,839,860,716,580,57,104,94,97,73,87,55,58,84,78,71,44,53,51,94,57,80,66,58,58,37,52,42,50,73,48,47,42,46,74,77,71
[ 31.281289] wil6210-aoa$0,1606461630.611188,04:d6:aa:c1:38:97,2,1,1,0,128,270,896,809,784,931,979,860,196,148,356,94,225,828,72,122,528,898,926,359,920,648,996,184,869,239,398,81,214,366,55,992,640,52,105,90,99,73,82,55,57,79,78,70,41,52,51,88,54,79,65,59,57,34,49,38,46,72,43,42,36,45,67,66,65
[ 31.313944] wil6210-aoa$0,1606461630.643872,04:d6:aa:c1:38:97,2,1,1,0,128,274,900,829,816,919,1006,462,456,175,393,45,193,874,66,200,602,944,12,371,927,742,1013,817,69,234,376,560,1022,889,868,560,319,52,102,90,98,73,83,54,56,80,75,68,42,51,51,88,55,79,64,57,58,35,48,39,49,70,43,44,38,42,66,68,58
[ 31.342001] wil6210-aoa$0,1606461630.671923,04:d6:aa:c1:38:97,2,1,1,0,128,327,958,829,819,955,1001,420,398,195,408,8,163,791,38,220,545,940,992,383,864,755,59,721,21,179,335,101,208,394,53,826,434,56,102,91,96,72,83,55,58,82,78,71,46,55,51,94,58,83,69,56,61,39,56,43,53,78,52,48,43,49,75,77,70
[ 31.373464] wil6210-aoa$0,1606461630.703386,04:d6:aa:c1:38:97,2,1,1,0,128,270,914,801,782,878,929,478,440,117,360,58,239,867,58,228,574,899,943,378,897,677,998,208,849,250,413,169,285,328,40,741,439,54,100,89,95,73,82,58,57,81,78,70,47,56,52,96,58,85,68,58,61,37,54,43,52,76,52,49,42,49,76,80,74
[ 31.404868] wil6210-aoa$0,1606461630.734791,04:d6:aa:c1:38:97,2,1,1,0,128,266,919,797,783,907,972,398,382,106,319,51,176,270,863,212,609,859,889,473,964,746,72,745,81,206,364,106,222,320,15,516,248,54,102,93,98,72,84,57,57,81,76,69,42,52,50,91,57,82,68,57,60,36,51,40,50,73,48,44,38,45,71,70,66
[ 31.436735] wil6210-aoa$0,1606461630.766663,04:d6:aa:c1:38:97,2,1,1,0,128,771,733,236,574,425,850,383,373,123,340,58,189,299,887,670,374,408,768,390,942,741,35,168,822,694,153,616,1013,343,4,659,416,55,102,92,96,74,85,55,57,83,77,72,45,53,52,95,58,85,69,59,60,37,53,43,52,75,50,48,42,49,75,73,71
[ 31.463172] wil6210-aoa$0,1606461630.793097,04:d6:aa:c1:38:97,2,1,1,0,128,255,924,787,805,889,961,420,368,728,199,487,948,294,887,185,556,883,940,849,721,183,904,695,1010,642,139,594,64,839,846,128,927,51,102,91,96,70,80,56,55,80,77,68,42,53,51,92,58,85,68,59,62,37,52,41,50,72,46,45,37,47,71,72,67
[ 31.495291] wil6210-aoa$0,1606461630.825215,04:d6:aa:c1:38:97,2,1,1,0,128,290,878,785,747,937,1006,868,212,640,145,60,163,277,844,668,385,305,750,836,713,754,22,664,996,613,101,554,20,397,23,581,279,54,102,90,97,72,79,54,57,82,77,70,43,52,49,91,54,82,66,57,58,37,50,40,47,71,40,41,35,40,68,67,63
[ 31.520802] wil6210-aoa$0,1606461630.850727,04:d6:aa:c1:38:97,2,1,1,0,128,252,902,259,610,983,23,408,392,224,400,45,222,822,58,170,582,956,1012,348,874,740,39,715,13,199,355,78,198,412,41,766,570,58,103,94,98,74,87,57,58,84,81,74,47,57,52,95,60,88,69,64,61,38,57,44,55,76,50,46,43,49,77,81,74
[ 31.551105] wil6210-aoa$0,1606461630.881033,04:d6:aa:c1:38:97,2,1,1,0,128,270,905,747,771,930,979,425,386,176,326,95,238,860,82,189,558,967,1019,323,885,692,39,754,45,234,416,115,257,341,54,862,665,48,89,79,85,65,74,48,47,73,68,61,38,47,45,78,50,72,59,50,51,31,46,36,44,64,40,39,35,41,60,61,59
[ 31.580398] wil6210-aoa$0,1606461630.910321,04:d6:aa:c1:38:97,2,1,1,0,128,243,904,763,752,875,975,433,415,159,366,63,217,836,106,207,594,862,983,382,923,737,54,728,50,273,416,96,243,395,78,269,987,59,103,95,98,76,87,59,57,84,85,73,46,56,54,97,60,87,70,62,64,37,57,43,53,77,50,50,44,50,75,79,73
[ 31.605418] wil6210-aoa$0,1606461630.935347,04:d6:aa:c1:38:97,2,1,1,0,128,326,929,801,830,932,6,813,205,628,178,42,211,833,69,170,609,909,936,343,879,748,32,781,61,237,358,577,1010,871,858,6,880,54,104,94,98,73,85,55,57,82,78,68,41,53,49,88,55,82,67,57,57,35,48,40,48,67,43,41,37,41,68,68,62
[ 31.632569] wil6210-aoa$0,1606461630.962494,04:d6:aa:c1:38:97,2,1,1,0,128,695,723,238,624,972,40,426,431,112,377,522,10,269,842,700,380,381,756,409,934,189,884,702,34,679,207,616,74,763,832,831,630,47,88,79,84,64,72,46,49,71,67,59,37,46,44,80,50,71,58,50,50,31,43,34,41,62,41,39,35,38,61,64,57
[ 31.664972] wil6210-aoa$0,1606461630.994896,04:d6:aa:c1:38:97,2,1,1,0,128,745,722,180,579,989,19,407,398,114,341,70,191,845,78,130,514,885,967,335,902,675,17,142,854,678,184,86,218,367,19,713,499,54,105,91,99,74,84,54,56,85,79,73,46,53,52,92,57,84,68,62,61,36,52,43,51,73,46,46,40,46,71,75,69
[ 31.703646] wil6210-aoa$0,1606461631.033574,04:d6:aa:c1:38:97,2,1,1,0,128,326,937,220,573,917,1012,435,376,81,337,510,1020,814,38,207,576,921,989,328,905,740,25,698,14,219,371,108,233,365,68,640,435,54,102,92,97,72,82,56,58,82,77,69,45,53,51,95,59,84,68,61,62,37,53,42,51,74,48,46,41,47,74,73,69
[ 31.728727] wil6210-aoa$0,1606461631.058654,04:d6:aa:c1:38:97,2,1,1,0,128,760,729,796,746,969,992,862,195,146,343,457,982,799,34,246,627,906,976,375,925,701,11,765,41,263,432,196,295,326,20,357,158,56,102,92,97,73,85,56,58,84,79,71,47,55,54,96,58,85,68,59,63,36,54,41,52,75,50,48,42,50,74,79,73
[ 31.759159] wil6210-aoa$0,1606461631.089086,04:d6:aa:c1:38:97,2,1,1,0,128,331,927,792,775,933,1014,419,425,118,344,93,251,798,7,236,599,901,959,341,888,667,1022,724,1009,217,377,138,208,415,66,79,817,56,102,91,95,73,84,56,58,83,79,71,45,54,53,98,57,84,68,58,60,36,52,43,51,75,50,48,42,50,75,78,75
[ 31.788945] wil6210-aoa$0,1606461631.118869,04:d6:aa:c1:38:97,2,1,1,0,128,789,733,252,615,362,806,893,193,588,128,121,233,769,44,636,372,377,768,351,932,722,38,746,49,655,153,567,36,857,899,776,602,52,103,92,96,72,82,54,55,82,77,71,43,51,51,90,56,84,66,59,56,36,52,39,47,70,47,44,38,45,69,70,64
[ 31.814077] wil6210-aoa$0,1606461631.144005,04:d6:aa:c1:38:97,2,1,1,0,128,776,760,285,650,945,1002,905,228,684,190,526,9,324,939,170,559,865,955,342,878,188,852,170,841,649,109,563,10,839,878,998,800,55,100,92,98,70,83,54,55,81,76,69,43,53,50,92,55,81,66,59,58,34,49,41,49,71,46,44,37,45,69,69,62
[ 31.841826] wil6210-aoa$0,1606461631.171751,04:d6:aa:c1:38:97,2,1,1,0,128,751,682,253,571,1022,1008,409,357,608,167,540,16,780,17,658,358,359,786,825,721,181,850,193,864,656,169,638,53,403,21,89,918,52,97,90,94,72,80,54,56,81,78,67,42,51,50,87,53,83,67,56,60,35,49,39,46,71,43,43,36,42,68,64,63
[ 31.874031] wil6210-aoa$0,1606461631.203954,04:d6:aa:c1:38:97,2,1,1,0,128,261,961,785,807,984,42,432,436,222,435,117,239,856,79,206,601,989,984,347,906,763,60,646,973,187,345,88,182,392,30,747,555,54,99,92,96,73,81,54,56,81,75,67,42,53,49,89,55,80,66,58,57,36,49,39,49,74,46,46,38,46,69,71,67
[ 31.906167] wil6210-aoa$0,1606461631.236090,04:d6:aa:c1:38:97,2,1,1,0,128,310,948,808,819,941,1023,336,386,161,399,126,296,813,52,261,616,921,989,360,943,717,6,705,2,200,349,599,58,345,1016,605,444,55,104,93,99,74,85,57,58,85,81,71,48,55,53,97,59,87,68,61,61,39,56,46,55,76,52,50,45,53,79,82,78
[ 31.938834] wil6210-aoa$0,1606461631.268758,04:d6:aa:c1:38:97,2,1,1,0,128,745,744,843,797,972,0,324,366,147,375,82,241,840,67,251,594,893,959,348,895,729,41,692,14,214,382,137,230,352,62,150,872,59,104,94,102,75,87,55,56,85,79,72,46,54,52,95,60,86,69,60,60,39,56,45,54,77,51,49,45,49,77,81,75
[ 31.971402] wil6210-aoa$0,1606461631.301325,04:d6:aa:c1:38:97,2,1,1,0,128,318,898,271,621,390,805,881,156,600,156,49,154,260,838,665,381,341,722,380,877,778,28,764,30,197,336,130,233,357,7,204,21,56,104,94,100,73,85,56,58,84,77,71,43,54,51,92,57,82,67,60,59,35,51,42,48,70,45,43,37,43,67,68,62
[ 32.004803] wil6210-aoa$0,1606461631.334730,04:d6:aa:c1:38:97,2,1,1,0,128,279,934,797,778,911,986,360,376,166,368,33,165,784,1001,204,575,380,753,850,714,697,1022,766,48,194,342,534,1018,407,40,951,690,56,104,94,99,76,86,58,60,84,78,71,46,53,51,93,58,86,70,60,61,35,53,42,52,75,49,47,42,47,73,74,71
[ 32.033703] wil6210-aoa$0,1606461631.363628,04:d6:aa:c1:38:97,2,1,1,0,128,312,989,769,777,950,15,473,443,180,382,102,185,853,60,224,594,894,946,344,895,776,53,751,27,282,387,80,227,419,68,294,974,56,101,89,98,73,85,55,54,84,80,71,48,55,55,95,59,84,67,60,62,38,56,45,53,76,53,49,44,51,76,82,78
[ 32.064606] wil6210-aoa$0,1606461631.394532,04:d6:aa:c1:38:97,2,1,1,0,128,762,755,217,561,383,818,939,219,620,159,506,1006,838,50,211,533,397,774,424,915,216,863,798,42,735,228,548,998,795,831,881,782,53,100,91,99,71,83,56,56,83,76,70,44,52,50,92,57,83,68,59,59,36,52,41,50,75,47,46,40,46,73,75,70
[ 32.093083] wil6210-aoa$0,1606461631.423006,04:d6:aa:c1:38:97,2,1,1,0,128,292,941,703,731,407,833,845,181,155,348,33,178,817,30,182,572,941,964,364,919,710,6,723,23,706,236,77,226,367,40,872,640,54,101,92,99,73,84,57,55,85,76,71,46,53,52,94,56,83,67,59,59,37,54,41,51,74,49,46,41,48,73,75,70
[ 32.124633] wil6210-aoa$0,1606461631.454562,04:d6:aa:c1:38:97,2,1,1,0,128,703,680,188,499,363,793,905,243,143,353,543,5,862,57,627,363,937,1005,375,908,742,13,749,1,671,144,109,210,367,1,457,194,55,99,92,98,73,83,55,55,81,77,71,45,54,52,96,60,82,66,60,60,37,54,42,50,76,51,50,44,48,74,79,72
[ 32.149668] wil6210-aoa$0,1606461631.479595,04:d6:aa:c1:38:97,2,1,1,0,128,280,937,803,822,951,1019,426,381,194,395,9,148,298,867,234,586,913,923,437,920,801,20,674,16,173,316,78,213,275,18,509,146,54,104,92,97,73,85,56,54,83,77,70,46,53,51,92,58,80,65,59,60,35,50,40,49,73,48,46,39,46,72,72,66
[ 32.180356] wil6210-aoa$0,1606461631.510281,04:d6:aa:c1:38:97,2,1,1,0,128,255,918,739,761,965,999,430,384,199,363,101,199,822,57,255,620,965,949,330,847,725,45,726,25,219,339,123,244,376,62,961,663,57,100,92,100,72,85,55,56,83,76,71,46,53,51,92,59,84,65,59,60,37,53,43,52,75,48,46,41,47,74,74,70
[ 32.207091] wil6210-aoa$0,1606461631.537019,04:d6:aa:c1:38:97,2,1,1,0,128,775,732,252,610,936,1019,366,368,206,414,43,169,814,20,695,399,390,809,837,735,771,72,751,101,207,367,128,228,306,5,477,389,54,101,90,98,74,84,53,57,85,77,70,44,54,51,93,56,81,65,58,59,35,51,41,50,72,46,43,40,46,66,74,69
[ 32.234213] wil6210-aoa$0,1606461631.564135,04:d6:aa:c1:38:97,2,1,1,0,128,805,770,813,779,959,998,400,377,124,339,57,199,841,64,181,593,916,953,352,862,747,53,745,49,248,408,45,190,281,1008,819,691,54,103,92,98,72,84,55,55,82,77,70,45,52,50,93,58,83,67,58,60,36,52,42,50,73,47,46,40,47,75,75,69
[ 32.266543] wil6210-aoa$0,1606461631.596465,04:d6:aa:c1:38:97,2,1,1,0,128,223,908,791,797,922,982,404,418,143,365,92,204,807,45,183,610,961,973,389,924,787,99,759,73,201,340,116,253,285,1019,188,19,54,103,91,95,72,82,55,54,83,74,71,45,54,51,92,57,83,66,57,58,36,54,43,51,73,47,48,42,48,71,77,73
[ 32.296970] wil6210-aoa$0,1606461631.626897,04:d6:aa:c1:38:97,2,1,1,0,128,305,910,797,767,991,25,417,383,169,408,119,237,811,57,173,588,939,999,331,884,745,57,765,60,219,390,94,180,343,18,372,66,56,98,91,94,73,84,57,57,82,78,70,47,55,53,95,59,86,70,60,61,37,55,45,52,79,52,51,43,52,78,82,80
[ 32.325690] wil6210-aoa$0,1606461631.655612,04:d6:aa:c1:38:97,2,1,1,0,128,324,937,823,744,399,791,875,177,125,331,35,155,311,887,593,342,899,937,401,906,762,65,660,1020,221,333,130,197,833,856,705,517,58,106,94,100,75,86,58,58,85,79,73,47,57,54,96,61,87,71,61,61,38,57,45,53,77,50,48,42,50,76,82,76
[ 32.357498] wil6210-aoa$0,1606461631.687426,04:d6:aa:c1:38:97,2,1,1,0,128,359,966,791,798,960,4,482,422,181,365,88,200,784,34,265,615,843,900,387,913,696,5,236,880,220,399,134,238,411,56,540,194,57,105,94,100,75,86,57,58,85,81,71,46,56,55,94,61,85,69,61,63,38,54,42,54,77,51,47,42,48,72,74,70
[ 32.386572] wil6210-aoa$0,1606461631.716498,04:d6:aa:c1:38:97,2,1,1,0,128,221,890,828,828,956,1014,405,428,136,372,82,239,837,54,192,632,896,954,875,732,716,36,745,51,210,395,131,223,370,32,26,726,57,103,94,100,75,88,57,58,86,82,73,48,56,53,99,60,86,71,62,63,38,56,46,55,77,52,50,45,52,78,81,76
[ 32.418366] wil6210-aoa$0,1606461631.748294,04:d6:aa:c1:38:97,2,1,1,0,128,749,695,235,555,427,868,402,410,174,403,1012,221,857,79,206,616,859,915,354,902,708,34,182,841,720,156,558,39,863,861,8,754,56,104,94,97,74,85,55,56,84,79,70,43,55,53,92,59,84,69,59,61,37,55,43,52,73,48,46,42,48,73,76,71
[ 32.446697] wil6210-aoa$0,1606461631.776621,04:d6:aa:c1:38:97,2,1,1,0,128,307,959,807,806,985,1,389,393,163,387,498,8,818,80,193,577,889,945,444,958,765,52,713,51,201,387,87,220,349,73,366,135,54,104,93,101,71,83,55,55,81,77,70,45,54,51,90,58,83,67,59,60,35,54,40,52,74,46,46,39,48,72,72,70
[ 32.479154] wil6210-aoa$0,1606461631.809076,04:d6:aa:c1:38:97,2,1,1,0,128,275,922,756,746,891,989,454,418,174,369,989,131,821,35,673,383,879,926,864,704,231,879,147,842,769,222,136,271,784,827,169,1015,57,100,90,99,72,83,57,57,84,76,72,44,55,51,94,57,84,67,59,61,36,53,43,52,74,50,48,40,48,74,79,74
[ 32.509291] wil6210-aoa$0,1606461631.839219,04:d6:aa:c1:38:97,2,1,1,0,128,316,925,781,782,939,993,380,387,236,445,33,164,850,69,241,596,897,944,356,900,753,19,706,1014,214,311,111,223,314,1010,486,210,55,99,93,98,72,84,56,57,82,78,69,43,55,51,93,59,84,69,60,59,37,52,42,51,76,49,46,42,49,74,75,70
[ 32.540375] wil6210-aoa$0,1606461631.870304,04:d6:aa:c1:38:97,2,1,1,0,128,804,772,731,722,982,32,364,398,97,339,65,207,798,23,625,374,927,972,798,719,772,50,780,91,181,343,115,245,392,54,782,568,52,101,89,96,70,81,53,56,81,77,69,41,51,49,90,56,83,66,58,59,36,52,40,48,72,46,45,39,44,71,70,64
[ 32.565509] wil6210-aoa$0,1606461631.895436,04:d6:aa:c1:38:97,2,1,1,0,128,324,965,790,792,882,960,942,223,234,440,1003,144,755,10,147,549,867,953,374,899,735,5,723,3,193,367,175,250,458,89,688,365,54,100,89,96,71,80,55,55,81,75,70,44,51,50,90,56,81,66,59,60,35,50,42,51,72,47,46,40,46,71,74,69
[ 32.592918] wil6210-aoa$0,1606461631.922845,04:d6:aa:c1:38:97,2,1,1,0,128,762,730,773,751,972,1,853,201,629,167,18,133,800,41,637,365,362,731,903,747,232,884,715,15,632,141,620,18,891,872,540,360,54,101,90,96,70,83,53,54,82,75,69,43,52,50,87,54,80,63,57,59,35,48,40,48,70,43,44,38,46,70,70,66
[ 32.618514] wil6210-aoa$0,1606461631.948435,04:d6:aa:c1:38:97,2,1,1,0,128,266,919,772,816,927,979,454,435,132,353,36,164,837,40,205,583,840,943,331,893,160,856,121,812,629,140,571,10,842,906,78,781,53,99,89,96,72,82,56,54,82,74,70,43,54,52,92,56,82,67,59,59,37,51,42,51,73,47,45,40,47,71,73,69
[ 32.651714] wil6210-aoa$0,1606461631.981639,04:d6:aa:c1:38:97,2,1,1,0,128,298,903,801,780,873,928,897,229,570,126,553,37,264,877,701,409,888,935,901,727,162,858,684,1010,669,154,135,230,444,68,147,936,54,100,92,96,72,82,56,55,81,76,70,43,54,50,94,59,83,66,58,61,37,54,43,51,75,48,45,41,48,74,73,70
[ 32.685028] wil6210-aoa$0,1606461632.014953,04:d6:aa:c1:38:97,2,1,1,0,128,309,939,808,801,974,2,398,387,131,331,490,994,320,912,197,564,902,939,800,682,200,830,711,991,660,170,538,5,882,893,862,727,53,98,92,97,70,80,52,55,81,75,68,44,51,50,91,56,81,66,58,57,34,50,40,48,71,45,44,39,44,67,71,67
[ 32.719062] wil6210-aoa$0,1606461632.048985,04:d6:aa:c1:38:97,2,1,1,0,128,229,904,764,753,952,1001,341,346,621,174,560,56,881,109,217,621,922,977,382,923,738,64,696,998,149,332,75,230,393,35,210,977,52,100,92,97,70,82,55,55,80,77,70,42,53,51,91,55,81,67,58,58,34,53,40,50,72,47,44,38,44,71,73,66
[ 32.752223] wil6210-aoa$0,1606461632.082145,04:d6:aa:c1:38:97,2,1,1,0,128,306,936,804,791,937,1011,457,431,193,414,37,229,787,51,234,593,887,979,405,919,711,57,736,68,266,433,108,254,418,70,134,823,54,100,89,94,71,82,56,56,82,77,67,45,53,51,90,54,85,68,58,61,36,49,42,49,72,45,44,39,46,72,71,67
[ 32.780857] wil6210-aoa$0,1606461632.110785,04:d6:aa:c1:38:97,2,1,1,0,128,731,728,241,573,977,17,423,403,653,223,74,192,831,93,119,483,380,761,807,688,201,876,748,35,237,399,48,177,358,25,65,906,58,103,94,99,77,91,58,58,84,81,73,49,56,54,99,61,86,70,63,64,39,55,47,53,78,52,50,44,51,77,82,76
[ 32.812621] wil6210-aoa$0,1606461632.142544,04:d6:aa:c1:38:97,2,1,1,0,128,225,886,812,782,362,820,898,217,167,362,92,236,831,27,139,585,938,971,361,875,737,48,715,9,279,390,39,229,379,41,993,819,55,102,93,99,74,84,58,58,83,79,70,44,54,50,93,55,82,67,61,63,37,54,43,50,73,46,45,41,46,71,72,69
[ 32.841570] wil6210-aoa$0,1606461632.171497,04:d6:aa:c1:38:97,2,1,1,0,128,359,975,765,787,939,1008,916,221,634,157,459,1016,800,24,649,385,935,975,414,935,768,31,768,54,271,378,174,274,331,26,442,83,54,101,93,97,71,82,54,57,79,73,66,42,51,50,88,56,79,64,57,59,34,51,40,48,70,45,45,37,43,68,69,61
[ 32.867455] wil6210-aoa$0,1606461632.197382,04:d6:aa:c1:38:97,2,1,1,0,128,281,950,819,823,900,977,967,254,152,361,56,207,856,72,192,554,931,948,381,906,733,43,714,22,162,330,113,228,375,49,225,974,55,99,92,98,73,83,56,56,82,78,70,45,53,52,94,59,84,68,59,61,35,52,43,50,72,48,47,43,47,72,74,70
[ 32.893831] wil6210-aoa$0,1606461632.223755,04:d6:aa:c1:38:97,2,1,1,0,128,742,690,216,561,415,815,412,415,193,406,47,189,829,43,171,563,894,943,808,687,183,877,749,23,181,363,71,157,405,17,620,391,54,103,92,96,73,85,56,55,82,78,73,47,54,50,94,56,83,65,60,60,37,55,43,53,75,50,48,41,48,73,78,70
[ 32.927052] wil6210-aoa$0,1606461632.256975,04:d6:aa:c1:38:97,2,1,1,0,128,282,873,250,575,435,836,420,411,143,355,67,210,812,40,648,386,942,989,869,719,768,59,168,845,719,210,139,238,410,51,627,373,56,102,90,97,72,82,55,55,83,78,72,45,53,53,93,58,83,67,59,60,36,54,42,49,73,49,45,39,45,72,77,68
[ 32.954367] wil6210-aoa$0,1606461632.284295,04:d6:aa:c1:38:97,2,1,1,0,128,291,919,779,768,323,788,399,349,669,166,559,28,220,830,678,432,316,784,791,689,165,845,166,835,235,387,132,239,370,13,258,27,53,100,91,96,71,83,55,55,83,79,70,44,54,53,94,58,82,67,60,61,37,54,43,51,74,50,49,42,48,73,79,74
[ 32.980844] wil6210-aoa$0,1606461632.310768,04:d6:aa:c1:38:97,2,1,1,0,128,707,703,314,628,908,980,904,196,157,350,59,194,800,42,177,552,878,915,873,778,176,890,141,818,665,197,546,5,822,848,662,435,55,100,91,97,72,83,54,55,83,78,67,46,53,53,92,58,84,67,61,61,36,54,43,51,74,49,48,43,49,74,74,75
[ 33.011278] wil6210-aoa$0,1606461632.341204,04:d6:aa:c1:38:97,2,1,1,0,128,263,915,813,841,884,991,414,419,125,322,65,186,856,57,165,578,302,709,342,887,193,866,764,57,187,345,191,278,383,7,202,923,56,103,91,97,73,83,52,56,80,77,71,43,55,51,93,59,83,67,58,60,37,52,44,51,75,49,46,40,47,71,77,69
[ 33.042585] wil6210-aoa$0,1606461632.372512,04:d6:aa:c1:38:97,2,1,1,0,128,334,990,746,791,951,1011,443,461,206,407,23,217,856,70,187,561,973,981,357,883,758,45,714,16,238,382,149,238,422,68,160,946,55,102,90,94,73,85,53,55,82,75,69,41,51,51,91,55,82,65,58,58,35,51,41,49,73,46,42,39,45,71,70,66
[ 33.068688] wil6210-aoa$0,1606461632.398615,04:d6:aa:c1:38:97,2,1,1,0,128,318,921,707,735,419,844,874,182,636,134,546,9,853,40,228,581,865,924,386,885,703,1010,203,871,238,383,62,187,364,26,115,1015,53,101,93,97,73,85,55,55,81,77,72,42,53,51,92,57,84,67,59,61,37,53,42,50,73,48,46,39,46,70,72,69
[ 33.099584] wil6210-aoa$0,1606461632.429504,04:d6:aa:c1:38:97,2,1,1,0,128,692,675,784,746,891,988,427,375,167,328,66,204,276,873,214,584,947,977,384,884,778,43,736,32,223,346,106,202,381,29,143,919,53,99,89,95,72,82,55,55,84,78,71,45,54,53,96,58,85,67,60,61,38,54,44,51,74,49,48,42,50,74,78,74
[ 33.126985] wil6210-aoa$0,1606461632.456911,04:d6:aa:c1:38:97,2,1,1,2,128,692,675,784,746,891,988,427,375,167,328,66,204,276,873,214,584,947,977,384,884,778,43,736,32,223,346,106,202,381,29,143,919,53,101,93,97,73,85,55,55,81,77,72,42,53,51,92,57,84,67,59,61,37,53,42,50,73,48,46,39,46,70,72,69
[ 33.157034] wil6210-aoa$0,1606461632.486957,04:d6:aa:c1:38:97,2,1,1,0,128,320,955,195,561,384,801,911,223,625,200,520,1001,254,858,716,429,877,977,389,897,757,51,706,14,282,428,156,265,378,5,537,278,55,101,94,99,71,83,54,57,79,76,70,42,53,51,92,54,81,65,57,55,35,48,40,47,70,44,43,35,44,68,70,60
[ 33.190753] wil6210-aoa$0,1606461632.520677,04:d6:aa:c1:38:97,2,1,1,0,128,323,983,762,786,920,987,423,380,197,377,94,205,849,40,218,624,958,990,377,855,784,89,688,31,226,387,95,219,381,28,888,626,47,87,81,84,62,73,49,50,71,66,58,37,46,43,77,48,70,57,49,49,31,42,36,41,61,39,38,34,39,59,62,55
[ 33.224286] wil6210-aoa$0,1606461632.554209,04:d6:aa:c1:38:97,2,1,1,0,128,282,954,826,766,950,1009,331,379,164,354,76,191,269,863,196,569,858,910,868,687,715,1013,191,859,216,360,105,194,359,18,776,557,56,101,95,100,74,85,58,57,82,79,71,45,56,52,94,57,86,71,59,61,37,52,42,50,74,48,46,42,49,74,73,70
[ 33.258456] wil6210-aoa$0,1606461632.588379,04:d6:aa:c1:38:97,2,1,1,0,128,692,671,318,623,311,736,911,176,651,200,530,1022,833,19,234,584,932,936,437,943,625,990,776,26,201,343,61,198,300,1005,90,859,47,89,79,84,66,75,49,49,73,67,59,38,47,46,79,51,73,60,51,54,31,46,38,44,65,42,42,36,41,64,65,59
[ 33.292264] wil6210-aoa$0,1606461632.622187,04:d6:aa:c1:38:97,2,1,1,0,128,282,897,765,755,914,1003,404,404,173,368,109,281,849,80,215,564,930,971,368,918,156,816,207,868,649,149,594,60,395,41,990,644,56,105,94,101,72,86,56,57,83,77,74,46,56,52,92,58,85,70,58,63,37,54,44,53,73,49,49,42,48,75,76,72
[ 33.322837] wil6210-aoa$0,1606461632.652764,04:d6:aa:c1:38:97,2,1,1,0,128,317,961,807,831,986,37,391,437,238,449,62,214,877,102,175,605,894,1005,396,963,747,81,723,43,251,351,139,290,365,40,96,769,45,90,79,84,63,71,48,50,70,65,61,37,45,45,79,48,72,56,51,52,31,45,35,44,63,40,39,34,41,63,63,59
[ 33.349199] wil6210-aoa$0,1606461632.679123,04:d6:aa:c1:38:97,2,1,1,0,128,289,961,803,818,950,29,422,398,212,399,50,162,891,88,209,574,933,963,369,898,161,873,237,880,205,354,147,242,400,66,776,496,58,105,94,101,76,89,60,58,88,82,74,48,59,55,98,60,88,71,62,64,41,60,45,57,80,54,52,47,54,80,85,81
[ 33.380239] wil6210-aoa$0,1606461632.710166,04:d6:aa:c1:38:97,2,1,1,0,128,264,913,755,786,916,8,473,421,135,345,89,209,817,52,185,548,926,963,473,939,748,40,842,86,250,412,187,301,385,65,432,91,57,104,94,99,76,88,59,59,86,82,72,49,57,55,101,60,87,71,63,64,39,57,47,56,78,52,50,46,51,80,81,77
[ 33.411601] wil6210-aoa$0,1606461632.741528,04:d6:aa:c1:38:97,2,1,1,0,128,295,937,814,827,905,995,428,402,657,176,31,183,838,42,627,379,926,950,386,896,829,95,681,10,238,388,10,178,353,45,970,718,58,101,95,99,73,88,58,57,84,80,71,49,55,53,98,60,85,70,62,64,39,58,44,57,77,53,51,43,51,78,83,80
[ 33.439856] wil6210-aoa$0,1606461632.769778,04:d6:aa:c1:38:97,2,1,1,0,128,777,766,258,606,4,21,414,437,140,360,54,217,809,16,211,589,363,752,876,736,178,885,164,827,643,138,107,198,352,51,265,967,53,103,94,97,74,84,54,56,82,78,69,43,54,50,93,57,83,67,58,60,36,53,42,50,73,48,48,43,47,72,77,72
[ 33.474343] wil6210-aoa$0,1606461632.804266,04:d6:aa:c1:38:97,2,1,1,0,128,814,731,232,564,962,997,907,217,190,359,8,130,302,868,647,343,378,761,381,897,738,25,722,1008,672,166,590,17,373,24,551,374,56,104,95,101,75,85,57,58,83,79,73,46,56,51,97,60,86,69,60,63,38,54,44,52,76,48,48,42,49,75,78,73
[ 33.508245] wil6210-aoa$0,1606461632.838169,04:d6:aa:c1:38:97,2,1,1,0,128,196,904,801,791,931,1004,362,372,222,443,40,226,828,57,148,590,925,968,409,904,755,76,802,59,211,379,115,239,350,22,302,111,59,104,95,99,76,90,59,59,87,84,73,49,60,55,101,63,89,73,64,65,40,60,47,57,80,54,52,47,54,79,83,80
[ 33.542683] wil6210-aoa$0,1606461632.872607,04:d6:aa:c1:38:97,2,1,1,0,128,279,944,785,806,960,1010,322,381,663,228,64,226,800,72,186,542,881,916,425,928,735,46,689,1018,196,371,75,204,322,4,519,330,57,104,94,99,76,87,57,58,85,80,72,48,57,55,98,59,86,70,60,63,38,56,45,55,78,52,48,45,51,78,80,76
[ 33.572395] wil6210-aoa$0,1606461632.902322,04:d6:aa:c1:38:97,2,1,1,0,128,786,704,250,607,926,990,447,435,136,364,22,205,831,28,649,341,344,782,821,724,656,1011,742,21,638,127,120,231,391,23,642,416,48,89,82,86,63,72,50,48,69,67,60,39,45,43,78,48,69,56,51,53,30,43,36,44,62,40,38,35,39,61,62,59
[ 33.598887] wil6210-aoa$0,1606461632.928809,04:d6:aa:c1:38:97,2,1,1,0,128,229,897,755,763,926,1008,421,411,111,361,23,202,245,824,690,375,357,783,355,906,127,814,156,787,695,172,640,42,853,861,905,633,56,103,96,99,75,86,57,57,84,80,71,45,56,53,93,58,86,70,58,63,38,55,45,52,77,50,49,44,48,73,79,72
[ 33.630665] wil6210-aoa$0,1606461632.960593,04:d6:aa:c1:38:97,2,1,1,0,128,268,888,834,801,902,978,417,436,151,372,35,224,850,94,193,586,903,982,371,946,757,25,700,10,235,389,103,216,391,42,586,341,57,104,93,102,75,85,57,58,86,80,73,47,53,54,94,57,86,71,61,63,37,56,43,54,76,50,50,43,49,72,79,72
[ 33.662537] wil6210-aoa$0,1606461632.992465,04:d6:aa:c1:38:97,2,1,1,0,128,769,750,120,522,388,842,839,191,108,310,491,1003,793,10,603,327,974,1017,359,871,179,846,714,996,287,404,82,226,406,61,950,642,57,105,96,100,75,86,58,59,84,81,71,47,54,52,95,60,86,68,63,63,39,56,43,55,77,49,47,42,50,76,77,73
[ 33.691276] wil6210-aoa$0,1606461633.021200,04:d6:aa:c1:38:97,2,1,1,0,128,245,908,781,771,359,807,415,404,168,356,15,186,899,58,263,651,887,947,435,960,716,30,769,77,139,355,600,42,381,21,877,597,56,105,94,96,73,85,57,56,83,78,72,46,53,51,93,59,83,67,59,61,37,52,42,51,74,46,47,42,46,71,72,68
[ 33.725798] wil6210-aoa$0,1606461633.055725,04:d6:aa:c1:38:97,2,1,1,0,128,315,928,824,786,987,1000,360,389,177,373,68,229,854,53,210,577,901,918,386,917,223,889,693,40,167,331,220,319,320,38,614,380,56,103,97,100,76,87,58,57,85,77,72,46,54,53,98,59,86,68,60,61,37,51,43,51,75,51,47,42,50,75,74,71
[ 33.754289] wil6210-aoa$0,1606461633.084214,04:d6:aa:c1:38:97,2,1,1,0,128,746,765,223,575,429,837,443,402,652,158,49,153,236,843,696,374,970,982,779,653,230,869,739,1019,677,105,139,210,417,67,602,413,54,100,93,96,73,85,56,58,81,77,70,45,53,50,93,56,84,67,58,60,36,52,42,49,73,46,46,38,45,71,71,67
[ 33.788974] wil6210-aoa$0,1606461633.118898,04:d6:aa:c1:38:97,2,1,1,0,128,299,941,742,753,888,953,892,187,646,179,74,200,790,6,235,600,894,919,348,863,169,858,727,6,239,382,55,186,347,51,358,77,59,101,92,96,74,86,58,58,83,80,72,48,57,53,101,60,85,68,60,61,38,56,46,53,78,51,50,43,50,77,80,75
[ 33.820000] wil6210-aoa$0,1606461633.149926,04:d6:aa:c1:38:97,2,1,1,0,128,294,940,779,801,951,23,397,420,184,398,32,198,811,48,636,393,869,904,410,925,724,49,699,1016,210,382,1010,137,394,60,373,151,56,102,93,100,75,87,56,58,86,79,72,47,53,53,97,59,86,68,60,62,39,54,44,53,76,50,49,44,50,75,78,73
[ 33.851689] wil6210-aoa$0,1606461633.181616,04:d6:aa:c1:38:97,2,1,1,0,128,265,909,796,753,416,825,846,167,602,139,30,177,295,875,704,418,910,957,867,686,718,6,751,7,629,146,123,220,421,93,982,653,56,101,92,99,74,87,57,55,84,80,71,47,57,53,96,60,85,68,60,63,40,56,44,54,78,50,49,44,50,76,80,76
[ 33.881288] wil6210-aoa$0,1606461633.211211,04:d6:aa:c1:38:97,2,1,1,0,128,260,925,784,795,312,791,902,191,628,158,566,12,313,900,160,546,910,950,382,894,730,38,671,1012,716,173,528,15,359,9,274,62,54,100,90,96,72,84,56,55,84,80,70,47,52,51,94,59,84,67,61,62,37,56,44,52,75,48,49,44,48,76,77,75
[ 33.915040] wil6210-aoa$0,1606461633.244967,04:d6:aa:c1:38:97,2,1,1,0,128,332,946,796,768,957,2,407,370,173,373,19,174,814,42,247,628,964,1,360,922,667,14,738,65,195,352,112,193,328,32,640,386,56,98,90,96,71,83,55,57,81,79,72,48,56,51,97,60,84,67,60,61,37,56,46,55,75,53,49,44,51,79,82,75
[ 33.944186] wil6210-aoa$0,1606461633.274109,04:d6:aa:c1:38:97,2,1,1,0,128,314,967,779,767,997,40,426,406,191,422,62,188,881,76,246,611,985,980,397,902,762,50,730,1016,232,379,513,985,822,872,596,360,53,101,91,95,73,83,55,56,83,75,70,44,53,50,93,57,83,68,57,59,37,52,40,50,75,47,47,39,47,71,74,70
[ 33.977600] wil6210-aoa$0,1606461633.307527,04:d6:aa:c1:38:97,2,1,1,0,128,795,761,772,753,976,1023,327,339,595,143,593,19,793,26,187,551,911,922,370,903,676,1017,684,991,659,142,105,224,363,6,466,156,53,97,90,98,72,82,53,54,83,78,68,43,53,52,91,56,80,67,57,60,36,52,42,51,71,47,47,41,48,74,77,72
[ 34.007551] wil6210-aoa$0,1606461633.337476,04:d6:aa:c1:38:97,2,1,1,0,128,780,751,256,570,951,997,385,349,645,183,496,996,218,837,179,555,373,783,856,730,157,872,697,1017,231,370,590,33,865,898,786,617,52,99,91,96,70,80,52,56,79,71,70,42,50,48,86,55,79,66,55,58,34,48,41,48,70,43,43,37,41,67,69,64
[ 34.042850] wil6210-aoa$0,1606461633.372775,04:d6:aa:c1:38:97,2,1,1,0,128,724,681,138,545,407,829,401,398,164,386,41,190,825,71,200,584,878,952,363,880,761,43,729,43,203,407,121,240,881,895,826,623,50,100,88,95,70,79,50,53,78,68,66,40,46,48,85,54,76,59,53,52,31,45,36,43,64,37,36,32,37,59,57,53
[ 34.078619] wil6210-aoa$0,1606461633.408546,04:d6:aa:c1:38:97,2,1,1,0,128,297,931,772,790,932,9,367,398,175,390,561,17,259,875,168,535,881,915,402,952,663,8,721,33,187,407,110,252,365,18,837,659,57,104,96,100,75,87,58,58,84,81,71,47,55,52,96,60,86,71,62,63,36,56,46,54,75,52,50,44,49,76,81,75
[ 34.107663] wil6210-aoa$0,1606461633.437588,04:d6:aa:c1:38:97,2,1,1,0,128,330,956,799,780,978,5,457,442,102,376,1019,160,847,39,278,638,900,931,326,906,667,12,738,24,223,383,92,208,367,29,858,662,58,106,95,100,76,88,57,59,84,80,73,47,56,55,94,57,87,68,61,63,37,55,43,51,75,50,47,43,50,75,78,71
[ 34.142644] wil6210-aoa$0,1606461633.472569,04:d6:aa:c1:38:97,2,1,1,0,128,338,933,807,774,944,1020,414,384,177,378,59,188,891,89,183,553,959,1007,341,853,812,62,686,996,286,413,79,227,343,17,747,554,55,103,93,100,75,85,55,57,83,74,68,44,53,49,90,56,85,68,56,60,36,52,39,48,73,46,46,39,45,72,70,66
[ 34.173290] wil6210-aoa$0,1606461633.503218,04:d6:aa:c1:38:97,2,1,1,0,128,334,949,781,805,920,1014,402,418,178,389,121,220,830,73,187,565,930,983,410,948,731,20,750,50,226,389,114,229,395,53,60,837,53,100,92,97,73,82,53,55,79,75,70,42,52,48,88,57,81,65,56,59,35,51,39,49,72,45,45,38,46,71,71,67
[ 34.200131] wil6210-aoa$0,1606461633.530058,04:d6:aa:c1:38:97,2,1,1,0,128,317,957,805,753,913,976,379,335,193,406,95,211,812,54,261,637,912,955,401,920,710,20,736,17,164,318,121,240,380,44,198,843,57,99,91,98,76,86,57,57,84,79,70,48,56,51,96,58,85,70,61,62,39,54,46,53,76,52,50,43,49,77,79,73
[ 34.227629] wil6210-aoa$0,1606461633.557553,04:d6:aa:c1:38:97,2,1,1,0,128,747,705,794,787,915,980,445,409,156,386,17,196,822,31,245,635,884,934,380,910,731,38,716,17,196,372,104,226,372,32,997,777,55,101,90,94,75,86,55,56,82,78,71,45,56,53,94,57,85,68,59,60,37,53,43,54,75,50,47,41,48,76,77,72
[ 34.262853] wil6210-aoa$0,1606461633.592776,04:d6:aa:c1:38:97,2,1,1,0,128,284,938,773,772,974,6,851,166,651,166,58,193,315,893,217,571,908,942,377,933,749,55,763,42,205,403,128,235,362,1018,493,309,54,98,93,97,70,83,55,54,84,78,70,47,54,52,96,59,85,67,59,60,37,54,43,53,76,51,49,41,49,76,76,72
[ 34.290239] wil6210-aoa$0,1606461633.620166,04:d6:aa:c1:38:97,2,1,1,0,128,359,967,799,750,933,1011,426,400,144,324,487,996,265,873,178,576,905,961,370,902,738,49,667,7,200,381,1014,134,368,31,212,962,54,103,89,95,71,83,55,53,83,76,70,45,52,53,92,56,82,66,59,60,36,54,42,51,71,48,47,41,48,75,74,70
[ 34.320873] wil6210-aoa$0,1606461633.650797,04:d6:aa:c1:38:97,2,1,1,0,128,810,743,806,796,946,10,455,399,157,361,53,189,808,15,165,560,923,954,326,834,715,1023,743,1016,654,159,542,11,383,42,319,111,54,99,92,95,72,82,54,56,82,79,68,45,54,53,94,57,85,69,59,61,37,53,43,50,73,47,47,43,48,74,75,72
[ 34.355692] wil6210-aoa$0,1606461633.685620,04:d6:aa:c1:38:97,2,1,1,2,128,810,743,806,796,946,10,455,399,157,361,53,189,808,15,165,560,923,954,326,834,715,1023,743,1016,654,159,542,11,383,42,319,111,54,103,89,95,71,83,55,53,83,76,70,45,52,53,92,56,82,66,59,60,36,54,42,51,71,48,47,41,48,75,74,70
[ 34.387209] wil6210-aoa$0,1606461633.717134,04:d6:aa:c1:38:97,2,1,1,0,128,245,881,774,761,946,1013,415,419,140,297,94,166,836,60,162,521,328,727,417,920,714,1023,709,993,715,191,68,160,381,26,364,93,52,99,87,93,70,80,53,53,80,75,67,43,51,50,87,53,77,64,57,56,33,50,40,48,69,46,42,35,43,66,69,62
[ 34.422545] wil6210-aoa$0,1606461633.752469,04:d6:aa:c1:38:97,2,1,1,0,128,745,723,790,767,988,0,440,404,634,165,497,974,281,857,210,564,910,933,897,736,730,32,681,1018,231,367,111,210,853,843,473,261,51,97,89,95,68,80,54,56,80,75,65,40,50,47,86,55,79,64,55,54,34,47,38,47,67,43,41,34,41,65,65,58
[ 34.451104] wil6210-aoa$0,1606461633.781031,04:d6:aa:c1:38:97,2,1,1,0,128,312,942,812,784,974,10,409,406,190,393,83,188,867,76,275,604,932,973,392,934,803,48,718,1,235,389,97,207,377,15,534,297,54,100,88,94,72,83,56,55,80,76,68,44,53,50,93,58,85,66,59,61,36,53,42,51,74,49,47,40,48,72,74,69
[ 34.483876] wil6210-aoa$0,1606461633.813804,04:d6:aa:c1:38:97,2,1,1,0,128,228,920,194,594,966,1016,506,454,237,418,92,211,894,43,158,517,889,952,873,705,738,26,747,23,209,354,149,238,353,46,198,966,57,101,97,98,75,86,58,58,85,80,72,46,56,55,97,59,87,70,61,62,38,55,45,51,76,52,50,43,51,77,78,76
[ 34.511253] wil6210-aoa$0,1606461633.841181,04:d6:aa:c1:38:97,2,1,1,0,128,307,920,800,787,970,25,409,401,215,424,62,228,818,110,239,616,922,975,407,968,790,70,737,2,203,369,89,256,388,34,560,222,56,103,95,100,73,87,56,58,83,80,73,46,55,53,95,58,86,69,60,65,39,55,44,55,77,51,50,43,50,78,78,74
[ 34.538680] wil6210-aoa$0,1606461633.868609,04:d6:aa:c1:38:97,2,1,1,0,128,318,950,763,733,982,28,428,445,242,425,15,168,284,882,214,579,884,966,340,890,730,42,746,25,211,333,109,234,339,20,591,335,48,87,78,84,64,73,49,48,71,67,62,39,48,46,81,50,73,59,50,52,31,46,39,46,62,41,40,37,42,63,67,62
[ 34.568302] wil6210-aoa$0,1606461633.898226,04:d6:aa:c1:38:97,2,1,1,0,128,290,921,324,650,938,1000,418,389,185,360,64,217,293,913,626,353,358,739,881,758,749,43,702,1005,168,308,124,228,309,1021,950,694,56,104,96,99,75,86,59,57,85,82,70,47,55,53,95,58,85,69,62,62,38,56,44,51,74,50,48,44,49,74,77,74
[ 34.640834] wil6210-aoa$0,1606461633.970761,04:d6:aa:c1:38:97,2,1,1,0,128,293,946,262,601,896,978,377,353,170,367,6,139,877,117,166,613,903,989,376,902,728,39,121,832,707,222,64,203,357,60,103,938,50,99,89,95,69,80,51,53,80,73,64,39,49,48,84,53,78,63,54,54,34,44,37,44,66,39,40,34,38,62,64,58
[ 34.674553] wil6210-aoa$0,1606461634.004482,04:d6:aa:c1:38:97,2,1,1,0,128,350,924,778,785,906,981,355,347,631,176,91,177,840,46,162,534,303,724,846,671,217,868,750,38,166,356,57,168,328,6,119,919,54,99,91,95,73,82,55,55,82,76,69,45,52,50,91,56,80,66,56,57,35,49,39,46,70,43,44,37,43,69,69,61
[ 34.705409] wil6210-aoa$0,1606461634.035333,04:d6:aa:c1:38:97,2,1,1,0,128,688,682,260,575,399,802,953,239,610,171,106,230,770,999,620,331,393,763,854,689,145,836,183,826,714,161,129,221,387,32,105,1016,54,101,89,95,71,85,55,56,83,77,69,43,53,51,96,56,82,66,58,61,37,54,42,51,73,48,48,41,47,74,77,73
[ 34.738322] wil6210-aoa$0,1606461634.068249,04:d6:aa:c1:38:97,2,1,1,0,128,759,703,192,573,424,827,908,181,143,337,81,235,796,45,212,562,912,916,412,966,679,15,666,5,254,372,81,204,336,6,785,585,57,99,90,95,73,83,54,56,83,79,72,48,56,52,96,60,85,65,58,60,37,54,44,52,75,52,50,42,51,76,79,74
[ 34.771074] wil6210-aoa$0,1606461634.101002,04:d6:aa:c1:38:97,2,1,1,0,128,225,878,257,610,322,750,930,244,606,135,584,64,801,19,150,567,919,945,355,903,200,840,235,915,629,138,134,230,806,824,514,359,52,103,91,98,70,81,53,55,82,78,69,44,54,52,90,55,83,68,58,59,34,50,41,49,71,47,45,39,45,68,73,67
[ 34.798832] wil6210-aoa$0,1606461634.128760,04:d6:aa:c1:38:97,2,1,1,0,128,224,893,801,794,942,1006,391,368,157,360,61,227,810,36,216,589,871,972,361,908,745,58,736,68,226,379,155,282,346,9,589,330,57,99,90,95,71,83,56,54,82,79,68,47,54,53,96,57,85,68,60,61,38,55,43,53,75,52,50,44,51,77,79,73
[ 34.831079] wil6210-aoa$0,1606461634.161001,04:d6:aa:c1:38:97,2,1,1,0,128,263,893,217,567,369,820,904,207,599,121,501,8,281,829,643,331,350,743,791,668,144,812,278,895,179,378,543,33,858,902,217,98,50,103,89,95,68,77,52,54,77,74,69,41,48,48,89,55,79,65,56,58,34,50,40,47,69,44,44,37,44,67,68,64
[ 34.858446] wil6210-aoa$0,1606461634.188373,04:d6:aa:c1:38:97,2,1,1,0,128,736,748,738,753,365,823,380,389,620,164,512,992,318,946,184,521,922,966,864,743,683,1020,749,53,205,356,59,232,353,35,926,690,56,101,90,96,70,84,55,54,83,77,70,43,52,51,91,58,80,65,58,61,35,50,42,50,69,46,45,38,47,70,73,69
[ 34.890452] wil6210-aoa$0,1606461634.220377,04:d6:aa:c1:38:97,2,1,1,0,128,754,718,219,612,948,1001,920,266,214,442,95,194,782,8,216,553,323,741,442,903,756,24,700,1000,657,154,69,195,319,25,330,192,55,105,93,99,74,84,57,57,84,80,71,46,54,53,96,59,85,67,59,62,38,54,42,52,76,51,47,42,50,76,78,73
[ 34.924164] wil6210-aoa$0,1606461634.254092,04:d6:aa:c1:38:97,2,1,1,0,128,268,889,812,782,933,991,427,440,140,378,50,216,815,38,145,517,379,773,416,922,732,38,721,35,233,396,90,207,808,873,975,794,48,88,80,84,64,73,49,49,72,68,61,39,48,45,82,51,70,56,51,51,32,44,36,44,64,41,40,37,41,63,64,60
[ 34.956853] wil6210-aoa$0,1606461634.286780,04:d6:aa:c1:38:97,2,1,1,0,128,266,950,776,795,343,801,914,190,684,199,114,200,852,74,665,423,356,770,318,870,155,835,744,29,646,134,593,24,325,1003,754,506,54,101,93,98,72,84,55,59,82,76,69,43,51,51,88,54,82,68,58,59,36,51,39,48,73,46,44,40,45,70,69,65
[ 34.987162] wil6210-aoa$0,1606461634.317084,04:d6:aa:c1:38:97,2,1,1,0,128,329,929,770,777,955,969,895,220,148,327,24,193,839,93,97,523,925,960,363,889,725,36,708,30,239,401,157,271,386,92,252,11,57,102,91,96,76,84,55,56,83,78,70,46,56,51,95,56,84,67,59,59,36,53,42,50,73,47,46,42,44,70,74,70
[ 35.022566] wil6210-aoa$0,1606461634.352490,04:d6:aa:c1:38:97,2,1,1,0,128,745,702,303,660,993,45,371,374,180,395,33,220,788,33,265,624,943,979,432,947,735,54,706,997,248,392,151,224,340,12,465,239,56,100,89,98,72,86,55,55,85,77,70,47,56,54,96,58,83,65,60,62,36,52,42,52,76,50,48,43,49,76,77,75
[ 35.053799] wil6210-aoa$0,1606461634.383727,04:d6:aa:c1:38:97,2,1,1,0,128,266,902,849,826,900,993,893,221,137,350,74,186,885,97,249,625,895,926,359,914,643,956,144,827,214,395,87,259,341,37,121,903,56,100,90,97,74,84,54,55,82,77,71,46,54,51,91,56,82,67,60,60,36,52,43,50,75,49,45,40,48,72,76,70
[ 35.081522] wil6210-aoa$0,1606461634.411450,04:d6:aa:c1:38:97,2,1,1,0,128,751,732,221,602,975,1018,403,396,128,338,430,1003,281,894,602,337,349,790,853,712,194,903,735,1,250,372,611,65,817,846,835,682,52,99,88,93,72,82,54,54,81,77,69,46,55,50,91,58,83,66,60,59,37,55,43,51,74,52,48,42,50,74,76,72
[ 35.109552] wil6210-aoa$0,1606461634.439479,04:d6:aa:c1:38:97,2,1,1,0,128,270,902,250,621,969,1018,841,206,140,365,539,24,267,887,188,594,852,922,409,926,734,40,758,65,160,318,533,5,831,809,264,68,51,102,90,96,70,81,53,54,80,75,68,39,49,48,87,53,77,64,56,55,33,48,37,46,69,42,41,35,41,68,65,60
[ 35.142840] wil6210-aoa$0,1606461634.472767,04:d6:aa:c1:38:97,2,1,1,0,128,772,731,774,832,962,3,432,442,165,377,94,251,791,33,226,633,937,985,374,930,717,45,747,68,180,372,148,247,367,60,574,238,54,101,89,96,71,82,55,54,83,78,70,45,53,52,92,57,83,68,58,60,35,53,43,51,73,46,46,42,47,71,75,71
[ 35.170415] wil6210-aoa$0,1606461634.500342,04:d6:aa:c1:38:97,2,1,1,0,128,286,928,763,817,951,1009,881,213,162,340,112,236,851,50,704,436,937,969,389,930,730,42,731,42,188,302,652,75,408,65,947,595,53,101,91,98,70,82,55,56,80,76,66,41,50,49,87,54,81,67,55,57,33,46,39,45,70,42,42,37,41,64,68,62
[ 35.202052] wil6210-aoa$0,1606461634.531977,04:d6:aa:c1:38:97,2,1,1,0,128,348,945,183,520,396,836,942,249,620,186,500,1002,820,33,199,556,869,943,379,891,177,849,141,793,685,168,531,1017,889,873,822,687,53,97,90,97,71,82,55,56,80,74,69,44,51,48,91,57,83,66,59,59,35,51,41,51,74,50,48,40,48,73,77,72
[ 35.230835] wil6210-aoa$0,1606461634.560763,04:d6:aa:c1:38:97,2,1,1,0,128,302,912,200,560,408,777,820,137,648,167,498,996,286,880,669,413,888,931,386,894,769,34,215,896,261,403,82,223,368,27,393,131,56,99,89,94,74,84,57,55,83,78,70,46,52,51,95,59,84,68,60,60,38,55,42,53,77,51,48,43,49,75,78,73
[ 35.262328] wil6210-aoa$0,1606461634.592251,04:d6:aa:c1:38:97,2,1,1,0,128,314,955,781,794,387,803,956,235,181,358,46,179,837,69,184,581,908,917,825,693,732,1,790,15,180,337,73,179,807,866,548,417,53,101,89,96,72,82,54,54,83,78,70,46,52,51,95,56,86,66,59,62,37,54,43,50,74,47,48,41,48,73,76,68
[ 35.290929] wil6210-aoa$0,1606461634.620857,04:d6:aa:c1:38:97,2,1,1,0,128,742,720,767,756,944,1016,361,362,133,320,77,224,768,11,617,366,381,775,872,740,751,1021,729,54,212,402,67,208,363,39,375,175,55,99,94,96,73,80,56,57,79,75,70,41,53,50,90,54,80,65,59,58,35,50,42,47,69,46,41,37,44,68,66,63
[ 35.321858] wil6210-aoa$0,1606461634.651781,04:d6:aa:c1:38:97,2,1,1,0,128,789,781,818,814,981,17,469,442,210,436,54,188,863,71,197,594,938,993,369,931,706,46,750,1017,282,423,109,221,411,60,371,85,55,104,93,99,74,85,56,59,82,78,70,42,53,51,90,57,84,68,59,60,36,52,41,49,72,48,44,41,47,71,73,67
[ 35.356246] wil6210-aoa$0,1606461634.686173,04:d6:aa:c1:38:97,2,1,1,0,128,272,918,853,822,891,998,499,448,131,331,99,238,838,50,227,570,871,905,369,887,723,29,677,6,158,336,82,228,360,35,541,298,56,104,93,99,71,85,54,55,81,77,70,42,52,52,91,54,79,65,58,58,35,49,41,48,69,44,43,37,44,67,69,63
[ 35.388592] wil6210-aoa$0,1606461634.718515,04:d6:aa:c1:38:97,2,1,1,0,128,286,933,739,751,973,995,367,375,595,158,96,224,811,37,674,388,873,936,845,729,694,5,134,828,679,176,600,35,374,42,480,176,51,103,94,100,72,81,55,57,78,74,69,40,50,47,83,52,77,64,54,56,34,47,37,46,68,42,41,35,40,64,65,60
[ 35.421693] wil6210-aoa$0,1606461634.751620,04:d6:aa:c1:38:97,2,1,1,0,128,238,907,199,579,909,999,492,428,159,333,88,206,802,44,141,593,935,989,852,731,774,90,699,7,214,354,74,199,407,65,568,278,52,102,92,94,70,82,55,57,81,76,67,43,52,48,88,55,80,64,54,57,34,49,38,47,69,42,41,35,42,66,65,62
[ 35.449149] wil6210-aoa$0,1606461634.779076,04:d6:aa:c1:38:97,2,1,1,0,128,310,941,721,779,918,1003,442,411,591,158,63,249,857,84,293,673,898,994,341,878,751,38,722,26,255,394,135,245,354,13,612,414,53,98,92,98,72,85,54,54,82,78,68,44,52,50,94,58,83,68,60,61,36,53,43,51,74,50,47,41,49,76,76,70
[ 35.483647] wil6210-aoa$0,1606461634.813574,04:d6:aa:c1:38:97,2,1,1,0,128,288,924,786,776,919,974,433,351,199,361,1010,200,851,79,158,552,841,897,390,870,731,1023,700,1012,726,210,108,250,424,96,160,941,52,104,90,96,68,78,55,53,76,72,67,40,48,48,85,53,78,64,54,53,32,45,35,44,68,39,40,34,38,62,62,58
[ 35.512005] wil6210-aoa$0,1606461634.841933,04:d6:aa:c1:38:97,2,1,1,0,128,289,941,795,765,960,1021,490,436,148,357,38,215,875,35,207,602,890,966,405,908,779,50,754,48,210,377,132,215,407,18,1005,755,55,101,90,96,70,83,53,55,81,75,73,45,53,51,93,58,80,66,60,60,37,54,41,51,73,47,45,41,46,72,76,72
[ 35.540565] wil6210-aoa$0,1606461634.870491,04:d6:aa:c1:38:97,2,1,1,0,128,768,749,722,740,921,1012,367,386,120,353,28,151,855,73,666,393,374,770,828,660,732,32,136,823,672,149,608,36,381,12,235,69,51,100,91,96,72,83,55,56,81,77,69,43,54,52,92,55,83,66,58,60,35,52,41,48,72,46,45,38,46,72,70,66
[ 35.572296] wil6210-aoa$0,1606461634.902221,04:d6:aa:c1:38:97,2,1,1,0,128,269,919,730,761,928,1009,422,398,183,353,52,196,828,42,573,320,373,794,374,908,759,47,216,924,269,399,96,230,349,46,281,132,55,98,89,96,74,84,54,55,82,77,68,43,54,51,94,55,83,67,59,61,37,54,42,52,74,49,47,41,49,76,75,71
[ 35.600853] wil6210-aoa$0,1606461634.930779,04:d6:aa:c1:38:97,2,1,1,0,128,316,932,764,779,930,1006,375,371,195,375,86,212,851,71,122,546,850,934,376,899,732,75,804,72,228,404,101,202,391,94,638,312,54,101,92,96,72,83,53,55,79,74,69,41,50,50,90,54,79,65,56,57,33,47,40,48,70,43,44,38,42,67,71,66
[ 35.632111] wil6210-aoa$0,1606461634.962034,04:d6:aa:c1:38:97,2,1,1,0,128,240,903,732,726,376,816,875,167,175,368,17,182,299,886,160,557,937,960,308,863,702,18,707,1016,643,140,600,5,866,850,487,293,51,100,90,98,69,80,52,54,80,75,68,39,51,49,85,53,77,63,57,55,34,47,38,45,68,43,42,35,43,68,70,60
[ 35.661449] wil6210-aoa$0,1606461634.991376,04:d6:aa:c1:38:97,2,1,1,0,128,335,950,820,817,935,6,382,373,156,350,68,202,806,37,135,546,369,794,815,694,795,79,791,42,182,319,157,246,352,15,141,939,52,97,90,96,69,81,53,55,80,75,65,41,51,48,87,56,78,65,56,57,35,49,38,48,69,45,43,38,42,67,69,61
[ 35.689370] wil6210-aoa$0,1606461635.019297,04:d6:aa:c1:38:97,2,1,1,0,128,315,963,851,834,913,9,393,408,161,403,92,234,805,21,203,575,872,932,851,751,686,22,769,72,218,350,85,217,367,44,176,860,53,100,89,98,71,83,52,55,80,74,70,44,53,50,92,57,81,66,56,59,36,50,41,50,71,47,45,39,47,71,75,68
[ 35.722995] wil6210-aoa$0,1606461635.052921,04:d6:aa:c1:38:97,2,1,1,0,128,273,917,760,701,403,807,826,137,645,131,521,999,836,15,215,571,876,956,377,921,709,1017,681,0,183,373,576,82,307,9,978,741,43,88,80,82,61,68,47,49,70,63,58,37,43,42,76,47,69,55,48,49,30,42,34,40,59,37,35,32,37,60,57,52
[ 35.751989] wil6210-aoa$0,1606461635.081916,04:d6:aa:c1:38:97,2,1,1,0,128,310,953,759,797,904,3,404,421,225,417,31,223,851,37,257,627,930,935,319,841,801,75,751,32,189,379,80,230,389,68,229,949,55,102,90,97,72,85,58,55,82,77,71,46,55,51,92,57,85,67,58,61,36,55,44,50,73,50,48,41,48,76,76,74
[ 35.779945] wil6210-aoa$0,1606461635.109872,04:d6:aa:c1:38:97,2,1,1,0,128,303,961,799,815,928,1002,455,439,163,372,60,228,848,61,269,644,984,994,465,934,749,38,736,9,232,372,578,6,377,77,2,810,55,104,94,98,74,87,54,57,81,78,71,43,53,52,93,58,85,70,59,61,37,53,43,52,74,49,49,41,49,75,78,72
[ 35.813467] wil6210-aoa$0,1606461635.143395,04:d6:aa:c1:38:97,2,1,1,0,128,300,940,749,756,928,953,406,427,135,327,30,223,837,27,135,565,827,904,795,696,235,893,744,13,742,185,184,313,359,51,8,806,54,101,90,95,73,85,56,57,82,78,69,45,54,51,92,57,83,66,58,61,37,53,41,52,73,50,47,43,47,74,75,69
[ 35.847260] wil6210-aoa$0,1606461635.177182,04:d6:aa:c1:38:97,2,1,1,0,128,264,882,799,793,919,971,476,433,180,381,102,242,846,73,218,624,915,1001,398,937,641,1,753,56,188,352,136,245,417,70,310,41,56,100,88,93,72,86,56,56,82,80,70,47,56,53,95,59,84,66,61,63,39,57,47,56,77,52,50,44,53,79,85,80
[ 35.884418] wil6210-aoa$0,1606461635.214343,04:d6:aa:c1:38:97,2,1,1,0,128,799,762,769,736,438,850,865,170,662,205,525,1007,296,865,679,366,910,988,366,898,728,21,138,815,737,157,100,200,849,849,969,823,55,102,89,95,73,83,55,55,83,76,71,46,53,52,95,56,85,67,60,60,35,53,41,52,73,48,47,41,47,73,77,71
[ 35.918653] wil6210-aoa$0,1606461635.248580,04:d6:aa:c1:38:97,2,1,1,0,128,791,753,718,709,949,977,376,385,144,326,471,14,315,874,621,359,316,742,824,713,200,863,681,32,212,382,541,13,405,98,532,282,55,99,90,94,71,82,54,56,79,75,68,41,53,50,90,54,79,65,59,59,35,50,40,50,70,47,42,39,43,71,69,63
[ 35.952327] wil6210-aoa$0,1606461635.282254,04:d6:aa:c1:38:97,2,1,1,0,128,338,926,757,793,973,1006,885,189,151,348,463,1002,869,77,172,573,921,985,365,916,737,60,729,38,254,384,46,209,340,19,896,721,53,99,90,96,72,82,55,56,81,75,70,44,52,51,93,56,83,66,58,59,37,52,40,51,74,48,46,41,46,73,75,71
[ 35.980759] wil6210-aoa$0,1606461635.310686,04:d6:aa:c1:38:97,2,1,1,0,128,295,948,806,789,916,1010,493,440,111,357,63,165,818,67,210,584,953,1002,412,917,754,42,712,27,238,391,143,247,460,122,156,887,54,98,89,96,72,85,55,54,82,77,71,46,56,52,94,57,83,66,60,60,40,56,45,53,76,51,49,44,50,77,81,76
[ 36.014738] wil6210-aoa$0,1606461635.344662,04:d6:aa:c1:38:97,2,1,1,0,128,280,940,749,779,887,979,448,429,140,345,1011,169,885,74,262,620,854,909,830,695,724,17,774,62,150,321,96,240,397,19,852,555,52,100,92,94,72,82,54,57,80,75,69,43,53,48,90,58,83,66,57,59,36,51,42,48,73,47,44,39,46,71,72,65
[ 36.051638] wil6210-aoa$0,1606461635.381562,04:d6:aa:c1:38:97,2,1,1,0,128,269,888,794,758,974,1006,434,392,150,367,61,200,823,58,197,570,933,994,405,901,703,992,170,823,269,380,101,220,324,33,449,226,55,98,90,93,72,84,55,55,83,79,70,46,54,53,93,58,83,67,60,61,38,55,42,52,75,51,48,43,50,76,79,74
[ 36.086151] wil6210-aoa$0,1606461635.416077,04:d6:aa:c1:38:97,2,1,1,0,128,786,741,759,789,959,27,435,405,179,381,19,156,846,87,196,591,934,965,372,911,717,26,150,828,254,353,607,63,327,21,1002,870,53,101,90,96,70,81,55,55,82,75,67,42,54,51,88,54,82,65,56,59,35,51,39,49,72,47,45,39,47,71,73,66
[ 36.120667] wil6210-aoa$0,1606461635.450592,04:d6:aa:c1:38:97,2,1,1,0,128,265,917,814,802,982,1014,412,397,185,392,61,225,823,67,266,667,960,1016,391,934,778,52,739,7,269,386,75,216,355,39,733,483,55,100,91,97,73,81,56,57,81,76,69,44,52,50,91,54,82,66,57,57,35,51,40,47,70,45,41,37,44,68,67,62
[ 36.153367] wil6210-aoa$0,1606461635.483295,04:d6:aa:c1:38:97,2,1,1,0,128,287,936,768,784,971,35,391,391,226,430,50,182,866,107,181,557,925,966,378,932,696,25,797,55,247,381,150,278,407,74,779,454,55,101,95,100,74,87,58,58,83,77,70,46,54,52,95,58,86,69,59,60,36,54,43,49,75,49,47,40,48,73,77,70
[ 36.182162] wil6210-aoa$0,1606461635.512089,04:d6:aa:c1:38:97,2,1,1,0,128,306,937,777,766,960,990,422,391,201,387,473,966,329,894,604,347,393,751,845,709,776,70,692,1018,233,373,123,274,323,1023,739,525,54,101,92,98,74,84,56,57,82,78,69,44,54,51,91,57,85,67,58,61,36,51,41,52,74,48,45,41,47,73,74,71
[ 36.211364] wil6210-aoa$0,1606461635.541292,04:d6:aa:c1:38:97,2,1,1,0,128,251,897,785,789,931,993,866,178,164,336,102,210,814,32,176,590,915,966,388,954,681,25,701,27,678,192,122,259,355,44,291,58,53,105,94,99,72,86,55,57,83,79,71,46,51,51,93,58,84,65,60,60,38,53,41,51,73,47,45,40,48,73,72,67
[ 36.245615] wil6210-aoa$0,1606461635.575542,04:d6:aa:c1:38:97,2,1,1,0,128,262,912,748,767,975,9,872,230,180,392,41,227,903,117,150,576,890,965,830,696,781,35,115,798,739,188,596,39,811,861,916,749,50,98,88,95,66,76,49,55,77,72,66,37,47,48,86,52,76,63,52,53,32,44,34,43,67,39,39,34,37,60,61,56
[ 36.277270] wil6210-aoa$0,1606461635.607194,04:d6:aa:c1:38:97,2,1,1,0,128,299,947,786,810,931,992,421,397,101,334,14,202,280,887,183,615,868,933,395,929,683,1003,725,8,217,405,63,197,324,8,146,862,52,98,89,97,71,80,54,56,79,75,69,42,52,50,90,56,82,66,57,60,36,50,40,49,73,44,46,40,45,70,70,64
[ 36.313262] wil6210-aoa$0,1606461635.643189,04:d6:aa:c1:38:97,2,1,1,0,128,793,758,764,767,900,1005,397,373,173,370,48,188,802,56,140,561,308,730,850,719,152,864,696,1011,166,315,595,18,899,918,1001,686,54,99,90,97,71,82,51,54,80,74,67,43,52,49,87,57,81,63,56,56,35,51,37,47,70,44,40,37,43,64,66,61
[ 36.346508] wil6210-aoa$0,1606461635.676431,04:d6:aa:c1:38:97,2,1,1,0,128,269,879,840,817,886,953,440,425,142,310,124,220,832,21,161,571,885,935,888,728,770,42,728,18,704,162,130,204,428,83,355,51,52,102,88,92,68,79,51,52,78,72,68,40,50,48,87,53,76,62,56,56,33,44,38,44,66,41,40,33,39,63,66,56
[ 36.380712] wil6210-aoa$0,1606461635.710639,04:d6:aa:c1:38:97,2,1,1,0,128,290,899,752,714,933,1010,385,359,163,393,15,190,883,62,208,613,925,962,332,916,105,839,123,811,633,160,534,1011,858,907,246,110,55,100,89,95,71,83,56,57,82,75,70,44,53,51,93,55,84,66,58,60,35,52,42,51,73,49,46,43,47,74,76,70
[ 36.415300] wil6210-aoa$0,1606461635.745227,04:d6:aa:c1:38:97,2,1,1,0,128,277,913,805,725,918,958,404,397,136,351,41,179,282,911,682,370,895,928,891,704,156,883,145,821,701,181,590,32,864,890,913,724,53,98,90,94,72,81,55,56,79,76,68,42,51,49,89,55,79,65,57,58,35,51,39,48,72,45,43,39,45,70,70,66
[ 36.448230] wil6210-aoa$0,1606461635.778152,04:d6:aa:c1:38:97,2,1,1,0,128,276,927,720,722,396,802,335,323,635,164,504,973,272,886,198,557,935,984,828,705,162,842,154,807,720,192,603,33,429,115,749,543,51,99,89,95,68,79,52,55,78,74,66,41,49,50,87,54,80,63,56,56,33,51,38,46,69,44,43,37,42,67,69,65
[ 36.483513] wil6210-aoa$0,1606461635.813440,04:d6:aa:c1:38:97,2,1,1,0,128,266,912,793,791,905,969,381,414,171,365,47,171,926,113,136,528,926,928,313,830,236,902,697,988,671,156,111,205,373,21,856,659,53,98,88,95,70,81,54,56,79,74,66,42,52,49,90,55,80,64,58,58,35,50,41,49,69,47,46,40,45,70,72,71
[ 36.517813] wil6210-aoa$0,1606461635.847738,04:d6:aa:c1:38:97,2,1,1,0,128,286,933,180,561,972,990,891,213,662,210,48,216,295,909,679,396,925,964,383,925,695,990,774,16,252,369,551,31,834,875,912,743,54,98,90,94,70,83,55,54,82,74,68,46,52,52,92,58,83,67,57,61,37,53,44,51,73,50,48,41,48,76,80,71
[ 36.555707] wil6210-aoa$0,1606461635.885631,04:d6:aa:c1:38:97,2,1,1,0,128,296,930,225,590,359,800,915,278,88,312,26,187,219,860,188,561,872,930,372,882,169,891,760,19,289,409,113,198,369,11,217,31,54,104,90,95,71,82,54,56,81,76,69,41,51,52,91,57,80,65,56,58,34,49,42,50,71,46,44,39,46,67,74,69
[ 36.598338] wil6210-aoa$0,1606461635.928266,04:d6:aa:c1:38:97,2,1,1,0,128,747,721,255,642,368,793,871,195,658,190,93,216,799,1012,170,542,950,974,802,691,208,852,703,20,231,372,94,210,853,839,547,394,57,103,95,98,77,86,56,57,82,78,71,47,55,54,97,59,86,69,59,62,38,55,45,52,77,50,49,43,49,71,77,73
[ 36.631997] wil6210-aoa$0,1606461635.961923,04:d6:aa:c1:38:97,2,1,1,0,128,796,754,761,767,403,828,463,423,162,395,65,196,801,31,188,572,950,973,290,841,757,54,724,30,732,209,118,233,434,69,519,279,55,103,91,97,73,84,55,54,81,76,71,43,52,51,92,55,81,66,57,60,35,53,42,52,74,47,46,40,46,73,73,70
[ 36.661094] wil6210-aoa$0,1606461635.991017,04:d6:aa:c1:38:97,2,1,1,0,128,282,948,764,783,432,871,412,395,206,423,50,203,791,1,713,372,362,772,438,964,145,850,182,867,189,341,134,215,450,97,718,454,52,100,88,96,71,82,55,57,80,77,68,43,53,50,90,57,81,65,57,58,34,50,41,49,68,43,43,38,44,71,71,66
[ 36.694719] wil6210-aoa$0,1606461636.024645,04:d6:aa:c1:38:97,2,1,1,0,128,356,999,792,776,969,984,455,427,113,322,44,177,812,9,172,548,901,941,319,845,671,1022,633,972,241,359,592,54,417,56,51,783,55,100,90,97,72,80,53,55,82,75,71,45,51,52,92,55,81,68,59,60,36,51,42,48,72,45,44,38,47,70,71,67
[ 36.723620] wil6210-aoa$0,1606461636.053546,04:d6:aa:c1:38:97,2,1,1,0,128,282,929,804,794,968,1008,459,457,114,378,13,175,797,1016,628,348,952,1010,389,919,719,41,739,40,220,401,35,236,318,32,22,852,53,100,92,97,70,80,54,55,81,76,70,42,51,50,92,55,82,63,58,58,34,51,40,49,71,45,45,39,44,69,71,66
[ 36.761750] wil6210-aoa$0,1606461636.091671,04:d6:aa:c1:38:97,2,1,1,0,128,810,764,779,781,902,986,881,189,719,202,72,218,805,31,198,606,824,918,357,899,747,27,718,1010,221,340,98,196,856,876,123,973,54,101,92,96,71,82,54,54,83,76,70,46,52,52,92,56,83,66,59,58,36,53,42,50,72,47,47,41,48,72,78,71
[ 36.797125] wil6210-aoa$0,1606461636.127052,04:d6:aa:c1:38:97,2,1,1,0,128,805,772,864,799,914,988,833,177,174,354,35,126,239,819,270,612,385,760,856,670,691,1020,753,10,671,163,90,220,367,21,139,946,53,98,90,94,72,84,55,56,81,76,68,43,55,52,91,56,81,67,58,57,36,52,39,48,73,47,44,39,46,71,73,68
[ 36.831409] wil6210-aoa$0,1606461636.161336,04:d6:aa:c1:38:97,2,1,1,0,128,266,902,722,744,934,984,376,381,176,367,30,130,817,23,195,598,947,984,362,931,156,900,806,58,248,413,106,220,373,38,999,633,53,101,90,96,70,80,52,53,77,72,69,40,51,49,84,51,79,64,55,54,32,47,36,46,68,40,40,36,39,64,65,60
[ 36.860686] wil6210-aoa$0,1606461636.190612,04:d6:aa:c1:38:97,2,1,1,0,128,801,763,249,578,943,1015,892,200,598,136,95,221,801,1020,653,366,373,796,376,909,662,1007,726,21,650,131,566,56,822,897,496,288,52,102,89,95,71,82,52,56,80,75,66,41,52,49,90,55,80,66,55,57,35,50,39,48,70,45,41,38,43,67,67,63
[ 36.895977] wil6210-aoa$0,1606461636.225904,04:d6:aa:c1:38:97,2,1,1,0,128,287,923,747,768,955,995,392,407,107,339,64,237,879,108,104,539,873,892,346,880,728,48,659,1012,734,208,592,33,423,63,454,236,53,101,90,94,72,83,53,55,80,75,69,41,52,50,90,57,81,64,56,58,35,51,41,50,72,48,46,40,46,73,72,70
[ 36.928156] wil6210-aoa$0,1606461636.258079,04:d6:aa:c1:38:97,2,1,1,0,128,271,942,761,787,906,1004,448,463,205,382,92,215,834,50,708,436,889,965,852,694,202,880,209,854,752,223,117,233,331,1,915,676,54,100,91,97,72,86,56,57,82,78,71,47,57,53,96,59,85,68,61,60,38,58,43,54,76,51,50,43,51,78,79,74
[ 36.964696] wil6210-aoa$0,1606461636.294622,04:d6:aa:c1:38:97,2,1,1,0,128,312,966,804,804,964,12,435,467,189,400,112,269,817,25,256,670,906,923,409,914,667,997,740,1,236,372,119,214,370,60,257,961,54,105,93,98,73,84,56,56,81,76,69,45,54,50,91,57,83,65,56,61,36,54,41,49,71,47,45,37,46,70,71,65
[ 36.998631] wil6210-aoa$0,1606461636.328554,04:d6:aa:c1:38:97,2,1,1,0,128,309,950,798,805,971,37,398,415,186,371,58,207,846,79,130,532,882,898,418,901,751,13,752,61,261,393,142,237,388,36,275,70,55,102,91,98,73,85,55,57,85,80,70,45,52,53,94,57,84,67,59,60,39,51,42,50,74,48,48,42,49,74,75,69
[ 37.032604] wil6210-aoa$0,1606461636.362532,04:d6:aa:c1:38:97,2,1,1,0,128,240,901,731,780,954,22,395,407,196,404,33,227,839,78,191,596,952,1013,408,940,732,93,697,1000,227,364,138,218,379,32,616,368,53,103,92,99,74,83,53,58,82,77,70,42,55,51,89,55,82,67,58,59,34,52,41,50,71,46,44,39,44,69,76,67
[ 37.061841] wil6210-aoa$0,1606461636.391768,04:d6:aa:c1:38:97,2,1,1,0,128,228,878,739,766,439,867,408,401,177,403,66,203,849,67,152,520,938,971,391,894,709,19,724,45,272,444,62,196,363,70,599,299,53,101,91,94,70,80,54,56,80,75,70,42,50,49,89,55,77,64,56,57,35,50,40,48,70,46,43,38,44,67,70,65
[ 37.091157] wil6210-aoa$0,1606461636.421084,04:d6:aa:c1:38:97,2,1,1,0,128,299,931,836,810,957,1014,453,448,155,332,17,151,834,48,154,517,917,997,430,968,777,47,775,37,164,325,127,268,334,38,606,409,54,98,90,95,71,82,57,56,81,75,70,44,52,51,94,58,80,65,57,57,35,49,40,50,72,49,45,39,47,72,72,67
[ 37.126224] wil6210-aoa$0,1606461636.456152,04:d6:aa:c1:38:97,2,1,1,0,128,298,922,800,841,950,1002,374,398,593,166,22,162,862,47,182,590,350,722,880,745,741,67,736,28,166,364,582,54,402,47,686,458,51,98,88,95,72,81,53,56,81,75,69,41,52,50,91,55,78,65,57,56,33,48,39,47,69,46,44,37,43,69,73,65
[ 37.158307] wil6210-aoa$0,1606461636.488230,04:d6:aa:c1:38:97,2,1,1,0,128,317,940,808,779,1013,5,421,382,175,338,55,152,802,16,268,619,903,899,812,689,228,868,180,837,730,167,140,234,440,48,37,755,53,99,89,97,69,79,56,55,82,74,68,42,52,50,89,53,79,65,57,57,36,51,41,49,73,47,44,40,46,72,71,66
[ 37.195004] wil6210-aoa$0,1606461636.524931,04:d6:aa:c1:38:97,2,1,1,0,128,336,935,805,767,971,1014,469,424,678,175,41,212,790,21,193,557,954,958,388,874,862,98,684,999,661,174,62,198,391,51,553,296,51,97,89,94,68,79,52,54,77,71,65,38,49,47,85,51,78,64,55,57,33,47,38,46,66,41,42,35,41,67,66,59
[ 37.229691] wil6210-aoa$0,1606461636.559618,04:d6:aa:c1:38:97,2,1,1,0,128,261,919,783,796,920,1002,371,384,612,164,71,228,856,57,649,373,334,747,857,744,146,838,695,1012,681,162,623,26,372,50,196,991,53,100,88,96,70,81,53,54,81,75,67,41,50,50,89,53,80,65,57,57,35,50,41,50,71,43,43,38,43,67,70,63
[ 37.262378] wil6210-aoa$0,1606461636.592301,04:d6:aa:c1:38:97,2,1,1,0,128,265,909,803,798,948,1009,429,397,180,370,45,204,765,28,209,572,864,945,354,918,770,72,772,53,186,346,176,313,354,48,490,128,54,99,92,95,70,83,54,54,80,75,67,45,53,51,91,58,84,66,57,59,36,53,41,50,74,48,45,42,48,73,75,72
[ 37.293963] wil6210-aoa$0,1606461636.623887,04:d6:aa:c1:38:97,2,1,1,0,128,795,750,240,576,399,824,387,371,218,423,42,188,248,854,726,389,344,751,873,727,766,75,708,2,240,418,58,217,325,1019,490,383,54,101,87,96,71,83,55,55,81,77,69,46,54,50,92,55,82,67,59,59,35,53,42,50,74,47,47,40,46,74,75,71
