
[ 28.659454] wil6210-aoa$0,1606461628.390542,04:d6:aa:c1:38:97,2,1,1,0,128,328,936,738,756,944,1007,439,406,622,159,46,170,848,73,204,581,889,947,425,946,730,59,708,32,247,387,98,238,388,57,928,694,52,97,88,94,67,78,52,52,79,74,66,42,52,48,85,53,78,64,54,58,34,47,38,47,67,42,42,34,39,63,64,59
[ 28.684297] wil6210-aoa$0,1606461628.415389,04:d6:aa:c1:38:97,2,1,1,0,128,771,741,820,785,386,812,945,258,115,349,0,172,266,852,206,580,897,937,374,892,680,992,747,37,143,303,105,201,822,882,671,491,60,108,98,104,81,91,60,63,90,85,75,49,59,56,100,62,91,73,64,66,40,58,47,55,81,56,53,46,53,81,82,78
[ 28.707740] wil6210-aoa$0,1606461628.438833,04:d6:aa:c1:38:97,2,1,1,0,128,273,880,756,740,935,992,860,162,638,151,102,188,312,882,257,599,897,952,359,899,202,880,708,1,167,352,580,3,381,36,168,982,53,99,88,95,71,81,53,58,81,74,67,44,53,50,88,56,78,65,57,58,35,52,41,50,72,46,45,37,45,70,71,63
[ 28.735836] wil6210-aoa$0,1606461628.466923,04:d6:aa:c1:38:97,2,1,1,0,128,747,703,260,597,377,811,379,349,147,361,509,25,318,876,221,605,878,953,347,886,227,928,740,28,240,385,555,1,896,911,334,109,50,97,87,92,66,78,52,52,77,74,65,38,49,47,83,52,75,63,56,55,33,49,38,44,69,42,40,37,42,64,66,60
[ 28.764892] wil6210-aoa$0,1606461628.495978,04:d6:aa:c1:38:97,2,1,1,0,128,769,744,824,788,304,792,891,196,711,230,555,1014,254,870,647,359,345,781,806,656,176,867,138,837,704,179,92,233,826,850,998,768,58,105,94,103,76,87,58,58,86,81,75,49,59,56,98,61,89,70,62,66,41,58,45,57,78,52,50,47,50,79,83,80
[ 28.792122] wil6210-aoa$0,1606461628.523216,04:d6:aa:c1:38:97,2,1,1,0,128,325,953,746,763,944,1005,439,426,247,425,18,185,311,921,169,553,323,733,826,703,216,900,783,65,279,427,103,252,382,23,274,4,57,104,93,100,75,85,56,59,85,82,73,48,57,56,101,62,89,72,62,64,38,55,45,53,78,50,49,44,53,76,82,77
[ 28.814471] wil6210-aoa$0,1606461628.545563,04:d6:aa:c1:38:97,2,1,1,0,128,214,892,750,732,381,808,424,422,203,374,51,181,812,44,700,414,303,750,363,939,702,15,721,1018,149,320,581,61,841,886,972,774,56,97,86,91,73,83,54,56,80,76,68,46,56,52,94,60,84,65,57,61,38,54,44,52,74,51,49,44,49,76,80,75
[ 28.843961] wil6210-aoa$0,1606461628.575050,04:d6:aa:c1:38:97,2,1,1,0,128,791,752,856,817,876,927,483,455,120,359,81,168,233,864,652,401,894,949,404,884,757,43,778,43,207,342,586,46,430,88,751,491,58,105,94,101,79,90,59,58,87,83,74,52,61,57,102,63,88,69,63,64,41,58,47,58,80,56,53,47,55,82,87,82
[ 28.866848] wil6210-aoa$0,1606461628.597940,04:d6:aa:c1:38:97,2,1,1,0,128,773,760,750,742,332,775,909,200,597,115,138,190,813,27,198,573,950,957,309,865,750,32,732,34,255,422,1022,169,770,830,441,293,53,108,94,102,73,84,57,58,84,80,73,45,52,53,90,57,84,68,59,60,34,51,41,52,72,49,47,41,46,71,73,69
[ 28.892899] wil6210-aoa$0,1606461628.623992,04:d6:aa:c1:38:97,2,1,1,0,128,798,771,770,732,1023,1016,417,332,178,375,40,173,763,1021,660,372,934,926,418,929,706,1006,766,39,184,376,54,197,766,823,816,756,55,102,90,98,77,87,58,58,85,82,71,46,55,54,97,60,87,69,62,64,38,55,45,55,79,51,49,45,51,78,78,73
[ 28.924906] wil6210-aoa$0,1606461628.655993,04:d6:aa:c1:38:97,2,1,1,0,128,253,915,728,760,917,985,428,414,119,331,65,207,806,4,195,583,886,922,419,957,694,34,702,7,255,391,78,216,828,868,190,38,55,106,97,103,76,86,57,58,87,79,72,45,52,53,94,59,86,69,62,63,36,51,43,52,75,48,47,42,47,74,74,69
[ 28.949233] wil6210-aoa$0,1606461628.680325,04:d6:aa:c1:38:97,2,1,1,0,128,327,939,808,794,875,943,403,384,642,231,30,200,817,55,195,611,854,940,344,892,734,53,773,8,219,351,571,37,379,58,371,74,57,103,94,99,76,87,58,56,84,82,73,45,57,56,94,62,89,69,59,63,39,56,44,52,77,51,49,43,50,76,79,74
[ 28.977182] wil6210-aoa$0,1606461628.708270,04:d6:aa:c1:38:97,2,1,1,0,128,319,910,802,791,976,1010,413,405,152,286,506,1001,318,907,601,347,901,943,331,855,716,5,671,1006,180,320,530,2,356,24,896,768,52,94,88,92,70,76,54,54,77,74,68,45,52,49,90,55,81,64,57,59,35,52,43,52,71,48,47,41,49,74,74,71
[ 29.004572] wil6210-aoa$0,1606461628.735664,04:d6:aa:c1:38:97,2,1,1,0,128,294,934,796,811,922,980,913,232,165,354,36,144,846,59,191,547,949,964,357,908,683,996,185,865,262,405,80,240,370,45,725,511,56,103,93,100,75,85,56,57,87,81,73,47,55,54,96,60,85,67,62,63,38,53,45,53,76,49,48,43,50,75,81,74
[ 29.026782] wil6210-aoa$0,1606461628.757874,04:d6:aa:c1:38:97,2,1,1,0,128,246,900,793,751,999,20,407,392,68,326,43,160,832,42,142,573,946,987,425,952,693,6,723,46,240,381,126,213,360,27,196,1021,60,108,97,100,78,88,60,59,90,85,76,50,59,56,99,61,89,73,62,67,37,54,45,52,79,51,49,44,51,75,80,74
[ 29.056429] wil6210-aoa$0,1606461628.787519,04:d6:aa:c1:38:97,2,1,1,0,128,282,928,716,739,382,802,865,198,622,174,83,253,866,71,211,589,952,976,336,870,191,876,210,887,194,342,113,220,361,17,156,871,58,108,97,101,78,89,61,60,89,85,77,49,61,59,99,62,90,73,65,67,39,58,45,56,80,54,52,44,52,77,82,76
[ 29.084905] wil6210-aoa$0,1606461628.815994,04:d6:aa:c1:38:97,2,1,1,0,128,747,748,182,529,383,819,927,235,161,385,62,195,833,40,108,512,373,771,850,711,723,1019,756,28,163,329,84,197,797,840,521,376,57,105,93,100,77,88,57,57,86,81,75,47,58,55,98,59,90,71,62,63,38,54,46,52,80,53,50,44,49,76,79,75
[ 29.113279] wil6210-aoa$0,1606461628.844366,04:d6:aa:c1:38:97,2,1,1,0,128,801,767,783,777,979,5,848,189,704,227,482,1005,317,896,166,534,412,787,395,898,708,33,690,999,219,336,178,266,331,17,494,230,59,103,94,100,77,88,59,59,86,83,73,51,57,54,100,63,87,69,61,66,39,57,48,57,81,57,52,49,55,83,86,83
[ 29.141911] wil6210-aoa$0,1606461628.872999,04:d6:aa:c1:38:97,2,1,1,0,128,275,932,239,589,335,788,946,249,201,423,31,220,815,84,150,568,894,934,931,771,703,35,723,38,167,334,136,228,343,25,868,685,56,109,99,104,76,87,58,60,88,82,74,48,58,56,100,62,89,72,64,65,39,56,45,55,82,50,50,43,51,79,81,76
[ 29.170707] wil6210-aoa$0,1606461628.901797,04:d6:aa:c1:38:97,2,1,1,0,128,277,934,805,817,925,1017,397,423,101,317,99,218,800,10,222,616,877,925,848,731,743,34,703,25,645,138,122,216,356,50,455,194,59,105,96,102,79,88,59,62,87,83,75,49,57,55,100,63,90,74,64,66,41,57,46,55,79,54,50,45,51,77,79,75
[ 29.197202] wil6210-aoa$0,1606461628.928294,04:d6:aa:c1:38:97,2,1,1,0,128,264,911,716,735,898,1010,378,379,153,406,22,210,842,42,147,518,912,983,434,956,710,21,145,830,280,406,135,271,371,38,283,1011,51,95,85,93,70,80,52,53,78,73,67,43,51,48,88,54,80,65,56,57,35,49,41,48,71,46,44,39,44,70,70,65
[ 29.222699] wil6210-aoa$0,1606461628.953787,04:d6:aa:c1:38:97,2,1,1,0,128,305,937,791,747,436,826,822,140,694,203,517,1017,867,70,190,556,902,985,329,863,168,836,140,815,668,160,584,30,404,62,975,781,56,104,94,99,77,87,59,60,87,83,74,47,57,54,98,61,88,72,63,65,37,58,46,53,79,55,51,46,54,82,82,79
[ 29.251835] wil6210-aoa$0,1606461628.982925,04:d6:aa:c1:38:97,2,1,1,0,128,252,871,248,565,417,807,835,188,628,149,567,37,861,19,241,583,894,937,850,698,717,1013,734,5,637,153,487,1022,903,896,208,8,51,95,88,90,71,81,55,54,78,72,66,44,53,51,90,56,81,64,54,58,37,51,43,47,71,48,45,41,44,70,73,67
[ 29.277914] wil6210-aoa$0,1606461629.009002,04:d6:aa:c1:38:97,2,1,1,0,128,350,993,687,744,339,800,887,187,188,348,71,274,853,86,169,577,921,970,345,911,208,881,778,61,213,389,69,214,395,46,227,932,56,107,98,105,77,90,56,60,88,84,74,45,56,54,96,60,88,71,61,63,37,55,42,53,77,49,48,42,48,76,75,69
[ 29.303736] wil6210-aoa$0,1606461629.034825,04:d6:aa:c1:38:97,2,1,1,0,128,764,719,796,751,324,776,870,197,127,321,1016,181,785,19,184,584,847,905,379,903,204,896,730,9,677,197,108,234,369,19,806,524,57,104,94,100,75,84,56,57,84,77,71,47,54,51,94,59,84,67,60,61,37,51,43,53,75,47,47,41,49,74,75,72
[ 29.327016] wil6210-aoa$0,1606461629.058111,04:d6:aa:c1:38:97,2,1,1,0,128,254,919,712,761,415,837,894,188,141,373,46,179,843,91,171,559,860,938,422,915,728,30,713,29,188,376,16,120,845,868,774,607,60,109,98,103,79,89,60,60,88,84,73,48,59,54,97,59,88,71,63,65,37,56,42,52,77,50,48,41,49,74,75,70
[ 29.352474] wil6210-aoa$0,1606461629.083569,04:d6:aa:c1:38:97,2,1,1,0,128,254,865,782,770,960,1003,379,396,182,394,2,176,885,69,216,575,871,943,850,701,211,883,796,42,178,335,118,227,425,63,188,890,57,102,92,98,73,84,55,58,83,81,72,47,55,51,94,58,84,69,61,61,36,54,42,51,76,49,47,42,48,74,77,71
[ 29.391892] wil6210-aoa$0,1606461629.122985,04:d6:aa:c1:38:97,2,1,1,0,128,285,962,809,830,912,1018,483,481,183,353,50,189,847,60,621,385,359,770,400,930,739,34,696,7,169,377,147,275,353,8,699,473,57,102,94,101,75,86,59,58,86,80,73,49,59,53,98,60,87,69,62,61,39,57,43,55,77,52,50,44,51,77,81,77
[ 29.414326] wil6210-aoa$0,1606461629.145421,04:d6:aa:c1:38:97,2,1,1,0,128,774,724,796,760,958,992,363,368,571,118,490,1006,292,894,694,425,865,944,382,927,729,64,751,1023,165,334,66,207,355,1009,451,267,55,103,93,98,76,87,58,56,85,81,73,50,57,57,97,60,87,70,61,63,40,57,45,55,78,53,51,45,52,77,82,79
[ 29.445559] wil6210-aoa$0,1606461629.176655,04:d6:aa:c1:38:97,2,1,1,0,128,289,926,760,772,998,16,477,450,189,435,3,199,791,70,252,654,910,997,406,938,709,25,691,15,257,380,148,262,399,46,595,360,59,106,97,103,78,90,59,61,90,83,73,49,56,56,99,62,91,75,64,65,39,58,47,56,80,53,50,46,52,79,82,76
[ 29.469892] wil6210-aoa$0,1606461629.200979,04:d6:aa:c1:38:97,2,1,1,0,128,253,939,731,781,938,1005,442,400,173,372,1021,155,881,65,137,543,910,898,800,695,719,21,789,31,254,422,149,249,380,54,846,559,57,103,96,100,74,86,58,59,83,80,74,47,56,55,97,60,85,70,61,61,38,55,46,53,76,51,48,43,49,76,79,75
[ 29.500130] wil6210-aoa$0,1606461629.231219,04:d6:aa:c1:38:97,2,1,1,0,128,266,953,737,698,440,811,905,240,154,354,578,32,817,49,245,633,1012,13,326,909,758,40,109,812,286,390,626,53,851,855,761,561,55,104,92,98,74,85,57,56,83,80,73,45,55,54,95,58,85,69,61,62,40,54,42,53,75,50,50,43,49,74,77,72
[ 29.522718] wil6210-aoa$0,1606461629.253811,04:d6:aa:c1:38:97,2,1,1,0,128,262,893,817,812,956,1,397,404,130,336,61,189,827,59,222,593,837,914,379,936,739,65,713,37,218,385,132,305,318,17,722,392,56,100,93,98,76,86,59,58,84,80,72,51,57,56,99,62,88,70,62,65,40,58,46,55,78,54,49,45,51,79,82,79
[ 29.554617] wil6210-aoa$0,1606461629.285706,04:d6:aa:c1:38:97,2,1,1,0,128,287,944,754,753,337,735,916,222,157,338,486,968,310,915,651,406,917,967,341,887,174,887,721,17,154,323,536,20,890,904,187,38,62,114,107,111,82,94,65,63,95,85,80,51,61,59,104,67,93,75,67,67,42,58,46,58,82,54,49,45,49,80,81,77
[ 29.583395] wil6210-aoa$0,1606461629.314483,04:d6:aa:c1:38:97,2,1,1,0,128,240,879,199,551,400,815,893,188,661,159,551,0,810,20,662,405,341,772,367,904,772,61,736,48,187,362,67,229,305,27,657,509,64,113,103,109,83,97,65,63,95,89,82,54,65,63,110,68,99,78,70,71,45,65,52,64,85,60,59,53,61,91,96,91
[ 29.612512] wil6210-aoa$0,1606461629.343601,04:d6:aa:c1:38:97,2,1,1,0,128,266,929,785,771,912,1019,480,434,104,325,89,216,845,85,146,558,914,954,823,703,735,16,750,42,233,413,56,190,349,46,539,298,61,111,103,110,79,94,62,63,94,85,78,50,61,58,103,62,90,73,65,66,41,58,45,57,84,52,48,43,52,78,79,76
[ 29.639064] wil6210-aoa$0,1606461629.370158,04:d6:aa:c1:38:97,2,1,1,0,128,300,927,791,762,924,1009,406,385,153,363,100,222,904,148,202,584,961,995,399,938,764,53,707,13,270,402,143,256,372,37,771,570,60,111,104,110,79,92,63,62,92,87,79,49,58,58,99,61,90,72,64,63,37,53,44,52,77,46,48,40,47,74,76,67
[ 29.666411] wil6210-aoa$0,1606461629.397500,04:d6:aa:c1:38:97,2,1,1,0,128,277,916,833,780,366,848,424,388,614,142,30,192,292,865,709,422,860,914,357,869,707,1020,161,828,217,376,100,221,359,52,812,592,55,103,91,95,74,85,54,57,84,77,73,47,56,51,94,58,86,69,59,60,38,54,43,50,74,48,48,42,47,75,76,73
[ 29.695622] wil6210-aoa$0,1606461629.426718,04:d6:aa:c1:38:97,2,1,1,0,128,262,916,752,760,877,954,393,387,117,357,28,201,781,34,179,561,902,958,359,885,763,47,696,34,224,408,41,180,329,44,556,257,59,105,97,101,79,89,59,60,88,85,75,50,57,55,99,62,88,71,62,65,38,56,46,56,79,52,50,45,52,78,79,75
[ 29.720037] wil6210-aoa$0,1606461629.451125,04:d6:aa:c1:38:97,2,1,1,0,128,300,918,754,791,918,975,441,386,191,377,28,154,815,24,251,623,929,965,372,921,713,26,716,61,190,373,85,207,360,48,973,710,55,104,93,98,76,86,58,57,85,80,72,47,56,53,94,60,84,68,60,62,36,52,43,53,75,48,47,42,47,75,77,70
[ 29.750678] wil6210-aoa$0,1606461629.481767,04:d6:aa:c1:38:97,2,1,1,0,128,239,911,762,778,960,1008,360,363,212,397,87,232,857,59,259,636,896,972,384,916,211,891,772,35,140,329,163,283,362,27,825,505,55,103,96,100,77,90,60,58,87,81,74,50,57,54,99,62,89,71,64,64,39,58,43,53,80,53,51,43,52,78,79,76
[ 29.774023] wil6210-aoa$0,1606461629.505117,04:d6:aa:c1:38:97,2,1,1,0,128,295,960,771,755,960,11,414,434,187,429,52,227,817,41,192,577,948,958,368,907,750,7,772,59,143,355,190,255,346,53,171,937,55,99,94,98,73,85,56,58,82,79,71,48,58,54,96,61,86,69,60,62,39,56,46,55,77,53,50,47,51,78,83,78
[ 29.800549] wil6210-aoa$0,1606461629.531638,04:d6:aa:c1:38:97,2,1,1,0,128,215,863,805,760,355,761,984,220,272,432,88,194,872,55,225,599,945,978,410,943,754,48,683,5,265,414,94,211,320,1019,964,792,56,102,90,96,74,86,57,57,84,77,71,47,56,55,95,59,86,68,63,63,38,56,45,53,76,51,50,43,52,76,81,78
[ 29.832102] wil6210-aoa$0,1606461629.563190,04:d6:aa:c1:38:97,2,1,1,0,128,305,961,798,776,993,1009,441,424,129,358,518,3,224,851,186,575,938,979,332,900,730,24,665,1018,655,145,540,28,879,908,215,33,55,100,91,96,73,81,54,57,81,76,70,43,51,50,90,57,80,66,58,59,35,49,38,48,69,45,44,39,43,68,70,65
[ 29.861256] wil6210-aoa$0,1606461629.592347,04:d6:aa:c1:38:97,2,1,1,0,128,678,683,250,544,379,791,874,146,654,151,480,1012,254,872,248,627,904,941,310,861,109,796,196,880,195,384,607,26,806,856,245,156,52,102,89,94,72,82,54,55,81,76,68,45,51,50,88,52,77,64,57,58,33,48,38,46,68,41,41,35,41,63,65,60
[ 29.891799] wil6210-aoa$0,1606461629.622888,04:d6:aa:c1:38:97,2,1,1,0,128,258,928,797,774,972,8,418,387,118,331,75,198,827,29,200,561,914,961,465,994,668,37,748,44,284,403,143,280,319,52,144,789,54,103,93,98,72,83,56,56,81,79,70,42,52,51,91,57,82,65,58,60,34,51,40,49,72,44,44,38,43,69,69,67
[ 29.921104] wil6210-aoa$0,1606461629.652193,04:d6:aa:c1:38:97,2,1,1,0,128,776,759,176,547,410,835,399,396,608,163,542,1016,244,871,210,616,888,933,346,895,151,819,752,33,263,379,157,271,378,44,996,690,58,105,96,102,75,86,59,59,88,81,76,52,59,54,98,62,89,72,65,66,41,59,46,57,81,54,51,47,52,81,85,80
[ 29.950973] wil6210-aoa$0,1606461629.682061,04:d6:aa:c1:38:97,2,1,1,0,128,222,943,791,785,945,1000,399,379,178,387,44,154,803,2,181,586,874,929,407,893,750,21,725,1018,196,324,522,1,395,56,195,1018,56,106,95,102,73,84,56,58,85,77,72,44,53,51,92,58,83,66,59,60,37,52,41,49,74,46,45,41,46,71,73,68
[ 29.980404] wil6210-aoa$0,1606461629.711499,04:d6:aa:c1:38:97,2,1,1,0,128,759,705,814,779,923,981,408,444,188,373,55,207,861,85,148,562,338,764,351,914,763,43,735,36,176,366,142,227,323,1017,305,139,60,114,102,110,78,90,62,62,91,86,76,46,58,56,99,63,90,76,63,65,40,57,44,55,81,52,48,43,51,78,76,71
[ 30.003966] wil6210-aoa$0,1606461629.735058,04:d6:aa:c1:38:97,2,1,1,0,128,759,727,258,561,408,802,361,356,177,423,127,228,821,41,177,525,920,959,266,842,133,820,141,832,759,219,145,232,377,49,874,692,55,101,93,98,74,85,59,58,82,79,72,45,57,53,96,58,88,68,61,63,37,54,43,53,76,53,50,43,50,80,82,79
[ 30.033467] wil6210-aoa$0,1606461629.764556,04:d6:aa:c1:38:97,2,1,1,0,128,257,919,776,800,897,980,440,409,91,299,58,201,788,49,181,560,908,940,452,950,690,29,736,51,183,360,134,302,306,1014,784,470,60,104,93,99,77,90,60,58,87,83,77,51,61,56,100,64,88,70,64,66,42,59,48,59,81,59,53,49,57,82,88,85
[ 30.063057] wil6210-aoa$0,1606461629.794149,04:d6:aa:c1:38:97,2,1,1,0,128,272,940,754,768,899,957,887,217,154,355,32,210,805,20,692,421,913,941,343,901,730,19,179,835,715,174,580,41,332,14,154,944,54,100,93,97,75,82,57,57,83,77,69,43,52,51,90,57,81,67,58,59,35,49,38,48,69,44,44,38,43,70,71,63
[ 30.086542] wil6210-aoa$0,1606461629.817634,04:d6:aa:c1:38:97,2,1,1,0,128,342,962,746,727,941,997,329,350,694,188,103,233,815,40,186,579,901,956,320,880,154,837,735,35,304,435,41,191,326,7,1017,713,63,112,103,108,83,98,65,65,94,88,80,53,62,60,111,66,96,78,68,70,42,63,48,60,87,56,55,50,58,88,85,83
[ 30.115712] wil6210-aoa$0,1606461629.846801,04:d6:aa:c1:38:97,2,1,1,0,128,774,726,230,596,883,1003,481,456,157,382,1017,202,785,27,199,587,886,965,413,911,169,894,183,893,199,359,155,266,365,70,437,159,55,104,94,101,76,87,58,57,86,82,73,48,56,54,98,60,85,71,61,61,38,55,43,53,77,50,48,42,49,79,77,73
[ 30.145854] wil6210-aoa$0,1606461629.876940,04:d6:aa:c1:38:97,2,1,1,0,128,342,968,716,735,398,805,429,399,141,367,48,237,841,91,167,527,912,970,394,907,719,6,189,829,640,144,577,36,368,24,381,126,56,107,96,103,78,89,58,60,85,80,73,45,56,53,98,60,86,69,62,63,38,54,44,54,77,47,49,42,46,73,77,70
[ 30.169873] wil6210-aoa$0,1606461629.900936,04:d6:aa:c1:38:97,2,1,1,0,128,319,910,818,804,874,995,406,426,171,388,20,163,792,29,208,609,917,963,352,937,154,834,147,832,748,199,606,44,876,884,259,173,49,95,84,91,66,75,51,52,74,71,65,41,49,46,83,52,74,60,52,54,31,45,36,45,67,40,40,35,41,62,64,58
[ 30.208986] wil6210-aoa$0,1606461629.940074,04:d6:aa:c1:38:97,2,1,1,0,128,254,901,778,764,973,1007,372,348,156,379,29,172,811,49,169,588,882,968,366,903,772,87,739,58,179,375,67,201,387,69,571,378,58,105,97,100,76,87,57,57,85,80,72,47,55,53,96,60,86,69,61,62,38,54,46,52,73,49,48,41,47,72,71,70
[ 30.237139] wil6210-aoa$0,1606461629.968231,04:d6:aa:c1:38:97,2,1,1,0,128,754,748,771,738,980,27,379,359,618,157,106,213,796,64,192,601,851,939,377,901,112,810,719,29,184,357,109,276,320,61,802,576,54,106,94,100,74,87,55,58,87,79,72,44,54,51,95,59,84,70,61,62,38,53,41,50,72,47,45,39,46,74,75,67
[ 30.262953] wil6210-aoa$0,1606461629.994042,04:d6:aa:c1:38:97,2,1,1,0,128,342,1003,706,730,948,988,383,395,185,400,18,149,883,83,174,569,936,17,354,894,694,32,761,62,220,435,138,266,340,23,69,799,60,114,103,111,81,94,62,63,93,88,75,48,58,57,98,63,90,76,66,66,38,58,45,56,79,51,50,43,51,79,80,71
[ 30.292845] wil6210-aoa$0,1606461630.023932,04:d6:aa:c1:38:97,2,1,1,0,128,374,979,766,745,958,9,437,383,190,367,57,159,789,18,664,351,880,953,351,910,711,50,684,1019,232,392,45,171,344,7,656,402,53,102,92,98,71,81,56,58,82,74,71,46,53,50,95,54,81,67,58,57,35,50,39,48,72,44,44,38,44,67,68,63
[ 30.320825] wil6210-aoa$0,1606461630.051918,04:d6:aa:c1:38:97,2,1,1,0,128,280,936,746,749,402,849,432,429,141,336,49,214,800,12,201,606,862,924,391,901,681,1022,778,57,264,394,111,214,349,17,653,435,56,106,96,101,74,85,58,59,86,80,74,46,55,54,96,58,85,68,60,63,39,53,42,51,76,48,48,40,46,72,72,67
[ 30.347456] wil6210-aoa$0,1606461630.078544,04:d6:aa:c1:38:97,2,1,1,0,128,213,881,754,733,331,791,846,163,692,218,534,56,256,845,632,344,379,772,419,937,737,76,688,8,235,362,72,199,816,862,736,469,56,104,94,101,76,87,59,59,88,84,74,50,58,55,97,60,89,71,63,64,40,57,46,54,80,52,51,44,52,78,82,75
[ 30.377179] wil6210-aoa$0,1606461630.108262,04:d6:aa:c1:38:97,2,1,1,0,128,324,909,754,732,958,985,413,428,136,352,41,181,766,40,134,560,902,961,390,881,200,885,725,49,217,407,570,64,360,57,15,826,53,102,94,100,71,83,55,57,80,77,71,45,52,52,92,57,82,67,58,59,36,52,40,50,73,48,44,38,46,70,71,64
[ 30.401517] wil6210-aoa$0,1606461630.132605,04:d6:aa:c1:38:97,2,1,1,0,128,268,945,793,794,936,990,456,433,215,383,104,217,871,75,188,590,924,941,387,911,706,43,714,24,224,396,565,21,386,25,701,461,57,103,94,100,76,88,61,60,87,82,74,48,60,55,100,62,89,71,63,64,40,58,45,55,80,54,50,46,53,82,81,77
[ 30.433162] wil6210-aoa$0,1606461630.164252,04:d6:aa:c1:38:97,2,1,1,0,128,282,916,801,827,860,952,382,359,82,335,68,178,789,30,201,558,915,974,303,876,725,28,704,44,208,393,141,237,364,70,536,376,56,108,94,101,77,88,58,58,86,82,74,49,58,56,98,62,90,71,61,64,41,58,46,57,80,55,51,46,54,80,85,79
[ 30.462101] wil6210-aoa$0,1606461630.193194,04:d6:aa:c1:38:97,2,1,1,0,128,267,873,824,775,900,955,926,200,634,149,526,8,327,892,212,604,885,932,365,889,127,813,767,25,639,128,592,22,800,869,92,859,54,101,91,97,71,82,54,54,83,77,70,45,55,51,92,57,82,66,60,58,35,51,41,52,72,46,44,41,44,71,72,69
[ 30.485680] wil6210-aoa$0,1606461630.216775,04:d6:aa:c1:38:97,2,1,1,0,128,776,764,237,596,933,969,883,194,658,201,90,190,858,21,205,612,892,960,314,870,149,839,254,874,230,340,557,1011,336,4,717,548,58,102,94,99,77,88,61,61,87,83,74,50,58,54,97,61,89,70,61,65,39,57,45,54,81,50,53,46,52,81,82,77
[ 30.515253] wil6210-aoa$0,1606461630.246342,04:d6:aa:c1:38:97,2,1,1,0,128,252,895,803,744,920,952,424,364,625,155,565,6,332,902,198,576,934,920,417,943,755,80,704,1012,677,126,650,62,817,861,7,936,62,113,103,108,84,94,65,65,94,88,80,54,61,60,106,65,95,74,68,69,42,63,49,61,85,58,54,49,56,86,86,82
[ 30.539722] wil6210-aoa$0,1606461630.270817,04:d6:aa:c1:38:97,2,1,1,0,128,312,947,787,779,931,967,470,417,155,379,81,191,795,21,213,572,914,947,396,916,713,19,694,0,649,159,565,1012,391,48,582,391,57,105,94,101,76,87,57,57,85,81,71,47,56,54,100,62,86,71,62,64,38,54,44,54,79,52,50,44,50,79,78,76
[ 30.571351] wil6210-aoa$0,1606461630.302445,04:d6:aa:c1:38:97,2,1,1,0,128,781,755,771,767,963,12,397,415,256,443,998,139,287,909,163,556,393,778,864,715,782,58,739,996,705,190,104,224,392,39,49,802,61,114,105,108,82,94,61,63,93,86,79,51,63,60,106,66,92,75,65,65,40,58,46,55,81,53,53,47,52,81,85,75
[ 30.598267] wil6210-aoa$0,1606461630.329355,04:d6:aa:c1:38:97,2,1,1,0,128,722,713,234,586,461,854,889,199,674,175,532,1021,310,926,203,577,899,949,401,907,738,21,698,1023,175,342,78,215,300,1003,580,390,53,104,92,99,73,85,57,54,84,79,72,49,57,53,96,60,86,67,61,62,39,57,44,53,78,53,49,45,52,77,82,77
[ 30.628981] wil6210-aoa$0,1606461630.360069,04:d6:aa:c1:38:97,2,1,1,0,128,295,918,215,607,391,810,384,353,688,190,70,234,819,55,203,589,880,920,469,954,699,4,202,838,725,157,121,192,349,26,843,603,56,101,92,98,73,86,59,58,83,82,73,50,58,55,98,61,88,70,60,63,38,58,46,57,79,55,52,46,53,80,82,79
[ 30.659666] wil6210-aoa$0,1606461630.390753,04:d6:aa:c1:38:97,2,1,1,0,128,250,916,723,734,398,819,869,158,675,218,84,214,821,57,168,581,286,748,859,709,166,839,150,813,270,403,146,239,357,8,16,892,63,113,101,106,82,94,63,64,91,85,80,50,63,59,105,64,95,76,67,67,42,60,48,59,83,55,55,50,56,82,85,82
[ 30.689779] wil6210-aoa$0,1606461630.420872,04:d6:aa:c1:38:97,2,1,1,0,128,775,718,180,569,381,794,827,187,653,163,34,201,856,70,214,622,911,983,786,665,197,884,718,15,172,334,116,190,862,877,228,112,54,99,91,96,72,82,56,56,83,77,70,45,53,50,93,57,82,66,58,61,35,54,42,50,73,48,46,43,48,74,76,70
[ 30.716955] wil6210-aoa$0,1606461630.448043,04:d6:aa:c1:38:97,2,1,1,2,128,775,718,180,569,381,794,827,187,653,163,34,201,856,70,214,622,911,983,786,665,197,884,718,15,172,334,116,190,862,877,228,112,63,113,101,106,82,94,63,64,91,85,80,50,63,59,105,64,95,76,67,67,42,60,48,59,83,55,55,50,56,82,85,82
[ 30.749169] wil6210-aoa$0,1606461630.480258,04:d6:aa:c1:38:97,2,1,1,0,128,247,919,820,829,922,1008,897,215,160,378,75,256,798,13,202,585,902,983,386,929,733,86,691,1019,202,355,638,94,361,50,974,713,59,111,99,106,80,91,60,60,89,83,78,51,60,59,100,61,91,74,64,67,40,60,47,56,81,54,51,45,52,77,84,76
[ 30.773561] wil6210-aoa$0,1606461630.504655,04:d6:aa:c1:38:97,2,1,1,0,128,771,725,734,742,853,968,828,193,595,178,545,32,255,839,677,411,339,720,864,714,154,816,202,880,641,176,119,228,840,888,828,648,60,110,101,108,80,92,63,62,90,87,76,50,63,57,104,65,93,77,64,67,42,60,47,57,83,55,55,46,56,82,88,82
[ 30.799736] wil6210-aoa$0,1606461630.530828,04:d6:aa:c1:38:97,2,1,1,0,128,268,934,813,771,917,996,891,200,648,175,535,17,314,924,203,579,842,941,876,757,217,866,167,864,214,375,62,214,348,39,795,636,60,114,102,105,81,95,61,61,90,89,78,50,61,57,105,64,92,75,66,68,40,58,48,57,84,55,50,48,54,84,84,78
[ 30.829806] wil6210-aoa$0,1606461630.560895,04:d6:aa:c1:38:97,2,1,1,0,128,323,947,762,775,873,950,353,330,660,164,48,177,354,931,162,556,910,952,436,923,774,65,653,3,180,377,563,34,371,47,721,496,60,111,104,109,82,93,61,64,88,86,77,48,58,53,100,64,91,75,64,68,41,59,47,58,83,55,53,45,53,82,81,75
[ 30.854049] wil6210-aoa$0,1606461630.585139,04:d6:aa:c1:38:97,2,1,1,0,128,293,946,727,768,348,835,900,197,228,450,51,203,811,0,189,535,372,762,436,957,712,32,674,7,231,393,154,278,407,53,627,285,59,104,94,100,76,88,58,58,86,82,74,47,57,55,97,60,87,69,62,64,39,57,46,55,79,51,49,43,52,78,83,76
[ 30.881235] wil6210-aoa$0,1606461630.612324,04:d6:aa:c1:38:97,2,1,1,0,128,328,932,780,780,887,951,899,240,170,343,452,946,314,894,236,625,828,935,340,884,127,799,214,857,260,393,545,40,347,23,610,365,56,103,94,98,74,85,59,58,86,81,71,49,54,53,96,59,88,69,62,64,39,57,44,54,79,53,51,44,53,79,80,77
[ 30.912882] wil6210-aoa$0,1606461630.643971,04:d6:aa:c1:38:97,2,1,1,0,128,304,1007,765,774,953,1008,490,431,226,405,113,252,785,41,216,582,918,962,447,970,720,74,767,95,198,375,110,218,393,62,83,842,55,106,95,99,74,85,57,57,84,79,73,47,56,54,96,60,86,70,61,63,39,54,44,54,77,51,50,43,52,79,81,73
[ 30.937620] wil6210-aoa$0,1606461630.668714,04:d6:aa:c1:38:97,2,1,1,0,128,317,906,745,767,931,1003,373,357,611,134,564,1018,248,873,208,564,918,960,388,936,768,58,695,18,99,320,119,228,370,35,560,262,59,111,101,106,81,90,59,62,91,83,76,48,56,53,97,61,90,74,63,64,39,55,44,53,80,51,48,43,49,76,78,73
[ 30.965264] wil6210-aoa$0,1606461630.696353,04:d6:aa:c1:38:97,2,1,1,0,128,283,926,798,815,968,980,889,222,155,357,7,156,821,16,669,385,868,915,410,877,723,1012,741,7,693,174,558,4,817,848,97,826,57,109,101,109,79,89,59,62,90,82,76,46,57,56,97,62,89,72,62,63,37,51,43,53,76,47,45,39,46,71,74,64
[ 30.991890] wil6210-aoa$0,1606461630.722983,04:d6:aa:c1:38:97,2,1,1,0,128,286,900,822,797,975,1000,404,395,166,368,42,201,856,82,213,567,906,958,865,729,706,7,179,809,728,175,571,47,850,886,451,203,60,110,102,108,81,93,62,63,90,86,76,52,59,58,101,65,92,78,64,66,40,58,47,57,80,52,51,45,50,80,80,77
[ 31.016192] wil6210-aoa$0,1606461630.747286,04:d6:aa:c1:38:97,2,1,1,0,128,322,933,761,783,356,789,841,184,158,372,480,989,275,890,637,356,948,944,390,876,791,37,717,37,197,332,105,166,839,840,297,128,53,106,95,100,75,84,56,58,81,78,69,46,55,52,95,57,86,68,60,60,36,53,43,50,76,48,48,41,47,73,74,70
[ 31.043610] wil6210-aoa$0,1606461630.774699,04:d6:aa:c1:38:97,2,1,1,0,128,312,930,758,786,901,995,842,175,173,372,67,203,857,82,171,545,926,951,385,915,778,39,730,1018,200,337,118,203,410,51,914,653,58,111,100,104,80,90,61,63,88,84,76,49,59,57,100,62,93,76,64,65,42,58,45,56,82,54,52,45,52,82,81,75
[ 31.075301] wil6210-aoa$0,1606461630.806390,04:d6:aa:c1:38:97,2,1,1,0,128,280,920,804,840,951,1015,427,413,183,418,41,220,835,35,195,585,907,954,357,890,161,858,742,65,235,373,115,260,343,21,42,837,61,114,99,105,81,93,62,64,90,86,78,50,62,59,102,62,90,74,65,68,42,60,47,57,84,55,52,44,52,82,84,79
[ 31.100039] wil6210-aoa$0,1606461630.831129,04:d6:aa:c1:38:97,2,1,1,0,128,770,732,203,555,380,795,396,356,181,357,55,194,803,9,212,622,818,920,358,897,177,837,223,858,669,200,612,102,299,42,1003,828,57,103,93,100,75,88,59,58,85,81,75,48,58,54,99,61,85,70,61,64,39,56,46,56,77,52,51,45,52,78,84,80
[ 31.132596] wil6210-aoa$0,1606461630.863687,04:d6:aa:c1:38:97,2,1,1,0,128,314,933,848,833,934,1010,421,371,191,399,34,199,813,9,222,579,938,994,446,963,764,14,681,993,230,358,107,206,360,23,168,999,51,101,91,95,71,80,53,55,79,74,66,42,50,47,86,52,78,63,55,54,32,47,38,46,68,43,42,34,42,66,67,59
[ 31.163147] wil6210-aoa$0,1606461630.894240,04:d6:aa:c1:38:97,2,1,1,0,128,292,933,777,758,384,774,960,209,180,375,1001,165,810,29,195,582,924,959,379,914,692,996,154,837,234,356,595,1022,922,904,455,262,56,100,93,99,75,86,57,58,83,81,71,46,55,53,96,59,86,69,61,63,36,55,43,51,78,51,48,42,50,76,75,71
[ 31.187442] wil6210-aoa$0,1606461630.918535,04:d6:aa:c1:38:97,2,1,1,0,128,317,885,750,727,940,993,887,206,639,147,458,962,243,848,721,441,863,940,362,916,751,4,689,1001,154,321,78,180,409,15,921,735,62,112,101,109,82,95,60,62,91,88,80,52,63,60,108,65,92,74,67,67,42,61,49,60,85,57,55,50,55,84,90,84
[ 31.217229] wil6210-aoa$0,1606461630.948318,04:d6:aa:c1:38:97,2,1,1,0,128,217,901,792,785,917,1008,434,391,191,399,22,190,870,88,213,598,903,947,376,908,678,26,688,978,187,331,144,233,855,860,38,844,55,102,94,101,73,80,56,57,84,76,71,45,52,50,92,56,81,67,60,62,36,52,41,51,73,47,45,40,46,71,72,65
[ 31.242058] wil6210-aoa$0,1606461630.973153,04:d6:aa:c1:38:97,2,1,1,0,128,304,914,749,721,952,1011,505,460,168,364,100,234,801,48,241,613,903,982,389,945,639,1012,779,59,258,410,122,278,373,77,424,141,55,100,91,97,75,83,58,55,86,80,69,45,54,52,93,56,86,69,60,60,36,53,42,52,75,47,47,41,45,72,74,67
[ 31.268040] wil6210-aoa$0,1606461630.999133,04:d6:aa:c1:38:97,2,1,1,0,128,243,887,764,757,889,970,424,384,624,167,55,186,835,55,160,535,889,921,886,736,163,897,742,5,208,394,127,268,368,61,165,900,62,109,101,104,83,94,64,60,91,86,78,53,62,59,106,66,92,76,66,69,42,60,48,58,83,54,54,49,54,84,88,81
[ 31.297553] wil6210-aoa$0,1606461631.028642,04:d6:aa:c1:38:97,2,1,1,0,128,819,756,769,744,373,815,875,206,177,366,19,158,830,45,618,355,359,759,826,664,158,812,210,887,659,162,559,12,829,860,878,578,56,103,94,99,73,84,57,57,85,82,72,47,57,54,98,62,87,70,61,62,40,56,44,53,78,52,49,44,49,77,80,75
[ 31.322334] wil6210-aoa$0,1606461631.053427,04:d6:aa:c1:38:97,2,1,1,0,128,276,954,784,756,992,12,425,398,144,375,13,171,859,88,192,603,906,938,400,902,742,26,750,38,203,388,134,271,392,78,330,7,55,100,88,94,74,85,56,55,82,77,70,47,54,54,94,59,84,67,62,62,38,55,43,53,75,51,48,44,50,75,78,76
[ 31.347891] wil6210-aoa$0,1606461631.078985,04:d6:aa:c1:38:97,2,1,1,0,128,321,959,715,764,913,972,419,431,171,398,20,172,833,39,208,629,927,947,348,871,198,879,704,4,173,353,103,230,410,110,557,264,62,114,102,108,81,92,63,63,92,87,79,50,60,58,101,62,91,73,66,66,40,60,46,55,82,55,51,45,53,83,82,80
[ 31.375509] wil6210-aoa$0,1606461631.106598,04:d6:aa:c1:38:97,2,1,1,0,128,258,889,777,768,893,968,398,416,604,172,601,59,252,856,231,597,872,959,372,895,146,818,205,868,276,422,178,277,302,1021,54,869,53,101,90,98,72,86,55,55,81,78,69,44,54,51,94,59,83,67,59,60,37,53,42,52,75,49,46,39,46,72,76,67
[ 31.406844] wil6210-aoa$0,1606461631.137932,04:d6:aa:c1:38:97,2,1,1,0,128,261,873,746,756,938,994,435,424,150,363,62,185,260,874,217,594,330,780,351,902,713,15,728,44,164,347,73,215,317,46,716,462,61,110,101,105,81,93,59,62,92,87,77,49,62,58,105,63,93,76,67,67,40,59,47,59,84,55,54,46,54,81,83,79
[ 31.437071] wil6210-aoa$0,1606461631.168163,04:d6:aa:c1:38:97,2,1,1,0,128,687,706,817,754,370,825,421,429,151,438,60,206,851,90,146,514,949,997,411,935,646,993,179,840,697,185,151,251,366,26,952,820,62,115,103,108,80,92,61,64,90,85,79,52,60,58,104,66,94,75,66,68,42,61,47,57,81,54,53,45,53,80,85,81
[ 31.464856] wil6210-aoa$0,1606461631.195945,04:d6:aa:c1:38:97,2,1,1,0,128,295,942,739,798,959,1008,428,436,161,396,78,204,907,91,215,591,943,979,350,872,697,1014,726,1018,708,175,539,9,369,13,274,94,54,103,89,97,72,83,54,55,83,78,72,44,53,52,92,57,84,67,59,61,37,54,42,53,76,51,48,42,49,75,78,75
[ 31.495946] wil6210-aoa$0,1606461631.227040,04:d6:aa:c1:38:97,2,1,1,0,128,286,912,780,781,397,806,934,222,672,235,585,23,800,50,207,621,894,933,826,671,173,840,750,35,264,389,130,226,353,1009,936,697,55,101,92,96,72,84,56,54,82,77,70,44,55,52,92,58,85,70,60,61,38,53,43,55,75,50,50,43,49,77,81,76
[ 31.522155] wil6210-aoa$0,1606461631.253244,04:d6:aa:c1:38:97,2,1,1,0,128,351,957,817,781,972,16,442,410,154,367,78,206,802,8,307,636,940,984,393,951,760,55,728,49,202,403,95,221,407,42,535,178,51,103,91,98,73,82,53,56,84,73,68,43,52,52,90,55,80,66,58,58,37,50,41,50,73,47,45,40,45,72,75,69
[ 31.553320] wil6210-aoa$0,1606461631.284412,04:d6:aa:c1:38:97,2,1,1,0,128,338,971,769,803,950,990,417,387,188,425,83,174,853,67,198,574,882,931,904,753,172,873,710,1021,151,313,90,207,840,846,609,377,55,104,95,98,73,87,58,58,86,81,73,47,57,55,96,60,88,69,62,62,38,56,44,53,78,51,49,43,54,79,80,77
[ 31.585688] wil6210-aoa$0,1606461631.316777,04:d6:aa:c1:38:97,2,1,1,0,128,753,735,252,547,420,832,463,415,165,339,27,177,837,32,257,612,917,920,373,866,163,840,92,784,741,229,562,16,852,883,953,755,55,104,95,99,73,84,55,55,83,74,70,42,53,49,87,56,79,63,58,57,35,49,38,47,69,43,41,36,42,64,64,62
[ 31.617059] wil6210-aoa$0,1606461631.348148,04:d6:aa:c1:38:97,2,1,1,0,128,233,916,812,816,956,1017,387,367,124,330,454,985,241,865,680,385,919,986,361,949,739,33,757,51,226,367,100,225,378,48,450,256,57,103,95,100,77,89,60,59,86,82,75,50,60,55,101,63,88,70,64,63,40,59,47,56,82,57,53,50,56,82,84,82
[ 31.643317] wil6210-aoa$0,1606461631.374406,04:d6:aa:c1:38:97,2,1,1,0,128,273,901,827,810,971,21,464,445,258,451,113,220,889,68,192,578,897,964,368,933,802,104,673,1016,199,381,123,250,380,49,978,776,55,100,91,98,73,84,56,58,82,79,71,45,54,51,93,57,82,66,59,60,36,51,39,48,71,47,46,40,45,71,70,66
[ 31.674930] wil6210-aoa$0,1606461631.406019,04:d6:aa:c1:38:97,2,1,1,0,128,260,907,776,777,907,1004,382,396,197,428,60,220,914,104,255,650,910,995,366,918,766,59,773,91,231,400,58,190,390,33,672,539,58,103,97,102,74,87,58,58,84,81,72,46,56,53,96,60,87,72,60,64,38,54,43,54,78,52,50,43,49,77,76,72
[ 31.700003] wil6210-aoa$0,1606461631.431094,04:d6:aa:c1:38:97,2,1,1,0,128,307,932,740,754,893,985,451,435,228,439,48,205,813,30,162,518,886,919,345,906,746,1,685,0,234,378,571,49,371,43,758,523,57,98,90,98,73,80,56,57,82,78,71,47,56,52,96,59,85,67,61,62,39,54,44,53,75,50,48,43,49,76,79,76
[ 31.729470] wil6210-aoa$0,1606461631.460562,04:d6:aa:c1:38:97,2,1,1,0,128,248,885,700,732,983,0,414,406,166,352,48,176,830,49,199,540,886,962,376,886,757,63,760,80,184,367,108,208,347,25,400,137,62,114,99,107,83,94,63,63,91,88,79,52,61,58,105,67,94,73,67,69,43,61,51,60,84,56,53,48,56,85,86,82
[ 31.758969] wil6210-aoa$0,1606461631.490058,04:d6:aa:c1:38:97,2,1,1,0,128,241,868,838,810,878,990,423,450,140,386,147,310,835,68,199,568,902,963,405,886,705,12,705,23,238,377,523,998,385,57,349,93,62,112,100,107,81,92,61,64,91,86,77,49,59,58,101,62,92,74,64,67,40,58,47,56,80,54,52,45,52,81,84,76
[ 31.791462] wil6210-aoa$0,1606461631.522550,04:d6:aa:c1:38:97,2,1,1,0,128,278,954,834,848,870,974,432,394,178,378,512,7,798,5,221,597,905,921,365,914,697,6,761,46,245,391,101,231,380,59,581,180,62,115,99,108,83,95,64,62,94,88,81,54,62,59,108,65,94,74,70,70,43,64,51,63,85,59,58,50,57,87,94,89
[ 31.823359] wil6210-aoa$0,1606461631.554448,04:d6:aa:c1:38:97,2,1,1,0,128,274,935,764,740,931,6,448,447,220,417,94,246,824,22,183,553,986,933,375,882,176,879,142,841,239,402,77,236,386,71,571,213,63,112,103,107,82,91,62,62,94,86,80,49,63,60,105,68,94,76,65,67,42,62,48,57,84,56,53,47,55,85,90,82
[ 31.855117] wil6210-aoa$0,1606461631.586206,04:d6:aa:c1:38:97,2,1,1,0,128,309,934,788,767,956,982,387,385,227,434,53,198,733,20,161,546,336,763,364,871,752,32,791,50,273,433,109,216,369,16,500,268,57,100,91,96,72,85,55,56,83,78,72,48,55,52,95,58,84,66,62,62,38,56,43,54,75,51,49,45,51,74,82,75
[ 31.887874] wil6210-aoa$0,1606461631.618960,04:d6:aa:c1:38:97,2,1,1,0,128,329,963,742,782,1013,58,332,360,68,345,63,211,785,28,193,538,912,960,360,877,208,869,716,1017,219,396,76,209,370,67,945,587,55,104,93,98,75,86,58,58,86,81,73,49,57,53,98,59,86,69,62,62,38,54,45,54,76,48,47,41,47,75,76,71
[ 31.912584] wil6210-aoa$0,1606461631.643679,04:d6:aa:c1:38:97,2,1,1,0,128,729,676,254,553,950,1020,355,347,110,363,61,192,789,3,145,513,356,754,410,926,743,36,705,8,184,342,540,26,813,885,262,177,62,112,100,107,82,94,63,64,95,88,79,51,62,57,103,66,94,77,66,70,42,60,50,60,83,56,52,50,54,85,84,80
[ 31.941649] wil6210-aoa$0,1606461631.672738,04:d6:aa:c1:38:97,2,1,1,0,128,725,754,255,564,384,818,911,211,208,371,87,225,825,63,166,578,918,944,818,706,173,873,714,34,219,380,98,199,397,51,395,157,55,103,91,97,76,85,57,58,85,80,72,47,56,52,94,57,86,71,60,60,37,54,43,52,76,48,46,40,49,74,75,68
[ 31.972800] wil6210-aoa$0,1606461631.703893,04:d6:aa:c1:38:97,2,1,1,0,128,294,973,781,788,948,1010,833,171,152,359,531,27,281,889,718,444,886,918,911,733,243,896,718,0,679,155,111,233,340,25,826,572,54,102,95,101,73,86,54,56,82,78,69,44,55,52,92,57,84,69,60,60,37,52,42,49,74,48,46,37,47,71,74,66
[ 32.000938] wil6210-aoa$0,1606461631.732029,04:d6:aa:c1:38:97,2,1,1,0,128,329,959,733,754,957,3,429,443,205,387,70,210,846,67,173,550,857,951,374,913,756,3,751,52,215,370,149,229,371,37,311,14,59,104,94,100,73,87,57,59,84,82,72,47,57,54,94,60,86,69,60,63,39,57,44,53,77,51,48,42,51,76,79,73
[ 32.032537] wil6210-aoa$0,1606461631.763629,04:d6:aa:c1:38:97,2,1,1,0,128,293,923,806,820,911,1006,389,392,161,373,1018,150,813,29,124,578,919,974,386,935,767,44,682,27,697,209,108,237,387,45,972,794,58,105,96,100,74,86,60,58,84,80,73,46,56,54,96,60,88,71,61,63,38,57,44,53,75,50,48,43,50,74,74,72
[ 32.062354] wil6210-aoa$0,1606461631.793447,04:d6:aa:c1:38:97,2,1,1,0,128,301,955,219,604,928,1000,890,214,165,353,5,166,349,939,193,602,969,1010,329,899,151,874,137,828,744,191,652,109,343,27,265,1009,53,102,91,97,70,81,54,55,82,77,67,43,51,50,86,55,80,67,57,58,35,50,41,48,69,46,45,38,46,70,72,64
[ 32.087874] wil6210-aoa$0,1606461631.818968,04:d6:aa:c1:38:97,2,1,1,0,128,302,948,748,745,931,17,466,414,110,351,521,1022,802,40,187,578,872,967,360,910,686,19,723,32,241,373,567,11,909,923,955,737,55,99,92,98,71,82,53,55,81,77,69,45,50,52,91,55,83,67,57,60,36,53,40,50,73,48,46,38,45,71,69,65
[ 32.113496] wil6210-aoa$0,1606461631.844588,04:d6:aa:c1:38:97,2,1,1,0,128,734,728,810,782,955,1013,400,409,139,345,26,145,820,36,239,593,907,940,823,695,206,899,155,855,629,122,114,209,781,851,630,394,57,104,91,100,75,87,59,57,87,82,74,48,57,55,98,60,88,69,62,63,40,56,45,56,78,52,51,45,53,79,81,76
[ 32.147287] wil6210-aoa$0,1606461631.878377,04:d6:aa:c1:38:97,2,1,1,0,128,294,936,806,812,916,2,416,365,191,397,58,204,843,49,211,602,913,940,432,930,184,867,695,1014,611,108,147,196,392,21,429,99,53,101,94,99,72,82,55,59,80,77,70,44,54,52,94,59,82,67,59,60,36,51,41,50,73,47,48,39,46,72,73,70
[ 32.173732] wil6210-aoa$0,1606461631.904825,04:d6:aa:c1:38:97,2,1,1,0,128,275,914,801,790,939,2,403,418,139,360,6,167,812,43,203,565,916,976,399,941,707,43,711,0,217,398,128,229,364,66,870,624,59,112,100,107,82,94,60,62,91,87,78,50,63,58,102,63,92,77,66,68,40,61,48,57,82,55,53,46,53,82,85,78
[ 32.199501] wil6210-aoa$0,1606461631.930592,04:d6:aa:c1:38:97,2,1,1,0,128,301,939,208,579,925,1000,869,169,624,133,86,246,791,43,182,605,938,1003,346,918,706,14,715,20,683,213,70,199,834,846,913,708,59,112,101,109,81,92,62,63,89,85,74,50,57,55,102,66,89,74,64,67,41,59,46,56,83,52,51,44,53,80,79,74
[ 32.229009] wil6210-aoa$0,1606461631.960104,04:d6:aa:c1:38:97,2,1,1,0,128,774,715,715,722,949,1017,355,388,187,375,45,160,848,53,643,320,429,796,884,715,207,875,137,800,678,161,525,26,812,860,391,327,55,104,93,98,72,82,56,58,82,76,70,43,52,52,91,53,84,67,58,62,35,50,41,48,71,46,45,37,44,70,72,64
[ 32.259390] wil6210-aoa$0,1606461631.990483,04:d6:aa:c1:38:97,2,1,1,0,128,310,863,339,660,900,984,422,388,113,312,4,140,800,14,658,336,355,745,850,692,175,806,249,902,233,387,31,205,853,868,748,517,62,107,101,103,78,90,63,63,90,87,79,51,63,58,105,65,91,76,66,67,41,61,47,57,82,54,54,48,53,84,87,81
[ 32.284863] wil6210-aoa$0,1606461632.015956,04:d6:aa:c1:38:97,2,1,1,0,128,792,771,832,813,932,991,897,199,641,176,551,39,833,5,217,571,853,929,395,919,728,50,698,24,137,301,566,1023,853,908,177,966,54,101,89,93,72,81,54,54,85,79,73,46,54,53,92,56,83,66,59,59,36,54,42,50,74,48,47,41,46,72,76,70
[ 32.314107] wil6210-aoa$0,1606461632.045195,04:d6:aa:c1:38:97,2,1,1,0,128,827,748,748,773,854,965,904,215,143,411,55,223,844,54,623,335,340,758,764,649,224,852,192,841,210,342,595,17,885,856,976,809,56,102,88,95,72,83,56,54,84,80,70,47,53,53,93,57,85,68,59,62,36,56,42,53,76,49,49,42,48,75,79,73
[ 32.345270] wil6210-aoa$0,1606461632.076364,04:d6:aa:c1:38:97,2,1,1,0,128,341,965,763,775,932,960,401,375,172,398,77,240,750,18,198,639,912,942,356,921,735,55,751,41,214,374,136,246,392,79,753,430,54,100,92,97,72,84,55,56,82,81,70,46,55,52,92,59,84,68,60,61,38,54,44,54,76,51,48,43,51,76,78,73
[ 32.373764] wil6210-aoa$0,1606461632.104855,04:d6:aa:c1:38:97,2,1,1,0,128,260,891,811,771,872,980,869,210,138,316,91,248,763,997,234,605,890,908,864,727,183,871,203,875,705,208,85,186,355,24,35,809,61,113,101,107,82,93,62,62,92,85,79,51,61,58,106,66,94,75,68,68,40,60,48,58,83,54,51,45,54,80,86,80
[ 32.400780] wil6210-aoa$0,1606461632.131873,04:d6:aa:c1:38:97,2,1,1,0,128,265,946,714,740,931,987,364,391,196,369,68,214,900,125,179,590,911,991,318,889,166,876,706,12,234,395,191,292,319,29,486,218,60,111,100,106,80,90,61,62,90,84,79,50,59,58,102,64,92,76,65,66,40,60,45,57,79,53,51,45,54,83,80,78
[ 32.426428] wil6210-aoa$0,1606461632.157522,04:d6:aa:c1:38:97,2,1,1,0,128,241,883,819,780,903,994,404,409,127,375,27,213,768,51,200,572,940,986,333,900,668,16,140,877,205,377,126,227,361,57,700,400,58,111,102,107,82,90,60,61,91,86,75,47,58,55,99,61,91,72,64,64,39,56,45,54,81,50,49,43,49,76,79,72
[ 32.454341] wil6210-aoa$0,1606461632.185431,04:d6:aa:c1:38:97,2,1,1,0,128,340,1010,685,718,945,997,389,380,184,395,21,145,883,98,110,536,879,966,342,863,687,5,732,40,161,361,109,237,363,44,1003,808,65,110,101,105,82,95,64,62,91,89,80,54,62,58,110,67,93,76,68,68,45,62,51,62,85,58,57,51,57,87,90,86
[ 32.487310] wil6210-aoa$0,1606461632.218401,04:d6:aa:c1:38:97,2,1,1,0,128,239,891,805,834,932,993,468,430,265,467,34,152,848,85,137,561,889,925,435,946,789,40,755,29,262,380,170,276,399,54,409,98,62,112,102,107,79,93,63,60,94,88,78,51,62,58,105,66,95,75,68,70,43,62,48,60,87,58,55,48,56,84,87,85
[ 32.513949] wil6210-aoa$0,1606461632.245037,04:d6:aa:c1:38:97,2,1,1,0,128,267,897,779,779,889,951,512,471,153,372,124,250,826,53,228,612,840,909,401,932,718,27,711,18,119,296,551,1023,839,869,436,351,61,112,102,108,79,91,61,61,90,84,77,47,59,57,99,61,89,74,64,64,38,55,45,53,76,48,46,42,49,74,76,70
[ 32.546665] wil6210-aoa$0,1606461632.277753,04:d6:aa:c1:38:97,2,1,1,0,128,319,913,186,548,391,811,446,433,194,370,513,1013,855,38,173,581,845,941,319,868,722,1019,145,823,178,319,162,233,356,1014,85,905,60,113,102,108,81,91,61,62,88,83,77,49,60,56,102,64,93,76,66,66,38,56,46,54,78,52,50,46,50,77,80,77
[ 32.573116] wil6210-aoa$0,1606461632.304205,04:d6:aa:c1:38:97,2,1,1,0,128,266,895,803,798,914,986,890,243,229,386,67,210,256,873,683,391,348,746,921,737,157,824,703,8,740,196,207,296,342,17,499,215,55,105,94,99,75,84,54,57,81,76,70,44,51,50,89,58,83,68,58,59,35,49,41,47,71,42,42,37,42,67,67,60
[ 32.606153] wil6210-aoa$0,1606461632.337242,04:d6:aa:c1:38:97,2,1,1,0,128,783,777,849,811,935,1006,431,395,184,407,76,205,818,40,703,426,871,946,393,927,707,20,735,6,202,355,137,231,394,28,444,136,54,100,89,95,72,84,57,54,82,79,71,46,54,53,96,57,85,67,59,62,37,54,43,52,75,51,50,43,51,75,81,76
[ 32.633310] wil6210-aoa$0,1606461632.364402,04:d6:aa:c1:38:97,2,1,1,0,128,282,925,808,788,905,997,414,403,218,421,87,217,854,71,180,588,1005,987,389,905,731,14,746,70,175,355,96,226,385,36,257,961,55,102,94,102,74,83,57,58,84,78,73,47,55,53,96,59,86,70,61,62,39,56,43,52,76,50,46,42,49,76,77,72
[ 32.663880] wil6210-aoa$0,1606461632.394973,04:d6:aa:c1:38:97,2,1,1,0,128,307,934,761,754,915,975,404,366,186,372,31,198,826,73,187,574,899,932,861,719,180,865,767,60,251,401,107,243,457,96,88,819,59,113,101,105,81,91,61,62,90,86,74,46,57,55,98,60,91,73,64,65,37,56,45,54,77,51,50,44,50,80,81,74
[ 32.689580] wil6210-aoa$0,1606461632.420673,04:d6:aa:c1:38:97,2,1,1,0,128,731,709,832,777,920,1007,368,373,152,356,71,228,810,25,233,612,926,1011,325,907,682,1022,726,6,185,379,125,235,367,55,621,300,61,112,102,104,80,93,63,63,91,86,75,49,61,57,101,64,90,73,65,65,42,62,48,57,83,54,55,48,55,85,86,81
[ 32.720805] wil6210-aoa$0,1606461632.451899,04:d6:aa:c1:38:97,2,1,1,0,128,780,738,793,769,922,1007,383,364,129,381,34,146,835,28,206,570,869,967,406,876,733,64,676,1004,220,368,113,248,348,3,917,690,56,104,93,97,76,87,58,58,84,80,73,47,57,51,100,60,86,71,62,64,38,55,44,53,77,50,50,43,52,76,79,74
[ 32.746736] wil6210-aoa$0,1606461632.477829,04:d6:aa:c1:38:97,2,1,1,0,128,257,911,745,775,889,990,881,219,589,143,560,19,872,38,194,603,896,964,352,916,620,993,783,43,190,358,590,44,905,906,326,10,61,111,100,105,82,92,59,60,90,84,77,49,59,57,99,63,89,74,64,64,40,57,46,55,79,52,50,44,50,77,80,75
[ 32.775577] wil6210-aoa$0,1606461632.506664,04:d6:aa:c1:38:97,2,1,1,0,128,267,896,827,826,898,1008,444,411,158,331,96,213,789,41,178,527,940,984,384,912,766,61,697,1021,217,355,100,227,449,110,742,359,56,104,93,98,76,87,57,56,83,80,70,48,56,53,97,59,86,71,62,63,39,57,46,56,80,53,51,45,54,79,80,78
[ 32.802261] wil6210-aoa$0,1606461632.533350,04:d6:aa:c1:38:97,2,1,1,0,128,290,916,680,728,363,787,436,430,187,403,72,190,852,90,212,563,841,912,384,902,707,1016,719,2,198,359,95,237,352,31,277,1014,56,102,96,100,74,86,59,56,82,81,71,46,56,52,94,59,83,70,60,61,37,54,44,53,76,49,48,44,50,78,76,73
[ 32.835529] wil6210-aoa$0,1606461632.566616,04:d6:aa:c1:38:97,2,1,1,0,128,316,943,783,785,819,961,419,412,106,354,42,187,780,17,228,577,916,973,401,910,701,19,759,41,188,379,96,255,400,37,885,627,52,100,91,95,70,82,54,54,80,74,69,42,51,50,90,57,80,64,57,58,33,49,38,49,68,44,43,38,44,67,70,65
[ 32.868372] wil6210-aoa$0,1606461632.599464,04:d6:aa:c1:38:97,2,1,1,0,128,283,927,772,760,955,1006,422,384,182,367,62,235,751,19,238,597,919,948,432,944,767,35,745,56,198,331,92,227,359,43,504,292,60,112,102,107,78,91,62,61,93,85,78,51,58,55,99,62,89,73,64,67,39,56,45,56,79,52,50,43,51,78,80,76
[ 32.896524] wil6210-aoa$0,1606461632.627612,04:d6:aa:c1:38:97,2,1,1,0,128,292,943,750,744,946,1017,352,382,142,360,47,187,850,34,192,589,893,950,382,919,160,851,775,44,165,328,137,244,398,75,544,294,54,103,94,100,71,82,56,58,83,78,70,42,53,53,90,57,83,67,58,57,35,51,39,47,72,45,41,35,46,70,69,63
[ 32.930156] wil6210-aoa$0,1606461632.661246,04:d6:aa:c1:38:97,2,1,1,0,128,302,925,238,549,971,25,892,212,137,359,599,44,302,923,211,588,940,992,390,895,731,18,742,17,649,130,650,46,375,9,550,294,51,102,91,97,72,82,54,54,82,76,69,44,50,50,91,54,82,66,58,60,35,53,40,50,73,47,46,39,48,73,77,72
[ 32.962674] wil6210-aoa$0,1606461632.693762,04:d6:aa:c1:38:97,2,1,1,0,128,289,971,729,701,467,833,415,410,166,373,76,210,294,859,694,355,956,1010,812,702,191,871,679,22,174,350,89,226,366,60,683,446,59,113,99,107,78,91,60,61,91,85,76,48,58,55,102,62,87,74,65,64,39,56,45,55,78,52,48,41,49,75,77,69
[ 32.996343] wil6210-aoa$0,1606461632.727432,04:d6:aa:c1:38:97,2,1,1,0,128,749,710,195,569,352,796,856,180,625,171,61,204,850,56,193,572,410,809,849,718,227,898,750,20,221,378,109,202,331,4,548,375,59,111,102,106,79,93,61,60,91,85,77,49,58,57,101,63,91,74,65,67,42,59,46,55,83,53,51,43,52,80,82,77
[ 33.029665] wil6210-aoa$0,1606461632.760758,04:d6:aa:c1:38:97,2,1,1,0,128,258,917,203,582,930,1002,896,208,675,147,106,216,807,26,241,573,926,947,371,882,707,1023,823,74,226,366,144,263,309,41,20,858,58,108,99,106,80,91,62,63,90,82,74,47,58,51,97,60,89,71,63,63,40,54,44,51,80,48,48,41,50,76,74,69
[ 33.055992] wil6210-aoa$0,1606461632.787085,04:d6:aa:c1:38:97,2,1,1,0,128,279,934,757,804,924,997,390,369,185,400,85,209,787,30,193,585,916,979,355,921,751,69,770,62,236,381,127,278,333,25,657,473,63,114,100,107,81,94,63,62,93,85,80,51,60,60,102,65,93,72,67,68,42,59,47,58,83,55,52,47,54,82,89,81
[ 33.086174] wil6210-aoa$0,1606461632.817263,04:d6:aa:c1:38:97,2,1,1,0,128,261,887,819,787,906,976,959,231,640,206,15,157,863,64,174,557,357,764,378,902,192,870,203,865,191,386,54,188,886,892,751,542,53,100,91,96,73,82,53,56,83,76,70,45,54,51,89,58,81,67,57,61,36,53,41,51,72,48,45,40,46,71,73,68
[ 33.118259] wil6210-aoa$0,1606461632.849352,04:d6:aa:c1:38:97,2,1,1,0,128,290,945,231,593,320,839,434,421,165,359,58,221,810,5,200,636,892,969,782,685,726,27,688,9,755,214,163,261,848,853,996,867,57,102,95,99,72,85,57,58,83,81,71,49,55,55,97,59,85,69,61,64,37,56,43,53,78,50,50,43,49,77,80,76
[ 33.147187] wil6210-aoa$0,1606461632.878276,04:d6:aa:c1:38:97,2,1,1,0,128,274,914,781,770,903,965,438,378,100,323,566,41,820,39,182,579,870,945,391,942,696,1003,721,2,678,166,156,285,429,74,584,259,60,109,104,107,79,91,61,63,88,83,77,51,59,57,102,64,94,76,64,67,41,59,48,59,82,55,50,46,53,82,81,78
[ 33.181283] wil6210-aoa$0,1606461632.912371,04:d6:aa:c1:38:97,2,1,1,0,128,265,915,784,751,943,1003,863,191,585,123,97,223,858,85,166,561,906,950,396,893,210,903,711,13,171,336,88,197,800,830,557,357,60,111,100,107,79,92,62,62,91,84,78,50,59,56,103,64,91,72,65,67,40,57,47,57,83,50,50,45,53,77,80,76
[ 33.214988] wil6210-aoa$0,1606461632.946070,04:d6:aa:c1:38:97,2,1,1,0,128,288,933,772,725,920,990,443,409,102,294,57,173,819,25,175,534,338,750,381,930,731,24,745,56,282,398,123,261,330,52,462,235,56,101,90,99,73,82,54,58,84,78,71,44,54,51,93,58,82,68,59,60,35,52,39,49,72,46,44,40,45,71,69,65
[ 33.242735] wil6210-aoa$0,1606461632.973824,04:d6:aa:c1:38:97,2,1,1,0,128,281,911,787,781,922,991,446,460,195,379,129,229,832,71,213,597,906,981,408,904,743,61,751,66,147,325,617,34,327,21,347,154,61,108,102,107,81,94,65,63,93,89,80,53,63,59,107,68,96,76,67,69,44,63,50,61,86,58,55,53,58,87,93,88
[ 33.278158] wil6210-aoa$0,1606461633.009246,04:d6:aa:c1:38:97,2,1,1,0,128,320,973,695,702,966,7,367,383,211,409,76,207,835,61,204,560,894,924,423,901,751,0,744,1020,660,116,613,25,849,874,543,322,61,111,97,107,79,95,61,61,93,89,81,53,61,58,105,66,91,75,67,67,41,59,48,58,84,55,53,48,56,83,85,81
[ 33.311610] wil6210-aoa$0,1606461633.042698,04:d6:aa:c1:38:97,2,1,1,0,128,299,911,778,784,988,1003,449,415,225,382,16,191,825,36,180,585,915,971,432,959,720,10,721,42,237,394,129,243,332,24,544,199,52,97,90,97,71,82,54,54,81,77,69,43,52,52,90,54,83,67,54,56,36,51,40,48,70,44,43,37,42,69,70,64
[ 33.343848] wil6210-aoa$0,1606461633.074941,04:d6:aa:c1:38:97,2,1,1,0,128,262,860,197,553,435,828,416,376,664,184,83,216,297,854,640,342,315,707,892,718,108,806,185,796,704,126,563,1020,785,807,357,289,57,104,95,101,76,88,58,58,86,81,72,49,57,53,99,62,86,69,62,62,39,56,45,54,77,54,51,43,50,75,80,77
[ 33.373241] wil6210-aoa$0,1606461633.104329,04:d6:aa:c1:38:97,2,1,1,0,128,334,972,835,786,911,983,907,252,187,384,105,251,845,49,207,605,870,949,434,957,697,31,735,43,229,367,616,33,885,870,652,388,56,103,94,100,76,86,58,59,86,83,72,48,56,54,96,61,87,70,61,65,38,56,44,53,78,52,49,44,49,76,79,74
[ 33.405052] wil6210-aoa$0,1606461633.136144,04:d6:aa:c1:38:97,2,1,1,0,128,322,946,775,809,919,980,388,393,216,446,71,192,793,37,203,563,940,989,360,934,717,21,724,46,234,417,121,223,451,77,557,185,53,104,91,96,72,83,55,58,85,80,71,45,52,51,92,58,81,66,58,60,34,51,41,49,72,45,45,39,45,70,70,65
[ 33.434489] wil6210-aoa$0,1606461633.165577,04:d6:aa:c1:38:97,2,1,1,0,128,238,907,823,795,916,969,455,381,149,330,68,199,829,35,145,541,318,684,843,716,745,43,685,20,181,377,82,217,321,12,321,1023,54,101,90,95,72,83,54,55,82,77,72,45,54,53,93,56,84,66,59,60,36,53,43,51,72,46,46,42,46,73,73,71
[ 33.466577] wil6210-aoa$0,1606461633.197670,04:d6:aa:c1:38:97,2,1,1,0,128,256,894,760,763,969,987,444,413,160,394,34,212,843,98,158,590,951,1004,413,904,739,38,702,34,240,387,128,242,364,23,466,190,52,102,91,97,69,81,54,53,79,75,67,43,51,49,89,53,78,62,55,57,35,49,37,46,69,43,41,36,44,68,67,60
[ 33.495983] wil6210-aoa$0,1606461633.227070,04:d6:aa:c1:38:97,2,1,1,0,128,310,929,823,780,929,970,852,160,201,403,65,228,746,1007,710,413,380,782,353,854,736,36,706,1001,241,386,146,260,389,37,665,421,60,111,99,107,80,91,59,58,90,84,75,47,57,58,101,61,90,72,66,63,39,57,43,54,80,51,49,43,51,77,76,73
[ 33.530283] wil6210-aoa$0,1606461633.261370,04:d6:aa:c1:38:97,2,1,1,0,128,751,700,190,499,432,827,371,352,145,327,46,188,852,58,610,390,354,786,849,658,217,869,707,28,250,424,100,261,356,38,118,898,60,114,98,106,79,90,62,61,91,87,79,52,58,57,103,64,92,73,65,67,40,59,45,58,82,55,51,45,52,82,82,78
[ 33.564281] wil6210-aoa$0,1606461633.295370,04:d6:aa:c1:38:97,2,1,1,0,128,243,916,806,780,927,967,880,185,603,144,510,1018,253,865,256,609,358,764,411,902,744,81,669,1020,219,374,90,228,352,14,666,428,59,115,100,105,78,90,60,61,90,83,77,46,57,57,96,61,88,72,64,65,39,56,45,53,79,49,47,44,49,74,78,71
[ 33.598326] wil6210-aoa$0,1606461633.329415,04:d6:aa:c1:38:97,2,1,1,0,128,271,943,793,794,893,987,854,183,626,151,65,226,877,37,158,507,908,972,336,866,180,879,775,31,226,356,95,242,352,35,589,446,53,100,89,94,73,82,53,55,81,77,67,41,53,50,90,56,81,65,57,58,33,51,39,48,71,46,46,37,45,70,69,64
[ 33.632228] wil6210-aoa$0,1606461633.363315,04:d6:aa:c1:38:97,2,1,1,0,128,769,764,249,619,832,916,925,228,615,193,513,10,298,883,664,383,327,759,385,893,218,919,727,3,227,369,121,252,343,11,428,215,54,99,89,96,72,82,55,54,81,76,69,43,54,51,90,55,83,66,56,60,37,52,41,51,73,48,47,41,47,70,75,70
[ 33.662022] wil6210-aoa$0,1606461633.393115,04:d6:aa:c1:38:97,2,1,1,0,128,310,948,733,742,949,959,909,202,169,351,9,186,843,50,270,611,938,1000,399,943,774,90,746,32,223,386,100,201,397,51,973,648,58,109,101,105,77,91,58,61,91,85,77,49,60,60,100,62,91,74,65,66,41,59,46,57,80,52,51,46,52,78,80,76
[ 33.688512] wil6210-aoa$0,1606461633.419601,04:d6:aa:c1:38:97,2,1,1,0,128,743,726,754,759,940,982,441,463,175,405,102,244,286,875,218,570,945,953,385,935,781,112,694,26,639,132,188,255,341,10,17,768,51,95,89,94,70,80,53,53,80,76,67,44,51,50,89,56,82,67,56,57,35,52,39,48,70,44,43,35,43,67,68,64
[ 33.722370] wil6210-aoa$0,1606461633.453458,04:d6:aa:c1:38:97,2,1,1,0,128,236,875,777,783,923,997,858,223,157,361,35,233,832,43,211,644,900,965,361,893,745,56,733,62,210,350,88,203,416,41,833,581,56,103,95,100,74,86,57,58,82,77,71,47,54,52,96,61,87,67,60,62,38,57,43,52,76,48,48,42,48,75,76,71
[ 33.750073] wil6210-aoa$0,1606461633.481166,04:d6:aa:c1:38:97,2,1,1,0,128,719,713,234,559,357,771,893,180,589,103,526,21,790,25,192,575,920,974,373,874,208,880,187,853,624,141,157,244,369,55,120,896,57,110,100,104,78,87,57,60,86,81,73,45,54,53,92,58,88,72,60,64,37,53,42,52,77,48,48,42,46,73,71,70
[ 33.782718] wil6210-aoa$0,1606461633.513810,04:d6:aa:c1:38:97,2,1,1,0,128,314,944,270,595,920,995,433,392,186,388,41,213,786,32,174,559,321,724,382,906,119,820,199,894,227,395,88,184,353,74,870,596,59,112,101,105,81,92,61,62,93,87,77,49,59,57,102,64,93,75,64,67,40,59,46,56,83,53,52,46,52,80,81,80
[ 33.809487] wil6210-aoa$0,1606461633.540581,04:d6:aa:c1:38:97,2,1,1,0,128,337,902,745,756,970,1010,409,388,152,359,19,201,826,31,192,597,914,943,786,665,164,856,148,836,627,122,559,10,359,31,659,413,59,108,102,106,78,90,61,60,89,83,75,49,57,55,100,62,90,71,63,66,39,56,44,54,79,50,47,41,49,74,76,73
[ 33.842771] wil6210-aoa$0,1606461633.573859,04:d6:aa:c1:38:97,2,1,1,0,128,283,955,724,748,941,1012,418,394,122,370,67,210,812,41,211,609,860,916,411,931,771,59,743,17,255,416,67,191,355,59,763,495,62,110,97,104,80,93,63,62,91,85,79,53,64,59,108,65,94,74,67,68,41,62,50,61,85,60,54,51,58,85,88,85
[ 33.872498] wil6210-aoa$0,1606461633.603590,04:d6:aa:c1:38:97,2,1,1,0,128,260,913,807,829,982,14,349,394,626,175,547,12,857,64,144,585,858,931,359,906,193,845,725,26,217,403,80,209,381,2,88,889,60,112,101,107,79,94,63,61,91,89,79,51,60,57,108,67,94,75,65,69,42,61,47,59,86,58,55,49,55,85,87,84
[ 33.899072] wil6210-aoa$0,1606461633.630161,04:d6:aa:c1:38:97,2,1,1,0,128,285,923,159,547,995,4,471,418,112,345,490,1,818,76,257,617,932,989,337,898,715,48,798,117,232,418,97,203,355,51,271,968,56,110,100,105,76,84,57,61,83,80,70,46,51,50,91,56,83,69,59,61,36,54,39,52,73,45,44,37,42,69,70,60
[ 33.930070] wil6210-aoa$0,1606461633.661163,04:d6:aa:c1:38:97,2,1,1,0,128,246,888,812,791,947,1003,422,440,194,396,50,251,798,35,274,648,867,955,312,867,156,825,723,50,231,377,156,262,345,19,865,624,63,110,103,108,79,93,63,62,93,86,79,53,62,60,104,65,94,76,67,68,43,62,48,59,83,55,55,47,55,85,88,82
[ 33.961971] wil6210-aoa$0,1606461633.693061,04:d6:aa:c1:38:97,2,1,1,0,128,280,942,825,789,958,11,406,423,160,383,110,237,779,18,168,554,875,966,392,949,725,1,776,54,224,400,132,277,408,60,476,141,53,99,90,95,71,83,54,53,82,77,69,44,54,49,90,56,81,67,57,60,36,52,41,52,74,49,46,43,49,72,74,70
[ 33.995380] wil6210-aoa$0,1606461633.726473,04:d6:aa:c1:38:97,2,1,1,0,128,191,863,863,781,958,22,435,423,151,375,8,144,811,23,120,516,873,910,862,728,167,847,169,851,247,370,167,283,367,40,183,31,55,100,91,98,75,85,56,56,85,78,73,47,58,54,93,59,87,70,60,62,37,55,44,51,77,48,47,42,48,75,77,72
[ 34.027260] wil6210-aoa$0,1606461633.758352,04:d6:aa:c1:38:97,2,1,1,0,128,244,886,794,768,900,1011,443,404,137,322,65,160,818,43,239,622,933,932,449,932,721,7,766,21,301,436,168,314,388,54,230,909,59,113,98,105,80,91,61,62,91,84,77,49,59,55,102,63,93,74,64,67,40,58,46,57,83,54,54,48,54,83,88,81
[ 34.056973] wil6210-aoa$0,1606461633.788060,04:d6:aa:c1:38:97,2,1,1,0,128,304,937,698,726,887,971,861,208,160,361,21,157,840,34,599,306,402,745,401,935,175,883,689,30,172,358,57,213,393,57,669,475,60,111,100,107,79,94,62,63,90,85,77,48,56,54,100,62,88,70,64,64,38,57,46,54,78,53,48,43,50,80,79,75
[ 34.092093] wil6210-aoa$0,1606461633.823182,04:d6:aa:c1:38:97,2,1,1,0,128,743,718,231,583,977,4,870,195,655,153,63,193,265,869,178,568,317,741,871,694,207,823,190,829,756,186,145,228,848,863,465,259,54,98,87,93,70,84,55,53,81,77,69,45,56,50,95,59,83,66,60,60,36,53,42,53,74,51,49,42,48,76,81,75
[ 34.126819] wil6210-aoa$0,1606461633.857908,04:d6:aa:c1:38:97,2,1,1,0,128,288,887,844,836,896,975,386,381,181,355,25,214,774,29,183,585,970,967,358,889,708,1014,96,805,666,188,164,241,339,21,894,691,58,111,100,105,77,87,57,60,87,80,74,46,54,53,98,61,88,69,61,63,38,55,45,53,76,47,48,42,46,73,72,69
[ 34.155932] wil6210-aoa$0,1606461633.887021,04:d6:aa:c1:38:97,2,1,1,0,128,252,896,263,588,338,776,448,405,234,411,8,192,884,88,224,606,935,994,427,979,675,10,724,19,681,190,128,271,356,40,67,844,53,99,88,94,71,81,54,53,79,74,67,42,51,49,89,56,80,67,56,59,35,52,39,48,68,43,43,37,43,71,72,67
[ 34.190279] wil6210-aoa$0,1606461633.921373,04:d6:aa:c1:38:97,2,1,1,0,128,301,961,764,754,934,1002,941,206,152,359,119,240,869,101,227,585,883,944,416,915,691,991,748,71,246,404,100,214,388,62,34,838,60,109,99,101,79,92,61,60,92,87,79,52,60,58,105,64,94,75,66,67,42,62,49,61,79,54,52,46,56,84,86,81
[ 34.218993] wil6210-aoa$0,1606461633.950082,04:d6:aa:c1:38:97,2,1,1,0,128,271,898,153,528,393,809,870,175,200,398,1012,130,850,75,199,564,961,986,379,913,715,1011,770,26,184,355,111,239,810,891,954,807,58,103,94,100,75,86,57,57,85,80,73,48,57,56,97,60,86,69,60,64,39,57,44,56,77,54,50,44,51,78,82,78
[ 34.253946] wil6210-aoa$0,1606461633.985033,04:d6:aa:c1:38:97,2,1,1,0,128,287,914,798,792,973,5,472,445,183,451,16,214,865,76,245,611,918,970,348,888,750,11,723,997,744,206,97,173,383,59,450,187,61,113,100,107,81,91,62,61,92,87,76,51,58,57,103,63,90,72,66,68,41,58,48,58,81,55,52,46,54,82,83,79
[ 34.288775] wil6210-aoa$0,1606461634.019863,04:d6:aa:c1:38:97,2,1,1,0,128,696,698,218,517,380,810,900,171,653,169,572,7,808,51,171,551,337,756,801,682,187,828,149,807,681,145,566,1006,864,855,319,187,52,97,88,95,70,82,52,54,80,76,68,45,51,50,91,56,82,66,57,60,37,52,39,50,74,47,48,40,46,73,74,70
[ 34.321961] wil6210-aoa$0,1606461634.053053,04:d6:aa:c1:38:97,2,1,1,0,128,318,945,776,768,909,978,371,381,215,414,78,213,860,88,231,628,895,937,810,691,204,866,749,29,731,170,613,38,382,48,686,402,58,110,100,106,82,93,61,63,91,87,79,49,60,58,104,63,93,77,65,68,42,59,49,56,81,54,54,47,53,81,85,77
[ 34.349066] wil6210-aoa$0,1606461634.080159,04:d6:aa:c1:38:97,2,1,1,0,128,337,977,793,789,934,1022,328,340,210,415,1006,123,832,58,198,549,930,968,810,666,678,4,162,835,700,137,514,961,864,864,135,953,59,110,101,105,81,92,59,61,90,84,78,50,57,56,103,61,89,73,65,65,40,57,45,58,80,52,51,47,52,82,83,78
[ 34.382749] wil6210-aoa$0,1606461634.113838,04:d6:aa:c1:38:97,2,1,1,0,128,281,953,782,768,939,1007,425,400,202,389,42,157,847,10,690,366,982,975,450,981,793,55,737,20,180,341,91,216,360,26,724,459,60,108,99,106,81,94,62,62,93,88,79,53,60,58,105,65,93,74,67,69,43,62,50,59,83,59,55,50,58,85,91,87
[ 34.417923] wil6210-aoa$0,1606461634.149007,04:d6:aa:c1:38:97,2,1,1,0,128,278,919,251,593,394,796,875,205,593,103,546,1016,232,817,670,352,394,778,378,862,795,50,784,39,182,360,96,246,332,2,782,541,56,103,94,98,74,86,57,57,85,80,71,47,57,52,95,61,87,70,61,64,37,56,45,54,77,51,49,43,48,73,81,73
[ 34.447177] wil6210-aoa$0,1606461634.178265,04:d6:aa:c1:38:97,2,1,1,0,128,757,758,857,873,921,1001,421,425,189,404,79,234,792,34,242,595,920,952,373,922,738,39,703,8,620,127,210,327,305,5,552,300,56,103,94,99,73,85,57,58,83,78,69,45,54,53,93,57,85,71,59,61,38,53,42,52,74,47,47,41,45,72,75,70
[ 34.481981] wil6210-aoa$0,1606461634.213068,04:d6:aa:c1:38:97,2,1,1,0,128,381,996,785,770,914,1005,359,376,206,422,0,191,874,99,126,562,911,929,357,889,706,43,155,857,695,190,619,72,410,54,962,685,59,107,100,107,78,90,60,60,89,85,76,48,57,57,101,62,89,73,62,65,37,55,45,54,78,49,50,43,51,77,79,72
[ 34.513638] wil6210-aoa$0,1606461634.244731,04:d6:aa:c1:38:97,2,1,1,0,128,329,968,757,753,361,815,406,393,178,368,59,180,806,32,196,567,913,978,404,933,731,26,776,64,265,414,134,248,333,40,32,772,54,104,92,97,73,84,56,57,83,77,71,44,51,53,92,59,83,67,57,60,36,50,41,49,72,47,45,41,45,70,71,69
[ 34.546429] wil6210-aoa$0,1606461634.277522,04:d6:aa:c1:38:97,2,1,1,0,128,214,873,782,783,915,980,420,403,168,370,45,217,783,37,181,563,898,939,432,910,771,76,709,8,197,343,111,210,328,12,43,851,62,109,98,106,79,92,59,61,91,86,77,50,57,57,103,63,90,71,67,65,40,55,47,56,81,53,51,45,52,81,83,79
[ 34.576573] wil6210-aoa$0,1606461634.307662,04:d6:aa:c1:38:97,2,1,1,0,128,346,953,758,782,991,13,348,371,179,379,68,189,793,43,177,554,929,957,347,918,747,70,732,46,187,379,152,279,375,51,190,842,55,103,94,98,73,88,58,56,85,79,72,49,57,54,97,58,88,68,59,63,38,56,45,55,79,53,50,44,55,81,82,79
[ 34.604285] wil6210-aoa$0,1606461634.335378,04:d6:aa:c1:38:97,2,1,1,0,128,281,924,188,578,404,811,890,227,687,236,531,1022,303,898,688,383,905,974,806,674,173,834,101,788,698,159,92,199,432,65,749,527,61,112,102,104,82,95,62,59,92,88,81,51,63,57,105,65,93,76,66,67,42,61,49,61,85,57,52,48,57,86,89,82
[ 34.634853] wil6210-aoa$0,1606461634.365942,04:d6:aa:c1:38:97,2,1,1,0,128,303,908,870,803,375,809,477,399,177,361,492,1020,332,894,167,557,351,736,866,717,167,868,773,41,240,434,131,269,336,44,531,278,56,101,91,97,73,84,57,55,86,80,72,47,56,54,97,62,85,69,59,61,39,55,43,54,75,52,50,44,51,76,81,77
[ 34.670155] wil6210-aoa$0,1606461634.401246,04:d6:aa:c1:38:97,2,1,1,0,128,744,723,241,607,342,806,467,444,172,371,78,198,880,48,252,647,883,983,342,880,753,33,729,1023,230,385,23,158,341,1013,108,868,55,107,96,104,72,86,56,59,83,80,73,42,53,52,89,57,83,69,58,60,36,51,39,49,72,43,43,37,45,65,69,64
[ 34.705636] wil6210-aoa$0,1606461634.436727,04:d6:aa:c1:38:97,2,1,1,0,128,281,923,769,777,914,1001,422,424,202,388,12,200,796,16,223,600,908,955,372,898,699,10,131,805,694,173,576,39,871,865,707,516,52,97,88,90,71,82,54,53,77,74,67,44,52,51,89,57,81,65,55,57,35,52,40,49,71,48,45,41,46,68,74,67
[ 34.740813] wil6210-aoa$0,1606461634.471901,04:d6:aa:c1:38:97,2,1,1,0,128,730,719,269,591,385,823,413,398,103,360,78,209,823,43,212,576,958,987,361,906,667,993,197,854,225,339,136,208,428,65,495,209,53,98,89,96,70,80,54,53,79,73,69,41,52,49,89,56,80,65,57,56,35,49,40,48,71,46,43,37,44,71,73,66
[ 34.774709] wil6210-aoa$0,1606461634.505801,04:d6:aa:c1:38:97,2,1,1,0,128,739,702,774,763,945,969,908,196,642,175,29,186,225,849,196,544,946,964,370,899,185,868,716,5,706,172,621,23,835,865,415,205,54,96,89,95,69,80,54,52,78,73,68,43,50,48,87,52,78,63,57,57,34,50,39,49,70,45,44,36,45,71,69,65
[ 34.806113] wil6210-aoa$0,1606461634.537201,04:d6:aa:c1:38:97,2,1,1,0,128,285,923,809,794,939,20,394,376,156,354,42,200,256,843,658,379,998,998,369,907,757,84,682,1015,704,175,132,248,360,65,1003,796,58,110,96,104,79,89,61,59,89,84,77,50,60,56,101,63,90,73,66,66,41,58,48,56,78,55,52,45,55,80,85,79
[ 34.842231] wil6210-aoa$0,1606461634.573319,04:d6:aa:c1:38:97,2,1,1,0,128,241,895,784,781,944,1010,413,409,121,348,82,232,843,56,181,562,829,943,355,840,178,847,188,857,239,374,79,220,346,23,218,950,59,108,100,102,79,91,61,61,89,83,77,49,58,56,102,63,90,72,64,66,39,59,46,56,81,53,53,50,54,81,85,80
[ 34.871026] wil6210-aoa$0,1606461634.602116,04:d6:aa:c1:38:97,2,1,1,0,128,324,943,754,750,952,3,360,358,638,173,40,179,773,1011,281,623,858,934,355,858,706,1023,699,18,207,375,109,249,372,28,358,95,53,92,88,93,72,82,56,55,79,76,68,47,54,52,91,58,82,66,56,59,37,54,43,53,74,50,48,42,47,74,75,72
[ 34.903002] wil6210-aoa$0,1606461634.634096,04:d6:aa:c1:38:97,2,1,1,0,128,264,902,776,766,878,927,882,188,625,186,32,169,819,8,193,572,944,952,366,899,703,1014,723,32,283,439,142,277,397,28,326,56,61,106,98,103,79,93,62,60,86,84,77,51,59,58,103,63,92,75,66,66,42,60,48,60,82,57,53,47,56,81,86,80
[ 34.930649] wil6210-aoa$0,1606461634.661741,04:d6:aa:c1:38:97,2,1,1,0,128,330,957,712,768,968,1,393,390,158,364,498,1006,256,849,239,628,879,940,371,928,725,1023,781,50,221,355,122,222,845,845,687,507,55,101,92,100,72,83,55,55,82,76,70,43,53,49,92,56,81,66,59,59,35,51,40,47,70,45,43,37,43,67,71,63
[ 34.964169] wil6210-aoa$0,1606461634.695262,04:d6:aa:c1:38:97,2,1,1,0,128,266,924,779,785,957,993,426,417,151,379,93,257,821,53,225,604,928,962,357,939,694,5,699,2,644,178,144,252,369,50,453,254,59,106,98,102,80,89,60,61,88,84,74,48,59,56,98,62,90,74,64,64,41,59,46,54,79,53,50,45,51,79,82,75
[ 34.991610] wil6210-aoa$0,1606461634.722703,04:d6:aa:c1:38:97,2,1,1,0,128,287,941,796,752,959,1022,447,417,159,392,69,204,891,85,258,628,932,979,409,934,734,18,740,21,207,332,607,46,359,44,45,866,56,106,94,101,75,85,56,57,84,80,70,44,52,51,93,59,85,70,61,63,38,54,42,53,72,46,48,42,46,72,75,71
[ 35.019468] wil6210-aoa$0,1606461634.750558,04:d6:aa:c1:38:97,2,1,1,0,128,267,877,752,768,939,984,416,413,171,346,19,182,813,35,207,588,319,727,870,731,722,37,732,50,182,331,94,231,822,845,826,701,54,104,93,99,76,86,57,56,85,78,71,46,54,54,95,58,85,69,61,62,37,53,43,51,75,51,49,43,49,75,77,71
[ 35.051457] wil6210-aoa$0,1606461634.782549,04:d6:aa:c1:38:97,2,1,1,0,128,292,951,817,790,386,817,342,349,670,222,100,218,828,57,225,567,887,936,423,880,680,1008,161,828,666,170,572,40,368,67,362,19,60,108,98,102,78,89,59,62,85,82,74,47,57,55,98,59,84,70,63,62,38,53,44,50,75,47,45,40,47,73,75,68
[ 35.079615] wil6210-aoa$0,1606461634.810703,04:d6:aa:c1:38:97,2,1,1,0,128,354,960,779,763,401,802,877,207,614,184,529,1006,304,898,195,561,872,921,848,715,180,861,208,855,682,157,586,32,842,832,613,483,57,106,95,100,76,87,56,56,82,82,72,46,56,55,93,59,85,70,60,62,37,54,44,51,74,48,49,41,49,76,78,71
[ 35.111697] wil6210-aoa$0,1606461634.842789,04:d6:aa:c1:38:97,2,1,1,0,128,266,928,754,786,384,799,908,213,658,172,499,1017,267,892,180,563,371,770,362,891,701,14,787,48,154,329,573,20,365,7,837,642,54,97,89,94,71,82,55,56,79,76,67,45,54,51,92,56,82,64,57,59,38,53,42,50,73,49,47,43,48,73,75,72
[ 35.139555] wil6210-aoa$0,1606461634.870644,04:d6:aa:c1:38:97,2,1,1,0,128,238,924,782,801,926,997,404,442,146,381,53,207,879,104,199,610,894,957,402,946,687,1022,755,46,221,356,149,244,352,53,665,429,57,105,96,102,77,89,58,60,88,81,73,48,57,56,97,61,88,70,62,65,40,57,45,54,78,53,51,43,52,79,82,76
[ 35.172147] wil6210-aoa$0,1606461634.903239,04:d6:aa:c1:38:97,2,1,1,0,128,300,888,753,776,911,985,470,451,162,392,102,251,833,50,223,555,920,986,450,943,724,34,748,49,151,331,592,71,326,14,193,976,57,104,94,98,78,87,57,57,85,82,74,46,56,54,98,60,86,71,62,64,38,56,45,53,78,52,50,44,50,76,78,71
[ 35.199549] wil6210-aoa$0,1606461634.930641,04:d6:aa:c1:38:97,2,1,1,0,128,808,744,766,779,384,803,396,370,680,221,1007,117,868,41,204,577,983,953,346,859,740,38,751,19,670,191,167,284,374,53,303,53,58,104,96,101,78,87,57,61,85,79,70,47,56,52,97,59,84,69,61,62,37,52,45,55,76,49,49,42,49,74,76,73
[ 35.232724] wil6210-aoa$0,1606461634.963816,04:d6:aa:c1:38:97,2,1,1,0,128,272,915,780,784,984,996,403,389,180,358,62,198,879,88,188,581,948,971,356,895,721,21,694,24,263,407,167,274,348,39,759,566,65,113,103,106,81,94,61,63,94,88,80,51,63,59,105,66,96,77,66,69,41,61,49,58,84,57,53,47,54,83,87,82
[ 35.260634] wil6210-aoa$0,1606461634.991726,04:d6:aa:c1:38:97,2,1,1,0,128,248,903,810,797,902,1002,376,361,653,221,31,227,742,1015,224,588,867,942,382,936,709,17,750,56,263,420,118,222,362,1021,175,7,63,111,101,109,81,95,63,63,94,88,80,51,61,60,104,65,94,76,68,67,41,61,50,59,83,58,54,48,55,85,90,82
[ 35.294121] wil6210-aoa$0,1606461635.025213,04:d6:aa:c1:38:97,2,1,1,0,128,320,946,763,732,391,797,450,437,103,334,25,153,246,870,146,549,251,726,405,906,690,990,220,846,643,145,591,28,396,61,285,0,63,112,101,107,82,96,65,63,92,90,78,51,61,56,105,65,92,75,68,67,41,60,48,58,84,55,55,49,55,83,85,79
[ 35.322038] wil6210-aoa$0,1606461635.053130,04:d6:aa:c1:38:97,2,1,1,0,128,783,759,815,787,370,812,897,227,155,372,45,178,280,911,646,382,938,971,918,735,733,30,696,23,639,119,588,14,864,883,849,653,55,101,92,97,73,84,58,55,81,76,71,48,57,51,96,59,84,67,59,62,37,55,43,53,76,50,48,42,51,76,80,71
[ 35.355393] wil6210-aoa$0,1606461635.086485,04:d6:aa:c1:38:97,2,1,1,0,128,312,961,204,576,384,852,461,446,188,409,1001,145,842,25,709,437,878,921,412,919,724,46,753,32,202,331,111,227,356,52,990,708,57,103,95,102,75,88,59,59,84,80,75,47,57,53,97,60,88,71,61,63,38,56,45,55,79,54,51,44,52,80,83,78
[ 35.388876] wil6210-aoa$0,1606461635.119968,04:d6:aa:c1:38:97,2,1,1,0,128,788,742,239,594,468,845,386,351,132,326,506,1014,813,19,640,348,872,909,350,904,176,841,765,56,231,350,564,35,370,31,551,377,60,112,102,107,82,95,62,60,90,86,78,49,60,58,104,65,94,76,67,68,43,60,49,59,83,56,54,48,54,84,88,85
[ 35.419648] wil6210-aoa$0,1606461635.150738,04:d6:aa:c1:38:97,2,1,1,0,128,737,714,251,576,939,1017,426,412,131,354,83,212,779,12,195,574,858,917,351,916,738,43,786,57,249,385,110,227,361,32,952,745,61,114,102,106,82,94,63,62,90,87,80,53,60,58,105,64,94,75,69,69,43,61,48,59,83,57,55,49,57,86,91,87
[ 35.454499] wil6210-aoa$0,1606461635.185592,04:d6:aa:c1:38:97,2,1,1,0,128,273,933,852,806,922,1001,826,224,620,175,522,1013,271,869,691,379,908,962,906,742,144,847,166,867,182,339,130,241,341,985,711,527,54,96,88,91,70,81,54,54,77,75,69,45,53,49,90,56,81,65,57,59,36,52,41,49,72,48,44,40,46,71,72,71
[ 35.487159] wil6210-aoa$0,1606461635.218248,04:d6:aa:c1:38:97,2,1,1,0,128,284,919,782,772,987,1001,438,405,202,414,45,204,828,59,211,631,884,956,868,717,705,997,709,1008,208,374,159,265,334,33,892,674,50,96,88,93,68,78,52,53,76,72,65,41,49,48,86,52,77,64,55,57,34,49,39,45,67,43,40,37,44,66,67,62
[ 35.520982] wil6210-aoa$0,1606461635.252073,04:d6:aa:c1:38:97,2,1,1,0,128,272,956,777,774,913,989,396,410,236,396,69,242,889,108,154,551,955,980,357,857,178,854,158,852,223,369,135,237,337,1012,484,207,58,103,95,99,74,88,59,60,87,79,71,46,55,52,96,60,88,71,62,63,37,54,43,54,77,48,47,43,48,74,77,70
[ 35.555240] wil6210-aoa$0,1606461635.286334,04:d6:aa:c1:38:97,2,1,1,0,128,242,912,788,768,901,985,873,195,138,308,505,31,799,58,157,544,870,942,430,963,671,1018,746,55,180,352,142,265,321,31,811,544,57,103,94,101,75,86,58,59,85,82,74,47,56,56,98,60,89,71,61,65,40,57,45,53,77,50,49,44,50,77,78,77
[ 35.585846] wil6210-aoa$0,1606461635.316935,04:d6:aa:c1:38:97,2,1,1,0,128,270,878,787,768,908,990,387,384,162,363,127,293,780,25,233,663,915,950,351,908,700,9,728,38,208,411,226,299,437,80,917,537,59,102,95,100,77,89,59,58,86,80,73,51,61,55,101,62,90,71,62,65,39,59,47,57,80,57,53,49,56,82,87,84
[ 35.615041] wil6210-aoa$0,1606461635.346137,04:d6:aa:c1:38:97,2,1,1,0,128,322,902,777,741,384,816,872,219,134,350,51,217,762,23,669,382,872,910,391,923,752,17,735,46,226,360,129,255,324,13,983,737,56,104,96,101,76,86,58,59,85,80,72,45,53,54,96,57,86,70,62,63,39,56,45,55,76,51,49,44,50,77,76,74
[ 35.644845] wil6210-aoa$0,1606461635.375932,04:d6:aa:c1:38:97,2,1,1,0,128,245,908,778,816,966,977,459,410,200,407,74,192,826,26,185,558,873,907,426,916,745,28,690,9,241,399,63,197,398,43,40,754,63,111,100,105,83,95,64,63,93,88,78,51,62,59,106,66,95,76,69,71,44,63,51,60,84,57,56,50,56,88,89,85
[ 35.689182] wil6210-aoa$0,1606461635.420277,04:d6:aa:c1:38:97,2,1,1,0,128,295,938,812,756,952,989,437,425,205,394,7,138,802,13,201,571,964,1001,340,905,727,46,724,32,254,395,129,187,415,80,531,201,59,110,98,106,80,91,61,62,91,83,77,50,58,57,102,65,92,74,65,67,41,58,47,53,80,50,51,45,49,79,80,76
[ 35.723314] wil6210-aoa$0,1606461635.454402,04:d6:aa:c1:38:97,2,1,1,0,128,280,942,795,765,939,1003,449,404,108,303,59,155,845,78,212,574,923,957,390,939,752,68,767,34,182,363,100,224,801,846,772,537,62,111,102,107,82,96,62,61,93,88,80,52,64,60,108,66,95,76,68,67,43,59,49,59,85,55,53,50,54,85,89,85
[ 35.759936] wil6210-aoa$0,1606461635.491023,04:d6:aa:c1:38:97,2,1,1,0,128,316,901,732,750,964,7,465,427,144,368,45,234,830,20,676,388,913,965,779,662,169,825,141,801,752,206,611,16,867,850,982,820,60,111,98,106,79,89,60,60,91,84,74,46,57,56,95,62,89,71,63,63,37,54,43,53,76,48,48,42,46,74,75,64
[ 35.792782] wil6210-aoa$0,1606461635.523877,04:d6:aa:c1:38:97,2,1,1,0,128,792,759,740,741,921,984,342,345,162,351,81,215,266,889,187,587,384,776,410,942,110,828,225,889,662,152,571,7,866,887,290,149,60,111,100,106,81,93,61,63,89,84,78,48,58,58,101,61,91,74,63,65,39,58,43,55,79,53,51,44,50,82,81,77
[ 35.821350] wil6210-aoa$0,1606461635.552445,04:d6:aa:c1:38:97,2,1,1,0,128,207,806,775,786,396,826,859,214,125,354,72,226,851,79,186,589,865,945,865,705,726,62,694,11,229,365,148,241,353,24,318,44,54,101,91,97,71,84,53,56,82,78,67,42,52,51,90,58,82,66,58,62,36,50,43,51,73,47,47,41,47,72,75,69
[ 35.851159] wil6210-aoa$0,1606461635.582248,04:d6:aa:c1:38:97,2,1,1,0,128,263,918,817,808,951,1009,446,438,206,414,59,198,856,60,233,573,969,995,379,902,784,49,792,62,227,415,161,270,421,78,510,156,58,106,95,101,76,87,56,58,84,82,72,44,54,53,92,58,83,69,61,61,38,53,43,52,74,47,45,40,46,72,73,67
[ 35.887770] wil6210-aoa$0,1606461635.618863,04:d6:aa:c1:38:97,2,1,1,0,128,266,935,267,626,969,15,524,471,179,381,66,174,276,873,701,408,918,961,899,775,702,13,717,1020,239,410,110,236,378,62,368,140,50,97,85,93,68,81,53,54,77,74,66,42,50,48,88,54,78,63,55,58,36,49,38,48,71,44,43,39,44,65,70,67
[ 35.918828] wil6210-aoa$0,1606461635.649916,04:d6:aa:c1:38:97,2,1,1,0,128,253,898,810,807,975,20,417,408,176,379,67,231,807,47,231,591,907,966,367,908,698,1020,706,2,251,405,134,229,441,68,309,28,56,104,94,100,73,86,57,57,83,78,72,46,56,53,93,58,86,69,61,62,37,55,41,52,75,49,46,40,46,75,75,70
[ 35.954638] wil6210-aoa$0,1606461635.685730,04:d6:aa:c1:38:97,2,1,1,0,128,289,927,763,776,1004,21,391,398,166,390,48,205,924,118,270,648,914,942,391,915,733,63,702,1012,264,410,45,223,330,22,531,270,54,97,87,94,69,81,54,53,79,75,69,45,54,50,88,56,80,65,56,58,35,53,41,49,70,48,46,40,47,70,76,69
[ 35.987026] wil6210-aoa$0,1606461635.718113,04:d6:aa:c1:38:97,2,1,1,0,128,757,726,723,707,960,1014,420,389,155,383,38,214,832,1021,260,631,948,970,412,935,739,44,741,37,245,361,92,206,340,2,357,132,63,111,102,108,83,95,65,64,94,88,80,54,61,61,107,67,97,76,70,69,43,64,49,62,86,59,57,51,59,87,91,87
[ 36.021331] wil6210-aoa$0,1606461635.752422,04:d6:aa:c1:38:97,2,1,1,0,128,330,925,807,779,443,840,417,383,647,197,49,179,914,79,175,571,889,958,368,954,739,16,748,47,191,354,565,38,835,881,484,199,56,102,91,100,72,84,55,55,83,77,70,47,54,51,95,60,84,69,60,61,37,54,44,52,74,51,46,42,50,75,78,74
[ 36.049328] wil6210-aoa$0,1606461635.780421,04:d6:aa:c1:38:97,2,1,1,0,128,280,924,716,732,360,788,848,165,655,190,586,18,852,78,180,587,838,918,382,900,732,3,752,1016,686,135,621,22,811,836,600,436,60,109,101,105,81,91,63,62,93,86,79,52,61,59,105,66,93,73,67,67,42,63,48,59,82,58,54,47,57,84,84,82
[ 36.083369] wil6210-aoa$0,1606461635.814465,04:d6:aa:c1:38:97,2,1,1,0,128,811,763,759,721,404,836,884,204,663,214,483,985,306,896,616,319,946,986,402,901,225,857,756,22,209,323,114,198,370,34,204,941,53,100,92,97,73,84,56,55,82,78,71,46,53,51,94,58,85,68,58,59,38,54,42,51,77,49,47,41,50,75,77,71
[ 36.111936] wil6210-aoa$0,1606461635.843031,04:d6:aa:c1:38:97,2,1,1,0,128,790,769,221,590,407,823,929,249,645,168,55,196,249,892,179,573,882,907,820,675,717,8,730,12,254,401,128,223,316,1023,586,350,55,105,95,101,72,83,55,58,82,76,71,44,51,50,94,57,82,67,58,60,36,50,41,51,71,45,45,38,44,70,73,66
[ 36.146266] wil6210-aoa$0,1606461635.877361,04:d6:aa:c1:38:97,2,1,1,0,128,316,958,769,795,947,986,875,199,649,203,500,996,874,65,154,586,966,1015,296,841,768,45,210,852,670,183,81,216,841,878,296,65,61,111,101,107,79,91,61,62,91,85,78,49,61,55,104,65,92,73,66,65,38,57,46,54,79,51,50,41,49,77,78,72
[ 36.181019] wil6210-aoa$0,1606461635.912111,04:d6:aa:c1:38:97,2,1,1,0,128,246,915,731,774,939,986,455,415,139,363,39,185,829,34,592,359,361,770,397,901,195,904,715,14,232,373,88,204,829,845,231,988,62,113,99,107,80,92,60,61,90,86,76,51,59,57,103,64,93,75,67,68,42,59,47,58,81,55,53,45,53,80,86,79
[ 36.209853] wil6210-aoa$0,1606461635.940947,04:d6:aa:c1:38:97,2,1,1,0,128,236,875,233,585,923,987,444,404,631,149,522,30,789,52,210,615,914,992,349,904,689,1002,196,852,251,393,139,263,328,1013,120,909,53,98,88,94,70,84,51,53,81,77,69,44,51,50,91,56,82,65,56,59,35,51,39,49,70,46,44,40,44,70,71,66
[ 36.244013] wil6210-aoa$0,1606461635.975105,04:d6:aa:c1:38:97,2,1,1,0,128,263,936,808,778,916,1013,367,374,609,140,18,176,263,844,172,570,931,952,428,951,706,17,784,57,235,372,73,191,870,866,57,882,57,111,99,107,79,91,60,62,89,84,77,49,56,56,97,63,90,73,63,67,39,58,45,56,82,52,52,44,53,80,82,77
[ 36.276335] wil6210-aoa$0,1606461636.007422,04:d6:aa:c1:38:97,2,1,1,0,128,723,719,211,563,403,817,876,207,111,318,71,202,832,42,206,567,931,986,340,879,728,20,740,42,660,146,587,37,880,909,1008,721,56,103,95,100,75,86,55,57,84,77,74,46,56,53,95,60,85,69,61,62,38,53,43,53,76,49,48,41,48,76,77,73
[ 36.305575] wil6210-aoa$0,1606461636.036668,04:d6:aa:c1:38:97,2,1,1,0,128,757,721,226,554,392,800,887,219,652,217,97,230,276,880,181,541,388,771,855,685,197,841,234,851,702,142,569,995,818,825,39,964,57,101,93,99,77,87,59,56,84,80,72,49,55,53,98,59,87,69,61,62,37,57,45,54,77,51,50,42,51,78,79,76
[ 36.339292] wil6210-aoa$0,1606461636.070380,04:d6:aa:c1:38:97,2,1,1,0,128,266,958,712,758,880,974,814,166,143,364,480,1023,280,869,678,431,274,714,855,723,221,872,782,59,219,390,603,71,387,55,534,330,52,99,86,92,69,79,53,52,75,72,66,40,48,48,85,51,78,63,54,57,33,47,38,47,69,44,43,38,42,65,69,65
[ 36.369800] wil6210-aoa$0,1606461636.100889,04:d6:aa:c1:38:97,2,1,1,0,128,307,927,742,729,405,804,454,464,160,354,37,204,813,61,156,579,932,988,381,931,692,23,121,825,228,360,149,247,336,31,97,886,53,100,92,96,72,82,53,56,82,75,70,42,52,50,88,55,80,65,58,59,35,51,38,48,72,44,43,39,40,66,67,64
[ 36.401856] wil6210-aoa$0,1606461636.132948,04:d6:aa:c1:38:97,2,1,1,0,128,782,759,752,733,419,820,939,220,596,148,16,170,809,51,639,405,919,931,404,927,120,843,728,33,670,141,558,1017,815,836,974,830,53,101,90,96,72,83,55,56,82,76,70,45,55,50,92,56,84,65,58,60,36,50,40,50,75,45,44,38,47,69,68,67
[ 36.436456] wil6210-aoa$0,1606461636.167548,04:d6:aa:c1:38:97,2,1,1,0,128,304,886,779,773,339,787,889,217,679,198,57,200,811,0,194,565,905,936,352,876,723,1014,811,71,227,362,113,245,374,20,939,709,56,107,93,100,77,86,58,59,85,81,71,45,55,52,94,59,86,70,61,62,38,53,44,53,76,49,49,42,45,73,77,73
[ 36.470418] wil6210-aoa$0,1606461636.201510,04:d6:aa:c1:38:97,2,1,1,0,128,732,728,788,778,412,835,370,398,134,336,64,230,859,103,190,602,880,917,366,858,225,883,696,15,254,380,147,244,330,1003,452,253,61,113,101,107,79,92,60,60,89,85,75,50,57,57,100,63,92,74,64,66,37,58,45,55,78,49,51,43,50,78,77,73
[ 36.500040] wil6210-aoa$0,1606461636.231135,04:d6:aa:c1:38:97,2,1,1,0,128,286,916,787,805,927,983,441,428,193,383,59,195,800,1021,170,563,905,957,402,909,806,79,756,73,168,363,141,244,404,65,180,868,54,103,94,100,72,85,56,59,83,80,71,45,53,51,93,57,83,67,59,59,36,51,44,50,74,46,45,40,45,70,71,65
[ 36.534023] wil6210-aoa$0,1606461636.265115,04:d6:aa:c1:38:97,2,1,1,0,128,268,906,807,777,901,982,409,387,202,361,52,187,226,840,245,595,881,947,357,913,696,22,711,1008,695,195,97,203,836,884,212,948,59,101,94,98,74,88,59,59,86,82,73,51,59,54,100,60,89,69,63,63,39,59,48,57,80,56,53,48,56,81,88,79
[ 36.567249] wil6210-aoa$0,1606461636.298339,04:d6:aa:c1:38:97,2,1,1,0,128,295,903,847,803,929,979,373,401,187,369,67,197,877,58,226,630,870,941,390,896,659,1000,756,27,240,372,85,210,379,48,633,474,58,109,101,106,80,92,58,62,89,83,73,47,58,55,98,61,88,73,63,62,36,54,43,54,78,49,48,44,47,75,80,73
[ 36.602889] wil6210-aoa$0,1606461636.333981,04:d6:aa:c1:38:97,2,1,1,0,128,244,925,821,788,988,1009,362,369,152,328,53,194,799,1021,189,582,874,928,351,891,780,59,719,40,231,400,82,233,353,31,298,42,53,100,92,96,72,82,53,54,80,77,69,43,50,49,88,56,79,65,58,59,33,51,40,49,70,44,45,39,42,68,70,66
[ 36.631510] wil6210-aoa$0,1606461636.362605,04:d6:aa:c1:38:97,2,1,1,0,128,251,930,798,800,873,966,397,384,257,411,101,253,784,35,220,595,891,945,888,748,711,30,724,22,196,388,79,240,352,39,981,719,60,111,102,106,80,92,61,63,90,86,77,51,60,57,104,66,92,76,66,68,41,59,47,60,85,55,53,48,55,83,83,78
[ 36.660814] wil6210-aoa$0,1606461636.391907,04:d6:aa:c1:38:97,2,1,1,0,128,803,757,779,785,930,1005,377,357,107,357,86,248,881,94,221,613,892,971,386,916,762,17,712,10,221,393,117,235,409,59,382,138,60,112,102,109,80,89,59,63,90,84,75,49,55,57,99,62,89,75,64,66,40,55,45,55,82,51,51,44,49,77,78,72
[ 36.694856] wil6210-aoa$0,1606461636.425943,04:d6:aa:c1:38:97,2,1,1,0,128,750,743,755,781,902,985,373,395,636,185,540,25,833,68,218,586,940,989,331,827,756,41,716,2,699,194,171,229,361,28,282,39,55,103,94,97,73,83,56,57,81,76,69,45,52,50,94,57,83,68,57,60,37,52,41,52,75,48,46,42,50,74,75,68
[ 36.723928] wil6210-aoa$0,1606461636.455020,04:d6:aa:c1:38:97,2,1,1,0,128,307,972,754,801,954,994,396,401,154,377,51,185,292,886,167,570,894,929,348,926,695,36,756,49,202,363,100,171,338,12,175,898,60,107,95,101,79,90,60,59,88,81,76,51,59,56,101,62,90,71,65,65,41,59,49,57,79,54,51,47,53,78,85,81
[ 36.762208] wil6210-aoa$0,1606461636.493295,04:d6:aa:c1:38:97,2,1,1,0,128,747,746,215,576,443,871,402,366,562,124,70,199,808,30,155,540,934,990,321,890,214,904,627,987,189,362,90,239,390,32,562,365,59,105,96,99,79,90,59,59,86,82,76,50,59,57,100,62,90,72,63,67,41,60,47,57,81,57,54,48,54,83,87,84
[ 36.795109] wil6210-aoa$0,1606461636.526200,04:d6:aa:c1:38:97,2,1,1,0,128,272,915,750,770,987,14,383,365,170,390,40,181,803,47,231,612,921,972,375,869,265,904,170,850,709,188,68,217,339,3,168,920,63,107,100,107,80,93,63,62,92,92,80,52,61,60,104,66,95,76,66,69,42,63,48,57,84,57,54,48,56,86,87,81
[ 36.832385] wil6210-aoa$0,1606461636.563474,04:d6:aa:c1:38:97,2,1,1,0,128,262,933,824,820,924,1011,419,399,142,351,84,216,805,46,188,567,929,994,418,899,753,45,736,44,212,341,158,287,346,47,952,691,62,114,102,108,80,94,62,62,93,87,79,47,60,57,104,64,92,75,66,68,41,61,47,59,81,53,50,46,54,83,86,79
[ 36.870921] wil6210-aoa$0,1606461636.602009,04:d6:aa:c1:38:97,2,1,1,0,128,260,930,734,737,955,16,388,408,173,355,95,241,836,41,265,647,879,962,369,923,760,54,779,32,114,311,636,52,319,14,366,163,60,114,101,107,81,93,62,64,91,85,80,49,62,58,101,61,92,74,67,68,40,58,46,59,82,52,53,46,53,79,84,80
[ 36.908850] wil6210-aoa$0,1606461636.639941,04:d6:aa:c1:38:97,2,1,1,0,128,229,908,791,759,937,1008,380,400,237,407,65,198,854,77,190,594,872,913,402,901,765,63,760,20,234,378,96,205,404,36,987,755,55,101,94,97,73,85,56,58,86,80,72,47,56,54,95,61,86,69,61,61,39,55,44,53,77,50,50,44,52,77,78,73
[ 36.940903] wil6210-aoa$0,1606461636.671990,04:d6:aa:c1:38:97,2,1,1,0,128,265,951,817,823,946,1014,448,456,142,343,22,223,768,8,285,617,875,897,920,735,191,835,730,12,229,370,142,223,362,21,286,1023,59,113,101,107,80,92,61,61,89,85,78,50,60,57,103,63,90,73,68,67,41,58,46,56,83,53,52,41,52,81,82,74
[ 36.977446] wil6210-aoa$0,1606461636.708538,04:d6:aa:c1:38:97,2,1,1,0,128,762,734,225,581,993,18,409,412,177,378,34,206,756,1009,662,369,307,734,340,885,772,59,687,21,703,170,575,14,347,4,297,141,63,109,99,105,81,91,61,60,90,87,77,49,58,54,104,65,90,71,66,65,41,58,47,54,82,52,52,44,52,80,86,76
[ 37.012028] wil6210-aoa$0,1606461636.743121,04:d6:aa:c1:38:97,2,1,1,0,128,284,921,193,566,363,787,467,400,241,417,67,231,778,35,209,573,924,941,374,901,721,53,701,1012,178,341,100,221,399,79,318,103,60,109,98,106,79,92,61,62,92,88,77,51,61,59,104,66,93,73,69,68,41,60,47,59,83,57,54,49,55,83,87,82
[ 37.041567] wil6210-aoa$0,1606461636.772660,04:d6:aa:c1:38:97,2,1,1,0,128,749,727,746,762,918,976,863,192,601,144,543,12,837,45,248,582,914,945,881,733,723,20,161,850,208,374,48,168,403,53,994,734,61,110,100,105,83,95,63,62,92,86,80,53,61,59,106,65,93,76,65,70,43,62,50,60,83,59,57,51,56,87,90,87
[ 37.071011] wil6210-aoa$0,1606461636.802104,04:d6:aa:c1:38:97,2,1,1,0,128,286,936,858,888,917,965,411,431,189,386,82,222,872,89,229,580,905,951,375,915,716,43,739,39,260,395,134,229,365,79,128,917,55,102,92,96,73,84,56,53,83,79,70,46,55,53,96,59,83,69,60,61,37,53,42,53,75,49,48,42,50,75,77,75
[ 37.105907] wil6210-aoa$0,1606461636.836998,04:d6:aa:c1:38:97,2,1,1,0,128,328,952,765,793,919,994,431,400,571,131,586,34,768,1013,203,561,898,972,426,947,763,67,668,1022,254,414,175,273,343,51,979,821,57,103,94,99,74,86,56,55,85,79,73,46,55,54,94,58,86,67,62,61,36,55,42,54,75,49,46,42,48,76,76,71
[ 37.140767] wil6210-aoa$0,1606461636.871859,04:d6:aa:c1:38:97,2,1,1,0,128,788,760,817,788,951,27,855,149,708,184,5,159,289,922,645,386,904,933,395,889,152,834,186,858,202,351,521,0,800,830,448,231,54,101,95,99,73,85,56,56,84,76,72,45,52,50,93,55,82,68,59,59,34,52,40,49,71,46,44,38,43,71,73,66
[ 37.171769] wil6210-aoa$0,1606461636.902862,04:d6:aa:c1:38:97,2,1,1,0,128,310,949,763,773,912,947,422,396,208,416,83,227,838,108,193,603,832,902,887,761,744,68,784,77,260,434,137,251,353,26,760,474,55,103,92,100,75,87,59,56,84,78,72,49,56,52,97,60,85,68,61,63,40,56,46,53,76,52,48,43,49,77,80,76
[ 37.207185] wil6210-aoa$0,1606461636.938277,04:d6:aa:c1:38:97,2,1,1,0,128,344,942,772,750,947,977,410,390,119,343,68,231,761,37,633,375,385,749,846,707,205,890,768,46,222,404,87,252,367,20,646,415,61,112,102,109,82,94,62,63,92,86,77,51,61,60,106,64,93,77,67,67,42,60,47,58,83,55,53,48,53,83,85,83
[ 37.241456] wil6210-aoa$0,1606461636.972543,04:d6:aa:c1:38:97,2,1,1,0,128,309,933,820,787,944,994,407,342,154,356,484,1006,830,29,167,549,953,977,310,888,692,18,726,15,248,407,127,257,378,24,171,926,56,104,94,99,76,86,56,58,84,79,70,49,57,54,96,59,88,71,62,63,37,55,44,53,76,50,47,43,50,76,79,75
[ 37.272172] wil6210-aoa$0,1606461637.003263,04:d6:aa:c1:38:97,2,1,1,0,128,364,930,764,782,942,989,362,351,224,412,39,208,798,55,202,566,910,977,403,937,716,26,742,45,141,315,42,187,395,55,115,819,55,99,91,96,71,83,54,56,81,77,68,44,54,51,90,57,83,66,59,60,36,53,43,51,73,48,47,41,47,72,75,70
[ 37.306729] wil6210-aoa$0,1606461637.037821,04:d6:aa:c1:38:97,2,1,1,0,128,233,882,258,622,894,970,951,249,579,121,620,63,765,19,224,581,918,954,383,899,163,865,203,893,691,192,573,43,350,24,204,0,61,112,103,105,78,92,62,63,89,85,77,50,57,57,101,65,89,72,63,65,41,58,46,56,80,52,52,45,52,81,82,75
[ 37.338679] wil6210-aoa$0,1606461637.069768,04:d6:aa:c1:38:97,2,1,1,0,128,370,990,809,833,906,1021,433,415,158,339,99,261,190,818,183,587,902,953,364,887,775,68,696,9,729,176,151,191,333,3,301,18,56,103,95,100,75,85,54,57,86,78,73,45,55,52,94,58,83,69,61,60,37,52,43,50,77,48,46,40,48,73,74,68
[ 37.374909] wil6210-aoa$0,1606461637.106001,04:d6:aa:c1:38:97,2,1,1,0,128,764,753,195,553,342,800,854,150,660,141,524,23,214,832,719,385,307,722,831,692,183,830,153,812,673,142,571,40,840,875,735,573,60,110,101,108,80,90,61,62,91,85,77,49,60,58,102,65,93,75,65,67,41,59,47,58,79,53,53,47,53,84,86,83
[ 37.409826] wil6210-aoa$0,1606461637.140918,04:d6:aa:c1:38:97,2,1,1,0,128,268,908,817,795,890,965,857,181,156,363,55,166,823,52,233,605,882,952,382,905,751,51,741,17,234,401,100,255,312,25,1013,719,58,112,99,105,78,89,58,61,89,81,77,47,58,53,100,60,91,73,63,66,39,58,45,55,79,52,48,44,50,79,79,75
[ 37.442146] wil6210-aoa$0,1606461637.173235,04:d6:aa:c1:38:97,2,1,1,0,128,258,930,796,771,924,982,396,396,178,396,66,228,835,72,165,563,898,941,382,881,787,77,729,10,152,322,81,227,346,18,1021,792,59,111,99,109,80,92,58,60,90,82,74,46,55,56,99,62,88,71,63,64,39,53,43,53,77,49,47,41,48,74,77,70
[ 37.474673] wil6210-aoa$0,1606461637.205762,04:d6:aa:c1:38:97,2,1,1,2,128,258,930,796,771,924,982,396,396,178,396,66,228,835,72,165,563,898,941,382,881,787,77,729,10,152,322,81,227,346,18,1021,792,60,110,101,108,80,90,61,62,91,85,77,49,60,58,102,65,93,75,65,67,41,59,47,58,79,53,53,47,53,84,86,83
[ 37.513409] wil6210-aoa$0,1606461637.244499,04:d6:aa:c1:38:97,2,1,1,0,128,285,944,805,815,1010,15,397,411,185,420,23,229,838,56,149,593,888,954,397,938,779,90,761,53,254,415,103,212,360,29,475,224,61,115,102,108,80,93,62,63,91,87,78,50,58,57,101,62,93,75,65,66,39,58,46,55,79,50,51,44,50,78,77,74
[ 37.551945] wil6210-aoa$0,1606461637.283034,04:d6:aa:c1:38:97,2,1,1,0,128,288,905,211,582,934,1019,853,223,167,405,42,186,865,47,228,607,820,901,376,904,145,867,689,8,152,327,92,209,322,31,707,518,58,106,94,99,75,87,58,58,84,79,72,47,55,52,94,59,84,68,61,62,38,53,43,51,75,50,46,41,50,73,76,72
[ 37.587510] wil6210-aoa$0,1606461637.318602,04:d6:aa:c1:38:97,2,1,1,0,128,303,898,827,782,950,1014,418,411,225,431,1008,176,799,47,181,589,900,953,357,910,729,15,792,60,205,383,98,253,373,40,612,388,51,97,89,93,70,79,54,54,77,72,67,43,52,49,84,55,80,65,55,57,37,50,42,50,70,47,44,40,46,69,71,65
[ 37.622833] wil6210-aoa$0,1606461637.353921,04:d6:aa:c1:38:97,2,1,1,0,128,261,890,731,721,938,972,458,459,186,399,1020,156,855,46,268,631,864,964,318,874,759,53,707,21,229,381,83,241,432,73,886,623,60,109,96,103,79,92,61,62,90,82,76,52,59,56,101,61,92,71,65,65,40,59,47,56,81,54,51,46,54,82,84,81
[ 37.661848] wil6210-aoa$0,1606461637.392940,04:d6:aa:c1:38:97,2,1,1,0,128,355,990,807,804,916,965,891,197,695,171,93,221,817,56,198,611,913,951,345,911,741,17,787,23,181,386,129,197,374,10,811,584,54,96,87,91,69,80,53,53,80,73,66,41,53,49,89,56,80,64,57,57,35,51,40,48,71,46,45,38,45,70,72,66
[ 37.691439] wil6210-aoa$0,1606461637.422531,04:d6:aa:c1:38:97,2,1,1,0,128,830,770,800,798,1003,1011,389,367,175,339,55,209,783,18,230,587,891,922,369,889,697,996,166,844,667,168,134,226,400,23,80,863,50,96,86,93,66,75,52,52,76,70,67,40,48,47,85,53,78,63,56,58,32,48,37,47,69,44,42,38,44,67,69,65
[ 37.720967] wil6210-aoa$0,1606461637.452058,04:d6:aa:c1:38:97,2,1,1,0,128,258,905,790,748,338,793,861,187,176,344,104,263,837,45,158,533,966,1001,347,900,711,6,737,11,233,366,133,223,394,35,715,554,53,96,89,93,70,81,55,54,80,75,68,45,54,49,89,57,82,64,58,60,35,53,41,51,72,49,46,41,48,72,75,72
