
[ 26.555130] wil6210-aoa$0,1606461625.335038,04:d6:aa:c1:38:97,2,1,1,0,128,306,941,778,762,937,980,450,464,186,375,68,170,817,52,193,564,838,946,342,841,730,26,691,9,188,351,85,230,341,24,436,132,56,111,99,105,84,85,56,64,94,82,70,38,55,58,102,59,90,75,64,62,39,51,45,57,83,56,56,50,49,77,83,82
[ 26.582588] wil6210-aoa$0,1606461625.362657,04:d6:aa:c1:38:97,2,1,1,0,128,305,980,793,797,967,1020,418,487,195,376,46,188,838,57,121,509,875,884,811,700,727,26,695,8,247,398,119,205,316,32,718,527,61,116,99,107,85,87,60,66,97,84,76,44,61,60,107,62,94,77,67,67,40,55,48,58,85,56,55,51,48,78,84,84
[ 26.604809] wil6210-aoa$0,1606461625.384877,04:d6:aa:c1:38:97,2,1,1,0,128,304,965,733,772,934,1000,366,438,151,314,528,1010,228,870,661,368,906,944,411,909,745,50,662,1012,607,129,105,247,296,1,29,869,61,116,101,105,84,90,61,65,97,84,74,46,61,62,108,63,94,76,68,66,42,55,48,61,86,59,59,53,53,83,85,88
[ 26.633332] wil6210-aoa$0,1606461625.413397,04:d6:aa:c1:38:97,2,1,1,0,128,261,895,846,785,990,1013,405,455,132,306,72,214,841,103,239,650,870,910,338,880,716,44,661,1010,192,372,46,176,274,999,577,342,59,117,103,110,83,86,59,65,97,81,73,43,55,61,102,62,88,75,64,63,38,54,43,57,81,51,53,48,43,70,74,76
[ 26.660368] wil6210-aoa$0,1606461625.440435,04:d6:aa:c1:38:97,2,1,1,0,128,289,942,808,816,945,1004,372,394,132,372,1018,135,905,90,196,594,858,921,336,865,678,985,726,1,676,180,473,982,309,14,529,302,61,113,101,107,84,90,61,64,98,86,74,46,60,61,108,62,94,74,67,65,42,56,49,59,86,57,59,54,54,82,86,85
[ 26.684314] wil6210-aoa$0,1606461625.464382,04:d6:aa:c1:38:97,2,1,1,0,128,268,898,775,753,911,991,410,415,234,384,34,177,801,36,178,556,958,982,329,897,658,995,723,66,133,311,102,197,335,31,710,382,62,115,99,106,87,87,61,65,96,85,74,46,61,63,108,62,95,76,66,66,40,55,47,62,87,60,60,54,53,84,86,89
[ 26.714767] wil6210-aoa$0,1606461625.494834,04:d6:aa:c1:38:97,2,1,1,0,128,333,990,759,754,415,823,405,444,201,368,69,191,834,94,236,608,862,882,408,909,702,30,653,14,182,296,129,211,778,841,774,507,61,120,101,109,85,89,60,64,98,85,76,46,59,60,105,63,96,76,66,64,42,57,46,58,85,56,59,51,50,79,84,85
[ 26.738055] wil6210-aoa$0,1606461625.518123,04:d6:aa:c1:38:97,2,1,1,2,128,333,990,759,754,415,823,405,444,201,368,69,191,834,94,236,608,862,882,408,909,702,30,653,14,182,296,129,211,778,841,774,507,0,0,0,0,0,0,0,0,0,0,0,0,0,0,0,0,0,0,0,0,0,0,0,0,0,0,0,0,0,0,0,0
[ 26.760231] wil6210-aoa$0,1606461625.540299,04:d6:aa:c1:38:97,2,1,1,0,128,285,931,783,799,926,989,472,489,151,381,48,165,854,86,200,582,883,914,336,895,90,803,136,792,170,304,109,214,305,3,538,245,58,110,95,102,78,83,56,61,89,75,70,42,54,57,100,58,91,72,62,61,38,52,43,56,82,55,54,49,48,74,81,81
[ 26.812770] wil6210-aoa$0,1606461625.592839,04:d6:aa:c1:38:97,2,1,1,2,128,285,931,783,799,926,989,472,489,151,381,48,165,854,86,200,582,883,914,336,895,90,803,136,792,170,304,109,214,305,3,538,245,0,0,0,0,0,0,0,0,0,0,0,0,0,0,0,0,0,0,0,0,0,0,0,0,0,0,0,0,0,0,0,0
[ 26.880260] wil6210-aoa$0,1606461625.660324,04:d6:aa:c1:38:97,2,1,1,2,128,285,931,783,799,926,989,472,489,151,381,48,165,854,86,200,582,883,914,336,895,90,803,136,792,170,304,109,214,305,3,538,245,58,110,95,102,78,83,56,61,89,75,70,42,54,57,100,58,91,72,62,61,38,52,43,56,82,55,54,49,48,74,81,81
[ 26.925229] wil6210-aoa$0,1606461625.705298,04:d6:aa:c1:38:97,2,1,1,0,128,267,959,750,758,374,794,397,417,204,356,78,176,844,59,260,612,336,726,804,668,710,2,670,1000,178,322,101,216,325,40,779,508,62,116,101,107,86,90,60,65,97,84,74,45,59,61,106,61,94,76,64,65,39,54,46,59,86,56,57,51,51,79,83,83
[ 26.947687] wil6210-aoa$0,1606461625.727755,04:d6:aa:c1:38:97,2,1,1,0,128,258,945,718,769,997,26,391,454,130,358,8,182,854,88,184,548,893,915,331,853,698,5,695,5,207,364,78,203,338,25,4,693,60,111,97,105,83,89,60,62,96,84,73,46,60,62,106,62,93,74,67,65,41,56,48,60,86,60,57,52,53,81,86,87
[ 26.975370] wil6210-aoa$0,1606461625.755435,04:d6:aa:c1:38:97,2,1,1,0,128,319,967,764,748,452,812,912,267,188,362,33,205,821,60,145,554,945,949,313,840,727,1015,106,816,639,138,67,185,285,984,551,306,61,116,101,110,84,90,59,66,96,83,75,43,60,61,107,62,93,77,66,66,42,58,48,61,86,59,60,53,51,80,88,88
[ 27.005649] wil6210-aoa$0,1606461625.785712,04:d6:aa:c1:38:97,2,1,1,0,128,292,923,808,800,921,985,439,433,168,353,118,227,802,61,170,567,853,863,414,921,690,8,682,17,212,342,89,241,246,997,462,224,59,116,101,107,84,90,60,66,97,85,74,43,59,60,106,61,95,76,67,66,39,56,45,60,85,55,60,51,52,78,82,85
[ 27.028180] wil6210-aoa$0,1606461625.808218,04:d6:aa:c1:38:97,2,1,1,0,128,271,907,286,649,973,55,397,432,225,422,111,254,837,76,216,623,902,951,364,893,661,1004,745,27,152,311,46,174,343,6,683,322,58,116,101,106,84,88,59,64,98,84,73,43,60,60,104,59,92,75,65,61,38,54,43,58,83,54,57,50,47,76,83,81
[ 27.063117] wil6210-aoa$0,1606461625.843186,04:d6:aa:c1:38:97,2,1,1,0,128,693,713,252,555,963,1014,415,446,207,381,69,174,795,35,651,373,355,737,377,864,682,1,616,950,645,122,611,29,285,16,136,902,61,115,100,109,85,90,61,65,97,86,77,48,64,64,111,64,97,78,68,66,43,58,48,63,88,62,61,54,55,85,89,90
[ 27.090823] wil6210-aoa$0,1606461625.870890,04:d6:aa:c1:38:97,2,1,1,0,128,318,965,755,748,987,21,447,469,257,465,1012,127,275,913,184,575,891,949,309,842,681,30,696,28,732,187,87,191,332,20,877,505,58,116,101,108,85,88,59,65,98,84,73,46,57,60,105,61,91,76,66,64,40,53,46,60,83,55,56,49,51,81,83,82
[ 27.118127] wil6210-aoa$0,1606461625.898194,04:d6:aa:c1:38:97,2,1,1,0,128,726,736,845,813,901,1003,365,409,128,365,53,220,810,87,165,562,918,918,362,884,651,1010,680,1021,199,342,71,180,808,879,273,972,61,117,100,107,82,89,58,65,97,83,74,45,59,62,106,60,92,74,67,63,40,55,45,59,86,55,57,48,50,77,80,79
[ 27.143578] wil6210-aoa$0,1606461625.923643,04:d6:aa:c1:38:97,2,1,1,0,128,284,924,722,754,973,1003,383,395,176,358,34,157,869,92,196,616,849,892,425,919,711,37,699,34,131,293,111,219,312,37,573,294,63,115,102,105,85,88,58,63,95,83,72,43,60,59,107,61,93,75,66,63,41,53,44,55,84,53,55,50,49,76,81,81
[ 27.173065] wil6210-aoa$0,1606461625.953130,04:d6:aa:c1:38:97,2,1,1,0,128,292,947,813,834,982,1020,358,399,644,167,61,195,893,97,157,561,932,941,461,928,663,26,671,1007,231,380,1008,139,339,15,687,316,57,111,95,101,79,83,55,59,89,78,68,39,54,55,96,55,87,70,62,60,37,49,40,53,78,51,52,44,45,68,71,73
[ 27.195808] wil6210-aoa$0,1606461625.975876,04:d6:aa:c1:38:97,2,1,1,0,128,323,934,765,765,952,989,495,533,147,378,53,173,887,90,221,560,887,961,368,920,650,14,720,16,250,376,101,196,322,28,959,783,57,114,101,108,79,85,59,63,92,81,71,39,55,57,97,55,88,71,62,60,37,47,39,51,76,48,52,46,42,68,69,68
[ 27.222559] wil6210-aoa$0,1606461626.002624,04:d6:aa:c1:38:97,2,1,1,0,128,769,735,798,780,992,1000,440,465,140,365,28,185,800,66,181,559,299,737,353,865,679,1011,167,812,668,152,67,197,325,14,665,390,60,116,105,109,85,90,61,65,96,85,74,46,60,62,106,63,96,78,67,65,43,58,49,63,88,62,60,54,55,83,88,90
[ 27.253940] wil6210-aoa$0,1606461626.034005,04:d6:aa:c1:38:97,2,1,1,0,128,256,944,843,842,942,1000,422,450,183,374,100,238,787,56,210,561,940,970,346,906,682,61,726,57,160,349,114,246,378,39,802,469,61,115,99,109,85,90,60,63,98,86,76,48,64,64,107,64,96,75,69,68,42,60,49,64,88,63,61,55,57,83,91,90
[ 27.276807] wil6210-aoa$0,1606461626.056876,04:d6:aa:c1:38:97,2,1,1,0,128,326,952,871,813,915,963,397,412,642,115,87,227,802,49,270,629,850,909,360,900,683,1020,739,29,116,303,559,28,755,829,785,498,61,115,101,106,84,86,58,62,97,81,72,41,55,58,103,58,89,73,65,60,37,51,41,55,81,50,53,47,44,71,76,73
[ 27.302684] wil6210-aoa$0,1606461626.082756,04:d6:aa:c1:38:97,2,1,1,0,128,298,970,763,748,1011,12,367,404,627,152,6,162,813,56,627,339,960,995,393,909,662,9,677,46,213,346,80,190,346,22,592,348,59,117,101,106,83,88,57,64,94,83,73,41,58,58,101,59,91,77,64,61,39,52,45,55,81,55,57,48,47,75,82,80
[ 27.334154] wil6210-aoa$0,1606461626.114222,04:d6:aa:c1:38:97,2,1,1,0,128,260,914,775,771,989,1016,338,400,174,342,64,213,812,43,271,611,913,929,403,887,652,967,714,1022,226,363,125,232,411,41,474,279,60,115,98,107,83,87,59,64,95,83,72,43,56,61,106,59,92,75,65,63,37,56,44,58,84,55,57,51,48,75,81,84
[ 27.356805] wil6210-aoa$0,1606461626.136874,04:d6:aa:c1:38:97,2,1,1,0,128,297,949,734,724,1011,1019,359,397,147,340,6,194,889,73,230,624,927,940,364,885,726,35,675,7,209,385,81,213,283,990,124,881,57,117,101,107,83,84,57,63,93,80,72,38,53,58,101,59,89,71,63,60,36,50,41,54,79,49,52,46,43,71,72,73
[ 27.387373] wil6210-aoa$0,1606461626.167437,04:d6:aa:c1:38:97,2,1,1,0,128,317,946,854,811,936,1014,325,368,602,111,502,945,344,935,627,363,893,953,832,651,102,783,156,839,654,156,87,229,296,13,386,150,59,112,99,104,82,87,57,63,94,81,72,43,56,61,101,61,91,73,65,64,40,53,46,59,85,53,55,49,49,77,79,79
[ 27.415384] wil6210-aoa$0,1606461626.195455,04:d6:aa:c1:38:97,2,1,1,0,128,274,962,771,773,959,1011,386,412,196,391,42,207,862,106,203,619,906,953,367,903,720,64,742,48,219,357,167,250,435,96,296,5,58,115,98,105,80,86,59,62,94,81,70,43,57,59,104,59,90,74,66,62,39,52,44,56,83,52,56,47,47,75,81,80
[ 27.439560] wil6210-aoa$0,1606461626.219624,04:d6:aa:c1:38:97,2,1,1,0,128,220,874,278,594,910,997,833,213,644,168,82,204,833,39,227,609,911,928,404,906,621,977,678,994,144,319,69,174,316,26,993,731,56,105,92,99,77,82,54,58,89,77,68,42,56,56,99,57,88,69,62,59,40,54,44,54,79,56,53,50,49,77,81,84
[ 27.470181] wil6210-aoa$0,1606461626.250245,04:d6:aa:c1:38:97,2,1,1,0,128,749,716,791,805,936,1005,399,418,215,398,7,135,303,919,196,579,876,935,335,890,636,967,726,1020,224,392,51,186,338,17,744,533,59,113,98,103,81,84,57,62,95,81,72,44,59,60,104,60,89,73,65,63,40,53,46,59,83,56,56,49,50,77,81,82
[ 27.493119] wil6210-aoa$0,1606461626.273189,04:d6:aa:c1:38:97,2,1,1,0,128,245,919,753,797,935,997,852,235,149,347,56,183,859,45,223,586,922,910,426,945,635,997,680,1,197,351,156,259,272,1007,184,930,57,111,98,101,83,85,58,63,95,82,71,43,60,60,106,61,92,73,65,61,38,55,44,59,84,57,58,51,51,78,84,83
[ 27.524360] wil6210-aoa$0,1606461626.304429,04:d6:aa:c1:38:97,2,1,1,0,128,310,966,224,591,444,864,364,423,211,402,47,202,819,48,658,389,335,695,858,643,102,801,136,837,232,329,76,208,260,1015,918,765,57,112,97,103,79,80,56,63,89,78,69,40,52,56,98,58,88,71,62,59,37,49,42,53,77,49,52,47,43,70,73,76
[ 27.547108] wil6210-aoa$0,1606461626.327176,04:d6:aa:c1:38:97,2,1,1,0,128,764,762,775,772,957,984,931,246,159,367,47,176,882,100,200,588,930,937,341,844,745,39,696,1008,211,341,64,211,329,0,625,394,57,112,95,102,79,82,55,61,94,76,68,40,53,57,96,57,87,70,61,58,35,49,41,51,77,47,49,44,42,70,71,69
[ 27.576153] wil6210-aoa$0,1606461626.356217,04:d6:aa:c1:38:97,2,1,1,0,128,291,961,770,764,399,809,441,447,147,323,77,192,318,922,678,389,366,753,353,897,626,959,122,816,669,144,97,218,268,982,235,102,60,110,97,101,83,87,56,61,93,81,73,43,58,60,102,60,94,74,65,63,39,52,45,57,86,56,57,49,48,79,80,80
[ 27.605181] wil6210-aoa$0,1606461626.385250,04:d6:aa:c1:38:97,2,1,1,0,128,271,921,824,735,961,987,876,211,151,309,25,137,848,30,213,608,902,957,369,889,97,815,697,984,688,186,32,172,845,849,429,139,57,113,98,105,83,85,55,61,94,80,70,39,55,57,98,58,87,74,62,59,36,51,41,55,80,49,53,47,44,71,74,76
[ 27.629640] wil6210-aoa$0,1606461626.409705,04:d6:aa:c1:38:97,2,1,1,0,128,217,856,883,836,952,972,377,358,144,363,32,202,804,30,206,598,293,754,286,828,187,910,715,26,135,341,58,205,339,19,974,701,59,110,95,104,80,85,56,62,92,82,72,42,56,58,101,59,86,72,64,63,38,53,44,57,84,53,53,48,48,75,79,81
[ 27.661494] wil6210-aoa$0,1606461626.441558,04:d6:aa:c1:38:97,2,1,1,0,128,302,958,181,557,1005,6,363,426,163,386,50,218,820,90,213,602,874,946,368,895,114,830,757,31,251,385,75,193,289,1021,594,425,57,110,96,102,80,85,58,63,93,81,70,42,57,57,98,59,91,71,63,60,39,52,44,57,82,54,56,50,49,75,81,79
[ 27.684295] wil6210-aoa$0,1606461626.464366,04:d6:aa:c1:38:97,2,1,1,0,128,748,764,826,822,1003,19,437,473,179,382,41,177,860,93,206,627,925,938,362,901,688,36,643,992,169,312,133,227,292,979,500,275,59,111,98,104,82,86,57,63,91,81,72,42,58,58,104,62,93,74,65,64,38,55,44,60,86,59,57,50,50,79,85,84
[ 27.714910] wil6210-aoa$0,1606461626.494977,04:d6:aa:c1:38:97,2,1,1,0,128,265,928,753,719,419,802,879,223,201,364,42,184,843,45,214,608,835,877,332,849,668,1008,739,47,252,392,24,125,279,973,236,60,60,115,100,109,80,86,58,63,93,78,71,41,56,60,103,61,90,71,64,60,40,52,46,58,83,55,56,51,48,76,82,82
[ 27.738126] wil6210-aoa$0,1606461626.518194,04:d6:aa:c1:38:97,2,1,1,0,128,728,740,802,831,927,1005,430,458,145,315,92,198,873,110,202,633,848,948,381,893,640,4,691,6,224,383,102,228,317,17,409,149,59,116,100,107,84,88,57,63,95,81,71,44,59,60,102,61,92,76,64,63,38,55,43,57,85,57,57,49,48,75,81,81
[ 27.769255] wil6210-aoa$0,1606461626.549323,04:d6:aa:c1:38:97,2,1,1,0,128,251,932,778,768,973,991,385,401,188,369,51,217,892,107,283,636,886,897,348,874,672,1,694,1004,199,399,131,259,279,5,961,719,58,114,98,104,80,85,58,63,95,80,71,42,54,60,99,58,88,72,64,60,38,53,42,53,81,53,54,49,46,74,78,76
[ 27.792158] wil6210-aoa$0,1606461626.572225,04:d6:aa:c1:38:97,2,1,1,0,128,335,992,715,743,1018,19,841,221,200,348,45,175,809,41,188,565,893,936,350,857,702,1016,698,1015,205,375,68,150,321,48,334,58,61,111,100,107,83,89,58,65,94,82,71,43,60,63,102,61,92,75,66,64,41,54,46,58,85,56,57,51,50,79,82,81
[ 27.821146] wil6210-aoa$0,1606461626.601210,04:d6:aa:c1:38:97,2,1,1,0,128,325,947,762,735,998,1007,430,453,163,383,53,179,268,882,634,377,886,924,799,656,625,1,643,988,206,331,38,176,325,30,578,308,60,115,97,107,84,88,57,63,95,83,73,43,55,60,102,58,90,73,65,61,39,53,44,56,83,54,55,48,48,77,80,78
[ 27.851023] wil6210-aoa$0,1606461626.631089,04:d6:aa:c1:38:97,2,1,1,0,128,270,945,739,763,988,15,348,422,164,383,76,205,914,131,211,601,920,975,373,876,727,49,745,48,231,396,95,216,329,11,57,816,59,116,100,108,84,87,56,64,96,80,74,40,56,60,103,58,90,73,66,62,38,51,46,56,84,52,56,49,47,74,77,77
[ 27.880030] wil6210-aoa$0,1606461626.660094,04:d6:aa:c1:38:97,2,1,1,0,128,295,913,254,597,919,977,913,245,571,97,518,1007,272,894,244,621,915,990,351,920,653,972,181,879,146,323,122,241,309,24,699,354,57,108,95,100,81,84,58,60,90,79,68,43,55,58,99,58,90,70,62,61,38,56,42,56,82,55,55,50,50,75,83,84
[ 27.909590] wil6210-aoa$0,1606461626.689652,04:d6:aa:c1:38:97,2,1,1,0,128,274,944,792,799,333,792,922,267,159,357,57,197,829,58,659,373,911,977,288,841,679,39,663,11,157,346,551,1018,862,872,1017,761,58,114,98,108,80,84,53,63,91,76,69,36,51,56,91,54,81,68,61,57,34,46,41,52,74,46,49,43,41,66,67,66
[ 27.937851] wil6210-aoa$0,1606461626.717918,04:d6:aa:c1:38:97,2,1,1,0,128,277,948,785,761,933,1002,854,194,645,156,466,994,329,939,188,528,892,921,906,721,130,833,141,815,208,349,98,204,348,36,898,674,61,117,100,109,85,88,58,64,96,82,74,44,59,63,105,62,92,75,68,65,40,55,46,60,85,56,56,51,48,77,83,84
[ 27.963089] wil6210-aoa$0,1606461626.743153,04:d6:aa:c1:38:97,2,1,1,0,128,313,942,760,800,925,5,367,396,634,159,3,165,839,65,285,660,855,888,363,886,714,6,715,33,167,319,102,222,340,14,259,3,55,111,95,100,77,80,51,58,86,74,64,36,49,53,93,52,85,69,58,55,35,47,37,49,75,48,47,42,40,64,66,66
[ 27.992967] wil6210-aoa$0,1606461626.773031,04:d6:aa:c1:38:97,2,1,1,0,128,171,854,263,586,395,851,847,223,637,160,10,139,882,110,195,525,911,937,380,869,674,3,767,50,168,334,90,227,302,22,973,762,65,115,100,107,85,89,62,68,99,86,76,47,61,62,108,63,98,77,68,67,41,57,47,62,88,61,61,54,54,82,88,89
[ 28.022173] wil6210-aoa$0,1606461626.802237,04:d6:aa:c1:38:97,2,1,1,0,128,290,943,751,740,979,7,465,449,161,372,19,152,803,31,710,433,903,957,340,876,705,34,679,1013,197,325,531,3,347,15,662,457,56,109,97,104,78,83,53,60,87,75,66,35,51,54,94,56,85,68,58,55,34,45,38,49,72,45,48,42,37,63,67,67
[ 28.048585] wil6210-aoa$0,1606461626.828653,04:d6:aa:c1:38:97,2,1,1,0,128,245,943,709,719,922,1012,324,399,649,139,533,1023,295,878,684,361,335,747,362,887,669,970,678,4,154,317,96,210,353,44,119,912,51,98,84,90,72,73,51,54,81,70,62,36,50,50,89,50,79,64,55,54,32,45,38,50,73,47,47,44,41,66,67,69
[ 28.091229] wil6210-aoa$0,1606461626.871296,04:d6:aa:c1:38:97,2,1,1,0,128,724,739,197,553,422,856,838,226,706,205,47,243,814,61,675,368,929,933,354,910,661,1021,718,28,201,345,91,242,316,9,1020,777,57,109,93,102,79,82,56,61,91,78,70,43,57,58,100,57,89,73,62,60,38,51,43,55,81,54,56,49,50,75,80,80
[ 28.119160] wil6210-aoa$0,1606461626.899223,04:d6:aa:c1:38:97,2,1,1,0,128,782,743,772,741,944,1002,841,211,212,337,43,159,830,61,210,590,831,916,321,852,634,996,780,85,177,336,60,176,340,35,205,976,61,119,100,106,84,89,58,62,97,82,73,42,57,59,104,59,94,74,66,65,40,55,45,57,84,58,56,51,48,76,80,81
[ 28.142864] wil6210-aoa$0,1606461626.922932,04:d6:aa:c1:38:97,2,1,1,0,128,743,704,788,773,375,792,446,446,152,315,112,211,831,65,153,559,969,1001,327,872,627,18,683,10,204,378,146,257,350,11,649,456,55,107,96,100,80,83,55,62,87,75,68,40,53,55,100,53,87,71,62,57,35,47,41,51,78,50,52,44,43,67,72,72
[ 28.184520] wil6210-aoa$0,1606461626.964589,04:d6:aa:c1:38:97,2,1,1,0,128,292,954,784,793,997,1015,419,444,170,371,38,203,918,87,244,606,899,942,312,839,154,819,758,8,222,318,64,197,803,839,506,341,61,111,97,102,83,87,59,63,95,82,73,45,61,61,104,62,94,75,66,65,40,53,48,59,86,59,59,52,52,78,81,85
[ 28.214053] wil6210-aoa$0,1606461626.994117,04:d6:aa:c1:38:97,2,1,1,0,128,263,918,800,770,995,986,909,257,211,393,115,235,773,11,161,578,349,740,412,877,698,39,650,998,194,355,28,114,779,797,584,376,61,116,101,110,83,88,58,65,97,81,74,43,59,61,105,60,91,74,67,61,39,53,45,55,83,54,57,48,47,77,79,77
[ 28.243708] wil6210-aoa$0,1606461627.023771,04:d6:aa:c1:38:97,2,1,1,0,128,230,901,868,814,372,822,901,243,671,209,20,185,286,878,621,348,415,778,380,863,120,839,692,1020,179,311,111,200,327,13,689,508,60,116,100,107,84,90,59,65,98,82,74,45,57,60,108,60,93,76,66,64,38,54,45,57,86,55,55,49,48,76,80,82
[ 28.268177] wil6210-aoa$0,1606461627.048246,04:d6:aa:c1:38:97,2,1,1,0,128,757,743,227,558,378,802,916,252,177,362,25,163,849,82,630,338,938,912,839,643,210,877,681,1006,635,98,610,18,804,845,362,155,61,114,101,109,84,89,58,66,95,83,74,45,60,62,106,64,94,74,67,63,40,53,45,59,84,54,54,50,51,76,82,81
[ 28.298916] wil6210-aoa$0,1606461627.078986,04:d6:aa:c1:38:97,2,1,1,0,128,287,956,783,799,940,1022,365,395,642,127,36,183,838,63,195,561,862,907,347,833,157,805,192,837,681,148,610,29,345,37,414,146,59,113,100,108,82,87,59,63,96,82,72,41,57,61,102,58,93,74,63,62,38,53,41,54,83,53,53,46,46,73,73,75
[ 28.323972] wil6210-aoa$0,1606461627.104036,04:d6:aa:c1:38:97,2,1,1,0,128,240,903,210,592,1004,1023,394,420,190,359,83,205,814,40,205,608,301,678,359,845,126,814,133,822,653,116,84,203,760,824,667,431,55,105,97,103,80,84,53,61,91,77,70,39,52,56,99,57,85,69,61,60,36,48,41,53,81,51,53,47,45,73,75,75
[ 28.355305] wil6210-aoa$0,1606461627.135370,04:d6:aa:c1:38:97,2,1,1,0,128,292,951,788,751,399,800,893,305,142,334,84,212,843,78,186,589,871,898,827,704,640,1015,738,4,205,343,66,160,320,1007,329,19,59,116,103,107,84,87,59,65,95,82,72,42,58,60,105,62,93,75,65,65,40,56,45,59,85,56,57,52,49,78,82,84
[ 28.380581] wil6210-aoa$0,1606461627.160646,04:d6:aa:c1:38:97,2,1,1,0,128,782,735,226,592,437,858,366,380,203,407,1012,146,888,62,177,607,825,917,846,675,687,43,642,1014,689,133,505,976,835,880,871,684,60,116,98,106,85,87,58,64,98,83,73,43,58,60,105,61,92,76,65,64,38,53,46,55,82,54,56,49,46,76,79,78
[ 28.408749] wil6210-aoa$0,1606461627.188820,04:d6:aa:c1:38:97,2,1,1,0,128,328,951,782,771,920,969,392,413,206,366,51,193,852,97,130,539,947,973,412,931,715,1,689,9,207,355,67,198,285,991,846,669,56,112,96,103,80,82,54,61,90,77,68,38,50,57,95,55,86,71,60,57,34,46,39,50,73,43,48,43,37,65,67,66
[ 28.436121] wil6210-aoa$0,1606461627.216185,04:d6:aa:c1:38:97,2,1,1,0,128,299,930,796,773,1023,1008,358,399,204,404,50,235,858,78,241,642,901,939,379,890,706,13,691,1001,242,354,134,267,289,1003,796,517,58,111,96,102,81,85,58,61,94,82,70,42,57,59,102,58,93,73,66,65,37,55,44,59,84,56,55,50,51,79,81,84
[ 28.465342] wil6210-aoa$0,1606461627.245410,04:d6:aa:c1:38:97,2,1,1,0,128,663,670,293,616,973,990,507,459,209,384,74,229,837,56,164,546,309,734,881,749,71,834,140,840,672,172,113,203,308,1014,993,762,54,114,96,104,80,84,53,61,93,80,70,37,53,59,98,56,87,73,61,58,37,50,43,53,80,51,52,46,44,72,75,73
[ 28.490682] wil6210-aoa$0,1606461627.270747,04:d6:aa:c1:38:97,2,1,1,0,128,261,903,787,768,410,844,418,438,177,346,70,203,870,117,205,576,948,942,389,926,715,25,683,986,158,297,151,239,252,1002,987,737,59,113,100,103,81,85,58,63,93,82,71,41,55,56,102,60,89,72,65,61,39,53,46,57,83,55,55,50,49,80,80,81
[ 28.522174] wil6210-aoa$0,1606461627.302238,04:d6:aa:c1:38:97,2,1,1,0,128,780,749,759,747,415,821,817,227,149,330,496,1010,288,921,698,371,390,790,379,888,720,1008,154,841,634,157,484,945,812,848,246,61,58,112,96,103,79,84,56,62,92,80,69,39,54,59,98,58,88,71,63,60,35,51,43,53,81,51,52,47,45,75,75,76
[ 28.551833] wil6210-aoa$0,1606461627.331900,04:d6:aa:c1:38:97,2,1,1,0,128,784,770,222,579,1017,9,382,439,187,378,88,224,833,71,216,593,330,730,801,660,117,802,710,36,212,368,77,178,357,28,561,383,58,110,97,106,80,85,55,61,93,78,72,42,55,58,101,57,89,72,65,60,38,51,44,56,83,52,55,48,47,75,76,77
[ 28.575665] wil6210-aoa$0,1606461627.355732,04:d6:aa:c1:38:97,2,1,1,0,128,289,942,236,569,2,1,428,459,628,183,64,198,817,34,655,385,352,751,396,883,721,32,700,3,163,286,536,993,813,827,714,591,59,112,96,104,79,84,58,63,95,82,73,44,56,59,102,59,90,73,65,62,39,53,44,55,83,54,55,49,48,75,82,80
[ 28.604331] wil6210-aoa$0,1606461627.384395,04:d6:aa:c1:38:97,2,1,1,0,128,746,721,207,545,430,824,883,253,192,357,1015,135,836,64,601,327,306,723,835,723,698,1002,640,989,201,354,118,215,344,4,683,419,60,111,97,103,82,85,56,62,93,79,72,43,56,58,104,59,89,73,63,60,40,53,45,55,82,58,57,51,50,77,84,84
[ 28.634697] wil6210-aoa$0,1606461627.414762,04:d6:aa:c1:38:97,2,1,1,0,128,262,941,751,772,936,974,375,397,126,363,32,176,258,849,177,557,352,750,382,896,654,1000,699,1,183,357,120,235,311,19,920,611,59,109,96,103,81,86,58,60,92,81,70,41,57,60,104,58,90,72,65,60,39,54,44,57,83,55,54,50,47,75,81,81
[ 28.664710] wil6210-aoa$0,1606461627.444774,04:d6:aa:c1:38:97,2,1,1,0,128,233,938,768,782,930,8,859,222,637,162,76,212,901,97,131,537,889,917,815,653,92,794,196,834,218,365,62,172,811,801,42,832,59,110,98,103,79,86,57,63,92,79,70,43,56,57,103,60,90,71,63,62,38,53,44,57,83,53,54,48,47,74,78,78
[ 28.693646] wil6210-aoa$0,1606461627.473713,04:d6:aa:c1:38:97,2,1,1,0,128,749,754,751,768,938,992,406,447,151,350,65,188,783,16,239,639,901,952,263,808,124,828,622,1012,200,337,131,242,342,6,233,981,58,113,93,99,82,87,57,61,93,80,70,41,57,57,102,59,89,71,63,61,38,52,44,56,80,52,54,48,46,78,76,77
[ 28.720179] wil6210-aoa$0,1606461627.500243,04:d6:aa:c1:38:97,2,1,1,0,128,300,971,688,744,447,854,412,425,183,345,50,183,831,69,658,358,352,747,425,908,696,40,93,786,251,341,558,0,345,31,914,675,56,113,96,104,79,82,56,62,89,77,70,36,52,56,97,54,84,70,61,56,33,48,40,49,76,47,46,43,39,66,66,67
[ 28.750813] wil6210-aoa$0,1606461627.530883,04:d6:aa:c1:38:97,2,1,1,0,128,243,924,785,730,975,1008,434,462,152,392,105,223,795,46,199,567,357,745,826,680,103,810,138,836,152,329,117,247,337,10,503,282,61,116,98,105,82,90,56,62,95,82,69,42,58,58,100,59,89,72,65,63,38,52,44,56,82,53,54,50,47,71,79,79
[ 28.775110] wil6210-aoa$0,1606461627.555178,04:d6:aa:c1:38:97,2,1,1,0,128,722,717,735,728,416,803,890,232,162,355,79,221,812,58,185,555,859,895,392,883,675,1009,714,1020,641,147,562,11,336,19,228,48,58,116,99,105,79,86,55,63,92,78,71,41,55,58,101,61,88,71,63,60,37,49,43,56,80,50,54,46,45,71,76,74
[ 28.803976] wil6210-aoa$0,1606461627.584039,04:d6:aa:c1:38:97,2,1,1,0,128,319,997,759,780,926,1003,515,479,235,396,40,187,812,73,220,586,918,960,362,873,89,782,164,824,202,333,70,200,351,40,551,187,58,110,97,104,82,85,57,62,95,80,73,44,61,59,106,60,92,74,66,62,40,55,48,59,84,58,56,51,51,80,85,83
[ 28.829284] wil6210-aoa$0,1606461627.609353,04:d6:aa:c1:38:97,2,1,1,0,128,300,950,843,798,942,8,392,415,172,348,62,225,813,42,183,587,855,911,792,662,117,791,719,36,174,349,62,151,327,4,42,806,57,112,95,103,82,85,57,62,93,78,72,42,55,59,101,58,91,74,61,61,39,53,43,56,84,55,55,50,48,76,82,81
[ 28.853313] wil6210-aoa$0,1606461627.633383,04:d6:aa:c1:38:97,2,1,1,0,128,784,751,783,783,428,860,386,410,215,376,1019,180,755,9,210,606,941,960,336,872,700,8,658,998,178,340,593,15,338,1017,12,763,58,108,97,104,79,83,56,61,88,76,69,37,51,56,98,58,85,71,62,57,35,51,40,51,77,50,50,44,42,68,70,70
[ 28.884482] wil6210-aoa$0,1606461627.664552,04:d6:aa:c1:38:97,2,1,1,0,128,256,910,828,785,1014,34,365,429,232,414,16,174,812,24,186,574,937,996,376,869,708,37,626,992,206,318,55,160,382,45,948,742,55,100,90,98,77,77,55,56,86,78,66,39,53,57,95,57,85,69,61,58,35,50,42,54,78,52,52,48,46,72,74,77
[ 28.910909] wil6210-aoa$0,1606461627.690972,04:d6:aa:c1:38:97,2,1,1,0,128,762,757,767,761,980,1,386,471,191,372,486,1008,259,879,703,396,889,958,343,892,684,16,649,1023,637,123,519,1002,837,838,440,227,57,107,96,103,82,85,58,62,92,79,73,44,57,57,101,59,90,73,63,61,39,52,44,59,82,55,57,52,51,79,82,82
[ 28.941891] wil6210-aoa$0,1606461627.721956,04:d6:aa:c1:38:97,2,1,1,0,128,239,919,293,670,941,999,430,465,246,430,35,201,305,934,646,371,339,748,845,695,70,790,712,34,181,355,74,199,306,4,576,388,57,110,95,103,79,85,54,62,90,77,70,42,55,58,100,57,90,72,63,61,39,54,45,57,82,57,55,50,48,78,83,84
[ 28.972475] wil6210-aoa$0,1606461627.752540,04:d6:aa:c1:38:97,2,1,1,0,128,291,921,750,769,929,972,454,446,99,342,68,215,814,37,186,588,900,935,366,889,694,18,693,35,251,394,26,165,298,29,348,71,54,111,95,102,79,81,52,62,89,76,66,36,51,54,92,54,86,67,60,55,34,47,40,49,72,47,51,44,40,64,69,69
[ 28.997695] wil6210-aoa$0,1606461627.777762,04:d6:aa:c1:38:97,2,1,1,0,128,785,788,727,733,481,852,368,441,123,312,541,1004,279,884,689,398,384,788,846,680,672,980,740,40,155,329,119,240,337,1007,760,607,55,109,94,103,79,84,54,59,95,79,71,42,54,57,99,55,88,70,64,59,37,53,42,54,80,54,54,47,47,73,80,79
[ 29.022912] wil6210-aoa$0,1606461627.802978,04:d6:aa:c1:38:97,2,1,1,0,128,279,928,763,786,936,990,339,395,191,386,56,150,828,56,152,558,895,901,819,643,150,848,675,1007,686,129,92,187,369,22,785,590,56,110,96,102,79,82,55,60,92,77,70,39,55,57,97,56,85,71,65,59,37,51,42,55,79,51,53,46,44,70,76,76
[ 29.055475] wil6210-aoa$0,1606461627.835540,04:d6:aa:c1:38:97,2,1,1,0,128,286,969,801,756,975,1002,350,361,633,146,501,1010,308,948,138,544,951,948,384,911,661,0,614,987,698,162,527,990,771,839,126,966,56,110,94,101,77,80,54,60,89,77,67,39,52,55,97,58,84,69,61,57,35,46,40,54,79,48,51,45,45,70,72,72
[ 29.086614] wil6210-aoa$0,1606461627.866682,04:d6:aa:c1:38:97,2,1,1,0,128,283,949,788,770,342,733,918,241,618,143,533,1014,296,859,708,421,932,976,382,895,733,40,656,967,707,218,6,115,761,792,1002,914,56,109,92,98,78,79,54,61,90,78,70,41,55,56,99,57,88,70,62,60,34,48,40,53,77,48,50,44,41,68,71,71
[ 29.112440] wil6210-aoa$0,1606461627.892504,04:d6:aa:c1:38:97,2,1,1,0,128,758,706,233,534,439,830,907,258,177,348,585,1016,304,914,597,345,359,750,354,908,637,1019,671,1009,604,83,551,40,807,833,813,748,57,108,98,105,81,85,56,62,91,77,70,41,56,58,101,58,91,75,63,59,39,54,45,57,81,53,56,50,49,77,83,82
[ 29.143912] wil6210-aoa$0,1606461627.923977,04:d6:aa:c1:38:97,2,1,1,0,128,247,921,268,600,336,767,924,260,195,341,38,171,863,85,625,328,376,755,345,864,694,1023,713,29,215,388,80,190,297,983,441,201,60,113,99,104,82,84,58,61,94,80,69,41,55,57,100,57,88,73,66,61,37,51,44,56,80,51,55,49,45,73,75,78
[ 29.174918] wil6210-aoa$0,1606461627.954981,04:d6:aa:c1:38:97,2,1,1,0,128,258,944,811,834,926,999,347,383,138,331,58,204,888,85,217,611,860,912,360,865,674,1008,631,17,128,318,79,228,315,22,187,947,60,112,97,106,83,88,58,63,97,83,73,44,58,59,105,59,91,74,65,65,40,56,44,59,83,56,56,51,51,79,82,83
[ 29.206230] wil6210-aoa$0,1606461627.986293,04:d6:aa:c1:38:97,2,1,1,0,128,206,896,733,750,964,988,378,396,197,363,77,166,863,70,651,375,911,936,326,895,674,1008,214,899,175,344,117,295,316,10,360,110,60,115,99,104,81,83,57,63,95,80,70,40,57,59,98,58,88,72,62,59,36,51,42,55,81,53,53,47,46,76,77,77
[ 29.235399] wil6210-aoa$0,1606461628.015468,04:d6:aa:c1:38:97,2,1,1,0,128,242,890,864,814,888,936,401,414,157,330,72,205,859,61,157,578,879,897,367,894,669,11,672,16,191,336,493,1015,344,64,558,231,60,117,100,104,82,88,58,62,93,80,71,44,57,59,103,60,88,72,64,63,39,53,45,57,83,53,56,49,48,75,77,81
[ 29.262815] wil6210-aoa$0,1606461628.042879,04:d6:aa:c1:38:97,2,1,1,0,128,797,761,237,577,963,1015,333,377,158,329,62,186,874,77,207,584,920,918,379,884,682,997,80,824,682,164,536,11,289,4,819,550,60,113,96,105,83,86,58,63,97,84,74,44,61,60,105,60,93,76,68,64,40,56,47,60,83,58,58,52,51,79,86,86
[ 29.293583] wil6210-aoa$0,1606461628.073648,04:d6:aa:c1:38:97,2,1,1,0,128,267,917,761,748,953,972,439,454,241,415,49,172,814,13,196,549,322,715,854,660,640,983,683,3,203,377,117,213,288,22,911,663,61,113,99,105,85,89,59,63,95,84,73,44,58,61,105,61,94,74,67,64,42,56,48,59,86,59,58,53,51,79,85,86
[ 29.324187] wil6210-aoa$0,1606461628.104251,04:d6:aa:c1:38:97,2,1,1,0,128,275,940,758,757,386,843,434,472,99,336,24,188,819,79,157,547,366,754,386,845,139,827,730,1021,184,344,94,235,322,50,516,286,59,116,100,106,86,88,58,66,97,83,72,45,60,59,107,61,91,75,66,64,37,53,46,58,85,55,57,50,48,76,79,79
[ 29.354370] wil6210-aoa$0,1606461628.134440,04:d6:aa:c1:38:97,2,1,1,0,128,241,926,732,726,408,788,939,295,627,240,51,215,849,84,111,537,854,892,839,698,141,843,152,818,654,146,70,159,405,88,806,536,61,113,101,105,85,91,60,65,96,82,75,42,61,61,106,62,93,76,65,66,39,55,45,58,84,54,58,50,50,76,82,82
[ 29.378730] wil6210-aoa$0,1606461628.158798,04:d6:aa:c1:38:97,2,1,1,0,128,268,925,240,617,957,970,384,378,165,313,97,228,846,51,224,622,821,869,387,847,651,1014,721,16,96,244,95,227,246,981,173,951,61,115,101,108,83,83,58,63,93,79,72,40,57,60,101,58,91,72,65,62,39,51,44,54,83,52,52,47,46,73,77,76
[ 29.409778] wil6210-aoa$0,1606461628.189841,04:d6:aa:c1:38:97,2,1,1,0,128,326,926,788,771,1002,8,406,426,161,368,3,134,845,19,195,561,954,974,325,855,720,42,674,26,197,361,116,225,348,71,988,686,58,115,100,107,83,86,60,65,96,82,74,43,59,60,107,62,94,74,65,65,40,55,48,60,86,57,59,52,53,79,83,84
[ 29.434103] wil6210-aoa$0,1606461628.214171,04:d6:aa:c1:38:97,2,1,1,0,128,766,779,187,588,927,958,412,445,86,304,34,158,862,45,158,546,891,937,767,635,135,812,694,4,128,325,118,219,332,40,465,198,60,115,100,106,84,87,60,62,100,87,73,46,59,61,108,62,95,78,67,67,41,55,46,58,88,60,59,53,53,81,86,84
[ 29.461936] wil6210-aoa$0,1606461628.241999,04:d6:aa:c1:38:97,2,1,1,0,128,356,952,795,784,932,980,852,222,199,341,1022,150,314,892,232,638,858,906,317,818,652,993,696,25,207,367,20,166,745,818,716,506,56,108,93,100,78,83,56,60,90,76,68,40,54,56,98,57,87,72,61,59,35,51,42,54,79,50,52,47,46,73,73,75
[ 29.493298] wil6210-aoa$0,1606461628.273361,04:d6:aa:c1:38:97,2,1,1,0,128,295,928,857,842,981,994,373,391,158,346,23,166,304,878,217,583,991,982,342,900,618,1007,684,14,146,279,114,205,365,57,335,37,54,108,93,102,77,79,52,60,87,74,65,37,51,53,94,55,84,67,59,56,34,47,42,52,76,49,49,43,39,68,70,68
[ 29.518113] wil6210-aoa$0,1606461628.298178,04:d6:aa:c1:38:97,2,1,1,0,128,260,905,225,603,960,15,424,463,199,405,52,186,892,121,174,605,882,936,835,694,748,52,721,43,203,348,141,239,398,39,757,427,54,112,97,101,77,80,54,62,88,77,69,33,48,55,91,52,82,69,59,55,34,46,36,47,73,45,47,41,37,63,68,66
[ 29.550576] wil6210-aoa$0,1606461628.330639,04:d6:aa:c1:38:97,2,1,1,0,128,289,917,775,744,370,776,879,194,628,123,550,11,910,94,263,623,830,895,345,864,651,997,141,822,639,119,589,31,333,38,586,293,60,113,100,104,85,88,58,64,96,82,71,46,59,60,104,60,95,76,65,64,41,54,45,56,86,57,55,50,51,79,80,81
[ 29.582166] wil6210-aoa$0,1606461628.362231,04:d6:aa:c1:38:97,2,1,1,0,128,331,970,806,799,898,973,443,457,108,330,38,180,265,887,194,572,859,906,385,899,105,834,689,1002,645,162,153,197,797,850,287,1018,57,116,101,106,82,89,58,63,95,84,74,44,57,60,104,60,93,76,64,64,39,56,45,59,85,56,57,51,50,76,84,85
[ 29.610749] wil6210-aoa$0,1606461628.390817,04:d6:aa:c1:38:97,2,1,1,0,128,266,935,802,778,956,1023,368,420,165,398,14,163,824,95,184,582,905,934,341,888,616,965,132,839,204,359,100,203,353,20,217,3,60,116,100,105,84,87,58,63,92,82,71,41,56,59,102,58,89,71,65,63,36,53,43,55,82,54,54,47,46,76,78,76
[ 29.641219] wil6210-aoa$0,1606461628.421290,04:d6:aa:c1:38:97,2,1,1,0,128,763,736,769,745,316,760,895,225,604,142,68,176,221,817,734,447,345,738,441,942,645,13,669,1004,630,88,531,1007,824,864,755,577,60,115,99,106,84,87,60,64,97,82,73,45,59,62,105,60,94,76,66,65,41,56,46,57,83,56,57,50,50,78,82,82
[ 29.666023] wil6210-aoa$0,1606461628.446090,04:d6:aa:c1:38:97,2,1,1,0,128,254,888,824,780,1012,998,402,399,212,328,547,1013,840,83,213,609,878,927,353,878,681,1017,706,27,122,318,34,180,312,16,585,347,60,114,101,105,81,87,57,65,92,81,72,42,57,59,102,59,90,73,64,61,36,53,43,55,82,53,54,47,46,73,78,77
[ 29.695951] wil6210-aoa$0,1606461628.476014,04:d6:aa:c1:38:97,2,1,1,0,128,267,922,764,752,980,1001,446,451,212,388,6,148,818,21,153,574,895,925,402,934,699,19,717,44,230,375,92,223,309,15,713,405,60,116,102,107,83,88,58,64,96,83,71,40,55,58,101,57,91,74,63,62,37,53,44,56,83,53,54,48,46,74,76,73
[ 29.726305] wil6210-aoa$0,1606461628.506373,04:d6:aa:c1:38:97,2,1,1,0,128,291,961,803,798,926,983,871,233,209,394,12,196,809,54,658,360,921,931,821,648,199,890,93,801,660,136,583,1022,319,997,33,888,60,112,98,106,82,88,58,62,94,82,72,44,58,60,104,61,93,75,67,63,40,55,46,57,84,56,58,52,48,78,85,84
[ 29.753695] wil6210-aoa$0,1606461628.533759,04:d6:aa:c1:38:97,2,1,1,0,128,267,945,780,821,925,970,399,418,171,364,58,218,795,58,146,551,903,930,362,862,150,838,157,854,171,347,96,181,345,39,547,376,57,113,97,103,82,84,55,62,93,77,69,41,54,57,99,57,91,71,64,60,36,52,42,55,83,53,54,47,47,73,80,77
[ 29.784961] wil6210-aoa$0,1606461628.565025,04:d6:aa:c1:38:97,2,1,1,0,128,308,962,823,829,941,988,411,496,137,364,105,250,805,63,199,620,926,938,382,883,649,998,688,1006,218,350,127,243,334,18,130,864,60,110,96,102,80,85,57,60,92,81,72,40,56,57,99,60,87,73,64,62,39,51,42,58,81,54,54,49,47,75,79,78
[ 29.816687] wil6210-aoa$0,1606461628.596750,04:d6:aa:c1:38:97,2,1,1,0,128,242,918,788,788,929,1009,469,488,166,363,42,195,805,33,232,621,863,920,336,872,669,6,701,77,217,390,52,196,323,11,474,261,57,111,96,100,80,85,56,61,94,82,72,42,55,59,99,57,91,72,64,62,39,52,46,56,82,53,56,49,50,76,79,79
[ 29.848195] wil6210-aoa$0,1606461628.628263,04:d6:aa:c1:38:97,2,1,1,0,128,239,938,231,593,393,832,414,461,208,389,73,214,921,70,170,593,981,944,354,848,705,13,663,1012,225,378,41,157,343,1020,473,256,59,108,95,103,81,85,60,60,92,82,71,47,59,60,104,61,94,72,65,63,40,57,47,60,84,59,58,52,54,82,89,89
[ 29.874816] wil6210-aoa$0,1606461628.654880,04:d6:aa:c1:38:97,2,1,1,0,128,294,886,268,614,400,805,921,270,112,313,127,214,848,71,189,576,841,878,836,660,692,1017,673,1017,170,360,59,200,321,1022,44,762,59,108,96,103,80,86,57,61,93,81,72,42,56,58,98,56,86,73,62,59,38,52,42,54,82,51,52,46,46,74,79,78
[ 29.906529] wil6210-aoa$0,1606461628.686592,04:d6:aa:c1:38:97,2,1,1,0,128,326,980,788,809,953,1015,395,434,244,393,121,260,858,74,187,592,940,984,380,920,680,20,671,977,259,370,121,244,259,1006,116,908,58,109,95,102,82,82,55,63,90,76,69,40,54,57,101,57,86,71,60,60,38,51,42,54,79,52,52,44,45,71,75,72
[ 29.937114] wil6210-aoa$0,1606461628.717184,04:d6:aa:c1:38:97,2,1,1,0,128,294,941,748,771,948,990,900,241,654,188,1020,166,347,897,605,357,328,733,833,692,138,831,137,851,659,190,505,1017,285,1005,310,87,56,112,96,104,79,83,55,62,93,79,69,41,55,58,100,59,89,71,64,62,37,54,43,55,80,54,53,49,47,74,78,77
[ 29.965216] wil6210-aoa$0,1606461628.745280,04:d6:aa:c1:38:97,2,1,1,0,128,295,946,769,738,453,806,466,468,131,352,35,148,834,40,205,608,269,672,898,736,683,1,641,995,206,387,30,167,340,12,670,480,56,111,96,101,80,85,56,61,94,78,67,41,55,56,99,58,91,71,62,60,38,53,43,54,81,55,53,48,47,74,78,79
[ 29.996651] wil6210-aoa$0,1606461628.776722,04:d6:aa:c1:38:97,2,1,1,0,128,265,936,789,779,417,799,392,442,143,323,8,144,862,107,708,428,961,963,430,939,675,1016,688,9,116,323,89,212,785,847,25,804,54,110,92,100,77,81,52,59,88,76,67,36,51,53,93,55,84,69,61,59,35,47,41,52,75,48,49,45,42,66,70,70
[ 30.022880] wil6210-aoa$0,1606461628.802944,04:d6:aa:c1:38:97,2,1,1,0,128,241,906,780,780,945,0,379,415,208,389,1,143,862,48,245,592,331,740,337,852,715,39,672,999,272,383,58,203,317,1016,761,488,57,112,97,101,80,82,56,60,89,77,70,41,55,56,101,56,88,69,62,61,36,51,41,53,78,51,53,46,43,72,73,74
[ 30.054716] wil6210-aoa$0,1606461628.834778,04:d6:aa:c1:38:97,2,1,1,0,128,771,777,734,787,934,1012,835,198,179,365,964,119,845,66,185,614,875,927,332,835,631,1020,655,1009,647,126,77,168,343,10,289,38,57,113,99,105,80,86,56,63,93,79,73,42,56,56,100,59,90,73,63,59,37,49,44,52,80,52,52,47,43,71,74,73
[ 30.084883] wil6210-aoa$0,1606461628.864950,04:d6:aa:c1:38:97,2,1,1,0,128,285,933,271,610,934,1009,431,475,224,409,91,211,840,54,173,545,888,912,357,860,675,19,693,17,210,338,113,217,284,1011,912,678,60,113,100,108,80,86,58,61,96,80,72,43,60,59,102,59,89,71,65,62,40,52,45,58,82,54,54,50,47,77,81,81
[ 30.113198] wil6210-aoa$0,1606461628.893261,04:d6:aa:c1:38:97,2,1,1,0,128,758,712,801,775,962,1001,410,431,148,330,75,200,841,50,198,598,876,905,359,861,670,994,62,783,708,194,571,13,741,797,954,654,60,117,98,107,82,88,57,63,98,79,70,44,58,59,102,60,92,73,64,62,39,53,43,55,82,53,54,47,48,76,80,76
[ 30.145156] wil6210-aoa$0,1606461628.925220,04:d6:aa:c1:38:97,2,1,1,0,128,323,980,773,779,958,1015,395,427,125,336,69,219,844,105,163,564,908,946,340,898,696,17,630,994,682,147,74,207,354,46,278,144,55,112,95,101,80,84,55,61,94,80,71,42,54,58,102,59,89,74,65,61,37,52,45,57,85,55,55,50,49,77,83,82
[ 30.177265] wil6210-aoa$0,1606461628.957329,04:d6:aa:c1:38:97,2,1,1,0,128,319,975,813,804,950,1022,390,429,152,350,52,220,855,89,199,589,929,946,345,884,690,991,690,2,149,313,532,2,342,1013,526,319,56,110,96,103,81,82,55,63,93,79,69,41,56,56,97,59,90,71,63,62,37,52,42,54,80,51,53,45,44,74,74,73
[ 30.209093] wil6210-aoa$0,1606461628.989157,04:d6:aa:c1:38:97,2,1,1,0,128,280,936,770,770,962,958,845,206,637,132,543,14,231,847,674,437,884,914,861,687,123,809,160,879,154,331,87,208,767,836,91,866,58,113,94,102,80,85,57,61,92,79,69,42,53,58,102,60,89,73,63,62,37,51,43,55,83,54,53,48,48,76,75,77
[ 30.241387] wil6210-aoa$0,1606461629.021450,04:d6:aa:c1:38:97,2,1,1,0,128,305,916,777,754,952,984,814,208,693,223,532,34,838,95,172,606,871,904,373,875,684,7,697,21,162,299,586,21,793,828,940,765,55,109,95,102,76,81,53,61,89,75,70,38,52,57,98,56,87,71,60,55,36,51,40,52,77,51,50,43,45,70,71,71
[ 30.266519] wil6210-aoa$0,1606461629.046586,04:d6:aa:c1:38:97,2,1,1,0,128,228,882,267,623,888,984,830,191,624,161,67,185,857,121,236,604,875,911,357,915,109,843,705,1007,639,172,99,173,336,29,696,491,54,108,92,99,77,80,52,59,89,76,67,37,49,55,91,53,82,65,59,55,35,47,38,49,73,46,49,42,40,64,66,66
[ 30.294136] wil6210-aoa$0,1606461629.074199,04:d6:aa:c1:38:97,2,1,1,0,128,315,945,825,816,971,3,409,416,184,416,22,176,806,59,218,602,928,967,304,859,653,23,716,62,101,325,136,227,303,1001,466,136,58,108,94,104,80,86,55,59,95,80,73,43,54,59,102,57,90,72,63,63,38,51,44,57,79,52,55,50,47,73,79,80
[ 30.324062] wil6210-aoa$0,1606461629.104130,04:d6:aa:c1:38:97,2,1,1,0,128,237,880,271,589,435,827,438,431,141,311,986,117,287,898,163,577,909,941,371,906,705,34,707,56,193,372,107,267,290,1016,647,380,56,111,95,101,80,84,55,59,91,77,70,41,52,55,99,57,84,70,62,58,36,50,42,53,79,52,53,47,44,70,75,75
[ 30.349574] wil6210-aoa$0,1606461629.129638,04:d6:aa:c1:38:97,2,1,1,0,128,232,900,788,805,919,986,423,482,156,371,967,127,843,83,218,601,895,957,365,863,100,824,96,818,245,375,95,167,347,37,236,819,59,110,95,100,79,83,56,59,93,78,71,42,58,57,100,58,90,72,64,62,39,56,44,56,81,56,56,50,50,76,80,82
[ 30.379654] wil6210-aoa$0,1606461629.159722,04:d6:aa:c1:38:97,2,1,1,0,128,245,907,751,761,960,985,381,445,125,353,488,1009,863,46,176,560,853,923,806,677,176,848,638,976,647,101,569,10,368,58,269,1006,56,111,94,103,82,83,55,61,92,78,72,40,54,56,101,56,88,70,61,61,36,50,42,55,81,51,54,50,44,73,77,76
[ 30.410429] wil6210-aoa$0,1606461629.190498,04:d6:aa:c1:38:97,2,1,1,0,128,245,930,751,764,917,1006,819,217,642,151,72,182,830,44,134,562,897,938,369,875,114,834,171,860,707,195,118,234,320,1015,967,650,54,111,95,101,78,80,54,60,90,75,68,38,53,55,95,55,84,71,61,56,37,49,39,51,76,48,51,44,40,70,72,70
[ 30.435813] wil6210-aoa$0,1606461629.215882,04:d6:aa:c1:38:97,2,1,1,0,128,278,938,806,784,922,966,388,422,229,395,997,137,900,137,157,586,939,920,385,886,163,866,659,1020,190,339,76,173,334,1014,584,236,56,113,96,101,79,82,55,61,91,77,69,36,52,54,95,51,85,69,60,55,33,46,37,48,75,45,48,42,38,65,68,67
[ 30.467189] wil6210-aoa$0,1606461629.247253,04:d6:aa:c1:38:97,2,1,1,0,128,309,931,833,836,899,955,409,434,190,360,46,158,833,32,194,574,904,911,845,696,100,808,189,882,190,299,58,189,292,988,943,649,57,112,97,104,80,83,55,63,92,78,71,38,55,58,96,57,89,73,63,59,37,52,42,54,81,50,52,45,44,69,73,74
[ 30.499986] wil6210-aoa$0,1606461629.280051,04:d6:aa:c1:38:97,2,1,1,0,128,324,959,777,781,996,18,429,459,113,300,46,190,845,42,232,627,884,941,332,861,707,26,691,1018,692,170,83,173,338,1016,1018,820,57,115,100,106,81,84,56,62,95,82,70,41,56,59,104,58,91,72,63,61,37,51,42,55,82,50,53,47,46,72,75,75
[ 30.532666] wil6210-aoa$0,1606461629.312730,04:d6:aa:c1:38:97,2,1,1,0,128,232,870,810,789,940,1010,486,515,174,357,89,214,882,93,167,582,896,894,386,887,610,963,711,998,710,204,528,981,802,827,512,306,60,115,98,104,83,87,58,63,94,82,73,41,57,62,104,58,93,74,67,64,39,55,45,58,83,55,56,50,47,77,80,81
[ 30.558467] wil6210-aoa$0,1606461629.338534,04:d6:aa:c1:38:97,2,1,1,0,128,765,752,187,546,452,870,778,155,640,123,506,949,302,886,710,385,957,956,389,858,704,15,658,1005,235,337,8,139,760,821,840,611,57,109,97,102,79,83,56,62,91,76,70,39,53,57,96,57,86,70,64,57,38,50,42,55,79,52,52,45,45,71,76,74
[ 30.591722] wil6210-aoa$0,1606461629.371786,04:d6:aa:c1:38:97,2,1,1,0,128,738,696,270,576,402,796,907,239,188,364,483,962,276,834,686,376,329,750,843,705,629,950,171,816,240,378,1,172,793,817,474,391,54,107,94,101,77,82,55,61,91,78,69,40,51,56,96,55,87,72,60,58,35,47,40,49,76,46,48,42,42,64,68,69
[ 30.623416] wil6210-aoa$0,1606461629.403484,04:d6:aa:c1:38:97,2,1,1,0,128,333,963,766,809,972,4,409,424,191,351,22,202,870,113,215,566,932,939,342,873,646,1007,715,10,226,365,138,212,356,52,85,842,57,117,100,105,81,84,57,64,95,79,72,38,54,57,96,55,89,72,61,60,36,48,40,50,80,48,49,43,41,68,73,72
[ 30.648522] wil6210-aoa$0,1606461629.428590,04:d6:aa:c1:38:97,2,1,1,0,128,344,980,792,778,928,984,842,206,192,348,516,1010,910,132,163,572,884,941,358,860,673,1018,137,860,679,162,568,32,351,8,162,953,52,110,95,100,77,80,54,61,88,74,64,36,48,54,92,53,82,69,60,56,34,46,39,50,74,46,50,44,41,67,71,71
[ 30.680233] wil6210-aoa$0,1606461629.460301,04:d6:aa:c1:38:97,2,1,1,0,128,227,904,751,773,934,955,432,457,178,361,55,188,903,93,216,584,861,906,397,844,707,34,696,7,268,449,93,215,314,1015,968,627,54,109,92,100,79,80,55,59,89,75,68,36,54,54,93,52,85,69,60,55,35,47,42,49,75,48,49,43,42,67,69,64
[ 30.705424] wil6210-aoa$0,1606461629.485492,04:d6:aa:c1:38:97,2,1,1,0,128,295,944,735,755,948,985,852,244,240,450,8,160,791,55,167,572,856,956,305,853,668,1019,687,14,245,376,13,162,304,32,696,497,58,111,96,102,79,85,56,62,93,80,70,45,58,59,102,60,90,75,65,61,40,54,44,57,84,59,58,52,51,78,86,83
[ 30.735123] wil6210-aoa$0,1606461629.515187,04:d6:aa:c1:38:97,2,1,1,0,128,321,971,789,793,924,1005,371,423,204,405,15,164,811,46,191,592,903,936,388,884,706,5,686,1023,175,336,93,198,297,20,153,949,56,109,94,99,79,82,55,59,91,78,71,44,55,58,104,59,90,71,64,62,39,55,43,57,83,55,57,50,49,75,79,83
[ 30.766055] wil6210-aoa$0,1606461629.546125,04:d6:aa:c1:38:97,2,1,1,0,128,233,916,699,691,941,979,877,227,192,358,103,219,807,65,263,635,866,898,367,837,704,1015,678,1021,677,180,42,174,296,1018,757,466,57,111,96,102,83,86,56,60,91,80,71,43,56,58,102,57,90,71,62,59,38,53,44,55,79,53,55,48,46,75,79,79
[ 30.795285] wil6210-aoa$0,1606461629.575349,04:d6:aa:c1:38:97,2,1,1,0,128,311,922,781,766,922,975,364,373,212,393,25,148,786,34,693,410,877,911,393,842,757,64,607,1022,160,310,57,212,313,23,20,761,57,109,96,102,78,84,57,61,91,76,69,39,53,58,100,58,86,70,61,60,37,52,41,54,78,52,53,46,46,74,77,76
[ 30.826486] wil6210-aoa$0,1606461629.606555,04:d6:aa:c1:38:97,2,1,1,0,128,764,735,864,843,3,9,441,443,192,322,36,151,286,913,663,399,898,939,342,853,628,0,706,0,199,335,90,193,300,976,546,423,56,109,96,102,77,79,53,59,87,76,67,36,51,54,96,54,84,68,59,55,33,47,39,50,76,48,48,42,40,69,68,66
[ 30.854376] wil6210-aoa$0,1606461629.634441,04:d6:aa:c1:38:97,2,1,1,0,128,298,964,751,744,945,6,382,415,177,366,163,247,868,47,205,554,850,905,790,728,34,796,113,864,185,367,118,229,346,50,365,30,59,112,98,105,83,86,59,61,94,82,70,43,56,59,100,58,92,74,64,62,37,52,43,55,82,52,54,48,47,74,79,78
[ 30.886681] wil6210-aoa$0,1606461629.666752,04:d6:aa:c1:38:97,2,1,1,0,128,282,930,722,701,1004,1018,412,409,124,338,31,176,871,90,191,633,891,929,803,743,653,1023,171,884,660,163,96,181,333,20,627,393,60,114,98,103,80,82,55,63,92,80,72,42,56,58,101,58,89,73,64,60,38,53,43,55,83,55,52,48,49,77,79,81
[ 30.915620] wil6210-aoa$0,1606461629.695684,04:d6:aa:c1:38:97,2,1,1,0,128,320,965,776,750,973,967,894,216,619,166,513,1011,239,859,201,603,874,936,317,846,653,8,652,991,160,297,530,0,323,6,765,487,59,114,96,107,78,85,58,62,95,80,71,43,57,58,101,59,91,73,64,62,39,51,43,57,84,55,56,49,51,80,81,81
[ 30.948207] wil6210-aoa$0,1606461629.728277,04:d6:aa:c1:38:97,2,1,1,0,128,248,910,204,572,430,849,372,407,230,400,1011,164,271,876,662,307,316,698,864,717,689,1019,657,1019,281,416,103,231,302,5,437,173,60,115,101,107,83,89,59,63,95,84,73,45,59,60,106,62,94,77,66,64,40,57,46,60,86,57,58,51,52,80,85,83
[ 30.975996] wil6210-aoa$0,1606461629.756060,04:d6:aa:c1:38:97,2,1,1,0,128,195,875,808,806,965,1014,421,437,152,372,97,268,788,53,255,646,861,911,345,885,644,1012,708,4,221,348,115,226,320,1018,94,874,59,109,94,102,81,85,59,61,93,83,72,45,59,58,101,60,95,74,66,65,40,54,46,56,83,58,58,52,53,80,86,87
[ 31.009393] wil6210-aoa$0,1606461629.789461,04:d6:aa:c1:38:97,2,1,1,0,128,723,717,788,785,913,943,835,182,673,142,92,184,831,44,189,572,859,908,358,864,184,906,673,1016,158,313,67,204,348,5,947,620,56,108,96,102,79,83,57,60,90,79,70,41,56,59,99,58,88,70,63,60,36,53,42,57,81,54,56,49,48,75,77,78
[ 31.034904] wil6210-aoa$0,1606461629.814973,04:d6:aa:c1:38:97,2,1,1,0,128,281,942,797,779,458,849,843,227,156,291,512,6,919,159,142,515,325,746,833,671,160,847,196,889,672,136,528,1004,315,983,542,344,56,110,95,102,76,79,54,59,87,74,67,35,50,54,92,53,82,67,58,57,35,46,40,50,76,46,48,43,39,64,68,68
[ 31.064751] wil6210-aoa$0,1606461629.844815,04:d6:aa:c1:38:97,2,1,1,0,128,277,946,821,832,920,967,374,385,647,140,597,46,788,65,175,598,905,939,367,895,720,65,624,1004,197,357,96,228,281,21,1013,740,55,105,94,101,76,79,53,59,89,75,68,38,51,54,94,54,84,70,58,56,35,46,40,52,75,44,47,43,41,66,69,72
[ 31.091298] wil6210-aoa$0,1606461629.871366,04:d6:aa:c1:38:97,2,1,1,0,128,257,892,760,776,969,30,387,464,149,317,42,183,894,70,235,577,899,926,310,863,705,1012,613,961,249,359,70,188,324,1006,560,275,58,109,97,101,80,84,55,59,91,78,70,41,54,55,99,57,86,70,59,58,37,48,42,55,77,51,52,46,41,71,76,74
[ 31.117245] wil6210-aoa$0,1606461629.897316,04:d6:aa:c1:38:97,2,1,1,0,128,708,721,253,581,450,809,434,392,670,138,76,180,827,54,168,564,849,901,840,696,708,13,620,978,173,331,126,250,278,969,765,588,58,110,95,100,81,83,57,63,91,77,71,40,57,58,103,58,88,72,64,61,38,52,44,57,83,58,56,51,50,78,81,82
[ 31.146931] wil6210-aoa$0,1606461629.926996,04:d6:aa:c1:38:97,2,1,1,0,128,285,943,882,839,991,10,425,468,205,388,22,154,220,872,679,365,950,983,361,886,692,23,685,10,230,354,147,247,323,1004,398,123,60,109,92,99,81,86,56,61,92,79,73,43,58,58,103,61,91,72,64,62,39,55,46,58,83,57,57,51,50,81,87,86
[ 31.180340] wil6210-aoa$0,1606461629.960405,04:d6:aa:c1:38:97,2,1,1,0,128,754,773,758,763,940,1007,418,428,601,133,557,9,274,896,235,600,908,916,254,787,657,1000,707,1019,207,341,24,145,306,21,942,650,57,106,95,101,77,80,55,61,87,74,71,36,52,55,98,55,85,69,60,55,35,48,40,50,75,49,49,42,42,68,70,67
[ 31.213842] wil6210-aoa$0,1606461629.993906,04:d6:aa:c1:38:97,2,1,1,0,128,740,690,277,558,951,1012,430,421,596,111,506,11,266,902,612,365,870,918,842,681,104,836,651,990,611,95,549,11,812,850,286,67,54,109,93,101,78,80,53,61,90,76,67,37,52,55,94,55,87,67,59,59,35,47,40,52,75,49,51,46,44,71,73,76
[ 31.240881] wil6210-aoa$0,1606461630.020945,04:d6:aa:c1:38:97,2,1,1,0,128,739,725,772,784,877,982,405,430,631,150,97,213,234,848,705,452,912,930,349,854,629,996,700,35,194,373,121,224,275,10,179,932,54,108,93,102,79,80,56,61,90,77,68,39,54,57,96,55,86,70,60,59,36,50,42,53,80,51,52,47,46,72,75,75
[ 31.270965] wil6210-aoa$0,1606461630.051036,04:d6:aa:c1:38:97,2,1,1,0,128,240,898,833,806,979,1006,405,446,229,404,73,219,827,70,176,523,907,893,341,859,741,11,685,1019,176,327,80,190,296,29,493,221,59,112,99,105,80,85,56,61,93,81,70,40,55,57,100,57,89,72,63,61,38,53,44,57,80,53,53,48,46,73,79,79
[ 31.303696] wil6210-aoa$0,1606461630.083761,04:d6:aa:c1:38:97,2,1,1,0,128,342,934,747,720,1002,0,382,380,195,414,40,171,858,106,186,608,894,954,347,869,681,12,714,42,160,384,92,237,320,38,268,1015,58,112,98,106,82,85,58,62,92,80,69,39,54,58,102,60,89,73,63,63,39,52,43,57,83,52,55,50,48,75,81,77
[ 31.337090] wil6210-aoa$0,1606461630.117155,04:d6:aa:c1:38:97,2,1,1,0,128,795,753,252,600,405,813,922,270,153,384,1011,149,297,912,641,357,340,757,793,631,168,846,100,773,690,121,569,1012,330,2,480,269,57,112,96,104,82,86,59,62,93,81,70,42,56,59,104,58,92,73,68,63,39,53,45,58,84,55,57,50,50,75,80,81
[ 31.363953] wil6210-aoa$0,1606461630.144018,04:d6:aa:c1:38:97,2,1,1,0,128,271,941,769,787,943,1006,372,411,161,322,65,192,826,68,173,539,343,712,891,735,686,985,142,810,232,357,112,212,288,995,807,541,57,111,96,105,79,82,56,62,94,79,68,41,54,58,97,55,87,69,63,60,36,50,41,53,77,50,52,45,44,69,76,74
[ 31.397884] wil6210-aoa$0,1606461630.177949,04:d6:aa:c1:38:97,2,1,1,0,128,708,675,251,571,426,858,371,422,174,337,10,177,899,33,177,583,334,727,940,738,703,1022,684,1008,234,381,102,214,268,993,574,363,56,111,95,102,79,83,55,59,90,80,67,38,52,57,97,54,88,70,60,58,35,50,40,52,77,49,51,45,41,67,69,72
[ 31.424684] wil6210-aoa$0,1606461630.204754,04:d6:aa:c1:38:97,2,1,1,0,128,264,951,221,580,429,861,397,425,209,374,7,161,857,77,187,583,894,972,317,891,715,14,642,985,190,322,95,206,240,985,94,974,55,107,96,102,79,83,54,60,89,76,68,39,51,56,98,55,86,70,60,58,33,47,40,49,73,46,48,41,40,64,66,65
[ 31.452296] wil6210-aoa$0,1606461630.232361,04:d6:aa:c1:38:97,2,1,1,0,128,284,939,765,756,1007,6,465,475,209,333,124,234,930,88,208,616,886,918,424,890,593,977,728,38,147,333,17,165,308,1018,806,573,55,109,94,101,79,83,55,59,93,80,66,40,54,58,98,56,88,70,62,60,35,50,41,54,78,52,52,45,44,69,73,71
[ 31.486440] wil6210-aoa$0,1606461630.266512,04:d6:aa:c1:38:97,2,1,1,0,128,311,946,768,786,982,1014,375,443,228,430,20,173,835,77,245,643,879,921,401,873,650,1013,714,1018,680,126,91,252,282,9,935,656,55,111,94,103,76,80,52,59,88,75,66,37,51,55,95,55,84,69,61,58,37,48,41,50,76,48,49,42,42,65,72,67
[ 31.514411] wil6210-aoa$0,1606461630.294474,04:d6:aa:c1:38:97,2,1,1,0,128,258,917,800,818,921,1017,440,492,106,321,56,228,801,83,194,584,853,953,374,914,662,1021,747,43,210,373,65,194,267,10,101,859,55,109,96,103,80,82,55,61,90,78,70,41,54,57,98,57,91,73,61,59,38,52,42,54,80,53,54,50,46,73,79,80
[ 31.559870] wil6210-aoa$0,1606461630.339934,04:d6:aa:c1:38:97,2,1,1,0,128,256,911,775,771,1000,25,405,434,220,423,97,237,805,44,170,581,860,897,326,868,125,844,690,6,182,353,110,226,292,11,1011,707,55,108,92,102,77,82,53,59,91,78,69,39,54,57,98,58,87,71,61,61,37,51,43,56,81,53,52,47,47,74,78,74
[ 31.592582] wil6210-aoa$0,1606461630.372654,04:d6:aa:c1:38:97,2,1,1,0,128,302,938,780,791,990,24,380,388,641,136,449,1008,285,870,244,617,917,913,842,674,717,35,661,1006,202,344,99,241,292,988,164,914,61,118,102,109,81,86,60,65,96,82,72,42,56,59,104,57,92,72,65,61,39,54,44,54,82,52,54,47,47,73,76,75
[ 31.622978] wil6210-aoa$0,1606461630.403042,04:d6:aa:c1:38:97,2,1,1,0,128,765,742,253,617,424,851,358,404,251,433,87,182,871,97,195,592,872,924,347,889,682,1021,700,2,162,335,6,140,344,24,955,765,58,109,95,100,77,83,56,60,92,77,69,41,55,57,96,57,88,71,62,60,38,52,44,55,82,55,54,48,50,77,79,79
[ 31.655437] wil6210-aoa$0,1606461630.435506,04:d6:aa:c1:38:97,2,1,1,0,128,298,923,779,763,954,1014,379,406,181,314,61,216,819,62,192,542,973,955,841,740,132,881,649,7,202,350,134,280,303,0,245,19,57,107,95,101,78,81,55,62,90,76,68,40,55,56,97,57,90,71,62,61,38,52,41,54,80,54,52,47,48,74,75,76
[ 31.684979] wil6210-aoa$0,1606461630.465044,04:d6:aa:c1:38:97,2,1,1,0,128,749,733,226,593,913,991,398,427,166,401,9,219,906,120,217,626,871,928,409,904,657,4,628,1010,214,350,80,178,328,6,734,443,59,110,96,102,81,85,56,63,91,79,70,42,56,58,101,59,90,72,64,60,38,51,44,55,79,51,54,46,44,71,79,76
[ 31.712324] wil6210-aoa$0,1606461630.492388,04:d6:aa:c1:38:97,2,1,1,0,128,234,881,313,630,947,1005,416,480,171,370,81,231,819,51,212,611,880,902,353,855,727,7,698,1018,661,126,589,0,340,31,702,461,57,113,97,103,83,88,56,63,92,82,73,44,57,57,105,62,91,72,63,63,38,54,45,58,83,55,56,51,47,74,82,80
[ 31.743334] wil6210-aoa$0,1606461630.523404,04:d6:aa:c1:38:97,2,1,1,0,128,278,935,221,550,946,989,366,374,158,329,23,156,843,70,174,553,892,929,798,660,121,848,89,814,675,166,492,985,793,839,468,378,59,114,95,103,83,84,57,62,93,78,69,40,55,55,98,56,87,71,62,61,36,49,41,54,77,48,51,45,43,71,74,73
[ 31.774932] wil6210-aoa$0,1606461630.554997,04:d6:aa:c1:38:97,2,1,1,0,128,303,967,228,593,909,994,879,255,579,140,547,19,833,79,214,577,947,959,382,910,663,990,756,32,629,134,126,232,392,20,858,572,53,113,94,101,78,79,54,59,88,75,65,34,50,55,91,51,84,67,60,56,34,45,36,49,74,44,47,42,39,63,67,61
[ 31.802912] wil6210-aoa$0,1606461630.582978,04:d6:aa:c1:38:97,2,1,1,0,128,302,935,811,780,942,979,393,426,190,374,43,162,853,103,164,533,877,914,346,841,682,1015,673,1,199,354,60,218,331,20,190,999,56,107,94,100,79,82,54,60,91,78,69,41,53,55,96,56,85,70,62,58,35,50,40,53,77,51,51,45,45,70,74,76
[ 31.837489] wil6210-aoa$0,1606461630.617561,04:d6:aa:c1:38:97,2,1,1,0,128,280,929,792,797,920,996,430,452,159,342,54,194,292,918,170,571,852,880,360,865,115,802,731,31,156,317,74,174,325,1023,357,90,56,109,94,103,78,81,54,60,91,79,68,39,53,55,98,55,88,69,62,60,36,48,41,52,76,49,51,42,42,68,71,70
[ 31.865980] wil6210-aoa$0,1606461630.646045,04:d6:aa:c1:38:97,2,1,1,0,128,263,909,811,816,916,995,423,431,151,323,104,232,875,93,215,580,804,865,864,681,682,1009,721,39,216,331,81,200,315,45,653,311,60,117,98,106,84,91,61,65,99,84,75,43,56,58,106,61,92,74,65,63,39,51,44,54,82,50,56,47,47,74,78,77
[ 31.900279] wil6210-aoa$0,1606461630.680349,04:d6:aa:c1:38:97,2,1,1,0,128,306,922,211,553,384,813,863,227,647,172,507,980,263,892,652,400,898,924,815,695,688,47,652,987,667,152,509,969,781,820,134,969,55,107,93,98,79,85,55,60,88,79,69,42,56,57,99,59,88,71,61,61,40,52,45,55,82,55,56,50,48,76,78,80
[ 31.926669] wil6210-aoa$0,1606461630.706740,04:d6:aa:c1:38:97,2,1,1,0,128,232,925,801,785,917,981,882,273,152,329,60,171,825,45,204,589,895,930,333,863,652,958,739,27,173,298,108,203,768,830,26,718,60,118,101,108,83,90,57,65,99,83,75,41,57,59,104,59,94,74,66,62,39,52,46,56,85,55,56,48,47,76,80,79
[ 31.957812] wil6210-aoa$0,1606461630.737877,04:d6:aa:c1:38:97,2,1,1,0,128,322,943,819,797,932,958,868,213,661,155,54,175,834,26,163,529,885,936,399,913,683,990,702,30,168,344,113,244,260,1009,3,833,55,107,94,98,79,80,55,59,90,74,69,38,51,55,97,55,86,69,61,58,36,49,40,52,76,49,51,45,44,69,71,73
[ 31.992164] wil6210-aoa$0,1606461630.772229,04:d6:aa:c1:38:97,2,1,1,0,128,268,987,755,758,1004,1015,405,436,282,429,36,174,854,64,235,600,976,997,344,850,686,978,178,860,214,369,91,194,295,9,158,886,54,110,94,100,77,78,54,58,91,76,68,39,52,57,98,55,84,69,62,58,35,51,42,52,78,49,52,46,44,71,74,74
[ 32.021715] wil6210-aoa$0,1606461630.801786,04:d6:aa:c1:38:97,2,1,1,0,128,265,925,786,784,946,1009,393,418,187,342,12,127,295,872,701,382,897,899,846,695,650,1005,716,33,161,340,534,0,324,3,322,97,55,108,97,100,78,81,57,61,91,77,68,39,52,54,98,56,87,69,61,58,36,49,41,54,78,52,52,46,43,71,77,76
[ 32.048220] wil6210-aoa$0,1606461630.828290,04:d6:aa:c1:38:97,2,1,1,0,128,825,775,843,815,976,1005,368,449,174,380,1018,138,867,73,171,610,851,918,336,825,125,829,667,1009,203,342,571,1,341,21,718,518,63,116,102,107,86,90,59,66,99,86,76,46,58,61,109,63,96,77,67,66,42,56,49,62,88,59,60,53,53,82,84,84
[ 32.077375] wil6210-aoa$0,1606461630.857439,04:d6:aa:c1:38:97,2,1,1,0,128,274,953,720,740,926,1014,398,415,683,183,31,181,302,919,185,596,916,973,367,885,45,806,732,29,157,358,535,14,834,859,651,400,57,110,96,104,80,86,57,63,91,80,69,41,55,57,100,58,89,74,63,59,38,51,42,52,81,52,52,47,45,72,76,74
[ 32.111682] wil6210-aoa$0,1606461630.891750,04:d6:aa:c1:38:97,2,1,1,0,128,256,902,284,630,929,980,418,431,178,398,62,192,871,106,212,590,842,906,316,813,192,885,626,987,167,332,101,207,323,1010,260,21,60,112,98,104,82,84,56,62,93,79,71,41,57,59,102,59,89,72,64,60,39,51,44,57,83,56,53,50,49,75,80,81
[ 32.138485] wil6210-aoa$0,1606461630.918555,04:d6:aa:c1:38:97,2,1,1,0,128,248,906,847,836,879,960,404,437,208,409,38,194,813,55,185,558,878,900,848,669,158,845,154,872,140,338,80,213,350,25,881,573,58,115,99,104,81,87,57,62,92,78,73,42,57,58,101,58,91,71,63,62,37,50,42,57,83,53,53,47,48,74,80,77
[ 32.170726] wil6210-aoa$0,1606461630.950795,04:d6:aa:c1:38:97,2,1,1,0,128,273,937,739,762,973,1003,405,446,707,230,18,170,805,49,208,604,987,981,321,827,755,51,676,1015,109,287,107,217,350,1016,314,66,58,113,98,105,82,88,57,62,94,81,70,44,55,59,104,59,90,73,63,62,41,53,44,56,81,55,56,49,49,73,79,81
[ 32.197461] wil6210-aoa$0,1606461630.977532,04:d6:aa:c1:38:97,2,1,1,0,128,293,936,770,773,959,1001,446,451,159,385,89,243,799,39,239,556,289,650,905,726,69,791,195,884,699,167,563,1012,330,5,227,990,63,118,100,109,86,92,61,66,100,87,75,47,62,62,108,61,99,79,68,67,42,59,47,64,90,58,59,54,52,83,87,88
[ 32.229339] wil6210-aoa$0,1606461631.009410,04:d6:aa:c1:38:97,2,1,1,0,128,662,698,236,571,390,822,857,239,150,366,9,173,809,73,659,376,886,922,282,802,148,835,116,834,603,135,544,997,806,865,892,615,57,111,94,102,79,83,55,59,88,78,69,42,54,57,96,57,86,69,62,59,38,50,43,55,80,52,53,46,46,75,77,76
[ 32.256151] wil6210-aoa$0,1606461631.036223,04:d6:aa:c1:38:97,2,1,1,0,128,747,751,768,777,954,1009,436,458,609,110,550,4,351,933,690,424,838,914,390,866,638,994,672,1001,684,115,575,1,832,903,285,25,56,109,95,100,78,84,56,60,90,76,69,41,55,57,98,57,87,71,63,59,37,49,43,53,80,50,53,46,46,70,74,74
[ 32.286204] wil6210-aoa$0,1606461631.066268,04:d6:aa:c1:38:97,2,1,1,0,128,757,730,767,745,351,775,401,445,156,353,73,186,802,11,688,383,827,882,372,915,20,753,122,776,709,163,50,145,853,870,830,530,63,114,100,108,85,92,62,66,99,85,77,47,63,63,110,65,99,76,68,68,44,58,51,64,89,62,60,55,54,86,92,90
[ 32.314142] wil6210-aoa$0,1606461631.094211,04:d6:aa:c1:38:97,2,1,1,0,128,331,973,818,786,1018,25,408,457,172,381,7,170,806,83,173,558,338,739,872,719,700,4,683,2,164,311,566,50,311,1023,142,885,58,111,96,100,79,85,56,61,93,80,70,43,58,59,104,58,91,72,63,63,40,56,46,58,84,57,57,53,50,79,86,86
[ 32.342524] wil6210-aoa$0,1606461631.122589,04:d6:aa:c1:38:97,2,1,1,0,128,263,940,218,602,952,997,421,423,209,388,23,194,833,28,162,563,926,937,313,827,84,817,678,1023,163,344,64,172,335,12,594,309,54,107,92,97,78,80,55,58,89,75,67,37,50,54,94,52,83,69,61,57,34,48,41,49,73,47,52,42,41,68,72,70
[ 32.372666] wil6210-aoa$0,1606461631.152735,04:d6:aa:c1:38:97,2,1,1,0,128,325,948,204,571,985,1003,364,437,160,335,48,231,796,74,250,633,812,880,345,870,594,973,692,29,230,380,128,233,294,5,755,539,57,108,95,100,80,83,55,59,89,75,69,41,53,57,96,56,86,70,62,59,37,51,40,54,78,53,52,45,47,71,75,73
[ 32.400561] wil6210-aoa$0,1606461631.180601,04:d6:aa:c1:38:97,2,1,1,0,128,311,947,791,750,973,44,374,446,86,298,55,188,773,43,163,542,888,914,414,895,124,832,675,985,706,147,90,183,363,54,887,605,58,112,94,99,79,81,54,59,90,77,67,37,54,54,96,53,86,68,59,58,36,47,40,52,77,48,49,44,42,66,70,69
[ 32.442486] wil6210-aoa$0,1606461631.222557,04:d6:aa:c1:38:97,2,1,1,0,128,742,710,822,809,953,5,367,448,175,385,55,158,328,898,197,581,864,904,343,836,676,13,733,44,207,338,537,21,792,848,548,430,55,108,93,99,78,83,55,59,90,76,69,42,55,58,100,58,88,71,63,60,40,53,44,57,80,56,53,49,50,76,80,79
[ 32.469573] wil6210-aoa$0,1606461631.249641,04:d6:aa:c1:38:97,2,1,1,0,128,749,749,857,834,912,976,411,473,569,105,546,22,851,64,202,579,915,944,352,852,668,1021,676,1011,585,87,578,993,824,869,840,562,60,117,101,106,84,88,60,64,99,85,72,42,57,59,107,59,92,74,68,63,41,54,45,58,84,57,57,50,51,79,88,86
[ 32.501940] wil6210-aoa$0,1606461631.282007,04:d6:aa:c1:38:97,2,1,1,0,128,293,941,730,763,894,983,400,407,140,334,91,136,312,927,145,520,855,906,769,665,148,853,152,853,642,149,524,1008,363,5,888,638,60,112,98,102,82,84,57,63,91,77,71,40,54,58,98,57,89,71,62,62,37,51,42,55,80,51,54,48,45,74,78,78
[ 32.533793] wil6210-aoa$0,1606461631.313864,04:d6:aa:c1:38:97,2,1,1,0,128,322,966,823,812,908,1008,851,260,577,153,70,165,821,35,166,585,884,935,840,678,142,879,672,7,665,143,529,1023,780,859,211,30,56,113,96,104,80,80,56,62,91,79,69,38,53,54,93,53,85,69,59,58,34,49,40,51,78,49,48,43,43,69,68,71
[ 32.561349] wil6210-aoa$0,1606461631.341417,04:d6:aa:c1:38:97,2,1,1,0,128,250,920,839,770,940,993,889,237,638,163,7,178,825,53,218,614,925,927,787,640,130,808,156,837,650,126,552,21,341,19,821,592,60,108,98,103,84,87,60,61,93,84,76,47,60,60,106,61,93,74,67,63,40,56,47,60,86,62,58,55,54,83,88,88
[ 32.594147] wil6210-aoa$0,1606461631.374215,04:d6:aa:c1:38:97,2,1,1,0,128,342,996,763,800,893,985,378,418,98,291,17,211,259,940,666,416,336,754,896,763,709,17,739,62,103,311,533,1007,770,805,118,974,64,118,103,112,85,90,62,66,98,86,78,45,62,63,110,64,96,78,69,66,41,57,47,61,86,60,59,50,52,81,87,84
[ 32.625494] wil6210-aoa$0,1606461631.405558,04:d6:aa:c1:38:97,2,1,1,0,128,797,803,801,819,905,987,400,452,147,344,36,163,861,63,661,386,889,893,408,860,679,983,146,821,718,200,104,223,280,1019,793,611,58,109,93,101,78,83,55,60,90,80,69,41,55,57,99,56,89,72,62,59,39,53,43,57,81,54,54,49,47,71,80,79
[ 32.654033] wil6210-aoa$0,1606461631.434097,04:d6:aa:c1:38:97,2,1,1,0,128,314,950,751,737,974,1004,426,444,179,357,0,180,847,65,166,576,913,957,842,731,686,23,720,32,196,321,94,226,269,1004,782,529,57,105,94,100,77,81,55,60,89,78,67,40,53,55,98,57,87,69,62,59,38,51,43,54,80,52,53,49,48,72,79,81
[ 32.688755] wil6210-aoa$0,1606461631.468818,04:d6:aa:c1:38:97,2,1,1,0,128,237,929,757,764,941,990,371,430,186,371,14,169,893,123,270,645,903,946,349,900,687,28,710,12,270,359,110,196,297,990,949,688,56,105,94,98,77,82,54,59,92,80,70,42,55,54,100,58,88,72,62,59,38,52,42,54,81,56,55,48,47,73,81,78
[ 32.721871] wil6210-aoa$0,1606461631.501939,04:d6:aa:c1:38:97,2,1,1,0,128,224,902,801,811,949,999,401,429,178,326,68,238,777,32,205,563,914,926,388,880,122,810,725,33,167,370,52,186,271,1012,449,186,56,111,95,100,79,80,52,60,88,74,69,38,49,55,93,53,82,68,59,55,35,48,39,49,75,48,47,44,43,66,70,69
[ 32.749072] wil6210-aoa$0,1606461631.529141,04:d6:aa:c1:38:97,2,1,1,0,128,308,960,730,734,958,987,345,391,638,167,29,183,292,899,163,534,373,788,338,885,700,10,105,805,153,327,130,238,307,1007,15,798,55,112,94,102,78,82,54,59,93,77,70,40,54,57,97,56,87,70,61,59,37,51,43,55,79,50,51,47,46,73,78,78
[ 32.782749] wil6210-aoa$0,1606461631.562816,04:d6:aa:c1:38:97,2,1,1,0,128,800,770,779,776,386,817,896,255,162,349,20,147,805,31,652,358,868,919,876,696,110,796,709,1014,169,340,74,201,287,5,26,878,56,108,95,103,78,84,57,59,90,78,72,43,57,60,103,59,89,71,63,63,39,56,44,57,81,56,54,50,49,77,82,81
[ 32.809841] wil6210-aoa$0,1606461631.589908,04:d6:aa:c1:38:97,2,1,1,0,128,792,722,848,804,417,860,336,399,186,333,47,182,282,908,139,545,340,727,858,660,150,841,686,15,235,359,89,170,338,1022,330,150,60,117,102,108,85,88,57,64,97,82,73,42,56,59,104,58,91,72,64,61,38,50,43,54,80,51,54,49,45,72,76,76
[ 32.842620] wil6210-aoa$0,1606461631.622686,04:d6:aa:c1:38:97,2,1,1,0,128,739,774,809,796,947,24,387,377,559,101,586,39,247,870,238,614,897,939,371,873,692,1019,129,836,199,348,85,221,323,0,17,737,55,107,92,100,79,82,56,60,90,77,67,40,56,56,97,56,85,71,60,56,36,50,42,55,79,51,52,48,45,71,76,76
[ 32.869815] wil6210-aoa$0,1606461631.649882,04:d6:aa:c1:38:97,2,1,1,0,128,257,926,788,811,900,952,430,446,164,354,28,188,802,28,206,550,910,972,362,886,699,33,661,1020,628,147,42,202,349,25,23,752,53,106,94,101,78,81,53,58,88,75,69,38,53,56,95,54,85,70,59,59,35,50,40,53,77,51,51,47,45,74,76,77
[ 32.901519] wil6210-aoa$0,1606461631.681587,04:d6:aa:c1:38:97,2,1,1,0,128,305,963,835,809,995,1014,399,437,189,370,86,237,789,47,188,574,938,933,383,898,702,27,689,1005,202,304,137,222,372,42,154,896,56,111,96,103,80,84,56,61,88,77,69,39,53,57,97,58,88,71,59,57,36,50,39,53,77,48,49,45,41,70,70,69
[ 32.929110] wil6210-aoa$0,1606461631.709177,04:d6:aa:c1:38:97,2,1,1,0,128,314,952,274,601,950,1009,430,453,127,326,36,197,853,68,225,583,866,899,341,882,750,45,691,39,111,319,82,236,324,11,626,394,57,111,96,103,82,83,56,62,94,78,72,42,56,58,101,57,91,73,63,62,39,53,43,56,81,54,54,48,48,76,81,77
[ 32.961299] wil6210-aoa$0,1606461631.741369,04:d6:aa:c1:38:97,2,1,1,0,128,317,955,774,802,961,995,371,406,177,352,98,206,802,24,225,574,890,909,396,915,662,1021,688,20,194,357,17,172,303,996,519,272,59,112,98,106,82,85,56,61,92,81,72,38,57,59,97,57,90,71,65,61,38,52,44,56,80,55,54,47,45,71,76,76
[ 32.989230] wil6210-aoa$0,1606461631.769298,04:d6:aa:c1:38:97,2,1,1,0,128,246,910,857,849,930,991,400,439,554,75,98,202,821,58,152,531,368,708,314,877,105,858,717,59,184,327,78,190,337,7,491,124,57,113,98,104,80,85,56,60,89,79,70,41,52,57,96,56,89,72,64,59,36,50,42,53,79,51,52,46,46,72,76,73
[ 33.021264] wil6210-aoa$0,1606461631.801327,04:d6:aa:c1:38:97,2,1,1,0,128,303,946,803,800,361,817,856,219,191,388,13,167,330,920,162,539,324,677,401,881,731,19,689,1007,186,326,47,118,357,8,480,194,56,109,91,99,76,79,55,58,90,76,65,36,49,53,93,52,84,67,59,57,35,47,39,50,75,48,52,44,42,68,73,73
[ 33.048533] wil6210-aoa$0,1606461631.828602,04:d6:aa:c1:38:97,2,1,1,0,128,247,947,735,746,982,1023,342,401,224,385,49,193,912,99,158,562,906,985,414,916,659,1008,709,55,198,379,70,215,347,21,187,955,53,108,93,99,78,81,54,60,90,77,69,39,54,54,96,55,85,69,62,60,37,50,42,53,79,50,53,47,45,72,74,75
[ 33.079532] wil6210-aoa$0,1606461631.859596,04:d6:aa:c1:38:97,2,1,1,0,128,238,918,857,856,880,974,445,469,150,357,92,250,745,18,231,591,943,917,467,934,650,12,690,999,223,364,67,215,298,1,597,365,54,108,92,99,78,80,54,61,90,77,67,37,53,56,98,53,87,69,63,59,36,49,41,51,78,52,53,47,45,71,77,76
[ 33.112663] wil6210-aoa$0,1606461631.892731,04:d6:aa:c1:38:97,2,1,1,0,128,295,933,187,579,401,800,887,220,618,142,80,194,840,31,263,647,924,973,302,862,689,26,705,1010,161,326,78,179,291,988,936,777,55,107,94,101,76,78,54,58,89,75,67,38,49,53,96,51,84,68,58,55,33,47,38,49,73,47,48,43,40,67,66,69
[ 33.140232] wil6210-aoa$0,1606461631.920300,04:d6:aa:c1:38:97,2,1,1,0,128,230,880,260,585,941,998,393,439,160,340,72,161,843,58,171,581,869,938,364,859,171,887,691,10,653,154,132,206,342,10,1001,768,53,106,93,98,76,81,53,58,89,76,67,39,52,55,96,55,87,69,61,60,37,50,42,55,79,49,51,44,45,70,76,74
[ 33.173954] wil6210-aoa$0,1606461631.954021,04:d6:aa:c1:38:97,2,1,1,0,128,273,934,798,791,904,982,392,413,634,155,77,167,230,827,754,442,901,975,380,871,128,812,708,1021,212,330,140,196,283,1010,545,253,56,108,92,98,78,81,54,58,90,76,70,38,54,57,97,56,86,69,60,59,37,49,43,52,78,50,53,47,45,73,76,79
[ 33.206449] wil6210-aoa$0,1606461631.986513,04:d6:aa:c1:38:97,2,1,1,0,128,312,944,840,791,933,953,327,400,193,356,62,211,762,46,243,570,902,903,843,692,687,34,676,16,157,334,86,197,292,3,957,650,57,108,93,96,78,85,56,59,90,80,68,41,56,55,100,60,89,71,64,59,37,52,44,57,81,57,54,50,48,76,82,84
[ 33.242190] wil6210-aoa$0,1606461632.022256,04:d6:aa:c1:38:97,2,1,1,0,128,297,932,718,717,363,812,875,223,614,130,511,1016,289,866,672,402,873,908,860,713,85,817,117,802,633,96,621,55,734,791,858,657,58,119,100,106,81,86,56,61,97,83,72,40,55,60,100,58,89,73,65,61,37,50,42,54,80,50,53,47,47,71,73,77
[ 33.271400] wil6210-aoa$0,1606461632.051471,04:d6:aa:c1:38:97,2,1,1,0,128,275,928,212,571,21,30,406,430,185,369,41,183,837,40,268,615,895,921,876,737,652,1022,657,2,663,141,569,27,294,1014,21,749,57,106,92,100,77,83,57,58,90,78,71,44,55,56,100,57,88,69,63,62,38,54,43,58,82,57,56,49,51,76,81,82
[ 33.298885] wil6210-aoa$0,1606461632.078957,04:d6:aa:c1:38:97,2,1,1,0,128,697,721,758,750,364,783,872,220,205,415,13,193,810,18,668,415,904,985,322,874,605,987,83,772,690,170,63,186,328,24,408,267,56,108,92,101,79,83,56,60,91,77,69,43,54,58,102,57,89,69,64,63,38,53,44,56,82,54,55,51,52,76,80,80
[ 33.329197] wil6210-aoa$0,1606461632.109261,04:d6:aa:c1:38:97,2,1,1,0,128,274,925,799,775,937,993,380,410,230,381,55,151,906,93,156,548,908,946,394,893,722,26,687,1003,656,147,50,197,324,10,473,279,58,109,94,102,81,84,57,62,94,80,70,42,54,57,101,56,88,71,65,60,36,53,43,55,80,54,55,49,49,76,78,80
[ 33.365305] wil6210-aoa$0,1606461632.145370,04:d6:aa:c1:38:97,2,1,1,0,128,292,957,787,811,922,1009,441,432,189,388,49,169,836,71,214,599,878,900,379,907,723,38,673,10,181,340,92,243,302,8,182,904,58,113,96,104,80,86,56,61,92,78,70,41,57,58,100,56,90,71,63,60,37,52,43,55,79,54,54,47,46,75,77,78
[ 33.402076] wil6210-aoa$0,1606461632.182142,04:d6:aa:c1:38:97,2,1,1,0,128,318,944,715,743,965,1022,366,383,182,373,72,172,838,62,179,599,298,758,394,858,689,13,595,991,687,163,60,229,343,18,28,863,55,114,98,105,76,80,53,60,88,75,66,37,49,55,93,53,83,68,59,55,34,47,39,49,75,47,46,40,40,66,65,65
[ 33.434155] wil6210-aoa$0,1606461632.214224,04:d6:aa:c1:38:97,2,1,1,0,128,270,941,752,779,953,1020,384,462,101,304,13,171,904,110,217,587,931,916,343,880,719,28,664,1023,185,327,96,206,293,1021,391,151,57,108,95,100,79,84,56,58,92,78,69,42,57,59,102,58,89,73,63,61,39,54,45,57,82,57,55,51,50,75,82,83
[ 33.470446] wil6210-aoa$0,1606461632.250509,04:d6:aa:c1:38:97,2,1,1,0,128,322,954,762,733,407,798,888,217,160,303,73,236,819,28,180,563,885,929,353,871,663,2,689,996,179,345,178,268,342,14,957,613,57,111,93,100,79,84,56,60,92,79,69,41,55,57,100,56,88,71,62,59,37,53,43,58,81,53,55,50,49,73,81,83
[ 33.506527] wil6210-aoa$0,1606461632.286596,04:d6:aa:c1:38:97,2,1,1,0,128,252,889,758,761,997,3,424,435,138,341,62,182,883,69,192,608,904,956,369,886,705,5,695,48,642,138,598,53,388,66,647,350,54,109,92,100,77,81,52,58,92,78,69,40,55,57,98,56,86,69,62,56,37,51,41,53,77,49,52,46,45,71,75,74
[ 33.535537] wil6210-aoa$0,1606461632.315601,04:d6:aa:c1:38:97,2,1,1,0,128,278,948,772,780,982,1013,850,255,178,363,26,158,876,91,199,622,915,975,310,832,692,1001,675,1015,183,339,94,183,312,8,119,985,56,107,92,98,77,81,54,59,90,75,67,39,52,55,95,55,85,70,60,59,37,52,41,51,78,52,52,46,43,70,76,74
[ 33.571826] wil6210-aoa$0,1606461632.351889,04:d6:aa:c1:38:97,2,1,1,0,128,312,982,763,784,938,1005,379,447,121,316,59,169,833,36,190,569,870,947,341,856,726,28,669,18,228,378,113,259,338,45,632,389,58,106,95,99,77,84,56,60,90,78,71,42,54,56,100,58,88,70,62,61,37,53,44,57,83,54,53,50,49,74,79,81
[ 33.603329] wil6210-aoa$0,1606461632.383399,04:d6:aa:c1:38:97,2,1,1,0,128,250,912,779,789,966,1016,386,394,647,187,3,146,801,44,204,602,883,929,331,842,666,1006,714,30,160,330,109,202,355,55,667,436,66,125,104,115,89,94,65,70,105,91,80,49,63,66,116,66,102,83,74,70,41,60,51,64,92,62,63,55,53,83,87,89
[ 33.639714] wil6210-aoa$0,1606461632.419777,04:d6:aa:c1:38:97,2,1,1,0,128,710,737,196,531,440,838,845,206,673,213,53,191,805,48,190,587,891,922,385,885,764,80,666,998,210,376,102,234,345,23,462,157,60,116,100,106,83,85,59,64,95,83,73,40,57,59,106,59,90,74,66,62,39,52,44,56,82,53,56,49,47,75,79,80
[ 33.675922] wil6210-aoa$0,1606461632.455993,04:d6:aa:c1:38:97,2,1,1,0,128,303,946,816,791,956,3,435,491,150,374,9,131,851,67,241,616,897,948,439,954,665,16,673,14,222,358,64,206,335,1011,904,606,55,107,92,98,76,78,52,59,90,75,65,38,50,54,93,56,83,68,60,57,36,49,40,51,77,52,50,44,44,69,70,73
[ 33.704984] wil6210-aoa$0,1606461632.485047,04:d6:aa:c1:38:97,2,1,1,0,128,283,918,805,794,29,48,456,461,165,327,17,157,292,887,615,326,964,952,402,921,640,1019,629,999,139,295,93,203,305,30,535,318,57,108,94,103,77,83,55,59,90,74,69,41,54,57,100,57,87,71,61,58,36,53,41,55,80,53,54,48,47,75,77,78
[ 33.752413] wil6210-aoa$0,1606461632.532477,04:d6:aa:c1:38:97,2,1,1,0,128,189,907,808,800,937,996,437,447,577,121,78,234,798,35,160,536,861,907,313,834,152,826,750,8,221,381,89,181,334,4,907,746,58,111,94,104,77,81,55,60,92,76,65,37,53,57,96,54,85,70,62,59,36,47,42,53,76,47,52,44,42,66,72,70
[ 33.781074] wil6210-aoa$0,1606461632.561137,04:d6:aa:c1:38:97,2,1,1,0,128,324,944,860,848,970,2,342,403,186,354,78,181,824,53,211,602,906,945,396,936,638,10,683,1012,162,284,62,151,305,1011,578,343,57,110,96,102,82,85,57,62,93,80,69,41,58,59,102,57,92,73,64,62,37,51,45,55,83,54,56,47,50,77,81,81
[ 33.813908] wil6210-aoa$0,1606461632.593978,04:d6:aa:c1:38:97,2,1,1,0,128,305,952,776,790,940,1010,455,432,226,407,74,167,835,74,156,546,859,927,354,880,644,986,687,1020,230,389,76,213,315,8,363,1017,58,112,97,106,82,87,58,63,93,80,71,41,55,58,100,58,92,73,62,61,37,51,43,55,78,53,53,47,45,76,78,77
[ 33.842244] wil6210-aoa$0,1606461632.622312,04:d6:aa:c1:38:97,2,1,1,0,128,341,981,706,745,971,1016,903,250,176,362,559,1005,834,63,160,575,941,941,308,828,687,6,671,8,178,329,67,185,303,991,939,732,61,119,103,109,84,90,61,64,102,87,74,45,60,61,107,60,97,77,69,65,40,55,46,59,87,56,57,51,50,81,86,85
[ 33.875222] wil6210-aoa$0,1606461632.655291,04:d6:aa:c1:38:97,2,1,1,0,128,814,757,766,782,406,792,410,443,142,334,510,25,787,17,274,634,313,728,414,901,609,968,725,32,197,332,85,204,303,988,189,3,53,108,95,102,76,82,54,60,88,78,68,39,51,55,96,55,85,69,61,59,37,49,41,53,78,50,49,45,45,72,73,72
[ 33.903536] wil6210-aoa$0,1606461632.683605,04:d6:aa:c1:38:97,2,1,1,0,128,306,932,804,815,990,23,396,448,146,350,985,118,271,858,212,590,879,892,354,862,688,26,691,1013,264,412,98,184,313,16,887,553,52,112,92,99,75,80,51,58,90,74,67,39,51,51,92,54,84,68,57,55,34,47,37,48,75,47,48,42,42,66,72,69
[ 33.931508] wil6210-aoa$0,1606461632.711577,04:d6:aa:c1:38:97,2,1,1,0,128,278,937,739,747,974,1016,416,436,193,363,10,135,914,106,234,575,937,934,328,867,687,1019,661,14,216,384,100,209,357,67,74,801,56,107,92,100,77,78,52,59,90,77,66,37,52,55,93,53,84,67,59,54,35,47,38,49,76,49,47,44,42,68,69,71
[ 33.959936] wil6210-aoa$0,1606461632.740005,04:d6:aa:c1:38:97,2,1,1,0,128,334,953,777,755,994,1011,329,380,209,398,42,182,779,80,140,579,906,975,310,834,123,820,82,764,664,164,498,1022,321,11,269,8,55,104,93,101,77,80,54,59,89,77,67,40,53,54,98,56,84,70,60,54,35,49,41,51,78,51,50,45,42,69,69,68
[ 34.019628] wil6210-aoa$0,1606461632.799696,04:d6:aa:c1:38:97,2,1,1,0,128,296,962,776,793,431,810,935,272,165,357,127,220,815,49,171,578,907,942,425,899,688,11,716,3,137,319,126,238,343,43,119,775,55,106,94,98,78,81,54,58,87,76,67,39,54,56,98,56,87,71,62,59,38,50,42,53,80,52,52,47,45,71,76,74
[ 34.051611] wil6210-aoa$0,1606461632.831675,04:d6:aa:c1:38:97,2,1,1,0,128,216,881,788,763,943,994,326,364,613,156,42,192,853,55,314,664,909,915,330,864,640,1022,652,987,174,331,554,999,797,844,461,244,59,106,93,96,79,85,56,59,89,78,71,45,56,56,103,59,88,70,62,61,39,53,46,58,81,56,56,50,50,77,83,85
[ 34.085713] wil6210-aoa$0,1606461632.865781,04:d6:aa:c1:38:97,2,1,1,0,128,241,888,211,558,951,1023,359,386,179,389,16,171,837,49,168,547,889,897,813,690,136,836,711,1010,244,373,97,229,364,41,472,159,59,116,100,108,85,87,59,65,96,80,73,43,55,57,102,59,92,73,65,63,40,52,43,57,83,56,56,49,49,78,83,81
[ 34.114351] wil6210-aoa$0,1606461632.894418,04:d6:aa:c1:38:97,2,1,1,0,128,287,899,812,779,936,965,410,406,587,134,525,1013,280,848,662,363,299,719,842,678,657,1002,753,58,164,326,133,252,326,24,843,638,56,109,94,98,78,81,54,59,89,76,68,38,54,54,96,54,84,68,60,57,35,49,41,52,75,48,49,42,43,69,70,70
[ 34.143793] wil6210-aoa$0,1606461632.923858,04:d6:aa:c1:38:97,2,1,1,0,128,235,915,208,597,384,802,875,232,698,145,561,12,876,48,198,623,893,942,858,721,111,836,71,808,681,163,507,970,825,848,726,556,54,107,93,100,80,81,53,59,89,76,69,42,53,57,98,55,85,70,62,60,37,49,42,54,77,49,50,45,43,68,72,72
[ 34.180857] wil6210-aoa$0,1606461632.960921,04:d6:aa:c1:38:97,2,1,1,0,128,825,760,808,767,378,807,840,237,609,146,25,172,844,84,211,608,907,956,352,848,677,1021,666,6,706,166,78,183,307,10,813,662,60,112,98,103,81,88,58,62,91,81,72,43,57,58,104,61,89,73,67,63,40,54,46,59,83,57,57,49,49,77,82,83
[ 34.217311] wil6210-aoa$0,1606461632.997379,04:d6:aa:c1:38:97,2,1,1,0,128,215,918,735,769,933,1010,347,407,157,399,97,192,826,97,150,556,893,931,339,895,670,0,645,1011,167,323,543,43,360,12,605,326,59,109,96,103,81,87,59,62,94,83,73,47,60,59,105,60,93,76,65,64,42,56,47,60,86,60,59,52,54,82,88,86
[ 34.246286] wil6210-aoa$0,1606461633.026353,04:d6:aa:c1:38:97,2,1,1,0,128,764,754,751,718,952,1023,436,435,176,388,47,212,826,28,186,550,361,759,372,901,679,49,645,16,134,284,121,280,341,1012,212,970,55,111,91,101,78,81,52,60,89,76,66,37,51,54,95,54,86,69,60,58,34,48,39,50,77,49,50,45,43,68,71,71
[ 34.278691] wil6210-aoa$0,1606461633.058755,04:d6:aa:c1:38:97,2,1,1,0,128,328,955,784,765,990,1004,398,417,174,326,495,966,346,901,212,545,341,680,861,654,173,866,120,854,157,363,64,170,787,849,632,532,58,106,92,100,80,84,57,60,92,79,70,43,55,58,100,58,89,73,64,62,39,53,44,56,81,55,57,50,50,77,78,81
[ 34.313521] wil6210-aoa$0,1606461633.093592,04:d6:aa:c1:38:97,2,1,1,0,128,262,946,776,829,10,31,361,448,176,407,30,195,842,53,249,585,931,951,393,909,729,39,656,995,137,312,113,222,298,1013,838,468,58,107,93,101,77,85,55,59,88,78,67,41,56,57,97,59,89,72,60,60,39,53,44,54,82,56,53,48,49,75,82,82
[ 34.347258] wil6210-aoa$0,1606461633.127330,04:d6:aa:c1:38:97,2,1,1,0,128,342,937,761,725,404,802,898,272,156,337,1,172,813,50,181,596,914,960,294,828,120,865,126,817,700,146,505,1022,357,29,48,829,53,108,92,100,76,78,51,56,88,73,64,37,49,51,93,51,79,66,58,55,33,43,37,47,71,46,43,39,37,62,64,62
[ 34.378183] wil6210-aoa$0,1606461633.158248,04:d6:aa:c1:38:97,2,1,1,0,128,783,793,756,795,944,11,846,249,184,407,16,175,326,916,694,434,812,889,411,899,658,1010,734,1,196,366,37,185,321,1013,62,730,51,109,93,102,75,79,51,61,89,75,69,38,51,55,96,53,84,68,61,58,36,49,41,52,77,50,52,46,45,68,73,73
[ 34.414329] wil6210-aoa$0,1606461633.194399,04:d6:aa:c1:38:97,2,1,1,0,128,321,964,797,791,906,985,391,418,129,327,1018,153,786,56,581,342,285,697,325,855,157,839,688,996,691,132,522,982,748,761,422,308,56,107,93,99,78,82,56,61,87,78,69,41,55,55,98,55,87,71,61,58,35,52,43,53,80,53,51,47,44,71,74,76
[ 34.456996] wil6210-aoa$0,1606461633.237064,04:d6:aa:c1:38:97,2,1,1,0,128,375,988,790,803,975,12,379,423,170,343,67,211,810,69,209,623,397,758,376,892,633,1017,735,43,199,365,71,216,308,18,368,32,60,118,102,106,84,91,59,64,98,84,74,45,59,62,105,62,93,75,67,64,41,57,46,58,85,55,56,52,49,79,82,83
[ 34.491001] wil6210-aoa$0,1606461633.271065,04:d6:aa:c1:38:97,2,1,1,0,128,771,774,794,796,909,981,473,501,188,388,51,194,818,48,209,624,867,914,371,852,702,8,702,6,672,139,573,1015,810,851,88,881,58,118,100,104,84,86,55,63,97,80,72,40,56,58,104,58,92,72,66,61,39,51,43,54,81,49,52,46,45,72,76,75
[ 34.523762] wil6210-aoa$0,1606461633.303830,04:d6:aa:c1:38:97,2,1,1,0,128,309,963,805,814,936,972,391,444,174,363,21,162,827,72,219,633,888,936,371,876,699,989,697,989,222,364,147,247,311,30,22,751,57,106,93,100,79,84,56,59,90,79,70,41,54,56,98,57,88,70,62,60,38,51,43,56,81,55,53,48,44,72,80,78
[ 34.560078] wil6210-aoa$0,1606461633.340142,04:d6:aa:c1:38:97,2,1,1,0,128,293,948,837,830,962,1009,457,480,192,369,94,200,860,89,260,621,971,926,385,909,744,15,780,72,190,350,143,261,274,998,183,882,58,115,95,102,83,87,57,63,92,82,72,41,55,59,100,59,90,71,65,63,38,54,46,57,83,53,55,49,49,75,80,78
[ 34.596244] wil6210-aoa$0,1606461633.376315,04:d6:aa:c1:38:97,2,1,1,0,128,270,947,869,817,964,999,346,388,656,138,542,1008,255,898,659,378,910,940,829,660,131,837,745,8,185,367,19,165,819,856,661,469,57,114,96,101,79,81,52,60,88,76,68,37,52,55,97,56,88,71,63,61,37,52,41,52,78,50,50,46,44,72,73,73
[ 34.629549] wil6210-aoa$0,1606461633.409613,04:d6:aa:c1:38:97,2,1,1,0,128,321,974,806,822,971,1003,398,403,230,374,65,211,802,55,256,598,874,923,398,910,701,1023,676,6,257,369,76,203,790,824,284,1012,60,112,97,104,81,86,58,61,93,82,71,45,58,58,103,60,92,72,66,62,41,56,45,59,84,58,58,53,51,82,85,88
[ 34.660662] wil6210-aoa$0,1606461633.440725,04:d6:aa:c1:38:97,2,1,1,0,128,301,955,798,787,953,1002,834,225,599,126,54,172,857,64,239,595,851,869,404,897,709,22,692,16,187,337,75,193,328,5,683,383,56,109,96,103,82,84,55,59,92,79,70,41,58,59,102,56,89,71,64,61,37,54,45,55,84,55,57,51,48,75,81,82
[ 34.698233] wil6210-aoa$0,1606461633.478302,04:d6:aa:c1:38:97,2,1,1,0,128,300,950,794,759,936,0,333,405,154,354,83,202,849,65,142,554,899,950,417,942,639,24,662,39,179,333,107,231,366,51,572,392,55,108,95,101,79,79,54,60,89,75,70,40,52,56,95,55,83,69,60,57,35,47,42,51,75,48,50,46,42,69,74,72
[ 34.729460] wil6210-aoa$0,1606461633.509525,04:d6:aa:c1:38:97,2,1,1,0,128,719,722,825,812,418,833,847,198,687,198,1009,146,816,56,127,517,864,948,790,661,167,853,716,25,186,358,462,979,301,1020,1009,801,59,107,94,102,77,84,55,59,88,76,71,43,55,57,99,58,87,72,62,60,40,56,44,58,83,55,54,50,48,74,80,81
[ 34.765403] wil6210-aoa$0,1606461633.545474,04:d6:aa:c1:38:97,2,1,1,0,128,256,919,764,740,964,992,891,239,137,309,48,213,854,40,224,628,943,972,412,912,699,29,691,1005,207,359,68,169,320,973,908,662,54,109,94,98,75,80,55,59,93,77,68,38,54,55,97,56,89,70,62,58,35,49,42,51,78,50,54,45,44,71,77,78
[ 34.798738] wil6210-aoa$0,1606461633.578801,04:d6:aa:c1:38:97,2,1,1,0,128,298,959,769,738,963,1004,401,418,191,391,28,138,341,923,220,569,907,944,837,655,149,853,667,0,158,308,75,207,278,996,276,97,55,106,96,100,76,79,54,60,88,76,66,37,53,56,97,56,85,70,60,58,36,51,41,52,77,51,50,44,42,71,75,73
[ 34.831884] wil6210-aoa$0,1606461633.611953,04:d6:aa:c1:38:97,2,1,1,0,128,747,736,790,790,905,970,435,435,177,367,1,189,851,61,197,584,882,909,339,880,666,1015,703,15,654,158,104,254,308,1010,200,925,56,107,92,99,77,79,53,58,88,78,66,36,52,57,94,52,84,68,60,58,35,50,39,49,75,50,50,44,41,71,70,72
[ 34.860967] wil6210-aoa$0,1606461633.641031,04:d6:aa:c1:38:97,2,1,1,0,128,724,751,798,765,369,829,385,400,197,384,72,204,741,8,213,580,889,936,332,878,651,1022,667,1017,205,321,68,192,298,1006,992,747,56,107,89,97,79,83,55,58,91,79,69,42,57,58,100,59,89,70,63,61,37,55,44,58,81,54,56,50,51,76,83,83
[ 34.894949] wil6210-aoa$0,1606461633.675020,04:d6:aa:c1:38:97,2,1,1,0,128,752,723,793,805,984,1023,347,381,163,317,7,119,269,871,234,575,358,789,362,867,671,4,680,21,130,321,548,1009,803,855,798,600,53,104,91,95,78,81,57,59,89,76,67,41,54,55,97,57,87,68,61,59,38,49,42,52,77,50,50,47,46,69,73,74
[ 34.923986] wil6210-aoa$0,1606461633.704054,04:d6:aa:c1:38:97,2,1,1,0,128,741,698,822,780,436,862,455,475,132,349,36,196,805,54,189,561,863,890,798,628,113,789,126,859,166,314,57,167,792,806,360,52,56,108,93,99,77,82,56,58,89,78,68,40,55,59,96,57,87,70,63,60,38,54,44,54,81,54,54,47,49,74,78,80
[ 34.955237] wil6210-aoa$0,1606461633.735301,04:d6:aa:c1:38:97,2,1,1,0,128,271,915,813,778,947,975,420,442,189,367,88,230,878,107,203,593,881,930,350,881,637,990,210,893,189,380,97,238,334,1010,1008,702,58,113,97,101,80,85,59,61,93,81,71,43,57,58,101,60,90,71,64,63,38,53,44,57,82,56,56,51,53,80,82,85
[ 34.986311] wil6210-aoa$0,1606461633.766376,04:d6:aa:c1:38:97,2,1,1,0,128,279,923,791,786,391,812,867,211,631,156,58,198,847,81,133,504,903,920,378,865,96,832,112,803,678,162,525,1013,320,25,896,634,55,113,95,102,80,81,54,60,91,76,69,39,53,56,98,57,89,72,61,58,36,50,42,50,78,50,51,45,45,69,73,74
[ 35.024111] wil6210-aoa$0,1606461633.804175,04:d6:aa:c1:38:97,2,1,1,0,128,248,907,837,793,907,989,897,220,118,289,80,179,241,856,231,599,859,884,345,860,619,969,691,13,222,376,74,184,311,1005,139,969,57,109,98,104,80,83,56,61,92,79,69,38,52,56,99,54,87,70,60,57,34,48,40,50,76,47,51,45,41,68,70,71
[ 35.055309] wil6210-aoa$0,1606461633.835372,04:d6:aa:c1:38:97,2,1,1,0,128,229,900,270,612,894,986,400,390,581,168,44,228,745,20,168,585,889,921,341,884,705,54,695,1000,188,349,119,238,304,1007,174,990,53,107,95,100,78,80,53,58,87,75,62,37,49,52,92,54,84,66,58,55,34,47,39,50,76,46,49,42,43,66,71,70
[ 35.100358] wil6210-aoa$0,1606461633.880426,04:d6:aa:c1:38:97,2,1,1,0,128,784,761,223,585,403,812,862,230,137,311,543,38,791,21,613,355,284,691,804,664,173,827,100,799,625,92,581,17,771,816,244,94,55,108,94,98,79,81,54,60,87,75,67,39,52,54,95,56,85,70,60,58,35,50,41,52,77,51,51,46,43,72,75,75
[ 35.136194] wil6210-aoa$0,1606461633.916266,04:d6:aa:c1:38:97,2,1,1,0,128,264,950,821,799,1001,7,450,521,172,381,90,210,902,80,188,553,951,974,415,920,738,36,742,50,196,349,109,204,344,39,232,935,57,108,92,102,79,85,54,60,90,78,71,40,54,56,101,59,87,70,64,60,38,53,46,56,80,54,56,50,49,78,80,81
[ 35.170115] wil6210-aoa$0,1606461633.950179,04:d6:aa:c1:38:97,2,1,1,0,128,256,906,818,782,964,1006,476,444,187,350,47,180,824,62,216,604,935,955,349,856,666,977,686,15,209,328,77,168,256,1019,714,433,61,117,98,107,84,88,58,65,95,84,73,42,58,61,103,57,95,76,66,61,38,55,44,56,86,53,57,49,49,76,81,82
[ 35.201829] wil6210-aoa$0,1606461633.981894,04:d6:aa:c1:38:97,2,1,1,0,128,228,901,820,781,925,997,805,172,195,386,12,130,839,64,205,611,942,1014,375,920,705,33,714,3,176,341,117,251,351,38,16,817,59,115,100,107,81,86,56,63,96,80,71,43,58,61,103,60,90,74,65,61,39,53,43,56,82,53,54,46,47,72,78,78
[ 35.239204] wil6210-aoa$0,1606461634.019272,04:d6:aa:c1:38:97,2,1,1,0,128,757,739,214,525,411,814,886,249,160,345,40,192,797,39,193,580,917,973,372,908,82,802,165,846,647,118,529,979,841,861,294,112,51,107,90,97,74,75,50,56,84,70,64,33,47,52,88,49,75,65,56,52,32,44,39,46,71,43,46,38,36,59,63,60
[ 35.273100] wil6210-aoa$0,1606461634.053166,04:d6:aa:c1:38:97,2,1,1,0,128,295,959,716,711,959,11,356,404,134,342,11,167,838,67,171,556,884,933,310,881,714,1021,679,4,216,354,70,194,319,9,86,877,59,115,100,109,79,82,55,63,93,77,70,39,54,55,99,56,88,73,62,59,38,48,41,51,81,49,51,46,42,69,74,74
[ 35.306689] wil6210-aoa$0,1606461634.086759,04:d6:aa:c1:38:97,2,1,1,0,128,761,722,781,764,430,830,429,447,132,313,62,198,827,47,175,603,902,967,375,851,706,24,649,1015,173,328,56,199,312,1023,689,440,55,106,89,97,77,81,53,59,87,74,66,38,50,55,95,52,84,66,59,56,34,47,41,49,72,49,50,44,43,67,71,72
[ 35.336010] wil6210-aoa$0,1606461634.116079,04:d6:aa:c1:38:97,2,1,1,0,128,313,926,822,806,1008,64,418,480,127,365,12,185,802,50,198,580,931,944,369,907,628,1006,668,1021,699,177,111,247,348,23,865,588,59,116,100,105,84,89,59,64,96,83,74,43,58,60,103,62,93,74,65,64,39,53,46,59,86,57,57,51,48,79,85,82
[ 35.368696] wil6210-aoa$0,1606461634.148761,04:d6:aa:c1:38:97,2,1,1,0,128,242,946,793,767,964,7,422,447,144,317,148,237,801,72,125,545,875,939,425,957,665,1014,686,18,119,321,83,209,400,22,742,403,55,114,97,102,77,84,55,61,90,78,70,42,54,55,100,57,89,70,62,60,38,50,42,54,81,52,52,46,45,73,76,76
[ 35.404735] wil6210-aoa$0,1606461634.184806,04:d6:aa:c1:38:97,2,1,1,0,128,298,967,781,782,969,4,392,429,146,356,41,187,860,101,157,553,914,946,306,847,650,995,680,18,194,325,55,184,330,1008,689,358,58,114,96,103,80,84,57,62,91,78,70,41,55,56,104,58,90,72,65,60,37,51,43,55,80,51,53,46,46,73,79,77
[ 35.439278] wil6210-aoa$0,1606461634.219347,04:d6:aa:c1:38:97,2,1,1,0,128,313,954,812,796,1010,19,407,424,153,351,88,193,849,48,176,597,893,929,404,918,677,10,686,1020,247,368,194,259,311,3,832,506,58,116,97,104,79,83,55,60,91,78,69,39,53,54,96,54,87,71,61,59,37,51,42,52,76,50,50,45,43,70,75,74
[ 35.471204] wil6210-aoa$0,1606461634.251269,04:d6:aa:c1:38:97,2,1,1,0,128,310,951,780,763,390,803,367,421,229,410,50,175,849,25,187,553,973,984,394,883,669,14,724,30,190,355,127,214,367,36,434,206,56,109,96,100,81,85,57,61,90,78,70,43,58,59,103,58,89,72,63,63,40,55,45,58,83,56,57,52,50,81,84,84
[ 35.508093] wil6210-aoa$0,1606461634.288162,04:d6:aa:c1:38:97,2,1,1,0,128,302,964,729,761,388,805,869,233,206,357,98,223,875,104,143,550,876,944,366,847,696,1004,749,17,243,354,120,189,368,22,103,875,55,109,94,100,77,80,53,58,88,76,68,38,52,53,94,53,86,70,60,55,35,48,40,51,77,50,49,44,42,68,71,70
[ 35.542115] wil6210-aoa$0,1606461634.322179,04:d6:aa:c1:38:97,2,1,1,0,128,312,970,759,777,959,2,409,426,713,235,7,177,772,45,194,574,919,936,394,953,670,15,650,993,210,353,57,144,341,10,914,651,61,118,101,109,85,88,59,65,98,85,76,45,62,61,107,60,95,77,67,65,40,55,46,59,87,57,59,52,52,80,89,84
[ 35.571306] wil6210-aoa$0,1606461634.351374,04:d6:aa:c1:38:97,2,1,1,0,128,789,744,245,616,394,824,426,438,216,393,45,202,824,57,184,579,959,970,324,828,150,808,101,812,705,171,116,220,301,8,849,621,57,112,102,108,81,85,55,63,95,81,70,39,57,60,101,59,91,75,65,62,39,52,44,55,83,54,54,48,47,73,80,77
[ 35.605367] wil6210-aoa$0,1606461634.385432,04:d6:aa:c1:38:97,2,1,1,0,128,795,756,744,745,930,959,488,470,181,393,30,193,815,47,203,600,937,925,376,893,698,22,645,999,179,291,125,198,302,14,1023,802,55,106,93,99,78,82,54,59,87,79,67,36,53,55,94,54,85,69,57,55,35,51,41,52,75,51,49,46,44,69,71,71
[ 35.636537] wil6210-aoa$0,1606461634.416601,04:d6:aa:c1:38:97,2,1,1,0,128,283,982,771,803,927,972,875,266,163,335,69,200,828,66,631,367,940,984,346,875,717,3,653,1010,203,340,30,162,371,41,667,380,60,116,99,106,84,86,57,63,97,81,71,41,56,57,102,57,91,72,64,59,36,50,42,52,82,50,54,47,45,70,74,74
[ 35.674922] wil6210-aoa$0,1606461634.454985,04:d6:aa:c1:38:97,2,1,1,0,128,814,732,248,596,410,848,915,270,108,308,12,167,285,905,175,557,840,891,851,689,120,805,214,873,222,359,67,208,302,2,1023,742,58,118,98,106,83,86,55,63,94,83,70,39,55,59,100,56,91,75,64,59,36,53,43,55,81,52,53,48,46,72,78,76
[ 35.713419] wil6210-aoa$0,1606461634.493488,04:d6:aa:c1:38:97,2,1,1,0,128,756,712,243,601,941,998,378,454,156,354,15,175,880,105,265,638,911,914,347,884,83,827,119,801,643,128,526,1023,786,830,684,472,54,108,90,97,78,80,53,60,86,75,66,38,51,54,97,57,85,69,59,57,35,47,40,50,77,48,48,42,42,66,68,68
