
[ 28.230598] wil6210-aoa$0,1606461628.279121,04:d6:aa:c1:38:97,2,1,1,0,128,321,942,731,760,945,996,897,238,184,383,29,175,840,82,189,562,932,978,382,917,726,1013,191,865,704,215,87,229,403,68,295,66,59,116,100,108,78,92,62,61,91,87,76,49,60,58,101,62,91,74,65,66,40,58,47,56,82,54,51,46,55,83,85,80
[ 28.261978] wil6210-aoa$0,1606461628.310502,04:d6:aa:c1:38:97,2,1,1,0,128,336,965,739,773,922,998,470,452,185,373,35,220,830,29,180,571,350,757,379,901,730,5,737,1009,251,383,179,280,295,982,459,151,62,112,104,112,84,97,65,64,92,88,80,52,64,57,106,67,95,74,66,68,43,61,49,56,84,55,54,47,54,83,85,82
[ 28.289193] wil6210-aoa$0,1606461628.337722,04:d6:aa:c1:38:97,2,1,1,0,128,258,922,719,760,926,961,866,205,118,338,56,201,798,37,190,594,925,970,391,906,638,1011,764,70,216,384,99,265,331,19,185,924,62,115,106,111,83,96,65,66,90,89,80,50,61,58,107,66,93,76,68,68,42,59,50,58,82,54,54,47,53,80,84,79
[ 28.312676] wil6210-aoa$0,1606461628.361199,04:d6:aa:c1:38:97,2,1,1,0,128,365,961,746,768,381,836,410,401,196,349,97,222,912,121,246,611,916,1005,357,876,771,52,748,55,173,348,127,226,349,34,112,827,60,114,105,111,81,93,63,63,87,89,75,48,58,56,99,64,90,74,65,67,38,55,44,54,79,49,50,44,48,78,78,71
[ 28.339896] wil6210-aoa$0,1606461628.388424,04:d6:aa:c1:38:97,2,1,1,0,128,236,906,260,599,372,807,892,240,154,380,43,174,817,37,121,522,922,948,376,903,707,25,677,1015,217,347,559,3,369,34,444,198,63,118,105,113,83,94,61,67,93,89,82,50,63,59,106,66,93,76,69,69,42,58,49,57,81,52,52,44,51,80,84,76
[ 28.369226] wil6210-aoa$0,1606461628.417750,04:d6:aa:c1:38:97,2,1,1,0,128,797,717,219,586,361,819,861,219,170,340,47,224,853,78,194,587,861,997,307,855,211,899,707,31,656,127,656,64,900,886,11,835,62,116,105,112,83,93,62,66,92,87,79,50,63,59,105,67,94,76,68,69,41,61,48,59,85,55,53,47,54,83,87,81
[ 28.395731] wil6210-aoa$0,1606461628.444260,04:d6:aa:c1:38:97,2,1,1,0,128,356,955,807,810,986,39,340,380,170,379,1001,156,870,101,143,558,949,981,387,903,800,31,787,38,160,327,73,237,328,1005,627,452,64,118,106,111,86,97,66,66,93,88,82,51,61,60,108,65,95,78,67,70,42,58,47,57,84,56,52,45,53,83,83,78
[ 28.420803] wil6210-aoa$0,1606461628.469326,04:d6:aa:c1:38:97,2,1,1,0,128,280,940,776,774,922,986,418,415,166,382,40,197,788,39,199,580,871,951,838,725,173,887,750,8,225,396,140,294,364,56,287,89,64,117,104,112,86,98,64,65,95,88,82,53,63,60,107,66,96,79,70,70,44,62,49,60,87,58,56,51,57,88,90,85
[ 28.450484] wil6210-aoa$0,1606461628.499012,04:d6:aa:c1:38:97,2,1,1,0,128,266,931,824,840,898,963,410,373,642,201,1005,170,839,63,167,576,892,971,352,900,757,87,694,16,242,389,135,238,382,50,379,100,62,117,107,111,84,95,63,65,92,88,80,48,60,58,103,64,92,73,66,67,41,57,49,56,83,53,52,45,50,79,80,74
[ 28.474002] wil6210-aoa$0,1606461628.522526,04:d6:aa:c1:38:97,2,1,1,0,128,340,1010,752,775,971,1022,425,423,223,394,79,209,864,98,215,600,907,955,402,937,734,48,742,24,257,407,182,271,328,15,759,367,61,116,106,112,81,93,62,64,90,85,80,48,58,57,102,61,92,75,65,65,38,57,44,56,80,51,48,42,49,78,78,74
[ 28.505282] wil6210-aoa$0,1606461628.553806,04:d6:aa:c1:38:97,2,1,1,0,128,243,897,745,737,923,990,376,374,159,388,53,193,805,50,676,376,386,770,926,716,148,845,281,921,224,345,85,214,401,55,425,211,64,118,106,113,85,99,63,64,96,91,83,52,64,59,106,68,95,77,69,70,43,62,51,63,85,57,55,51,58,86,89,85
[ 28.528579] wil6210-aoa$0,1606461628.577110,04:d6:aa:c1:38:97,2,1,1,0,128,322,909,207,553,445,844,849,180,132,325,80,219,796,1011,229,595,832,901,403,891,150,834,727,67,624,140,102,200,403,42,405,79,62,118,106,113,80,94,62,62,92,88,80,49,61,58,105,67,93,75,68,69,41,58,47,58,84,55,51,44,51,81,79,75
[ 28.559298] wil6210-aoa$0,1606461628.607826,04:d6:aa:c1:38:97,2,1,1,0,128,295,921,820,823,948,9,409,394,223,394,99,224,830,67,131,524,910,960,341,882,728,29,740,1012,200,377,107,191,391,38,668,461,64,117,104,112,85,95,62,65,95,88,82,51,63,60,104,65,93,75,67,68,40,58,47,56,80,52,51,47,50,78,82,76
[ 28.583346] wil6210-aoa$0,1606461628.631869,04:d6:aa:c1:38:97,2,1,1,0,128,270,889,807,765,907,1013,883,198,602,165,567,36,294,887,719,436,333,774,334,894,191,843,204,855,213,332,87,193,821,835,628,461,61,115,106,113,81,94,62,65,90,87,79,48,61,56,103,66,91,77,68,66,40,57,46,54,80,51,50,42,49,76,76,69
[ 28.610748] wil6210-aoa$0,1606461628.659276,04:d6:aa:c1:38:97,2,1,1,0,128,346,943,782,777,952,1005,425,376,174,373,1,183,762,1019,683,380,895,927,376,873,747,6,711,24,202,356,68,176,339,988,612,386,62,117,107,114,83,94,65,65,95,88,80,49,59,58,103,65,92,75,66,69,40,58,47,56,80,52,50,41,48,79,79,70
[ 28.640210] wil6210-aoa$0,1606461628.688736,04:d6:aa:c1:38:97,2,1,1,0,128,253,915,761,700,458,848,797,139,624,155,514,1010,235,876,636,327,381,764,888,696,734,5,150,826,228,354,125,209,380,37,219,49,64,114,106,112,86,97,66,66,96,90,82,56,62,60,108,67,98,77,67,71,44,64,51,62,87,59,57,50,57,88,91,89
[ 28.666778] wil6210-aoa$0,1606461628.715305,04:d6:aa:c1:38:97,2,1,1,0,128,321,953,802,783,955,13,351,391,162,365,63,233,789,45,228,627,918,977,405,955,717,55,700,14,215,368,79,191,375,79,746,500,65,119,104,113,84,97,63,65,93,90,80,51,63,59,109,66,96,77,70,70,43,63,48,59,84,55,55,49,55,84,86,81
[ 28.692126] wil6210-aoa$0,1606461628.740649,04:d6:aa:c1:38:97,2,1,1,0,128,266,914,262,577,1021,36,405,407,115,333,512,1023,844,31,216,571,907,972,332,883,650,994,164,889,197,349,141,255,376,55,819,617,61,117,106,113,84,95,61,66,94,88,81,49,61,60,105,65,94,76,68,69,41,61,48,60,83,55,54,48,56,83,84,77
[ 28.722434] wil6210-aoa$0,1606461628.770956,04:d6:aa:c1:38:97,2,1,1,0,128,318,957,801,803,929,997,467,423,98,325,29,185,844,61,149,531,871,891,915,766,151,851,694,968,720,200,557,33,820,857,354,201,64,118,107,111,87,98,65,66,96,90,82,52,65,59,106,68,98,80,68,68,43,61,48,57,84,55,54,46,54,84,86,79
[ 28.748680] wil6210-aoa$0,1606461628.797208,04:d6:aa:c1:38:97,2,1,1,0,128,265,892,219,566,389,815,833,203,661,189,71,213,843,58,219,583,917,932,322,874,703,997,190,838,638,139,568,989,393,20,494,282,63,118,106,112,87,97,66,67,95,89,81,52,63,59,106,67,99,80,67,72,43,62,50,60,86,58,51,47,57,87,84,78
[ 28.774956] wil6210-aoa$0,1606461628.823477,04:d6:aa:c1:38:97,2,1,1,0,128,336,972,759,788,933,976,438,440,157,368,55,221,264,852,657,402,925,937,366,911,719,22,702,1010,193,330,112,217,327,21,41,856,64,117,106,113,84,97,63,64,95,88,80,51,61,58,107,65,96,79,68,67,43,60,50,58,86,54,53,47,56,85,87,80
[ 28.803680] wil6210-aoa$0,1606461628.852207,04:d6:aa:c1:38:97,2,1,1,0,128,344,952,753,740,369,804,854,181,603,146,525,27,297,888,679,403,366,751,894,747,725,38,729,8,148,326,657,105,328,1023,955,692,64,115,106,111,84,99,66,66,94,90,82,53,63,60,109,68,96,78,70,70,44,60,50,60,85,57,54,47,55,88,91,83
[ 28.832315] wil6210-aoa$0,1606461628.880838,04:d6:aa:c1:38:97,2,1,1,0,128,324,987,778,764,886,953,447,433,179,389,4,200,864,57,188,604,835,936,414,947,699,43,681,15,204,344,84,237,373,54,722,454,63,115,105,112,84,95,64,65,93,87,81,51,59,57,105,64,93,76,67,69,41,58,46,54,81,52,50,40,50,78,77,70
[ 28.860273] wil6210-aoa$0,1606461628.908801,04:d6:aa:c1:38:97,2,1,1,0,128,766,727,247,627,967,1004,868,215,141,339,584,33,768,1014,643,379,879,936,424,923,751,20,668,1014,218,330,136,241,388,36,792,575,64,116,106,112,82,96,65,65,95,89,81,55,62,59,106,66,95,78,71,70,43,60,50,62,87,57,56,49,57,86,89,85
[ 28.888887] wil6210-aoa$0,1606461628.937415,04:d6:aa:c1:38:97,2,1,1,0,128,316,934,795,779,987,1016,875,191,176,368,37,153,883,70,189,543,873,919,377,897,732,39,739,44,199,343,93,222,316,12,423,183,62,117,107,112,83,94,61,65,92,87,79,48,57,58,104,64,89,75,67,67,39,56,48,56,81,53,52,42,50,79,83,73
[ 28.912549] wil6210-aoa$0,1606461628.961072,04:d6:aa:c1:38:97,2,1,1,0,128,761,740,780,744,910,1002,418,426,91,311,103,247,815,52,657,349,330,741,376,907,179,875,655,1016,674,171,129,213,367,23,605,402,63,116,104,111,84,99,64,66,96,90,80,52,63,60,108,67,97,79,69,70,42,61,49,62,87,58,57,50,53,84,89,81
[ 28.944304] wil6210-aoa$0,1606461628.992828,04:d6:aa:c1:38:97,2,1,1,0,128,293,914,779,753,891,958,424,393,211,409,43,197,857,94,227,574,906,970,373,912,782,69,757,35,183,350,51,190,808,860,947,728,63,120,107,111,84,96,66,66,96,89,81,54,63,60,110,67,98,77,70,73,43,64,51,63,87,58,57,50,58,87,88,85
[ 28.972483] wil6210-aoa$0,1606461629.021011,04:d6:aa:c1:38:97,2,1,1,0,128,334,949,761,781,924,11,374,395,136,355,460,1014,251,886,232,613,922,983,452,915,699,11,752,35,732,202,131,263,395,77,78,764,61,114,104,111,83,95,64,64,93,89,79,50,62,61,108,68,97,76,67,69,43,61,47,58,84,56,53,49,54,84,88,82
[ 28.995730] wil6210-aoa$0,1606461629.044258,04:d6:aa:c1:38:97,2,1,1,0,128,798,725,263,558,390,798,861,177,641,136,560,1021,256,845,627,357,923,935,817,662,164,835,788,76,161,315,155,256,339,1005,558,334,66,119,111,116,87,103,70,68,99,96,84,56,66,62,114,70,99,81,71,73,46,65,50,62,89,58,56,50,57,88,88,82
[ 29.025654] wil6210-aoa$0,1606461629.074177,04:d6:aa:c1:38:97,2,1,1,0,128,741,703,243,576,379,840,455,398,148,348,26,164,856,52,157,532,375,811,829,698,173,855,748,25,203,333,583,53,852,879,0,840,65,114,105,113,84,96,67,67,94,87,82,52,62,60,108,66,97,79,67,71,44,62,50,61,84,58,54,49,56,86,87,81
[ 29.054070] wil6210-aoa$0,1606461629.102599,04:d6:aa:c1:38:97,2,1,1,0,128,332,941,742,774,968,1001,398,395,154,398,103,228,803,25,168,529,937,991,400,912,726,21,714,13,253,415,21,193,336,12,202,1007,63,112,105,112,84,98,63,66,94,90,84,55,64,58,107,67,96,79,68,69,44,61,50,60,86,56,55,48,56,85,90,85
[ 29.077166] wil6210-aoa$0,1606461629.125694,04:d6:aa:c1:38:97,2,1,1,0,128,290,922,844,805,901,980,359,330,168,384,513,16,816,45,155,575,902,981,285,860,731,55,667,14,649,165,557,8,843,883,696,515,63,117,106,113,84,97,65,66,94,89,82,52,63,62,107,68,97,79,70,68,43,61,50,60,85,57,54,48,55,86,89,82
[ 29.106736] wil6210-aoa$0,1606461629.155260,04:d6:aa:c1:38:97,2,1,1,0,128,808,772,771,793,854,986,414,367,191,413,16,176,796,8,264,598,871,941,391,914,225,891,784,76,187,370,110,244,800,849,441,236,61,116,105,110,82,95,64,65,93,88,80,52,61,57,105,65,94,76,69,68,41,62,48,58,86,56,54,47,54,84,83,75
[ 29.135642] wil6210-aoa$0,1606461629.184171,04:d6:aa:c1:38:97,2,1,1,0,128,289,915,784,824,930,1019,376,368,116,358,461,970,330,912,188,587,908,975,376,919,661,7,715,1001,195,385,75,169,362,50,846,588,63,118,106,111,83,97,64,65,93,90,82,53,65,60,104,67,96,79,70,70,42,61,48,58,86,57,56,47,54,83,85,82
[ 29.160552] wil6210-aoa$0,1606461629.209077,04:d6:aa:c1:38:97,2,1,1,0,128,296,935,787,770,960,1019,438,414,172,371,81,201,820,12,213,609,875,919,852,728,718,31,745,20,197,370,561,24,850,859,476,242,63,115,108,114,85,96,66,66,94,90,81,53,64,61,107,65,98,80,68,71,43,63,50,64,88,59,57,50,56,86,91,86
[ 29.191550] wil6210-aoa$0,1606461629.240075,04:d6:aa:c1:38:97,2,1,1,0,128,309,913,817,826,886,1000,366,371,163,343,1021,168,859,28,204,577,344,746,379,875,753,18,720,1023,193,337,557,41,388,20,299,26,61,111,107,110,82,95,62,64,93,89,78,49,63,56,105,65,94,77,66,68,40,58,47,55,82,51,49,43,51,77,79,70
[ 29.214935] wil6210-aoa$0,1606461629.263464,04:d6:aa:c1:38:97,2,1,1,0,128,262,900,729,765,1004,1012,409,367,639,156,461,987,303,886,235,584,828,899,770,688,156,835,739,1,179,329,128,234,349,55,483,228,62,117,104,110,84,95,62,63,94,88,83,51,61,59,106,66,95,76,68,69,42,60,48,59,82,56,53,47,54,84,88,82
[ 29.242917] wil6210-aoa$0,1606461629.291440,04:d6:aa:c1:38:97,2,1,1,0,128,795,726,890,880,881,993,368,399,210,404,52,206,759,1016,170,564,884,911,816,683,163,865,166,843,691,161,601,26,902,910,588,457,62,115,101,109,79,90,59,63,89,84,75,43,53,53,95,58,88,73,61,64,37,51,40,48,73,43,46,39,44,69,70,64
[ 29.273693] wil6210-aoa$0,1606461629.322217,04:d6:aa:c1:38:97,2,1,1,0,128,343,929,818,813,977,17,301,329,639,181,551,11,850,44,255,623,899,941,813,642,216,846,213,895,157,325,119,211,413,77,617,417,62,114,105,113,83,95,64,65,91,89,78,51,60,58,104,66,91,76,63,68,43,60,49,59,84,56,53,47,54,84,87,79
[ 29.303684] wil6210-aoa$0,1606461629.352210,04:d6:aa:c1:38:97,2,1,1,0,128,781,712,780,779,953,986,888,203,169,376,26,130,286,877,194,557,397,780,856,692,183,837,101,776,730,172,68,147,801,828,723,554,64,118,105,110,82,97,64,64,94,89,79,52,60,61,105,65,94,76,67,66,42,59,49,59,84,53,53,45,55,83,84,81
[ 29.333114] wil6210-aoa$0,1606461629.381638,04:d6:aa:c1:38:97,2,1,1,0,128,317,972,670,725,483,848,418,378,165,374,74,218,767,1003,190,575,907,944,317,853,228,871,130,795,676,179,104,190,446,86,60,772,64,116,108,113,82,94,65,65,95,89,81,51,61,59,103,66,96,77,67,69,43,62,47,58,84,54,53,45,55,84,83,81
[ 29.363025] wil6210-aoa$0,1606461629.411553,04:d6:aa:c1:38:97,2,1,1,0,128,275,925,782,788,989,22,385,433,190,388,17,170,800,15,720,454,885,976,399,935,736,36,735,40,223,383,106,221,369,46,787,514,64,120,106,112,86,97,61,63,95,84,79,48,58,56,101,63,88,73,65,65,38,54,46,51,76,49,46,40,47,74,73,67
[ 29.386018] wil6210-aoa$0,1606461629.434546,04:d6:aa:c1:38:97,2,1,1,0,128,292,939,759,765,929,1008,395,415,168,349,97,220,838,59,224,614,888,952,328,875,702,13,736,13,669,159,59,164,887,911,470,259,63,118,107,113,86,97,64,64,96,89,81,52,61,59,109,67,95,78,69,71,42,60,47,58,84,53,52,46,53,83,82,78
[ 29.414987] wil6210-aoa$0,1606461629.463512,04:d6:aa:c1:38:97,2,1,1,0,128,337,980,793,796,960,12,391,399,175,388,54,198,290,897,688,408,888,941,392,914,748,64,732,31,160,337,157,239,372,43,530,263,64,117,105,112,83,98,65,65,96,91,80,53,63,61,107,68,96,79,67,68,41,59,49,58,85,56,56,49,54,83,87,82
[ 29.444931] wil6210-aoa$0,1606461629.493452,04:d6:aa:c1:38:97,2,1,1,0,128,268,962,828,828,882,1006,891,225,625,154,512,1006,294,882,698,379,357,764,393,884,704,1000,686,999,706,153,162,226,850,859,797,564,62,114,105,109,82,94,61,63,95,85,77,49,58,57,99,63,92,72,65,63,38,53,42,51,74,47,47,36,45,71,72,64
[ 29.468670] wil6210-aoa$0,1606461629.517201,04:d6:aa:c1:38:97,2,1,1,0,128,326,928,831,805,952,995,407,380,67,309,470,1010,307,863,233,590,910,968,361,921,738,37,726,19,144,297,172,271,878,887,505,424,66,115,108,115,81,98,65,66,92,88,82,53,63,60,107,65,96,76,68,70,41,61,49,60,86,58,53,48,56,87,89,86
[ 29.498133] wil6210-aoa$0,1606461629.546657,04:d6:aa:c1:38:97,2,1,1,0,128,350,953,810,786,923,992,385,384,116,352,492,0,824,44,702,450,929,964,355,913,806,92,727,48,180,348,88,262,356,13,981,738,63,116,108,114,85,96,66,66,95,90,82,52,63,61,106,66,97,79,69,71,44,63,49,60,86,58,56,49,55,82,88,83
[ 29.522680] wil6210-aoa$0,1606461629.571207,04:d6:aa:c1:38:97,2,1,1,0,128,294,944,800,787,910,999,407,384,216,360,37,182,872,59,168,568,876,896,399,935,733,3,184,829,230,383,132,253,333,2,717,499,62,120,104,112,82,95,63,63,93,87,80,50,59,58,103,63,91,73,70,67,41,59,48,55,81,51,51,43,50,80,80,74
[ 29.553548] wil6210-aoa$0,1606461629.602072,04:d6:aa:c1:38:97,2,1,1,0,128,258,928,796,769,895,972,409,442,141,358,47,234,793,37,157,529,926,1004,402,899,695,41,736,62,157,369,137,220,410,56,178,927,65,121,105,114,86,98,65,66,96,90,84,52,64,59,109,69,97,78,70,73,46,64,51,63,86,58,58,52,59,87,94,89
[ 29.580705] wil6210-aoa$0,1606461629.629233,04:d6:aa:c1:38:97,2,1,1,0,128,787,763,841,824,964,16,885,204,644,179,495,966,307,898,701,425,891,961,897,732,715,1022,215,875,726,164,105,232,351,43,976,792,66,115,105,111,86,99,64,66,93,90,82,55,65,60,110,68,97,80,70,72,45,64,51,62,86,59,57,50,58,89,94,86
[ 29.610057] wil6210-aoa$0,1606461629.658585,04:d6:aa:c1:38:97,2,1,1,0,128,743,762,749,764,929,1000,373,382,144,356,55,190,808,13,628,338,394,808,310,848,189,875,178,849,168,324,589,34,868,878,18,855,63,117,104,113,83,96,67,66,95,88,82,54,63,62,110,66,98,79,70,69,43,63,50,60,85,55,56,48,55,82,86,83
[ 29.635071] wil6210-aoa$0,1606461629.683596,04:d6:aa:c1:38:97,2,1,1,0,128,266,911,816,826,933,1021,425,407,112,342,44,205,860,79,245,609,298,709,901,722,689,55,706,3,211,354,112,235,368,28,286,33,53,103,95,99,75,84,53,55,79,75,70,42,52,51,89,55,83,68,57,60,35,51,40,48,73,43,45,40,44,68,68,65
[ 29.665817] wil6210-aoa$0,1606461629.714342,04:d6:aa:c1:38:97,2,1,1,0,128,331,941,789,745,931,1008,361,374,133,369,61,229,861,78,169,584,951,1019,342,904,771,76,715,56,207,320,567,24,467,114,521,228,64,116,106,113,86,97,65,67,95,92,81,52,63,59,107,68,95,80,69,70,43,61,48,61,85,56,54,47,55,86,88,81
[ 29.694458] wil6210-aoa$0,1606461629.742989,04:d6:aa:c1:38:97,2,1,1,0,128,278,894,792,817,860,937,424,418,596,132,518,995,316,902,161,631,940,1000,424,928,721,44,736,41,236,382,130,269,354,62,728,424,64,120,107,115,85,99,64,65,98,91,82,52,62,61,104,66,96,77,68,68,42,57,48,57,82,51,53,43,50,79,81,75
[ 29.717942] wil6210-aoa$0,1606461629.766468,04:d6:aa:c1:38:97,2,1,1,0,128,236,879,803,810,936,983,421,396,184,354,21,142,809,10,230,565,893,931,910,726,743,40,716,28,226,384,123,253,322,5,330,34,64,115,102,109,85,96,67,63,95,89,82,54,65,61,107,67,97,77,69,70,44,64,51,61,87,58,56,50,59,90,92,87
[ 29.748328] wil6210-aoa$0,1606461629.796852,04:d6:aa:c1:38:97,2,1,1,0,128,768,758,217,572,945,1,410,432,169,401,43,208,784,31,239,606,923,959,877,754,757,31,658,995,756,204,587,40,392,25,330,189,62,114,105,112,85,95,64,66,93,89,80,51,61,60,108,65,94,76,69,69,42,62,50,57,83,54,54,46,53,83,84,77
[ 29.777087] wil6210-aoa$0,1606461629.825615,04:d6:aa:c1:38:97,2,1,1,0,128,233,866,773,831,909,994,429,431,158,409,84,220,809,82,187,610,912,969,303,841,777,45,769,51,211,346,200,249,426,70,809,608,64,117,105,115,85,99,63,63,93,90,82,52,62,61,103,66,94,76,67,68,43,62,49,60,88,55,54,48,55,85,89,82
[ 29.802740] wil6210-aoa$0,1606461629.851265,04:d6:aa:c1:38:97,2,1,1,0,128,757,695,293,631,395,868,400,399,645,176,538,54,788,23,665,370,843,947,371,926,164,873,134,816,715,169,555,7,838,866,925,669,56,109,99,105,75,88,57,60,87,80,71,44,54,53,91,58,83,70,60,62,37,53,41,52,73,47,46,38,47,73,72,67
[ 29.833035] wil6210-aoa$0,1606461629.881558,04:d6:aa:c1:38:97,2,1,1,0,128,264,912,809,775,904,965,424,420,134,302,91,217,861,80,188,586,905,984,331,903,722,24,140,875,218,391,124,213,270,1000,141,0,62,117,107,109,84,94,65,68,93,88,81,52,61,59,105,65,95,77,65,69,40,60,45,56,82,54,50,45,51,82,79,75
[ 29.861942] wil6210-aoa$0,1606461629.910470,04:d6:aa:c1:38:97,2,1,1,0,128,291,908,792,770,341,797,926,211,134,346,53,158,833,24,228,586,922,957,393,897,717,17,716,26,218,391,88,210,352,57,799,509,65,115,105,112,85,96,64,65,95,88,79,48,63,58,106,63,95,78,67,70,41,60,49,57,83,55,52,45,53,80,82,74
[ 29.886587] wil6210-aoa$0,1606461629.935114,04:d6:aa:c1:38:97,2,1,1,0,128,272,923,821,776,966,13,350,339,194,397,1001,165,767,11,616,334,388,794,871,777,768,45,801,71,200,399,74,193,387,44,920,627,64,118,103,108,87,99,64,65,94,90,81,51,61,61,106,65,95,76,68,72,42,61,48,60,86,56,56,47,55,84,85,82
[ 29.915678] wil6210-aoa$0,1606461629.964201,04:d6:aa:c1:38:97,2,1,1,0,128,197,860,757,765,995,1020,413,389,202,397,34,187,814,46,184,594,858,938,347,894,675,1011,741,25,201,363,144,270,315,5,490,388,61,114,102,109,83,93,62,63,93,85,79,50,59,58,104,65,92,75,67,65,39,58,47,56,81,53,51,45,54,81,83,77
[ 29.944250] wil6210-aoa$0,1606461629.992779,04:d6:aa:c1:38:97,2,1,1,0,128,280,920,737,790,935,987,901,221,188,368,45,207,812,13,245,647,918,1011,328,939,725,18,754,18,235,414,61,260,368,58,905,627,59,113,100,109,80,92,60,64,92,86,79,50,59,58,101,65,93,76,65,68,41,59,46,57,82,51,50,44,51,80,79,74
[ 29.970807] wil6210-aoa$0,1606461630.019330,04:d6:aa:c1:38:97,2,1,1,0,128,279,944,156,530,982,1022,442,401,121,327,63,184,281,891,688,383,939,951,831,694,754,23,763,33,155,296,133,268,411,98,478,214,51,103,90,96,73,82,56,59,81,77,68,44,54,50,91,58,84,68,60,61,36,54,41,49,73,50,47,42,45,71,75,69
[ 30.000910] wil6210-aoa$0,1606461630.049441,04:d6:aa:c1:38:97,2,1,1,0,128,783,753,223,580,408,797,454,415,133,320,78,217,216,796,684,369,348,711,815,684,196,883,677,1005,231,333,71,203,887,910,522,299,59,113,100,108,78,89,62,59,90,82,75,46,56,54,96,60,89,71,61,63,38,52,41,51,74,46,46,38,45,73,74,67
[ 30.025037] wil6210-aoa$0,1606461630.073564,04:d6:aa:c1:38:97,2,1,1,0,128,326,939,798,787,910,982,407,392,91,308,42,167,811,38,196,577,861,936,375,880,780,37,753,14,650,164,572,1018,401,41,58,819,59,112,99,108,78,89,60,60,90,86,76,50,58,54,100,64,91,73,63,65,41,58,44,55,80,52,50,44,53,80,80,75
[ 30.053850] wil6210-aoa$0,1606461630.102375,04:d6:aa:c1:38:97,2,1,1,0,128,769,743,766,755,383,792,450,429,103,344,80,218,822,37,165,550,893,909,354,909,702,15,696,1,184,315,565,8,815,830,72,898,60,113,103,108,82,92,61,62,90,86,78,50,58,58,103,64,94,72,66,67,41,60,46,56,80,53,50,44,52,84,82,77
[ 30.083709] wil6210-aoa$0,1606461630.132230,04:d6:aa:c1:38:97,2,1,1,0,128,318,928,793,818,896,988,418,369,140,370,86,200,862,62,200,530,899,896,352,919,697,27,208,890,656,133,172,260,356,26,245,72,60,111,101,108,82,95,61,61,92,85,76,50,60,58,105,63,95,76,66,68,40,59,47,57,81,53,52,47,54,84,84,80
[ 30.113970] wil6210-aoa$0,1606461630.162495,04:d6:aa:c1:38:97,2,1,1,0,128,776,764,829,790,963,1008,420,446,153,339,29,197,863,78,228,562,970,955,457,940,696,2,136,816,239,376,120,231,364,32,813,472,63,119,108,116,86,99,65,67,99,89,84,53,62,59,109,68,99,79,69,73,45,65,49,61,85,58,53,47,57,88,88,83
[ 30.140232] wil6210-aoa$0,1606461630.188760,04:d6:aa:c1:38:97,2,1,1,0,128,204,857,822,818,919,1,284,345,655,191,549,31,855,23,272,646,955,987,367,888,688,14,778,56,198,368,155,246,383,76,360,112,65,120,109,115,87,98,63,67,97,91,85,53,63,60,110,68,96,77,67,71,44,61,48,61,88,57,54,49,55,84,86,82
[ 30.163770] wil6210-aoa$0,1606461630.212298,04:d6:aa:c1:38:97,2,1,1,0,128,271,926,812,780,934,977,422,371,203,388,30,187,845,88,172,558,919,960,389,925,731,44,688,1020,164,361,549,10,402,70,174,951,65,115,103,112,86,99,67,67,97,94,81,55,65,62,112,70,101,80,70,73,46,65,51,61,89,62,56,51,59,89,91,86
[ 30.205628] wil6210-aoa$0,1606461630.254156,04:d6:aa:c1:38:97,2,1,1,0,128,285,933,861,838,962,997,443,380,190,343,35,193,788,42,158,571,878,927,389,914,709,28,716,25,223,381,145,264,429,106,118,768,59,111,97,106,81,93,60,60,92,83,77,49,59,58,101,63,87,74,66,65,39,58,46,55,80,54,49,44,51,80,82,78
[ 30.229886] wil6210-aoa$0,1606461630.278409,04:d6:aa:c1:38:97,2,1,1,0,128,299,977,758,758,892,967,378,362,614,152,522,998,875,49,687,380,367,770,858,741,767,75,724,10,221,361,105,225,348,36,303,72,62,111,103,108,82,94,64,65,91,89,79,50,61,59,106,66,95,77,67,69,42,64,49,62,86,57,54,49,58,84,91,83
[ 30.262567] wil6210-aoa$0,1606461630.311090,04:d6:aa:c1:38:97,2,1,1,0,128,774,725,163,542,370,791,401,444,145,365,78,212,763,1017,219,618,816,890,386,927,739,54,773,16,196,353,580,24,817,836,892,674,63,115,105,110,83,97,63,64,92,88,83,53,61,61,107,66,94,77,68,70,42,62,50,60,85,57,54,49,57,87,87,82
[ 30.293762] wil6210-aoa$0,1606461630.342286,04:d6:aa:c1:38:97,2,1,1,0,128,277,920,280,595,940,975,414,404,138,356,548,28,788,1021,693,391,886,936,876,741,687,1001,748,29,241,350,104,211,795,802,824,650,61,115,104,109,82,94,62,64,92,88,79,50,59,57,102,62,92,75,67,68,42,62,47,58,82,55,54,47,51,82,85,81
[ 30.324755] wil6210-aoa$0,1606461630.373280,04:d6:aa:c1:38:97,2,1,1,0,128,276,940,770,733,959,994,876,207,219,410,16,173,872,51,192,565,872,915,353,886,167,822,758,16,685,183,560,1006,408,22,676,532,63,112,103,110,83,96,63,65,93,87,81,52,62,59,108,67,95,76,67,69,41,60,49,59,85,57,54,48,55,85,90,83
[ 30.355848] wil6210-aoa$0,1606461630.404377,04:d6:aa:c1:38:97,2,1,1,0,128,255,890,698,738,925,998,400,410,145,352,509,1003,263,843,642,372,333,782,819,695,803,66,707,5,721,212,602,24,854,871,953,847,58,113,99,105,76,86,57,61,84,79,74,42,54,52,92,59,87,74,61,62,36,48,38,48,74,43,44,38,43,70,67,60
[ 30.381377] wil6210-aoa$0,1606461630.429900,04:d6:aa:c1:38:97,2,1,1,0,128,692,710,271,642,336,776,883,228,614,182,489,989,259,896,649,367,370,753,844,723,145,819,208,865,748,183,619,4,848,847,541,362,64,117,106,112,83,95,66,64,95,88,81,54,63,61,106,65,96,76,70,69,42,61,48,59,84,56,54,48,58,88,87,85
[ 30.413592] wil6210-aoa$0,1606461630.462116,04:d6:aa:c1:38:97,2,1,1,0,128,199,878,773,742,907,957,399,408,120,306,124,238,264,883,213,601,968,1001,407,941,728,30,713,1023,160,341,131,213,383,56,419,153,66,120,110,116,89,101,67,67,98,92,83,54,66,59,109,70,98,80,69,71,44,62,50,60,87,57,55,47,56,85,86,80
[ 30.438470] wil6210-aoa$0,1606461630.486996,04:d6:aa:c1:38:97,2,1,1,0,128,724,655,182,539,411,823,875,193,164,359,42,168,299,864,160,549,919,962,331,899,192,878,707,24,217,353,105,192,385,19,204,13,62,113,106,113,80,94,62,64,90,87,77,51,59,57,105,66,92,74,67,66,43,60,49,58,84,56,51,47,53,83,83,77
[ 30.471581] wil6210-aoa$0,1606461630.520104,04:d6:aa:c1:38:97,2,1,1,0,128,316,908,808,727,399,827,409,423,96,313,556,41,252,889,224,584,909,954,431,920,775,54,710,52,739,224,119,244,348,45,636,419,65,116,105,112,81,95,64,64,92,89,80,51,61,58,104,63,93,76,66,66,41,59,46,56,83,52,51,45,51,80,82,74
[ 30.502616] wil6210-aoa$0,1606461630.551145,04:d6:aa:c1:38:97,2,1,1,0,128,301,908,764,799,951,1006,400,420,187,385,53,214,831,23,677,383,938,949,391,972,733,28,711,12,177,350,112,236,397,59,549,237,66,124,111,118,88,100,66,68,101,91,87,55,65,64,114,70,99,80,74,73,45,66,54,65,88,60,58,50,59,90,90,86
[ 30.527226] wil6210-aoa$0,1606461630.575753,04:d6:aa:c1:38:97,2,1,1,0,128,339,969,704,693,360,758,942,264,97,306,495,974,814,22,196,562,917,959,349,892,676,991,682,1,239,373,557,1018,384,69,928,703,62,115,104,111,84,95,61,62,93,88,79,48,59,58,102,63,91,75,66,66,40,57,45,54,79,52,49,44,53,79,79,75
[ 30.556238] wil6210-aoa$0,1606461630.604762,04:d6:aa:c1:38:97,2,1,1,0,128,315,985,744,780,912,990,384,404,167,341,71,178,819,34,246,593,933,986,416,977,742,46,784,94,174,338,572,51,827,855,21,827,56,115,102,109,79,90,58,61,86,81,74,42,55,52,94,57,87,73,63,63,37,54,43,50,80,49,48,39,48,74,75,66
[ 30.587093] wil6210-aoa$0,1606461630.635621,04:d6:aa:c1:38:97,2,1,1,0,128,283,949,747,774,909,989,464,432,168,370,12,176,803,39,140,533,879,920,350,892,720,56,211,949,178,363,64,238,307,10,807,571,55,104,93,99,74,86,58,60,82,80,72,47,55,52,94,60,88,70,60,62,38,55,43,51,78,52,48,42,49,76,75,71
[ 30.612309] wil6210-aoa$0,1606461630.660834,04:d6:aa:c1:38:97,2,1,1,0,128,300,992,779,745,969,19,415,421,152,391,53,170,890,129,248,594,931,969,362,907,673,36,757,33,229,386,152,277,394,74,495,166,64,118,106,113,82,97,65,62,95,90,81,53,62,58,106,64,96,76,67,68,41,62,46,57,84,55,53,45,54,82,87,79
[ 30.643878] wil6210-aoa$0,1606461630.692404,04:d6:aa:c1:38:97,2,1,1,0,128,800,759,694,694,1001,1011,365,335,193,365,61,199,826,67,181,584,906,989,318,906,722,16,191,872,191,353,564,38,343,45,90,1003,62,117,105,113,83,96,64,66,92,88,77,49,62,58,103,63,92,75,66,67,39,55,45,54,81,52,49,44,49,79,80,77
[ 30.675415] wil6210-aoa$0,1606461630.723939,04:d6:aa:c1:38:97,2,1,1,0,128,308,937,770,756,954,0,400,374,200,354,75,175,851,71,165,563,878,914,362,912,669,1007,710,15,205,386,137,228,394,59,161,934,59,116,107,110,84,92,60,64,92,85,78,49,57,56,98,62,92,75,64,65,39,56,45,53,79,50,50,43,48,79,80,73
[ 30.706424] wil6210-aoa$0,1606461630.754947,04:d6:aa:c1:38:97,2,1,1,0,128,307,907,771,769,925,968,891,182,140,335,554,57,809,36,704,450,882,933,383,913,756,67,731,15,649,160,109,199,347,1023,544,325,63,114,103,110,82,95,63,63,91,86,79,51,61,59,104,65,93,74,66,66,41,59,48,57,82,53,53,47,53,84,84,79
[ 30.735777] wil6210-aoa$0,1606461630.784307,04:d6:aa:c1:38:97,2,1,1,0,128,293,946,835,839,899,987,386,378,90,323,103,209,861,89,173,532,976,986,371,887,208,884,759,59,220,377,172,253,279,1023,547,218,61,117,106,113,81,94,58,64,91,84,78,48,58,54,101,62,88,75,64,67,38,55,45,54,79,49,48,42,48,75,79,72
[ 30.763726] wil6210-aoa$0,1606461630.812250,04:d6:aa:c1:38:97,2,1,1,0,128,323,986,771,758,351,827,886,206,615,169,545,16,826,30,213,539,347,722,791,631,184,826,215,817,724,139,589,17,363,23,568,353,63,116,106,113,83,95,64,64,94,89,81,48,61,60,105,64,93,77,67,68,41,59,47,55,82,53,51,45,52,80,79,74
[ 30.788975] wil6210-aoa$0,1606461630.837504,04:d6:aa:c1:38:97,2,1,1,0,128,279,919,806,810,868,990,437,426,109,326,562,17,841,81,222,601,907,979,280,826,750,5,689,979,199,367,75,186,368,33,259,120,64,115,105,112,82,97,65,67,93,88,82,54,63,60,106,67,97,76,68,68,43,62,48,58,85,55,54,48,53,84,85,78
[ 30.821719] wil6210-aoa$0,1606461630.870242,04:d6:aa:c1:38:97,2,1,1,0,128,269,928,818,810,932,1000,425,385,169,338,79,196,848,16,208,551,870,923,360,896,722,19,727,36,209,360,106,222,344,16,810,566,64,114,106,113,85,98,66,66,93,87,82,53,65,60,108,67,96,78,69,69,43,64,51,61,87,57,55,50,57,87,90,84
[ 30.853457] wil6210-aoa$0,1606461630.901982,04:d6:aa:c1:38:97,2,1,1,0,128,780,719,785,753,923,1009,361,368,173,395,5,168,839,53,190,599,886,907,838,694,165,825,180,849,776,196,589,51,354,4,400,229,56,101,95,102,73,86,59,57,84,78,71,47,54,54,92,57,84,68,60,60,37,54,40,50,72,48,46,41,49,74,73,69
[ 30.877773] wil6210-aoa$0,1606461630.926302,04:d6:aa:c1:38:97,2,1,1,0,128,280,925,770,798,981,9,479,437,258,417,94,254,767,1017,163,553,933,960,448,949,751,15,752,44,198,368,146,253,313,15,800,484,59,108,95,102,78,87,60,60,86,82,73,48,57,53,99,62,89,70,61,63,38,55,45,53,80,49,49,43,51,78,80,74
[ 30.910621] wil6210-aoa$0,1606461630.959147,04:d6:aa:c1:38:97,2,1,1,0,128,737,708,183,536,394,843,849,180,215,383,1016,188,866,36,138,542,891,943,834,655,127,812,130,824,672,150,610,89,876,900,575,393,60,114,105,112,81,92,62,64,90,83,78,47,55,55,99,60,90,72,62,62,38,51,41,50,76,46,47,40,46,73,72,66
[ 30.941855] wil6210-aoa$0,1606461630.990384,04:d6:aa:c1:38:97,2,1,1,0,128,225,905,781,764,394,838,426,414,104,312,99,241,826,29,196,555,392,775,409,940,697,21,729,47,252,394,43,190,341,3,105,915,61,117,103,111,81,93,61,63,94,89,76,50,60,58,105,64,91,74,65,69,41,59,48,59,84,53,51,45,52,81,80,75
[ 30.966420] wil6210-aoa$0,1606461631.014949,04:d6:aa:c1:38:97,2,1,1,0,128,288,910,759,820,940,1006,813,161,224,388,72,212,807,42,636,386,916,967,369,880,219,868,257,909,247,383,108,214,411,33,338,147,60,113,102,112,83,91,63,64,92,84,76,47,58,55,101,61,90,73,65,67,39,56,45,55,79,50,50,43,49,76,77,73
[ 30.997649] wil6210-aoa$0,1606461631.046173,04:d6:aa:c1:38:97,2,1,1,0,128,317,936,761,798,964,32,406,409,234,468,33,223,883,101,198,586,944,996,395,958,804,91,780,100,252,408,94,221,404,56,658,401,63,116,106,110,85,96,65,67,96,91,83,54,61,59,107,66,96,78,68,72,45,64,50,63,88,59,57,50,58,89,91,86
[ 31.028038] wil6210-aoa$0,1606461631.076559,04:d6:aa:c1:38:97,2,1,1,0,128,359,945,824,824,891,969,920,216,679,168,25,189,772,1002,195,571,904,941,420,929,680,1018,701,1005,205,344,120,213,391,69,919,584,63,115,103,108,86,96,65,65,92,87,80,51,63,57,108,67,98,78,68,69,43,62,49,59,86,56,56,50,55,85,86,82
[ 31.053623] wil6210-aoa$0,1606461631.102151,04:d6:aa:c1:38:97,2,1,1,0,128,307,932,740,752,427,858,445,385,179,366,74,170,808,1023,203,571,333,756,358,874,662,984,212,807,240,384,49,215,409,78,72,867,64,115,105,113,82,96,64,65,93,87,82,54,61,60,107,66,95,76,66,69,42,60,49,59,84,56,54,48,57,86,88,81
[ 31.084975] wil6210-aoa$0,1606461631.133502,04:d6:aa:c1:38:97,2,1,1,0,128,795,742,248,573,956,8,428,416,117,349,8,194,825,71,199,614,857,926,391,922,159,885,170,828,693,206,639,31,858,885,903,705,63,113,106,112,85,99,68,65,96,91,81,55,64,61,110,67,96,77,68,70,44,64,50,61,84,58,58,52,58,89,93,87
[ 31.112837] wil6210-aoa$0,1606461631.161360,04:d6:aa:c1:38:97,2,1,1,0,128,284,941,777,751,952,967,919,193,176,370,79,214,831,23,218,581,364,778,342,837,193,879,705,30,205,368,534,8,829,846,608,462,61,115,102,110,81,89,63,63,91,85,77,51,58,55,102,62,91,77,65,66,41,57,45,54,77,52,49,42,52,80,75,72
[ 31.144810] wil6210-aoa$0,1606461631.193334,04:d6:aa:c1:38:97,2,1,1,0,128,302,965,766,751,456,854,821,198,234,424,46,190,831,58,193,556,968,1013,337,875,665,40,692,999,255,357,80,215,364,5,422,232,64,117,104,111,85,95,64,65,92,88,80,50,62,58,107,65,98,78,69,71,42,60,50,58,85,53,54,49,56,84,87,81
[ 31.174825] wil6210-aoa$0,1606461631.223354,04:d6:aa:c1:38:97,2,1,1,0,128,277,935,772,737,938,974,840,205,170,380,6,169,867,53,598,352,357,769,844,733,714,7,735,61,675,214,593,59,828,862,681,519,63,113,104,113,81,94,65,63,91,88,79,50,62,60,104,67,92,76,68,68,41,58,47,57,80,53,53,46,53,79,81,77
[ 31.199260] wil6210-aoa$0,1606461631.247788,04:d6:aa:c1:38:97,2,1,1,0,128,288,965,794,777,1004,3,362,351,135,312,12,152,818,38,229,540,860,923,351,917,793,52,688,5,260,395,78,223,348,33,308,30,62,116,103,112,82,92,61,63,92,88,81,49,59,58,102,63,90,75,65,63,40,57,46,55,80,52,51,45,49,78,80,76
[ 31.229845] wil6210-aoa$0,1606461631.278368,04:d6:aa:c1:38:97,2,1,1,0,128,229,918,763,750,415,825,402,392,136,378,79,219,871,69,122,537,932,1000,380,917,196,907,688,9,171,323,552,992,927,873,755,570,65,120,108,114,83,100,67,68,97,90,83,55,67,61,112,70,98,81,70,71,44,64,53,62,90,59,57,50,57,90,91,83
[ 31.255441] wil6210-aoa$0,1606461631.303968,04:d6:aa:c1:38:97,2,1,1,0,128,291,952,802,830,989,35,517,478,132,336,120,242,855,69,207,580,925,989,375,925,744,42,748,31,270,420,44,185,314,29,136,889,61,114,105,111,82,94,62,63,92,86,81,50,60,58,103,64,91,75,65,67,40,57,46,58,83,55,50,46,53,81,85,75
[ 31.282786] wil6210-aoa$0,1606461631.331311,04:d6:aa:c1:38:97,2,1,1,0,128,740,722,256,572,988,30,450,410,151,347,33,164,802,52,187,584,912,977,437,969,700,19,737,40,189,361,61,178,383,48,407,185,62,115,103,111,81,92,63,65,89,84,77,48,58,54,102,63,90,74,61,67,39,55,45,54,82,50,51,42,50,79,77,73
[ 31.317384] wil6210-aoa$0,1606461631.365907,04:d6:aa:c1:38:97,2,1,1,0,128,269,928,776,737,973,3,356,397,177,385,19,221,253,887,157,580,345,789,417,901,716,54,744,43,224,420,75,196,342,17,279,134,67,122,110,116,88,102,68,68,99,93,83,55,66,62,113,68,102,83,73,76,47,68,53,64,91,62,60,53,60,90,95,89
[ 31.343766] wil6210-aoa$0,1606461631.392290,04:d6:aa:c1:38:97,2,1,1,0,128,264,957,790,806,964,41,417,404,649,186,515,31,839,108,210,633,984,1011,337,871,755,30,723,1012,711,206,186,300,396,43,766,547,59,115,100,110,79,90,61,61,89,84,77,46,56,54,97,62,88,73,66,64,39,55,44,53,77,49,48,42,47,74,76,71
[ 31.375941] wil6210-aoa$0,1606461631.424466,04:d6:aa:c1:38:97,2,1,1,0,128,305,925,795,818,944,0,385,369,195,335,79,209,845,71,153,575,886,968,414,927,746,51,705,29,182,355,91,248,373,31,919,652,63,114,104,111,84,95,64,63,91,87,81,50,61,58,104,65,93,76,66,68,42,59,48,58,85,57,52,47,55,82,87,83
[ 31.401077] wil6210-aoa$0,1606461631.449600,04:d6:aa:c1:38:97,2,1,1,0,128,333,940,844,818,987,14,447,438,171,408,50,181,317,947,164,563,893,928,814,706,723,1022,687,1019,199,321,93,163,374,28,874,627,62,116,102,109,80,92,63,65,91,86,78,48,60,58,104,64,92,74,66,66,40,58,46,54,79,51,51,42,49,78,81,75
[ 31.431208] wil6210-aoa$0,1606461631.479735,04:d6:aa:c1:38:97,2,1,1,0,128,752,728,299,576,395,812,959,237,661,177,78,197,876,64,233,595,384,788,405,916,180,863,167,837,665,144,169,271,280,1017,88,854,63,116,104,111,83,95,62,63,93,87,81,51,62,62,106,66,94,75,69,70,41,61,49,59,86,56,54,47,56,84,86,83
[ 31.461130] wil6210-aoa$0,1606461631.509657,04:d6:aa:c1:38:97,2,1,1,0,128,292,913,260,604,925,996,894,216,189,362,94,200,199,847,179,575,875,932,338,842,236,840,777,14,272,391,88,209,814,851,844,644,63,117,105,110,83,93,62,65,92,88,77,52,62,58,104,63,93,76,66,68,41,61,47,56,78,50,51,46,53,80,82,79
[ 31.486757] wil6210-aoa$0,1606461631.535286,04:d6:aa:c1:38:97,2,1,1,0,128,298,940,828,781,976,1004,466,489,131,358,45,203,855,45,136,500,910,934,884,715,763,43,728,1006,687,204,90,187,341,25,974,781,61,116,104,109,82,93,61,65,93,87,78,50,60,55,102,64,93,74,66,67,40,57,46,55,82,53,52,43,51,80,77,72
[ 31.514201] wil6210-aoa$0,1606461631.562726,04:d6:aa:c1:38:97,2,1,1,0,128,297,916,829,802,954,999,425,415,142,392,29,167,921,99,155,519,918,961,363,919,750,73,643,1023,240,396,61,200,356,13,948,717,62,115,106,109,82,94,61,63,91,86,79,51,59,58,106,63,94,74,67,69,41,59,46,56,82,52,51,44,51,79,83,78
[ 31.541816] wil6210-aoa$0,1606461631.590343,04:d6:aa:c1:38:97,2,1,1,0,128,280,933,816,806,994,3,375,379,130,355,479,24,311,930,161,528,895,956,341,840,198,905,731,31,187,341,616,73,815,849,217,89,62,114,104,112,83,95,64,63,92,88,79,51,63,59,106,68,93,76,68,68,41,61,48,59,83,56,55,49,54,84,87,82
[ 31.572210] wil6210-aoa$0,1606461631.620738,04:d6:aa:c1:38:97,2,1,1,0,128,316,895,790,769,964,1005,445,417,229,398,37,173,859,55,223,577,928,948,349,895,706,6,728,39,202,382,109,205,372,7,275,1015,64,116,107,111,84,96,63,65,95,88,79,51,64,59,103,64,95,78,68,68,43,60,50,61,83,56,55,48,53,84,87,82
[ 31.597763] wil6210-aoa$0,1606461631.646291,04:d6:aa:c1:38:97,2,1,1,0,128,744,702,227,551,408,805,823,168,130,354,115,220,770,15,149,534,286,734,860,733,168,842,759,27,248,394,93,219,322,9,46,879,62,115,105,109,82,95,62,63,94,87,79,49,62,59,103,65,94,77,66,66,39,60,49,57,82,54,51,47,52,80,84,79
[ 31.627880] wil6210-aoa$0,1606461631.676403,04:d6:aa:c1:38:97,2,1,1,0,128,291,920,799,779,920,992,365,320,610,113,473,1015,300,924,193,603,903,954,399,950,796,123,709,9,205,351,145,207,359,22,352,139,66,121,112,114,89,102,69,70,97,93,83,54,66,61,110,68,99,80,70,70,43,63,53,63,86,58,57,51,56,88,90,88
[ 31.660704] wil6210-aoa$0,1606461631.709226,04:d6:aa:c1:38:97,2,1,1,0,128,283,883,804,806,872,975,400,390,207,378,120,248,749,32,173,554,882,897,891,715,719,1021,740,1020,168,348,66,222,794,844,154,968,63,114,105,111,82,96,62,64,91,89,81,51,61,61,104,66,95,79,67,69,41,61,49,61,85,56,53,47,55,84,89,80
[ 31.693756] wil6210-aoa$0,1606461631.742279,04:d6:aa:c1:38:97,2,1,1,0,128,305,932,775,788,955,1008,453,442,187,380,99,218,844,67,241,590,905,969,355,890,724,57,759,28,261,354,138,209,861,907,256,905,63,115,105,109,83,98,65,66,94,90,79,52,63,60,110,67,96,78,68,72,44,62,50,62,84,58,57,50,56,88,90,85
[ 31.727245] wil6210-aoa$0,1606461631.775767,04:d6:aa:c1:38:97,2,1,1,0,128,719,678,252,612,396,779,899,208,174,388,20,192,235,866,684,390,354,753,420,918,685,988,196,887,702,179,184,274,385,51,425,169,63,114,104,111,83,94,63,63,95,87,80,53,62,58,106,66,95,76,66,69,43,63,47,60,86,57,55,48,56,84,89,82
[ 31.759723] wil6210-aoa$0,1606461631.808251,04:d6:aa:c1:38:97,2,1,1,0,128,332,961,772,789,972,1021,399,416,153,390,113,254,808,26,134,585,874,933,364,876,720,53,715,13,205,402,120,245,419,87,906,670,62,118,106,110,85,95,64,65,94,88,81,51,63,61,106,64,93,76,67,69,41,60,49,58,83,56,54,47,55,86,84,82
[ 31.785103] wil6210-aoa$0,1606461631.833631,04:d6:aa:c1:38:97,2,1,1,0,128,303,976,711,716,928,997,421,411,156,417,61,215,831,46,197,597,903,974,385,919,752,44,754,25,209,339,123,215,326,36,348,76,62,116,104,111,82,95,65,65,92,88,81,55,63,60,106,66,97,78,69,70,43,62,49,60,86,59,56,48,58,87,89,83
[ 31.814881] wil6210-aoa$0,1606461631.863406,04:d6:aa:c1:38:97,2,1,1,0,128,785,750,232,582,961,14,422,404,120,352,60,242,807,17,171,578,335,740,835,684,99,817,218,866,184,360,99,198,827,871,359,190,63,116,104,112,83,96,62,63,92,88,80,53,63,59,106,67,95,76,69,69,43,63,50,61,85,57,57,49,58,86,93,89
[ 31.845788] wil6210-aoa$0,1606461631.894316,04:d6:aa:c1:38:97,2,1,1,0,128,739,719,234,582,456,886,433,444,194,388,59,178,849,97,163,591,922,955,843,724,242,897,720,22,675,185,635,65,808,810,341,154,61,116,104,111,80,93,64,65,93,85,80,51,59,55,103,65,93,74,64,69,40,58,47,57,82,53,50,45,51,82,79,78
[ 31.875099] wil6210-aoa$0,1606461631.923623,04:d6:aa:c1:38:97,2,1,1,0,128,312,933,804,779,399,816,860,239,105,353,58,195,805,11,188,518,973,973,409,918,672,996,764,67,148,296,126,257,306,1020,302,49,62,116,103,108,81,92,63,63,91,84,79,49,58,58,101,61,91,73,66,66,40,57,43,54,78,49,48,43,49,75,73,71
[ 31.906606] wil6210-aoa$0,1606461631.955134,04:d6:aa:c1:38:97,2,1,1,0,128,761,730,772,773,949,999,416,418,119,339,539,16,205,828,204,597,915,946,364,905,738,67,158,838,724,218,71,210,399,61,209,985,64,115,103,112,84,95,65,64,92,91,80,53,62,60,107,69,96,77,71,70,45,65,51,63,86,58,56,50,58,85,92,86
[ 31.935091] wil6210-aoa$0,1606461631.983615,04:d6:aa:c1:38:97,2,1,1,0,128,219,872,768,778,935,989,431,427,263,462,31,203,866,49,180,572,906,930,333,888,717,6,686,22,202,404,98,241,399,66,611,335,63,118,104,113,84,94,64,65,94,88,80,51,60,61,105,67,94,76,69,70,42,62,49,60,83,55,54,48,54,83,85,80
[ 31.961661] wil6210-aoa$0,1606461632.010188,04:d6:aa:c1:38:97,2,1,1,0,128,250,924,750,752,971,12,391,355,190,383,24,162,823,23,193,615,897,975,328,901,752,24,693,1007,691,147,589,18,793,853,205,1020,66,117,106,112,86,100,67,67,98,92,83,56,67,60,110,70,98,78,69,72,44,64,51,62,85,59,55,51,56,85,88,83
[ 31.993112] wil6210-aoa$0,1606461632.041639,04:d6:aa:c1:38:97,2,1,1,0,128,807,746,826,784,949,985,451,426,162,314,524,5,851,46,687,410,276,750,386,926,712,43,720,14,216,391,115,236,444,72,400,175,61,109,102,107,81,93,62,62,93,88,78,51,62,56,105,66,93,77,65,68,42,60,50,58,83,56,55,49,54,83,86,83
[ 32.018716] wil6210-aoa$0,1606461632.067244,04:d6:aa:c1:38:97,2,1,1,0,128,299,948,737,785,390,831,440,421,189,420,1008,155,846,39,170,556,930,964,846,685,153,832,148,827,727,200,134,247,370,44,707,504,59,109,101,105,79,91,60,60,89,82,74,46,56,51,99,60,86,70,63,63,37,51,42,51,75,46,47,40,45,72,74,63
[ 32.060345] wil6210-aoa$0,1606461632.108868,04:d6:aa:c1:38:97,2,1,1,0,128,287,892,256,617,397,844,836,171,189,391,69,227,823,57,143,525,911,951,320,849,156,833,165,829,701,165,567,1018,383,7,1020,808,65,116,108,114,84,98,67,66,97,91,83,56,65,62,109,67,101,79,70,71,45,65,52,62,85,59,57,52,56,89,90,86
[ 32.093319] wil6210-aoa$0,1606461632.141847,04:d6:aa:c1:38:97,2,1,1,0,128,727,681,271,614,923,966,454,438,124,337,39,210,843,78,84,494,307,711,845,713,706,990,781,0,221,402,125,251,321,1011,518,322,65,116,104,111,84,98,64,63,94,89,80,50,60,59,107,65,91,75,68,70,41,59,49,56,81,52,50,43,51,80,78,72
[ 32.122139] wil6210-aoa$0,1606461632.170662,04:d6:aa:c1:38:97,2,1,1,0,128,746,744,788,770,1021,29,512,482,141,337,69,168,263,846,672,365,366,742,970,785,730,51,695,1020,264,401,161,255,331,20,42,836,59,112,98,105,80,91,60,62,89,84,76,49,58,58,102,62,91,72,65,68,40,56,47,56,80,55,52,47,52,80,87,81
[ 32.148588] wil6210-aoa$0,1606461632.197117,04:d6:aa:c1:38:97,2,1,1,0,128,307,967,804,764,1011,26,430,425,227,404,44,229,263,907,153,555,366,777,376,904,756,43,759,29,210,381,527,1013,799,862,142,957,63,115,106,112,83,97,63,63,93,91,82,50,61,60,106,66,93,77,67,68,42,60,49,56,85,52,53,46,50,80,82,75
[ 32.182343] wil6210-aoa$0,1606461632.230865,04:d6:aa:c1:38:97,2,1,1,0,128,792,761,774,738,949,997,871,177,701,240,9,171,793,24,648,365,898,938,821,664,284,923,695,20,241,357,97,229,330,24,118,937,63,116,105,110,86,99,64,65,95,91,82,56,65,61,113,69,98,80,68,71,44,65,51,60,89,59,57,50,56,89,90,86
[ 32.215151] wil6210-aoa$0,1606461632.263674,04:d6:aa:c1:38:97,2,1,1,0,128,784,763,775,770,331,785,853,181,209,375,75,211,841,41,169,561,946,965,389,904,143,832,183,870,666,170,548,997,406,34,92,940,60,106,97,104,80,92,61,61,90,86,77,50,60,57,104,63,93,73,66,66,42,62,47,58,82,56,55,48,55,83,88,83
[ 32.254736] wil6210-aoa$0,1606461632.303264,04:d6:aa:c1:38:97,2,1,1,0,128,245,908,805,771,915,991,872,177,733,205,23,176,844,92,134,582,373,771,787,661,166,848,225,896,209,383,163,262,361,36,709,583,60,114,102,110,78,88,59,62,89,83,77,48,59,56,98,62,89,73,62,63,39,57,45,54,79,51,49,44,53,80,79,75
[ 32.280763] wil6210-aoa$0,1606461632.329287,04:d6:aa:c1:38:97,2,1,1,0,128,293,972,764,783,911,1017,361,382,635,159,525,1011,295,893,163,546,887,949,363,917,741,14,740,46,223,389,117,207,356,65,647,327,61,118,104,114,81,92,63,65,92,83,79,46,57,56,96,64,90,74,64,64,39,53,42,52,77,46,48,37,46,73,69,63
[ 32.311844] wil6210-aoa$0,1606461632.360371,04:d6:aa:c1:38:97,2,1,1,0,128,251,932,820,825,941,1022,414,442,219,400,129,244,841,114,282,641,913,925,417,935,751,24,190,875,184,313,72,190,415,65,762,439,66,119,107,116,85,99,66,68,96,89,84,56,66,61,106,68,97,78,70,73,43,62,51,62,87,58,54,48,56,84,87,82
[ 32.337780] wil6210-aoa$0,1606461632.386309,04:d6:aa:c1:38:97,2,1,1,0,128,306,948,720,746,964,995,472,407,162,377,62,224,906,93,126,542,931,970,348,861,714,42,675,1015,253,408,84,202,345,5,30,892,67,118,110,114,85,100,67,67,98,93,83,56,64,61,112,68,96,78,70,71,44,62,51,60,88,57,55,50,55,84,86,79
[ 32.364103] wil6210-aoa$0,1606461632.412633,04:d6:aa:c1:38:97,2,1,1,0,128,245,910,817,830,979,18,866,249,196,398,71,196,861,70,207,580,933,950,838,694,218,881,251,914,721,196,578,27,409,39,958,728,62,116,106,112,84,95,63,62,94,86,80,47,61,59,103,62,93,76,64,65,40,59,47,56,81,50,50,43,50,75,78,73
[ 32.392304] wil6210-aoa$0,1606461632.440828,04:d6:aa:c1:38:97,2,1,1,0,128,761,739,197,525,396,823,850,185,144,354,561,16,864,41,646,388,341,725,843,705,768,20,702,36,246,399,84,220,311,13,302,134,62,112,102,105,78,90,63,62,88,84,78,50,59,55,104,65,91,72,64,67,40,58,45,57,81,55,51,45,52,80,84,76
[ 32.425242] wil6210-aoa$0,1606461632.473765,04:d6:aa:c1:38:97,2,1,1,0,128,296,946,796,836,977,12,401,393,162,391,77,206,803,32,213,604,326,730,877,729,763,48,774,20,252,395,537,23,385,43,408,208,65,112,104,112,81,101,66,66,93,89,80,55,65,62,112,69,98,79,69,72,45,65,54,63,89,61,59,52,59,88,96,91
[ 32.458170] wil6210-aoa$0,1606461632.506695,04:d6:aa:c1:38:97,2,1,1,0,128,786,730,247,584,411,818,415,379,136,334,505,1009,313,895,141,566,286,691,848,713,744,50,741,66,242,408,577,38,403,63,799,642,57,109,99,107,77,88,57,57,86,80,70,44,54,52,91,58,84,69,61,63,36,51,41,51,72,44,44,37,44,69,69,63
[ 32.520910] wil6210-aoa$0,1606461632.569438,04:d6:aa:c1:38:97,2,1,1,0,128,284,927,755,773,959,0,423,396,242,432,109,245,857,97,239,644,931,994,350,928,673,50,694,27,184,377,92,216,378,30,374,138,65,115,101,108,83,96,64,65,95,90,79,53,63,61,106,68,96,78,67,71,44,65,52,61,87,59,56,51,59,87,93,87
[ 32.551473] wil6210-aoa$0,1606461632.599997,04:d6:aa:c1:38:97,2,1,1,0,128,311,924,713,719,416,843,403,372,208,398,55,201,839,44,128,513,908,949,355,858,695,7,712,3,261,439,98,222,364,36,640,484,64,115,106,110,85,99,65,66,95,91,80,53,63,59,110,69,98,78,69,71,46,64,51,60,89,60,56,53,59,88,90,85
[ 32.577696] wil6210-aoa$0,1606461632.626225,04:d6:aa:c1:38:97,2,1,1,0,128,256,919,762,777,891,950,906,206,124,323,484,1000,836,49,152,598,892,934,807,649,196,884,193,870,264,400,85,179,289,984,325,96,62,114,106,112,82,96,62,64,94,89,80,53,60,58,106,68,99,77,68,70,42,62,50,59,88,58,53,47,58,87,89,82
[ 32.605568] wil6210-aoa$0,1606461632.654093,04:d6:aa:c1:38:97,2,1,1,0,128,284,945,757,756,957,1018,431,433,614,146,516,1014,854,60,187,531,885,953,373,917,728,24,775,38,287,420,124,242,384,29,92,904,62,115,102,111,83,95,62,63,95,87,79,52,60,57,107,64,96,76,66,69,41,60,49,57,83,53,55,45,54,83,85,78
[ 32.639360] wil6210-aoa$0,1606461632.687888,04:d6:aa:c1:38:97,2,1,1,0,128,750,737,839,817,959,994,458,410,156,349,49,199,263,881,179,609,868,918,418,875,717,1023,714,993,207,324,59,181,404,30,295,50,65,115,107,112,86,97,65,65,93,90,83,52,62,60,111,68,95,76,71,69,43,62,50,61,87,58,54,48,56,86,90,81
[ 32.665503] wil6210-aoa$0,1606461632.714031,04:d6:aa:c1:38:97,2,1,1,0,128,250,928,191,521,355,772,862,154,584,106,88,186,291,872,287,625,899,967,434,952,723,42,673,1023,170,320,592,58,388,51,772,569,61,119,105,115,79,93,64,63,91,87,77,47,59,58,102,65,92,75,67,68,40,56,45,54,78,50,46,40,49,73,72,66
[ 32.695381] wil6210-aoa$0,1606461632.743907,04:d6:aa:c1:38:97,2,1,1,0,128,269,892,788,761,407,832,856,185,674,173,500,1023,276,878,621,321,365,811,817,683,159,842,708,18,222,405,570,22,839,872,894,742,56,101,91,97,73,82,58,56,83,78,69,44,53,51,94,57,83,67,58,61,37,50,44,51,73,46,46,40,47,71,74,69
[ 32.727409] wil6210-aoa$0,1606461632.775937,04:d6:aa:c1:38:97,2,1,1,0,128,308,945,793,801,951,1003,391,354,179,380,69,209,738,4,223,573,940,978,389,944,725,26,763,48,217,359,83,230,815,828,231,91,61,112,102,109,84,94,62,64,91,85,78,49,62,56,101,61,93,76,65,66,41,58,48,58,82,53,53,47,54,82,86,82
[ 32.756539] wil6210-aoa$0,1606461632.805063,04:d6:aa:c1:38:97,2,1,1,0,128,706,711,258,592,912,992,435,427,166,402,12,233,786,12,159,595,897,1008,372,920,746,66,767,67,201,374,102,206,348,1004,600,266,59,115,104,107,80,90,62,63,90,82,77,48,56,56,97,61,90,71,65,66,39,56,46,55,83,53,51,46,51,81,83,76
[ 32.790407] wil6210-aoa$0,1606461632.838930,04:d6:aa:c1:38:97,2,1,1,0,128,303,922,810,774,1019,31,404,417,226,416,76,206,843,39,166,501,949,973,409,910,796,74,701,5,234,361,102,224,405,53,666,374,66,119,107,114,86,98,66,64,97,92,84,53,65,64,108,67,96,77,69,70,45,62,51,61,86,59,54,50,57,86,94,84
[ 32.823755] wil6210-aoa$0,1606461632.872278,04:d6:aa:c1:38:97,2,1,1,0,128,336,961,702,730,930,980,398,401,127,317,510,22,818,29,194,591,890,947,338,906,742,52,693,1014,683,181,111,191,344,18,562,256,63,117,106,111,86,99,65,64,96,91,81,52,62,61,110,68,96,78,69,71,44,63,50,60,88,57,56,51,57,87,89,84
[ 32.857651] wil6210-aoa$0,1606461632.906175,04:d6:aa:c1:38:97,2,1,1,0,128,285,932,756,750,862,942,374,368,165,384,1020,175,847,34,660,359,333,738,872,723,773,57,189,881,173,352,626,77,862,912,889,776,55,109,99,104,75,84,56,59,85,74,72,42,51,51,89,56,81,66,59,59,35,48,38,47,71,43,43,36,42,66,67,61
[ 32.885514] wil6210-aoa$0,1606461632.934042,04:d6:aa:c1:38:97,2,1,1,0,128,743,690,256,574,948,1010,402,409,239,446,1016,180,825,47,203,611,944,988,334,869,725,11,708,1021,193,350,126,283,393,81,138,940,63,117,103,111,82,95,62,65,95,86,79,51,63,59,104,64,95,77,66,68,41,59,49,58,83,55,53,48,54,83,85,80
[ 32.912929] wil6210-aoa$0,1606461632.961452,04:d6:aa:c1:38:97,2,1,1,0,128,332,946,792,780,869,945,918,216,177,346,109,210,873,76,207,613,872,948,861,712,220,883,163,844,177,362,128,219,375,27,33,751,64,114,106,111,83,97,64,66,93,89,83,51,65,61,108,67,96,76,67,67,42,62,49,59,86,57,52,48,54,82,87,81
[ 32.946969] wil6210-aoa$0,1606461632.995492,04:d6:aa:c1:38:97,2,1,1,0,128,259,906,751,759,982,11,423,388,183,394,49,194,826,48,213,618,876,930,372,915,670,997,791,69,242,381,67,183,861,838,159,1001,62,119,102,111,81,97,63,65,94,85,79,49,55,57,101,64,89,74,66,64,40,55,47,53,76,50,49,41,48,77,77,68
[ 32.974309] wil6210-aoa$0,1606461633.022832,04:d6:aa:c1:38:97,2,1,1,0,128,719,717,256,646,976,12,380,379,173,357,103,258,817,41,184,567,907,922,373,895,690,16,712,1007,648,166,149,264,379,49,194,964,62,116,103,108,82,94,61,62,94,85,82,50,61,59,107,63,93,76,67,69,44,59,49,58,82,53,53,48,53,83,85,83
[ 33.008263] wil6210-aoa$0,1606461633.056786,04:d6:aa:c1:38:97,2,1,1,0,128,784,708,179,533,946,977,402,369,182,401,46,202,249,854,162,538,889,922,826,685,150,834,200,856,215,391,516,1019,357,17,183,990,63,115,103,109,83,92,64,65,93,85,77,49,56,56,102,64,90,76,65,67,40,56,44,56,80,51,49,44,51,79,78,73
[ 33.042904] wil6210-aoa$0,1606461633.091428,04:d6:aa:c1:38:97,2,1,1,0,128,286,934,760,748,946,1004,413,365,151,349,552,12,309,871,670,411,937,964,343,885,792,85,652,992,184,366,564,60,805,878,146,1008,57,107,98,102,78,87,60,60,87,84,74,49,58,54,102,60,89,73,65,66,39,57,46,56,82,52,50,44,50,79,82,77
[ 33.076855] wil6210-aoa$0,1606461633.125374,04:d6:aa:c1:38:97,2,1,1,0,128,264,914,796,764,977,1018,397,369,589,146,50,169,834,61,249,626,843,937,290,838,770,29,164,809,708,168,121,223,359,39,97,856,59,110,103,107,80,93,63,62,89,83,74,49,58,56,100,64,92,73,64,64,41,57,45,55,80,51,51,43,51,79,80,75
[ 33.105312] wil6210-aoa$0,1606461633.153838,04:d6:aa:c1:38:97,2,1,1,0,128,327,948,771,749,928,972,814,156,644,200,1021,156,799,38,131,517,353,802,825,736,712,10,672,974,214,379,53,183,406,73,62,856,59,112,102,108,79,91,62,62,92,86,76,51,58,56,103,64,92,74,66,67,41,58,45,53,80,53,50,42,53,79,81,78
[ 33.140025] wil6210-aoa$0,1606461633.188552,04:d6:aa:c1:38:97,2,1,1,0,128,665,667,211,559,350,775,906,185,659,161,85,178,281,903,175,573,856,934,419,950,725,48,782,73,211,366,68,234,317,13,551,311,60,113,102,107,81,93,63,63,90,86,78,47,60,55,101,63,91,74,63,68,40,57,44,57,80,51,50,44,52,78,80,75
[ 33.166520] wil6210-aoa$0,1606461633.215048,04:d6:aa:c1:38:97,2,1,1,0,128,274,870,751,749,937,975,868,186,151,403,7,183,784,28,125,543,314,780,852,731,687,1009,200,884,195,358,111,206,429,97,30,777,63,118,111,115,87,100,67,68,96,93,81,53,62,60,110,67,97,80,68,71,43,63,50,60,85,56,55,49,55,86,87,81
[ 33.197635] wil6210-aoa$0,1606461633.246158,04:d6:aa:c1:38:97,2,1,1,0,128,293,927,821,811,959,1015,403,334,696,170,111,259,836,66,216,589,965,963,348,880,758,17,173,865,207,347,169,242,370,1007,685,495,60,109,99,105,81,92,64,63,89,86,78,53,60,58,104,63,93,73,67,68,42,62,47,59,83,57,54,49,54,84,89,85
[ 33.232144] wil6210-aoa$0,1606461633.280666,04:d6:aa:c1:38:97,2,1,1,0,128,766,760,765,795,917,987,384,372,122,315,14,164,804,32,211,586,876,932,309,822,797,35,719,1005,232,370,108,211,829,846,999,819,60,110,99,104,79,89,61,62,91,85,73,48,59,56,100,59,90,72,64,67,39,57,45,55,79,52,49,44,52,79,80,74
[ 33.263601] wil6210-aoa$0,1606461633.312129,04:d6:aa:c1:38:97,2,1,1,0,128,850,788,814,807,936,1013,900,251,155,375,111,254,797,36,154,579,334,751,894,738,732,1023,748,45,210,364,123,251,347,51,826,595,63,113,104,109,85,98,65,64,95,90,82,52,66,60,108,67,95,78,67,70,43,62,51,59,84,57,53,48,56,85,87,83
[ 33.298006] wil6210-aoa$0,1606461633.346525,04:d6:aa:c1:38:97,2,1,1,0,128,278,911,795,780,923,1011,427,409,181,434,78,199,824,58,155,564,846,926,415,915,694,1022,734,1022,280,408,137,275,344,22,143,832,61,115,104,110,84,93,62,64,91,84,81,50,60,57,105,65,94,76,67,68,43,59,47,56,82,54,52,46,53,83,83,76
[ 33.346324] wil6210-aoa$0,1606461633.394854,04:d6:aa:c1:38:97,2,1,1,0,128,273,960,739,799,988,15,403,373,233,416,46,215,883,101,213,603,904,929,418,916,753,54,682,1001,199,361,107,200,432,61,424,227,62,114,104,109,83,96,66,65,97,91,82,55,63,59,109,68,98,77,66,70,42,61,49,60,85,56,54,48,55,84,84,79
[ 33.380959] wil6210-aoa$0,1606461633.429483,04:d6:aa:c1:38:97,2,1,1,0,128,733,711,821,762,382,852,388,350,653,165,66,184,846,72,156,558,916,946,789,678,162,828,117,824,664,124,627,62,367,17,201,69,59,107,99,105,77,87,61,61,89,83,76,47,57,55,97,60,87,70,61,63,38,55,43,53,79,48,47,42,47,74,77,73
[ 33.414423] wil6210-aoa$0,1606461633.462953,04:d6:aa:c1:38:97,2,1,1,0,128,298,909,825,807,944,1000,365,372,163,356,29,214,860,87,187,570,903,955,396,934,704,1016,784,41,183,357,42,202,332,57,1019,828,61,114,100,106,84,94,63,66,92,88,80,50,60,58,106,65,95,78,65,70,42,60,48,59,86,55,52,47,53,85,84,78
[ 33.444020] wil6210-aoa$0,1606461633.492544,04:d6:aa:c1:38:97,2,1,1,0,128,792,775,190,547,403,826,425,361,647,211,66,173,881,42,226,580,910,979,361,886,148,788,147,796,674,154,556,987,858,864,1009,881,62,115,105,111,82,96,65,64,94,87,80,53,61,59,106,65,95,77,69,70,43,62,51,60,85,55,54,48,57,86,87,83
[ 33.478132] wil6210-aoa$0,1606461633.526659,04:d6:aa:c1:38:97,2,1,1,0,128,789,756,217,549,397,810,441,410,194,393,1020,190,779,11,183,585,870,971,375,893,723,15,655,1011,621,134,165,276,367,52,888,655,65,115,108,114,84,96,67,66,95,89,82,53,63,60,109,68,95,79,68,70,44,61,50,62,86,57,56,49,58,85,85,83
[ 33.507881] wil6210-aoa$0,1606461633.556404,04:d6:aa:c1:38:97,2,1,1,0,128,251,870,800,790,982,1015,381,373,633,170,50,191,840,42,228,587,900,952,407,914,737,42,697,1022,217,397,48,178,360,34,288,124,63,117,108,116,81,95,65,67,94,90,80,53,64,60,105,66,95,78,66,69,42,60,47,57,82,53,55,45,53,82,86,81
[ 33.542778] wil6210-aoa$0,1606461633.591302,04:d6:aa:c1:38:97,2,1,1,0,128,742,685,245,578,364,782,485,431,610,118,621,15,297,893,622,351,329,724,358,913,732,9,682,1020,706,178,106,225,802,891,865,669,62,113,101,109,82,95,63,63,92,85,78,52,62,59,105,65,93,73,66,66,41,59,46,56,81,53,50,45,51,81,83,80
[ 33.577837] wil6210-aoa$0,1606461633.626359,04:d6:aa:c1:38:97,2,1,1,0,128,210,898,257,630,952,1006,357,352,194,386,99,206,862,65,197,555,1000,996,378,888,752,4,704,43,610,115,144,216,377,9,759,565,59,116,107,112,84,93,61,65,95,86,76,48,58,56,100,65,91,76,65,66,40,54,44,52,80,50,50,40,46,78,73,68
[ 33.606801] wil6210-aoa$0,1606461633.655325,04:d6:aa:c1:38:97,2,1,1,0,128,267,932,846,820,970,34,363,384,247,447,1005,170,841,57,253,647,917,951,433,890,695,33,706,1019,249,398,99,255,352,43,113,830,62,115,106,108,84,96,64,65,95,89,81,51,60,58,106,65,97,77,68,70,44,63,49,60,85,54,54,48,56,83,85,80
[ 33.641605] wil6210-aoa$0,1606461633.690128,04:d6:aa:c1:38:97,2,1,1,0,128,306,957,784,817,943,1014,439,408,132,355,49,192,844,54,216,585,921,947,353,899,822,85,731,22,194,347,143,224,408,88,228,985,58,108,99,107,78,91,62,61,87,82,77,49,59,57,100,63,89,73,61,63,40,59,47,55,80,52,51,44,51,77,80,77
[ 33.673230] wil6210-aoa$0,1606461633.721757,04:d6:aa:c1:38:97,2,1,1,0,128,240,896,794,769,939,1015,409,372,151,345,61,204,793,47,658,427,900,965,411,939,735,39,795,102,197,386,117,231,352,55,70,805,64,114,103,108,83,98,65,63,93,90,80,57,64,61,109,67,96,75,69,72,45,64,51,62,87,61,57,51,60,88,95,91
[ 33.707303] wil6210-aoa$0,1606461633.755826,04:d6:aa:c1:38:97,2,1,1,0,128,811,737,255,597,401,836,902,245,177,413,65,208,801,33,668,417,320,772,870,733,199,849,740,6,659,123,113,198,371,46,776,558,62,111,103,108,82,94,62,63,94,90,79,50,62,59,103,64,96,77,66,69,42,60,47,56,83,55,54,46,54,82,84,76
[ 33.742193] wil6210-aoa$0,1606461633.790712,04:d6:aa:c1:38:97,2,1,1,0,128,300,963,770,777,368,847,877,201,675,192,514,1007,306,901,244,650,918,968,365,911,709,1020,758,28,232,389,92,194,359,5,445,268,61,114,102,108,80,95,65,65,93,87,81,52,62,60,109,66,95,76,67,68,44,62,53,60,86,56,56,50,59,89,92,84
[ 33.769344] wil6210-aoa$0,1606461633.817871,04:d6:aa:c1:38:97,2,1,1,0,128,318,957,734,754,916,967,404,414,152,341,59,185,854,54,265,670,917,995,416,936,719,14,718,38,226,380,591,39,896,906,1021,823,60,115,103,108,84,92,62,66,90,86,78,49,58,55,105,66,93,77,67,69,40,59,46,57,82,54,53,46,54,79,83,79
[ 33.799998] wil6210-aoa$0,1606461633.848522,04:d6:aa:c1:38:97,2,1,1,0,128,330,964,770,784,906,983,342,388,152,383,77,188,798,49,230,602,856,897,375,926,658,1023,686,1014,199,351,84,175,344,23,868,662,64,112,105,111,84,97,65,63,94,88,81,53,66,60,108,67,96,78,68,68,46,62,51,62,88,59,54,50,58,86,94,85
[ 33.832726] wil6210-aoa$0,1606461633.881256,04:d6:aa:c1:38:97,2,1,1,0,128,241,869,240,577,947,1012,376,370,168,391,65,208,770,18,216,619,899,968,366,913,205,893,668,22,705,198,569,38,408,69,583,415,57,109,98,102,74,86,59,59,86,80,74,48,53,51,98,60,89,69,61,63,37,54,42,52,77,51,49,42,49,77,79,71
[ 33.859616] wil6210-aoa$0,1606461633.908145,04:d6:aa:c1:38:97,2,1,1,0,128,317,933,759,746,972,1006,457,453,104,354,42,183,837,34,153,499,947,996,382,895,676,23,755,10,144,309,590,31,306,976,552,335,58,108,96,102,76,89,58,59,88,83,77,49,58,56,97,63,88,73,64,66,41,59,46,56,80,51,51,46,51,80,82,77
[ 33.892729] wil6210-aoa$0,1606461633.941253,04:d6:aa:c1:38:97,2,1,1,0,128,319,920,824,826,922,971,405,363,695,186,51,209,801,42,264,585,927,948,442,940,724,22,730,26,164,332,128,227,394,42,135,980,61,111,101,108,80,92,60,61,88,83,76,49,61,58,99,62,93,74,65,66,41,59,46,55,79,53,53,46,53,81,84,81
[ 33.927622] wil6210-aoa$0,1606461633.976146,04:d6:aa:c1:38:97,2,1,1,0,128,267,956,771,796,903,1021,385,402,250,432,59,200,791,29,217,546,913,949,349,844,784,73,704,14,157,385,112,254,360,53,717,428,64,119,107,110,85,98,64,65,93,89,80,50,64,60,106,66,97,77,68,69,44,61,49,59,86,56,54,45,54,83,86,78
[ 33.962647] wil6210-aoa$0,1606461634.011171,04:d6:aa:c1:38:97,2,1,1,0,128,321,969,788,824,973,20,395,394,157,368,517,8,270,871,672,403,890,952,381,875,117,816,777,53,213,341,96,214,361,33,287,89,61,110,101,106,82,94,65,63,91,88,77,52,60,60,106,64,94,76,66,68,42,63,48,59,85,56,55,49,57,85,87,82
[ 33.995821] wil6210-aoa$0,1606461634.044351,04:d6:aa:c1:38:97,2,1,1,0,128,230,895,819,842,937,1004,376,394,176,384,56,202,877,79,209,606,883,933,361,895,711,32,747,25,229,402,147,261,447,92,650,339,62,117,105,114,88,98,66,64,96,91,81,55,63,60,110,67,99,78,69,73,46,66,52,63,87,60,58,54,60,90,96,89
[ 34.026490] wil6210-aoa$0,1606461634.075013,04:d6:aa:c1:38:97,2,1,1,0,128,287,901,773,732,914,958,869,171,186,318,73,210,830,40,122,515,845,896,408,911,183,836,791,14,179,329,613,78,750,813,537,417,56,110,100,104,77,87,59,59,87,81,75,46,57,53,97,61,86,70,62,62,38,54,44,52,75,49,46,40,48,74,74,68
[ 34.061674] wil6210-aoa$0,1606461634.110198,04:d6:aa:c1:38:97,2,1,1,0,128,307,935,736,729,871,957,443,397,240,401,6,174,819,35,219,585,354,706,938,769,713,29,708,1016,153,324,113,247,350,23,183,24,64,114,104,111,84,96,65,64,90,88,80,53,62,62,109,67,97,76,68,71,45,63,52,61,86,57,55,50,57,88,88,87
[ 34.097087] wil6210-aoa$0,1606461634.145615,04:d6:aa:c1:38:97,2,1,1,0,128,311,921,779,765,900,1010,364,330,626,154,62,220,774,14,211,581,841,903,442,955,721,16,732,15,224,379,97,239,402,103,184,907,62,115,103,109,83,96,66,65,95,91,82,53,64,63,107,66,96,78,66,71,44,63,49,61,86,57,55,49,56,85,92,84
[ 34.125977] wil6210-aoa$0,1606461634.174501,04:d6:aa:c1:38:97,2,1,1,0,128,734,745,755,764,948,0,854,194,137,356,111,239,852,68,281,659,911,979,419,937,722,14,782,67,698,228,508,1021,888,922,253,60,62,117,103,111,83,97,63,62,96,89,81,53,61,60,106,67,95,76,70,69,43,63,50,60,85,58,56,48,57,86,90,84
[ 34.160684] wil6210-aoa$0,1606461634.209214,04:d6:aa:c1:38:97,2,1,1,0,128,319,967,746,761,960,1015,896,213,145,345,66,187,261,825,213,563,856,906,777,680,223,865,171,821,748,209,108,224,425,87,216,933,61,113,104,111,83,95,63,64,91,87,81,51,62,59,105,63,92,76,68,67,41,60,47,56,79,53,49,46,50,83,86,77
[ 34.191400] wil6210-aoa$0,1606461634.239924,04:d6:aa:c1:38:97,2,1,1,0,128,368,996,814,814,7,39,395,389,108,339,551,17,773,7,281,632,880,918,826,717,170,832,174,849,198,380,157,242,390,60,614,358,62,109,103,107,82,92,64,65,94,88,81,51,61,59,107,65,96,75,67,69,43,61,49,59,84,57,52,48,55,84,87,82
[ 34.224876] wil6210-aoa$0,1606461634.273403,04:d6:aa:c1:38:97,2,1,1,0,128,758,738,183,561,929,1008,427,402,148,354,501,1010,291,870,614,353,356,738,410,930,716,26,688,984,687,185,569,74,315,29,99,998,64,115,105,110,85,97,64,63,94,88,79,51,63,59,105,68,95,76,67,69,42,62,52,61,83,56,55,50,55,83,90,82
[ 34.256263] wil6210-aoa$0,1606461634.304787,04:d6:aa:c1:38:97,2,1,1,0,128,288,933,792,774,944,996,422,380,184,390,55,202,786,62,220,677,875,947,387,921,741,2,767,61,140,319,596,50,385,37,412,99,61,111,102,108,79,93,63,65,93,88,79,52,59,58,104,66,94,74,66,69,42,59,46,57,84,54,53,44,55,80,84,79
[ 34.291524] wil6210-aoa$0,1606461634.340047,04:d6:aa:c1:38:97,2,1,1,0,128,285,936,762,782,334,799,896,216,624,176,528,13,251,882,743,445,352,743,832,712,729,14,196,848,652,139,577,993,811,840,50,804,62,113,104,110,82,96,61,62,92,86,80,50,61,56,103,63,94,75,64,66,40,57,47,56,81,53,53,43,52,78,83,76
[ 34.325954] wil6210-aoa$0,1606461634.374481,04:d6:aa:c1:38:97,2,1,1,0,128,270,927,779,743,973,3,345,331,236,485,77,186,842,50,159,571,967,28,286,867,179,872,693,12,186,357,126,261,377,60,535,360,59,109,100,109,79,90,57,60,87,83,77,48,59,57,101,62,89,74,64,67,40,57,46,56,80,52,51,45,52,78,83,77
[ 34.356361] wil6210-aoa$0,1606461634.404884,04:d6:aa:c1:38:97,2,1,1,0,128,270,961,727,763,908,1020,464,425,116,322,73,200,790,33,189,581,914,969,425,925,756,51,665,990,715,180,103,244,354,35,492,270,61,111,102,108,80,93,63,62,92,85,77,49,58,56,100,62,94,76,65,65,41,57,46,54,81,52,51,45,53,77,82,75
[ 34.384594] wil6210-aoa$0,1606461634.433122,04:d6:aa:c1:38:97,2,1,1,0,128,760,746,870,805,926,988,394,385,266,418,97,226,803,55,630,394,350,758,852,745,721,0,762,10,219,341,91,227,418,77,289,1,66,121,106,113,83,98,66,66,97,92,81,53,62,61,108,66,100,82,70,71,43,64,50,62,87,56,55,51,58,86,87,83
[ 34.413575] wil6210-aoa$0,1606461634.462100,04:d6:aa:c1:38:97,2,1,1,0,128,194,886,194,599,341,808,925,229,628,128,498,975,292,915,620,351,393,798,389,915,773,51,246,914,661,129,615,35,835,828,948,754,61,116,106,112,84,96,62,66,96,91,78,51,63,59,105,67,95,78,69,69,43,61,50,61,85,55,54,47,56,83,89,80
[ 34.449087] wil6210-aoa$0,1606461634.497610,04:d6:aa:c1:38:97,2,1,1,0,128,256,920,241,601,379,822,314,347,152,344,13,183,826,43,185,570,900,956,401,915,736,23,702,3,264,414,152,242,385,76,761,558,62,116,105,112,80,93,62,63,92,85,78,49,58,58,101,60,93,76,64,66,40,58,45,55,81,51,50,44,51,80,82,75
[ 34.480953] wil6210-aoa$0,1606461634.529483,04:d6:aa:c1:38:97,2,1,1,0,128,287,922,851,814,937,998,392,377,190,365,70,209,831,41,217,592,930,960,337,889,103,811,736,1,727,194,118,212,776,820,92,984,63,115,106,109,84,95,63,64,92,87,79,52,63,59,107,67,96,78,68,68,43,61,49,58,88,58,56,48,58,88,88,84
[ 34.515064] wil6210-aoa$0,1606461634.563587,04:d6:aa:c1:38:97,2,1,1,0,128,257,939,804,824,983,17,400,403,224,403,63,201,834,44,200,586,908,936,400,934,794,114,735,28,283,403,78,233,338,44,319,158,63,116,106,112,82,96,64,64,92,87,80,50,59,59,105,64,95,75,66,66,42,59,48,56,82,55,50,44,52,79,81,74
[ 34.550425] wil6210-aoa$0,1606461634.598946,04:d6:aa:c1:38:97,2,1,1,0,128,302,951,767,755,942,0,376,366,144,346,136,233,786,11,667,384,846,918,429,963,741,48,719,9,199,355,146,287,324,11,82,890,56,108,98,105,78,91,59,60,88,81,73,46,58,55,99,60,88,71,63,64,40,56,46,52,79,50,50,44,50,77,81,76
[ 34.578775] wil6210-aoa$0,1606461634.627299,04:d6:aa:c1:38:97,2,1,1,0,128,282,930,857,837,909,985,445,438,217,402,91,263,762,1,296,674,956,972,445,970,703,65,774,71,244,382,189,301,365,39,835,431,60,113,104,111,81,94,62,62,92,86,78,53,59,56,105,68,95,76,66,68,40,57,47,57,83,54,52,46,53,81,84,78
[ 34.614126] wil6210-aoa$0,1606461634.662650,04:d6:aa:c1:38:97,2,1,1,0,128,345,961,849,821,938,1016,385,387,165,369,42,172,303,887,632,362,954,957,384,907,704,1007,729,993,251,376,124,233,380,40,96,828,62,114,102,108,82,94,62,64,92,86,80,52,62,59,104,65,96,76,67,68,43,62,50,59,84,54,55,48,54,85,87,80
[ 34.650563] wil6210-aoa$0,1606461634.699087,04:d6:aa:c1:38:97,2,1,1,0,128,766,738,172,574,916,999,433,406,179,361,70,254,841,67,149,536,365,753,373,900,186,854,161,865,733,200,126,240,849,886,534,328,62,113,102,110,80,93,61,62,91,87,77,50,58,56,101,65,90,74,63,65,40,57,46,57,80,50,52,44,49,76,81,76
[ 34.678794] wil6210-aoa$0,1606461634.727321,04:d6:aa:c1:38:97,2,1,1,0,128,225,897,820,822,943,18,395,379,668,224,98,223,868,58,221,559,365,771,399,902,742,59,740,45,221,392,100,214,315,1011,918,647,60,116,103,110,82,93,62,64,92,87,78,49,62,57,102,64,93,76,68,68,41,60,49,56,80,52,54,44,52,80,84,75
[ 34.709759] wil6210-aoa$0,1606461634.758282,04:d6:aa:c1:38:97,2,1,1,0,128,251,899,794,754,933,1013,345,373,167,368,12,147,266,852,688,370,899,964,386,896,725,21,749,5,244,393,121,224,339,18,147,1005,60,109,99,105,79,91,63,62,90,86,75,51,60,58,103,63,91,72,64,67,42,61,48,59,83,56,55,50,55,84,88,84
[ 34.738180] wil6210-aoa$0,1606461634.786704,04:d6:aa:c1:38:97,2,1,1,0,128,269,893,820,769,993,1019,874,192,161,360,89,199,809,34,218,577,870,919,865,754,729,39,690,1010,235,378,157,284,419,85,35,722,64,116,108,111,86,97,64,65,95,91,80,54,62,60,109,68,97,78,71,71,45,63,52,61,84,58,56,52,56,87,94,83
[ 34.773918] wil6210-aoa$0,1606461634.822442,04:d6:aa:c1:38:97,2,1,1,0,128,259,914,175,566,1006,30,382,401,161,346,47,196,868,92,240,598,939,965,383,917,717,1015,719,16,652,128,141,228,350,1002,21,906,60,109,101,107,80,94,62,60,87,86,78,52,59,56,104,64,95,75,65,68,41,60,48,56,82,55,53,48,54,84,84,83
[ 34.803216] wil6210-aoa$0,1606461634.851743,04:d6:aa:c1:38:97,2,1,1,0,128,266,920,827,803,899,981,410,398,133,345,94,232,839,14,214,613,894,935,311,863,179,832,738,32,235,404,52,202,426,60,791,586,61,109,102,106,80,90,61,63,88,81,77,48,57,55,102,63,90,72,63,64,37,55,43,53,78,49,48,42,49,77,76,71
[ 34.839672] wil6210-aoa$0,1606461634.888195,04:d6:aa:c1:38:97,2,1,1,0,128,777,723,320,596,415,826,433,373,642,159,611,47,263,853,730,400,363,784,846,697,248,898,689,1001,609,149,556,1006,873,853,701,530,64,116,104,109,81,96,63,64,91,87,82,50,63,60,105,66,93,79,67,69,41,59,49,59,82,54,52,46,54,83,85,77
[ 34.872023] wil6210-aoa$0,1606461634.920552,04:d6:aa:c1:38:97,2,1,1,0,128,308,936,743,809,937,961,952,235,173,366,57,174,823,61,223,584,899,941,353,886,717,1005,162,854,247,374,148,257,353,20,900,596,62,115,104,109,82,95,64,64,95,88,80,52,65,61,107,66,96,78,69,70,44,65,50,62,85,58,56,50,59,88,91,86
[ 34.902037] wil6210-aoa$0,1606461634.950560,04:d6:aa:c1:38:97,2,1,1,0,128,320,951,795,765,953,1014,466,414,154,345,52,174,773,46,190,639,874,975,334,897,700,15,716,1023,198,371,45,222,403,67,112,839,61,113,102,111,78,92,63,63,94,90,80,52,61,60,105,66,93,74,67,70,44,61,48,58,85,58,55,49,56,84,88,83
[ 34.934142] wil6210-aoa$0,1606461634.982670,04:d6:aa:c1:38:97,2,1,1,0,128,290,915,761,754,987,6,408,371,125,313,97,221,775,27,191,555,346,744,815,680,194,857,213,915,207,389,130,285,387,56,559,277,59,114,100,108,80,92,61,61,93,86,74,50,59,57,101,64,93,76,64,64,39,58,44,55,79,51,49,43,48,78,76,71
[ 34.962404] wil6210-aoa$0,1606461635.010932,04:d6:aa:c1:38:97,2,1,1,0,128,311,945,821,833,996,21,459,431,164,380,100,218,797,24,179,536,964,992,394,911,748,64,733,1013,701,175,123,236,378,63,38,734,59,115,103,108,83,93,63,64,94,86,79,52,60,58,102,64,94,76,67,68,41,60,47,58,85,54,53,45,53,82,82,77
[ 34.990649] wil6210-aoa$0,1606461635.039177,04:d6:aa:c1:38:97,2,1,1,0,128,697,703,824,784,915,1016,382,385,132,375,33,201,836,47,239,605,900,944,363,868,235,866,776,22,671,179,92,180,342,12,804,607,59,112,104,107,82,95,60,64,92,85,80,51,61,58,108,67,94,76,67,70,43,60,48,58,83,56,52,47,54,83,86,83
[ 35.023271] wil6210-aoa$0,1606461635.071795,04:d6:aa:c1:38:97,2,1,1,0,128,218,890,758,741,394,804,907,233,643,215,533,1020,260,835,680,392,399,783,827,699,194,824,162,844,692,159,583,32,773,851,1017,880,56,112,100,107,77,88,58,61,87,81,75,43,52,53,97,58,85,70,63,62,37,52,44,50,76,45,44,40,43,69,71,62
[ 35.053181] wil6210-aoa$0,1606461635.101705,04:d6:aa:c1:38:97,2,1,1,0,128,786,772,149,522,376,775,889,202,639,173,64,178,326,908,656,328,386,787,819,681,202,892,769,57,656,176,557,1018,832,879,114,995,62,110,104,108,80,94,63,63,93,88,78,52,62,57,104,67,93,73,67,67,40,60,48,59,84,56,54,49,54,83,87,82
[ 35.090053] wil6210-aoa$0,1606461635.138577,04:d6:aa:c1:38:97,2,1,1,0,128,262,922,787,811,922,1007,446,397,202,408,55,185,792,43,160,547,858,945,401,919,691,18,683,13,199,356,132,267,329,11,816,555,61,112,100,109,82,93,63,62,91,88,77,49,62,59,105,67,94,76,69,69,42,62,48,60,83,57,56,49,56,84,90,84
[ 35.122562] wil6210-aoa$0,1606461635.171089,04:d6:aa:c1:38:97,2,1,1,0,128,246,902,219,559,387,783,942,205,663,204,27,170,895,80,196,535,900,950,359,887,148,839,180,831,169,314,85,183,886,881,801,571,66,114,106,111,81,91,63,64,93,86,80,48,59,57,104,67,93,76,66,67,40,59,48,56,81,53,52,45,51,79,80,74
[ 35.150643] wil6210-aoa$0,1606461635.199164,04:d6:aa:c1:38:97,2,1,1,0,128,319,968,212,578,381,820,407,424,176,378,66,189,304,861,615,348,374,743,837,678,191,805,218,859,685,132,578,18,333,998,665,464,65,116,108,112,85,100,66,66,93,91,83,55,65,64,110,68,98,78,67,71,44,64,51,61,87,60,56,50,58,88,93,85
[ 35.183887] wil6210-aoa$0,1606461635.232414,04:d6:aa:c1:38:97,2,1,1,0,128,778,752,217,613,960,25,389,392,161,358,9,189,780,9,266,613,975,974,890,779,168,906,663,991,663,179,589,39,347,1,810,595,60,111,100,104,80,92,60,61,87,82,76,47,58,56,100,60,89,73,64,66,39,55,47,55,77,52,49,45,51,76,78,75
[ 35.211735] wil6210-aoa$0,1606461635.260263,04:d6:aa:c1:38:97,2,1,1,0,128,311,909,774,789,945,1015,432,430,74,313,38,231,783,59,199,563,382,780,371,904,695,45,717,1004,692,185,518,998,882,871,174,11,63,118,106,110,84,96,65,67,97,91,82,53,64,61,109,67,99,79,69,73,43,63,50,61,88,59,56,50,57,85,89,85
[ 35.245692] wil6210-aoa$0,1606461635.294220,04:d6:aa:c1:38:97,2,1,1,0,128,284,934,806,771,962,1020,426,422,203,410,51,218,875,74,204,598,900,927,369,939,678,18,759,62,167,341,130,257,344,30,634,376,64,114,103,109,83,96,66,65,94,85,77,50,64,59,105,65,94,76,67,69,41,61,49,60,84,55,53,46,57,84,87,81
[ 35.273824] wil6210-aoa$0,1606461635.322351,04:d6:aa:c1:38:97,2,1,1,0,128,255,907,792,780,904,1018,419,395,196,365,59,234,791,36,172,563,915,919,404,918,153,817,779,62,207,398,117,251,353,47,911,668,60,114,103,107,82,95,63,64,94,88,77,51,61,58,105,64,94,76,66,69,42,60,49,56,85,54,53,44,53,79,84,78
[ 35.303054] wil6210-aoa$0,1606461635.351578,04:d6:aa:c1:38:97,2,1,1,0,128,348,953,814,824,916,989,869,210,136,359,511,11,822,40,266,627,855,935,827,667,781,53,726,21,211,375,97,215,411,60,592,335,55,108,98,104,76,84,56,59,86,80,74,45,53,50,96,60,88,70,61,64,37,56,42,52,77,49,46,40,47,74,74,69
[ 35.339541] wil6210-aoa$0,1606461635.388064,04:d6:aa:c1:38:97,2,1,1,0,128,261,944,727,740,422,837,839,167,626,171,502,1004,294,853,644,364,868,945,367,881,730,21,164,847,215,338,188,257,365,48,598,341,61,116,103,109,82,95,64,63,91,86,82,49,62,60,104,65,95,76,68,71,43,61,49,59,85,54,55,48,55,83,83,80
[ 35.372120] wil6210-aoa$0,1606461635.420648,04:d6:aa:c1:38:97,2,1,1,0,128,271,922,818,812,916,978,927,257,145,353,85,209,827,21,181,516,333,759,814,726,153,860,189,859,692,189,587,40,408,77,645,372,64,127,109,117,85,96,64,65,95,91,81,49,58,59,105,65,91,78,71,68,39,60,47,56,81,50,50,42,51,78,80,73
[ 35.400826] wil6210-aoa$0,1606461635.449349,04:d6:aa:c1:38:97,2,1,1,0,128,259,921,228,553,373,796,852,193,605,166,493,980,253,859,670,400,903,959,844,693,226,858,169,829,179,349,547,32,839,870,153,1015,62,112,103,110,81,93,63,65,92,88,79,48,61,59,102,64,92,76,67,66,41,57,48,55,79,54,51,44,52,81,83,76
[ 35.433485] wil6210-aoa$0,1606461635.482012,04:d6:aa:c1:38:97,2,1,1,0,128,253,904,795,781,961,984,403,381,120,292,520,1004,805,51,172,546,848,894,414,942,722,25,765,44,189,329,130,250,404,50,433,106,64,112,100,106,83,96,63,63,93,89,81,52,64,61,110,66,96,77,67,69,45,65,51,62,86,60,57,51,58,88,90,88
[ 35.462115] wil6210-aoa$0,1606461635.510638,04:d6:aa:c1:38:97,2,1,1,0,128,313,954,768,749,951,1017,347,348,197,405,52,203,861,63,179,529,862,951,821,734,660,25,687,1010,657,122,142,266,354,65,53,793,61,113,105,111,82,93,61,63,91,88,79,49,61,61,105,65,96,74,68,67,43,62,50,60,84,56,54,48,54,85,89,83
[ 35.495247] wil6210-aoa$0,1606461635.543777,04:d6:aa:c1:38:97,2,1,1,0,128,314,949,825,835,961,1011,406,393,150,383,53,222,836,65,229,600,908,924,412,937,732,22,752,1020,152,355,130,232,322,5,274,981,63,115,103,108,82,93,63,63,93,88,81,52,64,60,105,66,94,76,69,68,43,62,50,61,85,56,54,48,58,87,88,85
[ 35.523848] wil6210-aoa$0,1606461635.572377,04:d6:aa:c1:38:97,2,1,1,0,128,337,956,786,782,1002,4,407,392,168,352,29,157,822,5,186,531,871,942,384,966,696,24,708,50,167,344,136,278,343,42,735,386,66,115,105,110,83,95,65,64,92,89,81,52,61,58,104,65,95,77,66,70,41,61,48,57,84,56,54,46,52,82,85,80
[ 35.553580] wil6210-aoa$0,1606461635.602103,04:d6:aa:c1:38:97,2,1,1,0,128,294,958,833,795,900,1000,448,401,129,344,116,261,800,44,222,607,855,922,423,945,697,55,715,10,139,306,95,181,390,44,276,13,62,116,106,111,80,93,63,62,90,84,78,47,56,56,99,59,90,73,62,64,39,55,43,52,77,48,48,39,47,72,73,66
[ 35.602422] wil6210-aoa$0,1606461635.650946,04:d6:aa:c1:38:97,2,1,1,0,128,330,937,824,786,988,31,451,431,106,301,66,186,255,875,208,578,384,791,391,913,782,59,758,20,287,450,127,276,379,71,73,733,57,111,99,106,78,91,58,61,89,82,73,46,52,53,92,60,84,70,61,62,37,53,42,49,74,48,44,40,46,75,73,68
[ 35.631481] wil6210-aoa$0,1606461635.680004,04:d6:aa:c1:38:97,2,1,1,0,128,350,970,797,751,931,988,439,406,173,387,69,213,812,31,145,540,387,806,371,927,716,49,767,64,212,387,3,165,403,85,931,703,60,113,104,111,84,95,63,64,90,87,79,51,64,62,106,67,95,75,66,67,45,64,50,61,87,58,55,49,55,83,86,82
[ 35.664310] wil6210-aoa$0,1606461635.712840,04:d6:aa:c1:38:97,2,1,1,0,128,335,952,686,708,398,830,458,419,166,330,113,229,880,79,103,511,949,958,389,929,729,21,129,811,716,173,105,200,346,1007,213,1017,61,115,103,110,83,93,62,63,92,85,80,50,61,57,106,64,93,73,67,67,40,59,48,58,83,54,53,47,54,84,86,79
[ 35.700942] wil6210-aoa$0,1606461635.749465,04:d6:aa:c1:38:97,2,1,1,0,128,253,924,781,765,414,787,891,228,206,407,56,230,226,851,199,523,331,729,882,725,165,824,233,839,218,345,103,214,387,67,120,915,64,115,106,109,81,96,65,64,92,88,80,53,63,61,104,68,96,77,67,69,44,62,50,58,84,58,56,50,57,86,89,84
[ 35.738220] wil6210-aoa$0,1606461635.786750,04:d6:aa:c1:38:97,2,1,1,0,128,775,705,781,802,398,822,396,390,122,354,32,198,807,78,140,547,926,925,425,946,713,30,699,19,224,380,111,243,813,875,383,230,62,109,101,105,83,95,66,64,90,85,78,51,62,60,104,66,95,76,67,69,43,62,48,58,83,57,53,47,54,82,85,79
[ 35.769400] wil6210-aoa$0,1606461635.817924,04:d6:aa:c1:38:97,2,1,1,0,128,255,921,754,765,916,1011,444,450,155,390,62,226,810,39,219,610,930,975,432,938,757,65,728,45,205,393,152,255,390,61,777,480,60,115,102,108,82,94,63,64,93,91,80,50,62,60,104,65,93,77,67,68,44,61,49,60,84,54,56,48,56,85,86,82
[ 35.804764] wil6210-aoa$0,1606461635.853295,04:d6:aa:c1:38:97,2,1,1,0,128,281,894,840,786,934,995,410,378,152,349,105,244,825,16,174,565,944,958,328,891,730,12,708,20,234,391,139,236,372,54,992,738,63,113,103,110,82,96,63,64,94,90,82,51,63,58,109,68,96,76,67,69,43,61,49,60,83,55,52,47,54,82,91,82
[ 35.838168] wil6210-aoa$0,1606461635.886692,04:d6:aa:c1:38:97,2,1,1,0,128,317,944,827,812,935,958,384,375,163,348,497,1004,786,1018,191,549,428,833,329,872,173,833,714,1006,703,178,585,42,351,1021,925,708,60,115,105,112,81,95,63,64,93,86,83,52,61,58,104,66,95,74,67,65,42,62,47,57,82,55,53,45,53,81,86,79
[ 35.872012] wil6210-aoa$0,1606461635.920542,04:d6:aa:c1:38:97,2,1,1,0,128,288,925,800,787,927,1012,416,409,134,355,554,997,286,882,235,576,922,937,342,855,706,1,725,999,214,346,72,197,384,30,705,488,64,113,102,108,83,96,65,63,91,89,80,53,62,60,106,66,95,75,67,70,45,63,51,61,84,57,57,50,58,86,91,87
[ 35.900868] wil6210-aoa$0,1606461635.949391,04:d6:aa:c1:38:97,2,1,1,0,128,293,936,816,828,973,7,380,370,145,366,88,224,890,88,189,564,914,933,383,919,734,1014,761,20,146,292,592,14,456,38,375,234,60,114,104,108,83,93,63,64,93,86,77,47,60,56,102,62,92,74,67,66,39,57,47,55,81,53,52,45,52,80,83,78
[ 35.934075] wil6210-aoa$0,1606461635.982602,04:d6:aa:c1:38:97,2,1,1,0,128,293,953,730,750,430,826,447,420,130,363,42,236,845,50,181,567,389,776,391,954,688,20,225,914,173,356,572,76,348,26,686,493,61,115,104,110,81,97,61,64,91,89,75,47,59,57,101,64,93,74,66,65,39,57,46,56,80,53,51,44,50,75,80,74
[ 35.962787] wil6210-aoa$0,1606461636.011311,04:d6:aa:c1:38:97,2,1,1,0,128,347,910,795,768,965,981,863,209,142,356,465,1003,260,891,620,352,343,749,863,667,172,834,219,911,742,217,103,243,356,1017,397,158,58,112,102,108,80,91,58,60,91,82,77,47,57,55,101,60,91,72,64,64,41,55,43,55,78,50,49,42,49,78,77,73
[ 36.000337] wil6210-aoa$0,1606461636.048860,04:d6:aa:c1:38:97,2,1,1,0,128,757,720,836,798,940,994,816,182,610,132,558,17,270,932,134,566,317,746,876,710,179,863,218,824,718,185,163,245,422,38,363,157,59,107,100,106,79,91,62,62,90,84,76,47,59,56,103,63,93,75,64,64,39,60,46,55,83,54,50,45,53,79,82,80
[ 36.035168] wil6210-aoa$0,1606461636.083696,04:d6:aa:c1:38:97,2,1,1,0,128,292,939,832,828,936,995,429,424,217,419,49,180,820,23,224,582,891,912,388,903,721,31,726,19,183,307,92,204,465,92,249,927,58,109,102,106,80,88,61,61,86,82,76,46,55,54,95,61,87,70,62,61,38,54,42,51,75,50,45,39,46,72,74,67
[ 36.069495] wil6210-aoa$0,1606461636.118018,04:d6:aa:c1:38:97,2,1,1,0,128,262,909,809,826,891,996,402,412,151,365,71,220,808,44,172,565,909,966,340,916,696,71,675,1012,263,366,74,217,356,18,4,745,58,117,104,110,82,92,62,63,93,89,76,48,59,57,102,62,92,75,65,66,41,58,47,56,79,52,51,44,49,78,82,75
[ 36.102462] wil6210-aoa$0,1606461636.150989,04:d6:aa:c1:38:97,2,1,1,0,128,283,918,243,577,913,980,374,405,144,365,26,195,286,852,691,376,288,704,878,737,783,71,712,1018,205,367,583,54,322,57,778,522,61,113,103,110,82,93,61,61,92,87,79,50,60,57,102,64,89,74,65,64,40,56,45,55,81,50,49,44,49,77,81,73
[ 36.131305] wil6210-aoa$0,1606461636.179828,04:d6:aa:c1:38:97,2,1,1,0,128,307,917,826,791,983,1009,403,408,215,417,13,166,853,47,209,557,890,901,408,909,137,817,718,1013,211,347,119,256,378,37,900,708,62,114,105,110,85,97,63,62,94,85,78,51,63,57,105,63,95,77,66,67,42,62,47,58,84,55,54,46,55,82,86,78
[ 36.164988] wil6210-aoa$0,1606461636.213517,04:d6:aa:c1:38:97,2,1,1,0,128,270,961,763,799,895,996,420,428,159,359,59,220,828,41,220,635,936,967,831,739,704,23,731,59,157,329,63,218,394,48,944,669,59,113,104,111,82,93,61,63,93,84,78,50,60,57,104,64,92,75,66,66,40,58,46,56,83,55,53,46,53,82,83,77
[ 36.193772] wil6210-aoa$0,1606461636.242295,04:d6:aa:c1:38:97,2,1,1,0,128,245,870,202,541,450,823,418,401,169,368,63,205,856,62,131,548,885,960,395,905,730,31,193,851,672,177,131,247,365,28,853,628,61,111,102,107,82,94,63,63,94,87,80,52,61,59,104,63,94,75,68,67,42,61,50,59,84,57,55,48,55,85,86,82
[ 36.232599] wil6210-aoa$0,1606461636.281123,04:d6:aa:c1:38:97,2,1,1,0,128,300,963,808,796,910,1014,402,388,191,377,48,212,797,18,129,501,381,785,354,865,807,103,692,5,233,402,38,202,399,64,137,894,62,113,103,107,84,96,63,65,91,86,80,50,62,58,103,64,94,76,67,68,43,59,47,57,82,55,51,46,53,83,83,78
[ 36.268127] wil6210-aoa$0,1606461636.316657,04:d6:aa:c1:38:97,2,1,1,0,128,259,910,827,803,917,978,446,421,217,418,84,214,761,989,652,336,341,753,359,854,766,29,759,37,214,344,107,205,404,50,65,780,61,114,103,110,80,95,61,62,94,87,80,52,59,58,106,65,95,73,67,67,41,60,47,57,81,54,51,45,51,78,79,76
[ 36.302893] wil6210-aoa$0,1606461636.351417,04:d6:aa:c1:38:97,2,1,1,0,128,269,916,226,590,944,17,339,374,131,335,26,177,886,68,244,543,904,974,445,960,734,19,726,40,218,354,134,256,349,27,409,165,61,114,100,104,79,92,61,62,91,85,79,49,59,57,104,63,91,75,67,66,40,56,49,57,80,52,52,46,50,78,82,77
[ 36.335126] wil6210-aoa$0,1606461636.383654,04:d6:aa:c1:38:97,2,1,1,0,128,712,705,251,606,968,1017,417,396,197,399,28,225,790,41,171,597,979,975,325,870,710,985,191,854,688,168,168,266,359,30,925,654,60,108,101,107,80,92,60,62,91,84,77,47,58,58,104,63,91,74,66,67,39,57,46,55,79,51,50,44,52,77,81,75
[ 36.364164] wil6210-aoa$0,1606461636.412692,04:d6:aa:c1:38:97,2,1,1,0,128,309,963,813,781,925,992,496,444,123,367,65,211,860,79,168,588,914,928,378,923,730,25,771,60,162,366,93,232,401,59,243,952,62,117,107,112,83,98,63,64,92,83,79,50,59,57,103,64,96,75,65,68,41,61,47,57,82,55,51,46,54,82,84,80
[ 36.396982] wil6210-aoa$0,1606461636.445507,04:d6:aa:c1:38:97,2,1,1,0,128,286,940,812,808,937,999,447,403,170,369,42,172,854,75,185,582,923,1017,383,921,728,26,745,1023,706,190,125,255,349,44,969,712,58,117,105,111,82,90,61,64,86,83,74,47,58,55,97,62,90,74,63,67,37,54,43,52,78,48,47,40,45,74,74,72
[ 36.426552] wil6210-aoa$0,1606461636.475080,04:d6:aa:c1:38:97,2,1,1,0,128,283,927,809,809,976,1013,419,378,128,339,541,1018,284,851,235,594,967,970,380,873,793,50,722,15,250,379,8,174,387,20,24,886,64,119,106,113,83,98,65,65,94,89,81,52,62,59,106,66,94,77,69,69,42,59,51,58,83,52,53,46,52,80,82,79
[ 36.460002] wil6210-aoa$0,1606461636.508525,04:d6:aa:c1:38:97,2,1,1,0,128,751,735,219,556,406,815,941,244,183,351,61,195,782,28,247,600,878,917,420,910,234,879,742,42,607,134,571,34,379,37,663,399,67,120,109,112,88,100,68,68,100,94,86,56,64,61,113,70,103,82,73,73,46,66,50,63,91,60,57,51,59,90,92,86
[ 36.490858] wil6210-aoa$0,1606461636.539381,04:d6:aa:c1:38:97,2,1,1,0,128,255,915,734,764,937,999,437,407,146,373,990,142,835,1018,262,613,893,951,369,937,691,56,733,99,214,373,125,265,368,43,266,44,62,112,104,111,83,97,64,63,92,86,80,51,62,59,102,64,95,77,66,67,44,62,47,61,85,57,55,48,56,83,88,83
[ 36.528987] wil6210-aoa$0,1606461636.577515,04:d6:aa:c1:38:97,2,1,1,0,128,339,969,742,761,351,797,894,201,178,370,71,205,812,8,206,547,339,739,826,675,166,837,140,830,616,101,630,1023,885,857,419,254,62,113,102,110,82,93,62,60,94,88,77,50,60,58,105,65,93,77,69,68,43,61,51,60,83,54,53,48,54,81,86,80
[ 36.561121] wil6210-aoa$0,1606461636.609645,04:d6:aa:c1:38:97,2,1,1,0,128,265,904,757,738,892,980,383,398,178,369,35,198,866,50,669,385,882,922,829,705,193,857,156,814,740,186,112,220,384,45,638,421,60,115,104,108,83,95,63,62,90,86,78,47,60,55,101,65,92,75,65,69,41,57,47,57,82,53,51,46,50,77,80,76
[ 36.596951] wil6210-aoa$0,1606461636.645480,04:d6:aa:c1:38:97,2,1,1,0,128,272,924,806,752,952,996,376,384,186,404,33,198,801,17,209,582,916,947,384,920,657,959,169,851,715,180,547,4,812,828,302,130,61,112,103,110,81,96,61,63,92,86,80,53,61,60,104,65,90,75,70,66,41,59,49,59,82,53,54,48,54,82,86,81
[ 36.631597] wil6210-aoa$0,1606461636.680124,04:d6:aa:c1:38:97,2,1,1,0,128,325,939,787,782,899,961,876,158,612,125,126,218,808,9,199,556,334,726,810,660,139,804,153,846,629,110,608,53,821,874,681,447,62,111,101,108,82,93,63,64,93,87,79,51,62,57,106,64,93,76,66,68,41,58,47,56,83,52,52,48,53,83,83,80
[ 36.660927] wil6210-aoa$0,1606461636.709455,04:d6:aa:c1:38:97,2,1,1,0,128,262,955,808,784,965,1007,372,389,191,401,61,208,881,89,231,582,933,990,346,893,749,15,733,44,253,438,117,228,357,40,686,432,63,112,100,108,82,92,66,63,92,90,80,50,60,61,106,66,94,75,68,68,41,61,49,57,84,56,53,48,56,85,89,83
[ 36.695872] wil6210-aoa$0,1606461636.744400,04:d6:aa:c1:38:97,2,1,1,0,128,259,878,807,792,993,11,401,371,595,166,124,243,802,70,162,551,337,729,915,742,203,869,728,5,639,137,123,245,384,70,347,58,62,109,104,107,80,92,63,62,91,87,76,50,61,57,103,66,89,75,66,65,40,59,49,57,80,54,51,44,50,79,83,76
[ 36.727456] wil6210-aoa$0,1606461636.775982,04:d6:aa:c1:38:97,2,1,1,0,128,747,711,250,616,366,820,907,166,199,376,552,12,823,2,237,574,395,753,870,710,107,782,168,865,666,133,551,1000,824,837,619,467,60,112,102,107,79,93,63,62,91,84,75,49,58,55,104,63,93,75,65,66,41,59,46,53,82,52,50,42,51,78,79,73
[ 36.763895] wil6210-aoa$0,1606461636.812423,04:d6:aa:c1:38:97,2,1,1,0,128,743,696,206,545,426,851,833,224,225,412,17,170,845,69,669,381,924,994,799,686,165,810,149,827,222,364,551,1023,423,55,454,188,59,109,99,106,78,90,62,61,90,85,77,49,60,57,103,64,89,73,64,66,39,57,46,53,79,53,53,45,52,82,85,79
[ 36.793461] wil6210-aoa$0,1606461636.841989,04:d6:aa:c1:38:97,2,1,1,0,128,278,894,769,791,879,961,389,392,112,364,1023,194,825,33,226,641,921,1007,379,926,734,60,743,31,650,183,97,225,817,870,1000,800,66,115,104,112,86,98,64,66,93,91,79,52,63,60,107,65,95,78,66,70,41,63,49,59,86,55,53,48,55,85,87,79
[ 36.831975] wil6210-aoa$0,1606461636.880499,04:d6:aa:c1:38:97,2,1,1,0,128,345,978,790,800,909,972,416,383,163,371,0,146,247,882,137,522,898,891,850,719,788,42,748,30,251,378,586,57,327,1005,415,199,57,111,98,108,79,88,58,61,89,80,77,46,55,54,99,60,87,72,63,65,38,54,43,52,76,47,47,40,49,72,77,70
[ 36.867542] wil6210-aoa$0,1606461636.916071,04:d6:aa:c1:38:97,2,1,1,0,128,299,918,805,803,914,960,940,188,178,342,93,190,841,35,207,554,379,747,394,915,717,14,713,13,632,141,582,49,313,9,462,245,57,116,102,109,82,92,60,62,91,86,78,47,61,57,104,61,92,74,66,67,39,58,46,53,79,50,48,44,50,79,77,72
[ 36.902172] wil6210-aoa$0,1606461636.950695,04:d6:aa:c1:38:97,2,1,1,0,128,784,742,252,613,348,765,918,214,162,354,60,237,847,66,149,570,932,973,365,931,168,818,240,867,263,389,110,203,400,59,492,263,65,110,103,108,80,95,65,61,92,89,81,55,62,59,111,67,95,77,68,69,44,63,51,61,87,58,57,50,57,89,90,84
[ 36.936283] wil6210-aoa$0,1606461636.984811,04:d6:aa:c1:38:97,2,1,1,0,128,782,731,776,784,434,819,403,434,591,164,86,245,288,897,656,406,955,979,352,892,673,975,701,1020,157,360,84,184,391,35,265,1016,63,114,103,108,83,96,64,62,92,87,81,54,61,59,110,67,95,77,67,69,45,63,51,58,86,58,56,50,59,87,91,87
[ 36.966241] wil6210-aoa$0,1606461637.014767,04:d6:aa:c1:38:97,2,1,1,0,128,238,922,774,752,359,795,431,394,683,215,38,164,823,44,204,590,898,973,884,728,174,889,772,30,295,391,118,226,413,90,395,171,63,112,101,106,78,93,64,64,94,90,80,53,63,59,105,67,96,76,69,69,44,64,50,62,87,59,57,50,58,86,90,87
[ 36.999751] wil6210-aoa$0,1606461637.048274,04:d6:aa:c1:38:97,2,1,1,0,128,328,929,779,772,985,973,432,404,192,362,59,186,841,39,240,591,881,928,371,843,708,27,756,32,215,354,110,215,339,21,374,152,63,113,103,108,82,98,64,62,92,89,82,52,65,60,107,65,95,75,67,70,43,63,49,58,84,57,55,50,56,84,90,83
[ 37.031010] wil6210-aoa$0,1606461637.079533,04:d6:aa:c1:38:97,2,1,1,0,128,287,914,217,551,392,835,909,245,638,155,12,157,870,81,206,578,865,926,423,945,720,1020,709,1009,656,219,95,222,332,7,512,172,59,114,100,107,81,92,60,62,90,84,76,48,59,55,100,64,92,74,65,67,39,59,45,54,82,51,49,44,52,76,78,72
[ 37.069854] wil6210-aoa$0,1606461637.118379,04:d6:aa:c1:38:97,2,1,1,0,128,220,920,817,830,937,1008,364,360,213,392,55,228,779,32,166,574,914,1003,386,906,178,873,770,76,217,381,177,261,383,15,426,169,60,113,101,108,80,89,60,62,89,81,77,47,57,54,98,61,91,74,63,64,37,55,42,52,78,49,47,41,47,74,75,73
[ 37.103613] wil6210-aoa$0,1606461637.152141,04:d6:aa:c1:38:97,2,1,1,0,128,278,900,833,825,904,989,445,419,186,410,25,173,879,78,197,590,891,925,369,915,712,15,727,10,271,416,85,217,405,59,186,998,62,111,101,107,81,93,62,64,93,86,79,53,60,58,103,63,89,73,65,67,42,58,47,57,82,52,51,46,53,79,81,76
[ 37.141913] wil6210-aoa$0,1606461637.190436,04:d6:aa:c1:38:97,2,1,1,0,128,722,712,245,604,346,795,426,411,155,329,1023,173,836,78,179,557,882,953,314,927,718,1019,748,49,164,335,70,188,416,77,372,158,63,111,102,107,81,96,63,63,94,88,79,53,62,61,107,66,96,75,67,70,44,61,51,61,86,60,55,49,56,86,91,86
[ 37.180655] wil6210-aoa$0,1606461637.229177,04:d6:aa:c1:38:97,2,1,1,0,128,731,741,817,799,910,989,432,393,180,373,995,111,871,108,177,604,893,924,821,677,191,845,775,54,214,363,147,234,385,70,424,253,57,108,100,106,77,87,60,61,88,83,74,47,57,55,100,61,89,72,63,62,39,54,47,52,77,51,50,45,52,78,81,74
[ 37.219540] wil6210-aoa$0,1606461637.268064,04:d6:aa:c1:38:97,2,1,1,0,128,304,946,754,795,915,987,375,359,173,337,69,210,798,16,205,584,901,933,403,933,672,995,195,881,227,397,104,251,403,47,825,596,58,111,100,108,78,92,60,62,89,85,76,49,57,56,101,61,90,73,64,63,40,58,44,54,79,52,51,42,49,79,81,75
[ 37.254976] wil6210-aoa$0,1606461637.303503,04:d6:aa:c1:38:97,2,1,1,2,128,304,946,754,795,915,987,375,359,173,337,69,210,798,16,205,584,901,933,403,933,672,995,195,881,227,397,104,251,403,47,825,596,57,108,100,106,77,87,60,61,88,83,74,47,57,55,100,61,89,72,63,62,39,54,47,52,77,51,50,45,52,78,81,74
[ 37.285008] wil6210-aoa$0,1606461637.333535,04:d6:aa:c1:38:97,2,1,1,0,128,327,977,789,827,383,817,436,433,216,432,63,219,913,103,233,588,886,943,374,895,765,53,760,22,225,364,94,211,345,32,74,815,58,107,95,104,80,92,60,60,88,86,73,49,58,56,103,62,90,71,64,66,40,58,47,57,81,54,52,45,52,80,85,79
[ 37.318939] wil6210-aoa$0,1606461637.367462,04:d6:aa:c1:38:97,2,1,1,0,128,741,718,221,543,946,936,896,170,206,360,567,1,812,1002,180,563,868,928,804,694,173,855,790,36,645,168,59,209,769,824,871,843,63,115,104,111,82,94,63,64,92,86,80,47,59,58,105,64,91,76,66,64,39,57,47,52,78,51,49,43,47,77,78,73
[ 37.350761] wil6210-aoa$0,1606461637.399284,04:d6:aa:c1:38:97,2,1,1,0,128,275,964,715,762,971,1015,967,212,197,364,40,160,854,28,631,356,394,791,335,858,775,54,772,26,274,396,143,219,396,44,634,359,59,115,103,110,80,89,58,60,91,84,75,46,55,54,95,60,88,73,62,60,38,51,42,50,72,45,45,39,46,70,74,68
[ 37.389940] wil6210-aoa$0,1606461637.438465,04:d6:aa:c1:38:97,2,1,1,0,128,705,708,239,581,355,800,908,196,592,111,102,205,839,56,137,509,414,799,326,888,694,1021,753,19,699,188,602,28,828,876,636,444,66,117,106,111,85,96,65,63,98,89,82,52,64,59,109,66,99,79,70,71,45,65,52,63,87,59,57,51,59,88,93,89
[ 37.423972] wil6210-aoa$0,1606461637.472500,04:d6:aa:c1:38:97,2,1,1,0,128,206,858,838,802,909,1000,394,408,224,424,68,195,852,86,145,544,305,734,378,925,704,13,168,869,188,373,125,253,381,69,948,757,62,118,105,112,86,95,63,65,94,86,80,50,59,60,101,63,93,75,68,67,42,58,46,55,80,52,50,43,51,81,77,73
[ 37.453997] wil6210-aoa$0,1606461637.502525,04:d6:aa:c1:38:97,2,1,1,0,128,263,894,773,765,953,1003,418,387,200,399,35,183,830,48,180,591,922,905,391,949,744,68,699,1011,227,377,94,243,422,88,438,209,61,110,103,110,79,92,61,62,89,83,79,48,60,55,101,62,90,72,63,64,39,55,44,56,79,50,50,44,49,76,80,75
