
[ 26.231016] wil6210-aoa$0,1606461625.851902,04:d6:aa:c1:38:97,2,1,1,0,128,366,986,782,775,941,971,394,379,253,407,56,232,798,35,214,619,958,989,448,958,779,102,731,26,232,411,152,250,308,1013,1017,760,60,115,105,114,80,92,63,62,94,88,80,49,59,57,100,63,92,75,66,67,39,55,45,53,79,50,46,39,49,77,76,70
[ 26.261681] wil6210-aoa$0,1606461625.882571,04:d6:aa:c1:38:97,2,1,1,0,128,267,900,750,746,924,1022,395,369,229,419,88,206,801,60,167,584,859,898,328,904,179,849,722,1014,675,133,595,28,878,880,820,627,47,91,85,89,65,76,49,50,75,70,63,39,48,46,82,51,75,61,53,53,33,48,40,45,67,42,41,36,42,65,67,59
[ 26.283615] wil6210-aoa$0,1606461625.904506,04:d6:aa:c1:38:97,2,1,1,0,128,290,932,748,718,948,1003,375,383,154,353,12,201,222,826,650,366,952,997,338,883,153,845,115,802,700,147,616,36,818,873,804,642,62,108,97,105,79,91,62,60,91,85,76,51,60,56,101,65,90,73,66,66,40,58,46,57,81,55,52,46,53,80,86,78
[ 26.312978] wil6210-aoa$0,1606461625.933866,04:d6:aa:c1:38:97,2,1,1,0,128,261,883,813,800,947,1007,818,129,614,158,527,14,239,853,655,413,895,972,825,699,169,872,165,821,658,177,591,62,823,861,86,823,64,117,107,114,84,97,65,66,98,92,84,54,66,63,109,69,97,79,69,71,43,63,50,62,86,58,56,50,55,86,92,85
[ 26.336118] wil6210-aoa$0,1606461625.957008,04:d6:aa:c1:38:97,2,1,1,0,128,272,911,789,774,961,1017,445,470,158,332,104,200,852,43,181,552,966,1011,364,878,720,33,748,1014,647,157,112,245,367,1004,663,454,61,111,102,105,81,91,60,63,90,83,76,49,59,55,101,62,90,74,66,66,38,55,47,55,79,50,51,45,50,78,80,75
[ 26.362973] wil6210-aoa$0,1606461625.983863,04:d6:aa:c1:38:97,2,1,1,0,128,309,942,235,586,971,972,935,229,174,379,92,190,808,52,219,589,926,932,423,934,179,833,712,30,658,159,114,241,335,14,153,882,62,119,104,112,84,98,62,64,93,86,80,50,63,60,106,66,95,77,68,69,40,58,47,58,81,51,52,44,51,76,80,71
[ 26.402472] wil6210-aoa$0,1606461626.023363,04:d6:aa:c1:38:97,2,1,1,0,128,295,955,780,761,949,1017,472,446,219,456,9,223,832,52,227,607,881,946,430,934,727,1015,752,45,175,379,96,269,400,60,370,111,59,112,100,106,80,89,61,64,89,84,77,49,59,56,99,62,92,72,64,66,40,56,45,53,79,50,48,41,50,77,76,70
[ 26.424712] wil6210-aoa$0,1606461626.045602,04:d6:aa:c1:38:97,2,1,1,0,128,330,953,708,761,918,954,389,348,142,331,79,202,809,26,171,483,947,989,382,919,735,31,715,25,190,307,162,237,372,53,316,149,61,110,100,106,80,89,61,62,89,84,78,51,59,55,105,67,92,76,65,69,41,60,48,58,82,57,54,48,53,84,87,82
[ 26.458128] wil6210-aoa$0,1606461626.079019,04:d6:aa:c1:38:97,2,1,1,0,128,307,923,750,754,950,995,392,403,191,432,64,183,808,81,188,590,964,1018,385,926,757,41,640,1008,622,149,160,254,366,54,829,548,57,110,98,102,77,90,59,62,85,83,75,48,58,54,100,61,89,71,62,65,39,56,45,54,80,51,50,44,49,76,74,69
[ 26.482002] wil6210-aoa$0,1606461626.102890,04:d6:aa:c1:38:97,2,1,1,0,128,804,759,735,741,943,998,389,375,139,367,46,172,841,33,119,530,343,768,377,915,729,32,732,42,216,325,127,220,359,22,759,541,67,114,105,111,85,101,65,65,96,91,85,55,68,63,114,70,101,80,69,73,47,67,53,66,88,62,58,56,62,93,98,93
[ 26.508536] wil6210-aoa$0,1606461626.129427,04:d6:aa:c1:38:97,2,1,1,0,128,264,939,814,848,911,976,454,429,134,326,63,213,852,84,154,579,888,959,419,966,690,6,747,5,174,342,100,225,345,34,953,708,61,111,98,103,79,90,59,60,90,85,77,49,60,55,101,61,90,75,64,66,39,57,45,53,78,52,51,45,52,80,83,72
[ 26.537260] wil6210-aoa$0,1606461626.158147,04:d6:aa:c1:38:97,2,1,1,0,128,246,897,183,557,963,2,406,395,168,381,510,7,852,77,125,541,918,993,371,919,110,860,753,33,276,431,117,233,377,57,383,74,67,118,106,113,88,101,67,66,100,93,84,57,69,67,115,70,101,80,72,74,46,66,52,66,91,62,57,50,61,91,96,91
[ 26.563965] wil6210-aoa$0,1606461626.184856,04:d6:aa:c1:38:97,2,1,1,0,128,303,923,782,793,912,2,372,386,660,203,63,256,810,54,145,546,891,935,354,914,710,44,681,1016,254,403,576,1023,396,57,793,539,65,114,103,113,87,99,67,65,96,91,82,56,65,61,111,68,98,81,70,73,45,64,51,62,87,59,56,50,58,86,93,86
[ 26.586143] wil6210-aoa$0,1606461626.207036,04:d6:aa:c1:38:97,2,1,1,0,128,282,937,855,808,899,975,892,242,102,296,564,20,859,62,215,574,958,998,411,941,695,7,761,10,173,326,117,218,369,64,1014,749,59,110,99,104,80,91,61,60,87,83,76,50,57,56,100,63,89,72,66,65,40,56,44,55,80,51,50,46,52,79,79,77
[ 26.615549] wil6210-aoa$0,1606461626.236435,04:d6:aa:c1:38:97,2,1,1,0,128,267,915,798,803,935,4,359,396,239,420,114,251,893,90,229,622,919,982,431,978,698,41,781,63,190,378,161,270,425,45,298,986,60,110,104,106,80,90,61,62,88,85,77,50,59,56,101,65,92,74,64,67,41,57,45,54,78,53,50,43,51,78,78,72
[ 26.638735] wil6210-aoa$0,1606461626.259625,04:d6:aa:c1:38:97,2,1,1,0,128,780,722,260,571,983,1019,418,402,227,403,101,226,832,36,676,383,367,761,357,899,734,30,678,1020,147,280,119,207,381,48,636,416,65,116,107,114,86,99,68,67,97,91,85,59,66,63,112,69,103,79,71,72,46,64,52,63,89,60,56,50,59,89,90,89
[ 26.670167] wil6210-aoa$0,1606461626.291057,04:d6:aa:c1:38:97,2,1,1,0,128,282,931,221,583,382,820,381,371,629,156,58,207,835,77,260,604,909,978,357,900,735,54,715,61,203,384,135,277,419,108,690,394,60,109,102,105,81,93,62,65,91,87,77,49,59,57,101,64,91,74,65,66,41,59,47,56,83,54,51,47,51,81,80,76
[ 26.693978] wil6210-aoa$0,1606461626.314865,04:d6:aa:c1:38:97,2,1,1,0,128,332,943,751,725,360,773,472,410,148,380,55,190,875,80,190,576,890,931,840,691,149,841,153,826,676,194,573,44,336,49,524,332,60,108,101,107,78,92,60,63,91,85,77,50,60,57,101,62,90,72,62,66,40,57,46,55,80,53,50,45,49,77,80,72
[ 26.724860] wil6210-aoa$0,1606461626.345746,04:d6:aa:c1:38:97,2,1,1,0,128,315,932,766,752,944,1020,342,347,596,155,18,160,820,7,271,619,972,976,392,965,703,31,704,28,174,375,42,199,311,10,474,221,65,121,109,113,88,98,66,68,96,92,83,52,63,60,107,66,100,80,70,72,42,62,48,59,87,58,52,47,52,80,82,79
[ 26.761031] wil6210-aoa$0,1606461626.381922,04:d6:aa:c1:38:97,2,1,1,0,128,251,965,761,769,919,1008,387,396,130,353,10,156,288,926,185,587,879,929,831,742,755,46,694,996,644,198,143,233,880,889,256,1023,58,110,101,108,79,89,58,60,88,84,76,48,56,54,99,59,87,72,64,66,41,56,44,53,77,49,47,43,49,78,77,72
[ 26.788567] wil6210-aoa$0,1606461626.409454,04:d6:aa:c1:38:97,2,1,1,0,128,339,934,803,782,940,984,448,403,125,371,81,218,839,19,239,606,915,949,394,948,780,82,721,40,160,365,124,223,357,34,816,512,70,119,109,116,89,99,70,66,101,93,87,60,67,63,112,70,100,80,72,76,46,67,54,67,89,63,60,54,62,92,97,91
[ 26.815245] wil6210-aoa$0,1606461626.436136,04:d6:aa:c1:38:97,2,1,1,0,128,808,784,789,760,926,967,827,148,653,142,525,1008,863,62,137,544,313,740,376,909,160,845,185,839,685,146,106,207,334,4,791,525,61,111,104,109,81,92,62,62,91,85,79,52,62,59,105,67,94,74,66,66,43,59,50,58,84,57,54,49,54,86,88,84
[ 26.840015] wil6210-aoa$0,1606461626.460903,04:d6:aa:c1:38:97,2,1,1,0,128,289,944,759,748,882,949,418,401,163,382,68,237,801,36,191,601,891,931,365,877,179,892,749,30,269,392,112,285,314,37,507,301,62,112,100,104,79,91,63,62,89,86,77,47,58,56,97,60,91,74,65,66,38,57,44,55,80,49,51,44,48,78,77,73
[ 26.870394] wil6210-aoa$0,1606461626.491282,04:d6:aa:c1:38:97,2,1,1,0,128,732,718,256,615,939,1,386,414,194,384,92,227,859,77,179,595,922,972,452,976,661,5,720,1022,229,374,120,230,857,883,1009,761,67,121,109,115,87,101,66,65,98,92,87,57,68,64,112,71,99,81,70,72,45,66,53,63,90,60,58,52,58,89,94,88
[ 26.893857] wil6210-aoa$0,1606461626.514748,04:d6:aa:c1:38:97,2,1,1,0,128,758,717,276,601,952,1004,892,202,607,172,566,23,375,922,688,406,920,964,368,889,762,52,752,29,154,302,574,29,849,847,707,524,58,107,98,102,79,91,61,62,92,85,78,51,60,57,101,63,94,74,65,67,41,60,46,56,82,54,52,46,52,80,82,76
[ 26.932629] wil6210-aoa$0,1606461626.553520,04:d6:aa:c1:38:97,2,1,1,0,128,278,928,180,554,953,989,361,336,131,361,1019,141,830,39,262,592,861,899,876,715,209,868,778,43,192,387,111,264,302,1019,862,640,62,110,101,109,80,90,62,63,92,85,77,51,56,57,100,61,90,73,66,65,38,56,45,52,77,50,47,42,48,74,75,69
[ 26.955712] wil6210-aoa$0,1606461626.576602,04:d6:aa:c1:38:97,2,1,1,0,128,320,897,785,778,960,1009,386,365,600,169,535,24,331,905,664,333,316,756,389,932,668,1020,137,845,707,144,616,80,345,52,979,694,65,119,107,115,88,96,65,67,98,93,85,54,65,62,109,70,101,81,69,74,45,63,51,60,87,57,56,50,58,87,90,85
[ 26.982001] wil6210-aoa$0,1606461626.602891,04:d6:aa:c1:38:97,2,1,1,0,128,247,904,776,760,983,6,376,388,149,379,1016,190,859,74,133,549,951,952,890,767,704,16,726,2,246,407,120,239,371,83,683,437,64,117,105,112,85,96,65,63,98,91,83,53,65,62,109,66,98,79,69,71,45,65,50,63,86,60,58,51,58,88,91,87
[ 27.013985] wil6210-aoa$0,1606461626.634873,04:d6:aa:c1:38:97,2,1,1,0,128,812,764,794,788,965,15,429,423,197,389,57,197,832,68,185,551,303,721,878,741,709,24,729,20,657,158,80,174,407,102,60,933,64,119,110,115,86,96,65,68,98,92,82,52,64,60,107,65,94,78,67,69,41,57,48,56,84,55,54,48,52,83,84,81
[ 27.042501] wil6210-aoa$0,1606461626.663389,04:d6:aa:c1:38:97,2,1,1,0,128,365,983,735,769,877,972,383,355,204,399,497,1003,303,874,203,557,931,972,390,924,768,22,765,75,168,331,67,149,381,9,165,1020,60,109,101,109,79,91,61,62,89,86,76,48,60,56,100,63,90,72,63,66,39,57,44,52,79,52,49,44,51,76,78,73
[ 27.065809] wil6210-aoa$0,1606461626.686699,04:d6:aa:c1:38:97,2,1,1,0,128,791,746,776,777,936,996,447,419,132,353,25,243,832,55,225,571,904,967,314,852,134,833,194,866,767,201,142,239,809,864,71,945,61,112,100,105,80,92,63,63,93,87,77,51,62,59,104,65,93,74,65,69,41,62,48,58,83,57,55,49,55,83,86,86
[ 27.091433] wil6210-aoa$0,1606461626.712323,04:d6:aa:c1:38:97,2,1,1,0,128,282,875,799,764,964,980,389,392,94,278,116,244,853,77,238,600,920,971,376,904,736,71,731,43,214,382,57,207,418,99,270,1004,61,111,101,107,80,92,60,62,89,85,77,49,60,56,101,63,87,73,66,67,39,56,46,56,78,51,50,46,49,77,80,75
[ 27.123359] wil6210-aoa$0,1606461626.744251,04:d6:aa:c1:38:97,2,1,1,0,128,312,926,777,820,937,1014,368,408,188,367,83,211,298,895,191,588,877,936,450,960,789,100,746,41,183,391,153,295,358,30,709,503,60,111,103,109,78,91,61,62,87,82,76,47,57,54,99,61,86,71,59,61,38,54,43,50,74,46,44,39,45,70,73,67
[ 27.145975] wil6210-aoa$0,1606461626.766865,04:d6:aa:c1:38:97,2,1,1,0,128,282,932,790,744,968,1007,403,407,198,397,7,144,887,80,143,518,894,883,823,694,282,924,749,55,173,379,47,146,803,812,339,95,58,109,102,107,80,89,60,62,89,83,75,46,59,56,98,58,88,73,63,64,37,53,42,52,78,48,48,39,46,75,71,65
[ 27.177462] wil6210-aoa$0,1606461626.798350,04:d6:aa:c1:38:97,2,1,1,0,128,739,747,833,811,906,997,420,386,81,301,489,990,279,827,682,409,904,961,360,906,680,12,678,1011,648,130,110,240,290,998,139,949,61,113,101,109,80,90,59,62,91,81,76,50,59,54,97,63,89,72,64,63,39,54,44,55,77,49,48,41,47,75,78,71
[ 27.205785] wil6210-aoa$0,1606461626.826675,04:d6:aa:c1:38:97,2,1,1,0,128,314,923,750,724,949,1010,365,372,178,376,162,227,792,46,184,554,938,990,376,933,716,47,763,10,255,405,109,256,368,64,817,568,64,117,105,110,86,97,66,65,98,92,82,55,64,61,109,70,94,76,70,71,43,62,50,60,85,58,55,50,54,84,89,85
[ 27.230360] wil6210-aoa$0,1606461626.851246,04:d6:aa:c1:38:97,2,1,1,0,128,330,963,816,776,905,988,896,204,617,120,572,24,865,66,261,597,931,990,374,931,761,40,723,22,209,353,586,29,338,7,772,497,65,113,105,110,86,98,66,65,96,92,82,54,66,61,113,69,99,78,69,70,44,66,51,62,88,59,58,51,58,89,92,90
[ 27.260835] wil6210-aoa$0,1606461626.881722,04:d6:aa:c1:38:97,2,1,1,0,128,346,951,733,758,967,9,392,408,182,369,72,199,817,46,202,602,908,927,374,929,722,44,785,88,196,351,166,245,411,91,120,884,63,115,105,112,83,97,63,64,96,90,81,49,63,60,104,65,94,79,68,67,42,60,49,59,82,55,53,47,54,82,84,78
[ 27.283858] wil6210-aoa$0,1606461626.904749,04:d6:aa:c1:38:97,2,1,1,0,128,223,857,742,701,386,783,877,190,174,401,39,199,836,60,171,602,874,946,316,871,752,3,175,851,260,432,141,249,450,98,885,558,63,117,104,109,85,97,63,63,95,91,79,51,61,59,104,64,94,77,67,69,41,60,48,59,84,54,54,48,51,83,85,81
[ 27.310982] wil6210-aoa$0,1606461626.931868,04:d6:aa:c1:38:97,2,1,1,0,128,299,944,752,791,924,1015,457,418,159,380,125,262,790,30,197,548,931,957,385,940,687,999,736,53,305,482,152,247,383,46,916,633,49,92,82,87,67,74,50,51,74,71,64,41,49,47,81,52,74,61,56,55,32,49,37,44,68,43,42,37,42,65,67,61
[ 27.341707] wil6210-aoa$0,1606461626.962593,04:d6:aa:c1:38:97,2,1,1,0,128,240,911,828,791,934,1012,415,416,167,423,14,133,252,866,203,530,961,978,415,946,703,52,767,57,171,359,81,238,376,99,468,128,63,116,105,111,84,94,65,64,97,88,82,52,62,61,108,67,93,77,69,70,42,60,48,61,84,55,53,48,54,81,89,81
[ 27.370993] wil6210-aoa$0,1606461626.991880,04:d6:aa:c1:38:97,2,1,1,0,128,265,890,787,767,945,1007,928,250,229,428,33,184,866,60,208,584,933,956,860,705,239,913,777,54,249,380,151,275,397,73,147,873,64,114,102,107,83,95,64,64,95,90,80,52,64,62,106,66,95,79,67,71,42,62,48,58,87,57,53,48,56,85,85,82
[ 27.397600] wil6210-aoa$0,1606461627.018491,04:d6:aa:c1:38:97,2,1,1,0,128,250,906,834,797,970,50,349,379,140,363,5,199,841,100,164,568,963,1006,427,939,724,54,697,990,721,219,128,272,410,76,221,912,62,115,100,109,82,93,63,64,94,88,79,48,60,59,107,66,93,76,68,70,40,59,49,57,84,53,54,47,54,82,83,81
[ 27.424288] wil6210-aoa$0,1606461627.045175,04:d6:aa:c1:38:97,2,1,1,0,128,278,956,760,774,935,1015,376,377,166,374,56,218,906,81,237,614,932,951,389,914,686,1018,735,999,681,143,139,237,816,843,617,392,49,91,82,86,66,75,50,51,77,71,63,42,51,48,85,53,77,62,54,56,35,49,38,47,69,44,44,38,46,68,72,69
[ 27.452826] wil6210-aoa$0,1606461627.073717,04:d6:aa:c1:38:97,2,1,1,0,128,259,881,812,797,347,764,911,184,142,338,499,1016,273,842,611,358,361,770,375,873,163,821,182,875,202,369,179,285,355,22,9,855,63,117,104,110,84,95,62,64,94,87,80,51,62,60,107,65,96,76,69,71,43,62,48,61,83,55,54,49,56,84,87,82
[ 27.475793] wil6210-aoa$0,1606461627.096684,04:d6:aa:c1:38:97,2,1,1,0,128,256,907,819,797,944,1022,387,360,636,202,74,211,835,41,204,607,895,951,353,902,659,1022,160,845,234,345,121,232,320,995,386,141,61,115,102,109,83,97,63,63,94,89,79,51,64,61,103,64,94,75,66,69,43,61,48,58,84,54,53,46,54,82,85,81
[ 27.506212] wil6210-aoa$0,1606461627.127099,04:d6:aa:c1:38:97,2,1,1,0,128,318,944,767,771,964,980,469,433,141,371,3,168,858,46,160,562,858,928,331,888,171,873,725,62,201,389,126,256,306,1019,309,45,64,115,106,107,84,99,66,65,96,91,83,55,63,60,109,68,98,78,68,71,45,64,51,61,87,61,57,51,59,88,91,88
[ 27.535122] wil6210-aoa$0,1606461627.156012,04:d6:aa:c1:38:97,2,1,1,0,128,288,927,822,816,945,973,456,489,106,333,69,203,833,40,218,621,936,958,329,866,160,835,747,30,232,359,115,238,382,59,251,74,66,116,104,109,87,99,66,66,95,92,81,52,65,63,108,69,97,79,69,71,43,63,49,62,87,58,55,49,55,88,88,84
[ 27.559826] wil6210-aoa$0,1606461627.180713,04:d6:aa:c1:38:97,2,1,1,0,128,320,964,877,848,955,2,413,453,166,377,77,208,835,25,208,574,912,1002,366,892,737,12,820,73,218,330,134,239,339,34,642,349,60,109,98,103,77,89,60,59,89,85,76,48,58,56,101,61,90,71,65,66,39,56,45,54,80,50,51,43,52,78,80,74
[ 27.590294] wil6210-aoa$0,1606461627.211179,04:d6:aa:c1:38:97,2,1,1,0,128,257,944,772,759,422,841,447,357,147,359,40,189,840,16,668,370,968,977,337,845,739,1017,166,820,671,130,530,1009,822,840,648,414,66,118,110,117,86,97,68,65,97,90,84,57,63,59,108,69,98,80,69,71,43,64,51,61,87,56,56,51,56,87,91,85
[ 27.613994] wil6210-aoa$0,1606461627.234885,04:d6:aa:c1:38:97,2,1,1,0,128,810,766,197,562,376,800,865,213,584,155,23,135,259,872,671,378,332,776,344,859,166,846,720,1014,657,145,13,158,388,27,609,342,57,109,96,102,76,84,57,59,84,80,74,46,54,52,91,60,81,69,60,59,36,50,41,49,71,46,45,40,43,68,72,63
[ 27.644607] wil6210-aoa$0,1606461627.265497,04:d6:aa:c1:38:97,2,1,1,0,128,705,667,262,592,368,785,885,226,631,176,533,24,856,26,680,421,874,932,790,698,192,853,200,887,277,409,538,1000,867,866,645,500,61,112,105,111,81,94,63,64,92,89,80,52,59,58,103,64,95,76,67,69,42,60,46,58,82,53,51,45,53,84,82,77
[ 27.671076] wil6210-aoa$0,1606461627.291963,04:d6:aa:c1:38:97,2,1,1,0,128,272,895,772,773,912,982,383,389,122,363,20,173,753,26,130,504,366,751,435,938,174,883,717,9,646,190,115,254,371,60,65,877,60,113,104,111,81,94,64,65,93,88,78,51,60,58,102,63,93,75,66,68,40,60,46,56,85,54,53,46,52,81,82,78
[ 27.700091] wil6210-aoa$0,1606461627.320982,04:d6:aa:c1:38:97,2,1,1,0,128,287,944,787,783,962,1011,366,400,131,381,4,189,831,63,102,559,890,963,422,928,691,21,711,1020,249,397,110,229,398,64,128,903,63,113,104,110,82,94,64,64,93,87,79,53,62,61,107,67,96,75,67,70,42,63,49,60,84,55,53,48,57,85,88,84
[ 27.725037] wil6210-aoa$0,1606461627.345922,04:d6:aa:c1:38:97,2,1,1,0,128,727,696,267,562,423,811,848,176,668,179,40,172,233,836,752,397,328,745,359,858,152,843,174,834,170,318,594,9,822,865,332,222,62,114,102,108,80,94,63,63,95,91,79,53,61,58,110,66,95,73,69,70,43,61,49,59,85,56,54,49,57,86,85,84
[ 27.755884] wil6210-aoa$0,1606461627.376772,04:d6:aa:c1:38:97,2,1,1,0,128,267,902,780,784,902,989,468,442,189,398,55,220,825,45,201,601,922,951,407,973,739,50,811,98,251,417,174,258,361,41,696,378,63,113,102,109,82,94,63,62,95,87,79,51,59,58,103,64,92,74,67,68,40,58,47,58,82,51,51,44,52,80,82,76
[ 27.780558] wil6210-aoa$0,1606461627.401444,04:d6:aa:c1:38:97,2,1,1,0,128,236,905,244,593,437,840,912,249,615,145,523,1004,318,907,682,409,892,990,360,898,700,27,101,808,718,182,82,224,341,1008,133,991,58,117,103,110,81,92,63,64,92,87,79,49,59,58,104,65,93,76,65,67,40,59,45,56,82,51,51,46,52,80,80,76
[ 27.812134] wil6210-aoa$0,1606461627.433021,04:d6:aa:c1:38:97,2,1,1,0,128,296,935,816,804,945,13,335,354,155,367,29,182,805,25,154,537,928,980,374,887,775,50,686,6,166,341,91,227,868,843,404,192,50,89,81,85,68,77,53,50,73,73,65,43,52,50,89,53,78,61,55,56,35,51,42,51,69,48,45,42,48,70,74,70
[ 27.836547] wil6210-aoa$0,1606461627.457436,04:d6:aa:c1:38:97,2,1,1,0,128,227,884,192,559,329,752,872,181,655,195,85,196,834,49,612,321,355,768,843,702,167,832,185,860,684,171,107,203,383,19,308,100,56,107,96,100,74,84,59,61,82,80,73,45,55,51,99,59,88,70,62,66,38,55,46,54,77,52,51,44,50,77,79,74
[ 27.861200] wil6210-aoa$0,1606461627.482091,04:d6:aa:c1:38:97,2,1,1,0,128,293,942,754,787,926,1012,381,418,157,352,86,201,818,27,234,595,883,915,417,909,765,32,743,31,265,420,102,239,346,17,276,18,61,116,103,110,80,92,60,63,89,85,79,49,58,57,100,61,90,73,65,65,39,57,44,53,81,50,47,43,51,78,75,71
[ 27.893626] wil6210-aoa$0,1606461627.514512,04:d6:aa:c1:38:97,2,1,1,0,128,805,780,769,740,960,1003,476,464,242,433,5,189,853,96,157,610,889,930,877,720,772,55,719,60,244,413,192,293,314,10,834,656,62,111,102,107,81,94,65,63,94,89,80,55,61,59,104,65,95,76,66,68,44,63,48,60,84,59,56,49,55,84,90,85
[ 27.923442] wil6210-aoa$0,1606461627.544330,04:d6:aa:c1:38:97,2,1,1,0,128,305,918,766,715,388,825,475,451,122,350,49,169,815,1022,269,622,908,965,408,956,725,40,674,4,237,411,65,181,391,17,480,228,64,111,102,108,83,98,65,65,96,89,83,55,64,63,110,67,97,77,70,70,46,64,50,62,88,60,56,49,60,89,94,91
[ 27.952480] wil6210-aoa$0,1606461627.573370,04:d6:aa:c1:38:97,2,1,1,0,128,295,953,768,783,843,943,912,238,150,316,75,201,812,52,210,607,882,944,420,954,737,46,739,45,239,390,86,230,368,28,934,678,61,113,107,114,81,93,63,65,93,86,80,47,60,58,105,63,92,76,67,65,40,58,46,56,82,51,50,42,48,78,79,71
[ 27.975729] wil6210-aoa$0,1606461627.596620,04:d6:aa:c1:38:97,2,1,1,0,128,339,969,797,826,924,949,396,368,180,364,77,191,836,67,175,545,867,900,418,937,729,37,754,18,269,423,133,292,303,43,526,164,63,117,106,109,82,97,63,63,93,87,81,49,61,60,107,65,93,76,68,67,42,60,49,56,83,53,52,45,51,81,83,77
[ 28.006400] wil6210-aoa$0,1606461627.627289,04:d6:aa:c1:38:97,2,1,1,0,128,299,956,759,753,936,1020,384,392,126,377,34,190,250,824,247,637,902,944,390,904,725,1022,793,40,157,307,566,32,831,893,484,292,63,114,103,108,81,95,63,63,94,89,80,54,61,60,108,67,93,75,68,70,43,61,49,61,86,57,54,49,57,85,89,83
[ 28.035648] wil6210-aoa$0,1606461627.656542,04:d6:aa:c1:38:97,2,1,1,0,128,273,928,717,760,906,974,866,148,588,124,571,38,854,70,209,614,926,957,356,893,698,1007,713,992,262,391,162,278,388,49,986,809,63,117,106,113,77,94,65,64,93,88,81,54,63,60,106,67,91,75,68,69,41,60,47,58,83,52,52,45,54,82,84,79
[ 28.062152] wil6210-aoa$0,1606461627.683040,04:d6:aa:c1:38:97,2,1,1,0,128,308,931,767,753,997,1019,406,416,164,404,5,193,818,38,245,597,930,926,349,877,752,41,742,1017,228,355,167,269,384,93,224,987,63,117,106,111,84,95,66,65,94,89,82,51,62,59,107,66,95,77,68,70,43,62,48,60,83,56,54,45,55,84,86,78
[ 28.087505] wil6210-aoa$0,1606461627.708395,04:d6:aa:c1:38:97,2,1,1,0,128,259,890,810,810,948,988,425,415,129,378,99,242,792,1012,146,528,349,744,864,718,697,10,674,1019,185,308,176,278,329,71,981,687,64,116,105,111,88,100,64,65,95,91,84,52,62,62,107,68,97,77,68,71,44,63,50,61,87,60,57,49,54,86,87,82
[ 28.117569] wil6210-aoa$0,1606461627.738459,04:d6:aa:c1:38:97,2,1,1,0,128,265,923,832,809,964,1018,407,434,160,403,70,233,813,71,176,568,365,798,370,902,724,52,702,7,215,354,606,58,422,89,319,22,65,113,106,112,85,97,65,64,96,91,83,55,65,61,109,69,98,77,70,71,44,65,52,62,87,59,59,50,58,88,97,91
[ 28.143291] wil6210-aoa$0,1606461627.764180,04:d6:aa:c1:38:97,2,1,1,0,128,717,696,228,624,917,9,424,403,120,348,40,187,266,881,172,560,908,966,374,935,777,52,689,974,658,136,542,13,886,879,966,756,64,114,105,112,84,96,67,66,94,89,81,52,65,60,109,68,97,77,69,70,45,64,53,61,89,61,56,50,58,90,92,89
[ 28.173703] wil6210-aoa$0,1606461627.794590,04:d6:aa:c1:38:97,2,1,1,0,128,269,917,868,838,941,1002,389,360,142,356,34,202,826,20,646,348,920,955,445,942,748,16,716,1022,279,367,107,235,347,58,229,48,65,115,103,110,86,96,65,66,95,92,81,53,64,62,108,68,98,77,71,71,42,64,50,62,86,57,56,50,56,87,90,84
[ 28.204094] wil6210-aoa$0,1606461627.824982,04:d6:aa:c1:38:97,2,1,1,0,128,267,932,809,787,902,989,393,362,662,173,43,205,798,38,163,533,948,971,828,702,251,904,744,33,217,367,121,232,353,23,613,354,65,118,105,112,86,100,66,67,96,91,83,54,65,61,110,70,99,80,70,70,44,63,51,61,86,58,56,52,57,86,89,84
[ 28.229292] wil6210-aoa$0,1606461627.850183,04:d6:aa:c1:38:97,2,1,1,0,128,312,970,805,782,951,990,441,425,171,380,58,225,864,67,150,519,910,923,394,924,708,998,749,27,220,376,131,222,314,17,79,791,61,117,107,114,81,90,59,62,89,80,73,44,54,52,94,59,88,72,61,61,34,50,39,46,70,42,42,36,40,66,67,58
[ 28.259309] wil6210-aoa$0,1606461627.880199,04:d6:aa:c1:38:97,2,1,1,0,128,262,937,793,802,924,1011,378,378,191,409,72,206,846,95,158,531,985,989,379,933,786,79,721,63,254,398,42,215,426,49,665,446,63,110,102,108,81,93,60,63,91,88,79,51,62,58,102,64,90,75,67,68,39,58,48,56,82,55,54,46,52,82,82,78
[ 28.285826] wil6210-aoa$0,1606461627.906715,04:d6:aa:c1:38:97,2,1,1,0,128,308,974,880,843,904,989,380,391,609,178,211,277,865,60,186,561,875,934,341,923,688,8,731,9,268,387,183,281,425,44,308,44,63,114,103,111,86,100,64,65,98,91,81,54,66,62,108,69,98,79,70,72,45,64,52,62,86,60,57,50,59,87,91,85
[ 28.310780] wil6210-aoa$0,1606461627.931672,04:d6:aa:c1:38:97,2,1,1,0,128,265,919,766,729,899,946,405,359,186,371,1009,147,269,894,154,534,995,3,373,934,707,76,682,1017,221,387,97,230,389,63,51,850,59,106,98,104,79,89,60,60,86,81,77,49,60,56,101,63,90,72,64,66,39,57,46,55,78,52,48,43,51,79,78,76
[ 28.342331] wil6210-aoa$0,1606461627.963218,04:d6:aa:c1:38:97,2,1,1,0,128,771,746,797,789,930,976,455,452,159,320,39,178,300,886,212,629,964,977,392,916,718,12,703,1,698,187,575,70,388,54,847,666,60,107,100,104,78,89,62,62,89,83,75,50,59,57,104,63,91,75,64,68,41,58,47,56,82,53,52,46,52,81,81,76
[ 28.369061] wil6210-aoa$0,1606461627.989952,04:d6:aa:c1:38:97,2,1,1,0,128,282,925,786,784,375,808,901,211,705,218,68,204,782,41,131,561,898,939,826,688,184,852,739,12,247,377,106,232,372,22,592,401,65,118,106,112,86,95,65,66,94,90,84,53,63,61,109,65,93,76,68,68,42,60,48,58,84,55,52,45,50,82,83,75
[ 28.398161] wil6210-aoa$0,1606461628.019054,04:d6:aa:c1:38:97,2,1,1,0,128,288,950,790,815,991,48,328,368,141,365,79,226,843,25,611,329,362,732,370,915,748,24,763,53,214,308,149,207,825,839,157,17,60,117,109,112,83,94,63,66,94,87,81,49,61,59,103,63,95,76,65,65,38,53,44,53,79,50,47,39,48,73,73,66
[ 28.422936] wil6210-aoa$0,1606461628.043822,04:d6:aa:c1:38:97,2,1,1,0,128,321,967,732,762,945,7,881,246,190,395,102,217,844,48,219,591,893,953,404,949,163,862,760,27,199,362,147,224,407,54,85,894,62,110,99,105,81,92,60,61,92,86,79,50,62,57,103,64,92,73,65,67,41,60,49,57,81,55,54,45,52,80,84,79
[ 28.450745] wil6210-aoa$0,1606461628.071638,04:d6:aa:c1:38:97,2,1,1,0,128,311,949,746,753,383,813,379,386,125,374,13,166,830,49,193,527,933,976,425,922,741,45,786,36,168,356,70,200,343,21,340,150,66,114,106,114,84,98,66,68,97,92,83,55,63,62,110,70,98,78,70,74,44,64,52,62,87,60,57,50,59,90,92,85
[ 28.479699] wil6210-aoa$0,1606461628.100589,04:d6:aa:c1:38:97,2,1,1,0,128,746,714,244,610,907,983,355,368,213,382,53,211,791,40,154,579,866,953,327,887,725,51,742,14,254,405,579,45,894,908,1000,753,50,94,84,90,66,78,50,52,77,73,65,42,49,48,84,53,76,61,54,56,33,48,38,47,67,43,44,39,43,64,70,63
[ 28.506034] wil6210-aoa$0,1606461628.126921,04:d6:aa:c1:38:97,2,1,1,0,128,281,918,793,801,976,998,478,426,192,388,102,237,862,73,321,663,909,943,398,936,695,2,714,17,204,333,146,258,342,47,356,118,60,107,98,103,79,90,59,62,89,84,78,49,60,57,101,65,90,73,64,66,41,59,47,57,82,53,53,48,54,81,82,80
[ 28.536598] wil6210-aoa$0,1606461628.157483,04:d6:aa:c1:38:97,2,1,1,0,128,245,900,722,707,367,784,832,175,566,161,55,196,232,851,237,632,328,774,340,913,203,848,184,842,685,150,558,31,878,878,168,1019,60,111,99,107,79,91,61,60,90,85,77,50,61,56,101,63,92,72,65,68,41,60,46,57,79,54,53,46,52,79,83,79
[ 28.566077] wil6210-aoa$0,1606461628.186967,04:d6:aa:c1:38:97,2,1,1,0,128,348,929,793,777,936,993,416,422,142,364,14,182,804,46,161,541,903,950,376,926,712,36,771,20,203,350,134,237,340,36,763,511,67,117,103,110,88,100,68,65,98,93,84,54,65,61,111,69,102,81,71,74,45,67,51,63,90,62,60,53,60,90,96,91
[ 28.593700] wil6210-aoa$0,1606461628.214585,04:d6:aa:c1:38:97,2,1,1,0,128,802,750,296,574,347,765,963,247,650,187,53,212,828,31,179,550,949,971,361,912,696,1009,698,1021,210,385,120,220,319,8,117,944,62,106,98,103,82,91,63,62,88,86,79,51,61,58,103,64,91,73,64,66,41,57,47,56,82,53,52,45,52,81,81,78
[ 28.623757] wil6210-aoa$0,1606461628.244648,04:d6:aa:c1:38:97,2,1,1,0,128,740,768,207,601,372,806,994,307,133,372,596,71,286,912,753,428,881,922,827,694,166,852,168,812,676,149,570,11,884,882,729,436,62,118,107,113,83,93,62,65,93,86,80,50,60,57,102,64,92,76,67,64,40,57,50,56,82,54,52,44,52,83,84,76
[ 28.650239] wil6210-aoa$0,1606461628.271126,04:d6:aa:c1:38:97,2,1,1,0,128,314,985,801,809,942,3,381,374,149,386,107,222,840,71,235,607,918,985,399,949,769,58,722,16,660,129,145,242,344,2,780,524,65,117,107,114,85,99,66,66,94,89,84,57,66,62,109,71,97,77,71,73,45,65,53,65,90,60,58,53,60,91,94,91
[ 28.680952] wil6210-aoa$0,1606461628.301840,04:d6:aa:c1:38:97,2,1,1,0,128,309,905,807,804,914,1009,377,405,154,357,84,208,808,21,213,600,837,930,814,716,702,5,776,9,155,349,570,33,371,63,782,584,59,111,100,105,81,91,62,62,90,83,74,50,60,57,101,63,93,74,65,69,40,59,46,55,81,53,53,47,52,80,82,79
[ 28.704998] wil6210-aoa$0,1606461628.325889,04:d6:aa:c1:38:97,2,1,1,0,128,843,769,778,758,921,966,862,169,648,163,555,34,292,876,184,577,922,1010,350,944,721,46,616,982,668,177,579,31,419,84,95,898,65,117,106,111,85,97,64,65,95,89,83,53,61,61,105,65,95,78,70,70,42,62,48,57,83,56,52,46,54,81,85,79
[ 28.732941] wil6210-aoa$0,1606461628.353829,04:d6:aa:c1:38:97,2,1,1,0,128,263,951,776,759,909,970,463,451,74,344,43,209,784,43,112,545,872,918,807,720,154,850,741,47,220,361,97,176,352,1023,841,679,65,116,106,110,83,96,67,66,97,90,80,55,63,59,108,69,100,78,69,71,42,64,50,60,89,60,55,50,58,88,93,88
[ 28.763839] wil6210-aoa$0,1606461628.384725,04:d6:aa:c1:38:97,2,1,1,0,128,305,956,814,793,915,980,396,400,138,366,85,216,859,72,236,591,850,910,876,710,769,64,765,35,236,381,163,287,427,98,20,699,62,115,105,111,82,96,64,64,96,91,80,51,59,59,107,66,94,77,66,70,42,59,47,58,83,53,52,46,52,80,83,77
[ 28.794993] wil6210-aoa$0,1606461628.415880,04:d6:aa:c1:38:97,2,1,1,0,128,805,768,216,587,916,984,869,210,635,161,76,232,835,31,215,589,884,934,799,697,798,52,745,4,253,379,618,38,810,862,806,629,64,112,103,110,83,95,64,64,94,86,81,53,63,60,107,67,96,77,66,70,45,60,49,61,85,57,54,49,56,83,89,83
[ 28.821496] wil6210-aoa$0,1606461628.442387,04:d6:aa:c1:38:97,2,1,1,0,128,294,926,800,795,903,1003,875,227,136,370,21,177,844,46,219,609,927,962,395,915,760,49,718,38,260,408,90,231,304,6,284,984,61,112,104,111,82,96,63,61,92,87,78,53,60,57,105,67,95,76,66,68,41,61,48,58,82,56,54,47,54,84,84,80
[ 28.850678] wil6210-aoa$0,1606461628.471567,04:d6:aa:c1:38:97,2,1,1,0,128,362,958,785,762,907,993,425,402,692,233,974,171,220,848,182,599,893,961,349,911,714,62,737,51,237,387,126,275,315,19,15,817,64,112,105,110,83,95,66,63,96,88,80,56,63,62,108,67,97,77,68,70,42,65,51,61,87,60,58,50,59,87,94,88
[ 28.874911] wil6210-aoa$0,1606461628.495802,04:d6:aa:c1:38:97,2,1,1,0,128,263,957,788,794,862,989,353,383,178,367,71,231,821,80,246,629,870,936,799,692,134,848,189,863,720,174,581,29,370,9,41,819,63,115,102,108,83,93,62,63,95,86,78,49,61,58,104,64,91,75,69,66,41,59,48,55,82,53,52,45,51,80,84,78
[ 28.904311] wil6210-aoa$0,1606461628.525198,04:d6:aa:c1:38:97,2,1,1,0,128,311,959,178,585,948,1014,842,181,208,420,58,188,802,20,148,584,282,751,827,719,210,888,160,845,712,168,166,267,412,65,892,599,64,115,102,110,82,95,61,62,94,89,80,53,63,61,102,67,94,77,69,70,43,61,49,58,82,58,53,46,54,85,89,80
[ 28.934144] wil6210-aoa$0,1606461628.555036,04:d6:aa:c1:38:97,2,1,1,0,128,762,697,190,529,398,759,918,190,638,171,511,999,312,899,193,593,927,974,362,876,770,48,636,985,223,397,553,45,405,37,605,448,65,112,102,108,81,93,65,62,93,89,80,54,63,58,109,67,98,76,67,69,44,63,51,60,86,59,58,50,59,89,90,87
[ 28.958367] wil6210-aoa$0,1606461628.579258,04:d6:aa:c1:38:97,2,1,1,0,128,235,930,202,582,907,965,869,218,164,376,1016,175,773,2,685,427,938,955,793,645,132,797,148,842,202,321,98,225,826,867,206,16,49,87,82,84,62,74,51,50,74,70,64,42,50,48,85,52,75,61,53,53,34,47,40,48,67,45,44,37,44,67,69,65
[ 28.989756] wil6210-aoa$0,1606461628.610643,04:d6:aa:c1:38:97,2,1,1,0,128,278,923,227,561,976,994,417,418,167,385,54,189,844,43,262,619,971,983,379,894,728,26,749,1012,228,335,118,208,776,849,205,5,61,114,102,107,81,94,61,62,94,84,79,49,60,57,101,64,89,74,65,64,39,56,46,54,79,50,51,44,49,79,82,76
[ 29.021255] wil6210-aoa$0,1606461628.642141,04:d6:aa:c1:38:97,2,1,1,0,128,284,926,743,777,887,999,417,413,215,395,49,199,874,88,181,564,926,938,339,908,726,996,706,994,232,337,571,47,296,1008,859,651,61,113,101,105,83,96,63,64,95,89,81,53,61,57,109,66,94,75,67,70,41,63,50,60,84,56,58,51,58,86,91,85
[ 29.053086] wil6210-aoa$0,1606461628.673974,04:d6:aa:c1:38:97,2,1,1,0,128,339,955,785,731,970,1009,478,496,193,422,63,178,834,31,185,544,913,962,308,854,114,834,155,817,203,371,187,276,400,47,785,515,60,115,104,111,78,90,63,63,90,82,77,47,56,56,100,61,89,72,63,64,37,55,43,54,79,47,48,41,48,74,73,69
[ 29.077822] wil6210-aoa$0,1606461628.698716,04:d6:aa:c1:38:97,2,1,1,0,128,282,931,819,823,903,982,863,195,625,163,524,27,791,32,237,617,884,947,440,931,680,984,755,33,209,365,117,217,392,43,716,497,59,116,106,113,80,92,63,64,91,89,79,50,59,59,102,62,93,74,65,66,41,56,44,55,78,48,49,43,51,76,78,72
[ 29.105716] wil6210-aoa$0,1606461628.726603,04:d6:aa:c1:38:97,2,1,1,0,128,360,973,829,771,998,37,303,352,158,376,9,167,203,846,696,443,945,1019,382,913,758,98,699,5,187,359,94,222,400,55,256,995,66,113,103,112,85,96,67,66,95,91,82,55,65,61,109,66,98,79,70,72,43,63,51,63,89,60,57,50,60,89,90,87
[ 29.136685] wil6210-aoa$0,1606461628.757571,04:d6:aa:c1:38:97,2,1,1,0,128,234,931,773,800,400,841,400,406,202,417,44,218,823,60,185,613,308,789,352,923,148,864,744,46,208,399,155,258,348,38,185,1004,56,106,96,102,75,85,59,58,85,83,73,46,57,55,98,60,85,72,63,63,37,54,43,54,77,49,47,43,47,74,75,68
[ 29.166187] wil6210-aoa$0,1606461628.787077,04:d6:aa:c1:38:97,2,1,1,0,128,813,778,802,783,908,989,455,430,184,373,93,247,810,53,142,559,969,1003,431,953,709,13,704,2,179,355,584,45,354,32,47,811,61,111,101,109,78,95,63,62,93,87,79,51,60,58,104,64,93,77,66,67,41,59,46,56,81,53,51,44,53,80,80,77
[ 29.194366] wil6210-aoa$0,1606461628.815255,04:d6:aa:c1:38:97,2,1,1,0,128,262,927,250,575,388,842,426,416,149,340,555,26,258,867,702,344,380,784,867,723,800,49,723,7,253,362,92,212,832,831,609,464,61,111,103,107,81,92,64,63,92,87,81,51,61,59,105,65,93,75,68,68,41,60,47,57,84,53,53,45,54,81,85,76
[ 29.224304] wil6210-aoa$0,1606461628.845195,04:d6:aa:c1:38:97,2,1,1,0,128,270,905,783,777,935,1016,449,429,85,324,95,199,869,84,200,607,927,946,354,897,696,30,743,18,202,396,111,253,294,11,201,938,59,113,103,108,81,94,65,62,92,87,78,52,60,57,105,67,93,76,65,68,41,59,47,58,82,54,55,49,55,84,87,84
[ 29.248849] wil6210-aoa$0,1606461628.869741,04:d6:aa:c1:38:97,2,1,1,0,128,291,945,767,823,867,938,389,396,172,366,44,224,834,85,237,578,966,950,416,896,814,77,676,1015,253,361,98,223,413,45,317,128,62,112,103,108,81,94,62,62,93,89,80,52,61,59,107,66,96,75,66,68,42,62,48,57,84,55,53,47,54,85,86,79
[ 29.279733] wil6210-aoa$0,1606461628.900620,04:d6:aa:c1:38:97,2,1,1,0,128,728,730,215,540,365,799,878,207,177,407,18,202,783,44,619,353,384,782,809,717,227,906,713,1021,187,348,559,19,819,872,624,463,59,112,102,109,81,93,63,61,91,87,78,51,60,57,102,66,94,74,64,67,42,58,46,55,82,51,50,43,51,79,80,75
[ 29.304568] wil6210-aoa$0,1606461628.925459,04:d6:aa:c1:38:97,2,1,1,0,128,306,935,763,790,966,4,390,414,139,331,104,235,815,51,185,623,278,709,894,735,174,890,190,870,741,206,592,1,839,823,531,296,60,110,101,106,78,92,61,60,90,87,79,50,59,57,102,62,91,75,66,66,39,58,44,51,77,50,49,42,50,76,76,72
[ 29.332801] wil6210-aoa$0,1606461628.953688,04:d6:aa:c1:38:97,2,1,1,0,128,266,866,801,794,972,1009,406,393,206,413,74,207,821,46,133,570,934,1010,366,931,739,60,699,30,241,408,122,279,372,20,428,173,57,106,93,102,76,85,56,57,84,79,70,44,52,52,92,58,83,68,59,61,35,52,42,50,73,47,48,41,44,70,71,67
[ 29.364683] wil6210-aoa$0,1606461628.985572,04:d6:aa:c1:38:97,2,1,1,0,128,288,968,733,753,928,1017,333,347,583,142,463,1003,300,860,736,445,910,966,369,889,712,1010,719,1006,245,393,588,27,857,894,839,638,61,111,102,107,78,91,60,63,91,85,78,50,60,58,104,64,93,75,67,66,41,59,47,55,82,52,50,44,55,79,79,76
[ 29.395189] wil6210-aoa$0,1606461629.016080,04:d6:aa:c1:38:97,2,1,1,0,128,301,974,824,820,945,28,422,432,193,402,463,962,337,907,690,413,946,991,360,889,711,15,141,856,755,219,113,207,434,60,892,633,58,104,95,100,76,88,59,59,86,83,76,50,58,54,98,62,86,72,64,65,39,58,47,56,80,54,51,46,51,79,83,76
[ 29.423408] wil6210-aoa$0,1606461629.044295,04:d6:aa:c1:38:97,2,1,1,0,128,714,686,230,576,415,834,411,400,168,402,93,199,759,1016,700,366,307,678,827,664,191,860,754,37,191,353,103,193,384,88,459,170,60,110,99,105,78,88,63,62,92,85,78,50,60,57,103,62,93,71,65,68,40,58,46,55,81,53,52,44,51,82,83,77
[ 29.455091] wil6210-aoa$0,1606461629.075979,04:d6:aa:c1:38:97,2,1,1,0,128,210,894,860,797,923,1001,439,446,192,387,61,219,845,55,241,598,842,929,417,967,749,75,723,16,146,323,128,226,305,1,677,508,63,115,105,109,82,95,64,63,92,88,81,53,64,60,108,66,96,77,68,70,43,62,49,61,85,58,54,49,54,85,87,82
[ 29.487283] wil6210-aoa$0,1606461629.108170,04:d6:aa:c1:38:97,2,1,1,0,128,784,726,803,789,945,1011,380,392,190,410,48,218,734,0,147,528,918,985,331,862,712,1023,183,854,240,376,108,211,343,8,134,941,58,114,108,111,81,91,61,64,90,86,77,47,56,56,103,63,89,75,64,66,38,54,43,52,75,47,47,40,44,71,67,60
[ 29.517578] wil6210-aoa$0,1606461629.138469,04:d6:aa:c1:38:97,2,1,1,0,128,236,916,782,799,919,1001,891,211,618,183,565,30,829,67,669,384,949,978,402,906,692,15,708,1014,659,168,556,1016,864,886,682,458,64,115,104,112,84,97,63,66,94,89,80,55,64,60,108,68,96,77,70,71,42,58,50,61,86,56,56,49,52,83,87,80
[ 29.546726] wil6210-aoa$0,1606461629.167613,04:d6:aa:c1:38:97,2,1,1,0,128,324,958,842,806,971,13,457,413,104,315,53,170,298,876,247,627,912,942,383,927,712,8,763,32,207,365,530,12,401,48,839,532,57,107,95,103,77,88,59,60,89,84,73,47,57,56,97,61,87,70,63,64,38,56,46,55,77,51,50,44,50,75,79,73
[ 29.577266] wil6210-aoa$0,1606461629.198160,04:d6:aa:c1:38:97,2,1,1,0,128,798,740,845,821,937,988,416,388,178,389,13,158,858,74,250,610,856,959,804,704,739,47,717,6,210,385,103,214,360,63,428,229,54,107,98,101,77,86,56,59,84,79,73,43,55,53,94,58,84,70,59,61,36,51,43,49,75,45,45,39,45,71,70,64
[ 29.604634] wil6210-aoa$0,1606461629.225521,04:d6:aa:c1:38:97,2,1,1,0,128,319,938,723,761,936,1019,817,195,658,199,448,1008,284,897,693,376,889,946,839,704,749,18,703,1017,225,362,595,38,355,20,654,409,60,110,100,107,78,90,63,62,91,84,77,50,60,57,104,65,91,75,65,67,40,58,45,56,82,53,51,47,56,82,81,77
[ 29.637092] wil6210-aoa$0,1606461629.257979,04:d6:aa:c1:38:97,2,1,1,0,128,261,932,782,775,989,42,366,360,177,397,72,183,864,74,160,584,902,901,854,719,175,881,713,1019,226,342,83,238,327,983,877,589,62,107,103,107,82,95,63,62,92,88,79,52,63,58,108,67,93,75,66,68,43,63,51,62,86,60,57,52,57,85,92,88
[ 29.669193] wil6210-aoa$0,1606461629.290080,04:d6:aa:c1:38:97,2,1,1,0,128,239,883,860,803,946,1015,385,385,603,117,569,31,870,77,206,599,906,963,349,899,185,857,248,871,172,330,92,165,381,22,592,349,56,107,95,101,75,86,59,58,84,81,73,47,58,55,98,60,90,70,64,65,39,56,45,54,78,52,51,45,51,80,83,78
[ 29.701439] wil6210-aoa$0,1606461629.322325,04:d6:aa:c1:38:97,2,1,1,0,128,288,926,774,775,927,984,473,458,194,439,106,243,803,50,162,591,923,949,405,928,733,1017,721,1005,286,383,85,211,381,23,23,774,62,115,100,108,81,94,62,59,92,88,79,50,61,59,100,65,91,75,67,66,42,59,49,57,80,53,51,46,53,80,85,82
[ 29.730610] wil6210-aoa$0,1606461629.351501,04:d6:aa:c1:38:97,2,1,1,0,128,814,783,782,763,362,793,889,188,663,202,48,212,868,75,176,578,894,995,338,898,716,1,729,1019,702,194,159,283,321,8,805,601,58,107,95,102,75,85,58,56,86,80,74,47,56,54,95,60,86,68,62,61,38,52,43,51,73,47,48,42,48,73,75,69
[ 29.759998] wil6210-aoa$0,1606461629.380884,04:d6:aa:c1:38:97,2,1,1,0,128,264,926,823,816,846,980,930,257,663,220,53,205,873,64,197,576,939,966,400,955,733,75,781,103,210,407,77,192,417,82,917,588,59,110,100,105,81,92,62,63,90,87,78,50,60,57,102,65,91,74,64,66,39,58,45,54,80,52,50,45,52,79,78,75
[ 29.785212] wil6210-aoa$0,1606461629.406103,04:d6:aa:c1:38:97,2,1,1,0,128,305,921,799,821,983,1009,417,412,214,378,104,233,858,55,241,610,878,929,335,864,781,56,704,4,192,350,128,227,412,102,46,906,57,105,95,99,74,85,55,57,85,80,74,46,58,53,96,58,85,69,62,62,37,53,43,53,75,49,48,43,47,73,76,74
[ 29.812488] wil6210-aoa$0,1606461629.433375,04:d6:aa:c1:38:97,2,1,1,0,128,781,733,222,591,950,4,439,434,149,377,88,247,908,133,169,565,960,1016,370,938,714,46,147,827,238,364,553,46,800,879,261,82,55,104,96,101,78,87,58,60,83,82,74,47,57,56,99,62,86,70,62,64,38,54,45,53,79,53,49,44,49,77,80,72
[ 29.840626] wil6210-aoa$0,1606461629.461517,04:d6:aa:c1:38:97,2,1,1,0,128,245,880,215,536,408,838,898,154,664,181,552,21,835,51,96,521,851,913,352,881,702,1017,705,0,690,202,594,75,838,880,621,403,55,107,97,100,76,87,56,58,87,81,70,45,55,54,92,56,86,69,60,61,37,53,41,50,74,47,45,40,45,74,72,67
[ 29.871281] wil6210-aoa$0,1606461629.492167,04:d6:aa:c1:38:97,2,1,1,0,128,321,990,791,807,985,982,451,426,186,419,1021,175,803,40,199,580,921,948,404,889,704,1009,716,1021,214,373,99,198,347,31,661,392,63,112,103,109,83,94,62,62,95,89,80,52,61,57,104,64,97,75,68,67,43,59,47,56,80,56,52,45,52,82,83,77
[ 29.900601] wil6210-aoa$0,1606461629.521492,04:d6:aa:c1:38:97,2,1,1,0,128,327,946,774,794,934,4,376,423,198,371,51,179,831,39,208,574,921,936,374,894,787,79,711,1021,733,216,182,303,343,38,834,478,63,115,105,111,84,98,65,65,96,93,81,55,66,61,110,67,98,76,70,71,44,64,51,61,87,58,57,49,59,87,94,87
[ 29.931778] wil6210-aoa$0,1606461629.552667,04:d6:aa:c1:38:97,2,1,1,0,128,733,752,251,576,367,808,923,206,647,180,43,185,852,35,183,582,881,917,322,883,748,19,708,1022,186,324,134,230,382,78,611,402,62,116,105,115,84,94,63,63,95,89,80,51,64,61,107,64,94,78,70,69,42,62,49,59,82,55,54,47,53,83,84,83
[ 29.961307] wil6210-aoa$0,1606461629.582198,04:d6:aa:c1:38:97,2,1,1,0,128,766,782,767,802,931,1006,428,401,161,365,87,217,855,89,222,587,920,969,378,913,728,46,719,30,236,387,108,219,374,82,796,606,62,114,103,109,82,93,63,64,93,87,79,51,62,59,107,66,96,76,65,68,42,59,48,58,84,56,54,47,55,85,87,81
[ 29.986562] wil6210-aoa$0,1606461629.607452,04:d6:aa:c1:38:97,2,1,1,0,128,245,878,763,706,917,1005,413,417,671,178,145,228,813,40,207,630,890,950,432,984,736,53,725,5,698,213,558,4,863,920,409,159,63,113,103,106,82,93,62,62,93,87,77,55,63,60,108,68,96,76,68,69,42,62,50,60,86,58,58,51,58,88,92,87
[ 30.012942] wil6210-aoa$0,1606461629.633831,04:d6:aa:c1:38:97,2,1,1,0,128,332,932,805,818,882,1007,440,391,127,335,72,218,787,32,130,505,902,926,875,719,730,8,205,869,247,394,111,230,363,30,597,241,49,88,79,85,65,74,50,51,73,69,62,40,49,48,85,53,75,60,53,55,33,48,39,46,66,43,42,37,41,63,64,62
[ 30.045843] wil6210-aoa$0,1606461629.666731,04:d6:aa:c1:38:97,2,1,1,0,128,258,931,666,714,913,1001,385,384,119,324,36,170,825,1,674,366,373,758,882,675,236,893,697,26,194,361,79,215,333,2,303,74,56,105,97,101,77,86,58,60,86,81,75,46,57,53,94,58,88,70,61,62,38,52,42,51,76,49,45,41,48,74,70,70
[ 30.072189] wil6210-aoa$0,1606461629.693081,04:d6:aa:c1:38:97,2,1,1,0,128,283,911,796,798,954,1002,465,429,177,382,32,149,787,29,185,551,952,983,380,913,733,62,720,1022,195,352,94,207,371,88,863,541,61,113,98,107,79,92,59,61,92,87,77,50,60,57,101,64,92,74,65,66,41,58,45,57,82,55,52,46,54,80,83,80
[ 30.097463] wil6210-aoa$0,1606461629.718354,04:d6:aa:c1:38:97,2,1,1,0,128,375,999,803,811,1013,30,371,383,183,346,140,236,845,19,228,577,911,945,431,931,689,46,725,6,248,365,95,224,367,44,455,183,59,110,99,107,77,89,59,61,87,85,76,44,57,53,97,60,89,70,63,65,40,54,45,53,78,49,49,42,49,76,78,71
[ 30.124961] wil6210-aoa$0,1606461629.745847,04:d6:aa:c1:38:97,2,1,1,0,128,770,723,758,719,368,815,838,137,649,175,38,165,810,47,202,560,873,983,344,914,182,871,677,13,228,392,116,230,399,85,755,512,57,105,95,99,74,85,57,60,87,80,75,45,56,54,93,58,85,70,60,61,37,56,42,51,74,50,47,40,48,71,74,71
[ 30.157451] wil6210-aoa$0,1606461629.778338,04:d6:aa:c1:38:97,2,1,1,0,128,318,957,810,828,942,986,376,367,661,172,587,43,299,919,226,584,912,964,392,907,754,62,729,35,200,387,167,281,337,73,594,318,55,105,94,99,76,84,57,59,84,76,74,48,56,53,95,60,88,69,59,62,37,54,43,50,76,49,47,41,49,73,75,71
[ 30.189499] wil6210-aoa$0,1606461629.810362,04:d6:aa:c1:38:97,2,1,1,0,128,261,931,812,769,925,977,972,247,237,411,31,199,846,49,179,554,900,928,405,901,667,992,770,23,222,372,155,229,313,996,359,38,54,105,95,103,73,86,57,58,86,80,72,46,54,52,95,59,84,68,60,61,38,54,42,51,74,48,46,41,47,72,74,70
[ 30.224203] wil6210-aoa$0,1606461629.845094,04:d6:aa:c1:38:97,2,1,1,0,128,298,957,802,818,945,994,428,389,177,319,44,233,797,16,238,618,928,976,424,948,740,23,742,16,220,361,186,270,422,78,505,113,63,109,102,104,82,93,63,61,92,86,79,53,62,57,105,64,95,75,65,68,42,61,48,57,82,57,55,49,55,84,85,82
[ 30.253308] wil6210-aoa$0,1606461629.874195,04:d6:aa:c1:38:97,2,1,1,0,128,321,936,803,760,907,948,898,217,178,348,500,995,830,45,194,557,842,930,310,881,711,5,143,816,707,189,508,2,861,873,161,14,61,113,102,110,79,92,62,63,91,86,76,49,57,57,101,62,91,74,66,66,40,55,45,53,81,51,50,43,49,78,79,72
[ 30.286121] wil6210-aoa$0,1606461629.907014,04:d6:aa:c1:38:97,2,1,1,0,128,299,945,759,762,915,979,421,374,154,372,99,269,841,66,163,577,922,958,361,892,673,1,734,36,167,370,96,258,351,54,916,644,63,113,104,108,84,96,65,65,92,89,82,51,62,61,107,67,97,79,68,69,42,62,49,59,84,57,54,48,56,84,85,81
[ 30.313236] wil6210-aoa$0,1606461629.934122,04:d6:aa:c1:38:97,2,1,1,0,128,270,938,806,793,916,1007,414,407,184,386,71,227,880,92,130,535,927,973,341,918,203,887,702,1006,168,312,130,245,360,46,253,935,61,106,98,104,79,90,60,61,89,83,78,53,62,58,102,62,91,73,65,68,42,61,48,57,82,57,55,48,57,83,90,84
[ 30.348321] wil6210-aoa$0,1606461629.969208,04:d6:aa:c1:38:97,2,1,1,2,128,270,938,806,793,916,1007,414,407,184,386,71,227,880,92,130,535,927,973,341,918,203,887,702,1006,168,312,130,245,360,46,253,935,63,113,104,108,84,96,65,65,92,89,82,51,62,61,107,67,97,79,68,69,42,62,49,59,84,57,54,48,56,84,85,81
[ 30.381512] wil6210-aoa$0,1606461630.002397,04:d6:aa:c1:38:97,2,1,1,0,128,736,700,222,574,874,932,809,103,643,157,569,28,259,872,627,377,313,728,876,722,770,58,706,5,216,370,71,199,789,849,494,345,55,101,92,96,74,84,56,58,83,78,72,47,54,54,95,57,86,68,61,62,38,54,44,53,78,51,49,43,49,76,78,75
[ 30.414216] wil6210-aoa$0,1606461630.035106,04:d6:aa:c1:38:97,2,1,1,0,128,268,955,783,804,947,1020,378,406,199,365,58,220,812,8,652,386,350,764,823,671,198,870,234,876,698,174,129,274,282,1001,728,472,58,104,95,100,75,86,59,58,87,82,73,48,58,55,99,60,89,70,62,63,38,57,47,56,78,52,50,44,50,74,79,74
[ 30.441495] wil6210-aoa$0,1606461630.062381,04:d6:aa:c1:38:97,2,1,1,0,128,214,841,270,566,398,817,855,202,174,400,52,225,209,860,218,581,877,935,843,729,175,849,157,800,676,156,615,48,383,70,400,148,61,110,101,104,78,89,62,60,90,86,77,51,62,57,100,64,93,72,65,67,41,59,46,57,82,52,50,46,54,80,83,78
[ 30.475065] wil6210-aoa$0,1606461630.095952,04:d6:aa:c1:38:97,2,1,1,0,128,240,880,840,817,937,1014,421,434,127,337,74,187,825,31,672,406,845,907,397,915,759,55,769,44,231,377,134,262,358,7,888,647,56,103,96,99,75,89,58,59,86,81,73,48,57,53,97,62,88,71,60,65,40,57,46,55,81,54,51,45,53,80,81,77
[ 30.505828] wil6210-aoa$0,1606461630.126722,04:d6:aa:c1:38:97,2,1,1,0,128,244,929,728,786,925,1005,413,458,141,351,56,171,816,47,258,595,928,981,387,945,742,77,718,2,699,187,140,241,331,18,850,588,57,104,95,100,76,88,58,59,87,83,72,49,58,55,100,62,89,72,62,65,39,56,46,57,80,54,52,46,54,80,82,77
[ 30.535362] wil6210-aoa$0,1606461630.156249,04:d6:aa:c1:38:97,2,1,1,0,128,241,908,765,787,942,1012,426,438,173,382,66,200,818,20,152,513,851,929,918,733,750,49,661,999,713,205,569,16,388,42,861,527,59,110,102,105,77,88,58,60,87,82,75,48,58,55,99,61,89,72,63,65,38,55,43,51,78,48,46,42,46,72,74,68
[ 30.567268] wil6210-aoa$0,1606461630.188162,04:d6:aa:c1:38:97,2,1,1,0,128,346,953,726,748,353,763,893,190,629,172,70,192,837,77,218,593,962,1007,424,930,740,32,688,980,210,354,151,223,350,1,526,382,59,103,95,100,76,87,56,56,85,76,71,45,55,52,93,59,82,68,59,60,37,52,42,50,74,49,45,40,47,71,72,68
[ 30.596177] wil6210-aoa$0,1606461630.217064,04:d6:aa:c1:38:97,2,1,1,0,128,753,696,772,712,982,4,446,406,179,393,112,221,333,906,261,585,854,928,355,826,205,837,725,1021,268,408,125,245,381,39,589,327,61,110,101,106,82,93,65,62,90,85,78,52,60,57,105,67,95,73,64,67,41,60,48,56,85,56,55,48,56,84,90,82
[ 30.622521] wil6210-aoa$0,1606461630.243411,04:d6:aa:c1:38:97,2,1,1,0,128,261,931,774,777,947,1012,431,397,246,421,36,179,866,79,178,560,886,951,773,653,215,863,732,6,316,401,93,209,356,6,408,78,59,108,101,109,77,90,62,60,89,84,76,47,61,57,100,63,91,74,62,63,39,55,43,54,78,50,48,42,50,78,75,70
[ 30.648473] wil6210-aoa$0,1606461630.269366,04:d6:aa:c1:38:97,2,1,1,0,128,778,748,830,830,414,838,385,433,83,351,3,168,313,886,224,645,898,955,408,930,741,70,725,48,200,368,165,250,316,18,820,570,58,101,96,98,76,87,57,59,85,81,74,49,58,55,98,62,87,71,62,64,39,58,47,56,80,54,50,45,53,81,83,76
[ 30.677392] wil6210-aoa$0,1606461630.298280,04:d6:aa:c1:38:97,2,1,1,0,128,298,916,815,798,973,998,408,415,607,191,1011,153,806,20,153,520,898,966,334,862,695,1009,702,982,198,359,130,249,307,3,724,507,58,106,94,101,76,87,60,60,88,83,74,50,57,56,99,62,90,71,63,66,39,57,45,55,79,54,50,46,51,78,84,77
[ 30.703956] wil6210-aoa$0,1606461630.324848,04:d6:aa:c1:38:97,2,1,1,0,128,309,947,778,790,928,994,851,192,162,361,27,170,259,855,201,585,938,948,828,690,197,852,732,10,676,147,159,234,333,2,409,208,60,114,101,109,80,93,62,62,92,87,76,47,60,57,102,63,93,75,65,67,40,57,45,54,81,51,50,44,51,79,82,74
[ 30.731561] wil6210-aoa$0,1606461630.352450,04:d6:aa:c1:38:97,2,1,1,0,128,281,901,747,757,338,773,906,192,632,157,557,21,230,831,696,417,968,1004,276,855,708,1002,706,11,679,164,566,39,821,875,458,258,63,114,105,109,84,97,66,63,95,90,81,57,62,62,110,67,98,76,68,72,45,65,51,62,87,60,57,52,59,89,93,88
[ 30.765284] wil6210-aoa$0,1606461630.386171,04:d6:aa:c1:38:97,2,1,1,0,128,311,968,776,794,968,8,415,415,174,338,55,172,858,86,179,565,839,922,376,914,693,1007,175,851,622,140,541,7,406,54,546,326,63,112,101,105,82,94,64,63,94,87,80,52,62,59,107,66,94,76,69,70,43,62,48,59,84,53,54,47,55,88,87,81
[ 30.796822] wil6210-aoa$0,1606461630.417715,04:d6:aa:c1:38:97,2,1,1,0,128,280,906,865,827,943,1018,396,383,147,367,92,240,747,1003,672,353,919,967,406,915,136,851,773,37,717,213,118,249,398,72,390,124,61,113,102,106,82,92,60,61,93,86,77,49,61,57,106,65,93,76,66,69,39,59,48,57,81,52,50,46,50,79,81,76
[ 30.826722] wil6210-aoa$0,1606461630.447608,04:d6:aa:c1:38:97,2,1,1,0,128,770,709,281,587,414,828,851,194,189,406,1004,124,844,53,202,573,893,936,769,652,215,856,148,813,237,351,121,222,360,10,346,143,61,111,100,104,80,91,62,62,90,87,77,51,58,56,102,63,92,73,64,68,40,56,47,55,81,51,51,45,55,79,82,77
[ 30.861097] wil6210-aoa$0,1606461630.481984,04:d6:aa:c1:38:97,2,1,1,0,128,735,721,228,586,392,831,916,220,655,190,98,195,231,856,704,408,874,914,394,895,715,23,696,1001,694,151,523,1002,849,854,227,59,57,106,94,98,74,85,56,58,85,80,70,43,55,53,94,58,84,67,62,61,37,53,43,50,75,47,46,40,47,72,73,69
[ 30.895082] wil6210-aoa$0,1606461630.515972,04:d6:aa:c1:38:97,2,1,1,0,128,314,939,774,753,975,1018,447,424,659,175,542,15,803,25,639,376,400,797,853,732,746,26,706,12,677,189,586,13,332,4,607,360,61,112,100,107,81,91,60,63,92,85,78,49,61,58,104,64,92,75,67,67,41,58,48,59,84,54,55,48,55,84,86,80
[ 30.922299] wil6210-aoa$0,1606461630.543185,04:d6:aa:c1:38:97,2,1,1,0,128,798,760,756,739,982,2,405,390,224,404,88,242,862,92,153,611,908,963,351,871,742,5,697,1011,688,136,583,58,357,43,608,430,53,105,94,100,74,85,57,59,84,79,73,43,53,51,93,57,83,71,58,61,35,50,39,47,72,47,44,39,44,70,69,66
[ 30.951008] wil6210-aoa$0,1606461630.571900,04:d6:aa:c1:38:97,2,1,1,0,128,332,931,807,745,396,836,458,444,141,329,77,232,836,33,188,591,907,946,365,908,817,35,714,29,166,347,121,214,399,79,491,169,56,106,93,99,73,85,56,59,81,78,72,47,55,51,93,58,84,70,60,62,36,53,41,51,76,49,47,41,48,75,77,70
[ 30.982359] wil6210-aoa$0,1606461630.603250,04:d6:aa:c1:38:97,2,1,1,0,128,217,860,783,767,891,969,340,336,194,382,43,187,254,875,655,386,328,752,869,751,141,863,124,819,696,151,168,264,398,66,535,249,56,102,94,98,75,86,56,59,85,77,72,47,53,53,94,58,84,68,61,62,39,53,44,54,77,50,48,44,49,74,77,70
[ 31.008641] wil6210-aoa$0,1606461630.629535,04:d6:aa:c1:38:97,2,1,1,0,128,290,949,768,810,952,1017,384,366,186,395,80,255,844,56,254,605,873,919,353,924,98,808,770,41,237,355,97,203,415,91,141,875,59,103,92,100,76,89,60,57,86,84,75,49,58,57,99,62,88,71,63,62,41,59,47,57,78,54,53,48,54,81,87,82
[ 31.047701] wil6210-aoa$0,1606461630.668594,04:d6:aa:c1:38:97,2,1,1,0,128,233,894,838,829,946,986,437,410,131,337,30,192,867,80,133,558,365,801,844,745,162,852,196,853,650,189,571,21,881,918,204,977,60,109,100,102,80,92,62,59,93,85,78,53,61,59,104,65,92,74,65,67,42,61,48,57,82,56,53,48,56,84,88,83
[ 31.079137] wil6210-aoa$0,1606461630.700030,04:d6:aa:c1:38:97,2,1,1,0,128,774,733,767,731,333,743,906,188,597,125,509,1018,273,900,149,521,846,900,802,673,718,15,714,23,236,393,116,233,387,73,380,213,62,112,105,110,81,93,63,63,90,85,77,52,60,57,104,65,93,75,66,66,42,61,47,58,82,53,53,46,53,80,83,78
[ 31.105486] wil6210-aoa$0,1606461630.726379,04:d6:aa:c1:38:97,2,1,1,0,128,295,905,745,753,949,982,411,368,149,331,68,208,849,72,238,580,881,949,390,913,699,0,755,51,187,360,141,287,311,2,558,365,50,88,82,86,66,75,51,50,75,71,63,42,48,46,85,53,76,61,54,55,33,49,38,46,66,45,44,39,44,66,67,65
[ 31.134392] wil6210-aoa$0,1606461630.755278,04:d6:aa:c1:38:97,2,1,1,0,128,780,732,757,721,917,999,407,389,201,401,19,197,185,781,717,417,903,966,344,871,182,814,723,16,665,180,628,66,824,856,776,573,62,112,102,110,82,94,64,61,93,89,80,50,62,57,106,65,94,77,66,70,42,62,49,60,86,58,52,49,57,87,89,82
[ 31.171053] wil6210-aoa$0,1606461630.791946,04:d6:aa:c1:38:97,2,1,1,0,128,347,967,776,742,944,967,404,422,83,313,31,161,248,879,175,514,334,711,410,897,770,64,679,1012,260,382,520,34,374,22,111,960,63,113,103,109,81,94,63,64,91,89,80,52,61,58,109,66,95,76,67,71,43,60,49,59,84,56,53,48,56,84,85,82
[ 31.202331] wil6210-aoa$0,1606461630.823218,04:d6:aa:c1:38:97,2,1,1,0,128,792,717,184,526,388,769,884,151,700,200,499,1003,290,880,121,498,843,911,743,668,108,814,139,838,604,121,552,32,814,858,173,102,61,109,100,106,80,93,64,62,89,86,79,52,62,57,105,65,95,74,67,68,42,61,51,61,84,58,55,49,55,86,92,86
[ 31.233691] wil6210-aoa$0,1606461630.854583,04:d6:aa:c1:38:97,2,1,1,0,128,292,921,786,759,894,955,408,412,118,349,485,968,864,49,226,578,996,4,366,882,670,18,742,40,254,395,99,277,347,31,262,31,59,104,97,101,78,89,59,59,86,81,74,50,60,57,101,62,90,72,62,65,39,58,47,57,79,53,52,47,54,81,83,79
[ 31.259902] wil6210-aoa$0,1606461630.880794,04:d6:aa:c1:38:97,2,1,1,0,128,289,949,777,779,902,993,424,438,104,375,93,246,852,65,183,557,978,1004,454,978,696,47,699,1000,237,379,91,244,377,74,130,849,59,110,100,106,80,93,61,64,92,88,78,50,59,58,102,61,92,74,65,67,40,57,45,54,80,53,50,43,51,80,80,74
[ 31.292393] wil6210-aoa$0,1606461630.913284,04:d6:aa:c1:38:97,2,1,1,0,128,259,897,757,744,934,992,422,374,190,371,517,0,303,843,675,388,897,933,831,732,143,863,739,15,179,360,587,53,341,14,742,527,62,108,102,104,82,93,63,61,92,86,77,49,62,58,105,64,93,73,65,65,41,59,47,56,82,55,53,47,52,82,87,78
[ 31.318929] wil6210-aoa$0,1606461630.939820,04:d6:aa:c1:38:97,2,1,1,0,128,705,673,244,565,901,958,867,151,652,174,65,179,794,57,636,387,329,743,406,891,750,29,744,12,167,321,583,37,320,21,538,322,54,103,94,100,76,85,56,57,84,78,71,43,56,53,92,57,85,70,59,62,36,53,43,51,73,48,47,42,49,73,75,70
[ 31.360948] wil6210-aoa$0,1606461630.981835,04:d6:aa:c1:38:97,2,1,1,0,128,242,931,808,794,912,1016,520,500,168,456,63,212,874,92,164,579,885,964,378,931,701,37,744,63,204,365,149,264,379,25,112,869,57,103,94,99,75,88,61,60,87,85,72,49,59,55,97,63,86,71,62,65,39,58,45,55,77,53,50,46,52,77,80,77
[ 31.393480] wil6210-aoa$0,1606461631.014371,04:d6:aa:c1:38:97,2,1,1,0,128,278,943,806,821,955,1000,405,394,182,373,42,216,214,845,243,565,959,957,404,952,696,40,638,1005,188,366,129,236,350,23,360,189,57,104,94,99,75,86,57,58,86,81,73,49,56,54,97,63,87,70,62,63,39,57,46,56,78,53,51,45,51,80,82,78
[ 31.423120] wil6210-aoa$0,1606461631.044006,04:d6:aa:c1:38:97,2,1,1,0,128,713,717,810,767,366,806,938,246,207,402,65,161,827,35,186,577,930,969,399,924,700,1004,686,974,216,366,542,7,829,864,737,496,56,106,93,100,74,83,56,58,84,76,73,46,55,54,94,60,82,68,61,59,37,53,42,52,73,46,46,40,47,70,74,67
[ 31.456354] wil6210-aoa$0,1606461631.077244,04:d6:aa:c1:38:97,2,1,1,0,128,307,948,741,745,931,982,445,415,155,394,143,270,851,109,130,579,935,960,374,912,745,46,753,17,206,414,92,235,377,49,748,503,60,107,101,105,80,92,62,62,89,86,79,51,60,57,104,66,92,75,66,67,41,61,48,58,85,56,54,49,54,85,86,79
[ 31.486611] wil6210-aoa$0,1606461631.107500,04:d6:aa:c1:38:97,2,1,1,0,128,235,924,822,846,895,1009,426,418,150,379,46,178,881,65,241,592,911,926,437,954,779,66,745,28,260,410,162,203,370,36,245,942,56,107,97,103,74,85,56,58,86,80,71,45,55,53,91,57,84,69,58,61,38,52,41,51,74,46,45,39,47,71,72,65
[ 31.520749] wil6210-aoa$0,1606461631.141636,04:d6:aa:c1:38:97,2,1,1,0,128,292,949,733,761,948,1001,436,386,207,364,117,234,847,85,249,641,910,934,443,944,751,27,804,55,223,343,143,225,390,17,441,132,60,110,103,109,81,92,65,64,94,89,79,51,62,58,107,64,96,76,67,70,43,58,49,59,85,54,51,48,56,84,85,81
[ 31.555278] wil6210-aoa$0,1606461631.176162,04:d6:aa:c1:38:97,2,1,1,0,128,745,735,757,778,975,1022,446,427,687,239,1017,168,276,916,225,596,935,983,425,923,733,13,692,31,244,395,99,207,419,84,939,669,64,116,106,109,84,95,64,65,94,86,81,53,62,58,106,65,94,76,66,67,43,60,47,58,82,54,53,46,55,83,85,78
[ 31.589735] wil6210-aoa$0,1606461631.210620,04:d6:aa:c1:38:97,2,1,1,0,128,309,912,831,804,881,978,869,161,632,128,588,42,799,14,199,575,917,952,347,891,206,885,755,63,185,324,131,246,365,15,499,171,64,116,105,111,83,97,64,63,93,89,81,52,61,62,106,66,95,77,69,70,44,63,50,62,88,57,55,49,54,85,88,85
[ 31.617038] wil6210-aoa$0,1606461631.237929,04:d6:aa:c1:38:97,2,1,1,0,128,752,747,786,809,934,982,841,181,621,183,508,1017,877,93,238,629,927,997,347,904,204,853,698,24,215,367,114,210,302,3,881,656,60,105,96,103,77,90,59,60,86,83,76,50,59,56,99,61,87,70,63,63,41,56,45,54,77,52,50,44,50,78,78,74
[ 31.645299] wil6210-aoa$0,1606461631.266185,04:d6:aa:c1:38:97,2,1,1,0,128,199,886,773,794,374,810,940,240,156,389,452,1000,253,879,175,530,891,949,906,742,188,850,159,845,708,179,570,18,821,833,316,216,57,107,96,101,76,87,58,58,86,81,75,45,56,55,97,60,85,69,62,62,38,53,44,53,77,51,47,42,48,75,76,71
[ 31.680307] wil6210-aoa$0,1606461631.301197,04:d6:aa:c1:38:97,2,1,1,0,128,306,946,873,851,958,0,354,375,246,407,65,182,868,61,184,542,894,930,876,744,823,76,714,32,247,375,83,217,440,79,811,552,60,107,100,104,79,90,62,61,90,85,77,50,60,58,106,64,93,76,66,66,43,60,50,58,83,57,54,48,55,86,86,82
[ 31.708214] wil6210-aoa$0,1606461631.329097,04:d6:aa:c1:38:97,2,1,1,0,128,774,746,820,801,972,5,400,392,101,339,73,186,775,46,209,556,881,935,295,888,676,1022,738,24,706,181,211,328,343,19,949,753,58,105,96,100,76,86,57,59,86,81,74,48,55,55,95,61,85,69,61,63,40,55,46,54,76,51,47,43,49,75,80,72
[ 31.742770] wil6210-aoa$0,1606461631.363653,04:d6:aa:c1:38:97,2,1,1,0,128,299,925,799,771,915,1023,926,206,599,166,484,1010,255,865,199,592,893,943,386,910,694,36,150,845,700,173,161,226,381,55,507,226,59,112,99,108,80,92,61,62,89,85,74,49,62,57,102,65,92,74,66,67,40,56,46,55,81,53,50,45,52,80,81,76
[ 31.777825] wil6210-aoa$0,1606461631.398711,04:d6:aa:c1:38:97,2,1,1,0,128,250,944,827,829,921,23,859,204,677,184,141,233,849,49,213,583,934,940,381,936,737,20,756,32,297,405,119,208,365,33,886,676,55,104,89,98,73,84,55,58,85,78,71,44,52,50,90,55,82,66,58,59,35,49,39,46,70,42,44,36,41,66,70,60
[ 31.805006] wil6210-aoa$0,1606461631.425896,04:d6:aa:c1:38:97,2,1,1,0,128,306,974,754,756,348,790,461,413,142,373,64,217,838,48,127,533,912,937,352,889,773,30,672,1011,650,142,151,250,338,14,577,339,61,108,99,105,81,92,61,62,92,86,76,50,59,56,104,64,91,74,65,67,39,57,46,56,80,53,52,46,51,79,83,76
[ 31.833602] wil6210-aoa$0,1606461631.454488,04:d6:aa:c1:38:97,2,1,1,0,128,268,929,803,778,905,971,437,395,159,370,76,230,832,38,223,628,936,981,401,934,749,72,732,1013,196,348,93,210,337,47,266,64,58,112,97,104,80,90,60,61,90,86,75,47,58,57,100,61,88,73,63,65,39,57,42,54,77,50,49,42,49,78,76,72
[ 31.868180] wil6210-aoa$0,1606461631.489072,04:d6:aa:c1:38:97,2,1,1,0,128,725,720,183,512,368,794,897,197,652,165,460,994,287,889,664,387,837,926,364,873,731,24,696,991,728,198,578,0,868,860,142,31,62,109,100,105,79,93,63,62,90,87,79,51,60,59,105,64,94,74,66,69,41,63,48,61,82,57,56,49,56,84,89,86
[ 31.897040] wil6210-aoa$0,1606461631.517927,04:d6:aa:c1:38:97,2,1,1,0,128,233,897,727,764,383,808,376,384,591,132,524,1016,308,922,191,574,905,960,380,875,732,30,726,46,222,385,123,217,410,62,646,386,62,113,100,105,83,94,63,61,92,88,80,51,59,58,105,65,94,74,67,67,42,59,47,59,81,55,54,47,55,83,83,80
[ 31.932020] wil6210-aoa$0,1606461631.552906,04:d6:aa:c1:38:97,2,1,1,0,128,690,688,796,817,895,975,862,185,597,160,525,8,234,837,699,404,849,903,496,983,664,1007,765,34,200,371,589,50,346,56,882,644,63,110,103,107,81,94,65,63,92,88,80,52,64,59,107,67,96,77,68,68,42,62,48,60,86,57,52,48,55,85,86,81
[ 31.962579] wil6210-aoa$0,1606461631.583471,04:d6:aa:c1:38:97,2,1,1,0,128,302,949,710,694,412,829,882,213,145,353,9,186,902,86,187,568,967,1002,394,939,721,15,757,22,241,383,121,216,399,12,545,224,59,106,101,101,80,91,62,59,88,84,74,47,58,53,101,63,88,70,63,65,39,57,46,55,79,53,51,45,51,80,81,73
[ 31.990235] wil6210-aoa$0,1606461631.611126,04:d6:aa:c1:38:97,2,1,1,0,128,275,890,689,705,942,1,386,399,638,198,39,194,245,893,124,512,367,759,848,683,722,22,736,34,217,357,538,5,426,41,316,56,49,90,81,86,65,75,50,52,75,71,62,40,49,47,83,52,74,61,54,56,34,49,39,46,67,43,43,37,44,66,68,62
[ 32.016405] wil6210-aoa$0,1606461631.637296,04:d6:aa:c1:38:97,2,1,1,0,128,307,934,786,747,909,967,904,203,672,178,44,173,827,17,237,595,868,920,853,706,146,859,163,816,722,201,90,208,395,26,109,929,59,110,101,107,79,92,61,61,91,87,79,51,60,56,105,65,94,75,65,69,44,63,47,58,83,57,54,48,55,83,88,83
[ 32.047429] wil6210-aoa$0,1606461631.668315,04:d6:aa:c1:38:97,2,1,1,0,128,263,893,766,763,941,1014,837,180,225,411,99,206,848,55,179,559,937,978,357,908,721,61,747,28,281,409,38,201,338,38,567,398,54,105,93,99,73,86,58,57,84,76,72,47,54,52,96,58,85,70,60,61,35,53,42,52,74,46,47,41,47,72,73,69
[ 32.074406] wil6210-aoa$0,1606461631.695297,04:d6:aa:c1:38:97,2,1,1,0,128,328,959,799,784,944,19,420,408,225,416,37,199,784,43,151,543,961,979,397,934,747,68,713,45,269,392,171,228,360,44,35,862,61,107,99,107,79,90,61,61,90,84,78,49,57,56,101,61,91,73,63,64,38,56,45,54,80,52,49,43,49,75,77,73
[ 32.103042] wil6210-aoa$0,1606461631.723930,04:d6:aa:c1:38:97,2,1,1,0,128,765,770,741,777,353,814,486,450,100,356,531,1020,835,52,216,587,880,929,901,737,714,62,719,35,222,375,166,289,377,55,19,732,61,111,99,108,79,90,60,59,90,85,75,49,59,58,102,63,90,73,64,66,41,57,46,56,82,55,51,43,54,81,85,76
[ 32.138552] wil6210-aoa$0,1606461631.759442,04:d6:aa:c1:38:97,2,1,1,0,128,288,919,807,843,362,812,453,411,171,364,45,204,793,14,200,598,930,924,453,958,758,37,722,14,228,360,139,247,359,41,4,737,54,104,93,99,73,85,55,57,85,79,72,45,54,54,93,59,83,68,60,62,37,54,43,51,74,48,47,39,46,72,75,66
[ 32.166913] wil6210-aoa$0,1606461631.787800,04:d6:aa:c1:38:97,2,1,1,0,128,255,905,797,788,884,989,379,379,178,339,1,165,862,65,202,594,907,964,359,893,813,99,731,1011,219,407,84,278,396,69,229,998,56,103,95,99,73,80,55,59,82,75,69,42,52,50,92,55,81,68,56,60,34,51,38,49,70,43,42,37,40,67,66,60
[ 32.201910] wil6210-aoa$0,1606461631.822797,04:d6:aa:c1:38:97,2,1,1,0,128,350,948,791,772,944,994,474,456,151,356,61,184,840,65,241,645,907,933,326,900,698,39,767,41,193,344,153,292,391,89,328,87,57,106,94,100,76,88,59,58,87,83,75,48,57,53,97,60,86,70,61,63,36,55,45,56,77,53,50,46,50,77,81,75
[ 32.232492] wil6210-aoa$0,1606461631.853383,04:d6:aa:c1:38:97,2,1,1,0,128,290,929,825,776,908,969,811,170,710,216,56,186,824,21,191,576,885,885,391,897,170,830,688,1013,658,161,609,34,385,34,629,360,59,108,98,103,79,89,59,62,89,83,75,47,55,55,100,60,91,73,64,64,38,55,44,52,77,51,48,41,49,79,78,71
[ 32.259983] wil6210-aoa$0,1606461631.880874,04:d6:aa:c1:38:97,2,1,1,0,128,274,936,199,565,444,851,413,373,94,302,18,132,269,848,231,571,932,942,375,869,251,912,696,998,722,199,89,186,398,21,642,457,56,102,92,98,75,84,56,58,84,79,72,44,55,52,93,59,85,68,59,60,36,53,43,51,75,47,45,40,46,71,71,68
[ 32.288342] wil6210-aoa$0,1606461631.909229,04:d6:aa:c1:38:97,2,1,1,0,128,266,932,787,788,965,1007,408,370,140,385,93,238,797,59,196,609,904,999,367,908,721,65,679,15,275,408,23,164,338,45,678,409,58,101,94,98,74,85,57,58,86,79,72,47,57,54,97,60,87,69,60,63,39,56,44,53,78,52,50,46,51,78,80,76
[ 32.323247] wil6210-aoa$0,1606461631.944134,04:d6:aa:c1:38:97,2,1,1,0,128,294,944,717,719,971,7,455,414,205,403,67,209,768,45,193,564,946,982,346,894,179,855,746,1023,208,346,143,219,419,47,975,669,61,115,102,108,82,95,63,63,93,88,78,51,60,59,101,64,93,77,67,67,41,59,47,58,83,54,54,47,53,79,84,81
[ 32.358768] wil6210-aoa$0,1606461631.979655,04:d6:aa:c1:38:97,2,1,1,0,128,325,951,790,769,896,996,439,383,622,143,93,251,870,68,178,549,905,938,335,881,713,11,745,40,214,340,602,28,326,982,889,714,58,109,97,101,75,90,59,58,88,83,75,46,58,54,96,61,88,73,64,64,40,55,42,53,76,48,47,43,47,72,74,68
[ 32.391313] wil6210-aoa$0,1606461632.012207,04:d6:aa:c1:38:97,2,1,1,0,128,291,907,723,758,850,935,911,216,191,360,68,219,762,15,232,619,911,975,451,953,653,986,764,36,235,409,146,262,342,33,450,225,65,116,103,109,86,96,64,62,95,89,81,50,63,60,103,65,93,75,67,67,42,59,48,58,83,57,53,48,54,82,89,81
[ 32.423749] wil6210-aoa$0,1606461632.044638,04:d6:aa:c1:38:97,2,1,1,0,128,746,767,810,798,958,1014,426,386,155,375,32,216,839,71,198,552,939,936,360,891,772,29,685,1008,740,226,64,192,397,62,95,859,57,104,94,99,76,86,59,59,87,81,75,48,56,54,95,60,86,69,63,65,38,55,44,53,77,51,50,42,48,75,76,71
[ 32.459467] wil6210-aoa$0,1606461632.080354,04:d6:aa:c1:38:97,2,1,1,0,128,329,940,786,793,870,964,525,470,185,386,47,173,820,63,192,605,882,968,340,891,757,44,747,17,245,407,120,256,330,55,371,66,56,104,96,102,75,86,57,58,87,81,74,50,55,54,98,60,89,70,62,64,38,56,43,54,77,52,50,44,51,78,82,78
[ 32.487575] wil6210-aoa$0,1606461632.108462,04:d6:aa:c1:38:97,2,1,1,0,128,283,940,717,749,913,1020,391,396,171,368,78,230,882,75,177,570,957,972,326,849,682,1011,145,812,663,109,567,26,377,49,571,235,57,105,95,98,74,86,55,58,83,77,71,45,55,51,96,60,84,69,61,62,38,52,43,52,73,48,48,42,47,75,75,69
[ 32.522953] wil6210-aoa$0,1606461632.143840,04:d6:aa:c1:38:97,2,1,1,0,128,768,713,244,567,347,806,848,164,129,366,7,131,258,799,168,498,333,777,788,698,101,789,243,857,598,123,570,30,871,866,76,888,58,102,96,99,73,86,56,58,85,80,71,48,55,53,97,60,86,69,60,62,38,55,42,54,79,52,50,45,53,79,80,76
[ 32.558775] wil6210-aoa$0,1606461632.179662,04:d6:aa:c1:38:97,2,1,1,0,128,302,955,778,754,355,804,916,206,670,217,18,172,810,2,640,376,325,769,820,671,163,822,168,784,723,175,557,10,866,906,941,827,58,104,93,96,75,86,58,58,85,81,73,47,57,53,97,60,87,67,61,62,37,53,43,50,77,49,47,43,49,77,76,73
[ 32.593763] wil6210-aoa$0,1606461632.214652,04:d6:aa:c1:38:97,2,1,1,0,128,327,952,735,746,974,1012,887,179,636,170,64,202,249,881,207,576,894,971,285,889,756,8,168,837,652,136,102,185,848,873,975,760,61,112,101,108,80,91,61,60,90,84,74,50,58,57,102,62,88,73,65,66,38,57,45,56,80,51,50,46,52,81,81,78
[ 32.629649] wil6210-aoa$0,1606461632.250541,04:d6:aa:c1:38:97,2,1,1,0,128,262,902,749,729,979,5,379,379,130,349,1015,125,268,882,215,584,942,964,316,863,731,10,752,31,239,426,78,212,386,72,0,822,62,109,97,105,81,92,62,60,93,85,78,51,61,58,102,63,93,74,66,66,40,60,48,59,83,55,53,47,53,82,81,79
[ 32.659182] wil6210-aoa$0,1606461632.280068,04:d6:aa:c1:38:97,2,1,1,0,128,325,1002,790,790,940,1005,389,410,144,348,4,153,349,878,689,414,851,876,901,711,179,860,199,842,666,152,597,49,795,820,556,277,55,105,93,100,72,84,56,57,85,79,72,44,55,53,93,56,83,66,61,58,35,52,43,49,73,45,46,38,45,71,72,67
[ 32.693965] wil6210-aoa$0,1606461632.314854,04:d6:aa:c1:38:97,2,1,1,0,128,273,917,708,737,415,851,863,203,171,370,64,191,832,46,198,586,934,1004,386,924,690,1014,725,33,229,396,585,2,389,13,311,237,55,102,96,98,74,85,56,57,84,79,72,44,54,53,94,58,84,69,60,59,37,53,44,50,75,49,48,43,48,73,76,70
[ 32.725220] wil6210-aoa$0,1606461632.346108,04:d6:aa:c1:38:97,2,1,1,0,128,276,897,882,815,938,999,457,424,213,384,80,220,851,57,137,523,872,912,457,951,703,19,704,1021,299,413,130,241,319,4,292,13,62,111,101,107,81,92,63,63,92,87,78,54,60,59,105,64,96,74,68,69,43,60,49,59,84,58,56,49,56,87,88,86
[ 32.754203] wil6210-aoa$0,1606461632.375090,04:d6:aa:c1:38:97,2,1,1,0,128,345,966,766,801,870,965,419,425,636,196,51,182,259,826,642,323,940,957,881,701,748,1017,198,837,237,395,114,211,404,57,430,152,59,108,100,105,77,87,57,60,86,79,73,48,58,54,96,60,87,72,62,63,40,56,44,53,78,51,48,43,48,77,77,73
[ 32.790785] wil6210-aoa$0,1606461632.411672,04:d6:aa:c1:38:97,2,1,1,0,128,783,773,222,578,940,983,383,342,616,166,12,159,308,913,202,598,366,779,858,744,126,850,143,836,736,165,643,66,399,52,952,717,60,110,104,110,78,89,61,62,89,83,76,46,56,54,95,59,87,72,62,62,36,52,41,50,75,45,47,38,44,73,69,63
[ 32.823090] wil6210-aoa$0,1606461632.443979,04:d6:aa:c1:38:97,2,1,1,0,128,301,944,869,814,928,1004,437,403,179,346,43,173,793,41,637,316,958,951,390,923,724,6,717,23,198,348,88,246,375,64,345,81,60,111,101,107,79,90,62,61,92,88,78,49,61,59,104,64,94,73,66,68,41,59,47,57,83,55,53,48,55,84,85,83
[ 32.850499] wil6210-aoa$0,1606461632.471389,04:d6:aa:c1:38:97,2,1,1,0,128,784,727,324,637,372,759,939,256,185,365,501,1000,794,27,682,403,915,945,312,857,221,857,132,830,685,162,565,75,332,37,413,172,59,104,94,99,76,86,59,60,86,82,75,49,59,55,98,62,88,70,62,64,41,57,46,58,79,54,51,46,55,80,84,78
[ 32.878403] wil6210-aoa$0,1606461632.499293,04:d6:aa:c1:38:97,2,1,1,0,128,284,935,761,721,931,997,398,394,204,388,56,212,834,62,201,575,826,918,428,946,674,1016,690,1000,738,212,602,58,355,44,939,693,55,104,95,100,73,85,56,59,85,81,70,44,54,53,94,58,82,69,60,62,36,51,39,50,75,46,48,40,46,70,71,67
[ 32.909059] wil6210-aoa$0,1606461632.529944,04:d6:aa:c1:38:97,2,1,1,0,128,775,722,215,523,985,988,347,363,663,193,528,1009,259,843,670,376,888,956,835,714,194,884,126,807,631,146,156,254,345,27,855,547,61,114,100,106,80,93,60,61,92,87,78,51,61,60,103,65,94,75,68,67,43,60,46,58,83,56,52,47,55,83,82,79
[ 32.943790] wil6210-aoa$0,1606461632.564680,04:d6:aa:c1:38:97,2,1,1,0,128,240,908,784,765,902,971,430,455,202,416,64,220,858,71,229,615,930,960,919,760,736,51,756,41,194,332,94,200,418,65,558,299,55,104,95,98,76,84,56,56,85,81,74,46,55,54,96,59,83,68,62,62,37,54,43,52,78,51,50,43,50,76,78,72
[ 32.975676] wil6210-aoa$0,1606461632.596563,04:d6:aa:c1:38:97,2,1,1,0,128,750,694,235,591,904,978,908,221,132,348,59,191,846,12,683,410,902,949,436,915,645,1007,782,54,143,339,148,263,431,61,1009,645,55,102,94,99,75,84,56,57,84,81,71,45,55,53,96,57,86,69,61,62,37,54,43,52,77,48,48,41,47,74,75,72
[ 33.011941] wil6210-aoa$0,1606461632.632828,04:d6:aa:c1:38:97,2,1,1,0,128,265,894,778,793,894,979,367,371,161,434,1020,142,767,4,189,570,979,1010,387,943,724,24,698,54,738,246,107,238,344,25,832,611,59,104,93,96,76,87,58,58,84,78,74,48,59,53,100,60,87,67,61,64,40,58,46,57,77,54,52,47,55,80,85,80
[ 33.046944] wil6210-aoa$0,1606461632.667834,04:d6:aa:c1:38:97,2,1,1,0,128,252,873,778,769,918,1020,352,352,117,363,71,225,825,58,167,549,957,1019,371,907,731,41,762,57,229,374,56,192,390,86,932,720,57,104,95,100,75,86,55,59,84,79,73,44,56,51,94,57,83,69,61,59,36,52,43,48,74,47,47,39,45,70,71,67
[ 33.077900] wil6210-aoa$0,1606461632.698787,04:d6:aa:c1:38:97,2,1,1,0,128,263,918,754,780,979,57,368,408,161,372,48,191,324,907,193,522,358,735,439,907,728,30,730,49,191,335,130,245,358,18,143,905,58,103,93,99,76,88,58,59,87,79,74,50,58,56,100,63,87,69,63,65,38,57,47,57,79,55,49,45,53,81,85,79
[ 33.114019] wil6210-aoa$0,1606461632.734909,04:d6:aa:c1:38:97,2,1,1,0,128,282,917,200,534,477,860,405,397,182,369,60,205,864,38,230,564,882,934,359,906,699,33,726,38,264,443,82,215,378,72,395,209,57,103,94,99,73,82,58,57,86,78,73,47,54,52,95,58,86,69,60,60,37,55,41,52,77,51,48,44,50,79,77,73
[ 33.146101] wil6210-aoa$0,1606461632.766989,04:d6:aa:c1:38:97,2,1,1,0,128,265,921,792,796,924,985,389,402,128,344,31,174,842,39,641,343,361,754,377,896,695,45,691,11,216,379,143,281,336,51,274,1,61,112,104,110,81,92,60,62,90,83,76,47,59,55,98,63,90,72,63,65,39,54,44,54,78,50,48,42,45,73,76,71
[ 33.193012] wil6210-aoa$0,1606461632.813898,04:d6:aa:c1:38:97,2,1,1,0,128,273,941,719,773,885,934,319,367,664,224,25,197,864,73,235,583,963,997,341,891,730,41,740,47,243,410,128,226,372,43,209,92,61,115,102,110,81,94,62,63,93,88,79,51,62,60,103,65,94,76,67,69,39,59,48,56,81,54,53,45,51,82,82,77
[ 33.224435] wil6210-aoa$0,1606461632.845326,04:d6:aa:c1:38:97,2,1,1,0,128,248,928,253,601,377,803,472,421,159,354,43,198,839,78,578,326,329,729,846,704,779,66,768,33,230,359,130,252,403,65,931,746,60,115,103,110,81,94,62,64,92,86,74,48,59,57,101,60,91,75,66,67,39,57,46,56,79,52,51,46,50,79,82,79
[ 33.260217] wil6210-aoa$0,1606461632.881103,04:d6:aa:c1:38:97,2,1,1,0,128,318,933,822,825,952,1003,436,425,206,396,91,204,912,97,175,592,986,5,381,934,700,1021,731,1023,681,193,142,246,369,80,14,742,62,108,99,105,81,90,63,62,91,85,78,51,62,59,106,65,96,77,64,69,42,60,49,56,85,59,53,49,55,83,87,83
[ 33.296530] wil6210-aoa$0,1606461632.917421,04:d6:aa:c1:38:97,2,1,1,0,128,320,934,808,781,921,971,918,191,159,382,59,180,837,5,594,311,400,773,838,728,725,2,711,988,267,357,85,180,416,39,487,188,49,87,80,85,65,74,50,51,71,69,63,41,48,45,83,52,72,58,52,52,32,47,38,44,65,42,42,36,42,65,66,61
[ 33.325372] wil6210-aoa$0,1606461632.946260,04:d6:aa:c1:38:97,2,1,1,0,128,260,889,803,802,916,0,373,399,179,366,519,27,282,887,247,642,867,910,835,730,152,849,791,76,249,393,132,265,294,1002,902,617,57,103,96,97,76,88,58,59,86,82,74,49,59,55,97,62,88,70,62,63,38,56,46,53,78,54,50,45,51,79,83,77
[ 33.361507] wil6210-aoa$0,1606461632.982395,04:d6:aa:c1:38:97,2,1,1,0,128,294,937,875,795,881,932,413,399,216,392,511,1022,343,938,607,346,411,814,341,879,718,1013,725,1016,198,315,563,1005,861,847,717,566,57,103,91,97,74,87,58,56,87,82,73,47,58,54,99,57,86,69,61,62,39,54,44,53,77,51,51,44,50,76,77,75
[ 33.393777] wil6210-aoa$0,1606461633.014668,04:d6:aa:c1:38:97,2,1,1,0,128,251,932,195,599,921,1016,375,353,650,196,28,173,281,889,221,594,916,986,418,966,759,60,732,45,277,424,136,260,428,88,1016,698,57,102,92,100,76,87,57,58,85,81,71,45,54,53,94,59,84,69,61,61,37,53,43,50,75,48,48,41,47,73,75,72
[ 33.421990] wil6210-aoa$0,1606461633.042879,04:d6:aa:c1:38:97,2,1,1,0,128,757,762,851,823,940,978,390,419,178,400,73,203,838,85,222,595,915,988,831,718,161,873,190,843,185,314,124,235,370,33,167,905,56,102,95,99,76,84,56,57,84,79,72,45,54,52,95,57,83,67,59,62,36,52,42,51,75,47,46,40,49,73,73,69
[ 33.454337] wil6210-aoa$0,1606461633.075228,04:d6:aa:c1:38:97,2,1,1,0,128,235,897,836,822,977,35,436,404,150,335,32,172,826,22,261,635,833,914,428,947,671,1009,725,8,193,314,158,258,401,82,415,98,55,102,94,98,76,85,57,59,87,79,71,45,56,54,96,57,86,70,62,61,39,54,45,53,77,49,49,41,49,73,75,72
[ 33.482061] wil6210-aoa$0,1606461633.102946,04:d6:aa:c1:38:97,2,1,1,0,128,312,927,842,832,938,1014,434,368,157,362,49,183,834,55,119,547,926,957,371,935,703,39,700,22,212,407,72,208,354,25,499,287,59,102,91,101,75,86,56,59,83,78,74,47,56,54,97,58,86,68,61,60,38,53,44,51,75,49,46,42,47,74,76,68
[ 33.514607] wil6210-aoa$0,1606461633.135498,04:d6:aa:c1:38:97,2,1,1,0,128,715,721,837,807,984,1022,428,431,124,367,59,237,818,69,149,558,829,906,852,724,85,802,228,896,660,143,581,33,346,20,849,619,58,109,101,107,78,91,60,62,88,83,77,48,59,57,101,62,90,72,63,65,40,57,45,55,79,53,50,44,51,78,82,76
[ 33.543020] wil6210-aoa$0,1606461633.163905,04:d6:aa:c1:38:97,2,1,1,0,128,284,899,259,564,387,835,397,383,185,381,42,214,785,13,696,414,354,738,362,918,709,30,780,55,205,371,121,283,328,12,222,35,60,109,103,107,81,92,60,61,90,86,75,49,59,58,101,63,90,75,65,63,39,57,43,54,80,52,49,42,50,78,78,72
[ 33.575867] wil6210-aoa$0,1606461633.196758,04:d6:aa:c1:38:97,2,1,1,0,128,307,939,786,769,881,965,464,427,99,347,90,250,853,81,275,637,925,1000,395,925,744,88,703,17,218,397,93,225,344,16,4,718,57,106,96,102,75,85,55,58,85,81,72,44,53,54,91,59,83,68,59,62,34,50,41,49,72,45,44,37,44,71,70,61
[ 33.603550] wil6210-aoa$0,1606461633.224441,04:d6:aa:c1:38:97,2,1,1,0,128,289,922,788,763,894,963,350,338,606,158,47,167,295,909,253,611,903,953,412,939,710,8,698,59,146,345,152,272,397,81,842,581,62,115,104,110,83,94,62,63,92,87,77,50,59,58,104,63,94,74,65,67,42,61,47,58,83,54,51,44,53,79,81,76
[ 33.640211] wil6210-aoa$0,1606461633.261099,04:d6:aa:c1:38:97,2,1,1,0,128,360,961,789,791,916,972,369,420,129,344,104,239,251,883,677,410,871,901,817,692,755,13,212,845,700,178,549,57,782,835,650,606,62,113,105,112,82,96,63,64,93,86,79,50,59,57,106,63,94,75,66,68,41,58,46,56,84,53,53,47,51,79,81,77
[ 33.675262] wil6210-aoa$0,1606461633.296154,04:d6:aa:c1:38:97,2,1,1,0,128,268,917,802,783,923,979,396,361,125,364,16,150,868,41,182,569,834,897,368,882,746,66,729,11,195,376,72,217,792,853,130,30,61,111,100,107,80,89,62,62,92,84,78,50,62,55,103,63,91,74,64,66,41,60,46,57,80,55,52,46,50,78,82,74
[ 33.708164] wil6210-aoa$0,1606461633.329050,04:d6:aa:c1:38:97,2,1,1,0,128,770,720,847,827,926,1004,407,386,144,322,42,194,819,36,149,552,911,959,398,915,751,40,634,1017,245,385,123,259,360,29,971,734,59,103,95,100,77,87,60,59,87,82,74,50,61,55,99,61,89,71,62,64,42,59,47,57,78,54,51,47,54,81,84,82
[ 33.741524] wil6210-aoa$0,1606461633.362415,04:d6:aa:c1:38:97,2,1,1,0,128,252,889,819,798,902,948,494,424,174,339,60,183,861,52,734,412,874,915,379,901,769,45,770,36,237,386,106,213,414,73,177,1012,56,105,94,99,73,82,56,59,84,79,72,46,56,52,94,58,86,69,61,62,37,54,43,51,76,49,47,42,48,73,73,70
[ 33.769537] wil6210-aoa$0,1606461633.390422,04:d6:aa:c1:38:97,2,1,1,0,128,737,727,240,583,402,812,415,366,83,305,83,185,792,13,234,598,864,963,375,937,735,7,737,20,193,350,151,252,388,53,926,509,59,110,100,106,80,91,60,61,90,84,75,50,61,57,103,63,92,74,66,66,39,58,48,55,80,54,53,45,52,79,86,80
[ 33.802788] wil6210-aoa$0,1606461633.423677,04:d6:aa:c1:38:97,2,1,1,0,128,312,972,888,874,887,983,371,390,164,363,62,204,862,52,236,617,889,931,365,901,762,44,708,1,247,386,120,235,301,17,200,949,55,102,95,99,74,86,55,57,85,81,72,47,57,54,96,61,87,69,62,64,37,55,44,53,79,53,49,44,49,75,80,75
[ 33.831130] wil6210-aoa$0,1606461633.452013,04:d6:aa:c1:38:97,2,1,1,0,128,734,728,724,742,869,933,887,175,658,201,62,199,830,67,186,566,902,966,854,707,237,883,697,966,638,143,601,37,882,866,479,315,56,104,94,99,76,88,58,58,86,80,72,47,59,54,95,60,88,70,60,63,39,55,46,53,76,51,50,44,48,76,80,75
[ 33.864079] wil6210-aoa$0,1606461633.484969,04:d6:aa:c1:38:97,2,1,1,0,128,243,868,836,807,931,1010,408,401,546,87,55,218,809,28,224,597,934,963,914,734,733,25,735,45,194,369,147,278,375,27,262,1018,55,103,95,99,75,86,56,58,84,82,73,48,56,53,97,59,85,68,61,63,38,55,44,54,77,50,49,43,51,75,76,72
[ 33.899500] wil6210-aoa$0,1606461633.520388,04:d6:aa:c1:38:97,2,1,1,0,128,320,973,740,723,949,1011,434,404,175,366,93,220,847,18,249,578,965,999,338,885,669,28,704,17,221,369,94,202,350,1017,436,152,55,101,95,99,75,86,56,58,84,80,72,48,56,50,96,60,85,69,60,62,38,53,44,52,77,49,49,43,49,76,76,73
[ 33.936221] wil6210-aoa$0,1606461633.557111,04:d6:aa:c1:38:97,2,1,1,0,128,348,957,768,773,978,10,404,405,192,420,61,232,840,117,184,580,850,993,357,927,745,67,678,7,685,182,131,242,382,6,407,110,58,101,94,100,76,87,57,57,84,79,75,48,54,54,97,62,87,69,64,63,39,56,44,54,80,54,51,46,52,76,82,76
[ 33.967085] wil6210-aoa$0,1606461633.587971,04:d6:aa:c1:38:97,2,1,1,0,128,263,942,779,836,929,1004,385,440,130,363,528,14,805,28,131,563,884,929,401,901,730,7,228,907,694,229,111,230,408,47,823,590,59,104,95,100,75,85,58,58,87,82,74,47,55,54,97,59,87,69,63,65,38,57,45,54,75,50,50,42,51,76,78,75
[ 34.002339] wil6210-aoa$0,1606461633.623230,04:d6:aa:c1:38:97,2,1,1,0,128,819,825,743,751,951,0,355,377,218,402,56,215,813,49,223,609,957,1016,383,890,724,32,697,35,659,136,569,15,865,873,132,18,61,113,104,108,81,91,61,63,91,88,77,50,61,58,103,64,93,76,63,66,39,56,44,54,79,52,48,43,50,78,80,75
[ 34.031461] wil6210-aoa$0,1606461633.652351,04:d6:aa:c1:38:97,2,1,1,0,128,289,927,751,765,936,0,417,414,174,391,80,203,791,1021,733,439,928,944,876,766,783,74,746,47,244,362,133,220,365,41,894,715,61,112,105,109,82,95,63,63,93,88,78,50,59,59,105,66,95,75,68,67,41,61,48,58,81,55,53,47,54,82,84,78
[ 34.065827] wil6210-aoa$0,1606461633.686717,04:d6:aa:c1:38:97,2,1,1,0,128,275,926,805,789,940,998,925,212,201,386,1018,149,844,46,179,555,282,684,812,706,702,17,178,822,720,174,81,189,356,2,629,518,58,101,95,100,77,89,60,59,85,81,74,50,60,56,101,63,87,69,63,65,40,59,48,57,79,54,52,48,52,80,85,80
[ 34.099470] wil6210-aoa$0,1606461633.720361,04:d6:aa:c1:38:97,2,1,1,0,128,333,944,752,735,914,954,839,184,196,408,500,1018,303,900,609,359,371,795,813,719,180,834,154,853,691,156,575,38,373,42,367,138,61,111,98,105,77,90,62,62,90,86,77,51,58,56,102,64,90,72,65,67,41,58,47,56,83,55,52,45,54,81,85,79
[ 34.130927] wil6210-aoa$0,1606461633.751816,04:d6:aa:c1:38:97,2,1,1,0,128,745,767,269,685,1012,14,440,413,158,375,96,235,797,65,216,590,870,934,389,919,734,31,708,59,680,192,214,276,368,24,661,374,57,103,95,99,74,86,58,58,86,80,74,49,58,53,95,60,83,68,60,62,38,53,44,52,77,49,48,42,49,75,73,69
[ 34.166308] wil6210-aoa$0,1606461633.787200,04:d6:aa:c1:38:97,2,1,1,0,128,275,922,786,792,913,975,910,231,123,299,137,225,722,993,680,390,325,752,369,888,142,869,703,23,211,352,143,257,372,66,953,716,55,107,93,98,72,81,54,55,83,77,70,45,53,51,90,56,81,66,58,59,36,51,39,47,71,45,45,38,45,71,70,67
[ 34.200058] wil6210-aoa$0,1606461633.820947,04:d6:aa:c1:38:97,2,1,1,0,128,236,876,763,748,952,996,363,393,172,371,59,211,798,45,245,629,891,967,410,942,795,46,761,34,232,385,106,247,343,55,274,1021,57,103,94,100,73,85,56,57,84,80,71,44,55,52,96,56,86,70,61,63,37,54,43,52,76,50,48,43,48,73,77,73
[ 34.230049] wil6210-aoa$0,1606461633.850937,04:d6:aa:c1:38:97,2,1,1,0,128,297,951,776,794,955,1016,406,395,176,393,63,200,275,902,651,348,354,773,434,946,687,1023,743,38,268,400,132,227,339,89,875,570,56,102,90,97,75,87,60,58,86,80,73,48,57,53,95,60,85,69,59,63,37,54,44,53,73,51,47,44,50,76,77,76
[ 34.267334] wil6210-aoa$0,1606461633.888226,04:d6:aa:c1:38:97,2,1,1,0,128,251,864,803,809,933,1018,383,390,116,320,504,1005,307,908,198,563,944,971,342,881,715,29,741,39,211,350,112,217,367,44,28,807,55,103,92,97,73,84,56,56,83,79,69,43,53,51,93,57,80,67,59,62,38,53,42,52,74,48,45,40,47,73,71,69
[ 34.298715] wil6210-aoa$0,1606461633.919602,04:d6:aa:c1:38:97,2,1,1,0,128,269,939,818,781,932,1020,408,402,113,325,26,220,790,36,199,596,850,895,911,748,740,21,826,88,242,360,160,237,387,62,579,208,47,87,79,85,63,71,50,48,72,69,62,41,48,44,82,51,74,58,50,54,33,48,36,45,66,44,41,36,44,65,67,62
[ 34.334590] wil6210-aoa$0,1606461633.955481,04:d6:aa:c1:38:97,2,1,1,0,128,802,765,788,803,355,809,459,440,151,374,75,161,850,36,688,366,889,939,347,897,144,860,147,831,765,191,130,223,333,1021,237,1021,57,104,94,98,73,85,57,59,82,78,69,44,54,55,95,57,83,66,60,61,36,54,42,50,74,49,47,41,48,72,73,71
[ 34.368163] wil6210-aoa$0,1606461633.989050,04:d6:aa:c1:38:97,2,1,1,0,128,285,942,792,795,375,821,998,306,181,368,530,13,280,897,209,608,892,947,416,941,733,46,757,35,249,390,92,168,393,55,58,749,49,89,82,86,63,71,49,51,68,66,60,37,45,41,76,48,68,57,49,50,30,41,34,40,58,38,37,34,38,59,61,56
[ 34.401242] wil6210-aoa$0,1606461634.022133,04:d6:aa:c1:38:97,2,1,1,0,128,277,919,829,808,956,1004,881,224,220,372,32,214,820,46,236,591,926,972,355,906,752,66,726,7,243,366,118,205,423,79,884,545,64,114,103,108,84,95,64,62,94,89,83,53,65,60,106,66,95,75,68,69,44,63,49,60,85,59,55,51,58,85,94,88
[ 34.436093] wil6210-aoa$0,1606461634.056985,04:d6:aa:c1:38:97,2,1,1,0,128,284,911,796,796,970,1022,432,396,201,371,94,233,887,123,153,568,922,935,356,854,211,886,724,1014,218,346,107,208,402,65,1013,644,52,90,83,87,68,78,50,51,76,71,64,43,49,47,86,52,77,60,54,56,35,49,39,47,67,45,43,38,45,69,68,65
[ 34.469201] wil6210-aoa$0,1606461634.090087,04:d6:aa:c1:38:97,2,1,1,0,128,289,955,777,785,975,10,462,449,222,423,108,241,829,44,213,584,913,947,834,678,728,22,806,54,253,375,140,266,344,1017,447,247,57,104,94,100,74,87,58,59,85,80,72,45,56,53,94,60,85,70,61,62,36,54,44,52,77,50,48,41,48,75,75,70
[ 34.500055] wil6210-aoa$0,1606461634.120944,04:d6:aa:c1:38:97,2,1,1,0,128,263,929,779,776,928,965,897,206,133,355,39,194,861,17,200,599,866,953,372,941,762,48,708,1023,233,331,579,45,360,55,224,1006,56,104,94,99,74,83,59,58,85,82,71,47,56,54,95,60,86,71,62,63,38,54,44,55,77,50,48,45,49,77,79,73
[ 34.537268] wil6210-aoa$0,1606461634.158162,04:d6:aa:c1:38:97,2,1,1,0,128,286,888,758,718,470,835,901,215,154,342,511,1011,302,879,173,589,333,708,832,703,151,811,189,821,685,159,589,13,876,885,647,436,58,98,90,93,73,86,58,56,83,80,74,50,58,56,100,63,87,67,60,64,41,60,48,58,79,57,52,49,58,80,90,84
[ 34.569616] wil6210-aoa$0,1606461634.190503,04:d6:aa:c1:38:97,2,1,1,0,128,270,885,203,553,406,836,357,369,606,178,514,987,304,903,638,391,873,919,841,705,761,37,699,7,675,108,579,55,394,21,228,56,62,110,98,105,79,91,62,61,92,85,76,52,57,57,104,65,91,74,65,66,40,57,47,58,80,53,52,45,53,83,84,82
[ 34.605414] wil6210-aoa$0,1606461634.226303,04:d6:aa:c1:38:97,2,1,1,0,128,267,922,736,749,920,1011,375,410,206,407,517,1013,839,57,672,408,354,790,355,913,726,20,644,996,650,132,105,218,828,866,831,713,57,104,93,100,73,84,58,57,84,78,72,46,56,53,95,59,87,70,62,64,38,56,45,53,78,51,49,43,49,75,77,72
[ 34.639557] wil6210-aoa$0,1606461634.260447,04:d6:aa:c1:38:97,2,1,1,0,128,319,954,780,781,382,832,388,381,145,346,524,2,883,96,177,586,940,991,362,911,655,1006,217,889,230,356,117,201,375,12,367,164,55,101,95,99,75,84,57,57,84,81,71,43,55,51,96,58,83,68,60,59,36,51,42,49,75,46,47,40,47,71,72,67
[ 34.671299] wil6210-aoa$0,1606461634.292186,04:d6:aa:c1:38:97,2,1,1,0,128,310,894,242,566,377,763,898,210,117,359,3,173,807,79,170,540,891,956,311,896,697,33,712,55,240,439,104,223,299,31,943,770,57,103,95,100,75,85,57,57,84,78,72,48,57,53,95,59,86,69,62,64,39,56,46,55,77,51,50,45,52,78,82,77
[ 34.707508] wil6210-aoa$0,1606461634.328402,04:d6:aa:c1:38:97,2,1,1,0,128,786,742,778,785,994,1012,350,343,590,117,483,980,282,866,679,357,348,744,846,703,182,845,194,880,680,207,106,221,352,12,576,344,61,107,99,106,79,91,60,61,89,84,79,51,59,59,101,66,89,75,65,66,41,61,47,59,81,55,51,47,55,82,85,81
[ 34.741975] wil6210-aoa$0,1606461634.362861,04:d6:aa:c1:38:97,2,1,1,0,128,249,883,780,779,947,1013,412,411,159,369,1015,174,239,871,182,567,283,705,399,937,119,845,778,50,195,378,150,261,390,41,104,925,54,104,92,100,70,82,53,55,84,74,69,43,52,52,89,55,80,65,58,58,35,50,40,50,69,43,44,38,41,66,68,62
[ 34.776232] wil6210-aoa$0,1606461634.397124,04:d6:aa:c1:38:97,2,1,1,0,128,786,738,184,530,403,791,901,208,184,350,30,197,214,810,711,365,351,732,840,708,738,31,718,1013,185,333,84,217,863,895,967,758,57,105,96,102,76,89,59,60,87,83,75,48,58,55,99,63,87,73,62,64,39,56,45,55,79,51,50,45,51,76,78,74
[ 34.812766] wil6210-aoa$0,1606461634.433652,04:d6:aa:c1:38:97,2,1,1,0,128,253,905,768,753,318,751,872,174,176,342,97,201,297,871,236,535,930,961,398,906,729,23,686,1013,227,341,137,219,345,1021,734,500,57,108,100,101,75,87,57,58,83,80,72,43,54,52,96,58,84,69,60,59,36,51,42,49,74,46,43,38,44,71,68,63
[ 34.850969] wil6210-aoa$0,1606461634.471861,04:d6:aa:c1:38:97,2,1,1,0,128,281,926,794,806,962,1007,469,412,172,336,83,216,843,36,197,575,926,976,318,881,726,37,679,4,631,164,605,98,316,29,644,391,62,113,101,110,82,93,64,63,94,88,81,52,61,60,106,64,94,76,67,69,42,61,49,58,85,54,52,48,56,83,85,83
[ 34.880127] wil6210-aoa$0,1606461634.501020,04:d6:aa:c1:38:97,2,1,1,0,128,323,979,673,732,956,1022,473,427,183,344,121,233,806,63,703,414,907,974,399,918,789,98,800,73,176,355,136,298,329,14,204,913,57,103,96,102,78,86,59,57,84,81,72,46,55,52,97,58,85,70,59,63,38,53,45,51,76,50,48,42,49,76,78,71
[ 34.914099] wil6210-aoa$0,1606461634.534992,04:d6:aa:c1:38:97,2,1,1,0,128,309,946,770,768,4,21,440,389,254,419,60,179,814,38,229,600,885,917,374,909,738,30,669,8,140,318,90,230,295,20,74,962,49,88,80,83,64,73,48,50,71,67,61,37,48,45,80,48,72,57,51,51,32,44,37,44,63,41,38,34,40,62,64,60
[ 34.942441] wil6210-aoa$0,1606461634.563332,04:d6:aa:c1:38:97,2,1,1,0,128,710,693,199,541,395,835,386,365,131,376,67,190,802,46,199,589,890,931,428,949,691,31,745,32,660,179,597,25,430,44,1019,785,56,104,93,97,74,86,59,58,86,80,71,46,55,53,95,57,83,70,60,61,37,53,41,51,73,48,47,40,46,75,73,69
[ 34.971401] wil6210-aoa$0,1606461634.592294,04:d6:aa:c1:38:97,2,1,1,0,128,303,944,805,767,922,1012,404,417,143,373,76,219,769,999,219,574,891,925,441,921,776,38,665,995,219,333,85,232,344,29,350,75,61,106,101,106,79,92,62,61,88,87,76,51,62,57,105,68,88,72,65,67,41,58,48,57,83,55,54,47,53,82,84,80
[ 35.006370] wil6210-aoa$0,1606461634.627261,04:d6:aa:c1:38:97,2,1,1,0,128,292,926,772,794,888,980,402,413,608,214,32,219,806,58,234,574,869,909,386,926,708,55,713,10,198,340,85,201,327,24,941,655,58,103,94,96,75,88,58,58,87,82,74,49,60,54,100,62,88,71,61,64,40,58,47,56,79,56,51,48,55,81,85,80
[ 35.041226] wil6210-aoa$0,1606461634.662112,04:d6:aa:c1:38:97,2,1,1,0,128,277,963,790,800,955,1010,873,167,241,455,54,209,847,64,187,588,894,940,850,740,771,25,797,40,223,404,95,202,395,81,74,761,55,104,93,97,74,83,56,59,84,79,70,46,56,51,93,59,86,69,61,60,37,54,42,50,75,50,46,41,47,72,75,69
[ 35.074444] wil6210-aoa$0,1606461634.695336,04:d6:aa:c1:38:97,2,1,1,0,128,312,911,790,777,391,819,404,397,668,202,72,222,791,1013,658,363,912,961,364,894,689,1020,161,820,722,185,140,232,857,859,103,925,58,103,93,99,78,86,60,58,84,82,74,48,59,53,100,60,88,71,62,63,38,54,47,53,75,52,50,44,49,77,80,74
[ 35.110267] wil6210-aoa$0,1606461634.731158,04:d6:aa:c1:38:97,2,1,1,0,128,287,913,784,789,906,975,391,425,205,412,27,170,843,101,209,651,934,1007,411,933,743,32,728,43,279,447,94,262,422,85,71,789,53,98,90,99,73,84,52,57,82,74,68,43,51,51,90,57,79,66,58,59,36,51,42,50,72,45,45,39,43,68,71,66
[ 35.145283] wil6210-aoa$0,1606461634.766174,04:d6:aa:c1:38:97,2,1,1,0,128,289,952,800,796,906,985,419,454,596,152,514,14,816,39,175,557,870,943,313,858,776,73,710,17,239,374,158,256,386,52,582,246,60,109,101,106,79,91,60,61,88,85,76,48,59,55,102,63,91,74,62,67,40,58,46,55,84,54,50,45,52,81,84,79
[ 35.177878] wil6210-aoa$0,1606461634.798765,04:d6:aa:c1:38:97,2,1,1,0,128,269,893,860,855,910,1003,346,334,180,332,54,202,841,66,177,565,906,960,777,687,199,902,86,793,665,178,120,210,361,27,254,95,62,115,101,106,80,92,61,63,90,85,80,50,59,57,100,64,89,73,66,66,38,56,45,53,79,49,50,42,49,75,79,70
[ 35.214872] wil6210-aoa$0,1606461634.835765,04:d6:aa:c1:38:97,2,1,1,0,128,245,881,784,771,902,995,436,414,596,182,92,225,857,69,210,596,836,937,386,920,742,36,686,1012,210,376,108,237,335,44,806,570,62,113,106,111,83,95,62,63,93,87,78,49,60,60,103,64,91,74,67,69,43,59,48,55,83,52,51,47,52,81,84,79
[ 35.249396] wil6210-aoa$0,1606461634.870286,04:d6:aa:c1:38:97,2,1,1,0,128,256,921,797,802,942,1008,438,411,630,168,54,198,828,1022,631,361,309,749,839,706,190,892,724,49,240,378,94,230,307,23,280,92,62,114,103,108,81,93,61,63,91,84,80,49,61,58,100,64,89,76,66,65,39,58,45,56,79,51,52,42,49,79,76,72
[ 35.278885] wil6210-aoa$0,1606461634.899776,04:d6:aa:c1:38:97,2,1,1,0,128,265,932,766,801,877,998,432,413,193,374,38,178,312,917,246,601,897,938,416,953,677,7,727,26,169,344,151,233,309,4,281,67,54,105,95,100,74,85,56,58,86,78,72,45,54,53,92,58,83,69,59,59,35,52,42,47,73,44,45,39,44,67,71,66
[ 35.313746] wil6210-aoa$0,1606461634.934638,04:d6:aa:c1:38:97,2,1,1,0,128,285,907,801,748,931,979,386,387,167,359,42,203,794,31,153,545,884,923,389,921,729,3,701,11,133,319,550,1020,911,936,636,392,57,102,94,101,75,83,57,57,84,77,72,46,54,52,93,58,85,66,61,62,40,54,43,54,76,48,48,42,50,77,74,71
