
[ 26.357286] wil6210-aoa$0,1606461625.938546,04:d6:aa:c1:38:97,2,1,1,0,128,272,954,818,810,864,1015,423,410,239,423,1015,173,819,58,222,568,908,975,377,917,763,82,677,1022,212,349,194,248,363,48,192,961,62,108,100,108,81,91,60,62,89,83,79,51,58,59,101,63,91,74,65,68,40,57,48,57,80,53,53,46,50,77,80,72
[ 26.388660] wil6210-aoa$0,1606461625.969920,04:d6:aa:c1:38:97,2,1,1,0,128,273,909,891,828,912,999,485,412,126,348,35,164,790,1013,159,530,948,972,378,916,763,43,774,59,229,384,121,254,318,18,383,126,50,93,83,88,68,75,52,51,75,71,64,40,50,47,85,53,78,60,56,56,33,48,38,47,68,44,43,38,43,64,66,63
[ 26.415987] wil6210-aoa$0,1606461625.997251,04:d6:aa:c1:38:97,2,1,1,0,128,755,727,186,531,1009,19,422,384,184,411,6,149,835,54,154,541,904,936,378,918,690,1001,726,1010,180,319,535,1,383,1022,562,333,54,100,90,95,76,83,55,55,83,78,71,46,55,52,92,57,84,67,59,62,36,51,44,53,73,48,48,42,46,72,76,70
[ 26.438090] wil6210-aoa$0,1606461626.019354,04:d6:aa:c1:38:97,2,1,1,0,128,289,893,222,568,946,1016,463,447,202,410,39,214,860,87,207,581,891,962,353,863,730,18,745,31,227,377,575,35,321,7,253,62,53,109,96,102,74,84,54,57,81,78,69,41,52,50,88,58,80,65,57,59,33,48,39,46,68,42,39,34,38,65,60,54
[ 26.466240] wil6210-aoa$0,1606461626.047499,04:d6:aa:c1:38:97,2,1,1,0,128,303,949,760,788,901,965,451,400,213,430,36,247,786,13,229,600,901,957,365,920,701,1,745,66,258,427,139,262,371,104,625,327,55,107,101,105,77,88,59,60,87,82,73,47,55,53,97,60,84,70,63,63,37,53,43,53,78,48,48,41,49,76,75,70
[ 26.495469] wil6210-aoa$0,1606461626.076729,04:d6:aa:c1:38:97,2,1,1,0,128,291,952,762,781,386,840,860,169,641,166,49,233,303,901,188,594,325,753,374,921,700,1022,675,981,712,182,637,55,348,27,939,665,52,94,86,88,66,76,53,51,76,72,67,41,51,49,89,57,80,63,55,58,35,50,41,49,70,47,44,39,46,69,70,65
[ 26.522270] wil6210-aoa$0,1606461626.103533,04:d6:aa:c1:38:97,2,1,1,0,128,306,935,819,827,908,985,428,403,208,361,20,179,290,848,636,360,363,718,859,726,837,64,715,1010,245,346,126,245,344,33,944,697,58,106,97,101,79,88,62,60,89,84,76,50,61,58,103,63,92,74,65,66,40,60,48,58,80,55,54,48,55,83,84,81
[ 26.544386] wil6210-aoa$0,1606461626.125650,04:d6:aa:c1:38:97,2,1,1,0,128,257,942,755,752,942,30,347,332,146,338,486,1001,323,906,188,561,952,968,403,946,705,50,688,998,710,174,88,179,840,852,763,535,53,95,85,90,69,81,53,53,79,76,67,43,54,49,87,54,80,64,57,59,36,52,40,49,72,47,46,40,45,71,72,68
[ 26.573908] wil6210-aoa$0,1606461626.155170,04:d6:aa:c1:38:97,2,1,1,0,128,245,878,257,590,356,739,898,216,633,159,41,183,227,850,674,392,869,934,365,936,723,37,690,26,172,332,151,238,359,34,581,339,58,109,98,102,80,92,61,61,89,82,75,51,60,57,102,61,91,71,65,65,40,59,47,55,79,52,52,46,49,80,83,78
[ 26.601906] wil6210-aoa$0,1606461626.183171,04:d6:aa:c1:38:97,2,1,1,0,128,293,936,785,775,953,1008,436,406,162,377,59,183,851,47,227,598,927,958,387,882,768,41,666,1015,262,409,123,253,359,42,124,868,59,107,98,103,78,89,59,59,88,82,73,47,56,54,98,59,86,71,62,64,36,54,44,52,77,50,49,44,48,76,78,73
[ 26.624081] wil6210-aoa$0,1606461626.205345,04:d6:aa:c1:38:97,2,1,1,0,128,291,932,759,755,950,1018,361,342,145,376,150,257,816,50,645,378,929,974,401,906,729,20,753,19,234,366,116,280,382,69,96,898,59,108,96,103,77,88,61,62,89,85,75,49,59,54,101,62,89,73,66,66,41,60,48,57,80,54,53,45,53,83,82,77
[ 26.654286] wil6210-aoa$0,1606461626.235549,04:d6:aa:c1:38:97,2,1,1,0,128,265,884,772,771,921,1006,372,371,218,413,95,259,801,27,226,596,361,783,875,745,188,872,190,846,666,161,626,48,429,57,401,46,54,102,91,97,73,83,55,57,82,79,70,45,55,52,91,56,82,66,60,59,36,51,42,49,72,47,46,39,47,73,76,70
[ 26.677013] wil6210-aoa$0,1606461626.258279,04:d6:aa:c1:38:97,2,1,1,0,128,308,985,812,795,877,978,965,247,197,392,63,206,873,85,218,571,870,933,465,984,696,29,723,28,234,398,148,277,318,14,785,575,59,110,99,102,78,91,59,62,89,83,75,50,59,55,98,62,87,70,63,65,39,55,45,56,79,51,50,44,51,77,81,77
[ 26.702155] wil6210-aoa$0,1606461626.283421,04:d6:aa:c1:38:97,2,1,1,0,128,259,897,760,754,942,991,391,397,130,338,417,969,846,45,679,381,403,784,872,729,744,48,113,862,260,391,100,225,381,43,52,903,56,105,94,100,73,86,58,60,87,82,73,47,56,53,96,59,87,69,61,65,38,53,42,52,74,50,49,44,49,74,76,70
[ 26.733912] wil6210-aoa$0,1606461626.315172,04:d6:aa:c1:38:97,2,1,1,0,128,366,954,799,752,927,988,453,383,65,307,62,195,719,1009,623,340,300,702,846,720,166,830,167,845,739,243,109,254,389,84,576,241,54,102,91,97,73,85,56,56,83,80,70,46,53,52,92,58,83,68,60,62,35,53,42,50,72,47,47,41,45,72,74,71
[ 26.759166] wil6210-aoa$0,1606461626.340431,04:d6:aa:c1:38:97,2,1,1,0,128,750,687,219,588,1006,1003,377,347,240,417,15,164,290,908,673,420,873,932,351,884,749,24,760,47,198,372,550,39,360,38,585,431,58,110,97,102,76,86,56,58,86,80,74,45,56,55,92,60,83,70,61,60,36,52,40,50,72,46,44,38,45,69,69,67
[ 26.786037] wil6210-aoa$0,1606461626.367298,04:d6:aa:c1:38:97,2,1,1,0,128,316,932,824,764,956,5,433,381,162,382,62,217,795,19,200,565,955,962,400,930,710,19,719,9,683,154,627,74,332,38,782,555,59,98,88,94,73,85,60,57,81,79,71,48,57,54,96,59,87,69,62,64,39,57,46,55,77,53,50,46,53,80,82,80
[ 26.808129] wil6210-aoa$0,1606461626.389395,04:d6:aa:c1:38:97,2,1,1,0,128,304,912,854,850,932,997,420,403,165,381,49,204,813,13,677,399,346,754,901,740,732,37,785,48,187,390,185,294,371,37,646,373,54,102,91,98,72,83,55,56,81,75,70,43,53,51,90,55,82,66,59,59,35,49,38,47,70,44,44,37,45,67,70,62
[ 26.838857] wil6210-aoa$0,1606461626.420123,04:d6:aa:c1:38:97,2,1,1,0,128,283,923,714,776,956,989,435,446,161,354,60,212,843,53,169,531,952,974,396,955,707,32,711,1007,247,406,122,250,359,53,725,494,52,99,93,98,73,81,55,56,80,74,69,43,51,50,89,55,79,67,58,59,36,49,41,48,73,45,44,37,44,68,69,63
[ 26.862125] wil6210-aoa$0,1606461626.443385,04:d6:aa:c1:38:97,2,1,1,0,128,763,735,204,559,412,830,843,170,194,375,515,11,281,888,714,406,391,768,797,660,195,858,173,840,207,323,210,265,320,2,426,154,55,101,93,98,72,81,57,56,81,77,71,45,55,53,92,60,82,69,61,60,38,52,43,53,75,51,49,43,49,75,76,70
[ 26.890577] wil6210-aoa$0,1606461626.471842,04:d6:aa:c1:38:97,2,1,1,2,128,763,735,204,559,412,830,843,170,194,375,515,11,281,888,714,406,391,768,797,660,195,858,173,840,207,323,210,265,320,2,426,154,55,101,93,98,72,81,57,56,81,77,71,45,55,53,92,60,82,69,61,60,38,52,43,53,75,51,49,43,49,75,76,70
[ 26.918116] wil6210-aoa$0,1606461626.499374,04:d6:aa:c1:38:97,2,1,1,0,128,327,955,777,810,868,981,432,407,217,372,96,211,850,104,208,595,844,904,353,899,694,49,702,1009,192,368,176,270,356,14,720,485,60,108,98,103,79,91,62,61,88,83,76,50,58,55,102,63,90,72,65,66,40,57,46,55,80,55,50,44,51,78,78,75
[ 26.944690] wil6210-aoa$0,1606461626.525954,04:d6:aa:c1:38:97,2,1,1,0,128,320,980,811,779,934,1002,377,421,187,389,81,220,809,39,245,594,940,996,359,921,791,74,747,36,241,401,137,254,366,47,474,278,55,102,92,97,75,85,57,55,82,79,72,46,55,52,95,58,84,68,60,64,39,54,43,55,74,49,50,44,50,77,77,74
[ 26.969118] wil6210-aoa$0,1606461626.550379,04:d6:aa:c1:38:97,2,1,1,0,128,331,949,801,803,923,991,475,464,147,367,81,252,801,96,186,610,931,7,391,923,727,34,774,59,248,383,75,201,366,50,440,244,57,109,98,103,78,89,59,62,86,81,75,48,60,55,95,60,90,72,63,65,39,57,45,53,80,52,49,44,50,75,79,72
[ 26.998123] wil6210-aoa$0,1606461626.579383,04:d6:aa:c1:38:97,2,1,1,0,128,770,757,216,561,913,988,385,379,212,372,8,172,230,877,158,557,878,915,855,691,741,30,673,1011,205,350,98,225,368,60,25,827,51,93,86,88,69,78,52,53,75,74,64,43,52,48,87,57,80,66,55,57,34,51,39,49,70,46,47,40,45,70,71,69
[ 27.024966] wil6210-aoa$0,1606461626.606231,04:d6:aa:c1:38:97,2,1,1,0,128,341,967,759,765,939,1017,347,349,134,345,42,164,857,52,170,557,903,946,369,942,697,31,708,1012,221,387,137,268,381,67,544,264,58,110,97,104,77,87,56,61,85,81,72,47,59,55,96,60,86,74,64,63,39,57,47,56,76,52,49,44,52,77,80,76
[ 27.050094] wil6210-aoa$0,1606461626.631356,04:d6:aa:c1:38:97,2,1,1,0,128,327,970,745,777,900,985,479,438,157,386,40,146,844,68,209,591,837,894,381,905,646,989,723,31,234,386,151,279,315,1018,819,576,57,110,96,101,76,85,57,59,84,79,71,43,54,53,91,60,86,70,64,63,36,51,43,51,71,45,44,38,43,69,71,65
[ 27.079998] wil6210-aoa$0,1606461626.661260,04:d6:aa:c1:38:97,2,1,1,0,128,827,739,823,760,937,989,403,382,93,314,21,194,774,11,641,370,353,762,811,676,194,844,217,908,194,340,112,238,827,898,939,800,56,102,91,96,75,84,58,58,82,79,72,44,58,51,92,58,83,70,60,63,36,52,44,52,74,48,48,42,49,75,78,74
[ 27.103570] wil6210-aoa$0,1606461626.684831,04:d6:aa:c1:38:97,2,1,1,0,128,299,962,741,783,916,972,909,219,181,431,62,198,841,12,162,532,351,707,933,751,719,31,717,6,223,385,133,245,329,11,388,68,57,109,99,104,78,87,58,61,86,82,72,45,56,54,94,59,85,72,61,62,37,52,44,51,76,48,46,39,47,72,74,67
[ 27.132751] wil6210-aoa$0,1606461626.714015,04:d6:aa:c1:38:97,2,1,1,0,128,308,927,798,798,997,3,397,407,175,366,94,225,787,35,672,371,362,748,900,740,767,58,737,1018,299,404,156,256,316,7,933,711,53,102,92,95,73,81,54,55,80,73,68,41,52,47,85,55,78,65,56,56,34,48,37,45,67,41,42,35,39,64,62,57
[ 27.154988] wil6210-aoa$0,1606461626.736252,04:d6:aa:c1:38:97,2,1,1,0,128,327,947,835,782,950,991,375,368,230,416,55,209,798,50,221,583,864,915,348,882,725,20,699,24,677,173,173,230,369,35,376,161,52,95,86,91,70,80,53,53,76,74,69,45,53,49,89,57,80,65,56,60,36,52,41,51,71,50,48,42,48,71,76,74
[ 27.185230] wil6210-aoa$0,1606461626.766491,04:d6:aa:c1:38:97,2,1,1,0,128,740,718,224,555,905,986,395,404,113,309,24,170,264,880,662,390,924,968,451,938,795,55,724,43,199,335,140,212,870,892,443,174,57,102,93,98,72,85,57,55,84,78,72,48,56,54,94,60,84,70,60,63,37,56,44,53,76,51,49,43,50,76,80,73
[ 27.208068] wil6210-aoa$0,1606461626.789332,04:d6:aa:c1:38:97,2,1,1,0,128,387,990,788,796,991,16,367,379,96,313,488,989,827,26,217,602,915,933,388,912,737,19,708,8,233,404,133,221,351,71,933,658,61,108,99,106,78,92,61,60,89,86,77,48,61,56,101,65,91,74,66,67,42,60,48,57,81,55,55,50,56,83,88,83
[ 27.240169] wil6210-aoa$0,1606461626.821431,04:d6:aa:c1:38:97,2,1,1,0,128,259,900,840,785,1004,1016,416,371,137,343,89,243,860,102,228,580,871,936,384,932,658,20,760,57,151,366,117,290,419,100,573,229,52,102,92,97,70,80,53,55,80,74,67,43,51,50,88,56,79,66,58,59,34,52,39,50,71,47,45,41,46,71,69,67
[ 27.269266] wil6210-aoa$0,1606461626.850528,04:d6:aa:c1:38:97,2,1,1,0,128,316,916,783,746,966,7,372,362,139,352,52,213,854,76,147,543,349,731,383,884,690,19,732,23,203,375,175,273,377,31,892,634,51,101,91,97,69,81,56,55,83,76,68,41,51,50,84,54,80,65,55,56,34,47,37,46,70,43,41,37,43,65,67,62
[ 27.292828] wil6210-aoa$0,1606461626.874092,04:d6:aa:c1:38:97,2,1,1,0,128,740,696,216,559,930,969,891,208,192,383,67,197,223,835,674,385,330,717,826,686,177,807,237,872,247,377,153,235,387,38,446,126,53,101,92,96,72,82,54,56,80,76,69,44,53,51,89,56,81,65,57,59,37,51,39,47,72,47,43,38,44,70,68,64
[ 27.331459] wil6210-aoa$0,1606461626.912724,04:d6:aa:c1:38:97,2,1,1,0,128,313,933,796,802,925,1006,407,395,222,381,51,174,850,64,272,631,891,983,427,946,760,63,698,1001,199,320,102,222,433,69,207,852,59,107,96,105,77,89,60,60,88,84,76,49,59,57,98,63,90,74,64,66,41,57,45,55,80,52,51,46,52,81,82,78
[ 27.354502] wil6210-aoa$0,1606461626.935768,04:d6:aa:c1:38:97,2,1,1,0,128,301,905,804,772,908,960,491,420,126,316,50,198,853,70,251,589,875,918,384,894,118,803,188,861,689,176,643,43,338,30,1000,795,52,99,87,93,71,76,51,56,75,73,67,40,48,46,83,53,75,63,55,53,32,46,35,44,66,40,38,33,37,62,60,56
[ 27.386515] wil6210-aoa$0,1606461626.967777,04:d6:aa:c1:38:97,2,1,1,0,128,773,738,808,784,987,1000,840,161,251,433,53,168,267,893,210,595,886,957,385,900,706,18,746,3,707,195,82,203,383,56,762,527,55,109,95,100,76,86,58,58,83,78,74,46,52,54,92,56,81,66,59,59,36,52,39,48,71,44,45,36,44,69,66,64
[ 27.415397] wil6210-aoa$0,1606461626.996658,04:d6:aa:c1:38:97,2,1,1,0,128,333,962,806,798,961,6,404,409,162,375,7,188,834,56,248,562,937,957,401,910,719,27,690,1014,724,231,53,171,419,71,775,515,57,106,97,104,76,88,60,60,86,82,74,48,58,54,99,62,89,72,62,64,39,57,46,55,79,52,49,46,51,77,81,75
[ 27.444197] wil6210-aoa$0,1606461627.025455,04:d6:aa:c1:38:97,2,1,1,0,128,754,735,240,584,358,786,483,470,213,392,50,212,832,94,602,336,379,763,420,968,692,13,692,10,206,314,564,7,831,859,100,900,57,107,97,103,76,86,59,59,87,83,73,47,57,54,96,59,84,72,62,63,38,53,44,49,75,48,47,40,45,72,74,68
[ 27.472847] wil6210-aoa$0,1606461627.054107,04:d6:aa:c1:38:97,2,1,1,0,128,246,896,815,785,921,1003,488,479,139,399,132,257,800,56,137,553,839,908,413,954,730,63,738,69,176,339,134,230,383,34,500,234,51,99,90,95,69,79,52,56,79,73,67,41,49,48,85,53,77,65,55,59,34,48,39,48,67,42,42,37,40,63,63,59
[ 27.502070] wil6210-aoa$0,1606461627.083331,04:d6:aa:c1:38:97,2,1,1,0,128,813,789,731,736,947,1005,343,329,654,151,548,10,231,854,664,344,373,787,314,851,203,843,718,6,228,387,117,211,348,15,189,950,59,105,98,105,77,90,60,59,87,83,76,48,58,57,99,62,89,72,65,65,39,59,48,56,81,53,52,46,51,80,84,79
[ 27.531871] wil6210-aoa$0,1606461627.113131,04:d6:aa:c1:38:97,2,1,1,0,128,297,915,843,834,932,1021,408,436,82,341,106,256,866,61,223,607,910,999,310,892,696,42,798,93,216,390,112,218,442,82,517,218,53,102,92,95,71,82,54,54,82,74,68,41,51,51,87,54,80,65,56,58,34,50,40,48,67,46,43,37,43,68,68,62
[ 27.560965] wil6210-aoa$0,1606461627.142225,04:d6:aa:c1:38:97,2,1,1,0,128,281,892,787,812,923,994,415,423,145,389,527,42,250,877,621,351,391,788,413,905,131,825,203,854,704,130,92,198,884,884,192,983,54,100,92,98,73,84,55,57,81,77,71,46,55,52,92,60,84,66,60,60,37,54,43,53,72,50,47,42,49,74,76,70
[ 27.590505] wil6210-aoa$0,1606461627.171764,04:d6:aa:c1:38:97,2,1,1,0,128,763,765,745,761,898,949,867,185,655,177,81,208,767,18,707,383,926,951,393,915,765,45,691,997,709,173,584,38,852,885,536,324,59,110,99,105,77,89,59,59,90,81,73,47,59,54,96,60,90,73,60,66,39,58,45,53,78,49,49,43,50,76,78,72
[ 27.617077] wil6210-aoa$0,1606461627.198342,04:d6:aa:c1:38:97,2,1,1,0,128,790,754,837,849,982,4,405,388,136,375,84,221,808,53,208,589,934,944,453,944,764,67,717,1020,232,368,147,249,351,34,430,169,50,93,84,90,65,76,52,50,77,71,68,42,50,47,83,53,76,62,54,57,33,47,38,46,67,42,42,37,43,67,66,63
[ 27.642882] wil6210-aoa$0,1606461627.224141,04:d6:aa:c1:38:97,2,1,1,0,128,273,920,778,776,946,1000,382,347,180,412,80,217,752,1006,207,586,920,987,373,911,737,62,683,1014,699,142,147,212,350,25,718,486,54,104,96,101,72,84,56,57,85,80,73,45,53,53,93,57,86,71,59,62,35,54,39,48,73,45,45,38,45,72,68,67
[ 27.672333] wil6210-aoa$0,1606461627.253594,04:d6:aa:c1:38:97,2,1,1,0,128,263,874,754,748,975,999,335,381,178,380,68,253,837,65,188,608,901,966,377,916,686,39,189,863,231,345,177,264,380,85,804,556,53,95,86,90,69,79,51,53,77,72,63,42,52,49,85,54,77,63,56,56,34,47,39,48,69,45,44,39,43,67,68,64
[ 27.698822] wil6210-aoa$0,1606461627.280086,04:d6:aa:c1:38:97,2,1,1,0,128,272,935,205,584,948,1015,383,380,186,368,39,233,809,16,612,357,372,816,358,864,709,15,726,10,227,353,96,194,364,5,927,655,53,99,93,96,73,80,54,55,79,72,69,43,53,50,90,56,80,64,57,58,34,48,39,48,73,44,43,38,46,70,68,64
[ 27.725105] wil6210-aoa$0,1606461627.306363,04:d6:aa:c1:38:97,2,1,1,0,128,679,652,730,745,926,956,461,442,122,314,53,171,815,64,249,614,899,954,382,934,728,22,693,983,633,146,565,20,835,879,440,257,53,91,84,89,68,77,51,52,77,72,65,42,53,50,89,55,77,64,56,59,35,50,41,49,69,49,44,40,47,71,70,67
[ 27.748295] wil6210-aoa$0,1606461627.329559,04:d6:aa:c1:38:97,2,1,1,0,128,234,882,784,756,400,808,940,207,628,145,534,1016,291,875,206,565,901,981,358,875,719,7,186,864,225,357,91,194,801,875,213,1015,58,110,98,102,76,89,57,60,86,80,73,45,56,55,93,61,87,73,63,64,38,53,44,53,76,50,47,44,48,75,78,72
[ 27.780761] wil6210-aoa$0,1606461627.362021,04:d6:aa:c1:38:97,2,1,1,0,128,291,894,695,702,921,1010,359,386,185,366,63,202,281,880,640,363,374,765,358,896,714,53,752,43,249,374,95,240,351,36,853,619,52,99,94,96,73,82,55,56,80,78,68,42,54,51,91,59,81,67,58,61,37,52,42,51,72,47,48,42,46,72,74,69
[ 27.810281] wil6210-aoa$0,1606461627.391544,04:d6:aa:c1:38:97,2,1,1,0,128,278,932,754,751,986,14,383,417,122,346,496,969,877,84,245,596,836,929,391,916,778,66,780,89,183,366,43,181,357,15,591,330,52,101,92,96,72,81,54,55,81,75,67,44,50,49,90,57,81,66,57,59,36,51,39,50,73,48,46,39,46,70,69,66
[ 27.834059] wil6210-aoa$0,1606461627.415325,04:d6:aa:c1:38:97,2,1,1,0,128,278,891,805,791,959,3,427,381,173,379,24,154,297,898,667,366,911,953,342,868,194,846,747,25,747,176,174,231,374,62,942,711,58,109,99,104,76,88,60,59,87,83,75,46,59,57,96,62,88,73,63,64,40,56,44,55,78,53,48,43,51,75,80,71
[ 27.863873] wil6210-aoa$0,1606461627.445138,04:d6:aa:c1:38:97,2,1,1,0,128,258,885,783,741,944,968,399,396,201,410,13,197,844,40,201,603,943,963,449,953,719,38,775,59,228,381,95,175,361,28,820,552,60,108,98,105,80,89,59,59,88,83,77,50,60,55,99,64,91,75,66,66,41,57,47,58,78,52,52,46,52,77,83,78
[ 27.886835] wil6210-aoa$0,1606461627.468099,04:d6:aa:c1:38:97,2,1,1,0,128,271,895,701,752,349,785,907,204,624,145,493,6,239,850,659,422,858,916,831,693,128,837,143,865,708,203,551,44,360,13,837,666,56,109,97,102,73,86,58,58,86,80,74,46,55,53,95,59,85,69,59,62,35,53,42,51,72,47,47,41,46,71,73,69
[ 27.917276] wil6210-aoa$0,1606461627.498536,04:d6:aa:c1:38:97,2,1,1,0,128,332,961,724,783,927,1008,402,420,160,390,107,257,853,65,247,568,883,915,344,842,185,845,723,1023,276,399,115,177,429,4,150,896,58,106,97,101,78,90,60,59,87,82,76,50,57,55,100,61,90,72,65,66,39,59,46,54,79,50,51,45,52,78,81,78
[ 27.945265] wil6210-aoa$0,1606461627.526529,04:d6:aa:c1:38:97,2,1,1,0,128,794,770,777,772,924,1020,413,419,168,343,500,1004,849,28,228,625,836,918,345,894,664,998,168,850,691,154,79,213,355,40,804,531,59,108,97,106,77,89,60,60,89,83,76,49,57,53,98,63,88,73,62,65,39,58,45,54,78,51,52,46,53,78,81,77
[ 27.971603] wil6210-aoa$0,1606461627.552862,04:d6:aa:c1:38:97,2,1,1,0,128,292,947,742,782,384,799,931,232,187,409,64,246,805,37,261,604,911,997,339,849,208,899,695,11,286,401,164,243,399,82,772,510,51,95,85,91,67,77,51,53,76,74,63,42,50,49,85,55,78,63,54,58,35,49,39,49,69,45,44,38,45,68,70,67
[ 28.001495] wil6210-aoa$0,1606461627.582760,04:d6:aa:c1:38:97,2,1,1,0,128,274,955,795,789,910,997,392,406,187,350,108,212,903,122,170,636,860,918,348,867,209,857,773,52,210,343,128,225,343,38,388,130,53,104,97,104,74,85,57,57,85,79,72,41,52,51,89,56,82,68,60,57,36,48,38,47,68,43,41,37,42,66,68,63
[ 28.025401] wil6210-aoa$0,1606461627.606666,04:d6:aa:c1:38:97,2,1,1,0,128,287,917,265,614,402,794,462,432,178,366,71,195,789,24,673,392,850,896,885,731,175,863,711,7,205,343,557,45,908,926,408,204,56,108,96,102,76,86,58,58,86,78,72,43,53,52,92,59,85,71,60,63,37,53,42,52,76,47,46,41,48,74,75,70
[ 28.053907] wil6210-aoa$0,1606461627.635167,04:d6:aa:c1:38:97,2,1,1,0,128,294,959,803,752,934,976,457,389,185,407,63,202,776,34,266,622,912,971,381,916,752,67,675,10,169,339,100,200,347,45,279,1000,58,106,99,102,78,87,60,60,86,81,76,46,55,52,99,60,88,71,62,63,39,55,44,51,77,51,48,41,47,76,73,69
[ 28.083423] wil6210-aoa$0,1606461627.664681,04:d6:aa:c1:38:97,2,1,1,0,128,339,965,749,776,958,968,431,399,190,379,130,241,811,51,187,591,917,947,363,921,776,34,722,27,203,383,150,286,336,39,85,878,57,107,98,103,79,91,61,59,87,84,75,47,58,56,97,58,88,72,64,64,37,54,45,52,76,49,47,42,47,75,72,70
[ 28.112981] wil6210-aoa$0,1606461627.694242,04:d6:aa:c1:38:97,2,1,1,0,128,754,740,798,793,982,21,409,368,224,407,1023,186,307,883,641,360,365,781,770,635,227,885,185,871,197,327,95,250,372,34,133,993,58,109,100,102,78,88,59,62,87,82,74,46,55,54,96,62,88,70,63,64,40,57,46,56,82,50,51,45,52,78,80,75
[ 28.142934] wil6210-aoa$0,1606461627.724194,04:d6:aa:c1:38:97,2,1,1,0,128,343,983,777,777,953,1012,480,479,159,362,45,216,909,102,216,578,950,982,422,972,753,126,716,21,242,401,172,275,424,140,361,1006,52,102,92,95,71,82,55,57,80,75,68,44,53,50,89,57,81,67,57,59,36,51,40,48,71,46,44,37,45,69,69,64
[ 28.172877] wil6210-aoa$0,1606461627.754139,04:d6:aa:c1:38:97,2,1,1,0,128,267,894,733,737,946,999,368,360,160,419,66,236,832,69,215,656,871,975,331,876,708,48,743,45,262,397,136,266,357,59,992,741,52,98,93,96,72,82,55,57,79,77,68,43,52,48,86,55,80,66,56,59,36,48,42,50,70,46,46,40,45,69,70,67
[ 28.202701] wil6210-aoa$0,1606461627.783964,04:d6:aa:c1:38:97,2,1,1,0,128,765,716,242,596,927,971,373,346,162,373,45,184,844,99,191,585,865,932,445,978,721,21,789,43,201,385,138,261,327,28,32,820,55,103,90,94,72,83,55,56,82,76,69,43,52,51,89,55,80,65,56,58,35,50,39,47,69,44,42,35,42,68,65,61
[ 28.232015] wil6210-aoa$0,1606461627.813280,04:d6:aa:c1:38:97,2,1,1,0,128,317,929,782,821,981,6,401,404,192,345,67,180,860,68,205,566,920,955,418,958,693,7,776,52,208,390,134,251,423,75,298,15,52,99,91,97,70,81,53,56,81,74,70,45,54,49,90,56,82,65,59,57,35,51,41,49,74,48,44,39,45,70,70,65
[ 28.255279] wil6210-aoa$0,1606461627.836543,04:d6:aa:c1:38:97,2,1,1,0,128,279,890,771,775,912,1013,397,404,151,321,92,209,857,34,207,623,917,953,446,960,721,21,773,62,162,306,113,208,821,868,509,322,54,109,95,101,74,84,54,58,82,75,67,39,47,48,85,50,77,65,54,55,31,42,35,43,63,36,35,31,37,58,57,49
[ 28.285223] wil6210-aoa$0,1606461627.866484,04:d6:aa:c1:38:97,2,1,1,0,128,237,885,794,752,372,777,858,180,189,394,993,160,828,26,177,567,336,721,832,704,207,888,724,37,254,408,65,255,347,1018,706,547,53,102,93,96,70,79,52,55,76,74,67,42,50,49,88,57,78,65,56,59,33,48,39,48,68,43,42,38,43,66,66,63
[ 28.314128] wil6210-aoa$0,1606461627.895392,04:d6:aa:c1:38:97,2,1,1,0,128,239,925,186,556,346,805,828,183,668,203,47,245,792,1014,201,573,895,933,830,669,209,876,745,19,217,360,147,224,377,29,392,233,58,107,97,102,78,90,60,62,86,81,73,48,57,56,101,63,91,69,65,65,40,57,45,55,80,52,50,44,51,76,82,74
[ 28.340565] wil6210-aoa$0,1606461627.921824,04:d6:aa:c1:38:97,2,1,1,0,128,255,908,794,820,880,973,426,409,196,364,43,194,887,88,194,564,903,910,353,871,752,64,729,17,197,338,132,285,359,55,938,602,50,93,84,88,67,77,52,53,76,70,65,41,51,46,84,53,77,62,55,56,34,48,39,48,68,44,45,39,44,66,70,64
[ 28.371634] wil6210-aoa$0,1606461627.952895,04:d6:aa:c1:38:97,2,1,1,0,128,293,978,708,779,934,0,397,417,220,441,56,228,827,59,274,648,899,945,430,949,711,0,693,4,327,447,131,236,390,62,935,574,59,106,99,103,79,89,60,61,88,84,75,49,57,56,103,62,90,73,64,67,38,57,44,55,79,51,50,42,50,78,79,74
[ 28.400137] wil6210-aoa$0,1606461627.981402,04:d6:aa:c1:38:97,2,1,1,0,128,315,930,734,765,923,1023,427,370,159,346,29,176,788,33,167,584,824,920,850,745,172,868,770,37,241,366,160,223,443,93,942,659,56,109,96,104,79,86,58,60,88,82,72,46,55,53,94,57,85,72,61,63,35,52,42,50,74,47,47,39,45,71,72,66
[ 28.428447] wil6210-aoa$0,1606461628.009706,04:d6:aa:c1:38:97,2,1,1,0,128,305,949,742,718,971,1022,396,395,653,179,24,194,896,62,233,650,857,934,376,893,764,48,694,1015,250,387,36,165,860,888,118,847,50,91,84,87,65,74,48,50,74,70,61,38,48,46,80,50,74,60,51,53,32,46,35,44,66,39,39,35,39,62,60,59
[ 28.457834] wil6210-aoa$0,1606461628.039098,04:d6:aa:c1:38:97,2,1,1,0,128,284,923,806,780,928,1001,428,407,708,208,68,222,774,13,680,385,917,923,349,869,756,58,678,1018,270,385,112,213,400,6,650,494,58,106,97,102,76,84,56,59,85,78,71,43,53,51,93,58,83,70,58,61,37,49,40,48,71,43,45,39,42,70,72,65
[ 28.483323] wil6210-aoa$0,1606461628.064585,04:d6:aa:c1:38:97,2,1,1,0,128,324,951,831,820,965,11,408,353,208,413,13,170,815,49,167,579,920,952,374,875,663,992,237,914,239,402,133,235,326,9,689,297,51,93,86,90,68,79,52,53,77,72,65,42,52,51,87,54,77,62,56,57,33,48,39,47,68,44,43,40,43,67,70,66
[ 28.513941] wil6210-aoa$0,1606461628.095203,04:d6:aa:c1:38:97,2,1,1,0,128,288,928,779,770,887,966,442,389,229,366,84,200,835,60,146,531,910,969,415,962,735,44,693,8,197,315,589,53,409,57,31,804,56,107,98,105,75,87,58,59,87,81,75,46,57,56,96,61,86,70,63,63,39,55,43,53,77,49,48,41,50,73,77,72
[ 28.537834] wil6210-aoa$0,1606461628.119094,04:d6:aa:c1:38:97,2,1,1,0,128,270,929,813,814,977,1,385,393,167,368,52,146,795,5,215,580,974,944,433,934,724,27,791,50,221,381,89,215,383,34,930,702,59,107,97,102,80,88,59,59,89,83,75,48,57,54,98,60,88,71,61,61,40,56,44,53,76,50,49,43,50,77,79,74
[ 28.569948] wil6210-aoa$0,1606461628.151209,04:d6:aa:c1:38:97,2,1,1,0,128,284,959,786,771,952,2,370,377,197,409,62,194,867,60,191,549,969,976,368,894,685,18,684,1005,712,150,570,35,396,42,392,204,52,95,88,92,69,78,51,52,78,72,65,42,50,49,87,55,76,62,55,56,34,50,39,50,67,47,44,39,45,68,70,67
[ 28.600014] wil6210-aoa$0,1606461628.181278,04:d6:aa:c1:38:97,2,1,1,0,128,707,663,230,570,388,808,875,171,638,177,471,994,278,851,648,375,886,915,891,724,168,865,173,852,718,181,502,997,878,888,316,174,60,109,98,102,79,87,59,60,88,82,73,46,59,55,98,61,88,73,63,64,38,55,43,54,77,50,49,44,48,74,76,74
[ 28.624022] wil6210-aoa$0,1606461628.205285,04:d6:aa:c1:38:97,2,1,1,0,128,805,758,805,771,961,968,898,234,638,139,6,154,324,883,194,557,339,781,340,879,734,24,124,849,647,138,569,1021,825,840,558,404,57,109,98,103,77,87,58,59,86,81,75,45,57,53,97,58,85,71,62,63,37,52,44,52,76,48,50,41,44,73,76,69
[ 28.653344] wil6210-aoa$0,1606461628.234605,04:d6:aa:c1:38:97,2,1,1,0,128,361,975,733,776,926,1004,387,396,195,352,60,217,804,52,131,527,887,961,340,926,733,30,720,22,271,403,119,260,394,113,85,724,54,102,92,98,73,84,59,56,84,76,70,46,53,52,93,57,82,67,60,60,36,52,42,51,71,46,46,39,45,70,73,65
[ 28.683561] wil6210-aoa$0,1606461628.264823,04:d6:aa:c1:38:97,2,1,1,0,128,308,962,817,797,1013,7,458,413,165,380,47,228,774,31,210,607,931,994,376,943,672,25,713,1015,195,361,146,252,418,75,94,769,56,100,92,95,76,84,57,57,83,79,71,45,54,53,92,59,85,70,59,63,37,55,42,53,76,49,47,44,50,75,77,73
[ 28.713868] wil6210-aoa$0,1606461628.295129,04:d6:aa:c1:38:97,2,1,1,0,128,252,865,819,783,394,818,453,424,129,338,1003,155,850,38,205,545,903,939,375,905,759,46,738,17,205,334,140,257,430,69,492,244,61,109,99,105,80,91,61,60,87,85,75,51,59,56,104,64,88,73,65,66,40,58,46,56,80,52,53,47,52,81,81,77
[ 28.739437] wil6210-aoa$0,1606461628.320700,04:d6:aa:c1:38:97,2,1,1,0,128,286,949,748,775,920,988,853,198,672,184,80,230,868,86,182,600,873,981,370,927,710,21,725,17,264,361,91,211,367,24,308,165,53,99,88,95,71,78,56,57,78,74,70,44,51,50,90,56,79,66,56,59,36,52,41,49,72,46,44,37,45,70,70,66
[ 28.763602] wil6210-aoa$0,1606461628.344863,04:d6:aa:c1:38:97,2,1,1,0,128,266,918,713,757,908,1002,384,396,612,136,50,212,781,16,252,603,961,985,378,901,200,864,746,1010,721,202,97,207,363,46,357,179,51,95,85,92,69,78,52,53,78,71,66,41,52,49,84,52,76,63,55,55,34,49,39,48,68,45,43,38,46,67,68,67
[ 28.796258] wil6210-aoa$0,1606461628.377520,04:d6:aa:c1:38:97,2,1,1,0,128,344,928,834,805,888,977,323,308,199,403,1014,162,829,21,242,600,923,998,350,896,740,32,684,1009,683,150,136,217,816,852,332,70,60,107,97,103,79,88,62,61,89,86,75,49,57,55,98,61,90,74,62,67,41,56,46,56,80,53,51,46,53,80,79,74
[ 28.827059] wil6210-aoa$0,1606461628.408323,04:d6:aa:c1:38:97,2,1,1,0,128,257,919,824,824,866,990,448,451,194,393,41,220,802,31,171,560,920,991,374,925,754,60,719,21,251,434,132,280,394,65,939,691,57,110,101,106,76,87,59,60,84,80,73,46,54,56,91,58,86,70,60,61,38,53,40,49,74,47,45,39,46,73,71,66
[ 28.851975] wil6210-aoa$0,1606461628.433235,04:d6:aa:c1:38:97,2,1,1,0,128,256,928,789,804,933,1023,376,352,156,356,67,195,794,46,216,582,939,982,393,912,727,18,715,1,188,359,504,986,863,879,330,170,53,99,89,95,71,81,54,55,79,71,67,38,49,47,83,51,77,63,53,55,33,42,37,44,66,40,39,35,39,63,64,56
[ 28.883548] wil6210-aoa$0,1606461628.464810,04:d6:aa:c1:38:97,2,1,1,0,128,286,947,727,723,385,821,898,185,641,171,41,169,825,63,227,622,884,947,422,918,717,32,758,6,206,349,90,195,344,6,556,342,62,107,97,101,80,91,62,60,89,85,77,52,61,59,103,64,89,73,67,67,42,62,48,60,82,57,56,51,57,84,91,87
[ 28.914003] wil6210-aoa$0,1606461628.495264,04:d6:aa:c1:38:97,2,1,1,0,128,232,889,822,847,907,982,887,209,643,219,17,179,764,1,708,398,881,897,888,741,187,822,721,18,645,153,593,51,336,1018,960,785,53,102,91,96,73,81,56,57,82,77,71,46,55,53,90,57,83,68,60,60,37,53,43,50,72,46,47,39,45,70,73,69
[ 28.954288] wil6210-aoa$0,1606461628.535553,04:d6:aa:c1:38:97,2,1,1,0,128,246,884,825,817,966,1023,383,418,126,335,89,234,867,74,228,602,854,971,434,919,730,0,730,11,213,380,87,216,852,891,224,966,59,109,100,103,76,88,60,60,90,85,77,48,59,56,102,61,88,75,62,64,39,56,45,54,80,52,50,44,49,76,81,74
[ 28.978527] wil6210-aoa$0,1606461628.559793,04:d6:aa:c1:38:97,2,1,1,0,128,268,905,819,806,913,985,394,377,155,403,1003,162,802,53,211,628,882,929,377,914,697,25,773,2,264,403,107,227,421,55,550,351,51,98,89,94,71,82,53,55,77,74,66,42,51,47,83,55,78,64,53,57,34,49,38,46,70,43,43,37,45,68,65,63
[ 29.008975] wil6210-aoa$0,1606461628.590235,04:d6:aa:c1:38:97,2,1,1,0,128,319,948,797,769,960,15,400,396,168,404,72,244,888,88,208,600,885,963,432,964,768,87,708,1019,258,440,200,321,426,99,56,847,59,108,95,102,79,87,60,60,87,83,74,48,59,54,99,61,89,72,63,66,38,57,47,56,77,48,51,43,47,74,76,74
[ 29.040851] wil6210-aoa$0,1606461628.622112,04:d6:aa:c1:38:97,2,1,1,2,128,319,948,797,769,960,15,400,396,168,404,72,244,888,88,208,600,885,963,432,964,768,87,708,1019,258,440,200,321,426,99,56,847,59,109,100,103,76,88,60,60,90,85,77,48,59,56,102,61,88,75,62,64,39,56,45,54,80,52,50,44,49,76,81,74
[ 29.072096] wil6210-aoa$0,1606461628.653356,04:d6:aa:c1:38:97,2,1,1,0,128,286,928,772,752,365,730,834,149,646,141,474,1021,833,63,115,501,963,997,390,891,172,834,694,1006,197,367,123,235,374,61,271,913,55,99,89,95,72,84,55,56,81,77,68,43,53,51,90,54,81,65,56,59,36,51,41,49,71,46,46,39,44,68,70,65
[ 29.100000] wil6210-aoa$0,1606461628.681259,04:d6:aa:c1:38:97,2,1,1,2,128,286,928,772,752,365,730,834,149,646,141,474,1021,833,63,115,501,963,997,390,891,172,834,694,1006,197,367,123,235,374,61,271,913,59,109,100,103,76,88,60,60,90,85,77,48,59,56,102,61,88,75,62,64,39,56,45,54,80,52,50,44,49,76,81,74
[ 29.128546] wil6210-aoa$0,1606461628.709810,04:d6:aa:c1:38:97,2,1,1,0,128,826,782,833,787,962,1004,837,224,97,309,972,160,722,40,157,525,919,933,388,877,653,60,711,33,615,164,57,210,424,74,555,233,63,59,89,72,61,60,64,30,92,74,80,63,55,66,105,51,69,47,43,44,42,43,34,52,63,39,37,37,30,57,68,48
[ 29.157289] wil6210-aoa$0,1606461628.738549,04:d6:aa:c1:38:97,2,1,1,0,128,339,1005,835,809,968,991,313,415,56,285,51,235,768,37,138,549,907,958,414,907,679,107,730,32,140,335,87,180,356,997,905,679,69,60,87,72,63,59,64,32,87,76,80,72,64,74,111,56,73,46,44,46,50,60,41,66,72,48,44,43,43,75,80,63
[ 29.181853] wil6210-aoa$0,1606461628.763115,04:d6:aa:c1:38:97,2,1,1,0,128,314,970,788,767,972,21,332,414,105,317,6,212,730,39,132,529,934,956,392,908,651,40,776,91,77,338,93,239,414,48,97,868,68,51,89,71,58,57,68,31,89,71,81,71,61,79,114,55,75,46,41,45,51,60,41,65,74,47,47,42,49,80,85,64
[ 29.211444] wil6210-aoa$0,1606461628.792708,04:d6:aa:c1:38:97,2,1,1,0,128,813,747,266,599,461,841,891,222,149,335,81,238,720,8,617,293,422,794,400,882,635,14,206,886,630,140,608,61,414,74,471,172,61,40,68,56,53,49,54,27,65,62,72,63,54,63,91,46,61,35,31,36,37,50,30,51,57,39,37,34,42,69,70,52
[ 29.235228] wil6210-aoa$0,1606461628.816491,04:d6:aa:c1:38:97,2,1,1,0,128,322,934,794,754,926,989,386,412,158,352,978,186,758,71,110,482,871,916,430,908,612,56,761,66,134,332,89,211,356,1008,755,519,69,61,90,80,58,63,68,27,90,78,79,65,64,73,107,46,73,45,45,43,49,52,44,61,71,45,44,44,43,74,76,62
[ 29.261321] wil6210-aoa$0,1606461628.842586,04:d6:aa:c1:38:97,2,1,1,0,128,290,933,811,806,984,16,395,434,124,324,24,224,765,37,135,600,949,979,386,943,661,48,728,52,189,392,103,213,489,100,192,944,64,62,88,84,63,60,61,29,91,77,79,68,57,68,113,51,74,43,47,43,46,51,40,58,66,43,41,40,37,62,68,56
[ 29.294692] wil6210-aoa$0,1606461628.875951,04:d6:aa:c1:38:97,2,1,1,0,128,319,945,834,753,904,978,861,224,582,100,496,12,807,96,167,544,957,956,384,896,703,103,736,62,226,361,137,277,426,58,915,534,58,51,79,66,54,51,59,25,79,67,75,62,52,65,99,49,64,40,41,39,37,47,33,55,62,40,38,36,35,65,74,50
[ 29.325639] wil6210-aoa$0,1606461628.906899,04:d6:aa:c1:38:97,2,1,1,0,128,818,772,813,771,1005,2,360,418,124,323,1015,194,751,59,134,516,863,871,345,873,680,45,649,1001,201,318,91,193,849,862,259,83,55,56,80,66,56,55,57,29,79,68,75,64,51,65,100,45,67,40,42,40,42,42,35,53,63,37,39,38,35,63,67,50
[ 29.354968] wil6210-aoa$0,1606461628.936233,04:d6:aa:c1:38:97,2,1,1,0,128,282,933,791,733,943,1019,421,424,69,271,3,184,144,819,153,536,924,918,358,871,628,19,717,26,202,366,45,170,360,1023,509,180,59,62,89,79,53,59,63,30,92,77,79,61,56,67,112,50,68,39,45,42,43,44,35,60,63,41,41,38,30,57,72,50
[ 29.382427] wil6210-aoa$0,1606461628.963687,04:d6:aa:c1:38:97,2,1,1,0,128,291,1009,812,832,958,34,418,459,122,294,1018,184,722,20,194,592,995,981,373,868,642,63,733,29,137,330,82,195,408,34,235,925,62,52,77,65,55,53,59,28,77,67,72,63,54,63,102,49,63,38,34,41,41,52,36,58,63,38,39,36,40,71,78,55
[ 29.408005] wil6210-aoa$0,1606461628.989265,04:d6:aa:c1:38:97,2,1,1,0,128,741,719,231,625,383,821,372,384,107,350,1002,198,726,43,129,515,912,932,382,895,659,52,712,58,220,341,56,217,403,38,314,53,60,51,74,62,56,54,55,25,78,69,71,64,52,63,98,48,68,40,36,42,42,50,36,56,63,39,40,38,37,69,77,56
[ 29.433896] wil6210-aoa$0,1606461629.015156,04:d6:aa:c1:38:97,2,1,1,0,128,264,922,834,789,361,827,843,183,624,124,60,269,725,31,148,556,961,975,854,694,151,916,759,84,152,331,113,248,402,41,529,314,57,55,81,73,55,55,54,27,81,70,73,60,50,66,99,39,65,42,40,42,39,45,35,53,62,37,38,36,34,58,66,48
[ 29.465377] wil6210-aoa$0,1606461629.046639,04:d6:aa:c1:38:97,2,1,1,0,128,784,723,305,576,382,817,415,394,98,290,444,1000,162,853,634,311,370,741,832,678,138,900,136,805,631,151,585,1022,902,884,115,3,66,59,87,72,62,61,62,29,91,72,79,64,60,70,113,53,76,45,47,46,44,49,41,61,69,43,45,42,43,71,78,60
[ 29.490491] wil6210-aoa$0,1606461629.071750,04:d6:aa:c1:38:97,2,1,1,0,128,292,959,845,823,1005,32,375,410,195,380,1008,213,837,133,147,557,916,946,375,935,684,58,730,67,134,294,94,187,911,902,776,554,65,61,89,80,60,61,64,30,92,77,79,71,61,68,110,47,77,46,45,42,47,50,37,56,67,40,41,40,35,66,72,53
[ 29.520851] wil6210-aoa$0,1606461629.102115,04:d6:aa:c1:38:97,2,1,1,0,128,278,941,739,749,997,39,412,485,93,303,1021,212,702,37,143,515,931,921,364,885,77,922,741,48,225,416,132,240,436,51,51,733,67,61,90,74,59,62,66,32,91,73,87,70,60,77,114,57,74,44,44,44,49,56,40,64,71,45,47,41,47,76,84,63
[ 29.549984] wil6210-aoa$0,1606461629.131246,04:d6:aa:c1:38:97,2,1,1,0,128,367,981,788,808,871,1005,892,226,591,79,481,1017,214,874,162,498,969,965,417,899,696,80,712,13,137,254,104,212,399,25,233,991,65,54,81,68,59,63,61,27,86,71,79,76,66,76,113,52,71,42,43,43,44,63,37,66,75,47,45,42,49,77,83,67
[ 29.575408] wil6210-aoa$0,1606461629.156672,04:d6:aa:c1:38:97,2,1,1,0,128,796,744,832,813,952,1009,404,416,107,302,41,196,772,11,133,566,872,889,398,950,561,40,778,79,139,342,71,195,795,834,892,675,62,46,75,62,54,52,56,27,74,66,74,67,52,67,96,44,66,41,33,38,42,51,36,54,63,40,41,36,43,69,78,58
[ 29.602432] wil6210-aoa$0,1606461629.183692,04:d6:aa:c1:38:97,2,1,1,0,128,303,939,774,789,952,985,421,453,119,327,1015,167,770,81,162,573,926,941,394,913,137,922,704,28,168,350,133,242,455,73,264,970,60,53,79,70,56,52,57,27,77,65,70,59,50,66,96,43,64,42,40,43,43,43,34,52,62,37,38,38,31,64,68,48
[ 29.630053] wil6210-aoa$0,1606461629.211317,04:d6:aa:c1:38:97,2,1,1,0,128,298,940,806,795,988,31,383,429,83,264,459,1005,724,40,137,536,928,944,354,879,595,34,663,14,184,360,107,218,439,61,973,678,67,62,88,76,62,61,64,28,96,79,82,66,59,69,112,48,73,46,44,43,45,47,36,56,66,41,39,38,33,59,71,48
[ 29.660385] wil6210-aoa$0,1606461629.241644,04:d6:aa:c1:38:97,2,1,1,0,128,288,957,773,765,931,986,411,448,70,309,950,140,759,52,91,489,946,982,380,865,714,72,688,1009,99,304,509,985,434,34,1006,758,59,54,78,73,52,54,54,30,75,67,68,56,44,59,97,44,60,42,40,38,40,40,30,50,57,34,35,35,31,57,60,41
[ 29.689160] wil6210-aoa$0,1606461629.270425,04:d6:aa:c1:38:97,2,1,1,0,128,368,996,832,807,950,1013,388,425,100,298,14,190,814,98,145,554,925,957,392,930,687,76,740,63,229,417,161,285,418,37,609,224,57,54,78,70,53,51,53,26,76,65,72,60,52,67,95,46,67,39,36,41,39,48,36,54,62,38,36,39,37,62,68,51
[ 29.718568] wil6210-aoa$0,1606461629.299827,04:d6:aa:c1:38:97,2,1,1,0,128,328,990,854,804,930,1,363,397,131,335,987,191,781,26,113,542,972,978,397,910,692,82,712,44,101,321,41,207,392,28,476,178,69,56,86,74,62,62,62,28,89,75,82,66,61,78,109,52,74,44,47,43,42,54,40,59,64,46,44,40,41,71,82,56
[ 29.749810] wil6210-aoa$0,1606461629.331068,04:d6:aa:c1:38:97,2,1,1,0,128,299,925,851,762,932,982,849,176,596,121,512,22,213,846,656,363,974,981,452,922,138,907,705,65,202,359,159,262,397,24,846,559,69,58,87,76,61,59,59,30,93,79,85,69,59,74,112,52,69,44,43,46,50,55,39,61,69,42,48,42,42,72,76,56
[ 29.781953] wil6210-aoa$0,1606461629.363213,04:d6:aa:c1:38:97,2,1,1,0,128,302,927,803,743,443,836,850,186,615,121,30,193,785,70,539,310,471,814,342,864,108,859,144,832,710,179,592,27,430,50,740,493,66,60,87,74,60,61,63,29,88,76,83,67,58,70,109,50,72,43,46,46,46,53,41,58,69,45,43,43,38,67,80,59
[ 29.812448] wil6210-aoa$0,1606461629.393712,04:d6:aa:c1:38:97,2,1,1,0,128,814,752,869,805,370,830,401,426,198,317,69,235,749,55,141,524,917,900,345,839,742,126,742,38,259,443,74,212,398,27,948,668,61,62,87,79,56,54,56,30,84,77,77,65,52,67,103,49,70,47,46,41,45,47,34,56,67,40,39,37,32,65,68,54
[ 29.837453] wil6210-aoa$0,1606461629.418717,04:d6:aa:c1:38:97,2,1,1,0,128,327,984,799,763,939,28,333,433,136,321,4,194,153,867,137,502,973,976,391,880,591,27,684,36,207,370,89,198,374,5,114,911,68,58,88,72,60,60,66,29,87,70,84,70,58,75,113,53,70,47,43,43,47,56,39,62,71,42,47,46,43,73,86,60
[ 29.876629] wil6210-aoa$0,1606461629.457893,04:d6:aa:c1:38:97,2,1,1,0,128,271,958,794,807,1009,1020,428,449,123,332,77,256,752,55,127,528,895,949,383,887,690,87,691,1008,670,167,113,222,375,30,993,675,65,63,83,74,62,61,66,28,89,76,73,65,56,69,109,50,72,44,47,46,48,49,37,58,63,41,41,41,38,68,72,58
[ 29.906114] wil6210-aoa$0,1606461629.487374,04:d6:aa:c1:38:97,2,1,1,0,128,758,759,792,771,895,993,459,444,114,327,1011,157,791,66,119,495,929,932,364,863,111,898,176,868,124,310,97,204,388,32,418,212,64,59,89,78,58,57,63,30,87,72,80,68,57,70,105,50,68,49,46,43,45,53,39,61,68,44,46,39,39,71,76,55
[ 29.937200] wil6210-aoa$0,1606461629.518465,04:d6:aa:c1:38:97,2,1,1,0,128,794,764,270,586,1003,16,426,463,178,379,21,231,755,54,134,528,932,953,371,888,651,36,763,64,196,392,183,254,422,55,623,387,62,61,85,74,59,55,60,31,85,73,76,64,56,72,103,48,69,43,43,42,44,47,34,55,62,41,39,41,35,65,67,50
[ 29.965192] wil6210-aoa$0,1606461629.546452,04:d6:aa:c1:38:97,2,1,1,0,128,331,948,829,758,970,5,392,397,137,354,46,262,805,79,143,536,919,925,434,906,663,60,725,26,170,356,92,179,481,94,247,845,63,54,80,67,52,53,60,29,84,72,80,66,58,72,104,49,67,40,37,41,45,56,37,60,68,44,46,40,42,75,87,57
[ 29.991259] wil6210-aoa$0,1606461629.572524,04:d6:aa:c1:38:97,2,1,1,0,128,313,875,835,718,25,0,406,418,179,357,1006,208,788,96,161,554,955,946,409,914,680,61,734,80,249,433,179,257,438,93,825,518,62,56,88,81,63,60,68,32,92,70,81,63,60,68,107,47,73,45,47,45,49,50,40,59,67,37,39,37,35,67,70,57
[ 30.021942] wil6210-aoa$0,1606461629.603206,04:d6:aa:c1:38:97,2,1,1,0,128,274,921,798,741,332,729,884,267,82,273,41,210,794,60,181,598,898,918,394,875,689,67,654,25,175,326,92,194,430,36,335,116,59,52,73,65,52,50,57,27,75,64,70,65,57,67,101,47,66,38,40,40,39,52,36,54,64,40,38,35,39,66,71,53
[ 30.046699] wil6210-aoa$0,1606461629.627962,04:d6:aa:c1:38:97,2,1,1,0,128,267,941,788,776,985,19,369,424,86,256,19,152,724,38,21,439,958,942,363,844,590,11,667,978,161,290,92,215,376,65,927,684,72,61,87,72,62,60,65,33,93,71,83,71,61,77,111,53,76,46,45,46,47,59,41,61,69,46,47,43,40,73,82,61
[ 30.072263] wil6210-aoa$0,1606461629.653527,04:d6:aa:c1:38:97,2,1,1,0,128,277,904,883,818,980,1017,365,422,147,331,54,225,775,25,184,562,986,984,377,896,629,34,687,49,130,317,155,223,406,55,366,1015,64,53,84,70,58,62,63,29,85,71,81,74,58,74,108,55,70,41,41,46,48,59,39,63,67,49,48,39,42,78,84,62
[ 30.098583] wil6210-aoa$0,1606461629.679843,04:d6:aa:c1:38:97,2,1,1,0,128,349,1008,797,793,933,1009,350,382,133,327,6,149,761,78,149,545,1011,978,319,912,704,112,655,27,127,321,85,191,453,75,340,128,57,57,85,74,58,55,55,27,89,73,78,62,53,69,101,46,64,42,41,42,41,45,33,55,64,35,37,36,26,53,64,45
[ 30.131280] wil6210-aoa$0,1606461629.712542,04:d6:aa:c1:38:97,2,1,1,0,128,303,937,823,779,948,981,364,414,123,327,998,174,734,12,143,578,979,955,381,910,672,53,718,60,136,327,102,206,333,994,512,269,60,56,85,76,59,58,60,28,86,74,79,71,61,70,109,53,73,45,43,46,47,50,39,62,75,48,42,37,44,73,78,55
[ 30.162668] wil6210-aoa$0,1606461629.743932,04:d6:aa:c1:38:97,2,1,1,0,128,335,941,768,703,972,1023,345,386,600,137,31,227,739,15,107,483,961,950,346,895,749,86,737,60,256,383,78,192,430,56,96,795,57,53,80,70,52,52,52,24,80,68,70,56,46,58,91,33,60,38,40,38,38,32,28,51,50,35,33,31,22,44,51,33
[ 30.187265] wil6210-aoa$0,1606461629.768528,04:d6:aa:c1:38:97,2,1,1,0,128,758,716,245,530,460,860,348,405,105,343,979,158,781,80,89,482,410,766,877,739,637,53,739,26,235,351,3,180,834,824,833,659,61,56,81,69,59,54,62,29,84,73,79,73,58,75,110,49,72,45,41,44,47,55,37,60,69,44,45,39,44,74,87,53
[ 30.218311] wil6210-aoa$0,1606461629.799570,04:d6:aa:c1:38:97,2,1,1,0,128,805,777,826,777,952,29,329,429,164,353,101,257,689,995,185,545,862,895,432,892,649,21,764,69,198,362,118,213,383,1012,399,138,65,49,73,61,53,53,62,29,78,66,77,73,57,71,106,50,67,40,38,40,44,57,37,62,68,43,46,40,39,78,82,58
[ 30.251335] wil6210-aoa$0,1606461629.832594,04:d6:aa:c1:38:97,2,1,1,0,128,227,902,735,815,919,992,358,440,99,289,988,134,635,975,169,568,949,927,360,859,615,22,132,820,611,153,503,5,427,51,638,449,67,62,91,83,68,63,65,32,95,79,84,70,57,68,113,53,76,47,46,44,47,52,38,63,67,46,42,42,36,65,68,54
[ 30.283652] wil6210-aoa$0,1606461629.864912,04:d6:aa:c1:38:97,2,1,1,0,128,830,753,239,562,424,823,367,410,589,129,7,171,698,23,575,314,921,937,824,639,75,861,728,36,184,354,80,201,399,48,722,457,60,66,83,75,57,54,58,26,84,73,72,55,50,63,98,43,62,41,43,40,41,41,34,50,62,36,36,35,31,59,64,47
[ 30.308714] wil6210-aoa$0,1606461629.889978,04:d6:aa:c1:38:97,2,1,1,0,128,329,920,839,761,932,958,416,426,176,312,130,259,746,46,152,522,941,959,402,959,614,1012,702,41,160,370,106,182,382,6,906,681,65,58,82,75,61,59,60,30,84,75,84,67,54,72,109,51,71,44,41,45,48,51,38,62,67,46,43,41,38,66,78,52
[ 30.336019] wil6210-aoa$0,1606461629.917281,04:d6:aa:c1:38:97,2,1,1,0,128,807,713,192,532,449,842,912,272,123,328,80,279,743,54,160,505,998,960,392,871,600,32,742,43,646,143,140,252,386,16,393,119,64,56,84,70,58,59,62,26,86,72,79,69,56,72,107,52,70,43,39,45,48,58,39,62,70,42,44,40,40,69,84,55
[ 30.368502] wil6210-aoa$0,1606461629.949762,04:d6:aa:c1:38:97,2,1,1,0,128,373,994,841,839,909,993,399,434,214,401,11,175,826,63,139,502,956,961,348,866,694,49,713,33,188,345,45,196,423,31,345,118,67,51,84,68,55,60,64,30,82,65,77,75,55,71,107,49,70,41,41,41,49,57,40,62,68,44,43,42,41,76,85,58
[ 30.401092] wil6210-aoa$0,1606461629.982352,04:d6:aa:c1:38:97,2,1,1,0,128,340,954,793,782,945,1007,866,227,86,320,499,989,210,894,585,277,955,970,367,881,706,91,700,995,614,114,87,190,387,14,965,684,51,52,71,65,50,48,50,23,72,61,66,55,48,54,87,40,59,39,38,36,39,37,32,49,56,35,34,31,28,50,57,40
[ 30.432448] wil6210-aoa$0,1606461630.013712,04:d6:aa:c1:38:97,2,1,1,0,128,315,923,810,784,916,995,333,378,132,329,1005,196,734,3,85,497,950,1001,335,924,621,53,646,17,146,346,75,169,847,853,30,718,66,58,88,76,59,59,65,31,88,74,78,69,59,71,113,51,73,44,46,44,50,51,40,61,70,45,43,43,39,70,78,55
[ 30.460872] wil6210-aoa$0,1606461630.042132,04:d6:aa:c1:38:97,2,1,1,0,128,789,805,797,757,948,16,385,421,111,312,27,243,699,49,103,501,398,772,391,917,628,20,723,26,198,364,82,211,422,36,228,1003,58,59,88,81,59,58,61,28,88,70,83,61,51,68,105,47,69,46,45,43,46,44,38,57,63,39,44,37,32,65,64,49
[ 30.493556] wil6210-aoa$0,1606461630.074817,04:d6:aa:c1:38:97,2,1,1,0,128,300,973,784,765,352,802,347,437,100,319,1019,211,776,66,163,573,877,911,816,683,126,929,749,52,147,364,93,236,431,84,904,510,65,59,82,73,63,60,61,29,91,76,83,69,57,69,104,55,71,45,43,43,50,54,39,58,66,43,44,38,40,69,80,61
[ 30.525990] wil6210-aoa$0,1606461630.107250,04:d6:aa:c1:38:97,2,1,1,0,128,314,993,806,792,910,991,429,445,85,320,41,222,772,77,107,515,974,943,411,902,669,16,670,1002,611,168,137,225,410,36,918,786,63,49,76,59,54,54,63,28,82,65,78,70,60,72,105,51,70,39,39,39,46,55,42,60,69,45,48,39,47,74,85,59
[ 30.557401] wil6210-aoa$0,1606461630.138665,04:d6:aa:c1:38:97,2,1,1,0,128,269,933,849,847,939,1016,457,498,60,260,11,240,757,47,171,529,871,914,386,905,718,119,689,11,197,367,110,288,394,42,92,735,64,50,81,66,56,53,61,33,83,71,76,69,61,71,101,51,68,43,38,39,45,57,40,59,67,46,46,42,46,77,83,60
[ 30.585925] wil6210-aoa$0,1606461630.167186,04:d6:aa:c1:38:97,2,1,1,0,128,341,915,820,732,998,1020,384,388,174,367,997,205,210,916,137,535,988,1015,369,923,651,93,757,88,223,414,187,293,459,67,324,39,47,50,66,64,42,37,44,17,71,54,64,48,38,45,76,33,53,32,33,28,34,24,17,42,44,30,29,25,9,34,47,30
[ 30.611922] wil6210-aoa$0,1606461630.193183,04:d6:aa:c1:38:97,2,1,1,0,128,283,970,847,818,875,1,311,418,85,343,977,171,719,29,48,463,930,970,417,944,647,83,731,1,72,321,45,185,417,40,382,68,57,59,81,72,56,55,56,27,91,72,76,57,48,63,98,42,64,40,44,38,39,31,28,51,52,34,35,34,21,46,55,42
[ 30.636621] wil6210-aoa$0,1606461630.217885,04:d6:aa:c1:38:97,2,1,1,0,128,323,964,745,719,952,1014,411,442,110,312,4,195,770,84,209,598,961,939,418,952,711,102,671,6,163,347,78,184,442,52,30,722,65,67,95,79,63,61,64,31,91,80,82,69,56,73,113,50,72,47,47,43,45,51,37,59,63,42,43,40,36,67,70,50
[ 30.665058] wil6210-aoa$0,1606461630.246320,04:d6:aa:c1:38:97,2,1,1,0,128,314,952,802,778,970,1016,383,457,133,337,41,210,758,14,165,551,891,926,418,927,660,59,701,3,175,349,105,222,387,1022,90,913,71,64,95,84,61,64,63,34,90,79,83,72,64,73,114,49,80,49,44,47,49,51,39,62,74,45,42,43,42,71,77,57
[ 30.697766] wil6210-aoa$0,1606461630.279031,04:d6:aa:c1:38:97,2,1,1,0,128,304,902,790,787,378,803,814,181,592,107,66,225,791,79,72,461,988,5,382,912,638,53,704,38,185,367,51,196,440,50,487,196,66,55,85,74,60,59,60,29,90,70,81,70,60,70,109,50,69,45,41,42,48,54,37,58,67,42,43,42,42,74,76,58
[ 30.724561] wil6210-aoa$0,1606461630.305821,04:d6:aa:c1:38:97,2,1,1,0,128,353,986,819,779,923,962,447,462,121,342,81,273,768,87,133,541,965,959,401,891,720,79,704,43,688,195,569,17,420,22,618,396,64,60,87,70,61,56,65,32,84,74,83,74,58,70,109,49,74,42,41,43,44,56,37,60,70,48,43,40,44,70,79,58
[ 30.767032] wil6210-aoa$0,1606461630.348295,04:d6:aa:c1:38:97,2,1,1,0,128,264,938,760,794,941,6,385,487,106,341,18,231,734,39,69,493,362,726,842,744,678,51,766,30,66,300,132,249,406,47,462,119,61,56,84,73,56,53,60,29,84,71,79,63,49,65,103,47,66,41,43,44,43,47,33,58,70,40,36,37,33,56,65,46
[ 30.796201] wil6210-aoa$0,1606461630.377461,04:d6:aa:c1:38:97,2,1,1,0,128,297,940,817,793,981,1015,382,373,145,339,453,31,793,80,127,518,906,951,346,899,598,1018,205,890,177,362,88,194,387,19,884,557,66,52,82,68,61,58,61,26,83,70,80,67,58,72,111,50,70,42,40,40,43,57,37,62,66,47,45,41,45,77,78,58
[ 30.822566] wil6210-aoa$0,1606461630.403829,04:d6:aa:c1:38:97,2,1,1,0,128,307,965,791,785,904,990,837,204,146,362,1023,206,756,51,125,514,940,972,383,921,669,65,705,45,219,366,139,274,357,1017,473,155,62,59,90,71,57,60,67,32,84,75,82,71,55,70,105,47,72,44,44,42,48,55,40,60,66,42,43,40,44,75,78,64
[ 30.853080] wil6210-aoa$0,1606461630.434344,04:d6:aa:c1:38:97,2,1,1,0,128,293,935,222,601,349,819,347,411,553,134,443,994,202,888,128,564,961,951,376,927,120,928,148,858,206,378,22,174,371,28,784,533,63,59,84,74,60,61,63,30,92,75,82,66,57,72,113,52,71,43,47,42,49,58,37,63,70,42,45,41,43,68,78,61
[ 30.879350] wil6210-aoa$0,1606461630.460614,04:d6:aa:c1:38:97,2,1,1,0,128,768,765,790,778,383,860,354,409,103,288,457,1002,244,898,642,350,954,1002,341,885,697,54,96,825,626,146,575,33,849,857,143,1010,64,61,91,78,60,59,67,33,90,77,84,71,56,74,108,53,71,46,40,47,48,54,38,63,67,43,43,39,41,65,80,56
[ 30.912369] wil6210-aoa$0,1606461630.493631,04:d6:aa:c1:38:97,2,1,1,0,128,295,917,810,727,968,8,377,411,134,340,987,202,777,91,145,525,940,986,373,918,664,77,758,87,169,359,96,222,503,106,965,624,59,61,80,77,59,58,57,29,86,74,73,64,52,65,100,43,66,41,43,42,41,44,34,53,63,39,35,34,28,58,61,46
[ 30.941097] wil6210-aoa$0,1606461630.522362,04:d6:aa:c1:38:97,2,1,1,0,128,808,798,865,819,929,1020,378,433,75,295,451,1005,175,864,632,361,922,917,385,880,688,65,765,58,172,355,15,148,374,4,425,180,62,64,84,79,58,58,59,27,87,73,76,62,54,68,107,48,67,41,44,45,45,45,38,52,64,41,39,38,35,64,72,51
[ 30.966716] wil6210-aoa$0,1606461630.547978,04:d6:aa:c1:38:97,2,1,1,0,128,781,760,823,786,941,995,858,231,563,95,1010,160,721,12,66,507,932,903,836,692,616,19,701,24,156,341,41,186,400,36,956,699,59,59,83,70,57,52,60,28,89,71,73,60,51,61,100,45,65,44,42,40,44,45,35,54,60,37,36,37,28,59,61,49
[ 30.994201] wil6210-aoa$0,1606461630.575461,04:d6:aa:c1:38:97,2,1,1,0,128,271,968,803,821,925,30,316,391,157,334,1007,157,705,1001,141,564,982,946,335,882,606,14,689,996,146,338,51,195,379,2,264,958,61,62,87,74,58,61,65,31,84,73,80,65,55,74,107,50,69,39,42,42,47,51,39,59,71,39,44,39,42,70,78,60
[ 31.027180] wil6210-aoa$0,1606461630.608441,04:d6:aa:c1:38:97,2,1,1,0,128,359,1001,825,815,892,982,406,443,67,244,509,53,182,841,584,308,961,936,852,676,652,50,730,30,157,342,104,219,372,23,339,91,63,61,78,75,60,59,62,26,90,73,80,64,57,71,110,52,73,45,40,42,45,48,38,59,71,44,41,41,40,66,72,53
[ 31.060544] wil6210-aoa$0,1606461630.641803,04:d6:aa:c1:38:97,2,1,1,0,128,308,951,776,736,394,821,890,223,136,291,61,209,774,32,618,333,914,878,848,696,625,30,773,60,57,223,607,41,404,1,166,948,63,51,84,71,60,58,60,32,85,70,77,65,57,72,106,47,71,47,44,42,44,52,36,60,67,42,41,41,41,66,72,56
[ 31.093560] wil6210-aoa$0,1606461630.674822,04:d6:aa:c1:38:97,2,1,1,0,128,816,782,751,740,928,1020,372,405,159,351,27,259,703,26,107,498,397,743,835,687,117,878,728,43,582,89,564,1016,443,1008,494,173,64,58,85,75,62,54,63,32,84,73,76,61,52,69,109,45,69,43,43,43,45,54,41,57,66,39,45,41,39,69,73,56
[ 31.127188] wil6210-aoa$0,1606461630.708447,04:d6:aa:c1:38:97,2,1,1,0,128,277,930,789,779,927,1021,395,439,53,257,24,171,741,45,155,537,831,885,853,723,691,61,729,1005,678,146,70,213,436,49,277,972,64,57,83,72,61,57,63,28,89,73,79,68,61,70,103,48,71,47,40,42,44,56,40,62,66,43,40,40,40,73,81,58
[ 31.153509] wil6210-aoa$0,1606461630.734770,04:d6:aa:c1:38:97,2,1,1,0,128,709,728,276,578,370,804,805,178,560,68,443,989,774,46,608,292,897,924,806,688,656,34,189,898,181,348,51,156,425,40,820,634,62,48,81,64,57,58,62,27,75,74,75,70,58,72,100,49,70,41,38,41,46,55,37,62,70,43,47,41,45,72,83,59
[ 31.186752] wil6210-aoa$0,1606461630.768014,04:d6:aa:c1:38:97,2,1,1,0,128,789,728,836,784,374,797,898,246,144,330,457,1008,201,886,612,313,416,754,893,744,103,874,636,979,635,140,593,11,880,841,954,759,64,55,84,69,61,59,63,27,85,70,73,66,58,71,109,51,69,42,44,43,48,55,42,60,70,40,44,39,38,66,79,55
[ 31.213842] wil6210-aoa$0,1606461630.795104,04:d6:aa:c1:38:97,2,1,1,0,128,270,950,247,628,944,1012,386,414,612,139,18,174,817,67,169,551,877,935,345,872,608,9,722,9,208,344,74,209,390,55,512,215,65,62,84,80,62,64,64,30,91,73,83,68,58,69,108,50,73,44,46,44,48,50,38,60,68,41,41,37,36,69,72,56
[ 31.246809] wil6210-aoa$0,1606461630.828071,04:d6:aa:c1:38:97,2,1,1,0,128,698,706,225,557,362,820,876,234,593,131,475,29,228,899,640,333,981,982,404,941,667,35,708,42,634,161,613,55,389,58,327,108,68,55,83,68,61,57,62,29,84,74,79,74,58,78,106,52,72,42,44,45,46,58,41,63,69,45,45,43,47,78,85,63
[ 31.274243] wil6210-aoa$0,1606461630.855507,04:d6:aa:c1:38:97,2,1,1,0,128,226,936,804,796,961,17,355,438,47,283,7,190,692,4,91,532,869,898,397,909,671,121,657,1023,95,284,70,230,371,12,640,464,66,61,90,75,63,62,64,32,90,75,81,66,58,66,111,49,72,46,43,44,50,57,41,64,71,41,45,39,42,71,76,53
[ 31.307411] wil6210-aoa$0,1606461630.888670,04:d6:aa:c1:38:97,2,1,1,0,128,348,975,755,754,991,5,344,449,142,373,997,193,766,46,126,543,877,912,804,681,103,880,688,25,187,323,150,263,365,59,104,753,65,58,85,71,64,57,62,33,84,74,79,71,60,72,113,53,74,44,41,46,48,58,42,63,68,45,43,41,49,73,83,61
[ 31.340651] wil6210-aoa$0,1606461630.921915,04:d6:aa:c1:38:97,2,1,1,0,128,761,737,204,567,965,11,335,389,76,301,980,178,814,91,71,548,905,953,381,936,686,78,747,67,183,336,109,236,422,40,4,794,63,51,82,70,53,54,65,30,81,70,76,70,59,73,105,52,69,40,40,41,45,55,39,59,70,45,43,38,45,74,82,61
[ 31.366187] wil6210-aoa$0,1606461630.947450,04:d6:aa:c1:38:97,2,1,1,0,128,286,946,819,810,842,995,368,429,105,315,1018,207,764,63,63,514,957,974,335,901,648,39,746,19,135,345,89,221,395,42,890,672,48,54,80,77,49,49,55,26,81,69,72,54,43,55,94,38,62,42,42,37,37,36,30,50,58,36,33,33,25,51,56,39
[ 31.397605] wil6210-aoa$0,1606461630.978867,04:d6:aa:c1:38:97,2,1,1,0,128,364,983,783,783,950,1003,390,457,95,295,467,1014,752,69,120,493,917,947,377,894,684,84,736,60,132,306,83,232,373,22,851,533,68,62,87,72,62,58,64,29,89,72,79,70,58,78,106,49,73,43,40,43,47,57,41,61,73,41,41,39,50,77,81,59
[ 31.431458] wil6210-aoa$0,1606461631.012717,04:d6:aa:c1:38:97,2,1,1,0,128,281,929,786,768,403,821,316,397,99,273,12,205,743,28,128,545,938,951,387,890,634,8,766,43,90,255,540,1006,906,861,345,110,63,54,83,75,52,52,57,29,82,72,71,60,52,59,96,45,66,39,45,39,46,38,33,51,62,35,35,37,31,58,63,44
[ 31.464940] wil6210-aoa$0,1606461631.046199,04:d6:aa:c1:38:97,2,1,1,0,128,261,903,772,792,915,985,386,469,59,281,422,988,761,19,141,537,945,965,374,890,664,47,708,32,164,328,101,219,391,30,606,339,61,59,83,75,58,58,60,29,89,72,77,65,57,72,106,49,72,40,42,42,41,55,36,57,66,43,44,40,45,73,79,58
[ 31.492433] wil6210-aoa$0,1606461631.073693,04:d6:aa:c1:38:97,2,1,1,0,128,295,936,795,778,945,1,404,482,70,268,945,158,720,9,74,449,935,912,366,879,640,89,673,1021,153,335,550,1004,414,3,847,512,66,56,83,67,58,54,60,27,80,69,77,72,56,71,107,49,70,44,41,42,47,54,38,60,66,41,40,43,41,76,82,59
[ 31.521207] wil6210-aoa$0,1606461631.102471,04:d6:aa:c1:38:97,2,1,1,0,128,346,940,265,556,401,824,899,279,140,305,32,271,807,125,159,530,1005,977,428,932,745,112,695,16,249,378,608,50,397,43,604,263,59,59,78,73,56,58,59,30,86,69,76,62,48,60,104,44,66,40,42,42,43,44,34,55,58,38,39,39,29,53,67,49
[ 31.552910] wil6210-aoa$0,1606461631.134174,04:d6:aa:c1:38:97,2,1,1,0,128,798,740,244,555,366,808,840,254,122,350,993,217,716,39,554,311,917,924,379,900,93,883,174,867,588,90,615,30,858,837,828,588,55,51,73,66,52,51,52,24,72,64,67,61,48,62,94,43,60,37,38,38,38,44,35,52,56,35,37,36,35,63,69,49
[ 31.582531] wil6210-aoa$0,1606461631.163793,04:d6:aa:c1:38:97,2,1,1,0,128,298,934,815,818,946,1008,864,197,552,89,469,13,776,24,158,543,928,973,830,691,150,925,703,74,197,391,582,58,864,890,276,1020,61,44,74,55,51,51,57,23,72,60,71,67,55,71,95,46,65,37,30,36,40,53,36,58,64,39,43,40,42,75,74,56
[ 31.616445] wil6210-aoa$0,1606461631.197705,04:d6:aa:c1:38:97,2,1,1,0,128,267,928,804,724,992,1,429,482,248,421,14,258,737,61,118,538,899,944,335,824,701,38,139,867,197,404,144,240,396,51,260,877,69,54,83,69,60,60,63,28,82,72,81,68,62,73,113,51,71,45,43,45,45,55,42,63,73,43,43,40,45,74,81,60
[ 31.650621] wil6210-aoa$0,1606461631.231885,04:d6:aa:c1:38:97,2,1,1,0,128,265,921,839,798,955,988,858,225,132,327,1012,171,792,63,139,543,923,936,432,914,686,69,720,67,215,365,127,237,409,65,311,951,67,56,85,70,57,57,65,31,85,71,79,69,55,73,106,51,69,41,41,40,50,53,42,62,70,45,48,37,42,77,82,65
[ 31.676815] wil6210-aoa$0,1606461631.258080,04:d6:aa:c1:38:97,2,1,1,0,128,250,922,202,616,947,1019,322,390,20,261,977,159,701,1003,499,226,402,797,365,879,45,885,123,816,601,113,66,199,338,18,597,349,67,55,91,76,57,58,64,25,87,75,83,61,52,66,103,51,67,46,45,40,44,43,33,52,63,41,37,33,29,53,60,46
[ 31.707552] wil6210-aoa$0,1606461631.288811,04:d6:aa:c1:38:97,2,1,1,0,128,278,944,790,808,980,37,386,408,99,320,1011,217,713,5,117,508,970,970,344,861,649,30,719,52,127,344,26,184,379,26,443,149,69,52,81,68,56,57,62,27,77,71,75,70,57,73,108,50,74,43,37,43,45,59,38,62,66,42,44,40,50,77,86,64
[ 31.734467] wil6210-aoa$0,1606461631.315732,04:d6:aa:c1:38:97,2,1,1,0,128,307,973,744,791,885,963,857,240,617,119,61,232,711,999,107,513,867,895,388,873,589,10,710,6,193,368,103,227,422,6,397,160,66,58,83,74,60,59,65,33,85,72,80,74,59,73,113,53,71,42,42,44,47,53,36,60,70,46,46,39,43,69,79,59
[ 31.762195] wil6210-aoa$0,1606461631.343457,04:d6:aa:c1:38:97,2,1,1,0,128,360,970,843,749,915,1003,382,426,155,366,15,198,786,68,130,529,957,962,387,923,702,82,713,61,124,361,133,237,407,59,261,969,60,58,82,71,51,53,57,28,86,74,71,59,48,62,98,43,65,42,43,38,39,42,31,52,60,36,36,35,29,46,60,39
[ 31.791616] wil6210-aoa$0,1606461631.372879,04:d6:aa:c1:38:97,2,1,1,0,128,346,998,802,755,954,19,297,375,651,172,911,131,688,17,92,483,987,994,365,888,695,80,768,45,190,380,92,208,405,33,816,545,62,58,88,71,62,60,62,28,83,73,77,65,54,70,103,48,69,42,43,44,44,50,36,54,64,44,41,38,36,66,72,55
[ 31.817882] wil6210-aoa$0,1606461631.399138,04:d6:aa:c1:38:97,2,1,1,0,128,735,758,737,830,957,1021,377,406,166,303,1009,194,690,0,116,525,966,970,373,872,557,1004,694,1011,74,288,56,194,377,10,658,383,61,61,85,76,59,58,55,26,84,71,76,62,56,67,105,48,66,39,42,41,44,47,35,56,66,40,38,39,35,64,70,54
[ 31.852470] wil6210-aoa$0,1606461631.433732,04:d6:aa:c1:38:97,2,1,1,0,128,776,756,794,753,350,825,858,242,623,116,19,192,823,96,136,537,935,981,387,920,644,55,670,25,204,361,126,234,420,62,51,728,63,60,85,72,57,63,60,29,87,73,79,67,54,68,105,50,68,42,43,42,46,48,37,54,64,42,38,40,38,63,70,54
[ 31.884959] wil6210-aoa$0,1606461631.466224,04:d6:aa:c1:38:97,2,1,1,0,128,318,940,818,817,985,41,341,400,62,302,1003,199,148,876,161,551,978,995,356,904,728,122,615,1023,666,156,540,16,416,58,42,818,59,60,83,76,53,55,57,25,86,71,73,57,56,64,101,47,65,43,44,42,44,43,35,55,66,37,37,37,36,61,67,50
[ 31.915463] wil6210-aoa$0,1606461631.496723,04:d6:aa:c1:38:97,2,1,1,0,128,259,926,830,814,349,774,423,471,568,87,457,997,178,856,117,522,973,997,389,901,653,56,743,9,107,275,82,182,414,32,724,451,64,60,87,72,58,56,56,28,85,70,79,63,57,65,107,52,69,43,44,42,47,46,35,57,66,41,42,40,39,65,73,52
[ 31.942711] wil6210-aoa$0,1606461631.523976,04:d6:aa:c1:38:97,2,1,1,0,128,275,967,840,801,976,5,374,424,146,298,975,157,730,34,95,500,901,900,422,930,629,58,691,0,182,345,31,165,441,60,853,594,60,41,71,63,52,52,57,25,75,62,72,70,52,67,94,47,63,37,30,38,41,55,36,58,61,43,44,37,41,75,85,58
[ 31.968832] wil6210-aoa$0,1606461631.550097,04:d6:aa:c1:38:97,2,1,1,0,128,363,1012,794,815,866,981,414,495,130,339,1000,166,737,29,132,541,971,1007,414,935,710,109,661,15,166,330,549,35,890,874,698,471,61,54,86,71,57,56,60,28,85,72,77,68,58,69,107,51,68,44,42,42,47,51,39,59,62,41,45,39,45,73,80,61
[ 32.000855] wil6210-aoa$0,1606461631.582116,04:d6:aa:c1:38:97,2,1,1,0,128,280,961,751,729,954,1007,354,425,182,345,983,167,729,38,58,487,893,908,395,945,662,77,688,11,170,336,497,966,844,836,275,57,62,56,84,74,61,60,62,28,89,72,77,69,56,75,106,50,71,43,41,44,47,50,37,59,66,43,39,43,41,67,70,54
[ 32.032527] wil6210-aoa$0,1606461631.613792,04:d6:aa:c1:38:97,2,1,1,0,128,298,944,816,708,47,18,402,445,217,327,496,22,270,952,644,369,427,797,891,696,688,97,754,85,677,257,620,38,962,897,1014,792,65,59,89,70,59,59,68,33,95,78,82,68,59,71,113,48,72,43,46,42,46,46,41,63,68,42,45,42,41,73,81,53
[ 32.059435] wil6210-aoa$0,1606461631.640699,04:d6:aa:c1:38:97,2,1,1,0,128,267,953,803,797,914,1023,331,415,65,313,993,204,735,7,547,300,382,744,821,676,699,80,660,2,134,363,115,232,399,24,784,436,67,53,82,76,58,58,65,28,84,74,77,73,59,70,105,53,69,42,48,46,46,56,43,64,72,44,44,41,44,70,78,61
[ 32.091994] wil6210-aoa$0,1606461631.673258,04:d6:aa:c1:38:97,2,1,1,0,128,307,987,775,782,920,992,352,385,68,300,11,189,737,34,112,540,886,936,367,908,624,38,671,1014,146,318,93,231,353,29,420,184,61,60,86,80,60,54,61,27,85,74,80,59,49,65,101,48,64,40,43,40,43,43,31,57,63,38,35,34,32,53,65,46
[ 32.118626] wil6210-aoa$0,1606461631.699891,04:d6:aa:c1:38:97,2,1,1,0,128,316,964,807,781,1008,36,347,422,134,325,998,210,780,108,148,518,924,956,461,942,675,96,731,54,214,426,165,238,455,93,436,193,69,57,82,68,57,55,64,25,78,72,80,71,57,74,111,49,72,39,42,44,49,57,40,61,68,47,44,42,45,75,84,59
[ 32.161351] wil6210-aoa$0,1606461631.742611,04:d6:aa:c1:38:97,2,1,1,0,128,346,959,784,788,925,1010,378,453,134,290,992,170,719,24,163,532,974,967,427,982,615,67,688,9,202,366,31,185,359,30,837,496,65,57,83,76,59,57,60,32,84,75,75,63,57,66,108,47,71,46,42,42,45,50,37,59,64,41,40,36,39,67,71,52
[ 32.194715] wil6210-aoa$0,1606461631.775979,04:d6:aa:c1:38:97,2,1,1,0,128,258,954,819,829,904,982,348,413,76,260,470,989,226,887,118,533,886,916,365,904,616,52,663,1005,155,337,1018,137,430,59,414,144,54,59,77,72,54,54,58,29,82,71,74,66,48,66,101,43,61,42,42,36,44,40,34,51,59,40,37,39,29,56,62,47
[ 32.225237] wil6210-aoa$0,1606461631.806497,04:d6:aa:c1:38:97,2,1,1,0,128,339,914,855,774,1003,999,360,425,157,358,48,211,762,69,150,554,991,1016,379,881,699,119,744,76,262,411,155,226,430,67,995,679,52,47,69,57,48,50,53,26,73,62,68,60,50,59,91,38,61,35,37,35,39,47,34,52,61,39,40,35,34,64,70,51
[ 32.252559] wil6210-aoa$0,1606461631.833824,04:d6:aa:c1:38:97,2,1,1,0,128,290,961,836,800,996,12,402,455,109,298,0,166,732,18,113,520,918,914,464,954,664,52,742,28,124,336,48,156,842,841,126,927,62,57,83,73,56,56,59,31,87,71,81,66,59,74,105,49,68,41,44,45,45,54,38,58,68,41,44,43,38,68,76,56
[ 32.280957] wil6210-aoa$0,1606461631.862218,04:d6:aa:c1:38:97,2,1,1,0,128,336,987,758,719,330,787,882,230,529,85,514,12,770,51,63,487,925,948,391,921,625,60,686,1022,130,379,524,1016,411,8,130,863,63,56,83,73,55,57,62,29,83,68,75,66,59,73,106,49,67,44,39,42,44,55,38,58,68,41,41,40,43,66,73,57
[ 32.315913] wil6210-aoa$0,1606461631.897179,04:d6:aa:c1:38:97,2,1,1,0,128,736,794,729,756,953,998,436,487,95,330,424,1005,733,71,104,527,957,939,383,892,711,94,746,57,212,359,125,222,392,29,879,536,61,57,85,76,56,58,61,29,85,76,82,66,53,67,108,49,70,43,41,44,46,48,37,59,66,42,39,39,38,68,73,52
[ 32.344871] wil6210-aoa$0,1606461631.926133,04:d6:aa:c1:38:97,2,1,1,0,128,266,933,744,776,380,837,803,189,80,303,1010,197,688,994,131,513,914,927,808,732,659,74,149,882,601,109,580,61,420,8,610,410,63,53,80,70,59,58,60,30,87,70,74,66,54,70,106,50,67,40,41,39,48,52,38,61,66,42,44,42,38,69,79,54
[ 32.379650] wil6210-aoa$0,1606461631.960913,04:d6:aa:c1:38:97,2,1,1,0,128,231,924,757,787,887,995,331,383,64,276,965,144,728,1020,84,432,1015,972,373,885,660,41,689,1009,133,310,94,199,420,35,660,371,63,58,85,70,54,57,59,29,85,71,80,65,60,71,106,51,70,45,40,44,47,53,38,61,66,45,41,43,36,67,72,52
[ 32.409445] wil6210-aoa$0,1606461631.990704,04:d6:aa:c1:38:97,2,1,1,0,128,307,940,838,736,1002,1012,383,407,184,337,28,230,764,61,165,519,976,973,420,931,698,103,677,24,632,154,652,56,420,58,413,120,67,55,78,66,58,60,65,32,85,70,74,66,55,65,101,52,71,43,39,43,47,51,39,58,65,41,40,38,44,69,79,55
[ 32.443830] wil6210-aoa$0,1606461632.025094,04:d6:aa:c1:38:97,2,1,1,0,128,352,957,850,749,959,966,403,428,194,365,57,267,779,81,188,502,943,936,435,945,667,67,729,69,167,359,104,238,434,75,781,536,65,62,86,79,60,58,64,27,92,71,81,68,51,72,106,48,71,44,44,43,44,43,36,59,61,43,39,35,34,62,68,53
[ 32.473973] wil6210-aoa$0,1606461632.055232,04:d6:aa:c1:38:97,2,1,1,0,128,859,778,797,757,911,993,357,361,89,321,22,209,756,27,86,536,893,918,419,931,638,25,183,869,629,122,550,14,914,886,395,264,69,58,90,73,56,60,64,33,92,74,79,76,56,70,109,49,72,46,45,44,49,57,37,62,68,43,47,42,40,73,81,60
[ 32.509338] wil6210-aoa$0,1606461632.090599,04:d6:aa:c1:38:97,2,1,1,0,128,759,776,812,773,413,834,868,270,139,326,963,143,155,874,610,328,368,755,872,691,129,886,217,899,655,139,513,962,923,869,172,911,68,57,92,79,59,62,67,32,86,75,83,69,59,70,112,54,72,44,38,43,45,53,40,63,71,44,49,43,43,72,78,55
[ 32.544933] wil6210-aoa$0,1606461632.126194,04:d6:aa:c1:38:97,2,1,1,0,128,338,937,777,741,922,992,442,429,138,339,5,248,785,55,132,550,977,960,412,934,687,68,724,45,218,382,134,211,411,57,1014,721,62,33,69,51,44,43,49,23,66,59,70,67,48,66,90,47,62,33,28,32,35,54,33,55,57,39,38,34,44,68,76,47
[ 32.580090] wil6210-aoa$0,1606461632.161350,04:d6:aa:c1:38:97,2,1,1,0,128,329,976,792,821,929,1022,424,463,83,343,1000,169,720,55,130,541,955,952,395,906,663,50,653,1022,122,326,135,257,395,64,947,615,66,53,80,71,55,59,61,29,86,68,79,68,59,73,108,50,70,39,39,42,44,48,37,60,65,42,42,39,41,70,76,57
[ 32.608209] wil6210-aoa$0,1606461632.189469,04:d6:aa:c1:38:97,2,1,1,0,128,272,930,304,626,450,829,373,401,632,139,25,202,753,48,95,541,961,929,402,866,623,4,713,10,147,314,59,196,368,35,1022,813,63,57,84,75,57,59,61,26,87,70,76,66,51,67,105,45,68,42,41,41,44,47,34,55,66,40,37,37,36,62,63,47
[ 32.642900] wil6210-aoa$0,1606461632.224159,04:d6:aa:c1:38:97,2,1,1,0,128,300,973,829,807,898,1013,432,452,125,301,1011,150,727,1013,559,302,944,950,397,902,619,5,679,16,165,304,71,193,380,48,771,556,64,57,85,75,55,54,59,29,90,70,83,65,52,70,105,47,68,41,43,40,46,47,38,53,68,41,38,38,36,61,67,47
[ 32.684751] wil6210-aoa$0,1606461632.266014,04:d6:aa:c1:38:97,2,1,1,0,128,273,942,797,769,403,846,865,266,161,343,6,183,731,22,603,361,359,730,358,851,687,92,677,1014,223,399,114,233,434,48,40,685,62,57,86,73,56,55,63,30,87,74,81,69,55,73,105,49,68,45,43,41,44,53,38,59,67,45,46,42,42,74,82,63
[ 32.719747] wil6210-aoa$0,1606461632.301010,04:d6:aa:c1:38:97,2,1,1,0,128,699,735,833,805,951,991,346,375,102,333,912,133,705,1016,88,512,886,926,376,903,609,83,680,1007,140,304,6,149,372,0,590,400,51,53,74,67,50,49,48,20,75,62,66,49,39,55,81,35,56,32,43,32,33,25,25,44,44,28,30,28,18,39,51,30
[ 32.753670] wil6210-aoa$0,1606461632.334934,04:d6:aa:c1:38:97,2,1,1,0,128,268,934,794,784,971,1007,376,419,124,294,22,200,781,69,149,578,907,945,384,868,699,75,682,47,102,312,604,35,411,23,153,907,62,58,83,74,57,58,61,28,87,71,74,61,53,70,108,46,67,44,42,41,46,50,37,58,70,41,43,38,39,67,70,53
[ 32.784673] wil6210-aoa$0,1606461632.365932,04:d6:aa:c1:38:97,2,1,1,0,128,308,957,831,787,897,1014,851,227,73,303,507,14,769,54,131,511,949,1012,362,876,688,78,735,81,149,355,79,192,443,74,189,893,60,56,84,72,59,54,54,26,85,68,81,63,52,69,106,49,67,40,41,43,45,48,36,59,66,39,41,38,32,61,73,52
[ 32.820486] wil6210-aoa$0,1606461632.401746,04:d6:aa:c1:38:97,2,1,1,0,128,379,977,252,559,966,1004,378,376,173,340,448,1023,204,848,593,287,1018,1013,421,915,727,70,699,1018,213,378,556,1005,413,36,227,915,64,58,79,73,53,55,60,28,81,73,74,61,54,65,100,46,67,40,42,39,44,44,33,54,60,34,38,39,36,56,66,48
[ 32.855663] wil6210-aoa$0,1606461632.436928,04:d6:aa:c1:38:97,2,1,1,0,128,226,934,783,792,985,1023,368,419,101,355,980,204,742,27,144,572,885,930,381,934,621,35,743,45,145,317,86,236,405,61,568,253,56,62,85,74,54,53,56,26,81,73,71,60,48,62,100,43,66,38,37,40,37,41,32,51,59,38,34,34,27,58,55,46
[ 32.886555] wil6210-aoa$0,1606461632.467817,04:d6:aa:c1:38:97,2,1,1,0,128,324,948,804,751,943,996,398,434,135,337,1001,146,233,929,552,281,362,759,882,750,105,887,690,52,647,183,93,215,379,46,587,313,60,38,64,49,40,47,56,19,67,54,68,64,49,65,87,45,58,32,27,36,40,53,34,56,61,38,41,35,42,71,80,55
[ 32.922312] wil6210-aoa$0,1606461632.503572,04:d6:aa:c1:38:97,2,1,1,0,128,306,958,842,796,932,990,398,423,564,54,456,13,748,49,143,533,947,992,369,911,625,57,683,1023,191,371,43,208,347,25,934,679,72,58,85,74,58,57,65,32,84,72,80,68,60,74,112,52,72,46,45,50,47,54,38,60,70,45,45,40,42,77,78,62
[ 32.952737] wil6210-aoa$0,1606461632.534001,04:d6:aa:c1:38:97,2,1,1,0,128,289,960,833,848,1011,1011,361,405,80,312,991,179,793,24,96,523,919,898,393,881,691,103,677,1017,191,362,69,212,430,67,314,989,61,56,81,75,55,55,63,28,90,69,78,63,52,69,106,48,66,43,47,41,42,42,35,53,62,38,40,35,33,61,66,44
[ 32.981407] wil6210-aoa$0,1606461632.562671,04:d6:aa:c1:38:97,2,1,1,0,128,805,730,797,714,919,984,407,474,186,354,56,237,805,70,226,584,987,1,369,851,750,113,714,44,192,360,136,240,359,33,226,909,65,57,86,77,60,59,65,29,87,70,81,67,60,71,109,54,73,43,39,47,47,53,38,59,69,45,39,38,39,72,81,56
[ 33.008885] wil6210-aoa$0,1606461632.590150,04:d6:aa:c1:38:97,2,1,1,0,128,804,751,862,779,400,829,374,366,69,292,960,125,783,47,168,530,903,923,896,745,648,58,691,16,632,122,112,230,870,860,117,916,69,65,89,72,64,60,67,31,89,79,86,73,61,76,114,53,76,45,46,51,50,56,41,64,74,45,48,41,43,77,78,60
[ 33.053128] wil6210-aoa$0,1606461632.634388,04:d6:aa:c1:38:97,2,1,1,0,128,353,1000,811,814,974,30,370,412,145,402,0,192,768,82,164,561,914,941,407,940,644,78,716,48,238,417,89,217,489,97,283,987,63,54,80,74,58,57,61,27,86,74,82,71,52,66,104,51,70,47,42,40,47,51,35,56,63,42,39,37,36,63,75,53
[ 33.086188] wil6210-aoa$0,1606461632.667452,04:d6:aa:c1:38:97,2,1,1,0,128,322,977,841,819,971,26,341,357,165,320,95,205,749,26,153,530,967,971,405,961,637,40,791,69,224,370,123,254,387,24,119,805,70,64,94,80,67,62,67,31,92,80,82,69,60,73,114,52,74,50,49,48,50,53,40,64,71,46,42,41,42,70,79,55
[ 33.118642] wil6210-aoa$0,1606461632.699901,04:d6:aa:c1:38:97,2,1,1,0,128,734,741,262,618,386,790,384,430,558,74,980,114,749,14,100,497,903,939,337,875,162,894,125,801,607,148,538,42,804,836,863,742,63,60,83,69,58,58,59,27,86,75,80,65,55,67,106,51,68,41,41,43,46,49,39,57,62,41,40,38,37,68,75,53
[ 33.150668] wil6210-aoa$0,1606461632.731932,04:d6:aa:c1:38:97,2,1,1,0,128,370,981,809,798,976,32,389,438,163,335,36,217,687,25,121,507,344,716,858,722,653,47,101,844,146,329,76,236,425,57,466,222,63,55,85,71,62,55,58,28,87,73,78,63,56,73,110,51,67,43,42,41,43,52,36,60,69,45,42,42,42,73,74,57
[ 33.184598] wil6210-aoa$0,1606461632.765858,04:d6:aa:c1:38:97,2,1,1,0,128,316,935,784,758,951,1020,435,443,143,356,13,207,770,58,50,454,392,715,884,706,86,835,175,847,218,367,79,229,389,28,862,604,60,48,76,62,51,56,62,26,81,66,74,65,55,69,105,48,68,40,34,37,45,56,37,58,64,43,40,40,43,78,83,57
[ 33.220261] wil6210-aoa$0,1606461632.801523,04:d6:aa:c1:38:97,2,1,1,0,128,340,954,892,818,938,5,437,435,120,314,466,988,746,1023,178,536,919,919,465,960,717,66,733,0,241,390,105,200,382,25,204,906,68,64,91,75,63,60,65,31,95,80,82,64,58,72,117,51,81,51,47,44,49,53,40,62,72,42,44,44,38,72,81,60
[ 33.247762] wil6210-aoa$0,1606461632.829025,04:d6:aa:c1:38:97,2,1,1,0,128,348,971,764,772,922,3,864,180,126,318,52,218,309,918,655,396,986,985,339,901,652,46,741,26,148,386,92,202,446,79,795,566,64,59,83,72,59,61,65,28,86,72,74,70,56,75,109,52,67,39,43,43,42,55,38,62,66,41,42,40,44,73,75,59
[ 33.278772] wil6210-aoa$0,1606461632.860031,04:d6:aa:c1:38:97,2,1,1,0,128,220,936,767,819,922,2,815,239,44,284,983,141,717,12,69,514,975,978,421,947,601,10,688,6,78,325,91,234,373,8,3,826,64,59,88,77,59,60,61,33,87,72,77,66,60,70,108,48,70,45,40,43,49,51,34,58,69,43,42,39,38,66,69,55
[ 33.311360] wil6210-aoa$0,1606461632.892624,04:d6:aa:c1:38:97,2,1,1,0,128,287,920,849,816,932,17,445,450,96,307,28,184,761,26,131,524,918,927,402,920,632,45,730,16,138,339,84,194,414,30,228,1004,57,53,72,65,53,53,54,26,77,64,68,56,46,61,90,41,62,36,42,35,39,40,33,49,56,35,34,29,25,58,56,42
[ 33.345882] wil6210-aoa$0,1606461632.927142,04:d6:aa:c1:38:97,2,1,1,0,128,295,945,770,762,952,7,352,427,143,372,5,191,741,12,80,502,942,945,368,873,665,55,716,55,125,304,99,236,359,1,292,81,64,65,85,75,60,57,64,30,92,72,81,73,54,72,110,47,70,46,49,44,45,49,38,59,67,39,39,42,37,71,73,52
[ 33.381373] wil6210-aoa$0,1606461632.962632,04:d6:aa:c1:38:97,2,1,1,0,128,785,738,785,697,941,992,428,449,134,340,7,244,726,63,132,510,975,992,357,903,677,61,732,81,175,368,86,203,368,28,826,523,58,60,84,74,61,57,58,29,85,72,77,64,55,66,99,48,68,43,43,43,47,43,33,53,64,39,35,33,31,58,67,49
[ 33.414662] wil6210-aoa$0,1606461632.995926,04:d6:aa:c1:38:97,2,1,1,0,128,238,940,842,863,945,1,393,464,113,361,26,228,695,1023,70,494,880,906,434,957,553,21,676,2,125,349,67,186,462,40,98,781,62,63,82,76,56,55,58,28,87,70,79,59,56,70,103,48,65,48,45,44,46,48,38,56,65,41,37,38,34,64,73,53
[ 33.441951] wil6210-aoa$0,1606461633.023215,04:d6:aa:c1:38:97,2,1,1,0,128,344,949,823,809,947,9,339,402,185,393,18,214,772,61,91,481,995,950,382,910,656,54,748,83,114,323,78,198,463,24,603,311,61,57,84,73,57,57,58,29,85,73,76,62,57,67,106,41,67,43,43,39,43,40,35,57,59,38,38,33,32,60,62,48
[ 33.469493] wil6210-aoa$0,1606461633.050756,04:d6:aa:c1:38:97,2,1,1,0,128,274,993,169,575,398,845,385,442,176,370,51,238,721,13,199,572,911,892,807,700,117,928,759,33,150,342,37,174,847,823,861,627,64,54,82,75,60,56,62,27,87,72,77,63,56,67,102,47,66,46,43,39,45,50,34,57,63,42,40,38,33,66,68,50
[ 33.500292] wil6210-aoa$0,1606461633.081552,04:d6:aa:c1:38:97,2,1,1,0,128,301,930,821,791,917,1012,324,396,183,406,995,187,808,63,156,532,935,970,334,908,597,11,719,38,165,405,176,275,419,41,448,128,66,63,88,74,65,65,65,35,90,74,84,71,63,80,114,52,74,50,48,46,51,57,42,67,72,46,46,46,42,73,83,61
[ 33.536382] wil6210-aoa$0,1606461633.117642,04:d6:aa:c1:38:97,2,1,1,0,128,317,969,818,806,953,1016,432,473,146,330,26,253,741,37,98,513,899,930,394,909,616,43,657,21,190,390,82,235,473,103,826,472,71,56,91,81,65,58,62,33,94,77,85,68,55,72,112,50,74,50,48,46,52,54,41,63,72,44,43,43,43,80,78,59
[ 33.571834] wil6210-aoa$0,1606461633.153098,04:d6:aa:c1:38:97,2,1,1,0,128,325,935,786,766,976,6,859,206,112,315,17,204,145,852,173,519,943,967,368,895,599,1016,722,11,140,318,47,171,827,829,355,207,63,53,79,70,57,52,60,28,84,73,81,62,53,67,104,47,69,44,44,39,45,48,37,57,63,40,39,40,33,63,73,52
[ 33.599903] wil6210-aoa$0,1606461633.181168,04:d6:aa:c1:38:97,2,1,1,0,128,261,935,805,751,986,42,372,391,97,278,457,994,181,850,166,532,920,929,411,911,630,1016,729,39,143,331,154,270,376,26,233,970,65,67,89,78,58,60,59,31,95,80,80,68,54,79,113,51,70,46,47,42,46,52,34,58,67,47,45,42,42,65,75,58
[ 33.633134] wil6210-aoa$0,1606461633.214395,04:d6:aa:c1:38:97,2,1,1,0,128,340,985,770,752,960,980,407,423,149,340,545,32,753,32,163,526,952,1007,384,884,670,85,727,39,702,173,544,1018,890,860,154,918,61,60,84,73,60,57,61,28,87,74,78,64,58,67,104,42,68,42,40,41,43,48,38,56,66,42,39,40,39,64,67,50
[ 33.669586] wil6210-aoa$0,1606461633.250846,04:d6:aa:c1:38:97,2,1,1,0,128,238,947,805,788,925,1002,429,433,182,349,34,221,739,20,216,562,14,996,370,894,651,1,727,10,192,352,99,224,403,33,252,942,68,54,86,69,58,57,62,30,87,71,85,75,54,71,110,51,70,44,42,45,45,55,40,61,66,42,41,42,44,71,78,59
[ 33.702835] wil6210-aoa$0,1606461633.284099,04:d6:aa:c1:38:97,2,1,1,0,128,272,964,809,797,902,998,414,443,137,323,1012,208,735,1020,177,584,952,954,314,880,143,917,192,874,137,297,93,235,333,5,871,665,61,62,84,76,57,56,61,29,87,73,79,63,51,66,103,44,69,44,43,42,46,48,37,57,65,38,45,40,32,65,68,48
[ 33.731246] wil6210-aoa$0,1606461633.312511,04:d6:aa:c1:38:97,2,1,1,0,128,308,941,792,789,927,21,371,482,126,343,1000,179,741,1019,136,552,924,895,335,890,614,10,717,16,577,118,132,223,419,21,640,345,67,50,81,66,61,55,63,30,85,72,81,74,60,74,110,51,71,43,42,44,46,59,37,63,71,43,46,44,45,75,85,65
[ 33.759707] wil6210-aoa$0,1606461633.340971,04:d6:aa:c1:38:97,2,1,1,0,128,759,733,809,769,955,22,415,485,105,359,981,193,693,1005,105,544,373,762,887,702,113,869,730,31,639,130,88,191,377,31,589,258,56,54,77,65,51,51,57,29,77,60,76,63,51,59,96,43,62,40,40,40,40,49,34,50,60,40,40,35,35,60,67,50
[ 33.791161] wil6210-aoa$0,1606461633.372421,04:d6:aa:c1:38:97,2,1,1,0,128,353,960,846,819,903,996,319,347,78,259,1020,155,793,32,143,533,923,927,334,864,683,51,745,48,169,314,68,189,890,874,74,937,66,49,79,63,55,59,62,29,84,70,76,68,56,68,104,49,68,41,37,41,48,55,38,59,67,46,42,37,44,73,78,59
[ 33.825743] wil6210-aoa$0,1606461633.407008,04:d6:aa:c1:38:97,2,1,1,0,128,267,966,743,773,890,957,373,424,96,294,369,944,755,42,94,510,370,734,875,713,609,36,692,999,121,317,77,194,402,16,667,422,62,51,82,68,58,58,64,29,85,73,76,70,53,72,105,50,72,44,38,45,47,56,40,58,68,44,44,38,42,72,83,58
[ 33.855160] wil6210-aoa$0,1606461633.436424,04:d6:aa:c1:38:97,2,1,1,0,128,735,728,781,779,344,825,408,430,18,262,507,25,181,886,641,354,399,769,318,864,94,915,173,873,660,161,150,261,423,42,613,429,64,55,83,76,56,55,59,28,88,70,76,70,58,73,103,46,67,42,43,44,46,45,41,60,70,41,37,39,39,66,71,56
[ 33.891564] wil6210-aoa$0,1606461633.472827,04:d6:aa:c1:38:97,2,1,1,0,128,351,966,846,801,971,1022,363,403,155,358,45,213,816,97,123,548,975,997,339,889,647,42,705,38,215,373,170,270,490,92,800,558,72,58,92,76,61,61,68,32,86,76,87,70,66,79,114,51,78,48,45,47,47,58,43,64,70,50,47,43,43,74,91,61
[ 33.920631] wil6210-aoa$0,1606461633.501891,04:d6:aa:c1:38:97,2,1,1,0,128,302,970,752,746,963,5,396,430,81,285,33,163,745,5,127,525,899,939,401,911,658,60,693,33,101,298,206,271,365,1011,753,488,61,56,81,72,61,57,62,31,83,67,72,65,53,67,106,46,69,40,41,40,46,51,34,57,63,41,40,39,41,67,74,55
[ 33.953097] wil6210-aoa$0,1606461633.534362,04:d6:aa:c1:38:97,2,1,1,0,128,372,946,687,707,962,1004,342,400,176,330,1017,212,759,38,163,543,945,964,394,912,646,28,735,36,127,296,122,254,424,58,197,1016,60,58,82,73,54,56,53,26,86,71,76,61,47,64,105,45,62,38,39,42,44,42,34,53,59,40,33,33,25,52,59,42
[ 33.987229] wil6210-aoa$0,1606461633.568493,04:d6:aa:c1:38:97,2,1,1,0,128,321,953,812,752,971,1008,866,227,603,130,979,179,189,848,584,331,961,943,851,707,85,852,784,118,159,336,124,209,442,97,171,883,63,51,78,66,60,59,60,29,87,70,75,66,56,71,102,51,68,42,41,37,46,55,39,62,71,40,40,44,43,72,74,60
[ 34.020378] wil6210-aoa$0,1606461633.601637,04:d6:aa:c1:38:97,2,1,1,0,128,313,943,799,777,411,885,407,434,134,317,47,274,802,72,131,508,372,749,385,920,687,56,744,33,171,331,526,999,886,856,169,971,64,49,76,63,52,52,60,26,80,70,77,69,56,71,103,52,69,39,39,40,44,55,36,61,66,38,46,41,46,74,83,56
[ 34.049865] wil6210-aoa$0,1606461633.631126,04:d6:aa:c1:38:97,2,1,1,0,128,281,947,774,760,941,1018,376,436,170,353,1023,207,747,16,118,517,922,966,377,899,675,81,713,41,168,332,58,200,410,75,225,972,67,58,84,68,58,57,68,29,85,72,78,72,60,73,111,53,74,41,41,43,50,59,44,62,69,48,43,43,50,81,94,66
[ 34.086680] wil6210-aoa$0,1606461633.667944,04:d6:aa:c1:38:97,2,1,1,0,128,308,940,790,729,975,30,380,448,93,306,53,182,835,87,72,509,934,940,397,932,653,51,742,14,168,329,140,234,379,24,128,851,64,62,88,78,60,56,58,29,90,77,83,67,55,69,103,48,69,46,46,44,46,49,35,58,65,47,41,41,33,66,68,51
[ 34.117068] wil6210-aoa$0,1606461633.698327,04:d6:aa:c1:38:97,2,1,1,0,128,280,955,755,767,842,989,414,441,103,317,1020,212,777,42,144,523,962,943,854,722,684,63,750,49,120,278,585,50,414,47,763,472,62,62,85,74,62,58,61,28,84,72,75,65,56,71,105,49,68,46,44,44,47,51,35,56,61,41,37,37,35,61,70,48
[ 34.153975] wil6210-aoa$0,1606461633.735237,04:d6:aa:c1:38:97,2,1,1,0,128,297,916,780,736,932,974,410,419,131,313,40,213,742,5,132,536,925,948,871,713,758,95,699,15,622,123,586,27,398,0,382,143,65,54,82,70,57,56,64,28,88,73,76,68,60,77,111,49,71,42,39,43,48,56,37,61,70,44,44,42,44,78,86,58
[ 34.190553] wil6210-aoa$0,1606461633.771817,04:d6:aa:c1:38:97,2,1,1,0,128,303,963,852,826,925,994,397,486,101,332,38,246,755,24,140,536,901,923,840,728,93,874,702,65,617,174,124,242,388,0,755,444,65,54,83,72,55,54,61,28,83,69,76,69,55,71,102,51,65,41,37,40,44,58,36,61,66,44,45,38,46,69,81,58
[ 34.221454] wil6210-aoa$0,1606461633.802714,04:d6:aa:c1:38:97,2,1,1,0,128,305,895,802,790,961,1002,353,397,196,377,1000,209,730,28,149,516,957,979,325,901,632,33,713,1014,199,384,55,172,434,85,957,612,61,59,86,75,58,58,61,27,85,74,76,61,50,67,106,50,70,46,43,42,44,50,36,58,65,47,42,41,39,65,77,55
[ 34.257520] wil6210-aoa$0,1606461633.838784,04:d6:aa:c1:38:97,2,1,1,0,128,255,950,752,773,889,984,883,240,132,357,1009,209,707,29,105,551,881,944,841,734,604,31,756,29,180,372,74,236,421,10,894,533,65,54,87,72,60,56,61,35,84,69,79,69,58,72,107,49,68,44,40,41,46,51,36,58,67,43,46,39,42,69,82,54
[ 34.290171] wil6210-aoa$0,1606461633.871430,04:d6:aa:c1:38:97,2,1,1,0,128,294,943,831,812,966,1023,430,472,117,306,22,210,663,997,149,517,922,948,395,914,557,33,191,895,97,314,97,215,355,31,212,961,63,53,80,69,58,58,61,29,82,70,75,66,57,75,99,49,73,40,38,45,46,53,36,60,67,46,46,42,39,71,79,58
[ 34.320121] wil6210-aoa$0,1606461633.901383,04:d6:aa:c1:38:97,2,1,1,0,128,761,717,283,587,972,32,442,431,173,332,1011,179,742,45,185,545,902,952,404,879,618,46,714,8,176,344,150,220,325,1017,608,269,70,62,93,82,66,65,67,33,96,79,84,69,68,78,120,56,74,46,47,45,50,58,43,66,72,44,45,38,43,76,85,63
[ 34.357136] wil6210-aoa$0,1606461633.938400,04:d6:aa:c1:38:97,2,1,1,0,128,318,961,786,719,968,1011,356,394,132,353,978,190,757,45,129,560,918,941,385,924,607,58,654,5,132,315,84,215,365,31,175,954,74,61,90,74,62,63,65,28,90,77,84,80,63,72,116,53,73,48,45,46,50,58,44,65,78,49,45,45,44,82,86,65
[ 34.388162] wil6210-aoa$0,1606461633.969422,04:d6:aa:c1:38:97,2,1,1,0,128,322,1023,810,835,917,12,402,428,81,324,455,995,188,845,596,343,936,916,445,914,683,59,695,9,134,304,80,205,399,30,597,273,60,60,79,76,55,51,60,32,86,74,74,62,53,64,105,45,66,43,42,42,45,43,38,55,67,37,39,37,30,60,72,44
[ 34.423539] wil6210-aoa$0,1606461634.004803,04:d6:aa:c1:38:97,2,1,1,0,128,322,978,757,789,882,1009,799,200,70,309,986,149,741,1013,147,507,946,945,406,915,694,75,630,1002,614,113,65,234,369,1020,224,981,59,56,85,68,60,53,64,29,83,72,77,63,55,63,108,48,68,44,40,47,47,54,38,55,69,41,43,44,38,67,74,53
[ 34.452431] wil6210-aoa$0,1606461634.033695,04:d6:aa:c1:38:97,2,1,1,0,128,308,955,765,745,969,1010,404,453,138,361,998,208,718,23,229,609,859,940,893,767,588,36,818,98,141,357,77,206,386,61,490,209,54,52,75,72,53,49,56,26,78,68,70,51,44,57,93,37,62,41,41,35,41,39,29,47,57,35,34,37,23,51,53,42
[ 34.486493] wil6210-aoa$0,1606461634.067756,04:d6:aa:c1:38:97,2,1,1,0,128,334,950,777,751,366,809,909,229,141,335,51,252,749,57,94,556,933,960,358,848,699,17,190,835,665,180,540,29,390,4,715,407,60,57,82,76,58,60,60,30,87,73,82,64,53,65,107,49,74,42,41,43,43,49,35,58,69,40,38,37,36,65,72,55
[ 34.519923] wil6210-aoa$0,1606461634.101188,04:d6:aa:c1:38:97,2,1,1,0,128,308,985,751,751,952,12,452,481,121,322,410,989,159,881,599,315,325,739,863,708,670,62,219,888,608,154,61,205,398,83,992,701,59,63,86,73,61,57,60,31,94,71,77,66,58,69,108,50,69,46,45,44,47,52,38,56,63,40,40,39,38,65,71,53
[ 34.551378] wil6210-aoa$0,1606461634.132639,04:d6:aa:c1:38:97,2,1,1,0,128,295,977,794,783,935,998,378,441,75,280,972,140,722,1022,124,501,818,859,405,915,626,34,719,17,184,325,103,244,356,5,1008,768,61,59,87,76,57,58,60,28,84,72,72,60,52,61,100,44,64,46,43,43,43,41,33,54,59,38,35,36,31,51,64,47
[ 34.587009] wil6210-aoa$0,1606461634.168273,04:d6:aa:c1:38:97,2,1,1,0,128,325,946,791,777,942,5,364,416,150,333,977,170,746,40,148,497,929,958,407,894,682,80,655,1008,118,302,533,13,461,47,445,172,54,49,72,62,51,49,52,23,79,62,70,55,46,57,94,43,64,38,39,37,37,44,30,51,58,37,38,37,28,55,62,44
[ 34.620027] wil6210-aoa$0,1606461634.201286,04:d6:aa:c1:38:97,2,1,1,0,128,273,895,807,777,973,20,445,473,116,285,53,211,735,47,169,563,979,977,409,882,680,37,721,41,143,327,92,198,436,21,48,697,66,52,86,70,56,57,61,28,83,70,79,71,58,72,104,49,70,44,38,39,48,54,36,63,69,41,48,38,45,74,80,61
[ 34.654555] wil6210-aoa$0,1606461634.235819,04:d6:aa:c1:38:97,2,1,1,0,128,263,966,779,762,940,976,377,421,34,274,965,127,748,23,128,533,887,921,390,905,676,83,729,38,102,342,519,27,397,22,88,877,72,65,93,74,59,63,71,33,95,76,86,74,62,78,113,52,75,49,45,46,49,59,42,65,73,46,47,42,50,74,86,66
[ 34.688564] wil6210-aoa$0,1606461634.269829,04:d6:aa:c1:38:97,2,1,1,0,128,287,933,848,786,938,1015,367,405,114,325,13,182,749,49,105,487,1013,1009,380,885,708,100,721,55,92,324,165,242,388,113,523,220,53,53,78,72,53,50,51,22,80,69,72,55,45,58,94,42,60,39,42,34,38,38,30,49,60,37,31,39,28,47,53,42
[ 34.732094] wil6210-aoa$0,1606461634.313356,04:d6:aa:c1:38:97,2,1,1,0,128,239,897,834,808,1011,1021,331,415,91,274,19,232,696,12,113,477,929,922,460,898,643,67,128,823,619,166,73,217,347,1012,943,601,66,62,92,74,60,63,66,32,95,75,87,72,53,69,107,49,71,48,45,45,46,49,37,59,70,45,40,39,36,65,71,55
[ 34.764898] wil6210-aoa$0,1606461634.346161,04:d6:aa:c1:38:97,2,1,1,0,128,324,986,808,766,932,984,434,409,125,299,56,217,731,16,138,505,980,967,346,855,667,73,668,12,174,339,113,219,429,43,720,279,62,56,81,68,57,58,63,31,87,73,81,70,53,73,101,51,71,41,41,43,44,53,39,58,65,40,44,41,40,68,74,60
[ 34.802213] wil6210-aoa$0,1606461634.383474,04:d6:aa:c1:38:97,2,1,1,0,128,772,756,243,602,391,802,839,216,114,336,1022,192,772,54,120,526,957,962,393,934,656,66,155,857,561,95,554,990,881,871,742,486,60,56,83,73,58,60,61,26,83,68,79,67,58,66,105,51,75,44,43,44,44,54,38,58,66,45,44,39,41,71,75,53
[ 34.837842] wil6210-aoa$0,1606461634.419106,04:d6:aa:c1:38:97,2,1,1,0,128,281,908,783,787,433,836,368,398,98,293,522,61,703,3,195,613,900,936,385,905,616,6,727,18,201,314,180,235,335,18,228,994,71,59,84,70,57,57,68,30,88,74,81,77,60,75,113,56,76,44,43,46,51,60,41,66,76,48,47,39,45,80,81,66
[ 34.872181] wil6210-aoa$0,1606461634.453440,04:d6:aa:c1:38:97,2,1,1,0,128,343,928,885,777,931,986,428,489,149,360,62,281,787,75,223,641,901,959,394,952,757,132,760,74,234,396,186,252,464,92,886,664,53,56,82,69,56,53,57,25,84,68,72,58,50,59,93,40,63,38,40,39,40,38,33,50,55,36,33,33,26,51,58,41
[ 34.905407] wil6210-aoa$0,1606461634.486671,04:d6:aa:c1:38:97,2,1,1,0,128,329,988,852,803,960,1007,421,429,180,339,1000,186,795,48,128,538,980,963,354,857,684,47,735,43,165,301,85,195,419,22,207,975,63,54,83,78,57,58,61,31,86,69,78,61,50,64,102,49,65,43,44,40,43,43,37,56,66,39,41,39,35,63,69,53
[ 34.934494] wil6210-aoa$0,1606461634.515757,04:d6:aa:c1:38:97,2,1,1,0,128,311,967,727,777,871,985,338,403,626,121,6,199,773,66,100,506,935,944,343,898,687,67,710,65,93,271,53,213,773,815,467,328,67,55,79,70,59,56,61,30,88,72,77,71,62,75,105,47,66,41,39,40,48,59,36,61,67,45,46,40,48,76,80,64
[ 34.965827] wil6210-aoa$0,1606461634.547087,04:d6:aa:c1:38:97,2,1,1,0,128,785,733,825,759,926,978,885,250,611,111,505,44,775,52,569,293,421,795,368,889,721,62,732,63,172,348,122,179,389,5,642,436,61,40,65,53,42,51,53,23,66,53,71,72,54,68,94,46,60,34,32,37,42,59,38,54,61,44,43,36,44,70,81,62
[ 34.995799] wil6210-aoa$0,1606461634.577064,04:d6:aa:c1:38:97,2,1,1,0,128,328,954,795,728,953,1014,298,377,173,347,1004,149,721,24,104,520,890,932,396,943,615,38,670,57,129,336,107,239,376,58,921,652,59,55,84,73,54,52,56,25,83,69,71,58,53,60,104,42,64,41,44,42,43,42,33,53,58,38,34,32,32,57,60,42
[ 35.027743] wil6210-aoa$0,1606461634.609002,04:d6:aa:c1:38:97,2,1,1,0,128,798,759,282,626,424,821,895,195,574,90,508,20,213,866,616,296,374,731,908,716,137,896,175,868,653,152,643,45,411,34,296,8,60,58,84,75,57,56,59,30,88,73,79,69,57,65,106,48,62,40,43,43,44,44,40,56,65,40,38,36,36,60,71,51
[ 35.064148] wil6210-aoa$0,1606461634.645412,04:d6:aa:c1:38:97,2,1,1,0,128,308,959,721,714,940,1005,429,473,639,123,481,10,806,48,600,363,903,901,869,694,93,868,141,851,219,370,96,183,455,47,991,707,64,56,83,73,62,55,62,25,84,71,76,72,57,71,106,49,69,42,40,43,47,55,38,59,64,43,42,40,43,71,83,58
[ 35.098695] wil6210-aoa$0,1606461634.679953,04:d6:aa:c1:38:97,2,1,1,0,128,737,728,787,755,385,810,385,411,127,345,1004,179,720,1021,164,535,274,684,842,728,651,51,685,1021,615,174,538,18,406,32,526,256,61,56,86,72,57,58,58,29,88,72,75,59,52,65,107,46,68,42,38,42,42,44,36,52,64,41,37,39,34,65,65,48
[ 35.132788] wil6210-aoa$0,1606461634.714052,04:d6:aa:c1:38:97,2,1,1,0,128,376,10,762,752,955,8,374,421,133,311,986,128,714,994,117,519,979,933,371,899,691,89,715,33,120,306,39,159,344,15,682,410,68,59,89,79,64,61,65,28,92,81,88,75,61,76,116,54,77,45,45,50,49,60,40,66,69,47,45,43,49,74,91,62
[ 35.167207] wil6210-aoa$0,1606461634.748472,04:d6:aa:c1:38:97,2,1,1,0,128,245,909,825,818,970,3,353,405,121,308,1009,128,173,871,82,497,954,970,345,870,620,12,132,819,585,147,568,24,395,24,136,904,68,60,88,75,63,65,66,33,92,75,80,74,62,74,116,55,78,47,46,47,49,58,41,65,76,49,48,44,47,76,83,62
[ 35.201086] wil6210-aoa$0,1606461634.782346,04:d6:aa:c1:38:97,2,1,1,0,128,795,772,273,583,904,944,446,473,126,304,993,143,733,12,618,334,922,910,427,930,691,58,746,55,103,333,52,205,416,30,63,774,62,58,81,73,61,57,61,28,85,71,78,64,57,69,105,50,69,43,43,43,47,50,34,57,65,43,41,39,38,68,75,56
[ 35.236271] wil6210-aoa$0,1606461634.817535,04:d6:aa:c1:38:97,2,1,1,0,128,275,928,845,819,891,982,378,450,135,297,978,148,190,834,117,527,957,942,753,693,562,1012,155,877,573,144,89,152,354,1011,748,551,68,63,90,76,66,64,67,32,90,76,85,78,62,75,115,56,76,48,44,50,47,57,42,66,71,45,52,44,48,80,82,66
[ 35.271459] wil6210-aoa$0,1606461634.852722,04:d6:aa:c1:38:97,2,1,1,0,128,252,934,780,785,932,10,438,467,106,298,18,215,746,37,117,543,923,934,421,926,702,71,679,1021,180,356,90,234,422,56,332,28,69,62,89,76,66,65,66,29,90,78,84,75,59,74,117,55,73,49,46,45,48,60,41,62,70,47,46,46,45,77,82,60
[ 35.304545] wil6210-aoa$0,1606461634.885808,04:d6:aa:c1:38:97,2,1,1,0,128,314,950,712,704,415,795,893,219,204,360,8,181,812,76,165,545,1010,1012,371,877,711,85,703,7,696,189,142,240,462,44,482,304,64,63,87,80,60,59,58,28,88,74,81,61,51,67,108,46,69,40,44,42,45,47,36,56,67,42,40,40,39,68,74,54
[ 35.333790] wil6210-aoa$0,1606461634.915054,04:d6:aa:c1:38:97,2,1,1,0,128,788,704,336,600,373,799,834,183,213,379,26,205,212,872,609,332,411,768,857,713,150,880,160,862,177,311,554,11,933,884,312,85,64,58,85,73,60,62,64,30,86,72,78,69,56,73,109,49,74,43,43,41,46,49,43,60,69,43,41,36,38,67,75,55
[ 35.367418] wil6210-aoa$0,1606461634.948678,04:d6:aa:c1:38:97,2,1,1,0,128,294,940,809,755,380,810,416,419,131,324,80,219,858,118,135,500,925,945,363,903,690,65,704,53,165,387,31,196,381,2,735,582,73,54,85,66,62,61,70,30,87,72,88,76,63,76,113,54,71,40,42,47,50,65,42,65,70,47,49,43,47,79,87,67
[ 35.402523] wil6210-aoa$0,1606461634.983787,04:d6:aa:c1:38:97,2,1,1,0,128,295,899,765,789,358,817,921,277,91,279,59,223,792,39,174,538,892,935,403,890,648,13,138,823,618,138,105,237,375,1023,721,383,63,59,86,78,61,61,60,31,88,73,77,70,60,72,107,50,71,42,44,45,47,50,41,60,68,43,41,38,40,66,73,54
