
[ 24.439969] wil6210-aoa$0,1606461623.273311,04:d6:aa:c1:38:97,2,1,1,0,128,333,945,771,754,343,734,966,209,591,126,502,978,361,923,152,539,857,885,834,654,227,844,698,996,657,127,606,43,396,23,154,23,58,105,96,100,75,86,58,60,87,81,75,49,59,55,98,61,86,69,62,63,40,55,45,54,78,52,48,44,49,76,82,76
[ 24.481377] wil6210-aoa$0,1606461623.314715,04:d6:aa:c1:38:97,2,1,1,0,128,302,982,775,787,917,1001,386,389,191,361,26,175,853,66,212,580,887,918,322,856,183,855,773,30,224,376,209,258,394,40,128,904,59,103,93,100,75,87,59,56,86,82,72,49,57,54,99,63,90,69,64,66,39,60,47,56,79,55,53,48,54,81,86,81
[ 24.509703] wil6210-aoa$0,1606461623.343046,04:d6:aa:c1:38:97,2,1,1,0,128,264,908,839,809,939,1010,345,380,138,313,96,292,827,100,156,580,879,962,345,872,709,25,755,1017,256,390,89,193,425,91,493,311,55,99,89,94,74,83,56,56,81,79,71,47,56,53,95,59,84,69,59,62,38,55,46,54,76,51,51,46,52,76,80,75
[ 24.531861] wil6210-aoa$0,1606461623.365202,04:d6:aa:c1:38:97,2,1,1,0,128,289,934,806,789,964,13,849,200,618,203,90,273,789,47,214,620,878,923,329,884,205,901,799,43,204,376,139,260,399,65,499,193,54,99,90,94,72,83,54,55,79,75,69,43,53,50,89,55,79,67,56,59,34,50,39,48,71,45,45,38,45,68,69,65
[ 24.563651] wil6210-aoa$0,1606461623.396991,04:d6:aa:c1:38:97,2,1,1,0,128,314,933,831,808,893,982,877,209,145,392,44,209,778,7,590,320,377,787,817,682,243,914,718,1016,180,344,131,228,367,77,814,528,62,108,97,103,80,93,61,60,90,84,77,52,63,57,102,66,89,73,64,66,40,59,47,59,81,56,52,47,54,80,86,79
[ 24.587363] wil6210-aoa$0,1606461623.420708,04:d6:aa:c1:38:97,2,1,1,0,128,338,979,723,730,421,810,472,411,147,350,70,226,801,30,169,543,887,924,862,662,760,32,163,828,644,109,134,248,282,15,267,128,57,110,95,102,76,86,56,57,85,79,72,43,54,50,93,58,82,68,59,59,35,51,42,47,71,43,43,37,42,67,66,61
[ 24.617118] wil6210-aoa$0,1606461623.450465,04:d6:aa:c1:38:97,2,1,1,0,128,321,965,825,827,928,1,367,398,188,331,115,203,301,875,221,614,953,990,410,942,719,59,743,57,199,362,122,245,385,65,388,109,57,99,92,97,74,83,56,54,82,78,72,46,53,51,91,57,84,67,59,61,36,55,42,53,74,49,49,42,49,73,77,75
[ 24.640300] wil6210-aoa$0,1606461623.473639,04:d6:aa:c1:38:97,2,1,1,0,128,240,897,770,748,921,949,449,434,142,334,533,3,775,1,622,361,876,910,409,875,780,34,730,42,169,331,568,19,822,828,281,58,54,99,94,96,71,82,55,56,79,77,67,44,54,53,90,57,83,68,59,60,37,53,42,52,73,48,46,42,48,73,74,68
[ 24.672054] wil6210-aoa$0,1606461623.505393,04:d6:aa:c1:38:97,2,1,1,0,128,809,787,823,828,946,991,389,350,179,401,1005,139,775,24,624,323,369,782,862,732,742,66,740,1022,188,358,566,15,376,39,501,253,57,106,98,103,78,89,61,58,90,83,77,51,59,57,101,63,92,73,65,66,40,60,48,57,84,56,53,46,54,83,85,82
[ 24.700174] wil6210-aoa$0,1606461623.533518,04:d6:aa:c1:38:97,2,1,1,0,128,253,897,719,785,917,982,431,413,118,370,542,34,807,14,658,336,442,787,400,879,656,1010,734,3,678,163,593,22,388,48,769,489,58,108,100,103,78,89,59,60,87,83,74,47,58,55,99,62,89,73,64,65,40,56,46,54,80,51,49,43,52,77,79,74
[ 24.723570] wil6210-aoa$0,1606461623.556910,04:d6:aa:c1:38:97,2,1,1,0,128,258,907,251,615,336,766,978,258,638,189,93,210,840,66,253,618,896,939,399,925,691,1,689,1016,176,339,153,259,321,30,648,348,56,100,90,97,74,84,55,55,83,78,70,45,54,53,95,57,84,68,58,60,38,54,42,51,73,50,47,42,49,75,77,72
[ 24.754038] wil6210-aoa$0,1606461623.587376,04:d6:aa:c1:38:97,2,1,1,0,128,320,967,751,722,931,973,943,225,163,381,42,223,823,22,236,603,924,977,329,904,792,85,759,59,203,350,177,263,376,78,371,175,58,108,96,104,79,88,58,60,89,83,73,49,57,56,98,61,88,71,63,64,40,58,46,56,78,53,51,45,51,79,84,77
[ 24.776174] wil6210-aoa$0,1606461623.609519,04:d6:aa:c1:38:97,2,1,1,0,128,314,944,735,750,950,993,369,389,162,371,106,212,929,111,185,606,921,973,383,919,747,71,743,25,191,311,576,51,341,52,396,162,58,105,96,103,78,89,59,58,88,85,77,49,61,59,101,63,87,71,62,65,39,57,47,56,78,54,53,45,51,78,82,78
[ 24.806414] wil6210-aoa$0,1606461623.639757,04:d6:aa:c1:38:97,2,1,1,0,128,322,922,833,786,899,979,803,125,585,99,508,994,275,863,677,350,946,995,335,873,738,20,705,19,214,363,114,232,414,87,852,622,52,98,91,95,71,80,55,55,78,73,68,43,51,49,86,55,80,66,56,57,33,49,38,47,68,43,43,39,42,65,67,62
[ 24.831737] wil6210-aoa$0,1606461623.665076,04:d6:aa:c1:38:97,2,1,1,0,128,276,925,702,716,388,805,880,215,169,405,46,180,907,110,116,576,379,799,334,916,192,863,209,889,244,398,110,242,818,861,886,688,55,99,92,96,73,82,58,57,82,77,71,47,55,53,95,58,83,66,59,62,37,52,43,51,75,50,47,43,49,74,75,71
[ 24.861189] wil6210-aoa$0,1606461623.694527,04:d6:aa:c1:38:97,2,1,1,0,128,284,921,818,789,948,996,819,183,179,368,539,20,810,1005,195,532,968,990,392,919,800,56,726,8,200,354,70,203,318,23,376,95,54,100,90,94,72,82,56,57,80,75,70,46,53,50,90,57,83,67,59,59,36,52,41,49,72,46,46,40,45,71,71,65
[ 24.888123] wil6210-aoa$0,1606461623.721467,04:d6:aa:c1:38:97,2,1,1,0,128,256,935,836,815,1002,39,434,409,231,416,81,180,817,23,178,564,354,769,853,682,241,878,779,45,251,384,66,220,391,1017,488,281,60,104,96,100,77,90,61,59,86,84,75,50,59,55,101,63,91,73,63,66,41,60,48,56,79,53,53,47,54,81,85,82
[ 24.913390] wil6210-aoa$0,1606461623.746729,04:d6:aa:c1:38:97,2,1,1,0,128,308,974,771,809,937,1003,389,419,172,397,38,230,780,34,221,598,937,983,394,909,792,75,759,48,191,363,172,286,377,36,811,471,53,98,91,96,72,83,55,57,82,78,69,45,53,52,91,56,82,69,60,59,37,51,40,50,74,49,46,42,48,73,72,68
[ 24.938025] wil6210-aoa$0,1606461623.771369,04:d6:aa:c1:38:97,2,1,1,0,128,306,955,805,798,945,1011,409,400,242,430,69,220,830,75,151,554,924,970,371,940,726,73,760,70,215,401,131,281,389,64,479,151,56,108,97,100,77,90,60,60,86,81,73,48,58,54,96,61,89,71,64,63,40,56,45,53,81,52,50,45,50,78,80,74
[ 24.967974] wil6210-aoa$0,1606461623.801319,04:d6:aa:c1:38:97,2,1,1,0,128,314,955,811,782,943,985,866,203,576,138,46,178,846,31,232,574,889,927,431,930,716,21,752,23,211,382,115,245,381,82,757,449,55,108,97,103,76,87,59,60,88,81,72,43,55,54,95,59,85,69,62,62,37,54,43,52,74,49,48,42,48,75,76,70
[ 24.990272] wil6210-aoa$0,1606461623.823618,04:d6:aa:c1:38:97,2,1,1,0,128,280,915,876,835,359,770,893,168,143,347,48,171,782,9,169,577,880,903,778,703,763,74,705,26,197,352,152,255,349,65,821,523,58,105,95,99,76,84,57,55,85,80,72,43,56,53,92,58,85,69,61,62,37,52,40,50,70,46,46,39,44,71,71,65
[ 25.019429] wil6210-aoa$0,1606461623.852768,04:d6:aa:c1:38:97,2,1,1,0,128,291,945,787,773,902,967,401,365,197,427,17,162,800,42,174,598,899,958,420,955,739,37,755,56,184,379,66,203,819,845,533,361,59,108,98,104,77,90,60,60,90,84,77,52,59,58,103,65,89,72,64,66,39,58,47,58,80,55,54,49,54,83,85,80
[ 25.042797] wil6210-aoa$0,1606461623.876139,04:d6:aa:c1:38:97,2,1,1,0,128,322,935,783,794,971,26,367,410,178,376,64,178,879,97,162,581,881,940,415,946,778,68,681,1004,205,385,122,257,379,57,778,508,55,106,98,101,77,85,57,60,83,78,73,44,55,51,93,58,83,68,57,62,39,52,41,51,73,47,46,41,45,70,68,63
[ 25.081882] wil6210-aoa$0,1606461623.915227,04:d6:aa:c1:38:97,2,1,1,0,128,298,914,810,792,909,965,853,176,192,359,76,199,855,63,196,587,948,971,405,915,716,21,706,15,209,366,120,272,417,65,531,304,57,107,96,102,77,88,58,57,88,84,72,49,58,55,97,61,86,71,63,64,39,56,45,54,78,51,50,44,50,77,78,73
[ 25.104505] wil6210-aoa$0,1606461623.937850,04:d6:aa:c1:38:97,2,1,1,0,128,743,749,238,592,955,991,449,410,187,378,30,171,236,853,618,329,292,700,856,723,741,16,702,1016,165,359,171,258,335,0,874,704,54,98,90,95,72,82,55,57,80,78,70,45,56,54,94,58,83,67,59,64,38,53,42,52,75,49,48,43,49,73,77,74
[ 25.135738] wil6210-aoa$0,1606461623.969084,04:d6:aa:c1:38:97,2,1,1,0,128,268,931,752,754,995,8,332,377,182,392,99,218,891,90,193,629,856,951,327,869,738,0,707,3,270,426,40,204,372,42,210,894,53,99,92,95,73,81,55,57,78,75,70,43,53,52,91,58,83,67,58,58,35,52,40,49,75,49,45,41,48,72,74,68
[ 25.159181] wil6210-aoa$0,1606461623.992520,04:d6:aa:c1:38:97,2,1,1,0,128,286,899,798,820,976,1011,421,413,183,386,14,193,766,63,285,629,881,945,816,728,760,75,766,56,275,432,148,280,395,60,182,980,57,105,97,104,75,89,59,61,87,84,73,47,56,53,95,61,88,70,62,63,38,55,42,51,77,49,47,41,45,73,73,67
[ 25.189612] wil6210-aoa$0,1606461624.022951,04:d6:aa:c1:38:97,2,1,1,0,128,292,965,733,756,919,997,869,241,133,370,82,245,812,67,175,562,430,777,393,944,716,14,766,94,226,378,136,252,367,57,624,386,52,101,91,95,72,82,56,56,80,77,67,41,52,51,90,55,81,66,58,58,35,50,39,48,72,46,45,38,45,69,69,63
[ 25.212376] wil6210-aoa$0,1606461624.045721,04:d6:aa:c1:38:97,2,1,1,0,128,267,873,304,595,1004,1010,372,401,639,150,542,19,302,892,223,602,908,984,392,916,629,1022,151,849,709,189,180,229,361,12,722,510,58,107,95,104,76,90,59,59,89,84,75,49,58,54,99,62,89,73,65,64,40,59,44,56,80,55,53,47,54,81,84,79
[ 25.251702] wil6210-aoa$0,1606461624.085048,04:d6:aa:c1:38:97,2,1,1,0,128,308,911,826,813,1017,8,905,222,171,365,84,229,846,85,225,608,883,929,456,934,658,1002,772,55,692,186,66,196,796,842,728,607,56,99,89,93,71,83,55,54,83,78,72,47,55,53,96,59,82,66,60,62,37,54,43,51,74,50,47,43,50,73,74,71
[ 25.274508] wil6210-aoa$0,1606461624.107854,04:d6:aa:c1:38:97,2,1,1,0,128,808,729,234,546,971,1013,396,391,208,410,30,194,844,45,191,603,861,902,367,892,716,1018,697,1023,261,378,117,267,366,34,245,1021,62,107,96,103,78,90,60,59,87,84,76,49,61,57,101,64,89,73,65,66,40,58,47,57,81,56,52,47,53,79,86,81
[ 25.306132] wil6210-aoa$0,1606461624.139478,04:d6:aa:c1:38:97,2,1,1,0,128,292,911,781,774,928,1012,439,423,164,372,22,188,897,76,249,614,956,976,390,928,728,27,702,16,192,334,598,15,327,29,540,329,58,106,97,102,75,90,59,59,86,82,76,49,58,54,100,62,88,71,62,63,40,55,47,56,75,51,52,46,50,78,80,73
[ 25.330647] wil6210-aoa$0,1606461624.163985,04:d6:aa:c1:38:97,2,1,1,0,128,298,952,751,751,1,28,469,389,130,377,96,212,766,57,187,641,878,929,482,975,754,24,705,14,197,383,542,32,334,25,199,939,60,108,96,100,77,90,58,59,87,82,75,48,59,57,101,61,89,73,64,65,39,58,46,57,80,55,50,46,52,81,85,79
[ 25.360628] wil6210-aoa$0,1606461624.193967,04:d6:aa:c1:38:97,2,1,1,0,128,302,889,845,787,950,994,404,373,187,402,65,252,721,1017,109,528,915,956,434,950,783,72,746,64,221,372,80,222,343,39,291,136,58,112,96,102,77,87,58,58,87,82,74,47,55,54,97,60,86,72,63,64,38,57,43,53,75,51,48,42,49,75,76,70
[ 25.383714] wil6210-aoa$0,1606461624.217060,04:d6:aa:c1:38:97,2,1,1,0,128,285,943,828,823,942,1005,431,399,144,364,44,152,855,39,694,394,335,767,355,909,704,15,751,44,228,369,138,237,417,82,722,431,59,107,98,101,78,89,59,59,88,84,75,49,59,54,97,63,87,71,62,63,37,55,45,54,77,52,50,46,48,77,79,77
[ 25.411044] wil6210-aoa$0,1606461624.244383,04:d6:aa:c1:38:97,2,1,1,0,128,272,929,772,748,1007,9,501,439,138,371,13,173,807,24,134,558,325,726,430,963,668,39,720,1006,203,354,156,280,406,42,80,725,59,108,98,101,77,88,59,59,88,83,76,48,60,57,99,62,86,69,63,64,40,57,47,54,78,51,51,46,50,76,82,77
[ 25.441735] wil6210-aoa$0,1606461624.275076,04:d6:aa:c1:38:97,2,1,1,0,128,309,968,737,783,900,998,440,455,158,382,143,265,829,78,139,541,863,925,384,902,187,858,783,48,240,423,133,272,348,77,60,859,56,105,97,103,75,85,57,57,85,79,73,46,53,54,93,58,85,69,60,61,37,53,42,50,72,46,45,39,45,69,70,66
[ 25.471121] wil6210-aoa$0,1606461624.304461,04:d6:aa:c1:38:97,2,1,1,0,128,758,731,266,610,968,1021,431,376,145,351,477,5,242,861,678,425,354,757,804,690,131,848,193,855,646,141,582,44,807,841,276,68,61,106,98,105,80,90,60,59,91,84,77,52,61,58,102,63,90,73,65,66,40,59,49,57,79,56,54,47,56,81,87,82
[ 25.500735] wil6210-aoa$0,1606461624.334075,04:d6:aa:c1:38:97,2,1,1,0,128,328,924,752,765,944,1016,405,386,194,406,19,201,811,12,654,374,332,789,888,759,786,31,663,1008,694,153,574,39,361,53,969,695,55,107,97,101,76,84,58,58,87,81,73,45,54,54,96,59,87,72,62,64,37,53,44,53,73,48,48,42,48,75,76,72
[ 25.524747] wil6210-aoa$0,1606461624.358089,04:d6:aa:c1:38:97,2,1,1,0,128,333,978,738,763,933,1016,343,359,188,382,60,228,825,68,214,600,918,969,350,852,195,839,824,75,167,337,552,9,431,38,148,938,52,98,89,95,71,81,52,54,80,73,69,43,53,49,89,55,79,62,57,58,34,48,38,45,68,44,44,36,44,67,67,60
[ 25.554230] wil6210-aoa$0,1606461624.387572,04:d6:aa:c1:38:97,2,1,1,0,128,235,893,778,746,934,985,460,422,178,371,76,205,807,28,202,593,908,973,365,900,715,20,247,890,151,312,141,239,369,39,876,614,54,103,90,97,71,81,55,54,80,74,70,45,52,50,90,56,79,64,56,59,37,51,41,48,71,46,44,37,44,69,70,62
[ 25.577036] wil6210-aoa$0,1606461624.410381,04:d6:aa:c1:38:97,2,1,1,0,128,251,863,758,742,994,1020,459,386,216,420,91,209,857,86,158,603,870,919,386,924,737,37,694,8,242,371,105,243,350,42,457,217,59,107,98,103,76,86,58,59,86,80,74,47,56,54,94,59,86,69,63,64,37,53,43,51,76,49,46,41,47,75,78,71
[ 25.607514] wil6210-aoa$0,1606461624.440853,04:d6:aa:c1:38:97,2,1,1,0,128,247,907,774,790,915,975,364,331,184,346,64,197,849,53,237,598,958,992,302,884,791,82,682,999,686,192,98,244,314,4,206,932,60,105,98,102,80,89,61,60,88,84,76,50,61,57,106,64,91,71,66,65,40,61,48,59,84,58,54,49,55,84,88,84
[ 25.635580] wil6210-aoa$0,1606461624.468926,04:d6:aa:c1:38:97,2,1,1,0,128,228,915,742,752,348,803,889,151,634,171,95,178,271,829,655,390,840,914,423,922,778,37,720,14,242,384,67,215,381,49,523,365,59,106,98,104,77,89,57,56,86,82,75,47,57,55,96,61,87,70,62,65,37,55,43,52,76,48,49,42,47,76,76,67
[ 25.660318] wil6210-aoa$0,1606461624.493657,04:d6:aa:c1:38:97,2,1,1,0,128,770,723,274,626,920,984,383,386,136,384,24,174,316,878,693,399,871,924,826,718,146,834,145,787,699,173,92,212,336,990,160,912,59,106,97,102,78,88,61,60,88,82,76,48,59,57,98,63,93,73,61,65,40,58,46,53,79,51,51,45,50,79,83,77
[ 25.691140] wil6210-aoa$0,1606461624.524478,04:d6:aa:c1:38:97,2,1,1,0,128,316,894,806,764,348,792,887,221,144,349,49,186,801,11,167,570,926,989,432,955,690,21,754,35,235,382,160,264,318,0,343,6,55,99,91,96,71,83,53,55,81,74,71,46,52,51,91,59,83,65,58,61,36,51,41,51,73,49,46,41,49,72,74,69
[ 25.713992] wil6210-aoa$0,1606461624.547334,04:d6:aa:c1:38:97,2,1,1,0,128,815,792,743,809,939,1009,423,403,163,381,62,205,787,40,213,586,969,983,435,963,738,84,721,44,616,168,29,148,832,841,426,128,60,103,100,104,80,90,61,63,88,86,75,50,60,56,102,64,89,73,65,65,41,57,47,57,81,53,52,46,53,80,84,78
[ 25.754570] wil6210-aoa$0,1606461624.587913,04:d6:aa:c1:38:97,2,1,1,0,128,283,889,762,777,998,2,447,413,155,374,42,183,815,43,686,363,964,987,334,893,719,28,688,1017,199,361,533,2,376,25,455,296,62,108,98,105,77,89,60,61,90,84,76,49,60,57,101,65,90,73,64,66,40,57,47,54,78,53,49,44,51,78,82,76
[ 25.777421] wil6210-aoa$0,1606461624.610764,04:d6:aa:c1:38:97,2,1,1,0,128,311,940,255,574,983,20,442,424,226,425,100,227,853,52,208,600,980,990,360,911,769,51,702,1023,248,390,203,276,372,31,545,296,59,106,97,102,76,88,61,59,87,82,74,46,59,53,97,62,88,70,63,64,39,53,45,53,76,49,50,41,47,72,75,71
[ 25.804115] wil6210-aoa$0,1606461624.637458,04:d6:aa:c1:38:97,2,1,1,0,128,749,701,794,760,930,970,460,419,205,370,78,193,836,37,192,558,934,945,405,928,696,1020,713,16,723,201,111,223,388,35,699,401,57,104,97,98,76,87,59,60,86,81,72,48,57,54,96,60,89,70,60,65,39,53,44,54,77,48,49,42,48,76,76,72
[ 25.831013] wil6210-aoa$0,1606461624.664352,04:d6:aa:c1:38:97,2,1,1,0,128,755,716,233,579,408,825,820,179,599,126,481,1000,281,882,647,377,354,756,380,916,656,992,710,1017,224,358,87,215,364,34,316,200,60,104,97,102,77,91,60,58,88,85,75,50,61,57,102,63,90,71,64,66,41,58,48,57,81,59,52,49,53,83,87,84
[ 25.862537] wil6210-aoa$0,1606461624.695879,04:d6:aa:c1:38:97,2,1,1,0,128,306,946,795,785,925,6,379,381,221,398,1,146,262,872,243,629,965,1000,285,821,777,44,699,989,213,368,108,246,863,874,524,401,57,107,95,100,78,87,58,60,84,82,74,47,57,54,95,60,88,71,62,63,36,52,42,52,72,46,47,39,45,74,74,68
[ 25.892403] wil6210-aoa$0,1606461624.725742,04:d6:aa:c1:38:97,2,1,1,0,128,764,750,259,599,420,844,431,423,175,396,55,205,828,51,618,360,306,711,839,678,190,868,203,842,668,161,122,233,331,43,695,528,58,109,95,100,76,88,60,59,87,86,74,50,57,55,96,61,88,71,63,65,39,55,43,52,77,49,50,44,47,74,79,73
[ 25.922730] wil6210-aoa$0,1606461624.756070,04:d6:aa:c1:38:97,2,1,1,0,128,312,919,825,818,907,964,403,411,136,360,46,169,805,1021,256,628,890,937,378,900,695,1023,768,27,674,136,616,16,914,922,625,372,61,106,100,101,78,90,60,61,88,83,76,51,58,56,102,61,89,70,63,65,41,58,47,55,80,54,50,46,52,78,81,77
[ 25.953201] wil6210-aoa$0,1606461624.786540,04:d6:aa:c1:38:97,2,1,1,0,128,328,945,776,789,962,1006,462,446,166,370,67,206,794,44,225,624,846,945,341,901,734,53,676,4,195,362,102,206,408,59,462,150,53,100,91,98,71,80,55,55,80,76,69,42,51,50,90,56,81,66,58,60,34,51,41,49,71,46,45,40,47,71,69,67
[ 25.982918] wil6210-aoa$0,1606461624.816256,04:d6:aa:c1:38:97,2,1,1,0,128,309,953,813,785,951,1017,465,456,179,409,19,148,905,102,188,557,903,975,329,838,716,1014,715,10,199,327,127,229,409,49,428,79,58,110,97,101,78,86,56,59,84,81,73,43,56,54,92,57,83,67,58,61,35,49,39,49,70,43,43,36,42,68,66,60
[ 26.012303] wil6210-aoa$0,1606461624.845646,04:d6:aa:c1:38:97,2,1,1,0,128,312,954,781,771,396,841,881,192,187,377,38,180,280,858,639,355,879,930,375,866,138,831,727,10,659,174,122,219,423,58,160,960,58,112,101,105,79,91,61,62,90,83,77,48,58,56,97,61,87,73,65,65,38,54,43,54,76,49,50,43,48,75,77,73
[ 26.035962] wil6210-aoa$0,1606461624.869304,04:d6:aa:c1:38:97,2,1,1,0,128,825,753,201,548,980,991,872,156,168,375,8,134,295,863,690,383,883,925,374,919,682,1019,799,84,185,334,524,22,807,880,269,111,58,104,94,99,74,87,59,60,85,82,74,49,56,54,98,61,89,70,62,65,40,56,45,54,78,51,52,46,52,78,81,78
[ 26.065337] wil6210-aoa$0,1606461624.898675,04:d6:aa:c1:38:97,2,1,1,0,128,324,973,726,774,936,985,418,398,155,338,64,172,859,34,282,647,909,1005,446,950,746,39,715,21,202,359,89,205,381,54,4,750,55,103,94,100,75,84,55,59,85,79,71,47,56,54,96,59,86,69,59,62,37,51,42,50,75,50,47,40,48,74,73,69
[ 26.094643] wil6210-aoa$0,1606461624.927986,04:d6:aa:c1:38:97,2,1,1,0,128,315,937,205,594,398,842,849,212,590,92,569,45,849,60,233,579,892,917,379,897,707,999,217,860,218,393,85,185,393,20,231,34,56,105,94,97,75,86,57,59,86,79,73,47,54,54,96,57,84,68,60,60,37,53,43,49,75,48,46,41,48,73,73,68
[ 26.119721] wil6210-aoa$0,1606461624.953059,04:d6:aa:c1:38:97,2,1,1,0,128,248,917,212,527,396,805,914,201,198,360,134,280,857,68,225,587,877,941,372,899,764,27,767,67,260,433,152,256,321,1017,108,894,59,103,93,100,76,87,58,58,87,81,75,48,59,57,98,60,87,70,62,64,39,57,46,56,80,55,52,49,57,82,86,81
[ 26.150785] wil6210-aoa$0,1606461624.984124,04:d6:aa:c1:38:97,2,1,1,0,128,219,857,807,792,962,1007,371,365,167,374,3,170,252,853,680,422,908,948,449,947,703,4,714,21,224,364,133,268,428,108,885,687,58,109,97,103,80,88,60,60,90,83,76,48,57,54,101,62,87,71,64,66,39,55,45,52,76,50,52,45,50,79,78,74
[ 26.174603] wil6210-aoa$0,1606461625.007948,04:d6:aa:c1:38:97,2,1,1,0,128,304,939,813,755,972,1019,436,416,162,355,47,193,874,56,211,640,916,951,362,886,153,810,202,854,192,326,88,218,406,40,827,556,57,103,94,99,71,84,56,57,83,79,75,48,54,53,95,59,83,66,61,63,38,53,43,53,74,50,48,40,49,74,75,70
[ 26.201750] wil6210-aoa$0,1606461625.035089,04:d6:aa:c1:38:97,2,1,1,0,128,328,992,793,801,952,4,454,450,184,401,71,199,835,95,192,567,920,995,422,940,682,30,711,33,220,381,156,273,381,68,851,519,54,102,95,100,73,86,55,56,83,80,71,45,56,51,96,59,84,67,61,61,37,52,41,50,75,48,47,42,48,72,74,71
[ 26.232759] wil6210-aoa$0,1606461625.066099,04:d6:aa:c1:38:97,2,1,1,0,128,275,930,746,758,386,809,871,199,169,369,77,189,828,69,656,378,333,765,835,712,744,27,756,15,239,414,57,159,307,23,592,451,60,105,99,102,78,89,58,58,88,83,75,48,57,54,102,62,89,71,63,65,39,56,45,55,80,52,50,44,52,79,79,76
[ 26.257210] wil6210-aoa$0,1606461625.090553,04:d6:aa:c1:38:97,2,1,1,0,128,182,882,817,822,418,816,407,385,171,345,51,165,777,6,151,555,338,763,854,716,139,791,777,12,687,170,557,1018,872,881,137,1000,58,103,92,97,75,85,57,56,84,80,73,47,56,52,96,60,86,68,59,63,38,55,44,52,74,52,50,43,49,78,80,77
[ 26.284282] wil6210-aoa$0,1606461625.117620,04:d6:aa:c1:38:97,2,1,1,0,128,249,907,740,747,949,982,911,245,139,347,79,202,818,61,211,570,944,964,367,891,694,3,730,15,260,396,171,253,443,69,44,779,56,100,93,99,74,84,57,56,83,80,72,46,56,53,96,58,84,69,60,62,37,53,44,53,76,50,48,41,47,76,77,73
[ 26.314595] wil6210-aoa$0,1606461625.147934,04:d6:aa:c1:38:97,2,1,1,0,128,729,676,206,520,404,822,915,218,601,128,579,35,299,885,226,558,863,903,776,670,207,893,190,836,686,174,537,2,859,870,665,548,65,112,103,106,84,95,64,65,93,89,81,54,64,60,108,67,95,76,68,68,43,63,49,61,87,59,56,51,56,85,87,84
[ 26.344975] wil6210-aoa$0,1606461625.178314,04:d6:aa:c1:38:97,2,1,1,0,128,818,794,223,599,303,766,910,230,635,173,465,997,275,862,695,365,343,753,842,636,153,821,221,848,655,104,602,1021,860,871,962,704,57,106,96,101,75,85,58,58,84,82,72,47,55,54,95,58,86,69,61,62,36,54,42,52,75,48,49,42,48,75,77,73
[ 26.376110] wil6210-aoa$0,1606461625.209449,04:d6:aa:c1:38:97,2,1,1,0,128,267,914,258,605,410,808,420,433,178,381,38,189,845,34,124,491,340,712,885,739,165,835,752,32,192,351,104,212,304,1018,947,710,57,107,96,100,76,87,57,59,87,81,75,48,57,54,97,62,86,68,63,63,38,55,44,54,76,50,48,43,48,76,80,73
[ 26.400699] wil6210-aoa$0,1606461625.234038,04:d6:aa:c1:38:97,2,1,1,0,128,320,971,821,816,999,33,322,385,604,179,559,40,824,38,663,384,380,812,377,911,700,7,185,856,729,189,127,261,394,55,422,102,58,110,99,105,79,91,59,61,90,84,76,48,56,56,101,62,89,72,65,66,40,55,46,55,77,51,49,43,52,81,81,75
[ 26.432555] wil6210-aoa$0,1606461625.265894,04:d6:aa:c1:38:97,2,1,1,0,128,751,725,277,631,948,1004,353,350,595,163,546,1023,317,910,702,376,860,898,908,725,784,13,693,982,698,165,527,1007,871,887,582,415,59,108,98,103,78,90,59,60,87,80,74,46,58,53,96,58,86,70,61,61,38,55,43,51,77,49,46,39,49,74,74,71
[ 26.463576] wil6210-aoa$0,1606461625.296918,04:d6:aa:c1:38:97,2,1,1,0,128,804,747,786,772,900,975,414,403,177,366,32,179,849,92,206,649,861,920,347,885,700,24,199,827,252,403,155,233,361,27,511,346,58,110,97,103,78,91,59,60,88,82,75,49,58,57,98,62,88,73,63,66,40,57,45,55,78,51,52,45,51,78,78,74
[ 26.493780] wil6210-aoa$0,1606461625.327119,04:d6:aa:c1:38:97,2,1,1,0,128,308,946,846,830,943,1002,850,201,151,360,47,202,804,38,261,584,893,959,336,895,170,832,759,48,238,392,122,275,326,30,575,350,57,102,94,99,75,86,59,57,84,82,74,48,59,54,99,60,86,67,62,63,38,55,45,54,78,52,49,44,50,76,79,76
[ 26.523799] wil6210-aoa$0,1606461625.357139,04:d6:aa:c1:38:97,2,1,1,0,128,347,944,758,737,955,990,866,218,139,339,68,185,875,77,142,535,939,976,376,957,700,20,729,22,258,396,24,177,318,1006,283,41,59,107,98,102,78,90,62,61,89,86,78,53,60,56,102,63,90,71,65,67,41,60,47,57,83,57,53,48,55,82,87,81
[ 26.554377] wil6210-aoa$0,1606461625.387717,04:d6:aa:c1:38:97,2,1,1,0,128,728,725,225,573,394,829,835,187,163,314,75,190,898,56,182,565,926,963,412,949,757,78,711,45,269,426,68,235,341,1019,305,163,63,108,100,104,79,89,61,61,89,84,77,48,59,57,101,65,91,72,67,67,42,59,47,58,82,56,53,46,54,82,85,79
[ 26.586242] wil6210-aoa$0,1606461625.419581,04:d6:aa:c1:38:97,2,1,1,0,128,283,924,748,737,963,992,484,415,167,367,42,167,251,810,705,405,958,994,316,824,718,1007,788,40,250,409,133,236,396,53,550,265,59,107,95,102,77,89,59,60,88,84,77,50,58,57,102,63,90,71,64,66,41,60,48,57,80,56,53,48,54,81,86,82
[ 26.617472] wil6210-aoa$0,1606461625.450816,04:d6:aa:c1:38:97,2,1,1,0,128,254,944,807,766,964,994,451,395,221,402,79,219,839,79,116,535,914,971,386,893,742,34,723,43,157,358,596,82,370,110,690,475,57,103,93,102,76,87,59,59,87,81,73,46,55,55,98,61,86,68,62,65,39,56,44,55,78,52,52,45,52,79,79,75
[ 26.645461] wil6210-aoa$0,1606461625.478800,04:d6:aa:c1:38:97,2,1,1,0,128,284,937,798,795,974,14,391,382,138,366,45,169,833,27,165,518,879,935,361,866,687,1015,732,1,664,174,115,223,323,14,963,695,59,105,94,99,78,87,60,59,84,81,73,46,56,54,94,60,86,69,61,62,36,51,44,51,73,47,46,41,44,71,76,70
[ 26.674673] wil6210-aoa$0,1606461625.508017,04:d6:aa:c1:38:97,2,1,1,0,128,256,918,795,770,986,1,360,368,155,333,63,174,842,57,188,601,911,968,393,956,737,32,131,833,686,173,160,237,385,1016,376,136,58,107,96,102,76,88,58,60,87,82,74,47,56,53,95,60,86,72,61,64,37,55,44,51,76,49,47,43,50,75,77,70
[ 26.701373] wil6210-aoa$0,1606461625.534712,04:d6:aa:c1:38:97,2,1,1,0,128,267,896,810,798,963,1019,402,403,205,387,45,196,807,40,161,558,945,970,433,972,740,47,746,60,162,386,133,272,297,44,913,590,57,107,94,102,77,87,59,58,88,82,72,48,59,56,98,61,88,70,63,64,39,55,46,55,76,53,49,45,54,80,80,77
[ 26.732321] wil6210-aoa$0,1606461625.565665,04:d6:aa:c1:38:97,2,1,1,0,128,293,989,733,766,916,979,876,173,247,391,20,173,791,17,217,591,960,986,431,961,718,56,736,59,203,364,99,234,338,28,160,912,58,106,95,101,77,89,57,57,84,83,73,46,56,53,98,59,89,70,62,63,38,54,46,50,75,49,47,42,49,73,77,69
[ 26.756538] wil6210-aoa$0,1606461625.589882,04:d6:aa:c1:38:97,2,1,1,0,128,301,948,141,521,403,835,863,194,209,422,19,177,817,7,258,607,912,942,365,872,802,42,708,998,738,167,562,1001,406,37,139,867,58,105,95,101,78,90,57,58,86,81,78,50,57,56,100,63,86,70,62,66,40,56,46,56,77,52,50,45,50,77,80,74
[ 26.785413] wil6210-aoa$0,1606461625.618753,04:d6:aa:c1:38:97,2,1,1,0,128,337,941,718,728,930,1016,443,448,153,387,44,233,836,50,205,569,883,961,382,917,749,83,700,30,280,426,109,218,425,56,1001,800,57,106,97,102,79,89,60,58,86,80,75,49,58,54,98,61,88,70,64,64,39,56,47,57,80,56,52,46,51,80,84,77
[ 26.816916] wil6210-aoa$0,1606461625.650259,04:d6:aa:c1:38:97,2,1,1,0,128,284,921,711,750,905,979,346,374,211,419,97,217,828,41,169,563,882,925,388,891,777,23,718,978,302,437,113,221,388,57,876,589,58,106,97,103,79,88,59,59,87,83,72,47,59,56,98,62,88,73,62,64,39,55,45,55,76,51,50,45,50,74,77,74
[ 26.842137] wil6210-aoa$0,1606461625.675475,04:d6:aa:c1:38:97,2,1,1,0,128,234,902,218,578,331,783,866,179,640,210,454,999,276,891,678,375,343,750,894,751,202,921,764,26,169,344,97,214,359,57,345,77,54,99,90,96,71,81,56,55,79,78,71,47,53,50,90,57,83,67,59,62,37,53,42,50,74,48,48,41,49,74,76,72
[ 26.873807] wil6210-aoa$0,1606461625.707146,04:d6:aa:c1:38:97,2,1,1,0,128,277,918,788,757,448,806,462,433,139,332,1012,139,905,109,182,610,861,947,415,966,772,80,745,33,203,382,62,199,454,76,929,687,59,108,97,103,77,87,59,60,87,82,75,48,56,57,97,62,88,71,61,66,39,57,45,56,79,52,49,45,53,79,80,74
[ 26.905272] wil6210-aoa$0,1606461625.738610,04:d6:aa:c1:38:97,2,1,1,0,128,753,733,777,784,387,857,433,393,202,377,87,217,812,2,668,332,424,804,347,886,688,1017,756,20,250,396,81,205,839,872,468,346,59,111,100,108,79,90,62,63,91,85,77,51,60,56,102,63,92,74,63,68,41,57,45,54,82,53,50,45,52,78,79,78
[ 26.936639] wil6210-aoa$0,1606461625.769977,04:d6:aa:c1:38:97,2,1,1,0,128,285,937,765,776,925,997,462,425,90,351,528,9,846,49,259,641,954,1011,415,949,773,72,750,37,172,348,93,223,463,47,520,327,58,107,97,104,77,91,59,59,87,82,74,47,56,55,100,62,86,70,62,65,39,56,44,54,77,51,50,44,51,77,81,74
[ 26.965514] wil6210-aoa$0,1606461625.798857,04:d6:aa:c1:38:97,2,1,1,0,128,296,938,767,766,893,999,933,256,586,145,520,2,863,94,155,550,861,920,387,914,182,830,176,846,665,178,627,61,833,879,18,819,56,105,98,103,76,86,56,57,86,80,71,45,55,53,94,61,86,69,63,65,37,54,44,54,77,48,48,43,47,73,75,69
[ 26.992966] wil6210-aoa$0,1606461625.826304,04:d6:aa:c1:38:97,2,1,1,0,128,253,893,828,800,948,3,425,403,164,365,80,211,838,62,226,604,955,1003,391,972,720,39,697,10,172,319,141,274,425,94,90,806,61,109,101,105,77,89,61,61,89,85,76,51,60,55,100,64,92,73,65,67,41,59,47,57,82,55,51,46,52,80,82,78
[ 27.025560] wil6210-aoa$0,1606461625.858898,04:d6:aa:c1:38:97,2,1,1,2,128,253,893,828,800,948,3,425,403,164,365,80,211,838,62,226,604,955,1003,391,972,720,39,697,10,172,319,141,274,425,94,90,806,61,109,101,105,77,89,61,61,89,85,76,51,60,55,100,64,92,73,65,67,41,59,47,57,82,55,51,46,52,80,82,78
[ 27.056716] wil6210-aoa$0,1606461625.890054,04:d6:aa:c1:38:97,2,1,1,0,128,310,916,818,761,950,975,878,187,116,328,5,205,842,56,147,554,853,930,399,883,712,25,711,0,271,380,92,235,313,12,704,454,59,106,95,101,76,88,58,58,86,82,75,47,57,53,97,58,86,69,63,62,39,53,44,54,76,49,47,41,49,75,75,71
[ 27.080837] wil6210-aoa$0,1606461625.914179,04:d6:aa:c1:38:97,2,1,1,0,128,258,883,788,791,974,16,447,403,161,404,151,266,812,36,243,601,926,955,426,965,730,52,707,22,244,387,124,263,321,22,1003,733,59,108,100,106,79,91,60,62,85,80,73,47,55,51,97,62,86,72,62,63,37,53,44,50,74,48,48,42,47,73,77,68
[ 27.107022] wil6210-aoa$0,1606461625.940365,04:d6:aa:c1:38:97,2,1,1,0,128,289,961,757,791,972,61,404,384,123,371,18,170,885,71,228,596,923,958,343,899,715,39,682,1001,213,336,91,202,385,58,424,132,56,110,97,104,76,85,60,60,88,81,76,49,55,54,96,60,83,71,63,64,37,54,41,50,72,46,47,39,47,72,74,67
[ 27.136320] wil6210-aoa$0,1606461625.969658,04:d6:aa:c1:38:97,2,1,1,0,128,244,946,895,816,967,1020,414,454,151,391,34,189,831,56,201,601,902,933,439,949,718,6,748,39,244,359,80,186,371,1014,886,649,60,111,97,103,80,91,62,61,90,84,77,50,59,56,98,61,87,71,63,65,39,54,45,53,77,50,50,43,49,75,79,76
[ 27.166506] wil6210-aoa$0,1606461625.999848,04:d6:aa:c1:38:97,2,1,1,0,128,338,947,783,771,976,4,437,445,214,405,166,293,836,57,218,587,903,949,312,882,697,1021,753,49,224,369,192,301,423,128,234,922,54,98,91,94,71,82,55,54,80,76,68,45,54,51,91,56,82,65,59,59,37,53,40,49,73,48,46,42,47,72,73,70
[ 27.193360] wil6210-aoa$0,1606461626.026698,04:d6:aa:c1:38:97,2,1,1,0,128,249,916,804,803,928,1023,441,411,143,359,12,209,888,49,208,588,883,928,374,889,731,1023,779,52,167,351,153,232,339,11,519,380,55,108,97,100,75,84,54,56,84,77,70,43,51,52,90,56,82,69,60,57,36,49,39,47,70,41,44,36,41,66,66,59
[ 27.225220] wil6210-aoa$0,1606461626.058560,04:d6:aa:c1:38:97,2,1,1,0,128,252,875,754,795,899,947,462,446,165,395,68,189,880,108,251,635,885,926,408,938,675,25,726,1022,704,162,582,67,380,62,327,135,58,104,98,102,77,86,58,60,86,82,73,43,56,54,94,60,86,71,61,62,36,53,43,52,73,47,47,44,48,74,77,73
[ 27.256635] wil6210-aoa$0,1606461626.089973,04:d6:aa:c1:38:97,2,1,1,0,128,323,928,766,751,929,1013,370,404,677,217,562,37,864,107,198,611,870,920,364,910,740,41,695,9,195,371,45,187,358,8,901,584,57,104,93,99,75,86,56,58,84,79,74,48,55,55,94,59,86,71,61,64,39,58,45,55,76,51,50,45,51,75,80,75
[ 27.288015] wil6210-aoa$0,1606461626.121358,04:d6:aa:c1:38:97,2,1,1,0,128,236,876,839,816,942,24,370,408,189,402,54,196,844,75,200,592,962,996,389,927,766,70,720,23,226,346,85,218,422,66,970,717,56,100,92,98,73,83,57,57,84,77,71,46,53,54,95,59,86,68,60,62,38,54,41,53,76,50,48,42,49,74,76,73
[ 27.313048] wil6210-aoa$0,1606461626.146387,04:d6:aa:c1:38:97,2,1,1,0,128,278,909,788,776,985,1008,399,407,163,381,11,149,852,67,121,551,322,741,845,756,722,1011,180,867,186,347,121,223,333,19,816,625,59,106,95,102,76,89,57,58,86,82,74,48,57,56,98,62,87,72,62,62,37,55,45,54,77,50,47,42,49,77,77,71
[ 27.356681] wil6210-aoa$0,1606461626.190020,04:d6:aa:c1:38:97,2,1,1,0,128,242,894,878,812,967,8,351,352,152,321,97,218,833,81,219,573,953,974,430,943,810,66,665,990,172,352,574,29,416,51,68,856,58,107,95,99,77,87,58,62,86,83,76,48,56,54,97,62,85,70,62,63,36,53,44,52,75,50,50,43,48,76,78,74
[ 27.387627] wil6210-aoa$0,1606461626.220967,04:d6:aa:c1:38:97,2,1,1,0,128,299,949,758,796,913,979,491,473,192,395,70,214,808,55,275,617,940,1018,409,973,673,1019,747,59,208,363,120,232,435,72,515,228,53,101,93,97,72,83,56,55,83,75,73,46,54,53,93,58,81,67,58,59,35,53,41,51,74,48,46,40,48,74,74,70
[ 27.420004] wil6210-aoa$0,1606461626.253343,04:d6:aa:c1:38:97,2,1,1,0,128,791,729,220,584,962,989,901,178,186,348,485,997,810,82,179,542,911,988,809,683,205,850,229,870,219,399,80,207,350,32,863,653,56,101,90,98,73,83,55,56,81,79,70,45,54,53,94,59,86,68,61,61,37,52,42,52,75,49,47,43,50,77,76,71
[ 27.451442] wil6210-aoa$0,1606461626.284783,04:d6:aa:c1:38:97,2,1,1,0,128,300,955,753,761,956,1021,351,358,584,105,507,1008,255,863,610,342,299,711,792,690,181,861,748,51,633,165,610,44,420,93,620,299,59,103,96,101,76,87,56,59,87,82,74,46,57,54,97,60,86,70,62,63,39,54,46,55,77,51,48,44,48,76,75,73
[ 27.476564] wil6210-aoa$0,1606461626.309907,04:d6:aa:c1:38:97,2,1,1,0,128,276,904,780,767,384,813,910,220,594,121,499,1004,241,860,138,509,339,756,799,690,172,844,155,802,716,213,567,3,837,842,79,919,56,106,93,98,77,86,58,59,86,82,74,47,57,54,96,60,85,69,61,63,38,54,44,53,75,47,49,42,49,73,74,71
[ 27.504268] wil6210-aoa$0,1606461626.337606,04:d6:aa:c1:38:97,2,1,1,0,128,307,948,212,614,366,792,890,194,593,145,549,31,274,884,199,568,911,955,352,895,690,1009,800,73,213,362,99,188,400,50,796,594,53,102,92,97,72,83,55,56,83,78,72,42,51,52,89,53,84,67,58,60,35,51,40,47,72,44,43,36,45,73,69,67
[ 27.535521] wil6210-aoa$0,1606461626.368859,04:d6:aa:c1:38:97,2,1,1,0,128,232,866,786,797,946,979,453,372,186,391,24,203,804,2,192,558,934,951,365,862,735,40,719,4,238,366,97,207,442,71,999,760,55,101,91,96,73,84,58,55,82,77,70,45,54,51,94,59,82,67,57,59,34,52,41,50,71,46,47,40,47,71,72,68
[ 27.564918] wil6210-aoa$0,1606461626.398261,04:d6:aa:c1:38:97,2,1,1,0,128,763,735,806,777,965,981,900,200,173,363,510,1021,820,49,164,569,343,743,907,737,728,40,792,67,176,338,87,195,380,24,402,190,58,101,94,98,75,86,59,57,84,80,72,49,58,53,99,62,87,72,63,64,40,57,46,56,78,53,52,45,51,81,82,77
[ 27.592779] wil6210-aoa$0,1606461626.426117,04:d6:aa:c1:38:97,2,1,1,0,128,268,898,796,772,981,999,418,406,224,401,84,211,851,61,197,592,887,921,382,899,737,32,740,50,205,390,134,247,389,32,376,67,59,107,98,102,79,92,61,60,89,84,77,48,60,56,100,63,91,73,65,67,40,58,47,57,81,53,51,46,53,80,83,81
[ 27.623864] wil6210-aoa$0,1606461626.457209,04:d6:aa:c1:38:97,2,1,1,0,128,272,927,707,750,907,979,474,461,140,406,33,231,823,60,201,591,853,886,912,752,169,896,750,51,200,375,119,222,401,49,382,62,55,107,96,100,75,84,58,59,85,79,72,46,55,53,93,59,85,71,60,60,36,53,41,50,75,50,46,40,48,72,74,67
[ 27.649404] wil6210-aoa$0,1606461626.482749,04:d6:aa:c1:38:97,2,1,1,0,128,255,903,188,582,886,991,453,437,113,325,41,212,241,871,692,402,912,927,350,864,746,42,776,78,228,377,113,239,354,15,440,255,54,101,93,98,76,85,56,57,84,80,70,44,55,50,94,58,83,68,59,61,37,51,44,51,74,46,47,41,46,71,71,70
[ 27.678544] wil6210-aoa$0,1606461626.511883,04:d6:aa:c1:38:97,2,1,1,0,128,328,927,254,594,977,12,470,430,195,360,19,175,848,52,217,557,899,948,358,920,722,13,730,25,715,222,538,6,846,850,342,228,56,100,92,98,73,85,57,56,82,77,70,46,56,53,95,61,85,68,60,61,36,55,43,51,76,50,48,42,48,77,76,73
[ 27.708626] wil6210-aoa$0,1606461626.541971,04:d6:aa:c1:38:97,2,1,1,0,128,763,767,176,519,394,822,387,403,208,373,12,121,231,843,689,408,875,942,831,719,190,885,138,826,670,174,607,41,405,53,791,660,56,101,92,98,75,83,57,57,84,79,71,49,57,53,97,61,86,69,60,63,38,55,46,55,77,53,52,44,53,80,83,79
[ 27.737177] wil6210-aoa$0,1606461626.570516,04:d6:aa:c1:38:97,2,1,1,0,128,699,707,821,770,418,797,939,225,134,349,73,187,839,47,186,588,890,919,365,855,216,882,703,21,184,390,94,228,327,45,461,180,54,103,91,95,72,82,54,54,81,78,69,45,53,50,89,56,83,67,58,61,36,52,39,48,71,45,45,39,45,69,73,67
[ 27.767822] wil6210-aoa$0,1606461626.601167,04:d6:aa:c1:38:97,2,1,1,0,128,280,935,716,719,861,955,394,356,175,393,8,163,297,851,191,580,894,940,340,923,196,873,671,19,226,366,134,234,362,35,68,0,62,110,101,104,81,94,63,63,93,84,78,51,61,59,106,64,94,76,68,68,42,61,48,58,82,56,54,48,53,84,87,81
[ 27.795280] wil6210-aoa$0,1606461626.628620,04:d6:aa:c1:38:97,2,1,1,0,128,272,898,834,829,962,17,454,432,204,385,120,235,881,76,187,531,942,981,372,878,742,0,697,1014,328,438,69,181,388,50,58,816,56,105,93,99,76,84,58,58,84,80,74,46,56,51,95,57,87,71,62,64,37,55,43,53,76,50,51,43,50,77,80,74
[ 27.821482] wil6210-aoa$0,1606461626.654828,04:d6:aa:c1:38:97,2,1,1,0,128,257,909,836,807,964,997,402,403,197,397,53,228,785,9,143,551,918,950,346,883,740,56,690,15,225,351,76,240,370,78,215,993,61,116,103,106,83,91,62,63,91,87,78,51,60,59,106,64,95,76,68,69,41,61,48,59,81,56,55,47,55,83,84,82
[ 27.852009] wil6210-aoa$0,1606461626.685354,04:d6:aa:c1:38:97,2,1,1,0,128,279,901,826,793,986,32,391,397,145,378,67,220,801,28,184,550,403,763,395,865,157,886,762,51,165,346,101,218,396,81,515,152,62,112,103,110,80,92,61,62,92,85,80,50,61,59,100,64,93,74,67,66,38,57,46,58,81,51,51,44,51,80,85,79
[ 27.877502] wil6210-aoa$0,1606461626.710847,04:d6:aa:c1:38:97,2,1,1,0,128,319,930,800,767,416,801,437,429,185,392,89,226,817,25,160,527,345,761,906,739,745,41,747,47,199,361,104,229,335,43,1002,721,61,110,101,106,81,93,63,62,91,88,77,51,62,60,107,66,96,76,68,69,43,61,49,58,84,56,54,48,56,82,87,82
[ 27.908289] wil6210-aoa$0,1606461626.741628,04:d6:aa:c1:38:97,2,1,1,0,128,266,932,856,812,927,988,441,418,122,343,513,997,806,27,674,385,357,790,388,941,726,22,720,6,617,163,137,234,417,44,9,856,60,112,102,107,78,90,60,63,90,86,77,51,63,58,105,67,94,75,64,68,41,60,47,57,84,56,51,46,54,84,84,79
[ 27.937633] wil6210-aoa$0,1606461626.770977,04:d6:aa:c1:38:97,2,1,1,0,128,260,891,740,773,939,1023,466,432,152,371,0,149,798,36,639,399,375,765,879,697,210,914,722,32,661,155,609,25,320,6,507,303,61,111,104,109,80,93,61,63,90,85,80,51,60,58,105,64,92,75,67,67,43,59,49,60,83,56,53,47,54,82,84,80
[ 27.967362] wil6210-aoa$0,1606461626.800702,04:d6:aa:c1:38:97,2,1,1,0,128,292,922,791,766,961,995,360,343,198,390,55,214,839,65,191,576,937,1002,280,872,726,47,742,23,179,348,169,250,308,23,763,520,55,104,94,99,74,87,58,59,84,79,72,46,57,56,96,60,85,69,61,62,37,52,43,53,74,49,47,41,48,74,78,72
[ 27.998004] wil6210-aoa$0,1606461626.831348,04:d6:aa:c1:38:97,2,1,1,0,128,249,893,832,850,985,24,398,385,232,436,7,170,271,880,228,606,941,996,384,884,669,1016,787,50,220,374,655,55,400,55,567,358,57,104,94,98,77,84,60,58,84,81,73,49,55,53,99,61,87,68,61,63,38,57,44,53,78,51,49,42,49,77,75,70
[ 28.026092] wil6210-aoa$0,1606461626.859430,04:d6:aa:c1:38:97,2,1,1,0,128,280,902,834,788,969,1000,460,388,163,371,8,145,787,47,197,549,901,961,384,967,692,8,737,74,202,405,106,211,330,46,584,318,59,109,97,102,81,89,59,59,88,81,74,47,58,53,96,58,88,70,63,63,37,54,43,54,77,50,49,43,47,75,77,72
[ 28.058692] wil6210-aoa$0,1606461626.892038,04:d6:aa:c1:38:97,2,1,1,0,128,265,944,746,796,988,14,467,470,210,405,125,268,829,71,230,602,856,947,377,930,716,1008,836,90,277,406,103,202,361,19,663,402,59,107,93,99,76,85,59,58,85,80,73,47,56,55,96,60,87,67,62,62,38,54,45,53,78,51,51,44,51,78,79,74
[ 28.085253] wil6210-aoa$0,1606461626.918591,04:d6:aa:c1:38:97,2,1,1,0,128,272,930,722,740,917,986,451,394,261,413,1,153,263,899,196,587,924,982,320,857,670,3,755,40,234,380,76,199,336,17,291,61,54,100,92,99,75,85,57,58,83,78,70,47,55,52,95,58,85,70,60,62,37,54,44,52,76,53,48,43,50,75,78,74
[ 28.117248] wil6210-aoa$0,1606461626.950587,04:d6:aa:c1:38:97,2,1,1,0,128,289,950,776,793,976,25,394,408,143,407,37,204,854,74,271,676,905,949,411,927,720,87,725,15,219,389,86,186,356,18,690,452,53,99,93,97,74,83,53,55,83,78,70,44,54,51,87,57,82,67,58,59,37,52,40,49,72,46,44,37,44,67,68,62
[ 28.146739] wil6210-aoa$0,1606461626.980086,04:d6:aa:c1:38:97,2,1,1,0,128,261,943,783,797,982,14,399,358,249,448,6,158,870,56,223,600,930,986,330,909,767,42,699,1004,224,403,94,205,402,59,553,220,60,115,98,107,79,88,60,62,91,84,76,47,57,55,100,62,88,71,63,64,36,52,44,52,77,47,48,38,47,74,75,66
[ 28.175681] wil6210-aoa$0,1606461627.009021,04:d6:aa:c1:38:97,2,1,1,0,128,256,902,756,781,900,991,419,435,131,366,23,209,854,77,190,556,852,936,400,958,730,30,770,47,231,355,115,245,348,74,759,565,57,105,95,99,76,89,57,59,84,82,74,50,59,56,102,59,89,70,63,65,39,57,47,55,81,58,52,48,54,84,86,80
[ 28.206488] wil6210-aoa$0,1606461627.039831,04:d6:aa:c1:38:97,2,1,1,0,128,234,895,221,628,875,995,397,430,119,333,64,218,833,48,207,615,342,760,838,715,783,33,787,37,268,416,108,241,304,1008,363,103,62,111,102,107,83,96,60,65,93,89,79,53,63,58,109,66,95,76,67,69,43,59,49,59,83,59,55,48,57,87,89,85
[ 28.235145] wil6210-aoa$0,1606461627.068483,04:d6:aa:c1:38:97,2,1,1,0,128,285,943,785,795,968,994,392,405,132,330,140,226,854,41,681,395,838,903,876,694,725,27,741,40,186,350,101,237,863,910,360,120,63,111,102,105,84,95,63,62,93,88,79,53,63,58,106,69,96,77,68,69,43,62,49,59,85,58,56,50,57,86,89,83
[ 28.261628] wil6210-aoa$0,1606461627.094972,04:d6:aa:c1:38:97,2,1,1,0,128,361,929,785,764,958,997,398,369,208,410,72,230,844,47,214,580,986,976,403,946,725,37,733,1001,218,360,102,223,369,45,786,568,61,110,101,107,80,89,62,61,91,83,77,51,61,57,101,65,92,74,67,67,42,61,47,56,82,54,52,46,52,82,80,77
[ 28.287319] wil6210-aoa$0,1606461627.120664,04:d6:aa:c1:38:97,2,1,1,0,128,230,887,791,792,894,1000,458,443,155,383,83,252,809,59,213,632,849,931,411,947,731,33,673,1017,662,167,110,227,376,63,723,519,60,111,101,105,82,93,64,62,93,88,78,52,63,59,106,66,93,76,66,68,41,60,48,58,84,57,55,49,54,85,87,82
[ 28.316821] wil6210-aoa$0,1606461627.150162,04:d6:aa:c1:38:97,2,1,1,0,128,790,748,236,591,878,950,858,191,233,426,39,201,795,37,693,403,899,930,815,654,147,796,191,853,728,171,604,7,886,908,344,99,60,108,99,106,79,91,59,62,91,85,78,49,58,57,99,63,87,75,63,66,38,55,46,53,77,51,49,42,49,75,80,70
[ 28.342643] wil6210-aoa$0,1606461627.175985,04:d6:aa:c1:38:97,2,1,1,0,128,285,933,216,589,358,786,933,235,665,193,25,194,278,864,240,572,889,956,379,903,711,3,735,1007,191,377,142,214,314,1019,434,205,62,113,101,107,81,92,60,63,92,87,79,49,62,58,103,65,93,76,65,69,43,61,47,58,83,55,53,45,54,82,83,77
[ 28.370495] wil6210-aoa$0,1606461627.203834,04:d6:aa:c1:38:97,2,1,1,0,128,301,934,745,788,397,819,450,373,670,188,54,178,876,18,259,604,943,939,368,864,718,42,666,1011,210,354,102,234,364,38,951,762,59,109,98,101,79,90,59,59,87,84,72,46,59,55,99,63,87,72,62,66,40,57,46,55,79,52,52,43,51,77,81,76
[ 28.403414] wil6210-aoa$0,1606461627.236753,04:d6:aa:c1:38:97,2,1,1,0,128,237,892,817,783,912,986,438,379,134,352,16,141,804,25,159,562,894,959,379,871,701,1014,731,8,165,348,141,233,382,40,115,867,59,108,99,102,79,91,59,60,87,82,75,47,61,56,100,63,89,73,64,64,39,55,46,55,74,50,48,43,48,73,77,71
[ 28.436479] wil6210-aoa$0,1606461627.269819,04:d6:aa:c1:38:97,2,1,1,0,128,791,762,207,557,986,1013,397,381,219,391,95,247,742,36,207,579,895,984,362,929,638,991,697,12,170,384,140,245,839,888,192,931,55,104,94,100,73,84,57,58,84,80,72,48,54,52,92,59,85,71,60,62,37,53,43,52,74,48,47,42,49,73,76,71
[ 28.469770] wil6210-aoa$0,1606461627.303113,04:d6:aa:c1:38:97,2,1,1,0,128,304,923,767,755,944,1001,360,377,163,384,57,230,802,84,197,580,913,949,321,904,130,836,716,5,212,366,127,219,333,16,262,49,54,104,94,98,74,84,55,59,83,78,71,43,54,51,89,57,82,68,58,58,36,49,39,48,72,44,43,38,40,67,66,62
[ 28.495798] wil6210-aoa$0,1606461627.329142,04:d6:aa:c1:38:97,2,1,1,0,128,745,737,772,768,945,1002,408,409,143,345,76,218,839,43,212,569,896,932,385,912,741,23,772,50,672,144,658,101,369,56,87,854,64,115,100,108,83,93,61,62,93,89,78,50,63,59,103,63,93,74,66,67,42,59,47,58,83,55,54,46,54,81,84,77
[ 28.525220] wil6210-aoa$0,1606461627.358559,04:d6:aa:c1:38:97,2,1,1,0,128,293,938,771,761,911,14,347,371,190,377,12,187,770,42,199,547,967,988,376,932,744,51,742,36,676,191,132,251,798,816,633,465,55,99,91,97,72,83,57,57,80,78,71,45,55,53,95,58,86,67,58,61,37,53,43,53,76,51,48,42,50,75,77,71
[ 28.556426] wil6210-aoa$0,1606461627.389769,04:d6:aa:c1:38:97,2,1,1,0,128,301,910,804,768,936,999,487,413,184,419,89,223,903,121,170,574,907,966,346,915,799,92,735,999,236,392,118,260,378,73,430,211,62,110,100,107,80,92,63,63,95,89,79,49,61,58,104,64,92,75,66,66,43,58,47,57,82,54,50,45,51,79,79,74
[ 28.585526] wil6210-aoa$0,1606461627.418865,04:d6:aa:c1:38:97,2,1,1,0,128,793,742,786,768,395,815,910,232,106,315,496,30,261,885,200,564,871,941,832,692,152,822,165,823,691,157,623,19,330,1010,889,640,57,104,96,99,76,87,58,58,86,81,75,48,58,55,100,59,87,70,62,62,41,55,45,54,77,53,50,45,52,78,82,76
[ 28.612191] wil6210-aoa$0,1606461627.445530,04:d6:aa:c1:38:97,2,1,1,0,128,271,925,782,775,932,966,400,400,576,179,75,230,837,54,124,582,909,978,327,865,722,68,742,33,264,410,114,262,413,106,631,282,62,112,100,108,81,94,62,61,92,87,80,52,59,59,105,64,91,76,66,69,40,57,47,58,80,51,53,47,51,77,82,75
[ 28.642432] wil6210-aoa$0,1606461627.475777,04:d6:aa:c1:38:97,2,1,1,0,128,293,931,816,803,970,1022,380,373,205,373,15,148,837,87,210,587,905,933,420,916,656,1012,778,27,209,385,108,208,428,50,902,665,57,101,95,100,73,84,58,58,84,81,72,45,57,53,93,59,85,67,58,60,38,53,40,51,75,48,44,40,47,71,72,68
[ 28.668375] wil6210-aoa$0,1606461627.501721,04:d6:aa:c1:38:97,2,1,1,0,128,307,970,691,759,972,1022,379,410,194,421,67,239,894,84,228,574,920,937,483,1018,708,16,776,33,253,415,146,271,377,33,714,406,56,101,94,99,75,87,58,59,84,82,73,48,59,55,98,60,88,71,61,63,38,57,45,53,79,51,51,44,51,81,81,75
[ 28.699535] wil6210-aoa$0,1606461627.532878,04:d6:aa:c1:38:97,2,1,1,0,128,777,714,234,590,358,774,890,193,667,256,48,168,297,872,248,601,923,945,348,864,716,24,694,1000,227,352,79,169,351,25,90,943,60,100,94,102,75,87,60,59,86,82,76,50,59,56,99,62,89,71,62,64,40,58,46,57,79,56,50,46,53,81,87,80
[ 28.728077] wil6210-aoa$0,1606461627.561415,04:d6:aa:c1:38:97,2,1,1,0,128,300,916,728,730,965,1009,447,356,163,366,39,159,247,838,688,371,383,804,791,662,787,52,686,24,208,401,61,174,805,861,694,566,61,112,103,107,80,92,64,63,91,88,79,53,61,61,105,67,96,75,68,69,41,61,48,59,84,57,53,49,56,84,86,82
[ 28.755403] wil6210-aoa$0,1606461627.588747,04:d6:aa:c1:38:97,2,1,1,0,128,289,941,770,780,949,1000,403,404,203,425,14,194,833,50,233,625,869,948,869,724,770,64,735,25,227,375,195,319,355,29,974,658,55,99,92,94,74,85,56,55,83,80,72,49,57,55,97,59,85,68,62,62,39,56,45,54,75,55,50,44,52,78,85,78
[ 28.781908] wil6210-aoa$0,1606461627.615247,04:d6:aa:c1:38:97,2,1,1,0,128,345,950,777,752,895,979,474,440,114,373,40,180,782,31,649,405,334,762,790,655,207,830,796,68,166,328,182,277,341,52,743,529,57,105,96,102,77,88,57,59,85,81,73,47,57,54,97,60,87,69,59,59,36,53,42,50,73,48,46,41,46,73,73,68
[ 28.811234] wil6210-aoa$0,1606461627.644577,04:d6:aa:c1:38:97,2,1,1,0,128,756,748,237,557,942,1011,382,354,157,309,515,19,208,813,669,375,389,778,861,724,771,18,685,1019,227,336,127,238,335,9,570,355,58,106,97,104,77,89,58,60,86,83,74,48,59,53,98,61,90,73,63,64,39,56,45,55,79,52,51,46,49,76,79,75
[ 28.843612] wil6210-aoa$0,1606461627.676951,04:d6:aa:c1:38:97,2,1,1,0,128,283,903,771,751,396,807,891,179,643,179,84,201,830,49,211,620,841,925,809,669,197,873,171,824,728,166,634,92,338,32,116,905,55,102,93,96,73,85,57,57,84,79,73,48,54,52,94,58,86,67,60,62,37,53,42,51,74,46,46,40,47,72,76,69
[ 28.876757] wil6210-aoa$0,1606461627.710096,04:d6:aa:c1:38:97,2,1,1,0,128,308,931,744,735,963,1018,403,384,130,342,40,175,839,97,239,611,945,974,363,890,738,34,699,1014,282,403,108,230,394,54,1016,720,58,107,98,104,77,88,59,61,85,79,74,47,57,54,97,60,88,69,62,61,38,54,44,53,77,50,47,41,50,75,77,71
[ 28.904413] wil6210-aoa$0,1606461627.737753,04:d6:aa:c1:38:97,2,1,1,0,128,237,903,840,806,921,984,828,186,642,211,23,178,818,77,213,590,890,923,332,901,750,48,708,22,174,304,82,269,327,26,979,739,57,99,93,96,72,82,57,57,81,79,68,49,53,52,94,58,85,68,60,62,37,54,43,53,75,51,48,42,51,77,79,75
[ 28.933599] wil6210-aoa$0,1606461627.766943,04:d6:aa:c1:38:97,2,1,1,0,128,324,950,189,538,906,1013,407,385,140,395,9,148,800,36,165,551,924,997,345,870,737,64,157,873,695,197,50,211,899,934,475,325,53,101,92,98,71,80,55,55,81,75,68,42,52,49,90,56,81,67,59,60,36,52,42,51,71,45,45,40,43,70,72,67
[ 28.959372] wil6210-aoa$0,1606461627.792715,04:d6:aa:c1:38:97,2,1,1,0,128,243,893,771,778,363,829,413,408,127,341,73,224,769,6,186,584,878,970,338,894,170,854,150,815,718,194,583,26,860,918,473,303,62,115,102,108,82,92,63,63,94,86,79,53,63,61,106,65,96,76,68,68,44,61,48,60,86,56,54,48,57,86,86,83
[ 28.991591] wil6210-aoa$0,1606461627.824934,04:d6:aa:c1:38:97,2,1,1,0,128,301,910,789,775,920,973,924,202,634,164,546,13,882,53,204,575,915,958,393,902,727,1005,710,2,237,384,41,170,871,860,887,648,54,104,94,98,74,85,55,60,83,78,70,43,53,52,89,55,82,66,57,60,35,49,37,47,69,43,42,37,42,66,66,62
[ 29.017370] wil6210-aoa$0,1606461627.850712,04:d6:aa:c1:38:97,2,1,1,0,128,332,963,852,798,918,994,401,437,133,338,514,42,852,34,235,609,888,936,369,903,714,12,124,836,679,140,146,219,416,71,950,684,63,111,103,110,81,95,62,63,93,86,77,50,63,58,106,67,93,76,68,66,42,61,48,59,81,53,51,45,51,80,84,79
[ 29.048621] wil6210-aoa$0,1606461627.881959,04:d6:aa:c1:38:97,2,1,1,0,128,755,744,791,781,953,1008,859,193,676,190,8,101,898,96,225,579,922,954,360,905,736,47,685,1006,635,126,564,23,372,2,200,1018,54,102,89,96,73,84,54,56,82,79,71,46,56,52,95,56,85,68,59,61,35,53,41,49,72,48,48,41,47,72,74,70
[ 29.081917] wil6210-aoa$0,1606461627.915254,04:d6:aa:c1:38:97,2,1,1,0,128,266,934,188,555,410,836,872,155,643,150,580,48,253,845,674,376,870,941,351,897,672,1009,747,25,668,173,114,207,788,846,414,313,61,111,100,108,80,93,64,63,92,89,79,53,61,58,107,66,94,74,68,68,43,62,47,60,84,57,54,48,56,87,89,84
[ 29.115695] wil6210-aoa$0,1606461627.949038,04:d6:aa:c1:38:97,2,1,1,0,128,271,889,780,733,949,1002,906,231,590,159,502,1008,825,23,641,358,347,755,434,952,677,968,743,42,179,332,154,246,335,32,469,274,62,107,103,108,80,96,65,63,88,85,79,51,63,59,105,66,94,77,68,67,44,61,50,59,84,57,54,49,57,84,91,84
[ 29.146570] wil6210-aoa$0,1606461627.979909,04:d6:aa:c1:38:97,2,1,1,0,128,305,959,769,769,913,999,375,402,646,193,523,1017,279,867,689,375,371,758,418,901,713,45,720,45,221,391,88,192,827,812,516,345,56,104,96,99,76,87,58,58,83,79,71,47,56,53,96,59,86,68,61,61,38,54,43,52,76,50,48,41,49,74,77,73
[ 29.181003] wil6210-aoa$0,1606461628.014341,04:d6:aa:c1:38:97,2,1,1,0,128,304,914,816,775,971,1022,856,192,684,169,503,988,823,36,221,567,965,986,371,898,702,1005,747,6,204,379,117,203,401,75,1002,834,57,109,95,101,75,86,57,58,88,82,75,46,55,53,96,59,84,70,62,63,38,54,45,54,74,50,49,42,48,74,80,75
[ 29.215187] wil6210-aoa$0,1606461628.048525,04:d6:aa:c1:38:97,2,1,1,0,128,770,756,750,736,357,781,862,253,618,190,86,212,810,28,631,305,459,825,502,984,711,4,736,12,664,179,131,236,379,8,272,33,56,102,91,97,75,88,58,56,86,81,75,49,58,55,98,60,87,69,62,63,38,56,45,54,77,53,51,46,51,79,80,76
[ 29.248463] wil6210-aoa$0,1606461628.081802,04:d6:aa:c1:38:97,2,1,1,0,128,795,736,799,789,955,3,387,357,162,381,50,176,845,34,212,566,895,941,395,905,675,28,712,36,224,400,132,242,377,38,945,694,57,105,93,99,75,86,57,57,85,80,74,47,56,54,98,61,87,70,62,64,39,55,46,57,77,51,49,45,50,78,82,78
[ 29.282596] wil6210-aoa$0,1606461628.115934,04:d6:aa:c1:38:97,2,1,1,0,128,295,934,776,745,998,22,390,373,188,377,83,231,815,70,192,590,864,909,346,954,752,45,761,41,297,447,127,281,432,117,325,26,56,103,93,100,77,85,58,58,84,81,71,47,56,53,95,60,86,69,62,64,38,57,44,55,77,52,49,45,51,78,82,76
[ 29.316458] wil6210-aoa$0,1606461628.149797,04:d6:aa:c1:38:97,2,1,1,0,128,262,952,800,801,951,992,444,408,193,386,65,202,792,1014,137,499,360,767,913,767,94,829,58,817,680,153,131,257,368,1018,749,388,54,97,91,97,70,82,57,57,81,77,70,45,55,51,95,58,84,67,59,60,36,53,42,50,74,50,47,43,49,75,77,73
[ 29.344341] wil6210-aoa$0,1606461628.177679,04:d6:aa:c1:38:97,2,1,1,0,128,289,943,827,808,955,1017,446,427,167,436,78,247,796,34,205,590,893,963,386,877,743,53,709,5,219,360,171,284,325,11,618,407,54,101,90,97,73,82,54,56,81,76,70,43,54,52,89,56,82,65,57,58,36,51,42,49,71,47,45,38,45,69,73,64
[ 29.378174] wil6210-aoa$0,1606461628.211514,04:d6:aa:c1:38:97,2,1,1,0,128,265,945,732,740,963,1023,362,371,180,399,105,246,854,22,288,632,865,927,391,909,715,15,755,68,166,326,122,249,374,22,422,236,58,105,93,98,76,87,59,59,86,81,73,47,59,53,100,62,85,69,61,63,40,56,46,54,79,53,51,46,53,78,82,79
[ 29.412644] wil6210-aoa$0,1606461628.245982,04:d6:aa:c1:38:97,2,1,1,0,128,738,712,858,794,896,958,466,477,183,394,2,180,324,929,186,564,326,753,897,753,718,40,743,60,163,336,101,216,339,5,401,139,53,101,89,97,72,84,55,55,83,77,68,44,55,53,90,55,83,67,59,59,35,50,41,50,72,45,45,36,45,68,72,65
[ 29.440138] wil6210-aoa$0,1606461628.273481,04:d6:aa:c1:38:97,2,1,1,0,128,775,781,790,763,446,833,889,226,156,345,24,199,818,47,239,592,934,980,399,932,750,26,831,95,174,340,129,238,385,35,757,545,62,112,102,107,80,94,63,63,91,87,79,52,61,59,105,67,95,74,67,68,43,60,49,60,84,58,54,47,56,85,88,82
[ 29.472860] wil6210-aoa$0,1606461628.306204,04:d6:aa:c1:38:97,2,1,1,0,128,360,964,792,820,949,1021,413,391,223,384,85,236,823,43,193,584,903,952,358,920,742,65,740,46,200,373,572,48,396,47,809,598,53,103,94,100,74,85,56,57,83,76,69,42,53,49,88,55,79,66,58,56,35,48,39,47,71,43,44,36,41,68,67,58
[ 29.502561] wil6210-aoa$0,1606461628.335898,04:d6:aa:c1:38:97,2,1,1,0,128,794,744,809,815,902,1011,413,424,205,395,39,183,837,59,228,589,902,907,403,898,677,7,714,1004,186,339,69,206,859,840,361,156,55,101,89,95,73,82,54,53,81,75,69,44,53,51,89,56,82,66,58,60,35,51,42,49,73,48,47,39,49,73,77,72
[ 29.530456] wil6210-aoa$0,1606461628.363794,04:d6:aa:c1:38:97,2,1,1,0,128,254,957,762,808,885,984,448,422,164,379,542,13,880,94,231,613,858,971,417,937,729,47,733,52,164,362,139,258,408,74,976,717,60,110,100,105,79,91,64,63,92,86,76,51,62,56,103,64,94,74,65,67,40,60,48,56,80,54,52,45,50,80,82,76
[ 29.561194] wil6210-aoa$0,1606461628.394536,04:d6:aa:c1:38:97,2,1,1,0,128,190,897,747,771,909,966,864,205,187,375,78,212,811,31,173,558,883,939,408,930,656,999,740,1010,679,161,165,251,402,67,318,81,57,112,100,108,77,91,60,60,87,82,78,48,56,57,99,64,88,74,63,67,40,58,46,56,79,50,50,44,52,77,81,75
[ 29.593801] wil6210-aoa$0,1606461628.427144,04:d6:aa:c1:38:97,2,1,1,0,128,329,950,855,870,890,986,419,393,138,363,35,136,288,919,257,601,855,919,314,882,704,29,678,2,722,221,117,261,375,34,757,449,63,111,101,106,83,96,65,62,92,88,79,54,63,60,108,67,95,75,69,69,44,62,51,61,83,57,56,48,55,85,91,82
[ 29.623572] wil6210-aoa$0,1606461628.456913,04:d6:aa:c1:38:97,2,1,1,0,128,262,942,882,846,993,996,438,450,176,408,35,187,792,45,207,576,907,942,389,921,781,55,773,33,210,385,72,209,356,47,708,441,57,103,96,99,74,85,61,59,87,80,72,47,55,53,95,59,86,69,62,62,36,55,43,53,79,52,50,43,50,77,79,74
[ 29.656853] wil6210-aoa$0,1606461628.490195,04:d6:aa:c1:38:97,2,1,1,0,128,283,926,791,823,896,962,421,412,177,394,43,194,819,55,193,557,951,997,358,915,685,55,704,15,232,385,81,230,401,76,945,718,54,104,91,96,74,83,56,57,84,80,72,46,55,55,94,57,83,66,59,63,35,53,44,52,75,49,48,43,50,74,77,71
[ 29.686367] wil6210-aoa$0,1606461628.519705,04:d6:aa:c1:38:97,2,1,1,0,128,273,906,794,791,932,1004,459,443,129,317,19,190,832,23,189,561,855,938,835,704,702,1016,708,1012,203,319,94,187,384,48,577,299,56,102,93,99,74,86,59,56,84,79,72,48,58,54,97,60,89,70,62,63,39,57,45,54,74,52,50,44,51,78,80,77
[ 29.721282] wil6210-aoa$0,1606461628.554620,04:d6:aa:c1:38:97,2,1,1,0,128,747,723,796,782,904,1006,471,415,154,355,66,187,851,80,185,604,923,973,383,928,717,18,733,5,672,144,618,63,313,1018,497,267,55,103,92,98,71,84,56,57,83,78,72,45,52,51,92,57,82,65,59,61,37,51,41,50,74,47,46,41,47,73,74,71
[ 29.755325] wil6210-aoa$0,1606461628.588663,04:d6:aa:c1:38:97,2,1,1,0,128,284,907,749,744,930,956,403,354,604,200,1004,171,833,33,184,562,900,949,384,913,137,832,713,7,219,355,131,241,352,28,167,979,62,114,100,106,80,94,61,61,90,88,78,49,59,57,101,63,92,73,67,65,41,58,45,57,81,53,51,45,51,80,81,76
[ 29.787511] wil6210-aoa$0,1606461628.620853,04:d6:aa:c1:38:97,2,1,1,0,128,266,925,762,738,901,975,405,365,659,169,47,186,906,54,162,541,323,741,396,884,726,40,746,42,167,337,86,225,325,9,479,284,57,103,95,99,76,85,57,59,86,81,72,47,55,54,95,60,88,70,61,62,38,53,43,51,73,49,48,41,47,75,76,72
[ 29.818443] wil6210-aoa$0,1606461628.651782,04:d6:aa:c1:38:97,2,1,1,0,128,775,783,743,748,913,1017,385,375,166,410,7,149,764,1013,217,623,315,806,833,756,701,21,704,24,678,184,598,26,825,853,675,499,59,112,100,107,81,93,63,64,89,87,76,49,61,56,103,65,94,78,66,70,43,59,49,59,84,57,53,49,57,84,87,83
[ 29.850143] wil6210-aoa$0,1606461628.683486,04:d6:aa:c1:38:97,2,1,1,0,128,275,896,772,752,951,995,442,421,148,344,97,207,800,50,141,610,895,936,382,975,699,30,712,994,198,413,107,262,398,77,425,75,56,99,89,95,71,85,55,54,83,77,72,47,56,52,95,58,83,64,61,60,38,55,44,52,73,49,47,41,49,72,78,74
[ 29.881468] wil6210-aoa$0,1606461628.714806,04:d6:aa:c1:38:97,2,1,1,0,128,275,936,230,607,382,828,899,194,621,210,537,44,882,121,619,360,404,824,836,705,811,79,664,983,222,378,572,26,855,907,400,242,59,111,99,106,81,91,61,62,92,88,76,47,58,58,99,61,90,72,64,66,38,55,45,53,78,51,50,44,51,77,77,72
[ 29.913610] wil6210-aoa$0,1606461628.746952,04:d6:aa:c1:38:97,2,1,1,0,128,251,930,762,760,902,958,413,393,146,343,545,1018,332,875,212,592,909,962,389,888,718,35,686,1006,207,364,88,172,420,86,400,199,60,109,99,105,79,90,62,62,89,84,80,50,60,58,103,63,93,75,64,67,41,58,46,57,82,54,52,45,53,83,83,79
[ 29.940713] wil6210-aoa$0,1606461628.774055,04:d6:aa:c1:38:97,2,1,1,0,128,331,928,179,537,389,804,990,265,206,397,14,153,867,33,154,530,917,930,825,677,732,29,665,1020,200,354,530,15,377,34,754,551,61,111,102,109,80,94,64,62,94,88,80,51,61,59,104,63,93,73,67,68,40,60,47,58,83,54,53,47,55,84,84,81
[ 29.967666] wil6210-aoa$0,1606461628.801004,04:d6:aa:c1:38:97,2,1,1,0,128,263,890,839,810,860,966,391,395,196,404,57,211,820,72,208,628,923,963,442,961,661,1013,761,28,226,389,65,200,414,44,4,744,62,113,100,105,81,94,63,62,90,86,77,50,60,56,104,63,92,73,64,64,40,58,45,56,80,54,50,43,50,78,81,74
[ 30.002583] wil6210-aoa$0,1606461628.835921,04:d6:aa:c1:38:97,2,1,1,0,128,269,911,799,777,949,990,372,400,213,394,1016,180,823,51,178,552,898,957,364,877,756,8,754,55,232,368,133,244,347,39,736,433,63,113,102,106,79,91,60,63,88,84,76,45,57,53,99,62,86,71,64,64,38,53,45,52,76,48,47,41,47,73,76,71
[ 30.035469] wil6210-aoa$0,1606461628.868811,04:d6:aa:c1:38:97,2,1,1,0,128,280,896,221,579,952,1013,456,379,181,392,74,221,876,102,140,555,852,906,364,908,639,985,706,10,198,370,88,232,294,5,689,478,58,105,96,103,75,87,61,60,87,83,74,51,58,56,100,61,90,73,63,65,40,57,46,55,77,54,51,46,51,78,83,78
[ 30.067027] wil6210-aoa$0,1606461628.900367,04:d6:aa:c1:38:97,2,1,1,0,128,254,935,841,822,933,24,446,419,172,373,109,233,877,83,198,553,915,945,406,900,716,60,768,28,291,403,177,283,385,69,921,614,58,106,96,103,76,89,59,60,86,79,73,46,57,54,98,61,88,70,62,63,38,55,45,54,78,50,48,43,49,77,81,72
[ 30.102231] wil6210-aoa$0,1606461628.935569,04:d6:aa:c1:38:97,2,1,1,0,128,303,924,812,790,968,1017,436,381,647,193,15,186,823,38,265,614,797,861,484,941,737,54,711,11,182,347,59,169,347,26,163,944,56,103,94,99,76,86,59,58,84,80,74,48,54,54,95,59,88,70,61,64,37,55,44,51,77,51,50,44,50,77,80,75
[ 30.130744] wil6210-aoa$0,1606461628.964087,04:d6:aa:c1:38:97,2,1,1,0,128,354,978,813,791,966,1010,335,355,172,355,35,192,777,1012,661,396,897,985,412,938,693,1018,758,13,187,382,80,210,395,57,738,472,57,103,95,100,74,87,57,57,85,82,74,48,57,53,97,59,86,70,61,63,39,55,44,52,76,51,49,43,49,76,76,71
[ 30.163709] wil6210-aoa$0,1606461628.997052,04:d6:aa:c1:38:97,2,1,1,0,128,323,934,811,775,912,977,908,209,603,159,587,25,840,43,131,531,314,734,841,696,154,837,711,8,714,162,612,37,349,21,222,985,56,103,95,101,75,87,57,58,88,81,73,48,58,55,97,59,88,72,63,64,39,57,45,55,77,51,51,42,51,75,79,72
[ 30.195571] wil6210-aoa$0,1606461629.028914,04:d6:aa:c1:38:97,2,1,1,0,128,255,882,223,533,1013,33,413,423,659,186,547,1007,306,896,688,424,920,959,368,933,149,825,174,879,207,323,584,46,366,18,761,439,56,107,94,100,73,85,56,55,85,77,73,44,55,51,92,58,85,69,61,61,37,53,42,52,75,48,47,40,47,71,74,67
[ 30.224449] wil6210-aoa$0,1606461629.057788,04:d6:aa:c1:38:97,2,1,1,0,128,285,956,711,772,983,1017,421,393,148,392,87,214,892,137,205,616,1008,1010,462,977,734,45,741,22,232,380,70,202,420,87,336,90,55,100,92,98,73,83,55,56,84,79,70,45,54,52,91,57,83,66,58,59,35,52,41,51,71,47,46,40,48,72,75,70
[ 30.271002] wil6210-aoa$0,1606461629.104339,04:d6:aa:c1:38:97,2,1,1,0,128,293,946,804,762,932,1014,362,313,637,157,515,1019,316,883,662,346,385,792,408,933,716,23,728,28,190,340,92,222,410,83,31,855,57,102,93,97,75,87,57,58,85,80,73,49,59,54,97,61,87,70,63,64,40,57,47,56,80,56,52,45,52,79,84,80
[ 30.304348] wil6210-aoa$0,1606461629.137690,04:d6:aa:c1:38:97,2,1,1,0,128,286,891,805,804,901,966,374,402,210,346,82,221,794,1019,284,675,857,917,420,934,689,44,708,1020,207,359,109,250,366,46,652,535,61,112,102,105,83,93,61,62,92,88,79,51,62,56,106,66,93,76,65,68,41,60,49,60,83,55,53,47,54,83,89,85
[ 30.335080] wil6210-aoa$0,1606461629.168419,04:d6:aa:c1:38:97,2,1,1,0,128,313,1006,771,798,948,984,464,444,211,387,59,235,835,56,224,583,956,1008,388,922,760,35,682,1020,310,448,94,201,335,16,24,743,54,108,100,104,76,83,57,60,85,77,73,45,51,49,95,56,81,66,58,59,35,49,37,44,68,41,41,35,41,65,64,54
[ 30.370567] wil6210-aoa$0,1606461629.203908,04:d6:aa:c1:38:97,2,1,1,0,128,715,752,297,577,376,810,371,368,154,363,1016,177,223,826,637,377,945,977,809,731,114,852,167,855,715,206,567,53,394,46,121,932,61,113,103,110,77,92,61,62,90,86,78,49,60,58,102,65,92,77,65,64,40,58,47,56,82,52,51,46,53,82,81,77
[ 30.406498] wil6210-aoa$0,1606461629.239840,04:d6:aa:c1:38:97,2,1,1,0,128,258,907,719,760,422,837,814,151,196,399,100,232,816,54,146,541,954,966,398,919,739,22,741,24,238,397,79,204,277,989,795,588,62,108,98,105,78,90,64,61,92,87,80,53,62,60,106,65,94,74,66,68,41,63,50,60,85,57,55,50,59,87,90,85
[ 30.435404] wil6210-aoa$0,1606461629.268741,04:d6:aa:c1:38:97,2,1,1,0,128,364,975,781,787,911,982,407,405,203,428,88,298,898,126,231,582,886,940,386,914,767,49,745,4,268,383,179,273,407,40,269,931,58,105,97,101,77,89,58,59,86,81,75,49,57,54,99,62,88,69,61,63,38,57,45,54,78,50,50,44,50,77,79,75
[ 30.470435] wil6210-aoa$0,1606461629.303778,04:d6:aa:c1:38:97,2,1,1,0,128,697,717,849,806,992,989,457,461,138,329,123,216,788,24,215,561,877,921,402,934,138,856,197,892,174,312,157,255,352,28,142,887,57,106,96,101,77,87,58,60,84,79,71,44,55,53,94,58,83,69,60,61,38,51,42,50,72,47,46,41,46,69,71,62
[ 30.500595] wil6210-aoa$0,1606461629.333934,04:d6:aa:c1:38:97,2,1,1,0,128,290,928,777,784,940,984,890,220,161,345,72,188,260,854,720,445,887,937,383,873,156,825,748,29,616,128,134,221,338,39,130,847,55,102,93,97,73,85,59,56,83,79,73,47,54,53,94,57,85,68,61,60,37,53,45,53,76,50,49,41,48,71,77,70
[ 30.534399] wil6210-aoa$0,1606461629.367742,04:d6:aa:c1:38:97,2,1,1,0,128,720,702,235,569,394,820,931,252,129,351,495,977,289,837,640,403,318,760,375,907,687,16,722,8,738,247,93,256,367,27,223,44,60,112,101,105,81,94,62,62,91,86,80,50,61,60,104,66,93,77,66,70,43,61,47,61,85,58,54,48,56,85,87,80
[ 30.564954] wil6210-aoa$0,1606461629.398294,04:d6:aa:c1:38:97,2,1,1,0,128,276,934,771,779,962,1019,417,383,113,369,48,182,801,69,180,585,921,960,410,940,761,18,745,40,243,380,96,207,836,867,300,180,55,113,101,105,78,87,60,61,87,85,74,47,54,55,95,60,86,72,63,64,36,52,41,52,75,46,47,40,48,73,72,67
[ 30.600583] wil6210-aoa$0,1606461629.433923,04:d6:aa:c1:38:97,2,1,1,0,128,290,904,772,826,881,964,510,456,224,423,64,214,806,50,661,399,901,924,405,931,738,22,720,23,235,379,98,222,319,53,261,987,63,115,102,106,82,93,59,61,92,85,79,49,60,59,105,63,91,75,67,66,41,58,48,59,80,52,52,46,54,81,81,78
[ 30.636146] wil6210-aoa$0,1606461629.469489,04:d6:aa:c1:38:97,2,1,1,0,128,746,733,786,763,938,1002,410,381,163,346,88,207,776,2,622,360,856,910,378,899,722,1018,733,9,179,359,70,202,367,36,826,542,60,111,102,106,81,91,62,62,91,85,79,52,59,57,100,64,88,74,67,67,40,58,47,58,83,54,52,48,53,82,83,80
[ 30.666262] wil6210-aoa$0,1606461629.499601,04:d6:aa:c1:38:97,2,1,1,0,128,288,935,781,789,911,980,378,403,145,377,42,186,839,56,252,599,899,935,433,948,795,86,765,71,169,336,160,256,387,67,344,49,60,112,100,108,80,90,61,61,90,84,74,48,59,56,102,62,88,71,63,63,37,58,45,52,78,51,48,43,49,77,75,70
[ 30.701560] wil6210-aoa$0,1606461629.534899,04:d6:aa:c1:38:97,2,1,1,0,128,278,938,809,799,889,948,966,259,124,327,510,1023,781,18,691,378,945,980,402,925,686,8,721,19,616,140,87,198,385,53,424,182,53,101,88,95,72,84,55,56,81,75,69,46,54,51,93,56,83,65,57,61,37,54,43,53,76,51,47,42,49,76,80,73
[ 30.732696] wil6210-aoa$0,1606461629.566042,04:d6:aa:c1:38:97,2,1,1,0,128,295,943,811,830,909,985,381,376,150,393,15,207,240,879,633,401,887,947,426,961,702,51,730,54,246,411,97,238,426,57,974,652,56,104,92,99,75,86,57,58,83,79,73,48,55,54,98,60,84,70,61,64,36,54,44,52,76,50,50,42,50,77,77,72
[ 30.760307] wil6210-aoa$0,1606461629.593646,04:d6:aa:c1:38:97,2,1,1,0,128,289,947,729,736,331,793,872,195,623,198,513,994,279,849,206,572,925,956,817,697,197,866,242,895,730,225,109,203,374,63,802,531,61,107,99,105,81,94,64,62,90,88,79,53,64,58,106,64,93,76,65,68,43,63,48,60,85,59,57,49,55,84,88,86
[ 30.792549] wil6210-aoa$0,1606461629.625892,04:d6:aa:c1:38:97,2,1,1,0,128,335,937,828,809,907,999,865,183,127,299,78,177,860,45,152,566,927,947,391,921,730,1021,678,986,180,355,158,276,316,15,141,873,59,111,100,104,82,92,62,63,90,87,79,49,61,59,102,62,91,74,64,67,39,59,44,55,84,52,52,45,52,81,80,75
[ 30.820186] wil6210-aoa$0,1606461629.653529,04:d6:aa:c1:38:97,2,1,1,0,128,794,736,232,588,367,797,903,206,142,341,567,35,814,80,257,634,835,909,341,878,754,20,717,43,191,354,192,303,368,62,130,909,64,114,96,104,82,94,64,64,92,87,79,52,63,60,104,67,95,75,65,70,44,63,49,60,84,57,57,49,56,85,89,84
[ 30.847573] wil6210-aoa$0,1606461629.680919,04:d6:aa:c1:38:97,2,1,1,0,128,204,891,742,763,419,841,419,408,182,394,49,165,869,68,184,567,924,969,380,954,206,897,740,23,201,369,136,214,354,33,603,403,55,105,93,101,78,86,58,60,83,80,71,43,52,54,93,56,86,69,61,63,37,53,43,51,74,48,48,41,48,74,75,70
[ 30.877976] wil6210-aoa$0,1606461629.711315,04:d6:aa:c1:38:97,2,1,1,0,128,339,1000,747,761,993,14,320,341,176,397,21,186,867,45,184,608,882,909,464,968,724,31,697,12,313,461,130,259,440,99,634,359,55,101,92,97,74,87,56,58,84,77,75,47,59,54,99,61,87,69,61,60,39,55,46,54,76,52,49,44,50,77,78,72
[ 30.906801] wil6210-aoa$0,1606461629.740144,04:d6:aa:c1:38:97,2,1,1,0,128,791,787,789,805,946,14,422,450,128,368,81,225,820,55,228,629,876,969,413,947,695,43,694,15,214,397,114,231,363,37,28,730,62,115,102,110,83,94,62,64,92,86,77,48,60,57,101,63,92,76,66,68,40,58,46,55,82,53,54,47,53,83,82,79
[ 30.935820] wil6210-aoa$0,1606461629.769160,04:d6:aa:c1:38:97,2,1,1,0,128,719,694,204,561,435,821,853,198,642,205,559,28,256,843,704,426,903,950,828,690,755,9,759,41,655,124,609,31,840,860,750,541,56,109,100,105,77,90,58,62,90,84,76,46,57,54,96,62,89,73,60,64,40,54,44,52,78,47,48,41,46,72,73,68
[ 30.971661] wil6210-aoa$0,1606461629.805000,04:d6:aa:c1:38:97,2,1,1,0,128,333,959,787,755,981,998,389,407,179,373,80,208,759,7,180,556,883,928,410,952,688,5,177,864,176,352,156,219,258,962,524,256,62,107,100,104,83,95,64,63,93,87,79,53,62,55,107,68,94,73,66,68,43,62,49,59,86,57,56,50,55,85,90,84
[ 31.003244] wil6210-aoa$0,1606461629.836588,04:d6:aa:c1:38:97,2,1,1,0,128,312,928,734,716,414,805,926,217,222,420,62,204,850,39,161,551,979,1021,309,891,754,42,695,1015,216,392,150,258,420,72,392,159,58,107,100,105,78,90,61,63,87,84,77,49,62,57,101,63,92,74,66,65,41,59,45,56,82,55,53,47,53,81,84,79
[ 31.037130] wil6210-aoa$0,1606461629.870472,04:d6:aa:c1:38:97,2,1,1,0,128,320,902,858,810,332,789,399,354,238,390,3,144,290,879,666,395,891,930,840,703,701,13,182,837,677,117,574,18,344,1015,432,228,59,108,99,105,80,93,61,62,91,85,78,51,61,57,106,64,93,75,67,67,42,61,49,59,83,55,55,47,55,83,88,81
[ 31.068956] wil6210-aoa$0,1606461629.902295,04:d6:aa:c1:38:97,2,1,1,0,128,773,736,297,612,947,995,441,411,129,338,46,180,848,62,235,571,891,962,327,864,112,830,227,888,709,146,147,234,342,34,835,576,62,110,100,106,82,93,60,62,89,88,78,51,61,59,104,65,93,77,66,68,41,61,49,57,83,57,54,49,53,82,86,80
[ 31.097017] wil6210-aoa$0,1606461629.930363,04:d6:aa:c1:38:97,2,1,1,0,128,846,778,216,574,935,983,413,400,144,330,512,985,265,883,680,426,898,939,308,857,721,13,697,1014,613,103,602,36,838,849,603,299,60,107,99,107,80,93,63,61,92,88,79,50,62,58,104,65,94,74,65,69,42,63,47,58,83,56,55,49,58,84,89,86
[ 31.128191] wil6210-aoa$0,1606461629.961529,04:d6:aa:c1:38:97,2,1,1,0,128,271,887,780,782,976,4,887,185,154,351,39,212,777,3,186,550,316,769,852,769,732,9,643,983,632,168,586,18,843,876,682,546,59,109,101,102,78,90,61,63,89,85,75,50,60,56,101,62,92,74,64,67,40,60,47,56,80,54,51,46,54,82,81,76
[ 31.162440] wil6210-aoa$0,1606461629.995782,04:d6:aa:c1:38:97,2,1,1,0,128,300,926,233,584,947,1013,948,243,150,348,78,207,834,71,182,572,876,907,431,936,745,21,750,31,234,363,76,192,803,840,791,645,51,103,91,95,71,82,55,57,84,78,70,43,51,49,90,55,81,65,58,58,33,48,38,46,67,40,42,38,41,66,67,61
[ 31.190179] wil6210-aoa$0,1606461630.023522,04:d6:aa:c1:38:97,2,1,1,0,128,774,751,782,785,872,966,453,453,118,316,143,242,836,53,209,585,880,923,390,899,692,19,193,867,191,346,576,1012,846,833,561,339,60,108,100,105,81,92,61,61,89,85,77,49,60,58,105,65,93,74,65,69,41,59,47,56,83,53,53,46,53,82,83,79
[ 31.225790] wil6210-aoa$0,1606461630.059130,04:d6:aa:c1:38:97,2,1,1,0,128,347,938,846,806,924,968,431,398,198,403,116,242,787,19,229,585,919,965,348,955,676,28,785,77,202,357,125,252,320,18,441,262,54,104,93,99,75,86,55,59,82,75,72,44,54,51,91,56,84,67,58,61,35,49,39,49,76,48,44,39,47,72,70,67
[ 31.261929] wil6210-aoa$0,1606461630.095268,04:d6:aa:c1:38:97,2,1,1,0,128,270,942,778,804,938,1,429,393,105,327,66,198,868,68,138,545,920,985,378,922,717,48,726,26,230,423,106,246,372,40,959,702,55,103,92,98,74,84,56,56,85,78,71,46,56,53,93,57,84,67,60,61,37,53,41,53,73,47,48,40,48,74,76,71
[ 31.292965] wil6210-aoa$0,1606461630.126308,04:d6:aa:c1:38:97,2,1,1,0,128,269,922,810,799,931,985,486,449,212,427,149,285,840,94,210,601,981,1000,378,938,712,69,697,1018,671,181,132,258,365,34,132,871,58,107,95,99,78,87,57,59,87,81,74,49,59,55,97,60,88,71,64,64,38,56,46,54,78,53,49,43,51,78,79,76
[ 31.321172] wil6210-aoa$0,1606461630.154513,04:d6:aa:c1:38:97,2,1,1,0,128,308,971,741,760,952,5,396,373,208,403,35,157,846,68,182,577,870,948,367,943,732,49,766,61,231,393,122,222,411,89,739,501,53,104,89,97,73,82,55,55,82,75,71,44,52,52,91,56,82,66,60,60,36,51,43,49,75,48,45,38,48,72,73,69
[ 31.353371] wil6210-aoa$0,1606461630.186715,04:d6:aa:c1:38:97,2,1,1,0,128,291,915,185,489,406,813,888,196,625,120,512,999,273,840,659,389,933,930,840,714,676,6,711,1020,655,169,569,34,848,879,307,123,59,106,100,105,81,92,63,64,93,88,78,50,61,59,108,66,94,75,64,67,41,61,48,56,85,55,53,49,55,83,86,81
[ 31.381490] wil6210-aoa$0,1606461630.214827,04:d6:aa:c1:38:97,2,1,1,0,128,277,912,730,771,944,996,354,348,629,183,562,34,842,18,687,375,870,896,879,730,235,872,197,848,662,169,122,215,376,15,728,545,53,101,88,94,71,82,55,55,83,77,69,43,53,51,90,56,81,66,59,59,35,51,42,51,72,48,46,39,47,71,74,71
[ 31.414813] wil6210-aoa$0,1606461630.248156,04:d6:aa:c1:38:97,2,1,1,0,128,252,936,753,747,937,13,409,410,145,384,45,218,892,98,155,589,934,986,371,934,762,76,724,18,262,401,106,217,370,35,122,791,61,110,100,106,82,92,63,61,89,87,77,52,61,58,107,66,94,74,67,69,43,62,48,59,85,57,53,49,57,86,90,83
[ 31.449485] wil6210-aoa$0,1606461630.282823,04:d6:aa:c1:38:97,2,1,1,0,128,263,897,762,785,337,761,900,256,194,399,82,214,877,100,159,549,932,981,404,923,677,29,114,808,703,191,567,49,838,912,390,200,59,109,98,103,79,91,61,62,92,89,75,52,60,57,106,63,91,73,66,66,42,61,46,57,85,58,53,47,56,84,87,83
[ 31.486294] wil6210-aoa$0,1606461630.319637,04:d6:aa:c1:38:97,2,1,1,0,128,347,928,818,787,967,3,427,432,170,380,22,177,830,74,173,581,950,958,363,908,708,31,718,30,244,438,73,167,413,48,388,205,59,111,99,105,80,91,61,61,89,84,78,49,61,57,102,64,91,72,67,66,40,58,46,55,80,53,49,44,52,77,80,75
[ 31.516506] wil6210-aoa$0,1606461630.349843,04:d6:aa:c1:38:97,2,1,1,0,128,293,900,772,776,388,807,458,421,138,370,133,239,784,68,138,571,397,786,354,881,195,845,97,789,677,140,656,54,917,905,505,262,61,109,102,105,81,94,62,62,89,86,79,51,61,58,105,65,92,75,64,69,43,61,47,59,84,56,55,49,55,85,88,80
[ 31.552003] wil6210-aoa$0,1606461630.385346,04:d6:aa:c1:38:97,2,1,1,0,128,785,717,210,563,378,803,908,212,205,414,557,20,786,1006,671,408,325,750,391,928,719,1008,683,993,187,327,98,208,358,20,703,526,62,106,100,105,79,90,63,62,90,85,77,52,63,57,105,67,93,73,67,65,42,61,50,58,83,58,56,49,57,85,90,83
[ 31.580510] wil6210-aoa$0,1606461630.413852,04:d6:aa:c1:38:97,2,1,1,0,128,310,901,791,812,897,951,859,133,131,346,2,171,355,934,194,576,861,934,376,917,764,63,723,16,219,433,99,247,336,34,45,808,60,112,101,105,78,92,60,61,89,85,77,50,60,57,103,63,92,73,65,67,41,58,46,57,79,53,51,45,52,80,82,77
[ 31.628247] wil6210-aoa$0,1606461630.461588,04:d6:aa:c1:38:97,2,1,1,0,128,302,954,780,753,991,1011,467,396,149,372,111,236,906,72,164,550,941,977,401,935,710,4,751,44,267,389,115,240,376,64,883,507,59,109,100,105,78,90,60,61,90,86,79,51,61,58,104,64,90,74,66,66,40,60,47,56,82,53,49,46,54,80,82,78
[ 31.661081] wil6210-aoa$0,1606461630.494424,04:d6:aa:c1:38:97,2,1,1,0,128,299,930,817,792,856,951,441,438,242,440,11,178,787,49,251,613,885,952,394,940,711,19,656,1011,218,422,100,242,340,40,615,337,59,108,97,100,77,87,58,59,85,82,74,49,58,53,97,60,86,69,61,63,41,55,44,52,74,49,48,43,48,76,75,71
[ 31.689693] wil6210-aoa$0,1606461630.523035,04:d6:aa:c1:38:97,2,1,1,0,128,301,954,763,773,406,833,903,213,629,165,563,21,323,909,152,519,940,954,365,883,177,870,737,60,636,118,613,30,892,883,196,1016,59,106,96,101,76,87,60,58,85,81,73,47,57,56,95,60,87,70,62,64,40,57,44,55,78,51,52,44,51,77,79,78
[ 31.721105] wil6210-aoa$0,1606461630.554443,04:d6:aa:c1:38:97,2,1,1,0,128,792,711,248,578,408,819,899,228,189,381,46,181,834,39,164,518,345,725,869,696,118,784,211,880,730,191,83,225,335,52,258,989,58,101,93,98,73,85,59,57,82,77,70,48,56,54,98,61,87,68,60,63,40,56,47,55,76,54,50,45,51,77,83,78
[ 31.756151] wil6210-aoa$0,1606461630.589496,04:d6:aa:c1:38:97,2,1,1,0,128,321,929,804,809,977,1007,413,414,166,395,32,232,846,72,216,624,359,763,404,947,740,44,722,17,259,393,132,223,299,11,15,759,61,112,102,110,78,92,62,63,89,83,79,49,60,57,102,64,92,73,65,66,40,54,44,57,81,52,49,44,50,74,76,71
[ 31.788652] wil6210-aoa$0,1606461630.621990,04:d6:aa:c1:38:97,2,1,1,0,128,778,729,258,587,373,787,939,207,597,147,30,161,254,825,621,349,319,722,814,672,213,872,768,66,619,96,601,4,836,887,862,762,62,111,101,107,79,94,62,62,90,85,78,53,62,58,105,66,95,74,67,69,42,62,48,61,84,57,55,49,56,84,88,83
[ 31.822675] wil6210-aoa$0,1606461630.656018,04:d6:aa:c1:38:97,2,1,1,0,128,327,933,766,761,986,961,925,199,219,409,102,243,791,1017,188,629,947,978,447,941,804,75,718,38,216,383,39,174,383,36,962,740,58,109,100,104,81,92,61,61,89,88,77,50,61,58,103,65,93,75,64,70,41,59,46,57,85,56,54,46,54,84,84,79
[ 31.851326] wil6210-aoa$0,1606461630.684670,04:d6:aa:c1:38:97,2,1,1,0,128,713,756,216,586,929,1017,399,371,188,358,491,4,298,870,206,557,886,951,833,692,144,840,232,854,671,162,101,221,336,22,611,317,61,112,98,105,80,90,60,62,89,85,77,48,57,56,99,63,91,72,64,66,38,58,44,53,79,50,50,45,50,74,77,73
[ 31.879714] wil6210-aoa$0,1606461630.713059,04:d6:aa:c1:38:97,2,1,1,0,128,752,770,808,809,377,793,858,232,185,386,42,231,823,74,182,545,328,763,886,725,742,17,130,830,663,108,161,247,773,835,170,1004,61,112,100,108,78,93,61,62,89,86,77,51,61,57,101,65,93,73,62,67,42,61,47,56,82,54,52,44,54,82,85,80
[ 31.911996] wil6210-aoa$0,1606461630.745334,04:d6:aa:c1:38:97,2,1,1,0,128,312,925,784,777,935,995,432,397,192,389,65,187,237,824,622,320,330,722,906,720,145,816,181,824,637,115,542,1012,779,818,832,624,60,110,101,106,80,91,61,63,91,85,78,50,62,58,103,64,92,75,66,64,40,56,47,55,82,54,50,45,53,79,85,79
[ 31.942247] wil6210-aoa$0,1606461630.775592,04:d6:aa:c1:38:97,2,1,1,0,128,272,950,740,750,941,1000,492,451,202,392,57,213,879,80,233,582,872,901,345,911,669,1016,732,17,210,352,623,77,332,24,900,656,53,102,90,94,70,80,56,55,81,77,68,42,52,50,88,56,83,65,58,57,34,51,39,49,73,46,44,38,45,70,72,66
[ 31.970547] wil6210-aoa$0,1606461630.803890,04:d6:aa:c1:38:97,2,1,1,0,128,321,945,781,776,972,0,362,434,137,371,13,183,882,105,164,586,866,947,407,961,731,52,723,43,150,350,114,236,327,41,58,810,60,111,100,106,80,92,62,62,91,86,79,51,59,58,104,64,88,73,66,67,41,60,47,57,85,56,52,47,54,81,85,80
[ 32.003999] wil6210-aoa$0,1606461630.837342,04:d6:aa:c1:38:97,2,1,1,0,128,317,959,839,804,886,989,402,389,625,200,466,974,830,54,622,347,902,935,396,935,779,54,653,1003,254,334,62,217,391,30,1014,744,61,107,99,104,80,94,61,59,90,88,78,51,61,59,106,66,93,75,66,68,42,61,50,60,84,59,55,49,55,83,89,84
[ 32.038018] wil6210-aoa$0,1606461630.871356,04:d6:aa:c1:38:97,2,1,1,0,128,847,792,236,608,390,825,903,215,675,243,511,0,861,29,169,544,892,930,808,700,135,787,235,846,701,164,144,237,823,845,720,561,58,110,97,101,77,87,57,60,87,80,72,44,52,55,96,56,83,69,60,61,35,52,41,47,71,44,42,38,44,70,70,61
[ 32.069473] wil6210-aoa$0,1606461630.902811,04:d6:aa:c1:38:97,2,1,1,0,128,296,911,787,754,366,767,902,244,157,375,505,6,850,62,177,561,927,933,430,912,741,48,689,44,200,363,183,264,339,43,743,344,59,102,94,101,74,86,59,60,83,81,70,46,56,54,98,60,85,70,61,64,36,55,45,54,74,49,50,43,48,75,75,74
[ 32.105100] wil6210-aoa$0,1606461630.938443,04:d6:aa:c1:38:97,2,1,1,0,128,287,910,794,790,348,794,501,463,187,436,986,177,307,903,654,415,934,992,331,884,739,23,702,1022,200,322,114,201,398,67,224,956,57,104,93,99,73,84,56,58,83,78,71,47,56,53,92,58,84,68,61,60,37,52,41,51,74,47,45,39,45,70,71,67
[ 32.138535] wil6210-aoa$0,1606461630.971876,04:d6:aa:c1:38:97,2,1,1,0,128,307,956,781,786,408,835,453,410,196,384,4,185,813,57,129,533,912,936,821,668,743,45,724,32,218,406,104,231,394,40,208,1017,60,106,96,100,77,89,62,62,87,83,74,51,58,56,102,62,89,71,63,66,41,58,48,58,80,54,53,48,54,81,85,80
[ 32.172689] wil6210-aoa$0,1606461631.006031,04:d6:aa:c1:38:97,2,1,1,0,128,837,752,181,523,430,829,861,149,611,175,26,141,345,883,629,320,349,776,828,707,168,852,160,856,654,139,557,20,362,1017,524,282,61,110,101,108,79,93,62,62,95,86,78,52,60,59,105,66,91,73,66,68,41,59,47,57,83,53,51,45,54,82,83,79
[ 32.201869] wil6210-aoa$0,1606461631.035212,04:d6:aa:c1:38:97,2,1,1,0,128,264,869,238,619,338,762,858,216,150,362,82,232,847,78,201,553,957,944,386,917,784,56,736,28,205,357,83,201,364,39,397,183,63,109,101,106,81,92,62,62,92,90,79,51,62,60,106,66,95,74,66,66,44,62,51,61,85,60,55,50,56,87,91,86
[ 32.230365] wil6210-aoa$0,1606461631.063708,04:d6:aa:c1:38:97,2,1,1,0,128,788,716,842,778,938,1023,417,412,139,362,503,995,326,893,694,425,926,970,404,939,759,47,684,6,220,315,129,216,355,15,85,889,62,110,100,107,82,93,61,62,91,84,77,50,59,58,102,64,89,73,64,66,39,55,45,54,78,51,50,46,51,75,80,76
[ 32.263774] wil6210-aoa$0,1606461631.097113,04:d6:aa:c1:38:97,2,1,1,0,128,708,701,211,586,410,812,424,386,642,155,130,219,826,24,193,545,910,939,340,863,192,884,160,845,644,114,659,28,811,811,815,680,62,111,101,106,81,92,62,63,89,84,77,50,60,56,103,66,91,75,66,68,41,58,47,59,84,55,54,47,54,83,85,80
[ 32.294096] wil6210-aoa$0,1606461631.127434,04:d6:aa:c1:38:97,2,1,1,0,128,242,888,824,789,926,3,391,418,140,384,68,250,838,72,202,637,905,973,357,948,727,62,772,69,294,398,93,241,316,1006,249,16,58,111,100,106,79,91,62,64,90,87,77,49,59,58,102,64,92,75,64,67,41,60,46,56,83,54,52,47,54,83,84,78
[ 32.330934] wil6210-aoa$0,1606461631.164277,04:d6:aa:c1:38:97,2,1,1,0,128,339,933,723,765,856,976,372,379,142,383,114,266,895,90,167,570,902,920,877,762,714,36,713,38,178,345,42,150,837,858,841,659,60,108,100,105,80,92,59,63,90,87,78,51,62,58,104,67,92,76,65,68,41,60,50,58,84,58,56,49,56,84,87,83
[ 32.359937] wil6210-aoa$0,1606461631.193280,04:d6:aa:c1:38:97,2,1,1,0,128,262,875,809,778,956,1017,394,393,152,349,1021,155,827,49,217,585,926,958,352,861,734,17,738,1019,170,335,121,249,331,23,68,789,59,109,101,105,79,89,61,62,87,83,76,48,59,56,100,62,92,73,65,67,39,57,45,56,82,52,50,46,51,77,78,74
[ 32.394714] wil6210-aoa$0,1606461631.228058,04:d6:aa:c1:38:97,2,1,1,0,128,306,973,816,821,994,31,422,446,148,350,102,213,768,2,195,568,949,968,389,891,697,41,725,1004,230,385,41,193,404,47,690,447,58,111,99,104,80,92,62,61,88,86,76,49,62,57,105,64,91,76,65,69,40,58,48,57,82,55,54,47,54,82,87,82
[ 32.427156] wil6210-aoa$0,1606461631.260496,04:d6:aa:c1:38:97,2,1,1,0,128,300,977,760,788,914,988,411,414,596,140,56,205,846,57,221,583,933,954,464,983,730,1018,640,948,268,415,535,1023,413,14,504,241,59,110,99,107,81,93,60,59,90,84,78,48,59,56,102,62,87,73,66,65,41,57,46,57,81,52,49,43,51,77,78,74
[ 32.458600] wil6210-aoa$0,1606461631.291939,04:d6:aa:c1:38:97,2,1,1,0,128,291,938,793,767,916,990,883,248,570,140,576,17,310,901,168,581,317,772,336,877,187,871,713,1014,253,395,132,230,364,28,814,498,62,111,99,105,82,92,63,62,92,88,78,53,62,58,104,66,94,75,67,71,44,62,48,60,82,59,55,49,55,85,92,85
[ 32.496696] wil6210-aoa$0,1606461631.330042,04:d6:aa:c1:38:97,2,1,1,0,128,292,893,740,757,359,829,386,390,187,419,123,244,889,132,217,629,912,955,328,920,668,7,754,67,178,353,167,296,319,44,182,924,55,106,94,101,73,84,54,57,84,79,70,43,51,50,90,57,82,68,59,60,36,49,40,47,72,45,45,37,44,66,72,59
[ 32.528047] wil6210-aoa$0,1606461631.361385,04:d6:aa:c1:38:97,2,1,1,0,128,326,963,723,722,947,1019,906,186,628,173,62,205,808,19,160,522,896,930,372,891,746,28,738,13,160,310,116,186,336,1014,194,900,55,101,94,98,75,87,57,58,85,80,73,48,56,52,97,59,85,70,60,63,39,54,44,52,77,51,50,44,50,75,77,76
[ 32.564529] wil6210-aoa$0,1606461631.397871,04:d6:aa:c1:38:97,2,1,1,0,128,276,938,787,807,906,1011,427,448,112,330,18,173,780,43,233,576,889,926,414,926,737,17,715,1023,248,421,138,253,398,58,128,947,57,103,92,98,75,86,57,59,84,80,70,48,55,52,95,59,84,67,62,63,38,54,44,51,75,51,49,42,48,76,78,74
[ 32.598239] wil6210-aoa$0,1606461631.431578,04:d6:aa:c1:38:97,2,1,1,0,128,693,710,211,533,381,802,901,216,186,402,27,180,265,875,624,371,329,755,826,706,190,874,150,863,670,192,141,229,355,68,889,648,60,110,104,108,79,92,61,63,93,87,79,51,61,58,103,65,92,73,65,66,41,59,47,57,82,54,50,46,52,80,84,77
[ 32.631972] wil6210-aoa$0,1606461631.465315,04:d6:aa:c1:38:97,2,1,1,0,128,366,962,814,796,969,1015,431,424,140,344,60,242,777,71,194,554,950,1006,384,932,728,7,713,5,234,378,204,270,352,28,505,409,60,113,100,107,82,91,61,62,92,87,78,52,62,59,103,64,92,77,66,67,41,60,47,59,80,55,52,46,54,82,86,78
[ 32.662258] wil6210-aoa$0,1606461631.495600,04:d6:aa:c1:38:97,2,1,1,0,128,309,956,893,855,918,1004,447,434,158,403,52,188,858,61,268,648,881,916,385,885,722,27,702,7,205,381,61,210,337,27,318,72,56,100,92,98,72,84,58,59,85,81,72,48,55,54,96,59,90,69,60,64,39,56,46,54,77,51,52,46,52,76,82,76
[ 32.690877] wil6210-aoa$0,1606461631.524219,04:d6:aa:c1:38:97,2,1,1,0,128,248,904,836,808,939,8,419,384,192,430,60,240,857,80,240,609,826,917,383,900,747,66,651,983,195,307,35,189,380,18,902,679,61,109,100,108,80,92,60,61,89,83,77,49,58,58,100,63,91,74,65,66,40,58,46,55,79,51,51,42,50,78,82,75
[ 32.725078] wil6210-aoa$0,1606461631.558420,04:d6:aa:c1:38:97,2,1,1,0,128,734,729,801,802,901,989,901,211,220,383,73,211,799,36,634,400,927,962,916,713,132,857,180,867,263,376,108,228,306,4,283,91,52,101,87,95,70,82,51,53,81,75,69,42,51,51,88,55,80,64,57,58,36,52,40,48,69,46,45,37,45,69,73,63
[ 32.758309] wil6210-aoa$0,1606461631.591648,04:d6:aa:c1:38:97,2,1,1,0,128,275,922,757,827,906,988,864,221,177,393,135,252,847,69,228,604,901,965,376,903,255,893,803,77,218,375,614,54,840,879,306,106,60,112,100,106,81,92,62,62,91,86,77,49,61,58,105,64,91,74,66,69,43,59,49,59,84,56,53,47,54,82,86,80
[ 32.793508] wil6210-aoa$0,1606461631.626851,04:d6:aa:c1:38:97,2,1,1,0,128,257,890,805,794,954,5,407,390,156,386,80,250,741,27,207,581,936,971,447,984,713,49,756,28,165,343,75,203,427,68,150,918,60,113,100,105,81,94,62,60,91,87,77,51,62,57,100,64,89,74,66,65,40,58,49,55,81,52,54,47,51,82,85,80
[ 32.828105] wil6210-aoa$0,1606461631.661450,04:d6:aa:c1:38:97,2,1,1,0,128,802,730,283,613,902,999,398,407,197,341,79,182,834,41,148,531,983,998,391,922,750,36,762,55,237,406,61,222,342,18,501,282,57,103,91,98,74,85,58,57,85,79,75,48,57,54,97,60,86,68,62,62,38,56,44,54,77,51,48,43,50,75,80,73
[ 32.859777] wil6210-aoa$0,1606461631.693118,04:d6:aa:c1:38:97,2,1,1,0,128,319,945,753,784,982,20,460,471,132,344,82,215,813,60,231,570,874,908,829,695,754,33,720,45,267,388,124,238,344,14,86,830,58,111,102,106,80,88,60,63,89,83,75,46,60,56,100,61,90,72,63,65,41,57,44,54,81,52,48,44,50,80,78,70
[ 32.896010] wil6210-aoa$0,1606461631.729351,04:d6:aa:c1:38:97,2,1,1,0,128,237,886,823,765,911,976,395,395,145,341,58,200,847,49,212,607,882,950,390,935,693,32,700,26,179,374,144,227,420,101,597,410,56,104,91,100,74,83,56,57,84,79,71,47,54,53,93,59,84,68,60,61,37,53,43,53,75,49,48,42,49,75,77,73
[ 32.930444] wil6210-aoa$0,1606461631.763784,04:d6:aa:c1:38:97,2,1,1,0,128,237,946,780,810,998,15,436,450,195,403,43,180,836,73,189,592,918,970,371,887,785,36,753,25,241,361,150,227,355,64,719,430,64,115,100,106,83,97,64,65,92,89,82,53,64,62,107,67,95,77,69,69,42,62,50,62,86,58,54,48,56,82,89,81
[ 32.964634] wil6210-aoa$0,1606461631.797976,04:d6:aa:c1:38:97,2,1,1,2,128,237,946,780,810,998,15,436,450,195,403,43,180,836,73,189,592,918,970,371,887,785,36,753,25,241,361,150,227,355,64,719,430,56,104,91,100,74,83,56,57,84,79,71,47,54,53,93,59,84,68,60,61,37,53,43,53,75,49,48,42,49,75,77,73
[ 33.002250] wil6210-aoa$0,1606461631.835589,04:d6:aa:c1:38:97,2,1,1,0,128,280,910,783,799,908,989,437,390,165,325,113,217,920,102,226,565,915,944,357,876,679,998,143,829,699,146,616,1019,865,856,844,645,60,105,96,103,79,91,58,60,88,84,77,49,60,55,100,62,89,73,65,64,41,56,47,56,81,51,51,46,53,77,81,78
[ 33.041099] wil6210-aoa$0,1606461631.874438,04:d6:aa:c1:38:97,2,1,1,0,128,717,681,278,582,407,807,803,168,627,138,100,232,221,860,167,562,943,959,347,876,205,880,697,7,679,178,584,32,863,861,508,279,60,107,100,105,81,91,63,63,92,85,78,53,61,58,105,67,92,75,65,66,42,61,49,59,83,58,54,48,55,86,88,84
[ 33.079448] wil6210-aoa$0,1606461631.912791,04:d6:aa:c1:38:97,2,1,1,0,128,276,924,821,795,981,11,443,426,152,339,51,165,808,9,174,569,887,959,345,910,692,1010,729,13,192,408,134,240,341,46,14,811,57,104,93,97,74,87,59,57,85,81,74,48,58,54,97,60,87,68,59,62,39,57,46,56,77,53,50,46,53,77,82,79
[ 33.111887] wil6210-aoa$0,1606461631.945226,04:d6:aa:c1:38:97,2,1,1,0,128,302,926,772,785,894,1019,388,393,155,417,85,235,828,28,154,567,345,773,885,687,175,852,130,847,658,147,134,226,379,54,931,677,60,110,101,105,77,92,61,61,90,84,76,49,58,56,100,64,90,74,64,66,39,59,47,58,79,53,52,44,53,79,83,78
[ 33.150478] wil6210-aoa$0,1606461631.983816,04:d6:aa:c1:38:97,2,1,1,0,128,805,773,797,787,911,991,866,191,627,155,574,29,801,1014,661,334,350,776,315,823,159,806,209,846,685,110,553,17,858,885,418,254,61,110,99,106,79,91,62,61,89,86,79,50,58,58,104,64,92,74,66,67,40,59,50,57,83,55,53,47,53,81,87,80
[ 33.187136] wil6210-aoa$0,1606461632.020478,04:d6:aa:c1:38:97,2,1,1,0,128,722,693,202,617,379,772,884,186,638,181,472,983,281,890,597,323,405,792,856,731,186,863,209,873,270,390,533,9,347,16,439,223,60,109,98,103,77,89,62,62,89,85,74,49,59,56,101,63,93,75,63,67,41,61,47,56,81,52,53,46,52,80,84,78
[ 33.221568] wil6210-aoa$0,1606461632.054906,04:d6:aa:c1:38:97,2,1,1,0,128,318,959,722,727,972,1004,838,206,636,164,534,1019,855,66,195,602,900,931,421,930,758,65,725,26,169,340,161,213,328,45,924,675,58,101,94,96,72,84,56,58,82,79,72,48,58,53,98,60,87,69,61,63,38,57,46,55,77,53,50,46,51,78,82,78
[ 33.255899] wil6210-aoa$0,1606461632.089241,04:d6:aa:c1:38:97,2,1,1,0,128,306,937,719,730,967,1,424,376,168,352,84,195,818,23,664,376,924,930,907,742,768,32,155,826,203,311,161,230,368,32,636,298,62,108,97,104,81,91,62,63,91,86,79,49,61,55,104,64,89,73,66,65,40,59,47,59,83,56,53,48,55,82,88,82
[ 33.293034] wil6210-aoa$0,1606461632.126374,04:d6:aa:c1:38:97,2,1,1,0,128,308,900,790,761,964,8,417,441,586,150,529,997,836,3,619,344,347,730,460,940,727,1022,809,56,162,335,93,212,447,34,116,847,54,101,92,96,75,85,57,56,83,77,72,47,53,50,95,60,85,69,61,63,37,56,45,53,77,52,50,45,50,76,80,75
[ 33.340240] wil6210-aoa$0,1606461632.173582,04:d6:aa:c1:38:97,2,1,1,0,128,774,753,812,781,911,987,358,339,581,147,441,959,267,857,694,415,319,750,840,704,159,834,100,818,209,343,554,16,339,98,918,669,57,102,94,98,73,84,58,56,83,78,73,46,58,54,96,59,85,69,60,62,37,56,44,55,79,53,48,43,49,76,79,73
[ 33.378490] wil6210-aoa$0,1606461632.211832,04:d6:aa:c1:38:97,2,1,1,0,128,259,911,703,741,949,1011,433,393,174,365,71,241,842,76,153,582,909,969,391,935,197,895,717,44,218,403,81,208,388,90,336,58,58,106,94,101,78,88,57,58,85,79,72,46,55,53,96,60,85,70,62,63,37,53,44,51,76,49,47,42,48,72,75,69
[ 33.411623] wil6210-aoa$0,1606461632.244962,04:d6:aa:c1:38:97,2,1,1,0,128,234,892,838,803,943,20,435,452,105,331,122,252,776,9,269,620,914,957,385,921,767,54,742,56,141,342,136,268,363,39,23,888,55,102,93,97,75,85,59,58,86,79,73,47,56,55,97,63,89,70,62,65,39,57,45,56,80,51,51,44,52,76,78,77
[ 33.446746] wil6210-aoa$0,1606461632.280092,04:d6:aa:c1:38:97,2,1,1,0,128,774,729,236,539,868,993,352,343,122,306,552,56,241,854,173,556,901,915,844,712,710,6,719,19,664,111,104,215,370,49,285,38,62,108,101,104,81,93,60,62,92,87,78,51,61,59,104,65,92,73,65,67,43,60,49,59,83,56,53,46,54,81,85,79
[ 33.481263] wil6210-aoa$0,1606461632.314605,04:d6:aa:c1:38:97,2,1,1,0,128,735,711,215,591,441,841,381,415,142,357,45,195,279,875,187,588,901,939,795,695,159,890,131,861,685,184,91,250,349,21,480,220,61,111,96,103,82,94,59,63,93,86,77,52,60,58,103,65,92,74,65,66,41,60,49,57,82,54,52,46,54,81,82,78
[ 33.511093] wil6210-aoa$0,1606461632.344440,04:d6:aa:c1:38:97,2,1,1,0,128,753,692,875,820,921,996,414,407,167,360,90,206,287,931,202,585,901,946,400,940,744,84,771,57,192,366,66,227,822,907,883,649,60,110,99,103,81,94,61,60,91,86,77,54,62,60,106,66,93,73,68,67,42,62,50,60,84,57,55,48,57,85,90,85
[ 33.546400] wil6210-aoa$0,1606461632.379746,04:d6:aa:c1:38:97,2,1,1,0,128,292,965,758,780,898,984,402,417,101,320,22,191,816,53,234,617,865,938,380,920,672,1020,164,876,704,218,594,50,416,63,286,70,62,109,100,107,77,92,61,60,89,86,77,52,62,58,104,65,93,76,66,69,42,62,49,59,87,58,55,48,58,83,88,83
[ 33.581631] wil6210-aoa$0,1606461632.414974,04:d6:aa:c1:38:97,2,1,1,0,128,332,952,765,764,948,977,415,381,123,339,1013,154,259,887,247,590,888,950,384,871,767,43,659,983,721,205,592,62,354,8,21,911,58,110,98,102,78,90,60,60,88,83,76,44,56,57,96,60,87,70,64,62,37,55,43,54,77,49,47,42,49,75,74,71
[ 33.611211] wil6210-aoa$0,1606461632.444557,04:d6:aa:c1:38:97,2,1,1,0,128,767,726,888,854,927,959,461,443,76,351,12,140,888,69,189,591,889,919,796,669,138,852,176,855,690,176,634,92,401,64,348,44,60,109,100,105,81,92,63,61,92,87,78,52,62,56,104,64,92,75,66,68,43,62,48,57,83,56,55,49,56,86,89,84
