
[ 58.718505] wil6210-aoa$0,1606461657.780103,04:d6:aa:c1:38:97,2,1,1,0,128,268,948,785,803,429,840,892,189,199,390,47,208,825,73,170,581,900,904,387,912,695,1006,824,63,221,397,30,159,859,853,966,766,56,99,92,96,76,85,57,55,81,77,72,46,57,53,97,59,83,67,60,61,37,54,44,53,76,51,49,42,51,77,80,74
[ 58.754523] wil6210-aoa$0,1606461657.816121,04:d6:aa:c1:38:97,2,1,1,0,128,276,984,710,762,953,10,414,417,177,417,36,198,851,45,171,568,928,940,414,925,739,1007,776,19,236,384,99,207,360,29,661,326,57,102,90,95,73,85,56,56,83,78,73,49,57,55,97,60,85,69,59,61,38,56,45,55,77,51,49,45,52,78,83,76
[ 58.784562] wil6210-aoa$0,1606461657.846161,04:d6:aa:c1:38:97,2,1,1,0,128,718,725,838,779,961,18,378,389,170,382,28,192,800,77,124,581,284,730,840,714,159,868,203,888,264,377,88,209,427,49,278,96,57,101,93,99,73,82,57,57,82,79,70,44,53,51,93,56,82,68,60,61,35,51,41,50,73,47,46,40,47,70,74,70
[ 58.816740] wil6210-aoa$0,1606461657.878335,04:d6:aa:c1:38:97,2,1,1,0,128,266,887,788,785,422,835,935,257,659,209,48,205,833,43,210,578,867,960,357,907,174,852,769,41,199,388,84,227,301,997,976,767,57,105,93,99,76,87,57,59,83,80,72,44,54,52,94,59,85,69,60,59,37,52,41,51,74,49,48,40,47,74,72,68
[ 58.855445] wil6210-aoa$0,1606461657.917043,04:d6:aa:c1:38:97,2,1,1,0,128,276,916,828,806,931,996,424,390,199,382,88,256,854,63,185,564,900,968,418,964,767,79,784,38,247,403,168,291,353,23,308,0,58,106,96,101,74,88,61,59,87,81,74,49,57,57,101,63,87,69,63,65,39,58,46,54,78,53,51,44,52,78,82,75
[ 58.892634] wil6210-aoa$0,1606461657.954232,04:d6:aa:c1:38:97,2,1,1,2,128,276,916,828,806,931,996,424,390,199,382,88,256,854,63,185,564,900,968,418,964,767,79,784,38,247,403,168,291,353,23,308,0,57,102,90,95,73,85,56,56,83,78,73,49,57,55,97,60,85,69,59,61,38,56,45,55,77,51,49,45,52,78,83,76
[ 58.922679] wil6210-aoa$0,1606461657.984278,04:d6:aa:c1:38:97,2,1,1,0,128,258,897,771,757,992,1010,351,359,123,308,65,178,296,850,680,418,319,729,341,871,749,42,701,1004,285,379,108,219,316,1014,949,746,57,104,95,99,75,89,59,58,84,79,73,48,57,54,95,60,84,68,62,61,38,54,43,53,75,50,48,43,51,75,78,71
[ 58.956127] wil6210-aoa$0,1606461658.017728,04:d6:aa:c1:38:97,2,1,1,2,128,258,897,771,757,992,1010,351,359,123,308,65,178,296,850,680,418,319,729,341,871,749,42,701,1004,285,379,108,219,316,1014,949,746,57,102,90,95,73,85,56,56,83,78,73,49,57,55,97,60,85,69,59,61,38,56,45,55,77,51,49,45,52,78,83,76
[ 58.989994] wil6210-aoa$0,1606461658.051589,04:d6:aa:c1:38:97,2,1,1,0,128,254,906,753,774,980,28,460,431,188,415,27,215,803,58,226,604,927,989,374,898,765,54,802,53,197,367,133,281,381,6,335,1009,56,102,90,97,70,84,58,55,83,79,69,46,57,54,94,59,83,67,61,62,37,57,44,53,75,49,50,43,51,79,78,75
[ 59.027322] wil6210-aoa$0,1606461658.088922,04:d6:aa:c1:38:97,2,1,1,0,128,747,753,803,814,1005,14,459,456,103,354,1012,171,838,28,143,544,368,768,382,919,753,95,776,40,189,337,149,210,405,23,395,133,58,105,95,100,76,86,58,59,84,78,71,44,55,55,93,57,85,68,59,61,35,55,42,50,77,49,47,40,46,74,73,66
[ 59.065366] wil6210-aoa$0,1606461658.126960,04:d6:aa:c1:38:97,2,1,1,0,128,780,751,783,756,896,936,410,383,198,380,15,166,807,9,686,367,903,949,865,705,717,24,690,61,164,336,594,59,872,875,484,327,53,103,94,98,75,87,57,57,84,79,73,47,55,53,94,60,84,69,59,62,37,55,42,52,74,49,48,41,47,74,76,73
[ 59.105080] wil6210-aoa$0,1606461658.166674,04:d6:aa:c1:38:97,2,1,1,0,128,319,964,771,767,463,852,874,194,614,138,569,41,262,889,201,577,863,918,892,776,759,46,734,28,206,375,112,227,352,33,87,977,54,104,96,100,75,86,57,57,85,80,73,46,56,53,98,60,85,69,60,63,36,54,43,52,77,49,50,44,52,79,76,76
[ 59.145013] wil6210-aoa$0,1606461658.206607,04:d6:aa:c1:38:97,2,1,1,0,128,192,873,842,853,888,953,380,361,177,349,22,137,806,1011,267,629,895,961,410,897,736,46,726,1009,227,312,214,251,380,38,724,402,54,104,93,98,74,85,57,59,85,79,70,45,54,52,91,58,83,66,60,61,36,55,42,50,76,49,48,43,50,74,78,74
[ 59.181454] wil6210-aoa$0,1606461658.243056,04:d6:aa:c1:38:97,2,1,1,0,128,333,1003,791,824,4,21,434,422,207,377,70,164,901,59,204,586,940,980,421,958,718,32,793,46,203,371,137,258,370,60,702,376,54,103,93,99,75,84,57,59,84,79,69,46,54,53,96,60,86,67,61,63,37,56,43,55,77,53,50,45,51,77,79,76
[ 59.211688] wil6210-aoa$0,1606461658.273287,04:d6:aa:c1:38:97,2,1,1,0,128,299,951,749,765,927,1006,930,245,135,312,510,1014,299,901,188,612,893,968,348,828,718,1008,831,55,244,415,581,31,453,92,85,789,52,102,95,98,72,79,55,55,81,77,69,42,52,51,87,54,81,65,57,56,35,49,36,47,72,45,41,36,45,68,68,63
[ 59.242695] wil6210-aoa$0,1606461658.304292,04:d6:aa:c1:38:97,2,1,1,0,128,679,717,793,797,843,954,840,177,638,225,561,19,249,870,608,378,322,753,920,713,158,840,737,33,642,107,579,33,871,878,865,720,53,103,91,97,71,81,54,56,81,77,68,41,52,50,89,56,81,67,58,59,35,50,41,48,72,45,45,38,43,70,72,68
[ 59.273987] wil6210-aoa$0,1606461658.335585,04:d6:aa:c1:38:97,2,1,1,0,128,299,925,785,754,890,979,840,175,202,388,34,206,829,10,199,601,907,929,357,864,750,1021,760,18,663,152,130,279,351,1022,428,239,60,106,95,103,77,91,60,59,87,83,76,49,58,56,101,63,89,72,63,64,40,58,46,57,79,54,53,46,53,79,85,80
[ 59.310703] wil6210-aoa$0,1606461658.372302,04:d6:aa:c1:38:97,2,1,1,0,128,318,967,765,798,921,972,454,401,181,396,56,175,858,62,177,621,914,957,397,913,660,6,677,979,189,331,101,196,801,852,563,310,46,89,81,87,61,72,48,50,71,66,62,37,46,45,79,50,71,57,51,53,31,44,35,45,65,42,37,33,42,62,62,58
[ 59.346483] wil6210-aoa$0,1606461658.408081,04:d6:aa:c1:38:97,2,1,1,0,128,246,889,817,790,898,973,955,262,191,414,60,211,317,882,705,403,919,984,367,906,158,833,775,43,137,331,110,193,357,1014,499,282,57,106,97,104,77,88,56,60,86,81,72,46,54,52,94,60,83,70,59,62,37,54,42,53,75,48,48,43,47,71,74,69
[ 59.383822] wil6210-aoa$0,1606461658.445417,04:d6:aa:c1:38:97,2,1,1,0,128,280,882,808,778,908,968,515,482,168,329,19,144,273,862,642,372,881,942,350,913,698,1021,736,19,180,352,125,251,362,9,523,440,57,104,94,98,73,86,58,59,85,81,72,48,55,54,96,59,85,68,60,62,39,55,44,53,75,50,50,44,50,75,77,74
[ 59.424482] wil6210-aoa$0,1606461658.486084,04:d6:aa:c1:38:97,2,1,1,0,128,255,914,836,759,414,846,440,405,179,401,465,982,861,20,172,520,369,752,450,964,707,37,656,1010,163,343,159,265,413,54,852,561,59,102,92,100,75,85,58,59,82,79,75,51,57,54,96,59,85,69,62,65,38,57,46,55,77,53,49,45,52,77,82,77
[ 59.458961] wil6210-aoa$0,1606461658.520557,04:d6:aa:c1:38:97,2,1,1,0,128,734,710,252,592,347,775,904,196,671,189,495,1003,841,63,217,611,906,959,385,881,727,23,774,33,178,346,57,173,319,1010,638,436,56,106,93,98,73,85,58,59,84,78,73,46,54,53,93,59,83,68,61,62,38,54,45,53,76,51,48,41,50,75,82,74
[ 59.490336] wil6210-aoa$0,1606461658.551935,04:d6:aa:c1:38:97,2,1,1,0,128,269,920,760,767,895,990,441,421,107,370,39,191,242,877,260,641,941,951,461,946,754,45,725,3,218,371,120,197,354,47,194,991,52,101,92,97,70,78,52,55,78,74,67,41,50,49,85,52,75,62,53,54,32,45,34,44,67,37,39,35,39,64,63,57
[ 59.526079] wil6210-aoa$0,1606461658.587677,04:d6:aa:c1:38:97,2,1,1,0,128,327,908,884,832,910,970,449,393,173,358,71,167,239,846,192,547,879,938,378,879,797,74,720,1018,688,178,89,223,262,990,172,989,55,105,95,102,74,85,55,58,84,81,72,43,54,54,95,57,83,68,62,61,36,53,43,51,73,46,47,39,45,71,72,68
[ 59.560452] wil6210-aoa$0,1606461658.622046,04:d6:aa:c1:38:97,2,1,1,0,128,378,954,761,727,982,1007,832,169,720,218,17,132,853,47,142,517,903,925,379,904,714,1003,163,805,691,155,641,51,794,848,231,64,56,107,97,103,76,86,58,59,84,78,75,44,55,52,93,57,84,67,62,62,37,53,43,51,74,48,49,41,49,73,74,69
[ 59.592385] wil6210-aoa$0,1606461658.653985,04:d6:aa:c1:38:97,2,1,1,0,128,318,998,785,794,970,15,458,436,167,377,31,193,855,73,191,531,957,998,415,911,677,1012,670,1003,214,362,133,266,358,57,771,537,58,106,95,102,76,89,61,57,87,84,75,48,59,56,100,63,90,71,65,67,41,60,48,57,79,51,52,47,53,80,83,79
[ 59.623768] wil6210-aoa$0,1606461658.685366,04:d6:aa:c1:38:97,2,1,1,0,128,259,881,771,748,943,1004,356,340,656,208,59,188,804,34,231,586,913,943,349,884,723,34,679,4,263,409,130,271,400,63,1021,781,56,103,93,101,72,85,55,56,84,80,73,45,54,52,97,60,83,68,60,62,38,55,41,53,74,49,46,41,48,73,76,69
[ 59.656344] wil6210-aoa$0,1606461658.717941,04:d6:aa:c1:38:97,2,1,1,0,128,290,901,747,759,921,1011,459,440,128,330,71,227,883,65,187,528,947,965,448,930,783,72,708,9,204,330,181,298,359,17,984,785,57,107,97,103,74,87,58,59,86,77,72,45,56,54,94,60,87,71,62,62,39,55,44,51,76,47,48,41,47,71,74,69
[ 59.695655] wil6210-aoa$0,1606461658.757253,04:d6:aa:c1:38:97,2,1,1,0,128,267,927,822,837,891,1017,374,386,227,405,83,178,870,45,186,592,892,927,426,893,751,57,712,7,314,403,112,231,370,49,586,270,55,101,93,99,73,85,58,57,83,76,69,45,54,51,92,59,85,67,60,61,37,52,43,52,74,48,48,42,50,75,77,72
[ 59.731917] wil6210-aoa$0,1606461658.793517,04:d6:aa:c1:38:97,2,1,1,0,128,304,957,796,797,955,1018,408,381,245,416,100,189,871,84,250,647,921,963,419,929,819,95,741,22,216,352,95,236,377,89,281,965,57,103,94,95,75,83,59,57,84,79,73,48,57,54,97,59,85,69,61,63,39,55,45,54,78,51,47,43,50,72,75,76
[ 59.762789] wil6210-aoa$0,1606461658.824387,04:d6:aa:c1:38:97,2,1,1,0,128,316,959,765,763,395,817,872,204,127,358,88,250,751,18,165,542,960,987,427,940,752,55,688,1016,267,379,142,251,366,43,916,625,57,110,95,101,75,85,55,57,84,77,74,45,56,55,96,58,85,68,62,62,39,54,45,50,75,50,48,40,50,73,76,71
[ 59.794058] wil6210-aoa$0,1606461658.855659,04:d6:aa:c1:38:97,2,1,1,0,128,275,894,795,763,409,822,886,189,656,155,67,190,780,10,255,590,845,897,882,702,708,1009,704,1020,196,332,576,7,344,17,107,933,55,104,94,100,73,85,58,57,83,78,71,46,53,51,93,60,84,69,60,62,37,53,42,53,75,49,47,43,48,74,75,70
[ 59.829656] wil6210-aoa$0,1606461658.891251,04:d6:aa:c1:38:97,2,1,1,0,128,286,925,789,785,910,993,450,471,189,430,72,205,833,76,181,590,908,955,348,878,167,843,218,876,188,294,157,221,421,45,580,259,60,107,95,104,75,88,60,61,88,82,74,47,59,56,99,62,88,71,64,64,40,57,46,57,78,50,52,45,51,79,81,78
[ 59.867098] wil6210-aoa$0,1606461658.928699,04:d6:aa:c1:38:97,2,1,1,0,128,241,877,179,558,379,814,865,187,54,344,462,984,277,877,652,407,920,963,325,862,667,14,133,821,196,354,115,256,384,34,790,592,59,106,96,104,77,92,60,62,88,82,76,49,59,56,101,60,88,72,64,63,40,58,46,57,78,53,50,45,50,78,82,78
[ 59.898354] wil6210-aoa$0,1606461658.959955,04:d6:aa:c1:38:97,2,1,1,0,128,323,934,222,575,413,833,862,194,681,210,447,982,328,943,212,575,905,964,431,942,735,36,697,975,195,397,99,233,407,42,503,258,53,109,93,102,74,83,54,58,82,76,72,43,49,51,86,53,81,66,55,55,33,48,37,44,68,40,40,33,39,62,64,55
[ 59.934292] wil6210-aoa$0,1606461658.995885,04:d6:aa:c1:38:97,2,1,1,0,128,337,955,785,763,985,999,339,361,213,392,19,176,295,908,211,554,360,745,867,719,192,882,650,998,658,193,547,29,437,43,671,463,52,103,93,98,70,80,53,56,79,75,67,40,50,49,88,53,79,66,56,57,33,48,39,47,68,42,42,36,42,66,67,61
[ 59.967613] wil6210-aoa$0,1606461659.029206,04:d6:aa:c1:38:97,2,1,1,0,128,751,713,790,778,907,965,871,222,175,381,486,1023,830,38,256,618,960,1013,404,927,742,1019,706,1023,638,102,132,249,348,48,855,739,56,104,92,98,74,86,59,59,83,82,71,48,57,53,96,60,86,69,60,64,38,55,42,53,77,50,48,43,51,76,77,74
[ 60.006785] wil6210-aoa$0,1606461659.068383,04:d6:aa:c1:38:97,2,1,1,0,128,791,734,817,798,999,1017,401,413,136,345,113,235,826,44,138,513,366,754,929,775,698,9,728,58,188,372,171,272,406,62,390,151,56,104,92,100,73,84,55,54,83,77,70,44,53,52,92,56,81,68,60,60,36,50,41,51,71,45,45,39,45,71,73,66
[ 60.043444] wil6210-aoa$0,1606461659.105042,04:d6:aa:c1:38:97,2,1,1,0,128,321,963,736,735,983,10,899,212,691,209,479,992,281,854,657,324,340,745,874,670,184,848,210,847,721,177,173,264,818,825,136,915,56,104,94,102,77,86,57,59,84,75,72,44,57,53,92,57,86,69,60,59,38,52,42,51,75,49,46,41,48,74,75,69
[ 60.079579] wil6210-aoa$0,1606461659.141168,04:d6:aa:c1:38:97,2,1,1,0,128,317,973,791,785,957,991,424,395,233,400,29,195,821,76,160,570,893,979,376,925,761,60,732,36,217,387,118,240,454,115,872,553,54,103,93,99,73,84,57,59,84,78,69,45,52,53,94,58,85,68,60,59,38,53,42,51,74,48,46,41,46,72,75,70
[ 60.110841] wil6210-aoa$0,1606461659.172438,04:d6:aa:c1:38:97,2,1,1,0,128,313,916,873,869,957,1019,437,412,142,361,61,226,801,34,150,566,852,944,354,890,233,912,701,15,248,380,182,289,329,18,629,438,53,105,93,100,73,84,56,58,83,78,70,44,52,51,89,56,83,67,58,61,35,50,40,48,70,44,45,36,43,69,69,61
[ 60.147407] wil6210-aoa$0,1606461659.209006,04:d6:aa:c1:38:97,2,1,1,0,128,315,943,782,823,946,9,421,431,150,325,1004,161,228,850,663,402,315,736,856,705,739,8,205,824,717,177,630,36,407,31,921,733,55,109,94,104,75,84,58,59,83,80,72,45,55,53,94,59,85,68,60,62,36,53,42,51,73,47,47,40,46,72,76,67
[ 60.182548] wil6210-aoa$0,1606461659.244142,04:d6:aa:c1:38:97,2,1,1,0,128,268,915,694,731,941,1003,833,172,200,409,1016,190,820,57,151,551,923,978,356,872,734,32,155,868,673,162,573,16,844,896,788,600,56,107,99,104,77,87,54,58,84,79,72,44,54,53,93,58,85,69,61,60,37,51,42,51,75,49,46,41,46,73,74,67
[ 60.213912] wil6210-aoa$0,1606461659.275512,04:d6:aa:c1:38:97,2,1,1,0,128,298,954,715,757,936,988,385,392,128,332,512,1002,833,32,243,636,885,940,433,946,739,18,724,32,141,337,72,217,353,34,718,567,55,103,93,99,74,86,56,57,84,77,73,46,53,55,93,58,85,70,62,62,36,54,42,52,73,49,49,42,47,73,74,72
[ 60.250243] wil6210-aoa$0,1606461659.311842,04:d6:aa:c1:38:97,2,1,1,0,128,245,910,736,763,300,740,838,142,635,158,68,222,829,85,104,546,373,791,861,762,178,890,737,5,251,386,114,255,418,60,846,470,56,104,92,98,75,84,54,57,82,77,69,43,52,50,90,55,80,67,58,59,33,50,39,48,72,44,43,36,44,69,69,65
[ 60.281020] wil6210-aoa$0,1606461659.342618,04:d6:aa:c1:38:97,2,1,1,0,128,266,901,203,550,381,831,399,350,615,167,46,191,840,53,212,612,910,946,851,727,698,56,757,18,183,348,129,269,360,71,227,45,59,109,97,101,77,89,58,61,87,83,72,47,57,55,100,62,89,74,64,65,39,56,46,56,77,51,51,45,50,78,77,75
[ 60.320593] wil6210-aoa$0,1606461659.382186,04:d6:aa:c1:38:97,2,1,1,0,128,289,893,744,720,935,994,423,378,165,382,1011,135,804,47,183,532,912,934,417,941,703,1021,680,1009,173,351,610,39,397,63,787,608,50,92,82,86,65,76,51,50,75,70,61,40,48,47,83,50,77,59,55,54,31,48,36,44,66,43,41,36,43,66,64,62
[ 60.359354] wil6210-aoa$0,1606461659.420953,04:d6:aa:c1:38:97,2,1,1,0,128,357,971,782,808,455,905,898,232,181,405,484,33,838,21,248,557,887,931,410,882,760,1015,215,873,662,137,534,5,861,858,960,651,51,103,89,95,71,79,53,53,82,76,68,41,51,50,87,52,80,66,56,55,33,48,38,46,69,44,43,36,42,70,69,62
[ 60.396075] wil6210-aoa$0,1606461659.457676,04:d6:aa:c1:38:97,2,1,1,0,128,313,913,817,816,940,1013,402,366,179,395,13,197,836,44,156,544,900,955,363,905,773,39,735,59,239,375,161,281,388,38,959,676,51,98,90,96,72,77,55,55,81,75,66,42,53,50,90,54,82,65,58,59,34,50,41,49,72,48,45,39,46,71,71,70
[ 60.430187] wil6210-aoa$0,1606461659.491782,04:d6:aa:c1:38:97,2,1,1,0,128,292,934,743,752,446,856,854,156,187,426,38,204,813,59,150,558,886,919,425,925,773,54,716,42,214,357,121,191,352,12,881,619,55,104,91,99,74,88,57,58,85,81,74,47,56,53,97,60,85,69,60,62,38,58,45,54,79,53,50,45,52,79,83,79
[ 60.461517] wil6210-aoa$0,1606461659.523116,04:d6:aa:c1:38:97,2,1,1,0,128,252,948,794,787,924,1021,436,380,224,447,81,204,824,86,206,621,943,991,387,941,726,48,774,56,166,367,102,234,319,33,968,741,55,103,94,97,75,86,56,59,82,79,71,43,55,51,93,58,85,68,59,63,39,51,44,50,76,49,46,40,47,75,79,73
[ 60.492280] wil6210-aoa$0,1606461659.553882,04:d6:aa:c1:38:97,2,1,1,0,128,702,700,833,790,890,989,430,407,176,373,1021,165,883,64,199,607,976,1011,346,878,197,884,129,847,715,188,130,253,376,23,518,239,55,105,91,99,72,86,55,55,84,78,69,44,51,52,90,56,82,68,55,59,34,50,38,49,71,45,43,37,44,68,69,64
[ 60.523555] wil6210-aoa$0,1606461659.585154,04:d6:aa:c1:38:97,2,1,1,0,128,751,748,809,780,383,825,422,403,603,157,519,990,799,12,238,570,359,763,380,888,740,10,770,35,685,172,100,181,369,36,945,643,53,103,93,99,75,87,56,57,82,80,73,48,54,52,98,60,84,68,61,61,37,53,42,51,76,51,49,43,49,75,76,71
[ 60.554495] wil6210-aoa$0,1606461659.616093,04:d6:aa:c1:38:97,2,1,1,0,128,339,967,196,586,903,978,961,243,629,127,57,187,836,60,157,548,908,942,377,893,195,910,751,33,284,404,124,239,396,11,848,622,55,103,92,96,73,84,56,57,82,78,69,43,53,50,94,57,84,68,58,60,36,51,40,49,71,46,44,39,46,67,69,64
[ 60.587253] wil6210-aoa$0,1606461659.648847,04:d6:aa:c1:38:97,2,1,1,0,128,807,744,764,781,960,1,423,408,642,162,12,180,831,2,677,375,908,937,354,872,132,836,143,796,649,157,577,43,339,27,750,632,55,100,90,99,71,82,57,57,80,75,72,45,51,50,91,57,81,65,58,59,33,50,39,51,71,46,45,40,46,72,73,70
[ 60.626037] wil6210-aoa$0,1606461659.687634,04:d6:aa:c1:38:97,2,1,1,0,128,280,919,791,773,950,1021,385,358,167,336,39,188,801,10,233,558,934,966,391,897,695,1014,730,27,196,377,51,197,418,54,375,105,53,101,92,97,71,82,56,57,81,75,70,45,52,51,89,56,80,67,59,58,36,52,41,51,72,46,46,40,47,71,71,67
[ 60.662255] wil6210-aoa$0,1606461659.723853,04:d6:aa:c1:38:97,2,1,1,0,128,348,926,749,759,928,1013,386,376,130,312,7,176,806,31,168,579,953,981,349,945,692,15,730,54,181,384,51,209,331,10,466,228,56,105,95,101,76,86,55,58,84,78,69,45,57,54,96,59,84,71,60,62,38,55,44,53,76,52,51,41,47,76,79,73
[ 60.693110] wil6210-aoa$0,1606461659.754709,04:d6:aa:c1:38:97,2,1,1,0,128,284,968,781,817,944,25,419,403,159,364,28,205,263,896,251,635,931,963,364,872,183,870,788,86,196,396,100,242,333,24,536,224,56,102,93,96,74,86,55,57,82,77,71,47,54,51,92,59,84,68,60,61,37,52,43,51,73,50,48,41,47,72,76,71
[ 60.729644] wil6210-aoa$0,1606461659.791242,04:d6:aa:c1:38:97,2,1,1,0,128,289,893,784,753,950,999,388,396,107,348,503,993,285,894,665,420,921,954,362,921,779,92,665,997,210,378,23,194,403,91,1003,726,53,104,93,98,70,79,53,57,79,72,68,40,51,51,87,56,79,65,57,58,34,49,38,48,71,43,42,38,41,65,69,63
[ 60.767053] wil6210-aoa$0,1606461659.828650,04:d6:aa:c1:38:97,2,1,1,0,128,229,870,186,545,405,792,898,157,194,361,74,193,832,38,638,381,368,749,797,694,726,3,698,5,716,190,161,232,352,26,157,964,56,105,95,99,76,86,56,60,87,79,70,44,55,53,91,56,85,68,60,60,36,50,41,49,73,46,46,39,46,69,72,67
[ 60.801359] wil6210-aoa$0,1606461659.862953,04:d6:aa:c1:38:97,2,1,1,0,128,245,923,780,766,961,1012,403,381,240,413,51,222,819,42,213,566,880,930,361,905,740,24,766,39,210,335,112,199,351,1014,361,190,53,103,90,98,72,82,52,55,82,76,69,42,51,51,90,53,79,64,58,57,36,50,40,48,71,43,45,39,43,68,72,64
[ 60.839811] wil6210-aoa$0,1606461659.901410,04:d6:aa:c1:38:97,2,1,1,0,128,208,883,197,563,961,18,430,427,623,187,30,210,826,98,209,577,913,967,395,929,694,37,724,44,263,423,148,252,817,888,931,660,52,102,89,96,68,79,53,57,76,74,66,41,49,49,87,55,80,64,56,59,34,47,39,46,72,46,43,36,44,70,68,63
[ 60.876239] wil6210-aoa$0,1606461659.937837,04:d6:aa:c1:38:97,2,1,1,0,128,771,725,822,804,908,982,357,389,589,169,542,999,910,49,255,626,817,902,413,912,739,29,713,1011,267,409,88,255,404,84,957,796,51,100,92,98,71,80,52,55,78,74,66,41,48,49,85,54,79,63,57,57,33,47,38,43,66,41,40,34,40,61,66,60
[ 60.913072] wil6210-aoa$0,1606461659.974665,04:d6:aa:c1:38:97,2,1,1,0,128,335,927,786,782,881,964,847,212,185,406,107,264,815,56,165,594,859,926,402,953,789,104,692,42,263,423,81,261,319,41,204,965,56,103,92,97,71,82,55,58,79,77,70,43,55,50,93,59,83,67,59,60,37,54,43,52,75,52,47,43,49,74,77,71
[ 60.947039] wil6210-aoa$0,1606461660.008636,04:d6:aa:c1:38:97,2,1,1,0,128,235,882,770,793,966,11,401,410,141,339,52,269,789,41,190,557,953,1017,360,880,720,14,725,33,255,372,148,202,335,44,12,743,57,105,95,100,76,85,57,58,83,79,68,44,53,50,92,58,85,67,59,60,38,52,43,51,75,46,45,39,47,71,70,67
[ 60.979604] wil6210-aoa$0,1606461660.041200,04:d6:aa:c1:38:97,2,1,1,0,128,285,930,799,810,906,1002,405,418,179,372,149,305,798,60,229,607,900,967,364,914,815,90,691,991,229,349,144,260,409,63,168,857,57,105,93,100,75,86,58,59,83,79,72,47,56,52,93,60,83,70,60,62,38,54,41,53,74,49,48,42,50,71,77,73
[ 61.020580] wil6210-aoa$0,1606461660.082173,04:d6:aa:c1:38:97,2,1,1,0,128,758,729,856,833,936,978,927,235,232,449,1012,163,820,55,69,484,359,786,795,674,721,37,685,9,694,149,562,10,876,918,135,965,57,107,96,99,75,87,58,58,84,79,75,46,52,52,96,59,83,69,61,64,36,54,41,50,75,48,44,40,47,72,71,68
[ 61.061104] wil6210-aoa$0,1606461660.122698,04:d6:aa:c1:38:97,2,1,1,0,128,293,945,746,732,976,5,404,417,136,371,36,187,888,80,186,569,1005,977,361,889,781,63,726,28,218,347,130,247,314,23,797,581,56,103,95,99,75,88,56,57,83,79,73,46,54,53,92,59,84,70,58,60,36,52,42,52,73,48,46,38,47,72,74,70
[ 61.100778] wil6210-aoa$0,1606461660.162375,04:d6:aa:c1:38:97,2,1,1,0,128,323,966,745,790,7,22,399,382,692,156,562,24,854,55,251,607,971,984,354,871,702,1001,776,54,152,318,151,211,370,52,736,569,54,103,94,97,73,84,57,56,80,75,71,45,53,52,92,56,84,68,59,61,37,55,39,51,74,48,46,41,49,73,75,69
[ 61.135922] wil6210-aoa$0,1606461660.197516,04:d6:aa:c1:38:97,2,1,1,0,128,753,708,210,580,391,799,414,401,219,439,83,197,778,40,635,331,347,731,868,724,134,858,708,1011,240,354,102,235,374,25,405,177,56,100,92,98,74,86,58,57,84,79,72,47,59,53,99,58,86,68,60,63,38,58,43,55,79,54,50,44,51,79,81,77
[ 61.172415] wil6210-aoa$0,1606461660.234014,04:d6:aa:c1:38:97,2,1,1,0,128,715,715,234,517,412,788,882,197,675,191,28,154,847,20,690,360,364,755,842,721,133,826,175,835,703,211,85,179,345,1016,712,561,55,103,92,98,72,85,56,55,87,78,71,47,55,52,91,58,82,66,60,61,38,53,44,51,75,47,48,43,49,73,80,73
[ 61.204795] wil6210-aoa$0,1606461660.266388,04:d6:aa:c1:38:97,2,1,1,0,128,242,876,791,744,951,1023,442,417,120,360,74,229,839,77,207,581,932,971,442,966,811,96,724,46,186,388,83,213,397,77,647,359,60,103,93,98,75,86,56,56,82,79,71,48,57,52,95,61,86,69,61,61,39,57,46,55,77,51,49,45,51,77,84,77
[ 61.245165] wil6210-aoa$0,1606461660.306760,04:d6:aa:c1:38:97,2,1,1,0,128,234,888,765,728,880,982,879,193,119,376,52,197,812,53,201,573,857,946,362,847,168,864,722,8,227,365,173,255,437,60,804,419,59,105,95,104,73,85,55,59,85,81,72,44,53,53,96,57,84,70,59,60,37,52,41,49,73,45,44,37,44,70,70,65
[ 61.285401] wil6210-aoa$0,1606461660.347003,04:d6:aa:c1:38:97,2,1,1,0,128,378,988,793,793,958,989,488,413,221,430,52,197,817,33,192,580,940,1011,391,923,747,64,747,40,295,428,92,234,405,83,629,305,55,104,92,98,73,86,57,57,85,80,70,47,54,53,94,58,84,71,60,60,37,55,41,50,73,48,46,41,48,75,73,68
[ 61.319290] wil6210-aoa$0,1606461660.380885,04:d6:aa:c1:38:97,2,1,1,0,128,255,894,861,823,900,953,450,462,172,361,993,142,862,95,189,598,348,741,371,911,137,850,196,895,202,349,63,222,376,72,665,419,59,110,98,101,79,89,61,60,86,84,74,47,59,53,99,60,87,70,62,63,39,56,44,53,79,51,51,45,50,77,76,72
[ 61.351934] wil6210-aoa$0,1606461660.413535,04:d6:aa:c1:38:97,2,1,1,0,128,311,942,760,727,887,964,834,139,196,350,9,173,839,63,176,560,988,1019,353,887,706,38,746,19,198,362,133,240,349,40,904,633,60,108,95,101,77,90,59,61,88,83,76,49,59,55,100,62,89,73,63,65,39,60,46,55,80,55,52,47,53,80,83,80
[ 61.388128] wil6210-aoa$0,1606461660.449728,04:d6:aa:c1:38:97,2,1,1,0,128,236,923,727,763,903,1002,427,388,189,374,81,213,805,43,142,561,947,1023,412,951,754,39,691,1016,674,150,589,7,373,36,343,95,54,103,93,98,72,81,55,56,79,76,69,43,52,50,85,53,81,64,56,57,34,48,39,46,68,42,42,37,40,64,66,63
[ 61.421950] wil6210-aoa$0,1606461660.483544,04:d6:aa:c1:38:97,2,1,1,0,128,213,906,225,567,954,1018,389,405,211,413,58,239,815,75,208,581,913,972,402,914,682,1014,743,1015,207,347,152,254,334,51,608,300,54,107,97,102,76,86,55,59,83,78,68,41,51,50,88,55,79,66,57,59,34,49,38,46,69,43,40,36,40,62,65,59
[ 61.459475] wil6210-aoa$0,1606461660.521076,04:d6:aa:c1:38:97,2,1,1,0,128,290,955,762,777,374,791,476,436,160,363,54,226,778,50,160,583,929,968,401,968,717,52,790,86,221,427,125,294,386,85,15,698,53,102,91,96,71,82,54,54,81,77,70,45,50,50,88,55,80,67,58,59,34,49,39,47,69,44,42,37,43,67,66,60
[ 61.501798] wil6210-aoa$0,1606461660.563399,04:d6:aa:c1:38:97,2,1,1,0,128,279,946,868,830,951,1001,381,379,145,354,39,180,860,33,164,556,903,928,337,882,749,34,738,52,646,159,647,55,384,29,47,781,56,103,92,97,75,85,57,56,84,79,68,45,52,51,93,57,84,69,59,61,36,53,42,50,74,49,48,41,46,73,75,71
[ 61.533519] wil6210-aoa$0,1606461660.595112,04:d6:aa:c1:38:97,2,1,1,0,128,300,954,764,774,907,981,381,367,207,354,1011,151,809,51,169,519,886,946,369,920,801,87,708,30,122,335,43,218,396,88,875,599,59,106,98,101,78,87,58,58,86,81,74,46,56,55,98,61,85,69,62,63,39,55,44,53,77,52,49,44,50,76,82,76
[ 61.573414] wil6210-aoa$0,1606461660.635008,04:d6:aa:c1:38:97,2,1,1,0,128,258,937,776,765,934,1011,437,407,624,177,502,1006,904,81,227,601,370,801,395,923,809,101,769,29,321,466,133,250,350,77,857,596,52,99,91,98,72,81,55,58,76,77,68,45,51,48,91,57,80,66,57,59,34,50,40,48,70,44,43,38,43,68,69,65
[ 61.613861] wil6210-aoa$0,1606461660.675456,04:d6:aa:c1:38:97,2,1,1,0,128,252,901,270,587,963,1006,860,175,261,435,56,212,815,61,208,578,900,918,314,912,748,49,115,812,213,363,95,229,359,36,238,998,58,108,97,101,77,89,59,60,88,79,73,47,55,54,97,60,83,68,61,63,38,53,43,51,77,51,49,44,51,78,78,75
[ 61.653788] wil6210-aoa$0,1606461660.715382,04:d6:aa:c1:38:97,2,1,1,0,128,797,758,798,785,319,777,879,184,580,132,453,1010,856,60,136,521,405,794,384,896,757,33,731,1008,636,164,570,39,862,874,462,159,55,109,98,103,74,85,59,58,86,82,71,47,56,54,96,60,86,71,62,62,39,55,43,53,77,50,49,42,51,78,79,77
[ 61.693939] wil6210-aoa$0,1606461660.755534,04:d6:aa:c1:38:97,2,1,1,0,128,314,937,758,751,5,1023,413,375,212,407,57,210,873,78,245,604,888,963,320,876,218,891,701,18,177,360,134,227,367,21,565,345,55,103,93,97,74,81,54,58,80,76,70,43,54,50,91,57,83,68,58,60,35,50,40,49,72,45,45,38,43,69,70,66
[ 61.733864] wil6210-aoa$0,1606461660.795458,04:d6:aa:c1:38:97,2,1,1,0,128,320,955,772,742,908,966,474,445,126,366,39,183,850,31,185,560,885,957,326,889,717,10,746,52,284,407,557,6,398,68,623,424,55,102,93,99,75,85,56,56,83,77,69,45,52,50,88,54,82,67,58,59,35,50,40,48,69,43,44,34,41,68,66,60
[ 61.770209] wil6210-aoa$0,1606461660.831808,04:d6:aa:c1:38:97,2,1,1,0,128,326,948,780,793,950,995,453,417,572,116,149,239,793,42,209,583,882,948,401,937,683,993,705,1019,269,380,83,202,354,1012,793,573,54,103,94,100,74,85,55,58,82,77,69,44,54,49,91,59,83,69,60,59,38,51,42,49,73,48,45,39,47,74,73,66
[ 61.805722] wil6210-aoa$0,1606461660.867323,04:d6:aa:c1:38:97,2,1,1,0,128,258,908,824,791,929,1001,499,444,214,440,41,218,847,62,202,539,926,958,815,666,214,862,138,821,626,131,621,46,372,15,431,213,55,101,97,100,75,86,59,58,85,78,71,44,56,52,94,58,84,68,60,62,36,54,42,49,75,48,47,40,47,70,74,69
[ 61.841901] wil6210-aoa$0,1606461660.903495,04:d6:aa:c1:38:97,2,1,1,0,128,316,952,760,774,361,822,370,402,182,366,44,182,260,851,700,433,335,769,848,750,748,65,657,995,261,405,74,184,819,888,370,254,57,106,92,98,72,86,55,55,81,75,70,42,52,50,89,56,82,66,58,59,34,51,40,48,70,45,45,38,44,69,70,66
[ 61.877116] wil6210-aoa$0,1606461660.938715,04:d6:aa:c1:38:97,2,1,1,0,128,350,966,810,784,954,1005,427,421,180,364,48,197,874,76,84,504,974,992,342,902,667,5,687,995,686,166,618,50,422,72,851,649,60,106,99,105,79,89,61,60,87,82,76,48,57,54,98,63,90,71,64,64,40,56,44,56,78,53,50,42,52,80,80,76
[ 61.907663] wil6210-aoa$0,1606461660.969262,04:d6:aa:c1:38:97,2,1,1,0,128,322,920,800,768,913,971,469,410,201,388,103,221,864,86,146,543,925,951,444,943,788,86,657,1022,228,382,157,284,306,1022,976,695,58,102,93,98,74,86,58,58,83,80,72,47,57,54,95,57,85,68,61,62,39,56,45,53,78,51,50,46,54,77,81,79
[ 61.943309] wil6210-aoa$0,1606461661.004900,04:d6:aa:c1:38:97,2,1,1,0,128,691,678,225,557,894,983,442,415,140,353,44,164,316,909,285,647,919,983,289,829,703,14,684,30,165,331,98,214,379,82,921,770,58,108,97,103,77,90,60,61,88,83,74,47,58,54,96,60,87,69,63,62,39,54,45,53,77,50,47,42,49,75,78,72
[ 61.974529] wil6210-aoa$0,1606461661.036128,04:d6:aa:c1:38:97,2,1,1,0,128,347,979,778,772,942,14,377,390,625,173,22,218,847,36,209,598,914,1007,344,913,743,68,757,55,246,391,153,272,382,45,423,141,56,102,92,95,74,86,57,58,85,79,70,46,55,51,93,57,84,68,60,62,39,54,45,50,75,49,48,41,48,73,80,75
[ 62.011279] wil6210-aoa$0,1606461661.072875,04:d6:aa:c1:38:97,2,1,1,0,128,778,773,729,748,371,791,962,224,173,366,533,35,221,850,221,572,349,751,358,886,101,844,153,816,726,134,104,193,376,65,776,581,59,104,98,103,75,89,59,59,89,83,76,50,58,55,99,62,91,72,63,65,41,58,45,57,80,53,52,45,54,81,84,81
[ 62.051115] wil6210-aoa$0,1606461661.112714,04:d6:aa:c1:38:97,2,1,1,0,128,275,954,816,824,958,13,463,382,197,422,22,195,825,81,263,579,896,958,379,920,745,29,724,996,687,160,528,10,333,26,751,479,56,103,93,97,76,85,53,53,84,78,69,44,54,50,91,57,81,66,60,61,36,51,42,48,69,45,46,38,45,68,71,65
[ 62.085391] wil6210-aoa$0,1606461661.146985,04:d6:aa:c1:38:97,2,1,1,0,128,272,862,259,586,393,846,871,213,569,142,49,169,796,28,198,607,939,1015,343,913,691,1002,726,18,192,411,76,213,373,51,38,796,58,107,98,106,77,88,59,59,85,83,74,46,59,56,97,61,88,71,62,65,40,57,45,56,80,52,50,44,49,78,83,74
[ 62.121669] wil6210-aoa$0,1606461661.183268,04:d6:aa:c1:38:97,2,1,1,0,128,752,704,824,807,952,998,469,432,126,353,528,22,324,885,223,569,963,1008,354,939,703,1001,118,828,706,176,115,238,807,789,48,889,57,108,96,101,76,87,59,57,85,81,74,45,53,53,94,57,85,70,62,62,38,54,43,53,75,49,49,44,48,74,78,70
[ 62.153479] wil6210-aoa$0,1606461661.215072,04:d6:aa:c1:38:97,2,1,1,0,128,294,935,212,583,1018,16,376,355,204,416,0,222,865,90,306,658,906,1014,414,916,738,30,694,7,233,399,136,275,342,28,304,91,57,100,93,98,74,87,57,58,82,78,72,47,53,52,93,58,85,68,60,61,37,54,42,50,77,49,48,44,50,74,79,74
[ 62.186923] wil6210-aoa$0,1606461661.248523,04:d6:aa:c1:38:97,2,1,1,0,128,207,842,326,618,947,984,460,393,200,380,122,242,885,71,280,625,921,933,443,939,760,32,737,4,227,357,530,997,376,51,828,568,54,102,91,99,74,84,55,60,82,78,73,46,53,53,92,58,82,69,58,62,38,53,42,51,73,48,46,41,47,73,76,68
[ 62.218121] wil6210-aoa$0,1606461661.279721,04:d6:aa:c1:38:97,2,1,1,0,128,729,726,220,590,375,821,928,253,164,402,98,205,843,76,226,564,905,970,358,895,173,791,210,819,730,202,134,244,386,64,232,68,56,105,93,99,75,83,55,58,85,78,72,44,55,51,93,58,85,69,59,61,38,51,43,51,76,48,47,41,47,71,72,68
[ 62.253916] wil6210-aoa$0,1606461661.315516,04:d6:aa:c1:38:97,2,1,1,0,128,253,886,773,762,936,993,485,418,167,362,75,207,822,41,146,529,885,931,395,923,675,6,651,1001,730,216,89,205,390,47,345,147,56,102,96,99,73,87,58,57,85,80,74,48,57,53,98,60,87,69,62,64,39,55,45,54,78,52,51,45,52,76,81,78
[ 62.287344] wil6210-aoa$0,1606461661.348939,04:d6:aa:c1:38:97,2,1,1,0,128,306,928,810,769,964,1016,407,410,170,399,38,168,832,45,170,581,914,949,335,879,141,819,138,817,727,164,129,251,375,65,383,32,58,103,92,98,74,86,59,56,83,78,72,47,55,54,96,59,85,68,62,62,39,56,44,55,76,52,48,43,52,75,79,75
[ 62.324722] wil6210-aoa$0,1606461661.386320,04:d6:aa:c1:38:97,2,1,1,0,128,234,919,177,618,902,1005,380,373,144,392,19,198,802,21,583,389,321,729,421,911,723,32,689,71,199,381,120,219,392,54,373,193,55,97,89,95,71,84,56,55,83,79,70,47,56,52,95,59,85,67,59,62,37,54,44,54,78,51,49,45,52,78,78,73
[ 62.361199] wil6210-aoa$0,1606461661.422794,04:d6:aa:c1:38:97,2,1,1,0,128,308,916,832,778,959,1014,394,424,170,400,52,188,859,40,150,555,921,944,338,878,739,16,728,43,255,412,68,181,379,43,928,711,56,101,95,99,75,86,57,57,84,78,72,48,56,51,95,60,84,68,61,61,38,54,44,52,77,51,49,44,49,74,79,73
[ 62.400703] wil6210-aoa$0,1606461661.462301,04:d6:aa:c1:38:97,2,1,1,0,128,317,945,830,823,873,992,333,348,139,371,61,206,840,84,191,583,885,977,410,941,775,91,723,50,237,413,29,197,417,71,495,283,56,103,93,98,75,83,58,57,84,82,71,45,54,54,95,60,87,71,62,63,37,55,43,53,79,52,49,43,49,77,79,74
[ 62.431300] wil6210-aoa$0,1606461661.492902,04:d6:aa:c1:38:97,2,1,1,0,128,300,951,755,736,919,992,340,382,597,180,1009,188,853,76,241,616,957,997,304,888,719,61,717,56,248,430,83,200,420,83,724,351,57,100,92,99,73,85,57,57,84,79,72,46,55,52,97,59,85,67,61,62,37,53,44,54,77,53,50,43,51,77,81,75
[ 62.461750] wil6210-aoa$0,1606461661.523349,04:d6:aa:c1:38:97,2,1,1,0,128,241,868,778,760,888,967,935,259,154,374,56,193,782,5,189,533,403,755,833,703,165,833,730,20,241,364,129,238,330,6,91,910,57,102,93,98,72,86,58,57,86,79,72,48,57,55,99,61,85,68,60,64,39,56,45,53,77,51,50,44,53,76,83,78
[ 62.492086] wil6210-aoa$0,1606461661.553685,04:d6:aa:c1:38:97,2,1,1,0,128,265,943,837,830,957,994,492,432,250,457,50,212,843,80,186,583,870,941,413,927,788,34,763,27,245,376,178,265,398,50,596,307,54,104,89,98,73,85,53,55,81,76,67,43,50,49,86,54,79,63,54,57,34,48,40,45,68,41,42,36,41,66,68,61
[ 62.522491] wil6210-aoa$0,1606461661.584089,04:d6:aa:c1:38:97,2,1,1,0,128,765,751,783,781,373,833,839,186,214,432,65,201,840,53,252,593,948,983,372,914,171,866,702,1009,678,210,97,207,348,33,487,228,55,99,92,96,74,86,58,57,83,79,71,48,56,53,98,61,85,69,58,62,38,56,44,55,78,52,50,44,51,78,81,78
[ 62.552857] wil6210-aoa$0,1606461661.614459,04:d6:aa:c1:38:97,2,1,1,0,128,701,697,210,567,449,855,885,180,188,362,512,3,860,102,181,589,882,927,377,899,155,810,161,838,649,135,624,47,295,1009,82,849,54,103,90,98,75,85,56,56,85,77,72,47,55,54,96,59,84,68,60,62,39,55,45,55,74,50,49,43,51,76,80,75
[ 62.588188] wil6210-aoa$0,1606461661.649781,04:d6:aa:c1:38:97,2,1,1,0,128,756,701,279,584,969,994,420,403,158,362,81,205,319,886,197,584,910,964,407,928,699,14,758,45,228,357,100,223,414,25,969,830,57,105,94,101,76,86,57,58,85,79,72,47,56,53,95,60,85,68,61,61,38,54,43,52,76,51,46,42,50,75,78,72
[ 62.623575] wil6210-aoa$0,1606461661.685176,04:d6:aa:c1:38:97,2,1,1,0,128,825,782,827,822,934,1004,867,175,261,435,48,191,889,57,611,344,392,794,848,691,794,45,698,33,226,389,55,175,426,64,728,528,59,105,96,102,77,89,58,59,86,83,75,49,57,54,98,61,88,71,61,61,39,57,46,55,79,54,51,44,53,78,80,75
[ 62.654771] wil6210-aoa$0,1606461661.716372,04:d6:aa:c1:38:97,2,1,1,0,128,307,927,751,771,971,11,476,388,165,414,1,151,851,62,230,626,894,967,367,937,688,16,754,26,197,338,91,222,326,13,611,321,56,101,91,95,74,86,59,56,83,78,72,47,57,53,96,59,84,68,59,62,39,55,45,54,75,51,48,42,51,75,80,74
[ 62.689644] wil6210-aoa$0,1606461661.751232,04:d6:aa:c1:38:97,2,1,1,0,128,295,935,744,765,920,974,474,419,228,375,57,162,827,42,210,577,883,922,399,904,649,987,776,31,152,378,110,220,361,41,838,571,58,107,95,101,77,88,57,58,86,81,71,47,55,53,94,59,86,70,61,61,38,56,44,50,74,49,48,41,48,75,75,73
[ 62.719942] wil6210-aoa$0,1606461661.781540,04:d6:aa:c1:38:97,2,1,1,0,128,355,948,809,787,890,964,436,410,220,413,57,191,840,45,156,526,910,961,386,963,758,87,678,1008,203,382,91,215,367,20,40,841,56,103,94,99,76,86,56,57,86,78,72,46,55,53,94,57,84,69,58,61,38,54,43,53,75,48,48,42,49,75,77,72
[ 62.756002] wil6210-aoa$0,1606461661.817600,04:d6:aa:c1:38:97,2,1,1,0,128,321,946,818,854,898,1003,415,439,164,439,74,237,812,51,186,608,913,993,367,925,750,46,737,1023,162,339,627,103,402,69,73,832,58,102,91,98,74,86,57,55,83,76,71,48,57,54,97,60,87,67,61,64,40,57,45,55,77,52,51,45,53,79,83,80
[ 62.790292] wil6210-aoa$0,1606461661.851886,04:d6:aa:c1:38:97,2,1,1,0,128,286,914,860,821,1004,41,375,401,232,387,151,251,828,72,203,568,884,943,395,920,750,78,702,12,231,409,150,255,380,64,192,862,56,102,91,95,72,83,55,55,84,78,72,45,53,51,95,58,84,67,58,61,35,52,42,52,75,47,46,42,49,75,73,70
[ 62.821231] wil6210-aoa$0,1606461661.882829,04:d6:aa:c1:38:97,2,1,1,0,128,293,916,787,750,419,827,449,428,199,373,18,150,892,96,77,519,899,913,381,884,776,21,767,45,169,320,98,165,374,21,147,857,54,100,90,97,73,82,54,56,83,77,69,45,52,50,92,57,83,69,59,61,38,52,42,50,74,49,47,42,47,75,77,70
[ 62.856469] wil6210-aoa$0,1606461661.918059,04:d6:aa:c1:38:97,2,1,1,0,128,249,914,765,743,879,930,950,201,635,160,564,39,830,32,204,623,957,978,396,915,739,29,754,8,151,346,146,216,391,68,69,793,60,113,100,105,75,88,58,59,90,85,73,46,57,52,98,58,88,71,62,61,38,53,45,49,74,45,45,37,45,71,71,66
[ 62.890093] wil6210-aoa$0,1606461661.951687,04:d6:aa:c1:38:97,2,1,1,0,128,262,904,753,764,443,846,393,358,254,440,999,141,795,21,192,572,822,927,866,701,215,908,693,2,148,330,127,216,387,34,888,595,53,105,91,99,71,80,53,56,81,76,71,44,51,51,91,57,80,64,58,58,35,49,40,47,69,43,44,37,45,68,70,64
[ 62.930251] wil6210-aoa$0,1606461661.991845,04:d6:aa:c1:38:97,2,1,1,0,128,254,923,733,712,973,978,914,184,146,352,66,216,819,41,179,600,931,986,382,901,698,2,748,51,204,325,148,264,370,66,263,940,55,103,91,98,73,85,54,54,82,79,71,46,54,52,96,59,83,69,59,61,36,52,41,52,76,47,46,42,47,73,74,69
[ 62.970640] wil6210-aoa$0,1606461662.032233,04:d6:aa:c1:38:97,2,1,1,0,128,257,905,811,822,980,5,423,429,204,384,26,173,833,75,108,511,984,1006,359,888,754,7,741,53,226,407,133,229,362,44,683,446,56,103,91,96,72,83,55,56,82,78,73,44,51,49,91,60,81,65,59,59,36,52,43,49,75,49,45,40,47,74,78,72
[ 63.010444] wil6210-aoa$0,1606461662.072038,04:d6:aa:c1:38:97,2,1,1,0,128,773,722,779,776,941,1006,419,405,149,373,571,5,830,17,631,339,386,792,367,896,722,28,771,44,248,396,105,224,295,1019,635,433,54,101,90,97,69,80,53,55,79,73,66,41,50,47,87,54,78,63,55,58,34,49,37,46,68,42,43,36,43,65,64,62
[ 63.050642] wil6210-aoa$0,1606461662.112238,04:d6:aa:c1:38:97,2,1,1,0,128,330,946,755,753,990,1,433,431,197,424,49,229,831,102,248,640,834,898,375,884,753,35,737,42,219,362,83,223,366,71,596,262,54,101,93,97,74,82,55,57,82,79,71,44,55,52,92,57,84,65,60,60,37,53,42,51,73,49,45,41,48,71,75,71
[ 63.093133] wil6210-aoa$0,1606461662.154726,04:d6:aa:c1:38:97,2,1,1,0,128,292,895,811,808,400,821,927,262,209,385,40,225,815,28,217,550,968,984,406,948,678,4,729,1018,202,298,568,993,835,857,629,268,52,104,93,100,73,86,57,56,83,79,70,42,52,51,91,57,81,65,58,58,36,50,41,47,71,43,42,36,42,65,67,62
[ 63.141095] wil6210-aoa$0,1606461662.202693,04:d6:aa:c1:38:97,2,1,1,0,128,310,951,800,820,915,999,379,408,190,325,67,168,302,879,251,635,887,904,333,867,754,48,714,69,163,350,97,207,351,28,788,648,53,103,93,101,76,86,56,55,86,81,73,48,55,53,94,59,86,70,59,62,38,56,44,55,77,51,50,44,52,78,78,76
[ 63.179856] wil6210-aoa$0,1606461662.241449,04:d6:aa:c1:38:97,2,1,1,0,128,337,979,746,753,963,1018,394,381,650,179,598,27,320,865,721,429,848,891,887,707,754,33,748,47,197,376,577,25,806,852,960,760,55,103,92,98,74,83,57,55,82,77,72,45,53,51,94,58,85,68,58,63,37,55,42,52,77,48,47,42,50,75,74,70
[ 63.217175] wil6210-aoa$0,1606461662.278773,04:d6:aa:c1:38:97,2,1,1,0,128,750,739,779,775,928,1010,365,340,205,382,957,140,331,915,221,585,887,973,359,901,746,42,153,833,682,192,77,240,374,12,267,93,49,88,80,83,66,75,49,51,71,68,62,39,48,45,80,51,72,59,52,51,32,46,38,43,65,43,39,36,41,62,66,61
[ 63.253969] wil6210-aoa$0,1606461662.315563,04:d6:aa:c1:38:97,2,1,1,0,128,330,921,791,763,417,854,480,421,613,152,40,182,830,20,227,587,873,921,422,901,776,44,767,31,728,210,179,269,364,26,607,373,56,108,93,99,75,87,57,58,86,78,72,46,54,53,94,58,84,68,59,62,36,54,42,50,71,47,46,39,47,74,73,67
[ 63.293960] wil6210-aoa$0,1606461662.355555,04:d6:aa:c1:38:97,2,1,1,0,128,271,929,259,570,403,845,347,386,194,397,29,196,859,73,199,589,906,995,429,924,737,61,733,13,275,416,161,278,349,19,830,536,53,105,94,97,72,84,54,56,80,77,70,44,50,52,89,54,82,66,57,58,35,51,39,49,71,45,44,37,45,72,68,66
[ 63.334199] wil6210-aoa$0,1606461662.395795,04:d6:aa:c1:38:97,2,1,1,0,128,254,915,722,731,950,1011,400,373,624,154,488,977,295,850,695,390,932,988,397,917,818,112,700,7,201,334,66,197,384,46,42,904,56,107,96,103,76,86,59,60,84,81,74,47,56,55,98,62,87,72,62,63,37,57,45,53,79,51,50,43,50,76,79,73
[ 63.373956] wil6210-aoa$0,1606461662.435552,04:d6:aa:c1:38:97,2,1,1,0,128,738,730,785,780,903,982,433,396,656,162,519,983,321,894,710,414,955,968,345,888,188,891,718,1021,190,337,533,1010,378,1003,527,281,49,91,83,86,64,72,47,50,74,67,60,38,46,45,79,50,71,59,51,53,32,46,35,43,63,41,40,34,40,61,63,59
[ 63.410933] wil6210-aoa$0,1606461662.472534,04:d6:aa:c1:38:97,2,1,1,0,128,248,881,810,759,356,792,454,434,161,389,102,253,802,42,240,621,917,996,322,874,706,45,730,1016,225,409,568,44,439,68,645,383,54,104,91,99,71,81,54,56,80,77,69,45,54,50,90,56,83,67,59,59,38,52,43,49,71,48,47,39,47,72,75,71
[ 63.447337] wil6210-aoa$0,1606461662.508938,04:d6:aa:c1:38:97,2,1,1,0,128,274,962,780,781,947,982,397,392,126,339,137,264,313,894,252,617,926,967,393,929,684,980,755,32,166,318,153,248,407,45,164,863,48,90,80,87,65,74,50,50,73,70,60,39,48,45,81,50,73,60,52,53,32,47,35,44,64,43,41,36,42,63,64,63
[ 63.482873] wil6210-aoa$0,1606461662.544467,04:d6:aa:c1:38:97,2,1,1,0,128,261,930,792,787,962,1016,391,423,183,379,1008,131,815,11,148,542,910,986,375,886,168,872,700,5,269,386,121,227,435,40,286,0,56,102,92,99,74,85,57,57,83,76,70,45,53,49,93,57,84,67,60,61,36,52,42,49,72,48,46,38,47,71,70,68
[ 63.518166] wil6210-aoa$0,1606461662.579764,04:d6:aa:c1:38:97,2,1,1,0,128,281,922,789,794,940,1005,894,188,131,341,82,196,261,881,185,517,969,984,342,867,753,40,754,31,190,343,567,38,314,27,2,842,56,105,94,100,77,87,57,56,88,80,72,48,56,53,97,59,85,67,62,62,37,53,44,55,77,50,49,42,51,74,76,72
[ 63.554684] wil6210-aoa$0,1606461662.616285,04:d6:aa:c1:38:97,2,1,1,0,128,307,955,709,737,369,788,883,240,245,389,87,201,805,7,192,560,941,980,346,915,696,27,712,988,185,362,591,42,331,21,716,445,55,105,95,103,72,86,57,58,83,79,71,45,55,53,91,56,83,69,60,62,38,53,44,51,75,50,47,42,47,72,76,71
[ 63.585230] wil6210-aoa$0,1606461662.646828,04:d6:aa:c1:38:97,2,1,1,0,128,262,947,780,807,889,985,405,431,149,358,1015,195,272,877,256,641,895,944,340,878,800,49,686,1015,201,371,103,203,843,843,931,718,53,102,93,98,71,84,55,56,84,78,69,45,53,52,91,58,85,66,58,62,37,53,41,53,74,47,46,42,49,75,76,73
[ 63.618171] wil6210-aoa$0,1606461662.679764,04:d6:aa:c1:38:97,2,1,1,0,128,295,942,758,801,899,990,440,398,198,350,28,219,790,9,233,597,894,923,404,908,798,78,747,13,191,348,65,198,368,30,333,58,57,104,95,100,77,88,58,59,87,81,74,46,55,54,99,58,87,69,61,62,37,53,44,51,74,49,48,41,47,75,77,70
[ 63.669331] wil6210-aoa$0,1606461662.730926,04:d6:aa:c1:38:97,2,1,1,0,128,311,923,812,774,874,1006,365,348,170,394,46,238,797,47,198,586,882,922,858,674,179,891,801,110,246,418,117,259,386,70,23,854,55,102,93,100,72,82,55,59,83,79,69,44,54,53,91,56,81,67,59,59,34,52,43,51,72,45,44,38,45,72,72,67
[ 63.709871] wil6210-aoa$0,1606461662.771464,04:d6:aa:c1:38:97,2,1,1,0,128,336,966,815,802,981,1012,381,332,171,327,538,32,866,72,143,532,965,961,451,933,776,76,709,1020,204,339,145,255,396,45,441,122,55,103,92,97,71,83,52,55,82,74,68,43,51,52,87,54,80,66,56,59,34,49,37,47,67,43,40,37,42,66,64,58
[ 63.745406] wil6210-aoa$0,1606461662.807005,04:d6:aa:c1:38:97,2,1,1,0,128,227,885,202,542,416,833,823,133,664,171,514,9,302,924,211,591,354,739,811,674,201,881,217,824,732,165,147,212,308,1001,787,590,55,102,95,99,76,86,55,58,84,79,73,45,54,54,95,58,85,68,61,61,38,55,44,55,77,51,50,44,51,77,80,73
[ 63.781792] wil6210-aoa$0,1606461662.843391,04:d6:aa:c1:38:97,2,1,1,0,128,280,920,198,583,355,788,890,208,630,173,585,7,272,834,694,369,338,794,861,759,207,895,748,41,209,332,149,268,365,55,962,658,50,103,92,97,69,77,50,52,78,72,67,37,47,44,80,50,72,60,52,55,30,43,33,41,65,37,37,32,36,60,56,51
[ 63.812188] wil6210-aoa$0,1606461662.873786,04:d6:aa:c1:38:97,2,1,1,0,128,732,780,228,605,949,976,425,402,158,344,36,191,874,48,129,530,341,761,380,936,713,1,737,38,682,185,78,202,385,75,969,710,52,102,91,96,72,81,54,58,81,78,68,41,53,51,91,54,80,66,56,58,33,51,37,46,70,46,42,39,45,68,67,65
[ 63.842298] wil6210-aoa$0,1606461662.903896,04:d6:aa:c1:38:97,2,1,1,0,128,272,887,761,757,965,1016,353,391,642,137,538,23,285,902,647,381,369,752,897,752,736,15,782,22,224,356,107,243,316,998,763,517,54,102,90,94,70,83,55,56,80,75,68,43,51,51,90,55,82,67,56,57,34,51,42,50,70,46,45,40,46,69,72,66
[ 63.873433] wil6210-aoa$0,1606461662.935031,04:d6:aa:c1:38:97,2,1,1,0,128,247,915,737,746,927,972,830,165,241,388,71,199,864,11,176,556,389,751,383,919,668,18,716,1017,217,396,173,238,364,31,533,262,55,103,93,98,73,84,56,58,82,77,72,46,51,51,93,56,85,67,60,59,35,53,42,50,76,48,48,41,47,73,75,71
[ 63.913278] wil6210-aoa$0,1606461662.974875,04:d6:aa:c1:38:97,2,1,1,0,128,268,902,789,796,964,18,392,397,761,215,0,176,280,849,610,360,915,987,334,889,729,1001,771,1019,288,395,116,238,374,2,180,910,58,103,92,99,77,87,56,58,83,78,71,47,55,51,94,58,83,67,61,61,37,55,43,52,75,50,49,42,50,75,79,74
[ 63.953361] wil6210-aoa$0,1606461663.014956,04:d6:aa:c1:38:97,2,1,1,0,128,717,689,241,567,957,18,382,372,168,369,77,217,796,39,255,612,948,973,402,927,777,31,685,19,235,422,99,255,350,35,888,527,54,101,91,97,72,81,54,57,81,77,70,43,52,49,91,55,82,67,59,58,35,50,41,48,71,45,45,39,46,70,72,67
[ 63.989962] wil6210-aoa$0,1606461663.051561,04:d6:aa:c1:38:97,2,1,1,0,128,304,970,758,735,976,7,420,363,163,397,45,183,787,9,201,533,890,983,386,904,703,12,195,878,276,425,125,231,402,33,451,206,56,100,92,98,73,85,54,56,83,81,71,46,56,53,94,57,84,69,58,61,37,55,41,52,75,48,46,40,49,73,74,67
[ 64.025511] wil6210-aoa$0,1606461663.087110,04:d6:aa:c1:38:97,2,1,1,0,128,282,926,752,799,979,20,362,372,161,346,58,160,859,65,178,565,922,951,356,900,744,48,690,13,231,385,132,229,405,16,505,232,55,104,93,99,74,85,58,58,82,80,73,47,55,55,95,57,85,68,61,64,37,54,42,52,75,49,48,42,50,75,77,73
[ 64.061563] wil6210-aoa$0,1606461663.123158,04:d6:aa:c1:38:97,2,1,1,0,128,268,903,205,572,401,835,889,237,686,195,82,246,792,55,225,643,917,951,408,942,712,990,215,879,218,352,554,1018,859,858,699,574,56,104,94,100,74,85,57,59,85,79,73,46,54,53,94,59,84,68,61,60,38,51,42,51,74,49,46,38,46,74,76,69
[ 64.096998] wil6210-aoa$0,1606461663.158598,04:d6:aa:c1:38:97,2,1,1,0,128,229,906,752,763,943,997,412,364,199,381,49,195,267,839,180,585,326,729,841,722,201,880,758,28,203,335,142,234,358,34,699,417,56,101,96,101,74,85,58,60,83,79,73,48,57,54,97,61,87,72,62,63,36,56,45,54,78,51,49,43,52,77,80,72
[ 64.129838] wil6210-aoa$0,1606461663.191434,04:d6:aa:c1:38:97,2,1,1,0,128,262,906,750,729,346,791,378,355,175,374,64,195,834,52,171,582,958,976,383,914,758,76,181,907,217,385,582,60,402,70,1013,782,56,100,93,98,73,85,58,56,83,78,72,47,53,52,93,59,85,68,59,61,37,53,44,53,74,51,48,42,50,75,80,75
[ 64.169049] wil6210-aoa$0,1606461663.230647,04:d6:aa:c1:38:97,2,1,1,0,128,286,949,812,772,940,1000,499,463,124,327,106,263,803,61,199,564,953,1006,382,910,724,26,758,0,725,186,157,290,345,21,0,774,54,102,92,95,70,80,52,54,80,73,66,39,51,49,84,55,78,63,56,56,33,46,37,45,68,41,42,34,41,66,67,60
[ 64.203045] wil6210-aoa$0,1606461663.264640,04:d6:aa:c1:38:97,2,1,1,0,128,264,924,808,782,349,769,937,231,594,163,69,184,293,918,193,587,935,936,880,721,127,822,172,874,654,172,559,1023,835,827,188,972,55,105,91,98,72,84,55,57,83,78,68,43,52,50,90,55,78,65,56,57,36,49,40,47,69,43,43,37,42,66,70,65
[ 64.243296] wil6210-aoa$0,1606461663.304891,04:d6:aa:c1:38:97,2,1,1,0,128,327,929,837,797,909,987,399,423,108,349,64,226,813,58,143,499,906,951,358,899,755,31,723,38,202,350,595,39,345,9,623,364,52,99,94,96,69,79,55,55,79,77,67,40,53,49,89,55,81,68,54,56,35,47,38,47,67,40,40,36,40,66,66,62
[ 64.280135] wil6210-aoa$0,1606461663.341734,04:d6:aa:c1:38:97,2,1,1,0,128,306,961,790,752,971,16,370,388,619,148,142,251,880,60,251,612,875,954,406,935,737,48,727,27,679,139,145,250,374,37,532,279,53,102,93,98,73,83,54,57,82,77,71,44,53,50,94,57,85,66,57,59,36,49,40,51,76,47,43,38,46,71,71,66
[ 64.316619] wil6210-aoa$0,1606461663.378217,04:d6:aa:c1:38:97,2,1,1,0,128,286,929,747,739,932,1000,438,428,130,336,11,177,812,1020,648,354,879,924,359,925,716,7,735,34,247,385,113,228,367,49,685,399,55,99,92,98,76,86,55,56,81,80,71,47,56,53,97,58,86,66,61,61,38,55,46,55,76,52,48,43,51,77,83,79
[ 64.353138] wil6210-aoa$0,1606461663.414732,04:d6:aa:c1:38:97,2,1,1,0,128,324,933,182,533,911,1005,397,401,206,410,27,176,326,921,188,583,911,939,388,910,753,29,770,39,214,393,131,256,326,0,367,130,52,100,92,97,72,81,54,57,83,76,70,44,51,50,90,54,80,65,57,59,35,48,40,46,69,43,42,37,45,68,70,65
[ 64.387171] wil6210-aoa$0,1606461663.448770,04:d6:aa:c1:38:97,2,1,1,0,128,282,925,781,774,954,1009,502,481,151,343,33,179,812,47,183,570,939,956,406,924,769,50,755,72,229,358,121,209,346,38,960,707,53,102,89,96,71,82,52,53,81,76,68,43,51,51,91,55,79,65,57,58,35,48,41,46,71,46,45,38,45,70,73,67
[ 64.423904] wil6210-aoa$0,1606461663.485503,04:d6:aa:c1:38:97,2,1,1,0,128,763,725,236,590,976,25,393,399,110,368,80,230,798,18,219,559,872,943,371,902,769,83,707,46,217,377,112,224,328,23,242,37,52,101,93,98,71,82,54,57,81,75,68,41,51,50,88,56,81,66,55,58,36,50,39,50,71,44,45,39,42,65,65,62
[ 64.453831] wil6210-aoa$0,1606461663.515430,04:d6:aa:c1:38:97,2,1,1,0,128,331,931,834,779,966,1008,378,335,231,402,62,200,839,61,179,582,853,914,371,894,716,1020,693,39,188,369,119,267,360,20,957,671,56,104,92,98,76,87,58,59,86,82,74,48,56,55,99,60,87,68,62,64,39,56,44,55,78,53,51,44,52,78,82,75
[ 64.486474] wil6210-aoa$0,1606461663.548068,04:d6:aa:c1:38:97,2,1,1,0,128,287,957,799,798,898,972,454,402,223,378,4,154,276,892,613,326,386,791,414,877,725,1005,808,42,222,382,95,206,318,2,848,744,58,103,93,98,75,87,59,57,85,81,72,49,58,56,99,61,86,68,60,62,38,57,46,56,78,53,52,45,53,79,82,78
[ 64.528835] wil6210-aoa$0,1606461663.590434,04:d6:aa:c1:38:97,2,1,1,0,128,321,948,708,733,329,758,415,385,162,364,61,179,791,31,281,602,954,981,348,904,695,59,627,990,202,339,81,193,433,73,443,130,55,100,90,95,74,86,56,55,80,76,69,44,53,51,93,56,80,66,58,60,36,51,42,50,74,47,46,40,45,70,72,67
[ 64.564410] wil6210-aoa$0,1606461663.626009,04:d6:aa:c1:38:97,2,1,1,0,128,261,913,770,760,886,966,883,202,613,169,30,212,285,865,162,612,355,765,337,882,731,1017,734,41,203,355,93,214,376,39,414,177,53,102,91,97,70,82,55,55,82,78,69,42,53,50,89,54,83,67,59,58,35,51,42,49,72,45,45,39,46,69,70,67
[ 64.598574] wil6210-aoa$0,1606461663.660168,04:d6:aa:c1:38:97,2,1,1,0,128,283,889,760,748,347,743,859,192,218,384,530,9,787,37,140,525,346,749,886,725,719,1011,186,856,695,179,567,1009,832,857,76,879,52,100,92,95,70,80,51,56,80,75,67,41,50,50,88,54,80,65,55,56,35,50,40,48,70,44,43,38,43,71,69,63
[ 64.635139] wil6210-aoa$0,1606461663.696737,04:d6:aa:c1:38:97,2,1,1,0,128,331,954,144,528,947,20,392,427,170,400,41,214,751,23,151,548,298,770,843,697,187,874,183,862,702,171,588,20,856,911,871,663,55,101,90,98,73,82,54,55,83,75,71,43,53,49,93,58,81,66,57,59,35,53,41,49,72,47,45,38,45,69,74,70
[ 64.671063] wil6210-aoa$0,1606461663.732662,04:d6:aa:c1:38:97,2,1,1,0,128,317,937,787,814,925,961,906,229,178,394,2,185,815,30,149,549,893,934,407,923,718,10,763,22,200,335,584,30,837,897,380,121,55,100,91,98,71,82,55,55,83,77,70,46,52,50,94,57,85,68,59,61,36,53,41,50,77,50,49,40,49,72,75,71
[ 64.705538] wil6210-aoa$0,1606461663.767132,04:d6:aa:c1:38:97,2,1,1,0,128,316,945,776,761,973,8,341,362,188,379,40,203,907,107,134,533,974,968,341,850,788,1014,741,9,168,360,128,224,345,2,550,288,51,97,93,94,70,81,51,55,79,74,66,42,49,49,86,52,78,62,54,55,33,49,40,47,64,41,39,35,40,64,63,59
[ 64.741484] wil6210-aoa$0,1606461663.803081,04:d6:aa:c1:38:97,2,1,1,0,128,748,708,750,791,897,982,848,203,142,371,3,177,780,1016,155,504,875,916,880,702,201,877,190,863,750,256,575,42,406,38,244,64,53,100,89,95,71,81,53,56,80,74,68,41,50,49,88,55,79,65,56,56,34,49,39,46,70,43,41,36,42,66,66,60
[ 64.771792] wil6210-aoa$0,1606461663.833390,04:d6:aa:c1:38:97,2,1,1,0,128,316,970,751,765,908,1003,403,394,135,374,13,156,824,30,629,359,931,963,371,857,211,884,796,82,189,343,155,257,337,36,861,616,53,101,92,96,70,81,54,57,81,77,71,45,55,53,94,58,82,67,59,60,39,53,43,52,73,50,47,42,49,74,79,72
[ 64.802164] wil6210-aoa$0,1606461663.863765,04:d6:aa:c1:38:97,2,1,1,0,128,257,899,793,789,917,987,845,191,179,399,114,260,809,54,620,372,965,990,385,901,692,1001,666,1013,172,343,128,239,375,31,615,352,51,99,91,94,67,80,52,54,81,76,69,44,52,50,90,56,80,65,56,58,35,50,40,47,71,45,45,39,43,68,67,65
[ 64.833616] wil6210-aoa$0,1606461663.895217,04:d6:aa:c1:38:97,2,1,1,0,128,282,915,759,768,954,6,412,433,170,419,93,239,862,72,236,597,950,948,792,654,709,18,717,13,206,383,100,232,339,43,428,159,53,97,86,92,70,82,55,53,79,74,69,45,52,50,89,55,83,63,55,59,37,52,41,49,71,49,46,41,47,74,75,71
[ 64.863611] wil6210-aoa$0,1606461663.925210,04:d6:aa:c1:38:97,2,1,1,0,128,807,773,778,777,859,940,408,391,198,429,2,212,812,62,177,609,889,939,389,913,170,843,138,801,760,172,623,59,351,39,1022,750,53,97,90,96,71,82,55,56,81,76,68,44,54,49,89,58,83,65,58,59,36,54,40,49,72,48,44,40,46,72,72,67
[ 64.893974] wil6210-aoa$0,1606461663.955572,04:d6:aa:c1:38:97,2,1,1,0,128,328,936,728,732,331,808,417,428,98,311,21,152,755,997,681,333,336,753,806,671,121,834,119,805,633,91,120,236,385,52,494,243,53,105,90,96,71,81,54,55,78,74,68,40,48,48,85,53,78,64,55,55,32,44,36,43,62,38,39,32,35,60,57,54
[ 64.938388] wil6210-aoa$0,1606461663.999984,04:d6:aa:c1:38:97,2,1,1,0,128,263,864,807,776,922,962,442,435,108,337,68,206,853,55,174,552,849,973,455,973,769,64,673,1006,196,357,112,196,359,16,449,277,58,102,95,102,75,87,57,58,85,80,71,46,58,53,96,58,85,70,62,60,39,54,45,52,76,50,48,42,50,75,81,74
[ 64.973874] wil6210-aoa$0,1606461664.035472,04:d6:aa:c1:38:97,2,1,1,0,128,300,961,822,798,932,986,421,366,130,341,11,198,804,27,672,427,931,931,874,725,166,879,187,869,239,372,599,44,380,27,215,76,55,99,90,99,72,83,57,58,82,79,71,45,52,50,91,57,81,66,58,59,36,53,42,49,72,47,45,40,48,71,73,67
[ 65.004579] wil6210-aoa$0,1606461664.066177,04:d6:aa:c1:38:97,2,1,1,0,128,782,753,801,766,413,806,896,184,191,373,518,14,243,827,600,373,881,928,812,697,189,827,204,813,706,142,603,39,376,1022,796,635,54,99,90,96,71,83,57,56,81,78,69,45,55,49,91,57,83,67,58,59,34,53,41,50,74,46,47,40,47,72,74,69
[ 65.040729] wil6210-aoa$0,1606461664.102323,04:d6:aa:c1:38:97,2,1,1,0,128,814,762,778,787,894,969,878,210,162,354,20,166,882,62,167,550,903,948,387,899,699,992,198,816,215,350,510,1010,869,850,630,474,52,100,91,96,69,78,51,54,78,72,67,40,50,48,85,53,77,64,54,56,32,47,36,46,68,43,43,34,41,66,65,59
[ 65.076168] wil6210-aoa$0,1606461664.137769,04:d6:aa:c1:38:97,2,1,1,0,128,341,943,230,603,909,983,485,451,218,429,79,227,841,66,182,543,888,957,379,908,784,80,760,50,244,409,85,184,400,87,582,375,53,100,89,98,70,82,53,55,80,76,68,42,54,49,91,57,81,66,56,59,36,50,42,49,73,44,45,40,47,71,70,66
[ 65.112655] wil6210-aoa$0,1606461664.174252,04:d6:aa:c1:38:97,2,1,1,0,128,286,903,732,752,961,1017,364,396,156,346,93,238,835,24,186,573,928,963,398,904,708,13,729,1022,244,366,65,152,372,45,772,534,51,101,91,97,71,81,53,55,79,74,68,40,50,47,87,52,78,65,55,57,32,48,40,47,68,42,43,35,41,64,66,57
[ 65.148388] wil6210-aoa$0,1606461664.209989,04:d6:aa:c1:38:97,2,1,1,0,128,275,866,865,800,918,977,452,399,167,386,86,242,850,76,174,563,901,971,367,863,769,56,740,44,265,408,143,270,377,75,350,267,50,101,89,93,72,80,50,52,78,73,66,41,52,49,86,54,79,65,56,54,33,49,39,47,69,43,40,35,44,64,66,61
[ 65.182867] wil6210-aoa$0,1606461664.244460,04:d6:aa:c1:38:97,2,1,1,0,128,261,927,821,792,1009,54,403,411,172,386,71,262,837,81,210,596,913,942,346,919,667,8,735,6,193,361,523,1005,395,64,994,817,56,97,91,96,71,83,55,53,81,78,70,47,56,51,94,59,84,68,59,61,36,55,45,54,75,52,48,44,50,75,81,78
[ 65.218871] wil6210-aoa$0,1606461664.280469,04:d6:aa:c1:38:97,2,1,1,0,128,276,931,807,823,952,1010,830,181,196,362,147,216,823,12,183,527,897,921,421,945,700,14,753,48,159,335,96,210,332,5,674,460,53,99,90,98,71,83,50,56,81,75,70,43,52,50,89,56,78,66,54,56,35,48,39,48,70,44,43,37,43,65,67,61
[ 65.261775] wil6210-aoa$0,1606461664.323374,04:d6:aa:c1:38:97,2,1,1,0,128,236,922,782,812,827,932,408,400,143,344,102,269,852,85,255,615,908,933,413,909,765,72,722,6,265,370,81,247,340,28,619,383,55,101,93,98,72,82,57,56,82,77,70,45,52,50,92,55,81,66,57,60,37,50,42,51,72,46,46,40,45,71,73,68
[ 65.292195] wil6210-aoa$0,1606461664.353793,04:d6:aa:c1:38:97,2,1,1,0,128,288,912,829,793,861,979,419,399,148,364,514,1005,344,894,640,372,871,964,345,910,681,1012,720,16,219,330,101,217,375,69,453,193,57,104,91,96,75,84,56,57,83,78,70,42,53,50,93,57,82,68,57,61,34,51,41,50,73,47,44,41,47,70,73,68
[ 65.323540] wil6210-aoa$0,1606461664.385139,04:d6:aa:c1:38:97,2,1,1,0,128,755,721,281,621,926,973,434,418,208,369,69,239,888,79,213,610,959,998,385,946,659,1007,714,22,196,386,121,240,816,844,673,402,57,102,90,99,75,88,58,55,84,81,73,49,57,54,98,59,88,71,60,63,40,58,47,56,78,52,51,45,53,78,85,79
[ 65.363414] wil6210-aoa$0,1606461664.425008,04:d6:aa:c1:38:97,2,1,1,0,128,311,898,782,740,965,1023,396,354,140,329,85,198,776,35,216,612,276,728,804,692,165,840,760,15,215,363,111,277,462,72,782,457,58,104,94,99,77,87,58,56,87,82,74,48,55,52,97,60,85,68,60,63,38,54,44,52,76,49,48,44,50,74,77,75
[ 65.400886] wil6210-aoa$0,1606461664.462485,04:d6:aa:c1:38:97,2,1,1,0,128,323,954,758,748,991,21,900,190,181,372,92,201,880,69,157,572,969,961,401,880,789,63,721,15,172,314,122,237,354,40,892,615,56,108,98,104,76,85,56,60,86,81,73,48,58,55,95,60,88,70,62,64,38,56,43,55,76,49,49,42,47,73,76,73
[ 65.436647] wil6210-aoa$0,1606461664.498248,04:d6:aa:c1:38:97,2,1,1,0,128,267,934,789,801,1003,1011,418,398,154,386,87,215,761,42,239,616,900,959,419,946,788,64,769,22,228,395,118,211,440,56,988,675,53,98,89,97,70,81,54,53,84,78,69,44,52,52,91,58,82,66,59,60,38,51,43,50,71,48,46,41,48,72,74,70
[ 65.471281] wil6210-aoa$0,1606461664.532875,04:d6:aa:c1:38:97,2,1,1,0,128,249,963,770,775,1005,1020,458,446,195,429,79,263,823,71,253,629,888,938,390,878,762,41,761,52,201,349,107,227,306,1,1020,778,52,99,91,99,70,79,51,54,80,73,68,40,50,48,89,55,78,64,56,55,33,47,39,46,70,41,42,35,42,65,67,60
[ 65.507533] wil6210-aoa$0,1606461664.569131,04:d6:aa:c1:38:97,2,1,1,0,128,295,912,775,773,934,978,479,423,232,426,49,196,896,102,196,613,952,986,394,930,692,12,705,4,255,403,124,214,386,36,51,799,56,101,90,97,73,80,54,57,81,77,70,44,53,52,92,58,81,66,59,60,35,51,42,50,75,48,45,41,48,73,77,72
[ 65.551408] wil6210-aoa$0,1606461664.613007,04:d6:aa:c1:38:97,2,1,1,0,128,314,920,256,540,913,964,373,407,74,311,77,229,844,50,211,593,908,965,431,952,688,994,185,878,222,362,593,40,888,902,927,729,56,100,93,98,73,83,54,57,83,76,69,45,54,53,95,59,83,68,58,60,37,54,44,53,76,52,48,43,50,75,79,74
[ 65.582239] wil6210-aoa$0,1606461664.643838,04:d6:aa:c1:38:97,2,1,1,0,128,820,756,801,778,919,971,959,228,186,370,107,233,826,67,198,566,845,914,885,731,742,13,732,1020,725,147,610,39,387,16,640,396,54,102,92,97,73,84,55,53,82,76,68,45,55,51,91,57,84,69,58,61,37,53,43,52,72,50,48,42,50,77,77,72
[ 65.612935] wil6210-aoa$0,1606461664.674534,04:d6:aa:c1:38:97,2,1,1,0,128,270,925,814,796,884,942,386,404,175,387,70,205,854,56,111,545,940,976,344,880,771,89,698,5,683,179,205,248,331,3,636,418,52,104,91,96,72,86,55,57,83,78,71,45,57,53,94,56,84,67,59,60,37,52,43,51,74,50,46,43,49,75,79,74
[ 65.642998] wil6210-aoa$0,1606461664.704597,04:d6:aa:c1:38:97,2,1,1,0,128,244,912,806,807,933,1009,434,385,143,364,80,208,853,34,266,623,885,925,359,900,695,56,119,787,710,201,151,236,397,57,929,677,54,99,90,96,70,82,56,54,81,78,68,45,53,50,90,56,82,65,58,59,36,52,40,47,71,47,45,38,45,72,74,68
[ 65.673478] wil6210-aoa$0,1606461664.735076,04:d6:aa:c1:38:97,2,1,1,0,128,356,969,729,713,959,975,453,362,188,403,73,154,336,909,724,402,937,965,340,889,709,3,751,74,266,412,120,282,361,11,267,992,57,101,93,100,74,86,56,56,85,80,72,47,55,53,92,59,86,68,62,62,37,55,43,52,74,48,46,42,50,75,82,73
[ 65.703877] wil6210-aoa$0,1606461664.765478,04:d6:aa:c1:38:97,2,1,1,0,128,823,762,721,740,368,828,892,208,624,162,56,205,866,55,196,519,927,924,456,931,741,11,200,899,185,330,87,232,340,39,226,108,56,103,94,99,74,85,56,59,83,77,71,45,51,51,93,60,84,68,58,59,38,52,42,51,74,49,47,40,47,73,74,67
[ 65.735804] wil6210-aoa$0,1606461664.797398,04:d6:aa:c1:38:97,2,1,1,0,128,315,974,802,828,1008,30,460,444,192,414,58,219,787,42,231,624,976,989,453,954,778,73,729,14,245,391,88,179,444,80,249,35,56,103,95,101,75,87,57,57,83,79,72,45,55,54,94,56,85,67,59,61,38,51,42,51,74,50,46,42,49,74,78,72
[ 65.774288] wil6210-aoa$0,1606461664.835889,04:d6:aa:c1:38:97,2,1,1,0,128,284,920,257,608,392,755,892,175,174,359,79,220,815,10,224,542,855,915,318,880,230,908,761,28,176,349,558,27,873,901,648,420,53,102,90,95,72,84,54,56,80,76,68,43,52,51,91,57,82,66,59,60,34,51,42,51,71,47,46,39,46,73,73,70
[ 65.809968] wil6210-aoa$0,1606461664.871566,04:d6:aa:c1:38:97,2,1,1,0,128,784,713,825,796,988,1006,452,426,147,341,67,231,770,22,254,601,862,940,366,898,735,36,687,1010,212,365,170,239,381,34,272,933,58,101,91,96,73,84,57,56,84,80,73,48,56,56,98,58,87,68,60,61,40,56,45,54,76,50,50,43,53,78,83,75
[ 65.840544] wil6210-aoa$0,1606461664.902142,04:d6:aa:c1:38:97,2,1,1,0,128,242,865,803,808,966,16,469,448,95,387,103,190,811,1013,171,531,899,931,383,863,692,15,701,1019,170,331,127,228,302,1001,785,615,53,102,92,98,74,85,54,56,82,76,69,44,54,50,91,56,84,68,60,59,37,51,44,49,72,49,46,42,47,74,77,72
[ 65.877275] wil6210-aoa$0,1606461664.938874,04:d6:aa:c1:38:97,2,1,1,0,128,381,995,814,807,944,18,390,437,198,429,50,203,836,58,164,580,876,901,381,867,773,12,751,1017,207,338,123,230,861,854,695,509,54,102,91,95,73,83,56,56,82,78,70,43,54,50,92,58,82,68,58,60,38,55,41,51,73,50,48,44,49,76,79,75
[ 65.912765] wil6210-aoa$0,1606461664.974359,04:d6:aa:c1:38:97,2,1,1,0,128,252,923,778,760,902,963,901,208,624,134,121,244,269,881,235,623,929,929,356,944,738,36,650,1013,753,262,126,260,419,54,894,679,56,101,91,96,73,84,53,55,81,75,70,44,52,51,91,54,81,65,58,59,36,50,42,50,71,44,43,38,43,68,71,67
[ 65.948104] wil6210-aoa$0,1606461665.009701,04:d6:aa:c1:38:97,2,1,1,0,128,315,980,756,778,903,983,437,380,691,226,24,181,852,74,161,584,849,937,391,924,706,11,160,837,691,170,553,14,394,36,794,562,53,103,90,94,69,80,53,55,80,74,69,43,50,50,88,54,80,65,57,56,34,51,39,47,69,46,42,37,42,69,66,62
[ 65.984557] wil6210-aoa$0,1606461665.046155,04:d6:aa:c1:38:97,2,1,1,0,128,256,897,793,756,932,973,900,198,656,194,506,1023,808,47,651,373,934,977,367,944,706,15,733,31,622,131,558,33,853,867,822,700,52,103,90,93,71,80,54,56,81,75,69,41,52,51,92,56,80,65,58,60,37,52,41,51,72,46,45,38,46,73,72,69
[ 66.014959] wil6210-aoa$0,1606461665.076555,04:d6:aa:c1:38:97,2,1,1,0,128,342,947,808,851,865,980,449,389,158,359,77,193,846,46,245,611,917,966,406,927,762,73,737,20,244,388,153,241,328,37,308,60,55,97,88,94,73,82,56,56,80,76,71,46,52,50,93,54,81,64,59,60,36,51,41,49,73,47,46,39,47,71,73,68
[ 66.046769] wil6210-aoa$0,1606461665.108363,04:d6:aa:c1:38:97,2,1,1,0,128,237,893,765,732,899,971,402,401,644,177,558,1020,310,885,643,360,429,777,373,941,754,36,761,58,229,344,604,42,346,13,111,937,54,102,89,93,71,82,55,55,80,76,68,44,53,50,92,57,83,68,59,62,38,54,42,50,74,49,47,40,49,75,79,72
[ 66.085286] wil6210-aoa$0,1606461665.146885,04:d6:aa:c1:38:97,2,1,1,0,128,233,893,795,798,970,1021,425,392,198,389,66,195,814,54,217,584,874,957,371,919,738,68,748,31,199,388,46,247,311,28,453,224,56,104,95,99,74,85,58,59,84,79,73,47,53,52,96,59,86,68,59,62,37,53,44,52,78,49,50,44,49,78,77,75
[ 66.121233] wil6210-aoa$0,1606461665.182826,04:d6:aa:c1:38:97,2,1,1,0,128,271,955,761,747,374,809,883,175,635,209,563,61,829,80,185,617,934,966,393,873,160,829,762,19,235,376,117,213,427,82,325,972,56,107,94,99,75,88,53,57,85,78,72,44,56,52,94,58,85,68,61,61,38,55,43,52,76,48,47,42,49,74,75,73
[ 66.155739] wil6210-aoa$0,1606461665.217337,04:d6:aa:c1:38:97,2,1,1,0,128,228,905,783,759,906,992,431,392,651,191,15,147,786,10,677,385,935,979,362,878,692,24,737,46,195,333,87,205,828,878,529,277,59,103,96,103,74,87,58,58,85,80,73,46,55,53,95,59,86,72,62,63,36,56,44,54,74,51,46,45,50,74,79,74
[ 66.192262] wil6210-aoa$0,1606461665.253863,04:d6:aa:c1:38:97,2,1,1,0,128,209,858,806,772,905,9,436,397,150,368,56,196,880,87,171,586,926,1001,408,919,703,6,732,47,705,194,98,198,316,6,696,439,55,102,89,95,73,84,56,57,82,77,71,46,54,53,97,57,85,68,60,61,37,53,42,51,75,49,47,41,48,72,77,70
[ 66.222545] wil6210-aoa$0,1606461665.284146,04:d6:aa:c1:38:97,2,1,1,0,128,776,724,745,723,428,820,861,176,228,359,112,217,837,28,169,545,338,736,789,690,131,830,677,1015,237,405,121,219,413,73,976,725,54,100,88,95,70,82,55,54,79,74,67,41,50,50,89,57,80,65,58,58,36,51,41,48,71,46,44,38,44,69,70,68
[ 66.253392] wil6210-aoa$0,1606461665.314990,04:d6:aa:c1:38:97,2,1,1,0,128,757,736,810,771,993,9,457,419,163,364,81,196,895,91,250,606,920,891,352,886,157,856,179,821,215,362,117,182,381,61,256,935,51,99,86,96,68,78,51,53,80,74,65,40,48,48,83,51,75,61,54,54,31,45,36,43,67,39,39,33,40,62,64,56
[ 66.289168] wil6210-aoa$0,1606461665.350762,04:d6:aa:c1:38:97,2,1,1,0,128,249,874,809,801,875,964,382,408,109,305,19,188,812,32,141,535,945,950,382,941,715,50,739,83,179,353,142,232,359,62,660,428,52,102,91,96,71,81,55,56,85,78,71,45,53,52,93,58,84,67,60,62,36,55,42,52,76,50,48,41,49,75,78,70
[ 66.324365] wil6210-aoa$0,1606461665.385966,04:d6:aa:c1:38:97,2,1,1,0,128,266,905,223,540,960,1001,869,242,186,395,21,174,824,64,202,562,929,968,353,923,729,0,692,2,171,314,126,262,365,46,653,417,54,100,90,96,71,83,54,54,81,75,71,43,51,50,90,53,80,64,58,56,35,48,40,47,68,43,43,37,43,68,73,66
[ 66.355081] wil6210-aoa$0,1606461665.416682,04:d6:aa:c1:38:97,2,1,1,0,128,775,739,875,837,949,1001,353,359,142,378,52,213,229,839,696,390,915,972,366,889,739,73,703,27,238,342,166,249,381,22,205,985,55,101,88,93,73,85,54,57,83,77,69,45,53,52,95,55,84,67,59,61,37,52,43,51,74,51,48,44,48,74,79,73
[ 66.390543] wil6210-aoa$0,1606461665.452136,04:d6:aa:c1:38:97,2,1,1,0,128,284,985,771,830,907,2,418,442,247,460,74,188,848,45,199,561,913,945,326,877,724,14,711,1009,189,346,140,232,360,20,677,424,52,100,91,93,71,82,55,56,79,74,69,42,51,50,89,55,78,64,56,56,33,48,39,47,68,42,42,36,41,63,69,62
[ 66.420917] wil6210-aoa$0,1606461665.482518,04:d6:aa:c1:38:97,2,1,1,0,128,264,907,749,752,325,800,914,214,621,194,77,172,827,41,203,548,372,782,327,890,735,44,725,10,680,182,551,1005,363,25,855,675,53,99,91,95,71,80,53,54,80,75,68,42,53,48,90,56,80,66,56,59,35,51,40,49,72,45,43,38,46,70,68,65
[ 66.456592] wil6210-aoa$0,1606461665.518193,04:d6:aa:c1:38:97,2,1,1,0,128,344,951,805,829,948,1003,419,407,255,439,75,217,820,53,170,601,905,953,380,919,740,18,701,3,224,412,81,203,439,79,539,273,56,97,91,97,72,83,55,55,81,76,69,46,53,51,93,61,83,66,57,60,37,54,44,52,74,48,46,41,48,72,78,71
[ 66.490672] wil6210-aoa$0,1606461665.552268,04:d6:aa:c1:38:97,2,1,1,0,128,255,909,797,816,916,981,411,430,210,415,81,196,818,56,257,614,943,1010,307,913,708,43,795,53,288,422,192,292,419,69,186,994,57,105,93,99,75,84,56,58,83,78,71,43,53,52,93,57,83,67,57,62,37,53,42,50,74,49,48,43,49,74,77,74
[ 66.521170] wil6210-aoa$0,1606461665.582769,04:d6:aa:c1:38:97,2,1,1,0,128,338,944,777,801,943,1020,435,448,170,377,95,250,873,78,220,600,973,1001,453,995,706,29,780,61,179,331,151,256,344,57,476,149,56,104,92,97,76,87,58,57,83,80,72,48,56,53,97,60,87,69,59,62,38,56,46,55,77,52,50,46,53,78,82,79
[ 66.557380] wil6210-aoa$0,1606461665.618979,04:d6:aa:c1:38:97,2,1,1,0,128,327,953,764,742,965,18,394,379,131,342,71,218,760,3,663,366,392,775,324,888,723,26,714,25,667,150,610,19,819,871,429,232,56,106,93,99,76,85,55,56,82,77,71,45,57,51,94,57,83,67,58,60,37,51,43,51,75,47,48,40,47,71,74,70
[ 66.591011] wil6210-aoa$0,1606461665.652604,04:d6:aa:c1:38:97,2,1,1,0,128,822,758,808,777,950,971,425,401,195,388,15,177,825,41,202,596,916,953,385,927,730,21,702,7,222,385,61,200,375,42,498,253,54,100,94,100,73,83,55,55,82,77,70,42,53,52,92,58,81,67,60,59,38,55,41,51,76,51,48,43,49,74,76,72
[ 66.622298] wil6210-aoa$0,1606461665.683897,04:d6:aa:c1:38:97,2,1,1,0,128,745,691,264,589,423,803,902,219,151,356,18,172,805,1016,266,582,890,934,378,897,719,1008,790,36,199,370,67,205,337,995,329,122,55,101,91,97,70,81,53,54,82,75,70,43,51,49,90,57,79,64,58,57,36,50,40,49,70,45,44,38,46,69,70,68
[ 66.654272] wil6210-aoa$0,1606461665.715869,04:d6:aa:c1:38:97,2,1,1,0,128,801,727,254,588,962,1017,445,397,150,366,37,214,773,42,237,620,935,970,819,676,224,872,155,811,673,145,598,1022,871,889,826,659,53,101,91,97,73,84,52,55,81,73,68,45,51,50,90,56,81,66,56,59,36,54,41,49,74,49,48,40,48,73,76,70
[ 66.690907] wil6210-aoa$0,1606461665.752507,04:d6:aa:c1:38:97,2,1,1,0,128,299,949,791,810,1021,4,387,388,134,331,65,231,818,67,216,540,385,807,433,932,795,105,701,2,695,195,97,248,446,98,862,610,55,98,89,97,70,81,55,56,80,76,68,44,55,52,92,58,84,66,59,61,37,56,44,55,74,52,49,45,50,76,81,75
[ 66.726782] wil6210-aoa$0,1606461665.788381,04:d6:aa:c1:38:97,2,1,1,0,128,311,965,778,801,891,14,390,445,594,189,510,1017,853,78,221,616,892,918,403,917,731,27,767,27,198,311,223,272,355,18,632,310,55,98,93,97,72,84,57,55,82,78,71,45,55,52,95,58,84,68,60,60,38,56,45,56,74,53,49,44,50,77,83,76
[ 66.762609] wil6210-aoa$0,1606461665.824210,04:d6:aa:c1:38:97,2,1,1,0,128,309,943,740,722,922,5,347,347,170,396,999,141,862,99,127,547,891,955,839,714,727,79,742,67,169,379,506,2,895,886,168,992,54,102,90,97,73,82,57,55,82,79,70,46,51,51,96,59,83,67,59,61,37,54,43,53,76,52,47,43,50,74,80,75
[ 66.792808] wil6210-aoa$0,1606461665.854409,04:d6:aa:c1:38:97,2,1,1,0,128,749,704,229,535,958,997,892,162,670,175,529,22,278,861,144,537,253,699,827,703,125,823,198,880,620,166,558,29,845,890,475,306,53,100,91,94,71,82,54,56,79,74,69,42,53,50,90,58,82,65,57,59,38,52,41,50,74,48,47,41,46,73,76,73
[ 66.823808] wil6210-aoa$0,1606461665.885403,04:d6:aa:c1:38:97,2,1,1,0,128,210,908,731,713,372,811,438,415,137,352,11,188,821,58,653,357,385,792,359,863,180,842,180,858,632,117,635,62,374,29,859,633,52,98,90,97,69,81,53,55,80,74,66,42,51,50,87,54,77,64,58,58,33,46,39,46,68,43,41,34,41,64,64,56
[ 66.864059] wil6210-aoa$0,1606461665.925652,04:d6:aa:c1:38:97,2,1,1,0,128,256,913,807,787,972,1005,383,372,173,383,2,174,239,890,153,535,961,949,368,934,763,82,777,84,251,396,160,260,347,41,422,96,53,100,93,96,70,81,53,55,79,75,68,42,51,49,91,57,77,66,59,58,36,53,42,49,73,48,45,39,45,70,73,68
[ 66.904430] wil6210-aoa$0,1606461665.966025,04:d6:aa:c1:38:97,2,1,1,0,128,281,940,738,742,408,834,907,222,607,186,31,198,860,93,143,517,883,929,861,686,158,835,219,858,237,364,560,1019,387,31,128,782,53,103,92,99,75,84,53,56,84,75,71,44,51,49,91,56,80,66,56,57,34,49,37,46,69,41,40,33,42,62,67,62
[ 66.956259] wil6210-aoa$0,1606461666.017860,04:d6:aa:c1:38:97,2,1,1,0,128,316,965,778,774,913,998,395,379,122,317,578,53,759,20,187,583,903,976,363,906,707,32,730,22,238,376,96,202,389,64,996,760,55,104,95,99,77,88,59,58,86,82,73,49,55,53,98,61,89,72,60,62,39,57,45,54,77,51,50,46,52,77,81,77
[ 66.991944] wil6210-aoa$0,1606461666.053539,04:d6:aa:c1:38:97,2,1,1,0,128,271,940,808,801,938,1001,465,462,214,436,20,211,810,28,221,565,901,937,362,883,154,819,174,881,715,172,159,269,509,135,73,774,53,103,90,94,71,81,54,56,81,75,69,43,51,51,90,55,84,67,58,59,37,52,42,50,72,46,46,40,46,70,72,67
[ 67.027209] wil6210-aoa$0,1606461666.088809,04:d6:aa:c1:38:97,2,1,1,0,128,285,944,770,760,1006,25,833,206,190,397,23,178,833,56,214,569,908,938,407,926,669,22,701,39,645,153,145,257,329,34,688,482,53,102,91,96,72,80,52,54,77,74,65,40,50,47,83,52,78,66,55,56,30,46,36,43,66,39,39,33,39,62,61,57
[ 67.058510] wil6210-aoa$0,1606461666.120112,04:d6:aa:c1:38:97,2,1,1,0,128,282,897,869,832,975,1015,444,434,282,468,72,209,899,57,227,586,905,956,386,937,739,28,710,13,182,364,175,256,380,52,413,97,57,100,92,99,72,84,57,56,82,78,71,47,57,52,95,60,84,66,61,61,38,54,46,53,78,52,48,45,51,76,81,77
[ 67.093574] wil6210-aoa$0,1606461666.155166,04:d6:aa:c1:38:97,2,1,1,0,128,289,916,783,792,947,998,435,473,120,349,16,175,782,34,176,585,938,1014,333,863,689,25,157,847,686,197,552,1018,801,837,320,207,53,102,91,97,73,85,54,55,82,77,70,44,54,52,94,56,83,67,59,62,37,52,43,50,75,49,45,40,48,73,76,71
[ 67.127194] wil6210-aoa$0,1606461666.188789,04:d6:aa:c1:38:97,2,1,1,0,128,755,716,839,779,930,992,360,367,149,372,10,201,840,88,199,581,893,919,402,962,720,32,724,12,226,351,149,243,417,57,966,753,56,101,88,94,73,81,53,54,82,79,72,48,55,51,94,59,85,68,61,62,38,56,45,54,76,52,50,44,52,77,83,76
[ 67.159875] wil6210-aoa$0,1606461666.221446,04:d6:aa:c1:38:97,2,1,1,0,128,260,948,787,833,905,978,869,212,612,189,65,198,832,56,207,606,920,959,359,917,689,3,188,853,703,153,550,13,859,875,174,931,52,99,90,95,70,82,54,56,78,74,67,42,52,49,90,56,80,65,58,57,34,48,40,47,71,43,43,37,43,67,67,60
[ 67.206645] wil6210-aoa$0,1606461666.268246,04:d6:aa:c1:38:97,2,1,1,0,128,324,937,739,739,410,823,460,430,175,350,6,177,878,23,155,546,395,793,393,873,110,839,116,815,739,243,81,213,344,46,464,199,54,100,89,94,73,82,54,55,80,77,69,42,53,49,91,53,81,66,57,59,33,52,41,50,69,45,44,40,44,70,71,67
[ 67.243212] wil6210-aoa$0,1606461666.304807,04:d6:aa:c1:38:97,2,1,1,0,128,795,717,281,554,357,761,899,167,608,125,560,1011,233,848,697,414,332,782,860,694,143,870,125,802,253,351,519,998,784,815,781,736,52,99,94,97,73,83,54,55,82,76,71,44,53,51,92,56,82,66,60,58,37,52,41,52,74,48,46,42,49,75,77,70
[ 67.283330] wil6210-aoa$0,1606461666.344926,04:d6:aa:c1:38:97,2,1,1,0,128,233,864,218,534,932,1017,424,415,187,385,55,209,878,83,185,598,998,1023,403,945,758,76,742,20,224,375,62,216,838,863,20,744,54,98,90,97,70,80,55,56,81,79,67,45,53,52,93,59,83,68,58,62,36,54,43,51,75,50,47,42,49,73,78,71
[ 67.323119] wil6210-aoa$0,1606461666.384710,04:d6:aa:c1:38:97,2,1,1,0,128,272,897,792,770,931,948,427,409,169,336,68,198,824,30,200,623,894,952,403,909,721,11,720,31,139,327,126,255,344,1020,486,196,57,101,93,97,74,85,58,56,83,79,73,47,57,54,99,60,89,69,61,65,39,56,45,56,78,52,49,44,53,80,82,76
[ 67.358314] wil6210-aoa$0,1606461666.419913,04:d6:aa:c1:38:97,2,1,1,0,128,250,908,796,796,940,1013,453,406,185,339,86,179,861,86,155,564,877,979,386,883,744,51,683,1007,263,396,108,270,367,83,578,239,57,103,96,100,74,83,56,56,82,76,71,44,53,51,90,57,82,68,59,59,35,52,43,48,71,47,45,38,45,70,71,66
[ 67.395973] wil6210-aoa$0,1606461666.457575,04:d6:aa:c1:38:97,2,1,1,0,128,737,675,237,538,351,810,872,181,139,346,57,211,872,85,204,568,888,968,320,880,730,14,729,1004,238,407,77,228,400,95,711,504,57,103,94,101,76,88,58,59,86,81,72,47,58,54,96,63,85,69,62,63,39,56,44,54,75,52,49,45,52,77,85,79
[ 67.431735] wil6210-aoa$0,1606461666.493336,04:d6:aa:c1:38:97,2,1,1,0,128,748,747,801,780,921,5,440,415,188,405,37,199,303,905,237,600,914,938,399,891,774,74,724,1023,188,366,132,228,361,14,402,115,55,101,90,94,73,82,55,56,82,79,72,44,56,51,95,57,82,65,60,59,38,51,43,50,73,49,46,42,48,72,73,69
[ 67.462552] wil6210-aoa$0,1606461666.524150,04:d6:aa:c1:38:97,2,1,1,0,128,303,969,220,579,370,822,414,391,165,345,26,183,273,848,656,388,457,816,833,708,733,1023,711,22,631,122,628,40,388,29,543,352,54,99,92,97,72,83,54,56,81,75,70,45,53,48,93,57,80,66,56,59,34,50,42,49,71,45,43,40,44,69,69,66
[ 67.495536] wil6210-aoa$0,1606461666.557134,04:d6:aa:c1:38:97,2,1,1,0,128,259,937,774,750,892,1015,453,432,163,378,49,146,797,26,218,581,894,943,318,884,773,12,697,7,130,323,151,217,314,2,150,41,53,101,90,98,71,82,55,54,79,77,70,44,52,50,90,53,81,66,57,58,35,51,43,50,70,47,44,40,46,71,74,70
[ 67.529214] wil6210-aoa$0,1606461666.590807,04:d6:aa:c1:38:97,2,1,1,0,128,301,927,781,799,937,1002,440,373,650,206,510,2,834,40,194,601,903,935,364,868,175,847,688,1021,228,357,162,272,424,51,246,1014,56,102,90,97,71,82,55,57,81,76,72,44,52,51,92,58,83,67,57,58,36,53,42,49,73,48,46,39,48,73,74,70
[ 67.560074] wil6210-aoa$0,1606461666.621675,04:d6:aa:c1:38:97,2,1,1,0,128,321,905,813,776,968,1006,462,397,217,404,71,198,788,19,193,574,926,986,341,883,766,51,717,1022,196,365,81,261,317,30,113,867,53,100,92,95,71,81,55,55,79,76,68,45,52,50,93,55,84,66,57,61,36,52,40,51,73,46,45,39,46,70,72,67
[ 67.598662] wil6210-aoa$0,1606461666.660261,04:d6:aa:c1:38:97,2,1,1,0,128,359,967,750,750,952,1011,933,242,172,371,99,198,860,11,235,565,925,928,811,687,787,47,724,20,191,346,83,189,312,981,160,26,53,100,90,95,71,82,55,54,81,76,69,45,53,52,93,56,83,66,59,58,38,52,42,49,72,47,47,43,47,75,75,71
[ 67.633064] wil6210-aoa$0,1606461666.694659,04:d6:aa:c1:38:97,2,1,1,0,128,281,938,839,833,945,977,471,418,224,412,122,209,837,66,127,544,938,970,388,898,792,66,707,1020,237,405,118,222,376,33,88,750,56,100,88,93,73,85,53,55,83,78,72,49,54,53,95,59,85,65,60,61,36,55,45,52,75,52,51,45,53,76,81,79
[ 67.669268] wil6210-aoa$0,1606461666.730869,04:d6:aa:c1:38:97,2,1,1,0,128,271,929,760,780,352,824,868,199,608,133,500,0,799,18,150,532,889,968,389,939,760,84,739,49,258,372,122,293,404,58,300,984,55,98,90,95,71,81,55,55,81,77,70,46,53,53,95,58,82,67,58,59,38,55,42,51,72,50,47,42,50,76,77,72
[ 67.704031] wil6210-aoa$0,1606461666.765632,04:d6:aa:c1:38:97,2,1,1,0,128,317,944,818,805,916,992,871,168,642,162,552,25,811,15,690,415,855,925,395,923,672,16,707,1,679,143,139,271,380,84,307,41,54,98,93,96,72,83,53,55,81,75,67,42,52,51,93,57,82,66,58,58,36,52,42,51,72,47,44,41,46,73,74,68
[ 67.739711] wil6210-aoa$0,1606461666.801304,04:d6:aa:c1:38:97,2,1,1,0,128,684,708,812,788,340,771,855,179,120,356,530,1005,319,862,713,397,928,964,332,893,208,916,688,24,653,212,538,1019,823,877,161,14,57,103,91,99,75,85,56,58,82,76,70,43,52,51,91,58,83,66,58,60,36,52,41,52,72,47,45,39,45,73,74,69
[ 67.774639] wil6210-aoa$0,1606461666.836241,04:d6:aa:c1:38:97,2,1,1,0,128,263,904,780,764,445,905,454,465,152,342,73,162,870,65,210,587,989,957,402,912,722,0,688,1019,278,398,106,254,380,19,852,578,56,104,93,98,73,87,57,58,83,79,71,44,54,52,93,57,83,69,58,61,37,56,42,52,76,47,48,42,47,74,77,70
[ 67.805588] wil6210-aoa$0,1606461666.867188,04:d6:aa:c1:38:97,2,1,1,0,128,267,906,808,792,969,0,461,412,177,360,55,206,826,28,222,613,861,957,363,914,712,30,745,33,154,341,97,216,830,855,64,803,57,104,96,99,75,86,59,58,84,79,74,48,57,53,97,61,88,70,59,62,40,58,46,55,79,53,52,46,51,79,84,81
[ 67.840608] wil6210-aoa$0,1606461666.902199,04:d6:aa:c1:38:97,2,1,1,0,128,217,877,217,590,981,15,405,421,194,400,55,200,870,47,153,571,865,959,827,728,245,893,152,841,657,149,117,249,386,41,596,309,56,99,89,96,71,84,58,55,83,78,71,47,55,51,93,58,83,66,59,58,38,53,41,51,75,48,49,41,48,75,77,75
[ 67.871234] wil6210-aoa$0,1606461666.932832,04:d6:aa:c1:38:97,2,1,1,0,128,254,887,823,739,895,975,415,402,117,323,29,176,250,841,267,605,863,932,364,903,116,845,740,52,624,143,140,229,814,868,280,77,57,101,91,95,72,82,55,56,84,76,70,46,56,53,94,60,85,66,60,61,38,53,44,51,75,53,49,42,49,74,81,75
[ 67.906993] wil6210-aoa$0,1606461666.968592,04:d6:aa:c1:38:97,2,1,1,0,128,311,949,766,786,973,1015,389,369,116,336,479,935,277,846,689,343,851,928,327,907,764,57,723,62,166,374,106,261,362,61,492,164,52,100,89,96,71,82,52,55,83,77,68,43,51,50,89,56,82,66,56,57,34,51,39,47,73,48,44,39,46,70,68,64
[ 67.941998] wil6210-aoa$0,1606461667.003593,04:d6:aa:c1:38:97,2,1,1,0,128,210,902,789,802,957,29,386,434,177,391,37,223,893,55,136,531,888,966,419,935,710,10,762,33,244,358,176,270,383,69,396,80,51,99,89,95,69,81,52,55,79,74,66,41,51,49,87,53,79,64,54,55,33,49,38,48,68,43,42,33,42,64,63,58
[ 67.977807] wil6210-aoa$0,1606461667.039405,04:d6:aa:c1:38:97,2,1,1,0,128,278,921,831,800,952,1,426,408,116,315,72,200,809,39,672,365,380,744,884,741,795,72,742,34,273,376,124,234,387,60,18,767,57,99,89,96,72,84,57,54,82,77,70,47,56,52,96,58,84,67,60,61,37,53,43,51,72,48,49,42,48,73,79,71
[ 68.008246] wil6210-aoa$0,1606461667.069840,04:d6:aa:c1:38:97,2,1,1,0,128,264,890,777,769,6,33,431,393,182,343,138,215,808,29,198,569,971,1001,370,909,755,30,771,35,285,421,151,263,408,88,282,923,53,102,89,95,72,83,55,55,82,75,70,43,53,51,90,55,82,67,57,59,35,51,42,51,72,47,46,39,45,71,74,69
[ 68.048025] wil6210-aoa$0,1606461667.109619,04:d6:aa:c1:38:97,2,1,1,0,128,260,906,798,785,941,7,352,335,130,373,500,1019,873,91,191,594,943,1012,328,894,733,53,698,1021,266,376,100,248,385,14,139,976,54,100,90,95,72,82,55,54,81,75,71,45,52,50,93,57,81,66,59,58,37,51,43,50,74,48,46,40,46,73,71,67
[ 68.083590] wil6210-aoa$0,1606461667.145189,04:d6:aa:c1:38:97,2,1,1,0,128,247,888,784,774,889,1002,907,215,627,188,25,199,808,95,178,618,973,1003,389,966,733,28,735,1011,252,373,100,221,443,70,80,906,53,99,90,97,69,84,55,55,81,76,70,46,54,51,93,57,84,65,61,60,36,55,45,52,74,50,48,42,50,72,77,73
[ 68.114294] wil6210-aoa$0,1606461667.175896,04:d6:aa:c1:38:97,2,1,1,0,128,240,904,755,722,377,813,438,431,178,377,46,171,818,72,179,589,944,983,417,931,731,26,768,55,251,354,56,184,817,883,577,316,54,102,91,95,70,81,54,55,79,74,69,42,52,52,89,56,81,65,57,57,33,51,39,49,71,46,44,39,44,70,68,64
[ 68.150159] wil6210-aoa$0,1606461667.211756,04:d6:aa:c1:38:97,2,1,1,0,128,751,741,802,788,944,1006,362,388,138,342,38,207,855,46,142,519,952,939,875,728,722,26,654,969,232,340,98,208,387,33,409,251,55,103,95,99,76,86,57,56,84,79,72,46,55,53,98,59,87,68,61,63,39,55,46,54,77,51,51,44,51,77,80,76
[ 68.180503] wil6210-aoa$0,1606461667.242101,04:d6:aa:c1:38:97,2,1,1,0,128,201,855,747,738,354,777,962,215,624,178,104,244,802,24,646,393,984,1000,427,987,662,1017,749,31,178,384,98,203,297,1016,858,711,55,104,94,96,74,85,56,57,86,80,72,42,53,52,91,55,84,69,58,61,37,53,44,51,73,46,47,39,46,71,73,69
[ 68.217174] wil6210-aoa$0,1606461667.278772,04:d6:aa:c1:38:97,2,1,1,0,128,244,907,784,784,399,863,428,408,129,281,561,25,275,904,212,603,365,757,355,888,715,57,730,24,219,394,115,246,357,33,845,707,57,103,96,100,73,87,56,58,82,80,72,45,56,54,93,60,87,69,61,62,37,55,43,52,78,52,48,43,50,75,79,74
[ 68.252630] wil6210-aoa$0,1606461667.314220,04:d6:aa:c1:38:97,2,1,1,0,128,339,948,762,809,904,1011,433,400,104,324,500,1021,297,897,613,340,917,937,385,926,758,38,738,22,235,377,61,210,360,36,541,334,55,101,92,100,73,84,53,57,80,78,70,45,52,49,91,59,78,63,57,58,37,51,40,48,72,46,43,39,46,70,72,65
[ 68.283550] wil6210-aoa$0,1606461667.345151,04:d6:aa:c1:38:97,2,1,1,0,128,218,857,162,502,392,821,780,151,186,362,1023,154,249,864,162,547,305,721,863,732,174,864,728,1007,687,202,84,201,876,859,467,214,55,100,93,96,72,83,54,56,85,78,70,45,54,50,92,58,84,66,60,59,39,54,43,52,76,50,49,43,49,75,79,76
[ 68.315095] wil6210-aoa$0,1606461667.376692,04:d6:aa:c1:38:97,2,1,1,0,128,304,968,778,771,872,993,417,387,209,380,71,190,844,46,212,623,921,944,407,934,733,45,723,44,254,404,133,265,362,63,508,236,53,101,88,94,71,85,54,55,83,76,71,47,56,54,96,57,86,68,62,59,38,56,45,53,75,50,49,43,51,74,81,73
[ 68.351270] wil6210-aoa$0,1606461667.412870,04:d6:aa:c1:38:97,2,1,1,0,128,258,894,843,830,928,989,412,358,131,346,1002,144,265,845,187,565,902,964,341,852,733,24,167,860,210,330,88,229,348,48,359,130,53,99,89,93,70,80,53,55,80,71,67,41,49,48,87,54,79,62,54,56,33,47,38,47,70,43,43,37,43,67,66,62
[ 68.387120] wil6210-aoa$0,1606461667.448722,04:d6:aa:c1:38:97,2,1,1,0,128,322,954,847,800,914,994,458,442,191,364,565,18,806,23,261,639,948,980,358,892,220,872,791,39,181,338,61,195,835,871,592,432,51,99,92,95,70,80,55,54,79,74,70,46,51,52,94,58,82,66,58,59,38,52,40,52,75,49,48,42,49,73,78,72
[ 68.421413] wil6210-aoa$0,1606461667.483007,04:d6:aa:c1:38:97,2,1,1,0,128,289,954,797,807,993,6,419,418,173,355,59,203,293,889,210,600,982,969,376,899,737,35,776,38,182,355,128,234,347,20,78,913,53,98,88,94,69,80,55,56,80,75,66,41,50,48,89,54,79,66,56,58,34,50,41,49,73,45,45,40,46,69,73,66
[ 68.457268] wil6210-aoa$0,1606461667.518870,04:d6:aa:c1:38:97,2,1,1,0,128,290,927,709,751,350,790,357,334,181,349,1014,177,799,50,204,573,894,946,358,920,737,34,765,43,235,382,120,211,349,26,317,31,51,98,90,96,68,79,54,54,78,72,66,40,52,49,86,52,78,65,56,56,34,49,41,48,69,44,41,39,42,67,70,63
[ 68.494082] wil6210-aoa$0,1606461667.555676,04:d6:aa:c1:38:97,2,1,1,0,128,316,944,828,814,984,984,414,409,192,408,169,277,774,19,172,544,884,950,464,968,684,34,712,1012,220,378,130,266,377,28,892,646,55,98,91,96,71,81,55,55,80,75,69,44,56,51,92,57,82,65,56,59,35,50,40,50,75,50,45,41,48,74,73,70
[ 68.533886] wil6210-aoa$0,1606461667.595485,04:d6:aa:c1:38:97,2,1,1,0,128,293,922,778,746,989,1014,420,415,101,341,79,216,803,65,182,602,902,937,359,904,671,1004,705,2,181,345,107,257,305,51,729,512,54,103,95,97,70,81,54,55,83,75,69,45,51,52,91,58,83,67,59,60,35,52,41,52,74,47,46,39,46,70,72,67
[ 68.569516] wil6210-aoa$0,1606461667.631105,04:d6:aa:c1:38:97,2,1,1,0,128,325,958,769,786,974,991,457,439,145,354,86,190,833,72,235,625,818,879,357,850,705,1,741,14,116,312,114,264,345,80,205,907,54,98,88,95,69,81,56,54,79,74,68,44,52,51,90,55,79,66,59,57,35,49,41,48,70,46,44,39,44,69,73,67
[ 68.599647] wil6210-aoa$0,1606461667.661248,04:d6:aa:c1:38:97,2,1,1,0,128,265,908,764,813,945,1019,473,427,249,402,2,189,823,8,238,614,938,966,370,901,729,41,761,85,214,398,165,296,339,23,672,356,55,103,95,99,75,85,58,57,82,78,70,45,57,54,92,59,87,69,62,63,39,57,44,51,77,50,47,42,48,76,75,70
[ 68.635965] wil6210-aoa$0,1606461667.697567,04:d6:aa:c1:38:97,2,1,1,0,128,764,753,265,582,928,991,393,389,194,386,95,202,842,34,664,406,911,950,894,731,107,831,171,824,605,86,610,49,854,867,141,931,56,102,93,100,74,85,58,59,82,79,72,47,55,53,95,60,85,70,60,62,39,53,46,54,77,49,50,43,50,75,79,73
[ 68.669896] wil6210-aoa$0,1606461667.731491,04:d6:aa:c1:38:97,2,1,1,0,128,291,927,786,794,946,2,418,413,233,414,31,182,841,57,150,568,957,1004,405,909,753,55,786,40,270,386,141,244,403,43,216,942,53,99,90,95,70,82,55,57,82,76,70,44,53,49,93,57,81,68,58,60,35,50,41,49,73,47,43,39,44,69,71,67
[ 68.706985] wil6210-aoa$0,1606461667.768586,04:d6:aa:c1:38:97,2,1,1,0,128,775,711,235,581,381,798,429,381,613,161,20,172,795,5,169,530,865,900,375,869,670,987,676,1008,687,210,48,196,776,810,552,322,52,101,90,96,72,81,54,54,81,74,66,41,52,49,89,54,81,66,58,59,36,50,41,48,71,43,44,39,45,68,67,64
[ 68.743039] wil6210-aoa$0,1606461667.804640,04:d6:aa:c1:38:97,2,1,1,0,128,294,911,875,857,948,15,426,401,211,436,49,197,897,119,216,621,948,985,439,1003,727,69,744,64,184,391,177,254,379,37,344,976,53,101,90,95,71,82,55,55,81,77,68,43,52,50,92,58,80,67,57,60,36,53,43,52,74,50,46,41,47,74,75,71
[ 68.773531] wil6210-aoa$0,1606461667.835129,04:d6:aa:c1:38:97,2,1,1,0,128,250,875,756,715,942,6,375,417,173,378,90,224,808,48,208,588,364,772,842,754,156,852,207,870,719,202,187,279,415,41,43,796,53,99,89,94,71,82,53,54,79,75,68,44,52,51,91,56,82,67,56,55,35,51,41,47,71,47,45,37,44,71,72,65
[ 68.803670] wil6210-aoa$0,1606461667.865271,04:d6:aa:c1:38:97,2,1,1,0,128,244,925,727,746,378,813,885,208,674,193,496,26,772,1,209,574,940,953,352,899,717,6,687,2,714,187,117,247,348,10,153,0,54,100,89,95,73,84,54,53,82,79,70,46,53,50,94,58,84,64,59,61,36,55,42,53,76,49,50,43,49,75,77,73
[ 68.833735] wil6210-aoa$0,1606461667.895336,04:d6:aa:c1:38:97,2,1,1,0,128,287,879,839,819,972,43,380,385,158,384,6,174,787,32,157,553,854,926,391,916,714,36,761,11,287,423,104,235,335,43,453,242,53,101,88,94,71,81,54,55,81,74,67,42,51,49,88,54,79,66,57,57,34,50,38,49,70,45,44,38,43,69,69,67
[ 68.863818] wil6210-aoa$0,1606461667.925417,04:d6:aa:c1:38:97,2,1,1,0,128,311,918,770,739,947,1002,425,450,146,359,35,224,817,68,200,590,895,978,816,707,761,36,731,7,243,379,108,210,364,37,24,780,53,99,89,94,71,81,54,54,78,74,69,43,51,49,89,56,82,65,57,60,37,50,43,50,72,48,47,41,45,70,76,69
[ 68.893838] wil6210-aoa$0,1606461667.955439,04:d6:aa:c1:38:97,2,1,1,0,128,276,932,733,784,891,988,889,222,623,168,540,1010,289,893,210,568,905,935,346,871,738,44,669,997,204,344,114,231,354,12,4,708,56,97,87,96,72,83,55,56,83,78,71,48,55,53,94,59,84,68,59,62,38,54,45,54,75,52,48,43,51,75,82,77
[ 68.929916] wil6210-aoa$0,1606461667.991516,04:d6:aa:c1:38:97,2,1,1,0,128,263,897,235,604,1000,36,372,407,188,393,110,197,836,54,171,568,399,793,401,915,163,847,788,23,708,158,587,9,368,34,680,456,55,98,90,95,71,82,56,56,81,76,68,45,54,52,93,58,81,69,58,60,38,51,41,51,72,48,45,39,47,73,71,67
[ 68.960542] wil6210-aoa$0,1606461668.022142,04:d6:aa:c1:38:97,2,1,1,0,128,304,979,854,823,929,996,861,196,156,362,532,38,870,70,192,535,919,952,903,732,717,1019,709,972,211,290,116,240,441,91,399,43,58,101,93,96,73,85,56,55,82,80,72,45,55,53,94,59,85,69,59,61,37,55,43,51,74,51,48,42,49,74,77,73
[ 68.996790] wil6210-aoa$0,1606461668.058392,04:d6:aa:c1:38:97,2,1,1,0,128,321,963,838,853,957,1015,419,413,166,411,119,257,833,46,219,612,916,945,370,888,769,82,712,1021,183,360,598,83,397,40,694,451,56,103,94,97,73,84,57,56,83,77,71,45,52,50,92,56,84,68,60,62,36,53,42,49,74,47,46,40,46,71,73,70
[ 69.034355] wil6210-aoa$0,1606461668.095956,04:d6:aa:c1:38:97,2,1,1,0,128,790,701,227,584,405,827,886,185,585,123,489,994,859,54,190,608,881,912,294,838,767,58,696,15,161,306,87,204,815,835,766,554,55,106,93,99,73,84,57,57,85,80,72,45,55,54,95,57,85,68,61,61,38,54,45,53,75,50,48,43,50,78,78,74
[ 69.068383] wil6210-aoa$0,1606461668.129978,04:d6:aa:c1:38:97,2,1,1,0,128,311,952,833,820,995,23,426,423,155,367,74,245,850,75,172,568,916,970,351,911,733,51,725,16,236,396,134,218,418,43,469,160,54,100,93,99,73,84,53,57,82,76,70,44,52,51,90,58,80,66,59,59,37,52,41,50,72,48,46,40,46,72,75,71
[ 69.104734] wil6210-aoa$0,1606461668.166335,04:d6:aa:c1:38:97,2,1,1,0,128,302,895,779,778,904,999,434,443,135,362,59,235,828,68,248,643,933,997,375,919,714,56,714,30,214,396,159,297,376,37,719,466,52,101,90,96,71,82,52,53,82,76,69,42,52,50,90,54,79,66,56,58,37,51,42,51,72,46,46,41,46,70,72,70
[ 69.141241] wil6210-aoa$0,1606461668.202841,04:d6:aa:c1:38:97,2,1,1,0,128,249,914,720,713,346,770,941,215,613,145,135,247,902,79,150,564,892,978,384,915,155,831,184,906,210,388,71,234,854,839,966,785,53,99,90,96,72,81,58,56,79,79,69,45,56,50,92,59,84,67,58,61,37,54,44,52,75,50,47,42,49,77,76,72
[ 69.171796] wil6210-aoa$0,1606461668.233395,04:d6:aa:c1:38:97,2,1,1,0,128,298,963,725,757,987,1005,411,374,124,310,85,230,814,20,233,586,863,954,387,916,726,31,166,841,209,381,37,201,434,117,533,215,54,100,91,96,71,82,56,55,81,76,69,43,53,51,91,54,82,67,58,60,37,54,42,49,73,45,45,38,45,72,71,66
[ 69.202233] wil6210-aoa$0,1606461668.263832,04:d6:aa:c1:38:97,2,1,1,0,128,327,954,811,826,883,972,395,420,178,421,18,211,797,0,215,533,917,966,343,908,182,876,700,1008,673,167,592,2,816,882,742,441,53,99,89,97,71,83,55,55,80,75,70,43,54,52,91,57,84,66,58,59,37,52,43,53,73,47,47,42,48,71,75,70
[ 69.232860] wil6210-aoa$0,1606461668.294458,04:d6:aa:c1:38:97,2,1,1,0,128,311,959,791,804,949,20,886,222,674,186,533,50,856,69,243,644,948,975,384,898,679,6,709,1022,705,162,577,995,869,892,883,629,54,99,90,96,71,83,55,55,80,75,71,42,54,50,92,59,83,67,58,59,37,52,42,52,74,48,46,41,47,71,75,67
