
[ 26.908878] wil6210-aoa$-62,1606461625.781953,00:00:00:00:00:00,0,0,0,0,0
[ 27.668879] wil6210-aoa$-62,1606461626.541956,00:00:00:00:00:00,0,0,0,0,0
[ 28.338873] wil6210-aoa$-62,1606461627.211947,00:00:00:00:00:00,0,0,0,0,0
[ 29.118880] wil6210-aoa$-62,1606461627.991955,00:00:00:00:00:00,0,0,0,0,0
[ 29.778851] wil6210-aoa$-62,1606461628.651923,00:00:00:00:00:00,0,0,0,0,0
[ 30.548922] wil6210-aoa$-62,1606461629.421996,00:00:00:00:00:00,0,0,0,0,0
[ 31.198867] wil6210-aoa$-62,1606461630.071943,00:00:00:00:00:00,0,0,0,0,0
[ 31.969091] wil6210-aoa$-62,1606461630.842164,00:00:00:00:00:00,0,0,0,0,0
[ 32.628904] wil6210-aoa$-62,1606461631.501980,00:00:00:00:00:00,0,0,0,0,0
[ 33.398872] wil6210-aoa$-62,1606461632.271948,00:00:00:00:00:00,0,0,0,0,0
[ 34.058867] wil6210-aoa$-62,1606461632.931942,00:00:00:00:00:00,0,0,0,0,0
[ 34.828864] wil6210-aoa$-62,1606461633.701938,00:00:00:00:00:00,0,0,0,0,0
[ 35.488890] wil6210-aoa$-62,1606461634.361961,00:00:00:00:00:00,0,0,0,0,0
[ 36.248928] wil6210-aoa$-62,1606461635.122001,00:00:00:00:00:00,0,0,0,0,0
[ 36.898859] wil6210-aoa$-62,1606461635.771937,00:00:00:00:00:00,0,0,0,0,0
[ 37.518839] wil6210-aoa$-16,1606461636.391912,00:00:00:00:00:00,0,0,0,0,0
[ 37.858781] wil6210-aoa$-16,1606461636.731854,00:00:00:00:00:00,0,0,0,0,0
[ 38.198798] wil6210-aoa$-16,1606461637.071871,00:00:00:00:00:00,0,0,0,0,0
[ 38.818807] wil6210-aoa$-16,1606461637.691878,00:00:00:00:00:00,0,0,0,0,0
[ 39.159002] wil6210-aoa$-16,1606461638.032072,00:00:00:00:00:00,0,0,0,0,0
[ 39.509026] wil6210-aoa$-16,1606461638.382101,00:00:00:00:00:00,0,0,0,0,0
[ 40.138763] wil6210-aoa$-16,1606461639.011835,00:00:00:00:00:00,0,0,0,0,0
[ 40.488859] wil6210-aoa$-16,1606461639.361930,00:00:00:00:00:00,0,0,0,0,0
[ 40.838825] wil6210-aoa$-16,1606461639.711899,00:00:00:00:00:00,0,0,0,0,0
[ 41.468773] wil6210-aoa$-16,1606461640.341848,00:00:00:00:00:00,0,0,0,0,0
[ 41.808769] wil6210-aoa$-16,1606461640.681843,00:00:00:00:00:00,0,0,0,0,0
[ 42.148845] wil6210-aoa$-16,1606461641.021919,00:00:00:00:00:00,0,0,0,0,0
[ 42.768812] wil6210-aoa$-16,1606461641.641885,00:00:00:00:00:00,0,0,0,0,0
[ 43.118801] wil6210-aoa$-16,1606461641.991872,00:00:00:00:00:00,0,0,0,0,0
[ 43.458801] wil6210-aoa$-16,1606461642.331871,00:00:00:00:00:00,0,0,0,0,0
[ 44.078759] wil6210-aoa$-16,1606461642.951829,00:00:00:00:00:00,0,0,0,0,0
[ 44.428765] wil6210-aoa$-16,1606461643.301840,00:00:00:00:00:00,0,0,0,0,0
[ 44.778788] wil6210-aoa$-16,1606461643.651860,00:00:00:00:00:00,0,0,0,0,0
[ 45.398834] wil6210-aoa$-16,1606461644.271905,00:00:00:00:00:00,0,0,0,0,0
[ 45.738791] wil6210-aoa$-16,1606461644.611863,00:00:00:00:00:00,0,0,0,0,0
[ 46.089150] wil6210-aoa$-16,1606461644.962223,00:00:00:00:00:00,0,0,0,0,0
[ 46.708750] wil6210-aoa$-16,1606461645.581823,00:00:00:00:00:00,0,0,0,0,0
[ 47.048824] wil6210-aoa$-16,1606461645.921894,00:00:00:00:00:00,0,0,0,0,0
[ 47.398858] wil6210-aoa$-16,1606461646.271929,00:00:00:00:00:00,0,0,0,0,0
[ 48.018786] wil6210-aoa$-16,1606461646.891856,00:00:00:00:00:00,0,0,0,0,0
[ 48.358792] wil6210-aoa$-16,1606461647.231862,00:00:00:00:00:00,0,0,0,0,0
[ 48.708787] wil6210-aoa$-16,1606461647.581858,00:00:00:00:00:00,0,0,0,0,0
[ 49.328788] wil6210-aoa$-16,1606461648.201863,00:00:00:00:00:00,0,0,0,0,0
[ 49.668781] wil6210-aoa$-16,1606461648.541852,00:00:00:00:00:00,0,0,0,0,0
[ 50.018802] wil6210-aoa$-16,1606461648.891868,00:00:00:00:00:00,0,0,0,0,0
[ 50.639053] wil6210-aoa$-16,1606461649.512127,00:00:00:00:00:00,0,0,0,0,0
[ 50.978859] wil6210-aoa$-16,1606461649.851930,00:00:00:00:00:00,0,0,0,0,0
[ 51.319088] wil6210-aoa$-16,1606461650.192159,00:00:00:00:00:00,0,0,0,0,0
[ 51.939012] wil6210-aoa$-16,1606461650.812080,00:00:00:00:00:00,0,0,0,0,0
[ 52.288784] wil6210-aoa$-16,1606461651.161859,00:00:00:00:00:00,0,0,0,0,0
[ 52.638801] wil6210-aoa$-16,1606461651.511875,00:00:00:00:00:00,0,0,0,0,0
[ 53.258820] wil6210-aoa$-16,1606461652.131892,00:00:00:00:00:00,0,0,0,0,0
[ 53.608802] wil6210-aoa$-16,1606461652.481873,00:00:00:00:00:00,0,0,0,0,0
[ 53.949089] wil6210-aoa$-16,1606461652.822161,00:00:00:00:00:00,0,0,0,0,0
[ 54.569050] wil6210-aoa$-16,1606461653.442124,00:00:00:00:00:00,0,0,0,0,0
[ 54.918828] wil6210-aoa$-16,1606461653.791902,00:00:00:00:00:00,0,0,0,0,0
[ 55.268798] wil6210-aoa$-16,1606461654.141871,00:00:00:00:00:00,0,0,0,0,0
[ 55.888771] wil6210-aoa$-16,1606461654.761843,00:00:00:00:00:00,0,0,0,0,0
[ 56.228787] wil6210-aoa$-16,1606461655.101859,00:00:00:00:00:00,0,0,0,0,0
[ 56.569027] wil6210-aoa$-16,1606461655.442098,00:00:00:00:00:00,0,0,0,0,0
[ 57.188794] wil6210-aoa$-16,1606461656.061867,00:00:00:00:00:00,0,0,0,0,0
[ 57.528805] wil6210-aoa$-16,1606461656.401877,00:00:00:00:00:00,0,0,0,0,0
[ 57.878872] wil6210-aoa$-16,1606461656.751945,00:00:00:00:00:00,0,0,0,0,0
[ 58.498784] wil6210-aoa$-16,1606461657.371855,00:00:00:00:00:00,0,0,0,0,0
[ 58.839021] wil6210-aoa$-16,1606461657.712092,00:00:00:00:00:00,0,0,0,0,0
[ 59.188788] wil6210-aoa$-16,1606461658.061858,00:00:00:00:00:00,0,0,0,0,0
[ 59.808757] wil6210-aoa$-16,1606461658.681830,00:00:00:00:00:00,0,0,0,0,0
[ 60.148832] wil6210-aoa$-16,1606461659.021900,00:00:00:00:00:00,0,0,0,0,0
[ 60.498789] wil6210-aoa$-16,1606461659.371860,00:00:00:00:00:00,0,0,0,0,0
[ 61.118768] wil6210-aoa$-16,1606461659.991842,00:00:00:00:00:00,0,0,0,0,0
[ 61.468806] wil6210-aoa$-16,1606461660.341878,00:00:00:00:00:00,0,0,0,0,0
[ 61.818792] wil6210-aoa$-16,1606461660.691867,00:00:00:00:00:00,0,0,0,0,0
[ 62.448784] wil6210-aoa$-16,1606461661.321855,00:00:00:00:00:00,0,0,0,0,0
[ 62.788802] wil6210-aoa$-16,1606461661.661874,00:00:00:00:00:00,0,0,0,0,0
[ 63.138926] wil6210-aoa$-16,1606461662.011997,00:00:00:00:00:00,0,0,0,0,0
[ 63.768999] wil6210-aoa$-16,1606461662.642071,00:00:00:00:00:00,0,0,0,0,0
[ 64.119032] wil6210-aoa$-16,1606461662.992105,00:00:00:00:00:00,0,0,0,0,0
[ 64.468856] wil6210-aoa$-16,1606461663.341927,00:00:00:00:00:00,0,0,0,0,0
[ 65.098779] wil6210-aoa$-16,1606461663.971851,00:00:00:00:00:00,0,0,0,0,0
[ 65.449044] wil6210-aoa$-16,1606461664.322118,00:00:00:00:00:00,0,0,0,0,0
[ 65.798889] wil6210-aoa$-16,1606461664.671961,00:00:00:00:00:00,0,0,0,0,0
[ 66.428788] wil6210-aoa$-16,1606461665.301857,00:00:00:00:00:00,0,0,0,0,0
[ 66.778822] wil6210-aoa$-16,1606461665.651892,00:00:00:00:00:00,0,0,0,0,0
[ 67.129117] wil6210-aoa$-16,1606461666.002187,00:00:00:00:00:00,0,0,0,0,0
[ 67.758768] wil6210-aoa$-16,1606461666.631842,00:00:00:00:00:00,0,0,0,0,0
[ 68.098835] wil6210-aoa$-16,1606461666.971906,00:00:00:00:00:00,0,0,0,0,0
[ 68.438807] wil6210-aoa$-16,1606461667.311881,00:00:00:00:00:00,0,0,0,0,0
[ 69.068756] wil6210-aoa$-16,1606461667.941829,00:00:00:00:00:00,0,0,0,0,0
[ 69.418919] wil6210-aoa$-16,1606461668.291988,00:00:00:00:00:00,0,0,0,0,0
[ 69.768820] wil6210-aoa$-16,1606461668.641889,00:00:00:00:00:00,0,0,0,0,0
[ 70.399076] wil6210-aoa$-16,1606461669.272149,00:00:00:00:00:00,0,0,0,0,0
[ 70.748798] wil6210-aoa$-16,1606461669.621868,00:00:00:00:00:00,0,0,0,0,0
[ 71.088845] wil6210-aoa$-16,1606461669.961916,00:00:00:00:00:00,0,0,0,0,0
[ 71.718808] wil6210-aoa$-16,1606461670.591878,00:00:00:00:00:00,0,0,0,0,0
[ 72.068788] wil6210-aoa$-16,1606461670.941860,00:00:00:00:00:00,0,0,0,0,0
[ 72.408843] wil6210-aoa$-16,1606461671.281917,00:00:00:00:00:00,0,0,0,0,0
[ 73.038771] wil6210-aoa$-16,1606461671.911842,00:00:00:00:00:00,0,0,0,0,0
[ 73.388794] wil6210-aoa$-16,1606461672.261866,00:00:00:00:00:00,0,0,0,0,0
[ 73.729067] wil6210-aoa$-16,1606461672.602139,00:00:00:00:00:00,0,0,0,0,0
[ 74.358804] wil6210-aoa$-16,1606461673.231875,00:00:00:00:00:00,0,0,0,0,0
[ 74.708857] wil6210-aoa$-16,1606461673.581927,00:00:00:00:00:00,0,0,0,0,0
[ 75.058803] wil6210-aoa$-16,1606461673.931875,00:00:00:00:00:00,0,0,0,0,0
[ 75.688769] wil6210-aoa$-16,1606461674.561839,00:00:00:00:00:00,0,0,0,0,0
[ 76.028794] wil6210-aoa$-16,1606461674.901868,00:00:00:00:00:00,0,0,0,0,0
[ 76.378837] wil6210-aoa$-16,1606461675.251908,00:00:00:00:00:00,0,0,0,0,0
[ 77.008838] wil6210-aoa$-16,1606461675.881908,00:00:00:00:00:00,0,0,0,0,0
[ 77.358858] wil6210-aoa$-16,1606461676.231930,00:00:00:00:00:00,0,0,0,0,0
[ 77.708832] wil6210-aoa$-16,1606461676.581905,00:00:00:00:00:00,0,0,0,0,0
[ 78.338769] wil6210-aoa$-16,1606461677.211840,00:00:00:00:00:00,0,0,0,0,0
[ 78.688791] wil6210-aoa$-16,1606461677.561863,00:00:00:00:00:00,0,0,0,0,0
[ 79.028802] wil6210-aoa$-16,1606461677.901875,00:00:00:00:00:00,0,0,0,0,0
[ 79.648828] wil6210-aoa$-16,1606461678.521900,00:00:00:00:00:00,0,0,0,0,0
[ 79.998799] wil6210-aoa$-16,1606461678.871871,00:00:00:00:00:00,0,0,0,0,0
[ 80.348836] wil6210-aoa$-16,1606461679.221910,00:00:00:00:00:00,0,0,0,0,0
[ 80.968972] wil6210-aoa$-16,1606461679.842048,00:00:00:00:00:00,0,0,0,0,0
[ 81.318805] wil6210-aoa$-16,1606461680.191878,00:00:00:00:00:00,0,0,0,0,0
[ 81.658809] wil6210-aoa$-16,1606461680.531880,00:00:00:00:00:00,0,0,0,0,0
[ 82.288781] wil6210-aoa$-16,1606461681.161853,00:00:00:00:00:00,0,0,0,0,0
[ 82.638846] wil6210-aoa$-16,1606461681.511918,00:00:00:00:00:00,0,0,0,0,0
[ 82.978811] wil6210-aoa$-16,1606461681.851881,00:00:00:00:00:00,0,0,0,0,0
[ 83.608794] wil6210-aoa$-16,1606461682.481866,00:00:00:00:00:00,0,0,0,0,0
[ 83.948792] wil6210-aoa$-16,1606461682.821863,00:00:00:00:00:00,0,0,0,0,0
[ 84.299069] wil6210-aoa$-16,1606461683.172140,00:00:00:00:00:00,0,0,0,0,0
[ 84.928757] wil6210-aoa$-16,1606461683.801832,00:00:00:00:00:00,0,0,0,0,0
[ 85.268836] wil6210-aoa$-16,1606461684.141906,00:00:00:00:00:00,0,0,0,0,0
[ 85.618837] wil6210-aoa$-16,1606461684.491911,00:00:00:00:00:00,0,0,0,0,0
[ 86.248757] wil6210-aoa$-16,1606461685.121831,00:00:00:00:00:00,0,0,0,0,0
[ 86.588825] wil6210-aoa$-16,1606461685.461898,00:00:00:00:00:00,0,0,0,0,0
[ 86.938807] wil6210-aoa$-16,1606461685.811880,00:00:00:00:00:00,0,0,0,0,0
[ 87.568799] wil6210-aoa$-16,1606461686.441872,00:00:00:00:00:00,0,0,0,0,0
[ 87.908872] wil6210-aoa$-16,1606461686.781943,00:00:00:00:00:00,0,0,0,0,0
[ 88.258842] wil6210-aoa$-16,1606461687.131914,00:00:00:00:00:00,0,0,0,0,0
[ 88.888763] wil6210-aoa$-16,1606461687.761832,00:00:00:00:00:00,0,0,0,0,0
[ 89.238788] wil6210-aoa$-16,1606461688.111860,00:00:00:00:00:00,0,0,0,0,0
[ 89.588806] wil6210-aoa$-16,1606461688.461875,00:00:00:00:00:00,0,0,0,0,0
[ 90.218824] wil6210-aoa$-16,1606461689.091894,00:00:00:00:00:00,0,0,0,0,0
[ 90.558799] wil6210-aoa$-16,1606461689.431871,00:00:00:00:00:00,0,0,0,0,0
[ 90.908888] wil6210-aoa$-16,1606461689.781959,00:00:00:00:00:00,0,0,0,0,0
[ 91.538813] wil6210-aoa$-16,1606461690.411885,00:00:00:00:00:00,0,0,0,0,0
[ 91.888797] wil6210-aoa$-16,1606461690.761868,00:00:00:00:00:00,0,0,0,0,0
[ 92.238857] wil6210-aoa$-16,1606461691.111927,00:00:00:00:00:00,0,0,0,0,0
[ 92.868758] wil6210-aoa$-16,1606461691.741828,00:00:00:00:00:00,0,0,0,0,0
[ 93.218800] wil6210-aoa$-16,1606461692.091871,00:00:00:00:00:00,0,0,0,0,0
[ 93.568835] wil6210-aoa$-16,1606461692.441908,00:00:00:00:00:00,0,0,0,0,0
[ 94.198769] wil6210-aoa$-16,1606461693.071842,00:00:00:00:00:00,0,0,0,0,0
[ 94.549068] wil6210-aoa$-16,1606461693.422142,00:00:00:00:00:00,0,0,0,0,0
[ 94.898893] wil6210-aoa$-16,1606461693.771965,00:00:00:00:00:00,0,0,0,0,0
[ 95.528773] wil6210-aoa$-16,1606461694.401848,00:00:00:00:00:00,0,0,0,0,0
[ 95.878829] wil6210-aoa$-16,1606461694.751903,00:00:00:00:00:00,0,0,0,0,0
[ 96.218792] wil6210-aoa$-16,1606461695.091861,00:00:00:00:00:00,0,0,0,0,0
[ 96.839011] wil6210-aoa$-16,1606461695.712083,00:00:00:00:00:00,0,0,0,0,0
[ 97.188794] wil6210-aoa$-16,1606461696.061865,00:00:00:00:00:00,0,0,0,0,0
[ 97.548792] wil6210-aoa$-16,1606461696.421862,00:00:00:00:00:00,0,0,0,0,0
[ 98.168835] wil6210-aoa$-16,1606461697.041906,00:00:00:00:00:00,0,0,0,0,0
[ 98.518789] wil6210-aoa$-16,1606461697.391861,00:00:00:00:00:00,0,0,0,0,0
[ 98.878794] wil6210-aoa$-16,1606461697.751866,00:00:00:00:00:00,0,0,0,0,0
[ 99.498808] wil6210-aoa$-16,1606461698.371878,00:00:00:00:00:00,0,0,0,0,0
[ 99.848854] wil6210-aoa$-16,1606461698.721923,00:00:00:00:00:00,0,0,0,0,0
[ 100.188809] wil6210-aoa$-16,1606461699.061882,00:00:00:00:00:00,0,0,0,0,0
[ 100.808774] wil6210-aoa$-16,1606461699.681846,00:00:00:00:00:00,0,0,0,0,0
[ 101.158887] wil6210-aoa$-16,1606461700.031956,00:00:00:00:00:00,0,0,0,0,0
[ 101.518791] wil6210-aoa$-16,1606461700.391863,00:00:00:00:00:00,0,0,0,0,0
[ 102.138793] wil6210-aoa$-16,1606461701.011862,00:00:00:00:00:00,0,0,0,0,0
[ 102.498791] wil6210-aoa$-16,1606461701.371860,00:00:00:00:00:00,0,0,0,0,0
[ 102.848814] wil6210-aoa$-16,1606461701.721887,00:00:00:00:00:00,0,0,0,0,0
[ 103.469008] wil6210-aoa$-16,1606461702.342082,00:00:00:00:00:00,0,0,0,0,0
[ 103.828797] wil6210-aoa$-16,1606461702.701868,00:00:00:00:00:00,0,0,0,0,0
[ 104.178781] wil6210-aoa$-16,1606461703.051851,00:00:00:00:00:00,0,0,0,0,0
[ 104.809012] wil6210-aoa$-16,1606461703.682084,00:00:00:00:00:00,0,0,0,0,0
[ 105.168892] wil6210-aoa$-16,1606461704.041965,00:00:00:00:00:00,0,0,0,0,0
[ 105.528802] wil6210-aoa$-16,1606461704.401873,00:00:00:00:00:00,0,0,0,0,0
[ 106.159068] wil6210-aoa$-16,1606461705.032137,00:00:00:00:00:00,0,0,0,0,0
[ 106.508890] wil6210-aoa$-16,1606461705.381961,00:00:00:00:00:00,0,0,0,0,0
[ 106.858838] wil6210-aoa$-16,1606461705.731911,00:00:00:00:00:00,0,0,0,0,0
[ 107.479048] wil6210-aoa$-16,1606461706.352118,00:00:00:00:00:00,0,0,0,0,0
[ 107.828813] wil6210-aoa$-16,1606461706.701887,00:00:00:00:00:00,0,0,0,0,0
[ 108.178846] wil6210-aoa$-16,1606461707.051917,00:00:00:00:00:00,0,0,0,0,0
[ 108.798751] wil6210-aoa$-16,1606461707.671819,00:00:00:00:00:00,0,0,0,0,0
[ 109.148856] wil6210-aoa$-16,1606461708.021927,00:00:00:00:00:00,0,0,0,0,0
[ 109.508788] wil6210-aoa$-16,1606461708.381858,00:00:00:00:00:00,0,0,0,0,0
[ 110.128822] wil6210-aoa$-16,1606461709.001892,00:00:00:00:00:00,0,0,0,0,0
[ 110.479063] wil6210-aoa$-16,1606461709.352133,00:00:00:00:00:00,0,0,0,0,0
[ 110.838832] wil6210-aoa$-16,1606461709.711901,00:00:00:00:00:00,0,0,0,0,0
[ 111.458778] wil6210-aoa$-16,1606461710.331848,00:00:00:00:00:00,0,0,0,0,0
[ 111.808790] wil6210-aoa$-16,1606461710.681859,00:00:00:00:00:00,0,0,0,0,0
[ 112.168857] wil6210-aoa$-16,1606461711.041924,00:00:00:00:00:00,0,0,0,0,0
[ 112.788812] wil6210-aoa$-16,1606461711.661881,00:00:00:00:00:00,0,0,0,0,0
[ 113.138918] wil6210-aoa$-16,1606461712.011985,00:00:00:00:00:00,0,0,0,0,0
[ 113.488832] wil6210-aoa$-16,1606461712.361906,00:00:00:00:00:00,0,0,0,0,0
[ 114.108756] wil6210-aoa$-16,1606461712.981827,00:00:00:00:00:00,0,0,0,0,0
[ 114.468837] wil6210-aoa$-16,1606461713.341910,00:00:00:00:00:00,0,0,0,0,0
[ 114.818846] wil6210-aoa$-16,1606461713.691916,00:00:00:00:00:00,0,0,0,0,0
[ 115.438810] wil6210-aoa$-16,1606461714.311883,00:00:00:00:00:00,0,0,0,0,0
[ 115.788776] wil6210-aoa$-16,1606461714.661847,00:00:00:00:00:00,0,0,0,0,0
[ 116.138785] wil6210-aoa$-16,1606461715.011857,00:00:00:00:00:00,0,0,0,0,0
[ 116.758789] wil6210-aoa$-16,1606461715.631859,00:00:00:00:00:00,0,0,0,0,0
[ 117.118774] wil6210-aoa$-16,1606461715.991848,00:00:00:00:00:00,0,0,0,0,0
[ 117.488881] wil6210-aoa$-16,1606461716.361952,00:00:00:00:00:00,0,0,0,0,0
[ 118.108764] wil6210-aoa$-16,1606461716.981837,00:00:00:00:00:00,0,0,0,0,0
[ 118.458811] wil6210-aoa$-16,1606461717.331881,00:00:00:00:00:00,0,0,0,0,0
[ 118.808776] wil6210-aoa$-16,1606461717.681849,00:00:00:00:00:00,0,0,0,0,0
[ 119.428757] wil6210-aoa$-16,1606461718.301827,00:00:00:00:00:00,0,0,0,0,0
[ 119.778790] wil6210-aoa$-16,1606461718.651861,00:00:00:00:00:00,0,0,0,0,0
[ 120.129035] wil6210-aoa$-16,1606461719.002104,00:00:00:00:00:00,0,0,0,0,0
[ 120.748796] wil6210-aoa$-16,1606461719.621867,00:00:00:00:00:00,0,0,0,0,0
[ 121.098788] wil6210-aoa$-16,1606461719.971858,00:00:00:00:00:00,0,0,0,0,0
[ 121.448853] wil6210-aoa$-16,1606461720.321924,00:00:00:00:00:00,0,0,0,0,0
[ 122.068768] wil6210-aoa$-16,1606461720.941840,00:00:00:00:00:00,0,0,0,0,0
[ 122.438775] wil6210-aoa$-16,1606461721.311848,00:00:00:00:00:00,0,0,0,0,0
[ 122.788800] wil6210-aoa$-16,1606461721.661873,00:00:00:00:00:00,0,0,0,0,0
[ 123.409131] wil6210-aoa$-16,1606461722.282205,00:00:00:00:00:00,0,0,0,0,0
[ 123.768990] wil6210-aoa$-16,1606461722.642059,00:00:00:00:00:00,0,0,0,0,0
[ 124.138795] wil6210-aoa$-16,1606461723.011863,00:00:00:00:00:00,0,0,0,0,0
[ 124.758753] wil6210-aoa$-16,1606461723.631822,00:00:00:00:00:00,0,0,0,0,0
[ 125.109049] wil6210-aoa$-16,1606461723.982122,00:00:00:00:00:00,0,0,0,0,0
[ 125.458803] wil6210-aoa$-16,1606461724.331873,00:00:00:00:00:00,0,0,0,0,0
[ 126.078766] wil6210-aoa$-16,1606461724.951839,00:00:00:00:00:00,0,0,0,0,0
[ 126.438843] wil6210-aoa$-16,1606461725.311914,00:00:00:00:00:00,0,0,0,0,0
[ 126.788855] wil6210-aoa$-16,1606461725.661930,00:00:00:00:00:00,0,0,0,0,0
[ 127.408817] wil6210-aoa$-16,1606461726.281887,00:00:00:00:00:00,0,0,0,0,0
[ 127.768845] wil6210-aoa$-16,1606461726.641915,00:00:00:00:00:00,0,0,0,0,0
[ 128.128848] wil6210-aoa$-16,1606461727.001918,00:00:00:00:00:00,0,0,0,0,0
[ 128.748811] wil6210-aoa$-16,1606461727.621882,00:00:00:00:00:00,0,0,0,0,0
[ 129.098786] wil6210-aoa$-16,1606461727.971854,00:00:00:00:00:00,0,0,0,0,0
[ 129.448788] wil6210-aoa$-16,1606461728.321855,00:00:00:00:00:00,0,0,0,0,0
[ 130.068801] wil6210-aoa$-16,1606461728.941870,00:00:00:00:00:00,0,0,0,0,0
[ 130.419019] wil6210-aoa$-16,1606461729.292090,00:00:00:00:00:00,0,0,0,0,0
[ 130.778792] wil6210-aoa$-16,1606461729.651859,00:00:00:00:00:00,0,0,0,0,0
[ 131.398775] wil6210-aoa$-16,1606461730.271849,00:00:00:00:00:00,0,0,0,0,0
[ 131.758790] wil6210-aoa$-16,1606461730.631858,00:00:00:00:00:00,0,0,0,0,0
[ 132.118835] wil6210-aoa$-16,1606461730.991907,00:00:00:00:00:00,0,0,0,0,0
[ 132.738758] wil6210-aoa$-16,1606461731.611829,00:00:00:00:00:00,0,0,0,0,0
[ 133.098787] wil6210-aoa$-16,1606461731.971860,00:00:00:00:00:00,0,0,0,0,0
[ 133.458892] wil6210-aoa$-16,1606461732.331967,00:00:00:00:00:00,0,0,0,0,0
[ 134.078811] wil6210-aoa$-16,1606461732.951885,00:00:00:00:00:00,0,0,0,0,0
[ 134.428780] wil6210-aoa$-16,1606461733.301851,00:00:00:00:00:00,0,0,0,0,0
[ 134.788799] wil6210-aoa$-16,1606461733.661872,00:00:00:00:00:00,0,0,0,0,0
[ 135.408769] wil6210-aoa$-16,1606461734.281844,00:00:00:00:00:00,0,0,0,0,0
[ 135.759037] wil6210-aoa$-16,1606461734.632110,00:00:00:00:00:00,0,0,0,0,0
[ 136.118806] wil6210-aoa$-16,1606461734.991874,00:00:00:00:00:00,0,0,0,0,0
[ 136.738807] wil6210-aoa$-16,1606461735.611877,00:00:00:00:00:00,0,0,0,0,0
[ 137.088825] wil6210-aoa$-16,1606461735.961896,00:00:00:00:00:00,0,0,0,0,0
[ 137.449030] wil6210-aoa$-16,1606461736.322100,00:00:00:00:00:00,0,0,0,0,0
[ 138.068816] wil6210-aoa$-16,1606461736.941886,00:00:00:00:00:00,0,0,0,0,0
[ 138.438866] wil6210-aoa$-16,1606461737.311940,00:00:00:00:00:00,0,0,0,0,0
[ 138.798788] wil6210-aoa$-16,1606461737.671858,00:00:00:00:00:00,0,0,0,0,0
[ 139.418803] wil6210-aoa$-16,1606461738.291875,00:00:00:00:00:00,0,0,0,0,0
[ 139.768791] wil6210-aoa$-16,1606461738.641860,00:00:00:00:00:00,0,0,0,0,0
[ 140.118824] wil6210-aoa$-16,1606461738.991896,00:00:00:00:00:00,0,0,0,0,0
[ 140.738825] wil6210-aoa$-16,1606461739.611894,00:00:00:00:00:00,0,0,0,0,0
[ 141.088794] wil6210-aoa$-16,1606461739.961866,00:00:00:00:00:00,0,0,0,0,0
[ 141.438780] wil6210-aoa$-16,1606461740.311852,00:00:00:00:00:00,0,0,0,0,0
[ 142.058848] wil6210-aoa$-16,1606461740.931918,00:00:00:00:00:00,0,0,0,0,0
[ 142.409083] wil6210-aoa$-16,1606461741.282152,00:00:00:00:00:00,0,0,0,0,0
[ 142.768845] wil6210-aoa$-16,1606461741.641919,00:00:00:00:00:00,0,0,0,0,0
[ 143.388759] wil6210-aoa$-16,1606461742.261830,00:00:00:00:00:00,0,0,0,0,0
[ 143.749085] wil6210-aoa$-16,1606461742.622156,00:00:00:00:00:00,0,0,0,0,0
[ 144.108794] wil6210-aoa$-16,1606461742.981864,00:00:00:00:00:00,0,0,0,0,0
[ 144.728750] wil6210-aoa$-16,1606461743.601823,00:00:00:00:00:00,0,0,0,0,0
[ 145.088784] wil6210-aoa$-16,1606461743.961852,00:00:00:00:00:00,0,0,0,0,0
[ 145.448815] wil6210-aoa$-16,1606461744.321885,00:00:00:00:00:00,0,0,0,0,0
[ 146.068758] wil6210-aoa$-16,1606461744.941830,00:00:00:00:00:00,0,0,0,0,0
[ 146.418840] wil6210-aoa$-16,1606461745.291911,00:00:00:00:00:00,0,0,0,0,0
[ 146.769100] wil6210-aoa$-16,1606461745.642170,00:00:00:00:00:00,0,0,0,0,0
[ 147.388754] wil6210-aoa$-16,1606461746.261823,00:00:00:00:00:00,0,0,0,0,0
[ 147.738821] wil6210-aoa$-16,1606461746.611891,00:00:00:00:00:00,0,0,0,0,0
[ 148.098825] wil6210-aoa$-16,1606461746.971892,00:00:00:00:00:00,0,0,0,0,0
[ 148.728816] wil6210-aoa$-16,1606461747.601888,00:00:00:00:00:00,0,0,0,0,0
[ 149.098785] wil6210-aoa$-16,1606461747.971853,00:00:00:00:00:00,0,0,0,0,0
[ 149.448809] wil6210-aoa$-16,1606461748.321880,00:00:00:00:00:00,0,0,0,0,0
[ 150.068762] wil6210-aoa$-16,1606461748.941832,00:00:00:00:00:00,0,0,0,0,0
[ 150.418792] wil6210-aoa$-16,1606461749.291862,00:00:00:00:00:00,0,0,0,0,0
[ 150.778798] wil6210-aoa$-16,1606461749.651872,00:00:00:00:00:00,0,0,0,0,0
[ 151.408758] wil6210-aoa$-16,1606461750.281831,00:00:00:00:00:00,0,0,0,0,0
[ 151.768824] wil6210-aoa$-16,1606461750.641894,00:00:00:00:00:00,0,0,0,0,0
[ 152.118793] wil6210-aoa$-16,1606461750.991865,00:00:00:00:00:00,0,0,0,0,0
[ 152.738761] wil6210-aoa$-16,1606461751.611831,00:00:00:00:00:00,0,0,0,0,0
[ 153.088823] wil6210-aoa$-16,1606461751.961891,00:00:00:00:00:00,0,0,0,0,0
[ 153.438781] wil6210-aoa$-16,1606461752.311853,00:00:00:00:00:00,0,0,0,0,0
[ 154.058782] wil6210-aoa$-16,1606461752.931849,00:00:00:00:00:00,0,0,0,0,0
[ 154.418804] wil6210-aoa$-16,1606461753.291875,00:00:00:00:00:00,0,0,0,0,0
[ 154.768783] wil6210-aoa$-16,1606461753.641853,00:00:00:00:00:00,0,0,0,0,0
[ 155.388797] wil6210-aoa$-16,1606461754.261865,00:00:00:00:00:00,0,0,0,0,0
[ 155.738758] wil6210-aoa$-16,1606461754.611828,00:00:00:00:00:00,0,0,0,0,0
[ 156.098825] wil6210-aoa$-16,1606461754.971895,00:00:00:00:00:00,0,0,0,0,0
[ 156.718758] wil6210-aoa$-16,1606461755.591829,00:00:00:00:00:00,0,0,0,0,0
[ 157.068792] wil6210-aoa$-16,1606461755.941860,00:00:00:00:00:00,0,0,0,0,0
[ 157.418783] wil6210-aoa$-16,1606461756.291853,00:00:00:00:00:00,0,0,0,0,0
[ 158.038754] wil6210-aoa$-16,1606461756.911826,00:00:00:00:00:00,0,0,0,0,0
[ 158.398769] wil6210-aoa$-16,1606461757.271840,00:00:00:00:00:00,0,0,0,0,0
[ 158.758793] wil6210-aoa$-16,1606461757.631862,00:00:00:00:00:00,0,0,0,0,0
[ 159.378828] wil6210-aoa$-16,1606461758.251902,00:00:00:00:00:00,0,0,0,0,0
[ 159.728782] wil6210-aoa$-16,1606461758.601854,00:00:00:00:00:00,0,0,0,0,0
[ 160.088983] wil6210-aoa$-16,1606461758.962049,00:00:00:00:00:00,0,0,0,0,0
[ 160.708738] wil6210-aoa$-16,1606461759.581812,00:00:00:00:00:00,0,0,0,0,0
[ 161.058779] wil6210-aoa$-16,1606461759.931850,00:00:00:00:00:00,0,0,0,0,0
[ 161.408789] wil6210-aoa$-16,1606461760.281858,00:00:00:00:00:00,0,0,0,0,0
[ 162.029037] wil6210-aoa$-16,1606461760.902104,00:00:00:00:00:00,0,0,0,0,0
[ 162.388776] wil6210-aoa$-16,1606461761.261850,00:00:00:00:00:00,0,0,0,0,0
[ 162.749040] wil6210-aoa$-16,1606461761.622110,00:00:00:00:00:00,0,0,0,0,0
