
[ 27.175206] wil6210-aoa$0,1606461625.957313,04:d6:aa:c1:38:97,2,1,1,0,128,762,738,794,775,955,982,437,402,115,314,527,18,857,31,217,561,333,725,387,909,770,65,680,1012,202,380,124,181,863,886,630,445,70,130,119,127,92,103,68,69,103,98,86,52,65,65,111,69,103,84,74,72,43,63,49,60,90,55,54,49,56,84,87,81
[ 27.204879] wil6210-aoa$0,1606461625.986991,04:d6:aa:c1:38:97,2,1,1,0,128,332,1000,748,716,420,827,904,243,249,447,90,221,855,117,184,580,915,929,340,881,784,59,175,854,258,375,77,191,378,23,531,340,61,114,104,113,82,93,62,64,92,84,79,49,59,58,103,63,94,76,66,67,41,57,46,56,79,50,51,44,49,76,79,73
[ 27.227049] wil6210-aoa$0,1606461626.009160,04:d6:aa:c1:38:97,2,1,1,0,128,782,752,231,557,415,827,814,183,162,386,33,216,842,61,158,580,906,961,797,654,218,882,165,828,748,189,564,17,385,49,886,658,62,116,108,116,83,94,63,65,94,84,80,50,61,59,105,64,95,75,67,66,41,57,47,58,79,52,50,43,49,78,79,73
[ 27.256889] wil6210-aoa$0,1606461626.038997,04:d6:aa:c1:38:97,2,1,1,0,128,301,935,744,775,908,1010,414,419,194,398,76,232,853,77,236,618,929,963,353,895,709,38,695,36,208,380,150,227,394,43,196,884,62,120,106,114,83,93,63,65,91,86,79,49,58,59,102,63,94,74,66,68,41,58,44,57,81,53,53,46,51,78,82,76
[ 27.285270] wil6210-aoa$0,1606461626.067379,04:d6:aa:c1:38:97,2,1,1,0,128,290,937,788,752,953,2,425,373,197,400,20,133,301,899,199,566,943,1001,359,843,723,26,703,978,260,376,120,209,358,19,196,930,67,127,115,122,88,101,68,70,102,93,88,57,66,63,114,71,102,82,71,74,46,64,51,62,89,58,54,50,56,88,91,83
[ 27.313448] wil6210-aoa$0,1606461626.095556,04:d6:aa:c1:38:97,2,1,1,0,128,729,690,762,740,949,988,906,237,131,302,138,258,835,66,232,577,930,975,375,932,730,31,712,15,142,335,114,231,381,32,126,982,67,124,113,122,90,99,70,71,98,95,84,53,66,64,111,70,101,83,71,75,45,63,51,61,88,58,55,50,55,87,91,85
[ 27.341688] wil6210-aoa$0,1606461626.123798,04:d6:aa:c1:38:97,2,1,1,0,128,298,923,717,729,945,996,405,355,694,222,41,222,816,53,213,565,866,948,398,927,762,66,753,72,52,265,598,74,332,33,441,257,62,120,110,115,82,96,64,66,95,90,80,52,61,61,108,67,95,77,69,71,42,60,50,60,84,58,53,48,54,84,86,79
[ 27.370726] wil6210-aoa$0,1606461626.152838,04:d6:aa:c1:38:97,2,1,1,0,128,776,741,816,749,949,1002,430,423,159,378,6,176,818,15,187,562,917,942,371,916,683,1018,713,1016,203,318,117,224,369,23,815,527,62,117,107,114,84,94,64,66,93,89,80,52,62,61,101,66,94,77,65,69,41,58,44,56,82,52,49,43,51,77,78,73
[ 27.393634] wil6210-aoa$0,1606461626.175746,04:d6:aa:c1:38:97,2,1,1,0,128,289,969,801,834,996,9,338,429,195,428,36,195,797,9,179,611,892,973,360,928,760,71,736,56,224,366,85,190,380,40,693,412,61,117,105,113,84,90,61,65,90,84,78,44,55,54,93,60,87,72,60,63,36,51,41,49,73,45,44,37,43,72,66,61
[ 27.418579] wil6210-aoa$0,1606461626.200692,04:d6:aa:c1:38:97,2,1,1,0,128,272,925,794,777,939,1004,901,188,616,199,501,9,265,865,154,509,903,937,400,920,720,32,692,19,173,334,162,266,340,34,839,614,63,121,108,114,82,99,66,68,94,88,84,52,61,61,107,66,94,76,69,70,43,62,46,57,84,55,53,47,54,85,82,77
[ 27.451190] wil6210-aoa$0,1606461626.233303,04:d6:aa:c1:38:97,2,1,1,0,128,715,735,215,545,395,825,911,207,161,379,77,193,788,35,137,543,935,965,374,898,726,16,755,43,706,176,101,251,372,59,896,602,61,117,107,113,83,96,62,65,94,87,79,47,58,60,101,64,92,76,66,67,40,58,45,56,80,52,50,43,49,79,82,73
[ 27.474772] wil6210-aoa$0,1606461626.256881,04:d6:aa:c1:38:97,2,1,1,0,128,265,932,777,772,959,22,452,444,98,306,91,197,792,25,250,579,912,934,428,931,742,43,718,24,150,340,85,244,322,4,445,277,61,118,108,115,85,96,66,68,94,87,82,50,63,61,107,66,97,79,70,71,42,62,51,60,88,57,55,49,56,87,86,85
[ 27.504859] wil6210-aoa$0,1606461626.286968,04:d6:aa:c1:38:97,2,1,1,0,128,753,739,212,562,446,834,400,382,141,335,83,249,816,48,102,541,910,936,357,881,721,8,778,43,699,210,550,55,320,17,722,532,73,127,114,122,91,109,73,72,102,100,90,60,74,69,122,76,106,84,75,78,49,70,57,69,95,67,63,55,65,96,103,98
[ 27.533327] wil6210-aoa$0,1606461626.315435,04:d6:aa:c1:38:97,2,1,1,0,128,828,798,846,800,998,34,383,378,141,319,99,229,851,69,173,559,921,982,334,846,763,1023,187,820,698,151,91,236,388,78,12,812,67,128,112,123,93,103,70,70,106,98,85,54,67,65,117,71,103,85,75,77,45,63,52,61,89,58,57,50,54,86,90,85
[ 27.561644] wil6210-aoa$0,1606461626.343753,04:d6:aa:c1:38:97,2,1,1,0,128,318,948,826,811,863,961,427,409,608,147,62,230,928,86,206,617,861,930,343,884,710,23,730,18,242,385,62,222,371,1022,692,414,65,121,108,115,85,100,66,67,99,93,84,55,65,62,110,71,101,81,71,73,45,64,51,62,86,57,58,49,57,84,89,82
[ 27.590688] wil6210-aoa$0,1606461626.372795,04:d6:aa:c1:38:97,2,1,1,0,128,298,913,776,731,992,4,419,390,246,413,113,245,793,70,156,558,917,978,371,883,184,853,653,10,272,399,165,249,399,27,904,695,64,122,108,113,85,97,66,67,96,92,82,52,64,62,110,69,99,79,70,74,45,63,52,62,88,57,58,49,57,87,94,88
[ 27.613357] wil6210-aoa$0,1606461626.395469,04:d6:aa:c1:38:97,2,1,1,0,128,258,907,784,755,1012,1,357,345,184,373,98,235,848,94,250,630,855,947,430,943,729,37,701,1,191,368,132,227,392,70,938,653,61,117,107,113,85,97,62,64,94,89,80,51,62,60,107,63,95,78,68,69,42,61,48,58,85,54,53,48,55,83,85,75
[ 27.643492] wil6210-aoa$0,1606461626.425605,04:d6:aa:c1:38:97,2,1,1,0,128,760,761,754,747,988,16,392,406,142,362,554,40,337,917,159,593,862,933,846,729,689,1021,720,1000,680,238,594,25,412,69,665,443,60,118,107,115,82,96,64,64,94,89,81,49,61,58,106,64,96,78,67,69,41,59,48,57,83,54,53,48,52,82,85,79
[ 27.666113] wil6210-aoa$0,1606461626.448225,04:d6:aa:c1:38:97,2,1,1,0,128,318,927,831,811,881,1014,362,371,189,375,53,200,785,1022,235,601,873,911,306,866,147,855,782,36,214,342,126,257,841,918,401,162,63,118,108,114,85,96,64,66,97,91,82,53,63,62,111,69,99,80,70,72,43,63,51,60,87,60,55,50,58,87,95,87
[ 27.696145] wil6210-aoa$0,1606461626.478254,04:d6:aa:c1:38:97,2,1,1,0,128,301,931,821,835,884,959,846,167,658,190,547,3,291,902,206,569,923,962,362,868,703,1022,735,1020,210,344,643,60,382,25,289,4,60,118,107,113,81,94,64,64,95,87,79,50,61,59,107,67,93,76,68,69,40,57,46,56,83,51,50,43,51,78,81,75
[ 27.724969] wil6210-aoa$0,1606461626.507079,04:d6:aa:c1:38:97,2,1,1,0,128,278,881,796,799,951,1023,393,356,668,224,485,1011,216,825,709,396,911,984,400,954,699,28,768,45,232,355,625,52,801,846,338,142,61,118,107,117,82,93,62,66,95,85,79,49,60,61,103,66,92,78,65,66,42,58,46,54,81,51,49,43,51,79,81,72
[ 27.753755] wil6210-aoa$0,1606461626.535863,04:d6:aa:c1:38:97,2,1,1,0,128,268,903,242,557,433,848,375,341,135,324,22,148,846,17,203,585,946,971,422,921,753,40,748,32,212,361,87,182,398,84,196,41,65,119,108,115,86,98,68,65,97,92,83,55,64,62,108,67,97,77,70,72,43,63,49,60,85,57,54,48,56,86,88,80
[ 27.782080] wil6210-aoa$0,1606461626.564188,04:d6:aa:c1:38:97,2,1,1,0,128,299,925,732,761,937,995,423,408,188,421,8,106,275,869,202,583,931,985,362,907,706,39,666,1009,236,393,130,271,430,100,549,217,62,120,107,115,81,93,62,66,90,87,77,50,60,57,101,64,93,78,67,66,41,58,45,56,82,51,51,43,50,80,77,70
[ 27.811477] wil6210-aoa$0,1606461626.593585,04:d6:aa:c1:38:97,2,1,1,0,128,325,978,859,833,904,998,457,399,204,394,44,186,859,31,182,566,882,970,387,909,772,64,656,996,270,384,28,175,403,88,32,857,65,120,109,115,86,98,68,67,99,94,85,57,65,61,111,70,101,79,69,73,44,64,52,62,89,57,58,49,58,86,89,86
[ 27.840297] wil6210-aoa$0,1606461626.622407,04:d6:aa:c1:38:97,2,1,1,0,128,225,870,750,725,952,981,434,399,187,358,87,197,817,21,657,392,251,692,852,687,196,863,120,828,200,342,83,168,827,841,209,79,63,119,111,116,86,98,64,66,96,90,81,51,62,60,107,66,95,77,66,69,41,57,47,55,84,53,50,45,52,81,78,75
[ 27.869010] wil6210-aoa$0,1606461626.651118,04:d6:aa:c1:38:97,2,1,1,0,128,309,949,793,788,935,1002,427,379,168,385,62,185,779,1006,168,551,883,947,469,954,729,41,747,2,276,436,140,228,334,1010,996,772,65,118,108,115,86,100,67,68,97,91,85,56,66,63,115,71,102,81,71,75,47,66,54,64,90,61,59,54,61,92,95,93
[ 27.895979] wil6210-aoa$0,1606461626.678091,04:d6:aa:c1:38:97,2,1,1,0,128,732,712,194,528,369,812,900,231,135,346,582,18,297,907,632,380,393,838,396,935,762,47,727,10,222,386,575,42,874,889,588,452,63,114,106,112,84,95,65,65,94,90,80,51,62,57,104,66,94,74,67,68,42,62,47,58,84,55,54,47,54,85,88,83
[ 27.921504] wil6210-aoa$0,1606461626.703613,04:d6:aa:c1:38:97,2,1,1,0,128,309,949,737,721,958,981,544,433,159,343,70,191,876,127,207,599,911,961,383,908,763,70,726,30,215,345,96,214,371,18,520,228,72,129,121,127,97,111,75,75,106,102,94,59,71,69,124,76,109,88,77,79,47,69,54,68,97,65,62,54,63,95,95,90
[ 27.951465] wil6210-aoa$0,1606461626.733573,04:d6:aa:c1:38:97,2,1,1,0,128,367,1017,734,755,996,23,412,386,170,376,60,169,951,132,165,545,946,1020,346,882,789,63,695,1014,269,401,47,190,371,63,251,21,70,130,121,128,95,108,74,76,107,101,93,61,71,70,125,76,113,90,78,81,50,71,56,67,97,64,64,55,65,99,101,94
[ 27.981185] wil6210-aoa$0,1606461626.763295,04:d6:aa:c1:38:97,2,1,1,0,128,245,945,781,806,895,990,457,449,146,383,36,176,837,54,119,545,348,780,423,942,677,29,740,39,185,386,119,252,308,23,731,496,71,133,118,127,92,107,73,72,108,100,91,58,70,67,120,75,105,87,78,79,47,67,53,64,94,61,58,53,59,92,95,90
[ 28.010951] wil6210-aoa$0,1606461626.793057,04:d6:aa:c1:38:97,2,1,1,0,128,703,697,247,560,951,981,928,220,581,130,565,33,891,66,160,565,914,977,323,887,237,878,147,842,679,171,592,39,355,14,77,815,70,131,118,125,95,105,71,71,108,101,90,58,69,65,116,73,104,86,75,77,46,69,53,64,94,60,60,54,59,96,95,91
[ 28.034123] wil6210-aoa$0,1606461626.816234,04:d6:aa:c1:38:97,2,1,1,0,128,717,730,213,577,951,992,439,406,178,349,43,203,829,20,685,394,911,967,806,683,153,851,235,870,665,146,549,22,358,35,290,39,74,129,119,128,96,109,74,74,107,100,93,63,74,70,125,77,112,89,78,81,50,75,59,72,100,71,68,60,67,99,112,105
[ 28.061997] wil6210-aoa$0,1606461626.844103,04:d6:aa:c1:38:97,2,1,1,0,128,346,971,750,778,927,995,391,372,182,342,90,232,804,21,256,600,903,951,381,899,774,36,766,61,286,416,165,296,358,46,748,495,73,130,118,122,95,109,73,73,108,101,92,63,72,70,126,78,111,86,77,81,51,75,58,69,102,68,64,58,68,102,108,103
[ 28.089890] wil6210-aoa$0,1606461626.872002,04:d6:aa:c1:38:97,2,1,1,0,128,763,704,218,560,359,820,897,207,155,387,11,148,284,899,190,531,927,977,399,937,654,6,705,987,278,369,597,16,386,2,208,23,66,124,111,121,90,102,69,69,101,94,86,58,68,66,114,72,103,81,74,73,44,64,53,64,92,59,58,53,60,90,94,91
[ 28.118661] wil6210-aoa$0,1606461626.900770,04:d6:aa:c1:38:97,2,1,1,0,128,286,911,819,790,1023,1023,362,375,196,404,103,220,782,15,218,589,360,768,403,967,776,75,765,30,203,389,67,230,309,1017,436,269,68,129,116,128,92,104,68,71,103,98,86,51,66,63,112,72,99,86,73,75,45,62,51,61,88,59,56,49,55,87,88,83
[ 28.145686] wil6210-aoa$0,1606461626.927798,04:d6:aa:c1:38:97,2,1,1,0,128,337,948,840,796,968,998,440,402,164,393,50,208,841,88,192,582,856,952,389,916,684,1014,721,7,232,379,111,257,299,9,633,329,72,130,119,129,96,112,73,74,107,101,90,59,72,69,123,77,107,86,78,80,49,73,56,69,98,67,65,58,67,98,102,98
[ 28.171875] wil6210-aoa$0,1606461626.953985,04:d6:aa:c1:38:97,2,1,1,0,128,249,882,739,775,943,1001,377,408,149,333,96,221,240,851,168,571,341,781,408,940,136,879,189,861,242,403,142,259,366,70,728,399,71,127,119,127,96,110,73,72,107,103,90,60,72,70,123,75,108,89,77,81,48,70,57,67,99,67,64,56,65,96,104,94
[ 28.201983] wil6210-aoa$0,1606461626.984094,04:d6:aa:c1:38:97,2,1,1,0,128,260,918,809,790,980,9,439,427,185,402,66,212,852,39,218,574,903,921,379,894,747,23,676,999,252,387,103,210,336,1010,7,718,70,130,116,123,93,105,71,72,105,98,87,55,70,64,119,72,107,86,75,78,46,64,51,62,92,54,58,50,57,87,89,83
[ 28.231186] wil6210-aoa$0,1606461627.013294,04:d6:aa:c1:38:97,2,1,1,0,128,364,957,796,819,967,1019,392,379,159,373,7,177,851,25,231,598,847,924,396,898,735,27,700,0,181,349,65,222,427,69,70,892,70,133,121,128,90,106,72,72,103,97,90,55,66,66,117,72,103,85,73,75,45,63,51,63,91,55,57,48,54,85,85,82
[ 28.260235] wil6210-aoa$0,1606461627.042344,04:d6:aa:c1:38:97,2,1,1,0,128,343,1004,753,778,889,1011,893,211,210,387,69,175,768,30,627,376,352,742,406,921,178,808,197,859,704,168,530,8,846,864,1007,736,60,117,106,111,83,93,63,65,94,84,80,49,58,58,101,62,93,75,67,67,39,57,45,53,78,52,51,45,49,79,80,74
[ 28.288720] wil6210-aoa$0,1606461627.070832,04:d6:aa:c1:38:97,2,1,1,0,128,321,954,791,781,857,956,422,393,190,359,99,235,800,38,169,529,903,955,394,914,139,845,822,71,204,389,68,221,435,81,1006,650,64,117,106,111,84,98,65,66,96,89,81,53,62,60,108,67,94,77,69,69,43,60,48,58,84,54,54,47,55,83,85,76
[ 28.313466] wil6210-aoa$0,1606461627.095574,04:d6:aa:c1:38:97,2,1,1,0,128,240,905,751,721,892,972,920,211,178,346,37,173,262,869,274,633,870,959,351,911,183,824,175,818,736,235,153,233,406,51,736,479,69,132,121,129,93,107,72,71,107,100,90,57,68,68,118,71,105,89,77,77,46,66,54,65,94,60,58,53,59,91,93,87
[ 28.340610] wil6210-aoa$0,1606461627.122722,04:d6:aa:c1:38:97,2,1,1,0,128,792,727,225,607,924,1012,417,412,171,399,30,166,861,42,163,490,942,960,366,884,723,1015,735,27,200,336,151,257,301,1005,470,177,74,138,123,130,97,109,74,74,112,104,94,60,73,68,126,78,111,89,80,80,50,69,58,70,98,64,61,57,66,95,101,94
[ 28.370592] wil6210-aoa$0,1606461627.152702,04:d6:aa:c1:38:97,2,1,1,0,128,284,912,829,792,956,17,375,385,159,377,83,231,827,25,675,385,288,742,402,928,764,100,626,1020,225,384,161,199,394,7,962,658,72,136,122,131,97,110,75,76,110,106,94,60,71,69,120,76,113,90,79,79,48,69,55,67,95,62,63,54,66,95,100,94
[ 28.395618] wil6210-aoa$0,1606461627.177726,04:d6:aa:c1:38:97,2,1,1,0,128,283,921,221,592,399,840,397,410,165,375,57,212,773,1007,179,548,893,925,810,666,764,19,671,1002,230,365,103,206,395,0,821,531,72,129,122,129,95,113,72,71,108,105,90,57,73,68,123,75,107,87,81,79,46,66,54,66,98,61,60,54,61,97,95,87
[ 28.426873] wil6210-aoa$0,1606461627.208980,04:d6:aa:c1:38:97,2,1,1,0,128,281,910,769,783,312,798,812,130,663,176,543,15,265,886,619,365,899,961,413,946,573,959,760,19,225,375,98,229,388,62,219,19,60,115,107,114,82,92,63,65,91,87,79,50,59,57,102,64,91,75,66,66,38,53,42,53,78,47,46,39,46,74,72,65
[ 28.454627] wil6210-aoa$0,1606461627.236740,04:d6:aa:c1:38:97,2,1,1,0,128,850,761,770,757,373,826,923,230,201,395,529,1004,849,59,651,321,376,739,964,758,178,803,171,823,700,190,565,23,822,844,996,830,64,118,107,114,82,96,66,66,95,89,82,54,65,60,108,69,97,80,68,71,42,63,50,61,86,57,55,49,55,84,89,81
[ 28.480983] wil6210-aoa$0,1606461627.263092,04:d6:aa:c1:38:97,2,1,1,0,128,263,936,811,786,969,2,391,343,224,384,117,244,778,1015,220,598,940,961,314,862,728,29,153,837,228,370,115,225,423,54,637,338,73,135,125,130,98,112,74,75,110,106,93,62,75,71,127,80,109,89,81,82,50,73,57,71,100,64,64,58,65,100,102,97
[ 28.511618] wil6210-aoa$0,1606461627.293727,04:d6:aa:c1:38:97,2,1,1,0,128,274,945,802,790,963,2,417,399,141,380,93,255,810,56,159,582,915,966,379,923,730,31,774,24,227,380,127,217,338,1020,354,52,63,118,108,115,84,97,64,66,96,90,81,52,64,61,109,68,97,78,70,69,44,62,52,62,88,56,56,49,57,85,90,85
[ 28.540990] wil6210-aoa$0,1606461627.323098,04:d6:aa:c1:38:97,2,1,1,0,128,337,978,839,839,930,992,428,387,156,380,87,271,768,14,193,599,881,936,350,900,685,22,687,22,239,418,143,245,422,57,482,286,75,133,126,128,98,111,76,76,109,104,95,59,75,69,126,78,107,91,80,81,50,71,58,69,97,63,63,54,61,93,99,94
[ 28.570855] wil6210-aoa$0,1606461627.352963,04:d6:aa:c1:38:97,2,1,1,0,128,300,912,843,789,952,1009,854,141,191,350,548,35,855,67,255,622,908,970,417,917,692,1018,779,55,204,378,97,218,350,1015,629,320,61,116,107,114,84,94,63,63,93,88,76,49,60,59,101,64,91,77,64,65,40,56,43,52,79,48,48,40,48,79,74,68
[ 28.594901] wil6210-aoa$0,1606461627.377012,04:d6:aa:c1:38:97,2,1,1,0,128,210,899,748,735,953,999,395,397,135,396,38,208,811,38,164,562,881,976,403,979,674,29,808,34,290,398,52,205,353,40,349,120,68,128,114,119,88,104,70,71,106,99,89,62,68,66,120,72,108,83,73,78,47,70,54,66,95,63,61,54,65,97,102,95
[ 28.622219] wil6210-aoa$0,1606461627.404330,04:d6:aa:c1:38:97,2,1,1,0,128,280,891,861,800,399,808,388,348,199,374,499,11,230,843,281,633,966,1015,346,861,766,41,789,75,152,336,65,208,412,77,250,999,62,119,106,113,84,93,65,66,93,86,80,50,61,60,104,64,93,76,66,65,40,56,43,52,77,50,48,43,48,77,78,72
[ 28.649361] wil6210-aoa$0,1606461627.431474,04:d6:aa:c1:38:97,2,1,1,0,128,828,746,194,543,937,983,836,131,629,143,572,31,848,57,212,606,847,903,825,693,833,107,730,71,235,399,42,205,344,29,436,238,63,119,109,118,83,98,66,65,97,90,78,52,62,61,106,65,95,78,67,71,44,63,50,60,88,57,55,49,57,87,88,83
[ 28.678294] wil6210-aoa$0,1606461627.460402,04:d6:aa:c1:38:97,2,1,1,0,128,307,940,743,749,942,1011,403,377,187,391,93,221,793,2,203,573,893,942,398,926,798,74,709,12,186,364,97,255,327,1022,1011,754,64,119,107,114,85,97,66,68,95,90,81,53,62,61,106,65,96,77,68,70,42,61,47,54,82,52,53,48,54,83,84,81
[ 28.708033] wil6210-aoa$0,1606461627.490141,04:d6:aa:c1:38:97,2,1,1,0,128,291,932,823,814,872,951,377,368,142,353,90,208,804,7,673,374,918,947,844,672,246,879,721,17,173,281,133,208,855,881,1018,819,75,134,124,130,97,112,74,74,113,103,96,59,72,70,126,78,111,91,79,83,51,73,58,70,103,69,66,60,67,100,107,100
[ 28.738339] wil6210-aoa$0,1606461627.520447,04:d6:aa:c1:38:97,2,1,1,0,128,729,701,814,798,966,1000,336,348,177,369,83,185,764,25,232,600,857,919,383,925,690,1022,731,1009,193,342,572,27,363,40,16,758,64,117,107,113,84,97,66,68,98,90,81,52,64,60,110,70,99,79,70,71,44,62,49,61,88,60,55,51,58,88,91,87
[ 28.767057] wil6210-aoa$0,1606461627.549170,04:d6:aa:c1:38:97,2,1,1,0,128,314,931,802,786,940,1016,978,294,639,152,527,1022,280,842,713,394,316,742,392,912,704,25,195,859,213,402,116,233,386,44,455,299,60,115,106,111,82,93,63,64,93,87,75,46,58,53,97,62,89,74,61,65,36,53,42,52,75,46,45,37,45,72,68,63
[ 28.792485] wil6210-aoa$0,1606461627.574594,04:d6:aa:c1:38:97,2,1,1,0,128,750,725,193,541,348,807,414,418,134,346,48,197,811,27,233,581,1014,17,318,823,161,846,154,809,689,179,573,0,837,871,294,85,76,127,121,131,96,113,76,75,111,103,94,60,72,70,126,76,110,90,78,81,50,69,56,68,98,63,60,54,63,96,100,91
[ 28.819666] wil6210-aoa$0,1606461627.601778,04:d6:aa:c1:38:97,2,1,1,0,128,297,927,777,774,905,1022,403,429,237,419,101,244,790,34,215,623,928,950,415,944,756,40,726,20,709,160,596,76,394,39,583,383,70,133,119,127,95,108,72,74,109,105,92,59,71,67,121,77,107,90,81,80,49,71,56,67,97,63,63,56,61,95,101,94
[ 28.849213] wil6210-aoa$0,1606461627.631321,04:d6:aa:c1:38:97,2,1,1,0,128,764,746,753,770,360,815,458,454,150,380,113,274,778,1020,692,411,374,783,856,734,147,843,205,886,175,334,579,8,866,872,38,801,59,119,103,111,79,92,62,63,90,85,77,46,57,58,100,62,91,75,66,68,39,55,45,55,76,50,51,44,47,74,77,71
[ 28.877265] wil6210-aoa$0,1606461627.659377,04:d6:aa:c1:38:97,2,1,1,0,128,801,712,257,554,436,827,451,393,126,322,34,184,249,852,171,578,317,775,387,920,177,849,719,26,273,412,92,221,407,47,169,44,65,126,112,118,89,101,66,66,99,94,82,52,62,61,105,67,98,82,70,70,43,62,47,58,85,52,54,46,54,82,82,74
[ 28.906704] wil6210-aoa$0,1606461627.688811,04:d6:aa:c1:38:97,2,1,1,0,128,292,941,796,776,391,819,905,200,654,199,522,4,279,866,655,361,406,789,391,914,740,39,712,22,645,155,657,55,371,51,76,917,73,135,119,129,98,114,75,75,110,106,94,62,75,70,129,80,114,92,79,83,52,73,59,73,102,68,66,61,66,100,106,100
[ 28.936876] wil6210-aoa$0,1606461627.718984,04:d6:aa:c1:38:97,2,1,1,0,128,325,958,825,848,912,980,446,407,156,366,104,232,809,32,167,552,1016,999,393,932,727,5,697,990,220,360,84,175,843,880,491,208,64,118,108,112,84,96,63,65,93,86,81,51,59,56,103,64,88,73,66,67,40,57,45,52,79,50,50,41,47,76,74,67
[ 28.967223] wil6210-aoa$0,1606461627.749331,04:d6:aa:c1:38:97,2,1,1,0,128,798,762,804,784,948,1004,428,392,178,374,84,190,855,66,150,543,907,955,412,917,763,56,690,48,174,406,522,13,464,76,172,942,64,121,108,116,84,98,65,66,97,89,84,50,61,61,106,62,92,78,69,69,40,61,47,58,82,53,52,47,51,81,81,76
[ 28.991764] wil6210-aoa$0,1606461627.773876,04:d6:aa:c1:38:97,2,1,1,0,128,318,950,795,772,903,968,382,371,192,364,142,241,805,21,167,538,912,955,391,929,738,52,798,64,285,432,126,274,401,78,832,587,70,133,119,126,93,110,74,71,111,102,89,61,71,71,121,76,108,88,79,81,48,71,56,68,98,64,63,57,66,98,100,94
[ 29.018741] wil6210-aoa$0,1606461627.800850,04:d6:aa:c1:38:97,2,1,1,0,128,307,969,849,796,322,794,934,204,622,144,52,174,785,18,160,549,907,947,844,712,134,864,154,831,213,365,115,195,356,6,519,319,61,117,103,111,81,91,63,63,92,87,80,49,57,57,101,62,90,73,66,66,38,56,45,53,78,50,49,43,49,74,77,73
[ 29.050417] wil6210-aoa$0,1606461627.832527,04:d6:aa:c1:38:97,2,1,1,0,128,296,915,168,468,424,788,902,219,91,306,531,1013,888,83,155,549,921,950,392,881,748,1023,764,35,629,138,489,966,887,869,302,224,72,131,119,127,93,106,71,71,106,100,89,52,66,65,115,71,103,84,70,73,46,63,50,60,87,57,53,48,56,88,85,81
[ 29.075901] wil6210-aoa$0,1606461627.858014,04:d6:aa:c1:38:97,2,1,1,0,128,250,957,701,737,402,817,462,422,192,395,89,195,883,91,253,596,890,903,789,669,166,846,801,66,230,379,99,246,384,0,428,169,71,128,117,126,91,105,70,70,106,97,89,56,70,67,118,72,105,85,76,75,45,65,53,64,94,60,57,52,58,92,93,86
[ 29.102946] wil6210-aoa$0,1606461627.885054,04:d6:aa:c1:38:97,2,1,1,0,128,320,968,810,812,7,11,430,404,207,417,1022,156,866,55,184,548,324,768,377,872,190,849,765,21,227,366,105,220,421,25,379,62,69,129,118,125,94,106,69,71,106,98,89,53,64,65,111,70,103,86,71,73,43,63,50,59,86,55,53,48,54,88,86,76
[ 29.133620] wil6210-aoa$0,1606461627.915731,04:d6:aa:c1:38:97,2,1,1,0,128,270,947,780,804,942,1013,370,385,180,377,31,139,879,65,182,584,951,981,396,957,744,52,744,55,138,344,139,255,338,13,616,309,59,115,101,110,80,90,61,62,91,86,79,50,60,59,103,63,93,75,68,70,40,59,47,58,83,54,51,46,54,82,83,78
[ 29.168776] wil6210-aoa$0,1606461627.950858,04:d6:aa:c1:38:97,2,1,1,0,128,286,901,797,773,932,996,412,380,262,427,38,231,864,126,219,588,968,1000,377,905,692,52,713,43,190,337,137,255,383,16,439,155,67,130,114,126,90,102,67,71,102,96,86,54,63,63,110,72,98,82,74,73,43,62,48,59,88,55,54,47,55,86,89,79
[ 29.202042] wil6210-aoa$0,1606461627.984155,04:d6:aa:c1:38:97,2,1,1,0,128,337,946,830,796,987,17,330,364,138,374,538,43,258,854,222,594,904,994,386,898,745,28,682,19,221,362,75,178,362,26,710,464,67,131,117,127,91,105,71,70,105,100,90,58,71,66,119,74,107,86,75,78,49,68,55,64,94,60,61,52,58,93,94,88
[ 29.226009] wil6210-aoa$0,1606461628.008121,04:d6:aa:c1:38:97,2,1,1,0,128,289,936,784,777,968,1001,461,393,193,371,86,190,885,73,156,569,903,961,368,883,744,1014,763,35,262,383,120,233,364,30,542,279,65,127,115,124,89,101,69,69,104,94,83,52,62,60,112,70,101,82,70,75,43,61,50,59,87,54,55,48,53,84,84,78
[ 29.257037] wil6210-aoa$0,1606461628.039145,04:d6:aa:c1:38:97,2,1,1,0,128,296,922,787,773,918,1005,858,183,660,184,43,143,835,45,176,579,935,962,355,877,750,26,702,1008,694,165,152,238,395,50,851,633,69,128,116,125,94,106,70,71,105,99,91,56,67,67,119,72,104,84,77,77,48,68,53,66,95,62,59,53,59,94,97,89
[ 29.281458] wil6210-aoa$0,1606461628.063571,04:d6:aa:c1:38:97,2,1,1,0,128,283,956,774,840,936,980,396,367,174,378,53,240,837,72,173,585,901,1004,358,921,684,992,160,829,324,429,151,256,387,48,214,898,66,127,114,122,88,102,66,70,101,92,87,51,63,64,108,68,100,80,70,72,43,60,48,60,83,51,51,45,53,82,82,73
[ 29.309751] wil6210-aoa$0,1606461628.091862,04:d6:aa:c1:38:97,2,1,1,0,128,810,785,824,803,934,1018,861,168,719,246,1006,142,907,104,155,553,936,969,413,916,762,64,719,25,178,357,65,221,348,4,646,431,68,130,112,126,89,105,69,72,103,95,87,51,67,62,112,69,100,79,74,75,42,62,49,62,87,56,55,48,54,83,88,75
[ 29.341527] wil6210-aoa$0,1606461628.123637,04:d6:aa:c1:38:97,2,1,1,0,128,298,928,783,793,926,1020,403,380,168,413,68,208,875,91,258,656,916,945,353,897,704,37,719,35,254,393,70,201,386,47,221,1011,70,133,119,127,94,110,71,73,106,100,91,58,69,69,121,75,106,86,75,78,47,67,53,67,96,61,59,53,60,92,95,88
[ 29.372421] wil6210-aoa$0,1606461628.154530,04:d6:aa:c1:38:97,2,1,1,0,128,268,910,782,749,952,982,932,204,169,336,156,260,880,65,257,626,918,993,397,913,713,25,785,45,626,135,600,58,808,840,63,871,71,128,123,128,93,108,73,73,105,101,89,54,70,68,117,73,105,86,76,77,46,65,52,66,95,60,58,53,61,93,95,88
[ 29.403351] wil6210-aoa$0,1606461628.185458,04:d6:aa:c1:38:97,2,1,1,0,128,325,933,796,772,972,1004,363,378,105,321,57,251,795,38,198,591,899,964,355,886,719,1021,719,50,625,162,145,238,362,29,592,289,65,124,113,119,89,99,66,68,99,91,81,51,62,60,110,68,97,78,68,71,42,61,48,56,83,54,55,46,52,83,85,77
[ 29.427749] wil6210-aoa$0,1606461628.209860,04:d6:aa:c1:38:97,2,1,1,0,128,289,960,779,763,960,1019,420,408,166,400,110,266,816,29,184,606,923,968,363,901,694,1016,735,9,232,361,97,184,379,18,55,873,69,126,118,125,95,107,73,71,104,99,89,56,69,66,116,71,102,85,74,75,47,67,55,62,90,60,61,51,57,89,93,85
[ 29.460670] wil6210-aoa$0,1606461628.242780,04:d6:aa:c1:38:97,2,1,1,0,128,322,969,772,783,382,819,386,398,169,388,64,220,805,58,183,570,953,965,476,937,703,10,724,31,255,366,71,187,345,24,968,733,72,136,122,128,95,110,72,73,111,104,91,61,70,71,121,74,111,90,78,82,48,69,56,68,96,62,63,55,61,94,97,89
[ 29.491638] wil6210-aoa$0,1606461628.273748,04:d6:aa:c1:38:97,2,1,1,0,128,779,729,719,679,385,825,864,189,199,348,0,167,817,22,157,577,914,939,292,871,703,6,672,5,675,202,126,262,413,94,1008,793,62,118,104,112,84,95,64,64,95,87,81,53,62,58,108,65,94,76,67,67,42,61,50,60,85,58,56,48,56,85,89,84
[ 29.521758] wil6210-aoa$0,1606461628.303871,04:d6:aa:c1:38:97,2,1,1,0,128,698,691,176,546,428,826,824,155,612,131,528,1012,309,897,119,526,907,965,842,732,126,852,144,814,707,171,606,68,354,36,883,699,64,124,109,119,88,100,67,69,98,93,85,53,67,65,114,69,100,81,71,73,44,65,51,61,87,57,57,49,57,90,87,82
[ 29.550385] wil6210-aoa$0,1606461628.332493,04:d6:aa:c1:38:97,2,1,1,0,128,323,957,828,790,918,980,370,373,175,346,52,203,250,878,172,540,885,970,367,874,735,64,740,58,249,376,158,251,419,75,105,875,72,129,123,129,97,111,75,76,108,101,92,59,71,69,122,74,109,88,75,80,51,69,55,69,98,65,61,55,64,97,101,92
[ 29.574998] wil6210-aoa$0,1606461628.357109,04:d6:aa:c1:38:97,2,1,1,0,128,802,769,795,776,964,985,867,184,178,382,70,193,766,16,238,599,866,933,394,918,705,13,174,866,183,362,124,255,418,59,133,939,67,126,112,121,88,102,70,70,102,95,85,57,67,65,113,70,102,83,72,74,46,64,52,63,91,62,56,50,59,92,93,87
[ 29.603540] wil6210-aoa$0,1606461628.385650,04:d6:aa:c1:38:97,2,1,1,0,128,287,935,790,759,937,1010,384,403,632,178,519,1022,269,866,702,409,342,761,946,740,718,1018,770,27,184,344,49,181,840,869,802,555,60,117,104,111,80,92,61,63,89,83,72,45,56,52,98,62,90,73,63,64,37,53,43,51,79,45,46,38,47,68,70,63
[ 29.630489] wil6210-aoa$0,1606461628.412601,04:d6:aa:c1:38:97,2,1,1,0,128,717,700,253,588,361,823,815,147,126,363,39,214,774,50,174,565,871,978,404,899,701,9,704,1018,189,365,122,247,344,7,733,542,60,115,105,113,83,93,62,64,94,87,78,49,59,58,100,62,91,76,64,67,38,56,45,52,81,50,48,41,48,75,78,69
[ 29.671013] wil6210-aoa$0,1606461628.453126,04:d6:aa:c1:38:97,2,1,1,0,128,368,977,845,855,954,5,434,435,169,402,32,214,861,35,208,627,938,989,373,913,723,16,682,1007,309,403,201,277,387,39,604,308,65,125,113,119,89,102,66,67,97,93,83,51,65,61,108,67,97,80,69,70,41,57,48,56,80,52,52,42,49,77,77,69
[ 29.701776] wil6210-aoa$0,1606461628.483886,04:d6:aa:c1:38:97,2,1,1,0,128,250,901,228,591,375,815,844,207,624,175,1011,149,845,15,171,563,997,1017,362,879,700,998,143,794,698,159,551,21,866,883,658,395,70,135,123,128,96,108,71,74,107,100,89,55,69,66,118,73,104,89,76,78,47,66,53,66,93,58,57,52,59,89,91,86
[ 29.730930] wil6210-aoa$0,1606461628.513043,04:d6:aa:c1:38:97,2,1,1,0,128,264,910,797,752,1011,18,398,376,166,388,1019,207,807,22,166,540,916,972,345,872,698,23,743,0,763,221,86,216,350,36,925,674,67,132,120,128,91,106,69,69,102,94,88,50,65,63,113,71,101,84,69,69,43,59,46,55,86,49,52,42,48,77,78,69
[ 29.759206] wil6210-aoa$0,1606461628.541315,04:d6:aa:c1:38:97,2,1,1,0,128,272,931,793,787,909,1001,410,473,82,326,85,256,821,46,237,621,962,1017,313,900,714,19,726,1023,251,410,101,238,903,923,844,654,67,129,114,123,91,98,65,69,101,94,81,50,56,60,105,63,93,79,66,67,38,54,43,52,82,45,47,41,46,75,73,63
[ 29.783972] wil6210-aoa$0,1606461628.566082,04:d6:aa:c1:38:97,2,1,1,0,128,753,739,718,709,930,1011,400,350,198,413,81,223,824,58,139,571,871,932,388,949,702,1019,774,31,209,377,74,193,441,84,16,814,65,126,114,120,84,96,66,67,96,89,83,47,61,60,103,63,93,78,66,69,41,55,44,53,78,48,49,43,48,77,77,72
[ 29.811607] wil6210-aoa$0,1606461628.593717,04:d6:aa:c1:38:97,2,1,1,0,128,318,938,793,787,986,1006,356,313,170,341,61,209,781,28,195,563,972,993,443,942,785,75,715,16,179,340,80,177,423,53,692,471,67,126,113,121,91,102,69,69,101,95,89,57,67,64,117,71,104,85,73,75,46,67,54,65,91,63,60,53,60,93,97,91
[ 29.843276] wil6210-aoa$0,1606461628.625384,04:d6:aa:c1:38:97,2,1,1,0,128,265,926,753,764,875,987,414,407,215,423,63,226,804,71,201,584,836,913,416,892,765,48,751,32,664,128,101,205,359,44,285,106,64,117,107,112,84,99,65,66,97,91,81,54,64,60,111,67,98,79,69,69,42,60,51,61,88,58,56,50,56,86,90,85
[ 29.874658] wil6210-aoa$0,1606461628.656766,04:d6:aa:c1:38:97,2,1,1,0,128,301,945,790,793,977,20,399,400,190,383,33,197,779,14,133,536,1007,9,406,927,764,58,756,58,225,388,150,266,383,35,897,653,59,118,108,115,80,92,61,65,90,85,78,49,58,56,101,62,90,75,62,65,38,54,41,51,77,49,45,38,48,74,72,66
[ 29.905892] wil6210-aoa$0,1606461628.688001,04:d6:aa:c1:38:97,2,1,1,0,128,303,911,741,706,977,996,344,331,644,150,131,235,844,76,176,585,879,919,409,937,654,2,669,1012,240,406,97,226,331,64,129,880,62,119,108,115,84,97,65,66,93,88,83,52,60,58,104,65,97,77,66,68,42,58,47,57,83,52,51,44,51,83,84,80
[ 29.935247] wil6210-aoa$0,1606461628.717359,04:d6:aa:c1:38:97,2,1,1,0,128,295,944,203,571,360,754,454,435,172,385,35,198,769,1,144,521,320,719,855,676,758,33,761,41,255,392,82,226,392,40,608,341,64,118,106,113,86,98,66,67,96,90,81,53,64,60,107,66,97,77,70,72,42,62,49,61,89,59,53,49,58,86,88,86
[ 29.962658] wil6210-aoa$0,1606461628.744767,04:d6:aa:c1:38:97,2,1,1,0,128,241,907,762,754,917,974,833,180,146,366,513,15,215,847,192,582,904,948,315,877,692,989,733,22,204,327,153,234,380,15,119,933,67,127,115,123,88,103,69,71,102,94,87,55,67,68,113,71,104,83,73,75,47,67,54,64,94,59,57,49,58,88,94,86
[ 29.992924] wil6210-aoa$0,1606461628.775037,04:d6:aa:c1:38:97,2,1,1,0,128,283,937,810,797,904,1002,436,438,163,327,82,223,832,40,214,613,899,949,388,912,693,14,699,1019,220,392,127,219,427,82,319,962,67,124,114,121,89,103,68,70,101,98,86,55,66,65,116,73,105,82,72,76,47,67,54,64,92,61,58,54,60,93,97,90
[ 30.020613] wil6210-aoa$0,1606461628.802723,04:d6:aa:c1:38:97,2,1,1,0,128,242,903,848,836,963,1018,405,400,172,336,59,207,799,8,189,540,904,942,326,884,773,34,754,20,149,346,48,156,824,820,699,488,62,118,107,115,83,95,63,65,95,90,80,52,62,60,106,66,96,78,68,69,42,62,48,58,84,56,54,48,54,83,87,80
[ 30.052200] wil6210-aoa$0,1606461628.834314,04:d6:aa:c1:38:97,2,1,1,0,128,291,928,763,734,966,1019,396,371,167,362,544,26,789,32,677,436,901,979,351,934,733,24,149,847,668,173,569,35,384,58,720,536,69,133,120,129,95,107,71,72,106,102,91,53,67,64,115,71,104,85,74,76,45,64,52,62,94,57,59,51,58,90,91,84
[ 30.077065] wil6210-aoa$0,1606461628.859178,04:d6:aa:c1:38:97,2,1,1,0,128,296,924,828,787,907,1017,417,422,92,317,29,210,263,892,637,360,929,960,854,715,147,845,231,894,235,352,179,261,367,18,976,804,73,127,118,126,95,109,74,73,106,102,92,63,71,70,124,77,111,87,78,82,52,73,58,72,100,67,66,58,67,104,105,100
[ 30.107475] wil6210-aoa$0,1606461628.889583,04:d6:aa:c1:38:97,2,1,1,0,128,310,946,788,787,980,15,402,381,138,347,80,223,837,59,231,592,895,955,418,936,711,31,695,1009,137,333,144,287,396,71,858,611,70,129,121,128,92,107,70,72,103,97,91,57,69,67,120,73,105,86,75,77,47,66,53,64,92,60,60,51,56,91,95,88
[ 30.133894] wil6210-aoa$0,1606461628.916002,04:d6:aa:c1:38:97,2,1,1,2,128,310,946,788,787,980,15,402,381,138,347,80,223,837,59,231,592,895,955,418,936,711,31,695,1009,137,333,144,287,396,71,858,611,70,129,121,128,92,107,70,72,103,97,91,57,69,67,120,73,105,86,75,77,47,66,53,64,92,60,60,51,56,91,95,88
[ 30.166167] wil6210-aoa$0,1606461628.948276,04:d6:aa:c1:38:97,2,1,1,0,128,311,963,802,775,946,1005,477,461,220,433,33,206,251,896,143,576,915,928,393,914,770,28,748,36,268,400,120,246,381,69,875,617,67,126,114,122,88,104,67,68,102,95,88,52,67,64,114,68,103,83,74,76,47,65,51,64,91,58,57,52,58,91,95,88
[ 30.192565] wil6210-aoa$0,1606461628.974678,04:d6:aa:c1:38:97,2,1,1,0,128,281,951,729,756,923,991,855,204,141,367,475,7,791,15,222,587,910,936,820,714,746,48,658,1022,669,138,616,28,407,69,521,254,67,126,118,124,93,105,68,72,102,95,87,54,65,64,115,70,104,85,72,74,47,65,52,63,94,61,57,50,59,90,89,84
[ 30.224672] wil6210-aoa$0,1606461629.006779,04:d6:aa:c1:38:97,2,1,1,0,128,339,935,753,771,955,7,433,418,157,335,100,211,809,55,242,611,841,912,417,927,722,12,703,4,167,305,184,299,441,104,6,869,65,129,115,124,90,103,70,69,105,98,87,56,68,65,113,70,105,85,75,76,45,66,52,64,91,60,59,52,58,90,95,87
[ 30.256230] wil6210-aoa$0,1606461629.038340,04:d6:aa:c1:38:97,2,1,1,0,128,764,719,206,542,418,835,382,392,138,332,532,18,284,876,702,428,908,928,402,895,723,15,749,61,217,347,41,179,360,41,57,793,68,129,118,125,88,105,71,72,102,94,87,52,64,63,111,70,99,81,69,72,45,60,49,60,86,53,53,48,51,82,85,76
[ 30.285666] wil6210-aoa$0,1606461629.067778,04:d6:aa:c1:38:97,2,1,1,0,128,353,968,870,820,969,6,402,392,210,363,89,258,883,86,201,607,905,947,363,878,747,10,742,21,186,351,77,212,331,12,13,772,66,127,115,122,84,96,63,67,95,89,80,45,59,57,100,63,91,78,65,65,39,53,42,50,76,44,45,36,42,69,69,59
[ 30.312920] wil6210-aoa$0,1606461629.095028,04:d6:aa:c1:38:97,2,1,1,0,128,318,943,808,759,989,999,404,406,101,339,551,1012,899,58,198,555,944,943,377,892,725,25,684,1,264,391,504,1008,372,16,291,37,68,130,117,126,92,107,71,70,105,98,92,54,70,65,120,73,105,83,75,77,48,67,53,65,95,60,60,52,60,94,95,87
[ 30.344877] wil6210-aoa$0,1606461629.126984,04:d6:aa:c1:38:97,2,1,1,0,128,303,940,774,778,379,794,859,220,591,133,517,1020,273,850,648,368,330,747,827,667,211,865,173,840,709,166,565,32,831,837,74,926,68,128,118,128,90,105,70,72,102,97,92,56,69,64,118,73,103,84,73,75,45,62,52,62,91,58,55,50,57,89,90,85
[ 30.376908] wil6210-aoa$0,1606461629.159018,04:d6:aa:c1:38:97,2,1,1,0,128,279,942,800,789,937,999,360,345,208,378,502,41,820,51,193,623,882,938,333,885,187,855,233,867,679,128,590,28,353,2,643,432,67,127,116,128,91,105,69,73,104,97,89,54,68,66,111,69,98,83,71,73,44,59,49,60,85,52,51,46,48,78,81,74
[ 30.407106] wil6210-aoa$0,1606461629.189218,04:d6:aa:c1:38:97,2,1,1,0,128,297,911,789,741,1017,1020,391,394,188,404,462,1014,798,40,139,576,891,979,421,956,676,35,670,1002,198,375,540,37,376,26,839,636,72,132,124,129,92,108,72,75,105,102,90,57,67,66,117,74,103,85,74,77,45,64,51,60,89,57,54,47,55,84,85,78
[ 30.436101] wil6210-aoa$0,1606461629.218209,04:d6:aa:c1:38:97,2,1,1,0,128,265,971,803,825,933,989,445,427,186,391,33,196,848,66,212,561,344,739,399,902,753,1014,755,22,174,327,165,261,367,34,14,763,61,117,106,113,81,95,61,64,94,86,80,50,60,57,101,63,92,75,65,66,40,57,45,55,81,51,49,41,50,78,79,70
[ 30.466984] wil6210-aoa$0,1606461629.249096,04:d6:aa:c1:38:97,2,1,1,0,128,270,920,760,763,866,926,923,241,134,312,508,1,806,14,240,578,918,951,392,915,715,30,729,29,230,361,40,181,819,872,146,898,70,129,119,127,93,109,69,69,106,99,88,56,69,65,113,72,103,84,73,75,44,64,48,61,90,58,56,48,56,89,89,81
[ 30.491842] wil6210-aoa$0,1606461629.273955,04:d6:aa:c1:38:97,2,1,1,0,128,300,936,764,778,976,18,406,402,161,360,46,187,255,851,284,623,311,733,341,876,711,1009,749,8,197,354,97,175,795,826,932,733,70,130,119,124,93,108,73,73,107,102,90,57,71,67,122,75,108,89,77,79,50,70,58,69,98,67,64,58,65,99,102,93
[ 30.522912] wil6210-aoa$0,1606461629.305020,04:d6:aa:c1:38:97,2,1,1,0,128,778,748,784,742,406,802,388,401,210,385,49,218,813,20,748,449,893,954,352,891,761,70,751,89,233,391,41,193,382,16,600,417,68,129,118,125,88,102,69,71,102,91,85,50,65,63,107,69,99,83,69,70,43,63,49,59,87,54,52,44,53,78,80,75
[ 30.548535] wil6210-aoa$0,1606461629.330646,04:d6:aa:c1:38:97,2,1,1,0,128,261,953,743,790,943,993,918,264,155,374,3,144,871,70,265,621,902,972,821,740,218,879,759,6,163,341,188,271,307,1007,787,530,68,128,116,126,88,102,70,71,103,98,87,56,68,65,117,73,105,83,75,74,45,66,51,63,93,59,58,50,58,90,91,87
[ 30.581532] wil6210-aoa$0,1606461629.363640,04:d6:aa:c1:38:97,2,1,1,0,128,268,922,743,804,394,859,385,378,177,378,129,258,888,87,260,619,960,983,352,882,747,37,680,1019,708,191,106,197,427,67,457,242,67,130,117,125,91,105,69,70,104,97,85,56,66,65,114,71,102,85,75,77,45,64,53,65,93,60,59,51,60,93,91,87
[ 30.614233] wil6210-aoa$0,1606461629.396340,04:d6:aa:c1:38:97,2,1,1,0,128,315,935,754,729,378,852,379,364,211,419,72,214,769,14,662,370,917,980,821,725,128,813,723,1019,221,355,141,249,354,1022,54,846,70,131,117,124,92,109,71,69,107,100,90,57,70,67,116,74,105,85,73,76,46,67,52,65,93,62,60,51,60,93,93,89
[ 30.647423] wil6210-aoa$0,1606461629.429529,04:d6:aa:c1:38:97,2,1,1,0,128,350,968,783,779,907,968,354,396,173,332,6,168,210,843,710,413,925,978,384,915,695,24,728,1023,186,358,136,227,402,50,691,411,66,126,115,123,90,101,69,69,103,96,84,54,65,64,111,68,103,84,72,73,47,65,51,60,89,55,55,49,56,87,87,83
[ 30.679869] wil6210-aoa$0,1606461629.461976,04:d6:aa:c1:38:97,2,1,1,0,128,819,768,759,773,955,1021,390,409,226,448,1021,202,869,74,148,560,915,947,365,893,200,869,773,11,262,426,132,261,400,68,932,669,69,127,118,125,91,104,69,71,103,97,88,55,67,66,114,72,104,84,73,73,44,66,52,63,93,60,55,49,59,90,96,83
[ 30.712367] wil6210-aoa$0,1606461629.494475,04:d6:aa:c1:38:97,2,1,1,0,128,280,926,768,767,931,1003,418,415,135,340,51,208,848,42,252,662,902,967,371,929,731,32,729,18,229,359,116,196,878,900,994,769,69,127,115,125,90,105,70,71,104,100,86,55,67,66,111,68,102,85,72,74,45,64,51,62,90,59,57,48,57,88,90,80
[ 30.743787] wil6210-aoa$0,1606461629.525900,04:d6:aa:c1:38:97,2,1,1,0,128,365,958,764,764,950,1016,333,302,615,138,28,211,854,81,201,615,867,967,332,904,685,10,150,843,655,153,132,282,336,39,264,920,66,126,116,123,93,106,68,71,104,98,85,54,67,65,117,73,105,85,73,76,47,68,55,62,94,62,60,52,60,91,94,87
[ 30.769268] wil6210-aoa$0,1606461629.551379,04:d6:aa:c1:38:97,2,1,1,0,128,322,967,808,799,928,4,375,392,153,347,62,199,868,83,233,622,931,952,335,927,696,26,681,1000,231,343,94,258,354,41,983,635,69,130,118,126,92,104,70,70,104,98,88,53,66,62,114,67,100,84,73,72,44,63,49,58,87,56,54,48,54,86,84,80
[ 30.800449] wil6210-aoa$0,1606461629.582562,04:d6:aa:c1:38:97,2,1,1,0,128,743,724,799,737,456,845,397,375,668,175,514,20,833,72,204,598,938,963,413,930,761,71,686,17,624,110,600,24,425,67,260,31,69,133,120,130,90,107,70,74,104,97,87,55,68,65,116,71,104,86,73,75,47,67,50,62,92,59,56,49,58,86,92,83
[ 30.825738] wil6210-aoa$0,1606461629.607850,04:d6:aa:c1:38:97,2,1,1,0,128,333,960,757,748,933,990,361,351,170,370,40,203,876,74,180,584,945,1001,360,906,726,38,679,999,785,211,113,243,310,4,14,849,70,127,122,129,91,106,73,74,106,99,87,54,68,67,113,71,105,87,72,77,43,65,49,60,90,59,55,49,56,91,85,80
[ 30.855267] wil6210-aoa$0,1606461629.637378,04:d6:aa:c1:38:97,2,1,1,0,128,317,916,824,812,913,992,897,182,152,327,525,1003,845,40,241,605,864,920,428,919,715,56,700,1009,195,364,109,220,390,4,422,165,65,124,110,117,86,97,65,66,98,90,80,49,61,60,102,62,93,78,67,68,39,55,44,53,78,48,48,42,48,74,76,71
[ 30.886303] wil6210-aoa$0,1606461629.668414,04:d6:aa:c1:38:97,2,1,1,0,128,280,917,743,777,937,3,380,366,184,364,91,210,862,75,182,562,928,940,854,736,713,13,712,1008,188,336,145,232,427,83,557,372,68,129,114,121,92,103,70,71,100,95,88,54,67,65,113,66,102,84,75,72,45,64,51,60,91,59,58,48,58,88,90,79
[ 30.914589] wil6210-aoa$0,1606461629.696696,04:d6:aa:c1:38:97,2,1,1,0,128,290,917,794,781,2,3,437,442,214,404,13,234,838,104,192,618,958,988,384,927,731,17,713,10,253,415,100,238,425,78,790,492,69,126,116,124,90,104,71,71,104,99,86,57,67,69,116,75,105,88,75,78,49,68,54,68,97,65,60,54,63,96,97,92
[ 30.946394] wil6210-aoa$0,1606461629.728507,04:d6:aa:c1:38:97,2,1,1,0,128,710,706,230,570,418,842,892,208,200,366,54,192,855,59,194,629,897,997,405,913,750,79,645,979,733,178,96,218,344,40,499,260,70,128,119,124,92,104,70,72,103,96,88,57,69,66,117,71,106,87,76,77,46,67,53,66,94,61,58,54,62,93,96,89
[ 30.975065] wil6210-aoa$0,1606461629.757172,04:d6:aa:c1:38:97,2,1,1,0,128,258,895,187,511,402,839,357,371,195,376,72,190,828,58,193,568,953,994,335,921,788,77,777,36,152,322,63,187,838,863,144,957,65,127,116,125,87,102,70,71,102,97,87,55,66,65,114,70,106,83,74,78,47,65,51,64,95,60,59,50,61,92,92,85
[ 31.002054] wil6210-aoa$0,1606461629.784167,04:d6:aa:c1:38:97,2,1,1,0,128,263,938,750,761,373,808,896,223,171,398,40,179,821,37,182,534,918,951,387,945,695,12,720,46,184,369,131,227,444,111,408,206,68,130,116,122,89,102,71,69,103,97,86,54,66,64,113,70,106,84,74,76,44,67,50,61,90,59,55,48,56,89,84,80
[ 31.028071] wil6210-aoa$0,1606461629.810177,04:d6:aa:c1:38:97,2,1,1,0,128,298,929,777,807,898,1014,884,207,180,409,1019,153,815,27,217,603,939,991,299,862,675,971,238,863,689,170,77,194,380,27,548,327,66,128,115,125,89,102,69,72,99,94,89,56,68,64,113,72,106,85,73,73,46,66,52,61,90,59,57,51,58,88,93,85
[ 31.061451] wil6210-aoa$0,1606461629.843559,04:d6:aa:c1:38:97,2,1,1,0,128,334,969,829,786,897,989,357,358,123,368,28,178,816,36,257,622,889,936,387,898,726,22,745,36,200,368,143,271,326,41,55,789,60,119,109,114,83,97,65,65,96,90,83,54,62,60,109,68,98,80,71,70,44,62,50,60,85,57,55,51,57,86,92,86
[ 31.092745] wil6210-aoa$0,1606461629.874857,04:d6:aa:c1:38:97,2,1,1,0,128,808,781,784,745,421,826,887,200,114,348,2,153,806,10,153,536,842,940,329,882,710,1016,174,812,666,129,67,198,369,24,952,752,70,128,118,125,90,105,70,72,105,94,91,58,69,66,116,72,105,86,76,74,48,68,52,66,92,63,58,51,60,94,95,86
[ 31.118805] wil6210-aoa$0,1606461629.900917,04:d6:aa:c1:38:97,2,1,1,0,128,254,911,772,801,953,1014,860,192,153,334,63,229,865,85,202,626,899,969,428,938,701,44,685,1004,258,401,101,229,353,56,292,59,68,129,114,124,89,105,70,70,103,95,86,53,66,64,113,69,104,83,72,72,46,64,49,60,90,55,54,47,57,89,87,80
[ 31.150508] wil6210-aoa$0,1606461629.932621,04:d6:aa:c1:38:97,2,1,1,0,128,292,971,784,763,942,991,913,243,205,419,27,205,794,50,636,382,233,670,834,672,193,831,223,891,210,352,609,32,361,28,931,713,67,126,114,124,88,105,71,70,104,98,87,55,66,64,112,72,103,84,72,75,47,66,52,65,91,58,59,52,58,90,93,88
[ 31.176462] wil6210-aoa$0,1606461629.958575,04:d6:aa:c1:38:97,2,1,1,0,128,288,909,783,753,474,842,376,392,163,343,83,230,838,57,191,596,930,1022,392,953,687,21,690,16,181,328,85,192,378,26,264,970,70,131,117,125,92,105,69,69,105,94,86,55,66,62,110,68,102,82,72,73,45,60,49,60,87,54,54,47,52,84,87,79
[ 31.205797] wil6210-aoa$0,1606461629.987905,04:d6:aa:c1:38:97,2,1,1,0,128,263,921,794,807,926,2,831,169,707,241,77,261,829,35,194,583,880,974,376,907,696,6,731,18,262,391,151,241,381,28,43,808,70,132,121,127,93,105,71,73,105,101,86,54,67,67,118,73,105,86,75,77,45,65,51,63,93,59,58,49,56,90,88,82
[ 31.231993] wil6210-aoa$0,1606461630.014106,04:d6:aa:c1:38:97,2,1,1,0,128,792,715,776,756,951,1004,454,414,159,341,469,981,257,818,162,539,895,935,351,867,172,822,163,800,180,319,88,211,339,69,55,909,59,118,108,116,80,92,59,63,92,84,73,42,54,51,96,61,86,73,64,61,35,51,38,48,74,41,41,38,40,67,64,56
[ 31.261973] wil6210-aoa$0,1606461630.044081,04:d6:aa:c1:38:97,2,1,1,0,128,319,966,794,760,989,11,397,387,209,384,522,16,868,27,217,590,918,978,421,961,661,3,157,822,655,120,565,12,363,28,350,42,68,128,119,125,93,107,73,73,105,97,90,57,65,65,115,73,106,86,74,77,45,67,53,63,94,61,60,52,59,91,94,87
[ 31.294831] wil6210-aoa$0,1606461630.076939,04:d6:aa:c1:38:97,2,1,1,0,128,290,936,805,794,900,991,442,395,188,403,97,213,855,62,183,541,876,933,431,969,109,824,229,854,208,369,142,241,374,60,387,130,68,127,118,124,93,106,69,72,104,100,89,58,69,69,121,77,107,88,74,80,49,70,54,65,95,63,60,55,59,95,98,93
[ 31.327991] wil6210-aoa$0,1606461630.110097,04:d6:aa:c1:38:97,2,1,1,0,128,718,713,235,563,916,986,416,382,168,388,1002,159,292,854,724,433,886,990,427,983,714,13,760,25,744,239,165,304,394,43,427,252,67,127,117,124,93,105,70,71,104,99,87,58,68,67,117,71,106,86,75,78,46,69,51,63,94,62,60,51,58,90,96,89
[ 31.362631] wil6210-aoa$0,1606461630.144744,04:d6:aa:c1:38:97,2,1,1,2,128,718,713,235,563,916,986,416,382,168,388,1002,159,292,854,724,433,886,990,427,983,714,13,760,25,744,239,165,304,394,43,427,252,68,127,118,124,93,106,69,72,104,100,89,58,69,69,121,77,107,88,74,80,49,70,54,65,95,63,60,55,59,95,98,93
[ 31.389263] wil6210-aoa$0,1606461630.171375,04:d6:aa:c1:38:97,2,1,1,0,128,846,771,243,578,994,5,442,419,172,421,16,168,197,800,629,321,379,736,850,684,154,783,171,849,668,157,625,43,350,10,828,679,64,125,111,120,90,100,68,68,103,97,87,52,64,63,111,70,100,80,71,73,44,66,54,63,88,58,57,51,59,92,92,86
[ 31.419273] wil6210-aoa$0,1606461630.201384,04:d6:aa:c1:38:97,2,1,1,0,128,315,921,192,502,328,782,834,158,654,192,449,982,848,44,695,406,815,898,824,707,154,859,149,833,701,205,75,208,821,836,515,320,67,127,114,124,91,103,68,70,101,95,88,54,67,64,114,72,106,86,75,76,46,66,53,63,90,60,57,53,58,91,94,88
[ 31.445634] wil6210-aoa$0,1606461630.227747,04:d6:aa:c1:38:97,2,1,1,0,128,344,935,803,779,976,1022,410,406,114,331,61,182,898,74,187,559,993,1005,405,951,708,7,210,870,223,374,99,218,406,55,261,33,67,128,114,124,90,103,70,71,101,93,87,55,68,62,115,70,102,83,71,72,45,65,49,60,91,56,58,48,58,90,92,84
[ 31.473382] wil6210-aoa$0,1606461630.255491,04:d6:aa:c1:38:97,2,1,1,0,128,272,920,771,801,948,1,387,407,175,366,485,1009,300,901,150,544,383,796,371,920,725,39,776,78,184,352,38,180,398,45,946,802,69,135,118,126,91,105,70,73,105,98,90,57,68,65,118,73,105,85,74,77,48,68,51,65,94,60,61,52,60,93,95,90
[ 31.506338] wil6210-aoa$0,1606461630.288447,04:d6:aa:c1:38:97,2,1,1,0,128,733,684,806,765,366,815,844,228,585,105,524,1017,839,73,191,557,271,739,347,906,684,32,725,53,197,344,559,46,827,867,333,194,71,131,118,126,93,107,70,72,105,100,89,54,69,64,115,72,105,85,71,76,47,67,53,63,93,58,59,50,58,90,89,85
[ 31.533480] wil6210-aoa$0,1606461630.315590,04:d6:aa:c1:38:97,2,1,1,0,128,223,913,175,567,963,1011,866,207,661,207,55,201,806,23,678,383,345,791,866,744,124,844,783,74,220,339,81,184,862,886,529,398,69,130,119,128,92,106,70,73,105,99,86,53,66,64,112,71,104,85,72,71,45,63,49,61,92,56,56,49,53,87,87,78
[ 31.569699] wil6210-aoa$0,1606461630.351808,04:d6:aa:c1:38:97,2,1,1,0,128,831,781,721,737,378,829,843,173,158,384,46,168,760,1005,651,350,394,780,792,667,244,886,164,870,672,147,138,256,384,105,634,356,68,129,119,127,94,104,72,72,105,95,88,57,65,64,115,71,103,82,74,73,45,64,51,60,88,56,58,49,57,90,90,84
[ 31.600804] wil6210-aoa$0,1606461630.382917,04:d6:aa:c1:38:97,2,1,1,0,128,322,940,809,831,962,1017,403,377,220,367,27,188,836,60,658,363,316,747,389,928,769,28,763,64,220,371,73,205,400,32,546,274,70,133,120,128,96,109,73,73,108,103,91,59,68,69,120,75,112,88,77,79,49,70,55,65,96,64,62,54,63,95,99,92
[ 31.632398] wil6210-aoa$0,1606461630.414510,04:d6:aa:c1:38:97,2,1,1,0,128,328,914,745,735,981,1016,379,357,166,359,33,154,237,814,722,410,881,940,354,894,738,36,675,10,170,345,83,234,376,53,218,1017,70,135,123,128,95,107,73,76,105,97,88,57,69,66,114,74,107,87,76,79,47,67,56,66,97,61,61,53,62,97,96,89
[ 31.659307] wil6210-aoa$0,1606461630.441420,04:d6:aa:c1:38:97,2,1,1,0,128,356,969,747,764,391,821,368,386,161,360,54,205,845,44,250,611,851,931,840,731,139,813,229,853,699,148,117,221,342,25,383,58,73,133,122,127,96,112,76,75,108,103,93,62,73,71,126,78,113,91,79,80,50,73,58,69,101,66,66,59,65,100,105,98
[ 31.690944] wil6210-aoa$0,1606461630.473052,04:d6:aa:c1:38:97,2,1,1,0,128,799,792,773,775,999,9,398,417,216,396,125,212,824,23,675,409,287,729,897,770,736,45,701,1,229,404,102,221,375,6,430,229,70,132,119,129,93,107,69,73,105,99,88,56,70,65,116,72,106,87,75,76,46,65,53,63,92,58,59,47,56,90,91,80
[ 31.721731] wil6210-aoa$0,1606461630.503844,04:d6:aa:c1:38:97,2,1,1,0,128,360,1010,751,779,426,862,886,193,202,367,64,183,835,11,158,532,906,942,396,905,768,43,162,849,673,151,566,20,858,860,937,710,61,113,105,111,84,95,64,64,95,88,80,52,61,60,110,67,96,77,67,71,45,60,48,60,86,56,55,49,55,83,88,83
[ 31.747782] wil6210-aoa$0,1606461630.529895,04:d6:aa:c1:38:97,2,1,1,0,128,286,898,774,753,967,15,372,351,191,401,69,233,816,23,207,609,885,947,327,910,714,31,746,55,185,359,137,241,381,36,120,42,71,128,122,128,96,110,71,74,108,104,89,58,72,68,124,76,108,89,78,79,48,68,57,69,97,66,60,56,62,97,100,95
[ 31.779568] wil6210-aoa$0,1606461630.561682,04:d6:aa:c1:38:97,2,1,1,0,128,776,720,738,777,930,984,919,272,219,406,63,257,766,35,208,574,837,935,820,732,189,849,716,27,240,403,153,233,277,987,986,873,70,131,121,127,97,109,73,75,106,101,91,62,69,66,123,75,109,86,76,78,47,69,52,65,94,61,61,51,60,94,93,88
[ 31.809548] wil6210-aoa$0,1606461630.591659,04:d6:aa:c1:38:97,2,1,1,0,128,783,718,787,743,930,1012,404,393,179,371,1011,182,784,25,140,560,894,953,363,876,711,24,755,57,196,392,48,192,377,51,802,551,67,128,112,120,89,105,68,69,100,95,87,55,66,64,115,70,103,83,72,75,47,67,54,66,92,62,60,53,63,93,97,93
[ 31.836302] wil6210-aoa$0,1606461630.618415,04:d6:aa:c1:38:97,2,1,1,0,128,277,940,721,722,1005,16,359,388,141,337,23,165,833,14,674,393,919,966,404,935,665,1016,711,18,170,342,559,22,379,32,520,263,72,132,120,129,97,111,73,75,110,103,91,60,71,69,126,75,112,89,79,80,51,72,57,68,100,66,64,58,65,102,102,98
[ 31.864674] wil6210-aoa$0,1606461630.646783,04:d6:aa:c1:38:97,2,1,1,0,128,282,923,753,752,411,759,863,194,153,376,1018,190,793,32,175,576,872,911,857,729,721,1001,225,836,686,150,125,247,319,997,726,599,63,117,106,113,85,95,66,65,96,88,79,53,62,59,107,66,96,79,66,69,44,61,47,56,82,55,53,46,53,83,81,78
[ 31.898680] wil6210-aoa$0,1606461630.680790,04:d6:aa:c1:38:97,2,1,1,0,128,250,898,825,848,999,36,387,381,172,394,68,219,838,68,193,556,961,992,341,898,776,64,700,17,203,361,136,249,376,43,412,226,59,116,106,111,82,92,59,63,91,85,76,47,54,54,97,61,88,74,64,66,36,52,42,50,75,48,45,39,45,71,71,64
[ 31.932095] wil6210-aoa$0,1606461630.714203,04:d6:aa:c1:38:97,2,1,1,0,128,736,689,783,734,965,1002,410,367,196,392,46,191,877,51,152,545,349,799,799,717,144,861,174,831,667,188,153,263,395,31,205,1002,66,124,112,119,86,97,65,68,96,90,82,49,60,59,106,64,94,79,68,69,41,59,47,56,83,52,48,43,50,80,74,70
[ 31.965563] wil6210-aoa$0,1606461630.747677,04:d6:aa:c1:38:97,2,1,1,0,128,218,862,838,784,934,987,401,374,649,177,109,229,223,843,644,389,929,948,396,923,655,984,764,15,184,349,96,257,369,37,668,402,62,116,106,111,82,96,63,63,92,89,82,51,62,59,106,65,98,74,68,69,40,59,48,59,85,55,54,47,55,82,86,82
[ 31.991744] wil6210-aoa$0,1606461630.773858,04:d6:aa:c1:38:97,2,1,1,0,128,273,902,807,773,911,934,939,246,91,291,596,57,202,806,670,403,323,749,376,881,764,82,638,963,727,191,104,214,348,35,572,302,65,130,115,122,90,103,64,69,100,94,84,49,65,64,110,69,100,83,70,72,43,62,48,58,88,53,52,46,53,79,82,75
[ 32.018949] wil6210-aoa$0,1606461630.801062,04:d6:aa:c1:38:97,2,1,1,0,128,377,943,786,775,983,1009,452,443,191,396,25,187,833,37,159,587,887,948,387,938,743,17,772,67,171,377,158,260,373,34,414,132,71,126,118,126,92,107,72,71,107,102,90,58,67,65,119,74,107,86,76,78,48,69,53,67,96,63,62,55,61,94,99,95
[ 32.051115] wil6210-aoa$0,1606461630.833228,04:d6:aa:c1:38:97,2,1,1,0,128,247,894,287,585,883,980,905,224,598,110,503,999,223,818,666,395,341,762,371,870,726,1016,759,4,204,323,118,199,848,842,833,735,64,126,115,120,87,103,66,69,101,96,84,50,63,63,108,67,99,80,71,72,42,57,48,58,84,50,51,42,47,80,79,69
[ 32.081287] wil6210-aoa$0,1606461630.863396,04:d6:aa:c1:38:97,2,1,1,0,128,285,925,755,779,1022,1005,419,388,181,338,83,175,807,23,128,531,351,741,818,675,202,819,236,916,240,395,140,269,300,19,556,336,70,129,117,124,93,107,72,70,106,99,89,59,71,66,123,74,108,88,77,78,49,70,56,67,95,64,62,53,63,96,102,94
[ 32.114391] wil6210-aoa$0,1606461630.896504,04:d6:aa:c1:38:97,2,1,1,0,128,303,957,735,757,863,970,379,360,635,184,77,180,793,1017,192,572,916,964,387,898,720,1010,191,902,645,108,122,236,356,15,665,450,70,127,119,123,94,105,70,71,105,98,90,57,67,66,117,74,107,84,74,77,45,64,52,62,90,59,57,51,58,90,94,84
[ 32.145285] wil6210-aoa$0,1606461630.927393,04:d6:aa:c1:38:97,2,1,1,0,128,731,723,758,743,982,1001,400,387,179,396,30,182,862,94,241,614,884,969,310,895,731,19,767,33,189,376,126,233,372,15,810,603,65,127,119,123,89,104,71,71,100,95,89,55,66,64,115,69,100,84,72,75,45,65,50,60,90,56,58,46,57,88,90,78
[ 32.172187] wil6210-aoa$0,1606461630.954300,04:d6:aa:c1:38:97,2,1,1,0,128,283,964,782,799,973,15,378,362,176,379,49,179,859,97,243,576,959,982,350,879,707,45,719,1022,229,384,142,257,384,30,417,183,63,125,115,120,86,100,69,70,100,92,88,54,65,63,113,69,103,84,72,75,44,63,48,60,91,58,54,48,55,88,81,74
[ 32.199070] wil6210-aoa$0,1606461630.981186,04:d6:aa:c1:38:97,2,1,1,0,128,344,945,723,715,413,824,918,189,209,435,1003,151,813,43,177,549,844,876,401,899,710,30,730,1006,652,149,535,1021,366,53,817,504,66,129,116,122,88,104,67,67,101,95,86,50,63,62,107,67,97,80,71,68,42,60,48,56,85,53,54,45,52,82,86,74
[ 32.230814] wil6210-aoa$0,1606461631.012922,04:d6:aa:c1:38:97,2,1,1,0,128,296,923,772,748,363,766,868,138,164,344,518,1010,248,864,627,358,286,723,845,714,196,838,752,55,182,371,161,281,369,56,541,260,66,129,115,120,92,106,69,69,104,97,89,57,67,64,117,71,105,85,72,75,46,66,52,64,91,59,58,52,59,91,95,88
[ 32.262508] wil6210-aoa$0,1606461631.044619,04:d6:aa:c1:38:97,2,1,1,0,128,264,891,761,770,936,977,362,386,181,347,56,193,750,3,180,552,921,939,418,908,775,78,701,1003,244,381,186,255,396,63,779,520,69,129,113,125,90,104,69,70,105,96,84,54,64,63,113,72,102,83,74,76,47,68,52,64,92,59,56,50,57,90,95,85
[ 32.289465] wil6210-aoa$0,1606461631.071578,04:d6:aa:c1:38:97,2,1,1,0,128,270,896,214,561,362,773,431,400,645,213,52,226,863,64,182,577,874,888,392,889,685,991,179,858,708,152,163,244,343,1006,1009,824,69,128,114,124,90,104,69,70,104,100,89,56,67,64,113,71,106,85,75,77,46,68,53,63,93,58,61,49,58,91,91,86
[ 32.316651] wil6210-aoa$0,1606461631.098764,04:d6:aa:c1:38:97,2,1,1,0,128,294,919,746,743,959,1014,406,410,141,331,46,215,877,101,233,634,911,959,415,938,734,36,787,43,201,375,131,233,306,26,30,878,66,119,112,119,86,102,69,69,99,97,84,57,66,65,117,73,103,85,73,74,46,68,53,65,91,63,61,52,63,97,98,93
[ 32.345126] wil6210-aoa$0,1606461631.127236,04:d6:aa:c1:38:97,2,1,1,0,128,794,756,749,734,923,993,438,434,205,368,50,200,818,24,188,545,385,782,325,880,701,1011,675,1008,203,391,97,229,396,91,876,625,66,127,116,126,89,104,69,69,104,97,87,56,66,64,114,70,103,84,74,75,44,62,50,61,88,55,55,48,56,87,85,78
[ 32.379858] wil6210-aoa$0,1606461631.161972,04:d6:aa:c1:38:97,2,1,1,0,128,254,895,772,755,370,798,891,199,216,422,27,199,793,19,276,634,940,947,437,962,731,65,694,15,179,344,102,196,851,907,77,929,71,136,117,125,95,107,69,73,108,98,88,55,68,65,113,71,105,84,73,74,43,64,50,62,88,55,55,48,55,83,86,80
[ 32.408698] wil6210-aoa$0,1606461631.190808,04:d6:aa:c1:38:97,2,1,1,0,128,729,727,879,841,969,8,399,384,139,332,496,16,859,66,223,599,315,763,388,914,744,69,723,44,696,158,619,72,379,52,436,202,64,127,113,124,84,100,67,69,100,94,83,51,64,59,106,66,100,79,70,72,42,59,48,56,87,51,51,44,50,82,80,73
[ 32.478441] wil6210-aoa$0,1606461631.260553,04:d6:aa:c1:38:97,2,1,1,0,128,294,907,790,763,904,1008,406,363,164,368,46,205,836,13,184,551,924,961,355,876,738,29,717,13,222,387,99,190,408,98,616,430,68,130,117,125,91,102,74,70,105,97,87,57,68,63,115,71,105,84,71,74,48,67,51,62,95,61,59,52,58,92,95,88
[ 32.512715] wil6210-aoa$0,1606461631.294823,04:d6:aa:c1:38:97,2,1,1,0,128,330,982,739,772,957,1021,434,374,209,348,53,177,887,38,214,573,927,964,431,921,772,75,676,1010,176,330,85,205,402,47,307,69,68,127,118,126,88,103,69,73,103,95,88,54,68,64,113,70,103,85,74,74,46,68,53,64,92,57,57,51,59,88,92,84
[ 32.542767] wil6210-aoa$0,1606461631.324879,04:d6:aa:c1:38:97,2,1,1,0,128,333,955,756,765,1004,35,370,344,200,399,6,166,830,53,270,651,924,985,381,920,660,1006,774,26,719,179,578,60,330,21,902,691,67,128,114,119,90,101,69,69,104,99,86,56,67,64,114,71,104,83,72,74,47,65,52,61,91,60,58,52,58,92,98,90
[ 32.576947] wil6210-aoa$0,1606461631.359055,04:d6:aa:c1:38:97,2,1,1,0,128,319,964,827,791,935,1014,856,167,695,233,88,236,884,67,229,599,961,992,373,890,720,31,694,1015,216,347,139,227,430,76,499,159,69,127,115,122,90,105,72,69,104,100,91,57,68,66,117,74,109,86,77,79,46,68,54,66,96,66,60,56,62,98,100,95
[ 32.611362] wil6210-aoa$0,1606461631.393475,04:d6:aa:c1:38:97,2,1,1,0,128,682,675,215,528,372,820,951,228,201,404,42,225,757,1021,649,350,315,733,865,715,695,1020,684,1017,152,307,608,44,813,805,614,462,67,124,119,126,90,103,70,72,103,98,88,55,66,62,119,72,103,85,74,77,45,67,51,65,95,62,60,53,59,94,94,88
[ 32.638890] wil6210-aoa$0,1606461631.421003,04:d6:aa:c1:38:97,2,1,1,0,128,346,941,796,806,901,976,918,215,200,385,544,7,815,34,206,556,858,935,411,910,724,26,750,34,218,353,83,209,308,1004,546,350,69,125,113,123,89,105,73,74,103,102,89,59,71,68,120,73,109,87,74,76,48,71,56,67,96,66,63,56,64,98,101,97
[ 32.671781] wil6210-aoa$0,1606461631.453888,04:d6:aa:c1:38:97,2,1,1,0,128,347,986,742,765,937,1009,409,417,160,376,101,244,845,32,187,586,926,981,430,917,677,1021,756,45,198,315,122,229,355,69,672,428,66,128,114,122,89,100,67,67,102,95,84,52,67,63,110,69,103,82,71,72,45,62,48,60,88,57,55,47,57,87,86,81
[ 32.703657] wil6210-aoa$0,1606461631.485773,04:d6:aa:c1:38:97,2,1,1,0,128,774,773,742,762,966,0,388,377,85,362,513,53,283,871,690,387,950,996,368,907,227,880,717,994,695,165,550,30,845,853,996,811,63,122,111,116,85,94,62,65,92,87,78,48,58,58,102,64,93,78,66,67,39,57,46,54,79,48,49,42,46,77,76,69
[ 32.735651] wil6210-aoa$0,1606461631.517755,04:d6:aa:c1:38:97,2,1,1,0,128,326,959,808,791,942,1018,448,434,142,361,16,200,859,82,201,612,879,939,484,971,731,83,731,42,636,156,124,226,426,80,744,538,66,125,109,119,87,99,65,66,99,92,82,52,62,61,110,68,96,80,68,71,41,58,48,58,84,53,50,44,49,80,81,72
[ 32.764012] wil6210-aoa$0,1606461631.546119,04:d6:aa:c1:38:97,2,1,1,0,128,275,842,253,567,946,990,421,383,123,332,67,244,853,55,201,588,961,991,395,926,685,38,660,1020,209,391,62,249,360,47,476,257,64,120,109,117,86,99,65,66,98,93,81,50,63,59,106,68,98,80,68,72,41,61,47,59,86,55,54,47,55,82,84,78
[ 32.800531] wil6210-aoa$0,1606461631.582641,04:d6:aa:c1:38:97,2,1,1,0,128,257,875,219,533,415,856,352,352,176,378,485,991,842,33,217,567,928,973,377,864,676,999,158,823,180,326,131,252,872,845,1013,823,69,133,119,128,95,104,70,72,107,99,87,56,67,64,118,72,105,83,75,77,47,65,52,62,94,57,58,51,59,92,88,82
[ 32.831797] wil6210-aoa$0,1606461631.613909,04:d6:aa:c1:38:97,2,1,1,0,128,300,936,780,769,907,12,855,194,702,190,45,181,816,56,197,545,877,934,331,877,732,3,731,1008,252,375,92,230,339,39,259,96,70,128,117,124,92,107,72,73,106,100,92,60,70,67,118,74,106,85,76,78,47,69,55,67,97,66,63,55,65,98,102,99
[ 32.858826] wil6210-aoa$0,1606461631.640934,04:d6:aa:c1:38:97,2,1,1,0,128,311,965,781,768,967,1,391,386,226,409,82,237,780,21,222,630,909,931,832,699,739,22,715,2,700,148,143,270,382,39,202,934,69,125,116,122,91,105,71,69,107,99,88,57,66,67,118,72,107,85,75,76,47,66,53,63,94,61,59,51,60,94,94,87
[ 32.890783] wil6210-aoa$0,1606461631.672896,04:d6:aa:c1:38:97,2,1,1,0,128,763,738,916,871,934,1013,439,408,119,329,49,184,814,44,250,625,910,985,338,929,667,997,769,25,611,133,140,254,338,29,977,716,65,129,112,119,90,104,68,70,104,97,88,55,68,65,117,74,103,84,75,76,46,65,52,63,89,58,58,52,59,86,91,88
[ 32.923138] wil6210-aoa$0,1606461631.705250,04:d6:aa:c1:38:97,2,1,1,0,128,306,921,795,760,935,995,864,166,114,307,70,217,785,5,257,576,892,942,318,884,682,9,740,24,230,378,128,265,338,17,821,538,68,127,115,122,90,104,70,70,103,97,88,52,68,63,113,70,103,84,73,73,46,64,51,60,89,56,58,47,57,88,89,80
[ 32.958372] wil6210-aoa$0,1606461631.740482,04:d6:aa:c1:38:97,2,1,1,0,128,786,743,137,543,348,798,416,371,195,371,25,185,259,841,632,334,346,741,802,691,154,811,229,845,687,164,568,25,367,20,457,297,67,127,116,122,89,102,69,70,102,94,88,54,66,62,114,69,100,81,73,72,44,64,49,61,89,56,57,51,55,89,89,82
[ 32.992417] wil6210-aoa$0,1606461631.774531,04:d6:aa:c1:38:97,2,1,1,0,128,269,930,740,756,394,824,852,195,559,111,546,10,841,67,250,653,844,963,804,695,108,815,192,862,178,282,598,33,855,852,200,85,68,124,116,119,94,107,71,72,103,98,89,57,69,63,120,70,104,85,75,76,46,67,54,63,92,62,59,53,59,93,94,87
[ 33.019888] wil6210-aoa$0,1606461631.802002,04:d6:aa:c1:38:97,2,1,1,0,128,268,866,206,531,943,1003,393,411,144,368,72,206,804,36,166,564,955,1015,349,864,793,47,841,104,149,364,122,199,329,9,340,92,66,128,116,125,88,104,66,70,102,95,88,52,65,63,114,71,103,83,71,74,46,66,51,64,93,61,60,53,59,92,93,88
[ 33.061816] wil6210-aoa$0,1606461631.843928,04:d6:aa:c1:38:97,2,1,1,0,128,319,943,799,785,946,1011,365,353,139,354,14,196,868,75,191,585,918,977,317,910,674,25,686,9,220,346,105,227,389,26,801,534,66,123,116,123,91,103,65,70,100,92,85,51,63,61,105,69,97,79,67,70,43,61,46,58,85,52,51,46,51,82,83,78
[ 33.094450] wil6210-aoa$0,1606461631.876563,04:d6:aa:c1:38:97,2,1,1,0,128,725,695,179,533,373,844,849,143,227,428,8,188,889,64,175,612,893,944,370,908,141,839,143,860,731,200,568,1007,848,840,878,738,67,127,115,120,93,103,69,71,103,97,88,56,67,64,117,72,103,83,72,74,48,67,52,62,95,62,61,52,60,89,95,89
[ 33.125917] wil6210-aoa$0,1606461631.908027,04:d6:aa:c1:38:97,2,1,1,0,128,767,779,754,720,414,825,904,248,169,338,77,231,801,45,679,431,928,984,397,921,725,42,670,45,665,164,557,1011,846,897,1000,750,70,128,118,123,93,105,70,69,106,99,89,55,67,66,114,70,105,87,75,73,46,66,53,66,94,62,61,53,61,93,95,90
[ 33.161702] wil6210-aoa$0,1606461631.943810,04:d6:aa:c1:38:97,2,1,1,0,128,318,968,755,745,973,21,410,403,144,398,1021,186,801,37,121,548,270,717,850,713,172,849,741,21,206,370,108,239,436,73,59,886,72,127,122,127,96,111,73,74,109,102,91,60,73,69,123,78,110,87,79,81,50,71,57,71,99,68,64,58,67,101,105,100
[ 33.196548] wil6210-aoa$0,1606461631.978661,04:d6:aa:c1:38:97,2,1,1,0,128,247,896,871,835,995,31,370,432,151,368,80,245,776,23,162,568,933,979,807,706,714,32,731,43,223,383,103,220,384,49,423,130,70,127,122,129,89,106,71,72,106,97,90,55,68,64,118,74,105,84,73,77,44,65,51,64,95,57,59,50,58,89,91,83
[ 33.223701] wil6210-aoa$0,1606461632.005814,04:d6:aa:c1:38:97,2,1,1,0,128,779,743,819,800,927,980,476,445,142,332,49,210,705,949,642,348,871,925,365,894,738,61,689,21,176,358,90,220,391,52,218,11,71,130,115,124,94,108,72,72,103,103,89,59,70,68,124,76,109,87,78,81,50,71,57,68,97,67,66,58,66,100,103,98
[ 33.251296] wil6210-aoa$0,1606461632.033409,04:d6:aa:c1:38:97,2,1,1,0,128,323,945,738,753,874,930,420,404,135,349,50,172,821,31,196,588,929,987,403,941,692,28,674,6,152,316,97,238,386,57,246,989,65,129,113,123,89,100,66,69,98,93,83,53,62,62,107,65,95,79,70,71,41,59,46,55,82,51,51,43,51,76,78,73
[ 33.284336] wil6210-aoa$0,1606461632.066448,04:d6:aa:c1:38:97,2,1,1,0,128,803,745,775,765,906,1003,388,411,669,214,66,203,790,17,725,381,411,802,906,701,710,1,186,855,206,370,567,7,841,860,98,884,67,131,116,122,86,104,67,68,102,96,86,53,65,63,110,68,99,84,70,74,43,65,49,60,90,57,56,52,58,90,91,87
[ 33.311469] wil6210-aoa$0,1606461632.093585,04:d6:aa:c1:38:97,2,1,1,0,128,326,945,826,817,928,1014,446,417,142,339,96,220,832,34,185,591,933,943,399,892,201,825,219,853,661,127,142,298,336,11,142,995,67,128,114,122,93,105,69,70,107,99,86,55,67,65,117,72,105,85,73,76,47,66,51,61,90,59,57,50,56,90,92,86
[ 33.340016] wil6210-aoa$0,1606461632.122124,04:d6:aa:c1:38:97,2,1,1,0,128,259,918,751,746,953,29,467,461,178,341,43,206,272,903,672,435,892,964,831,661,193,827,772,33,223,397,121,225,337,1018,154,1018,66,126,112,124,89,103,68,70,104,96,86,55,68,66,116,73,105,85,74,78,44,66,52,65,92,62,61,51,60,92,98,90
[ 33.375656] wil6210-aoa$0,1606461632.157765,04:d6:aa:c1:38:97,2,1,1,0,128,744,713,255,537,418,821,804,112,619,149,568,1016,329,910,133,500,389,764,791,684,749,14,735,23,174,346,587,42,368,47,855,730,70,124,116,123,92,106,69,70,101,100,91,59,71,66,120,74,105,87,78,78,48,69,56,69,93,62,60,54,63,95,99,95
[ 33.412344] wil6210-aoa$0,1606461632.194426,04:d6:aa:c1:38:97,2,1,1,0,128,770,761,168,547,405,832,388,380,140,365,1020,197,819,31,225,591,971,960,395,944,726,2,751,54,681,225,107,222,383,29,998,745,63,123,114,118,87,99,68,66,101,94,84,54,65,63,111,70,102,82,69,72,44,65,49,58,88,56,52,47,55,88,87,81
[ 33.449141] wil6210-aoa$0,1606461632.231249,04:d6:aa:c1:38:97,2,1,1,0,128,265,886,744,766,943,971,427,440,168,356,70,226,781,14,218,577,880,972,370,885,696,1013,162,814,662,125,586,16,429,75,294,141,67,124,114,120,87,103,67,68,100,93,87,53,64,62,111,70,101,82,71,72,44,64,49,62,90,56,56,49,58,88,89,81
[ 33.485050] wil6210-aoa$0,1606461632.267160,04:d6:aa:c1:38:97,2,1,1,0,128,314,923,756,762,954,1014,431,437,100,338,548,38,255,881,659,369,971,994,408,938,747,58,702,1017,200,365,96,210,787,817,1018,831,65,126,111,122,88,101,66,68,101,96,85,53,65,62,108,70,101,81,70,71,43,64,48,61,88,56,55,46,56,84,86,82
[ 33.521430] wil6210-aoa$0,1606461632.303537,04:d6:aa:c1:38:97,2,1,1,0,128,723,707,238,573,382,826,865,183,89,315,563,21,857,69,190,547,868,953,333,862,185,861,711,30,711,188,101,208,835,879,308,90,67,127,116,123,92,105,69,72,102,96,88,55,65,62,116,72,105,83,73,75,45,68,51,64,95,61,58,50,57,92,93,86
[ 33.553699] wil6210-aoa$0,1606461632.335812,04:d6:aa:c1:38:97,2,1,1,0,128,308,916,785,779,940,1004,843,185,522,81,505,14,304,901,198,605,870,936,433,941,102,829,722,20,227,381,112,235,388,57,731,567,68,130,116,125,88,105,68,69,102,97,87,54,66,64,111,69,102,85,72,75,45,62,50,61,88,53,54,48,53,85,88,80
[ 33.581507] wil6210-aoa$0,1606461632.363620,04:d6:aa:c1:38:97,2,1,1,0,128,274,921,767,792,906,1003,408,401,183,377,26,164,758,989,225,591,903,958,351,878,729,1014,159,812,725,156,618,31,370,1017,504,255,69,127,117,127,91,105,70,71,105,96,87,53,67,63,113,69,101,84,72,73,44,62,50,59,88,53,52,45,54,84,85,77
[ 33.619967] wil6210-aoa$0,1606461632.402080,04:d6:aa:c1:38:97,2,1,1,0,128,277,941,237,553,394,866,395,379,618,165,565,6,282,887,249,602,395,804,411,887,117,804,197,848,653,125,565,1012,876,888,329,147,71,130,118,126,95,111,73,73,106,101,91,60,71,69,123,74,112,90,75,80,50,70,54,68,96,61,61,57,62,98,99,93
[ 33.655090] wil6210-aoa$0,1606461632.437199,04:d6:aa:c1:38:97,2,1,1,0,128,289,946,797,796,938,987,927,226,185,366,62,191,268,903,188,594,938,992,304,851,746,38,694,7,189,374,110,219,444,95,791,538,70,127,115,124,88,105,70,70,104,98,87,55,66,66,114,70,102,83,74,76,45,65,52,64,88,57,57,50,56,88,88,84
[ 33.691294] wil6210-aoa$0,1606461632.473407,04:d6:aa:c1:38:97,2,1,1,0,128,296,944,747,782,959,20,424,397,184,375,63,200,864,98,208,584,910,972,364,919,694,998,184,855,683,166,118,253,423,54,18,753,64,127,115,121,89,102,67,70,99,94,85,54,62,60,112,67,102,83,70,74,43,62,51,59,88,56,58,50,55,87,89,82
[ 33.719319] wil6210-aoa$0,1606461632.501431,04:d6:aa:c1:38:97,2,1,1,0,128,309,899,267,564,436,826,879,194,617,145,471,1007,249,881,649,356,347,730,899,700,203,835,691,1007,730,171,131,254,351,11,539,338,65,127,111,118,89,101,69,68,100,96,85,51,61,63,110,68,102,83,71,74,41,61,50,61,88,55,56,50,57,88,87,83
[ 33.752782] wil6210-aoa$0,1606461632.534895,04:d6:aa:c1:38:97,2,1,1,0,128,335,941,748,759,903,1014,389,412,105,342,65,215,232,878,246,603,912,968,368,914,206,900,679,1008,670,174,557,5,825,857,968,848,65,127,114,119,89,103,67,70,99,93,84,53,60,60,109,68,100,81,71,73,45,61,50,60,87,51,53,44,53,85,82,76
[ 33.780778] wil6210-aoa$0,1606461632.562889,04:d6:aa:c1:38:97,2,1,1,0,128,312,962,769,771,966,1008,437,421,194,424,32,215,785,28,190,604,888,936,326,908,168,892,701,27,251,402,125,239,397,33,115,937,65,127,114,122,91,106,68,70,103,96,86,55,66,65,115,72,104,84,73,75,47,66,54,64,91,60,56,50,58,90,92,83
[ 33.813984] wil6210-aoa$0,1606461632.596094,04:d6:aa:c1:38:97,2,1,1,0,128,299,954,721,754,911,1016,380,379,131,357,96,238,792,16,191,588,934,993,414,919,737,12,774,37,655,169,161,243,354,34,710,418,66,123,115,119,90,102,68,72,100,96,84,53,67,62,113,69,104,85,71,74,44,66,51,60,90,57,58,49,58,89,94,87
[ 33.850042] wil6210-aoa$0,1606461632.632152,04:d6:aa:c1:38:97,2,1,1,0,128,304,914,804,785,894,1001,411,405,173,403,9,150,889,109,201,616,979,980,363,929,696,970,255,911,194,373,73,180,811,822,709,552,64,128,114,121,86,103,68,70,99,95,86,54,66,64,114,72,102,84,72,72,43,60,50,57,88,55,54,44,55,85,84,76
[ 33.883908] wil6210-aoa$0,1606461632.666020,04:d6:aa:c1:38:97,2,1,1,0,128,315,966,753,759,17,24,357,354,169,336,483,1004,306,891,195,548,930,922,826,693,768,39,755,41,165,327,166,268,278,1010,677,407,68,127,116,123,92,105,70,72,103,97,88,55,67,64,116,73,102,83,76,75,48,69,54,66,94,63,60,52,60,92,99,93
[ 33.911989] wil6210-aoa$0,1606461632.694102,04:d6:aa:c1:38:97,2,1,1,0,128,307,959,746,783,916,979,388,399,177,395,89,251,818,41,159,603,894,959,380,953,671,1019,713,1020,227,392,182,297,388,70,898,635,66,124,113,120,89,99,70,70,102,94,83,52,65,64,109,66,103,82,72,70,42,60,49,59,85,55,54,45,52,84,80,74
[ 33.940305] wil6210-aoa$0,1606461632.722418,04:d6:aa:c1:38:97,2,1,1,0,128,283,936,752,804,910,1003,365,415,170,380,63,250,825,46,235,588,874,947,419,948,787,59,758,39,198,343,101,239,360,48,223,996,68,128,117,124,93,105,69,71,102,95,86,54,65,65,117,70,103,84,73,76,44,65,51,63,92,58,57,50,58,86,93,84
[ 33.972127] wil6210-aoa$0,1606461632.754238,04:d6:aa:c1:38:97,2,1,1,0,128,318,911,240,566,476,859,885,203,212,414,91,163,825,29,175,546,907,940,359,898,754,27,730,10,278,399,98,214,453,69,336,54,68,129,115,122,92,105,70,71,104,97,88,54,66,65,118,71,104,87,74,76,45,65,52,62,90,58,58,51,58,89,91,87
[ 34.000881] wil6210-aoa$0,1606461632.782993,04:d6:aa:c1:38:97,2,1,1,0,128,251,880,223,580,909,1015,378,360,202,381,64,215,868,73,146,534,958,984,376,903,778,68,678,17,181,365,88,217,406,101,847,532,71,130,121,127,91,111,69,70,103,97,89,55,68,64,117,74,106,85,75,77,47,65,52,64,92,62,58,52,59,90,95,84
[ 34.032578] wil6210-aoa$0,1606461632.814687,04:d6:aa:c1:38:97,2,1,1,0,128,235,879,845,862,897,994,418,443,165,369,111,221,820,48,252,651,952,1018,411,967,742,115,678,25,235,389,89,214,370,35,224,991,70,129,116,125,94,105,70,74,103,98,89,58,70,68,120,74,109,88,77,78,48,67,56,65,95,60,61,52,60,92,96,88
[ 34.066879] wil6210-aoa$0,1606461632.848991,04:d6:aa:c1:38:97,2,1,1,0,128,779,747,780,761,956,1018,473,450,191,368,27,200,805,36,207,585,897,957,425,957,723,58,709,15,170,363,119,222,285,1018,518,308,49,94,86,94,68,75,49,52,76,67,64,38,46,46,82,51,72,59,52,52,31,44,34,42,63,38,37,33,38,58,58,56
[ 34.099727] wil6210-aoa$0,1606461632.881839,04:d6:aa:c1:38:97,2,1,1,0,128,282,939,793,761,357,773,871,123,666,152,525,1012,221,803,658,391,907,923,409,934,727,66,760,45,225,390,145,256,338,33,493,211,68,124,115,122,90,104,72,69,102,100,90,59,69,68,122,76,107,87,76,80,50,70,55,64,95,63,62,55,64,96,98,97
[ 34.130992] wil6210-aoa$0,1606461632.913101,04:d6:aa:c1:38:97,2,1,1,0,128,264,877,793,786,914,992,912,237,100,342,73,204,848,57,239,616,397,800,376,931,149,825,226,896,687,218,143,224,405,48,652,445,61,127,112,118,87,100,62,67,97,90,80,47,60,58,102,63,94,79,66,68,38,56,45,56,83,48,49,43,49,77,77,73
[ 34.166090] wil6210-aoa$0,1606461632.948202,04:d6:aa:c1:38:97,2,1,1,0,128,764,747,226,561,399,829,416,394,189,362,52,173,832,22,152,482,924,957,374,864,174,799,743,11,174,350,544,991,353,4,585,334,68,124,115,122,90,102,69,71,104,96,85,55,67,63,111,71,106,84,74,75,45,65,50,61,91,59,55,50,57,88,92,83
[ 34.198467] wil6210-aoa$0,1606461632.980575,04:d6:aa:c1:38:97,2,1,1,0,128,306,899,778,749,1,35,394,373,142,289,61,188,836,77,195,551,960,929,428,931,700,8,662,988,229,404,104,226,375,60,178,889,69,128,115,122,90,104,69,70,103,95,88,58,67,66,117,72,105,83,74,75,47,68,55,67,92,64,60,52,60,93,97,91
[ 34.232102] wil6210-aoa$0,1606461633.014214,04:d6:aa:c1:38:97,2,1,1,0,128,322,983,748,774,3,56,470,456,205,417,20,176,851,57,202,594,852,925,352,854,705,1007,757,10,267,398,73,217,369,55,434,153,65,127,111,119,86,101,65,67,100,94,86,55,65,62,111,70,100,82,71,75,45,61,51,58,85,53,52,44,53,83,82,75
[ 34.260349] wil6210-aoa$0,1606461633.042460,04:d6:aa:c1:38:97,2,1,1,0,128,321,972,817,788,924,1003,386,368,177,375,27,179,867,45,209,572,945,996,839,748,122,808,720,13,182,393,109,224,370,13,752,513,64,127,112,119,89,100,67,71,99,94,86,53,63,62,111,69,103,83,70,73,44,65,50,60,87,57,52,45,57,86,87,78
[ 34.294603] wil6210-aoa$0,1606461633.076716,04:d6:aa:c1:38:97,2,1,1,0,128,263,938,773,803,901,955,410,409,189,416,58,245,812,53,206,574,873,938,394,940,704,50,711,12,130,319,110,254,337,27,374,183,66,126,114,120,88,102,66,69,98,94,86,54,64,62,111,68,101,83,74,73,46,65,50,61,90,58,57,50,58,90,91,85
[ 34.328537] wil6210-aoa$0,1606461633.110649,04:d6:aa:c1:38:97,2,1,1,0,128,260,906,722,732,426,810,928,225,179,372,89,185,337,907,650,439,899,920,382,923,744,30,724,37,216,345,207,273,380,9,313,1013,67,126,115,118,90,103,68,70,105,97,85,55,68,65,115,70,104,85,74,73,46,66,53,62,93,60,57,51,60,89,91,86
[ 34.359631] wil6210-aoa$0,1606461633.141741,04:d6:aa:c1:38:97,2,1,1,0,128,257,919,802,767,943,978,535,490,155,334,38,167,802,6,231,598,932,961,801,710,724,52,720,26,166,357,79,236,376,52,88,797,70,132,119,128,92,107,71,74,105,99,90,58,69,68,121,76,106,86,75,79,48,68,55,65,95,62,57,51,60,94,95,88
[ 34.394472] wil6210-aoa$0,1606461633.176584,04:d6:aa:c1:38:97,2,1,1,0,128,278,938,707,730,374,815,883,185,170,350,54,227,738,1020,184,569,867,962,403,938,165,876,702,9,190,324,54,226,842,879,663,468,69,130,114,126,91,103,68,70,97,92,84,50,64,62,110,67,100,79,70,72,42,57,46,58,84,51,51,45,50,80,80,76
[ 34.428131] wil6210-aoa$0,1606461633.210238,04:d6:aa:c1:38:97,2,1,1,0,128,317,986,737,798,923,996,437,423,217,392,28,194,775,12,216,570,921,943,424,939,731,30,798,65,261,437,130,262,371,35,91,834,64,125,114,119,85,100,67,68,97,93,86,53,63,62,113,69,102,82,69,71,45,65,50,62,90,58,56,50,57,87,89,81
[ 34.461457] wil6210-aoa$0,1606461633.243569,04:d6:aa:c1:38:97,2,1,1,0,128,252,936,776,758,975,975,458,410,142,323,87,207,880,69,170,565,897,942,435,947,648,1021,729,21,218,379,81,224,324,1017,307,997,70,124,116,122,92,105,71,69,104,98,87,59,68,67,120,74,106,85,73,75,48,67,56,66,94,64,59,55,63,95,100,93
[ 34.490064] wil6210-aoa$0,1606461633.272173,04:d6:aa:c1:38:97,2,1,1,0,128,278,945,770,761,939,992,372,384,206,408,40,161,877,87,192,560,899,966,356,938,771,59,724,36,147,325,100,212,341,18,239,988,63,125,114,123,88,105,67,69,100,93,83,50,64,61,108,68,98,80,69,70,40,57,47,55,84,52,53,46,50,79,82,72
[ 34.523195] wil6210-aoa$0,1606461633.305307,04:d6:aa:c1:38:97,2,1,1,0,128,327,955,851,846,886,985,404,382,177,390,101,231,846,36,197,607,887,945,382,944,721,20,742,24,160,296,584,10,830,881,937,718,68,126,114,122,93,110,70,69,103,99,89,58,71,66,118,74,108,87,75,77,47,69,56,66,96,63,60,56,62,96,100,94
[ 34.551930] wil6210-aoa$0,1606461633.334037,04:d6:aa:c1:38:97,2,1,1,0,128,248,883,771,732,996,1020,357,370,124,368,41,186,774,36,215,600,888,915,422,938,702,1,782,79,224,402,100,226,386,54,16,866,66,127,114,123,91,103,68,70,102,93,86,54,66,63,112,70,102,84,71,74,46,63,49,62,90,59,54,48,56,88,93,81
[ 34.585361] wil6210-aoa$0,1606461633.367472,04:d6:aa:c1:38:97,2,1,1,0,128,359,952,759,772,396,818,414,396,155,373,59,200,831,33,234,562,946,975,340,884,733,68,680,25,172,362,108,251,345,49,444,294,66,127,116,120,89,102,68,69,101,96,82,51,64,65,111,68,99,81,72,75,43,62,50,63,90,59,58,50,58,89,89,86
[ 34.620671] wil6210-aoa$0,1606461633.402780,04:d6:aa:c1:38:97,2,1,1,0,128,309,907,816,772,948,963,421,400,158,374,58,221,782,44,149,538,934,977,380,895,667,8,757,61,213,361,182,272,317,25,682,386,69,126,114,120,93,107,70,70,104,100,89,58,69,66,119,72,106,84,75,78,48,69,58,67,96,63,61,55,62,97,101,94
[ 34.657810] wil6210-aoa$0,1606461633.439922,04:d6:aa:c1:38:97,2,1,1,0,128,304,909,268,610,943,979,431,412,131,355,92,210,754,8,135,504,379,781,391,905,681,1002,193,832,261,414,32,209,853,879,167,1023,77,144,129,140,101,116,78,79,119,110,99,63,75,71,133,78,117,95,86,86,52,74,61,72,106,70,66,58,68,103,111,104
[ 34.690383] wil6210-aoa$0,1606461633.472495,04:d6:aa:c1:38:97,2,1,1,0,128,267,912,817,829,881,958,420,398,194,386,116,219,802,27,191,570,932,997,353,932,628,1014,729,61,215,377,157,289,403,108,1000,745,70,128,114,125,92,106,67,68,105,99,90,59,68,64,116,72,105,83,75,76,46,66,54,65,91,59,59,53,60,92,97,92
[ 34.720604] wil6210-aoa$0,1606461633.502717,04:d6:aa:c1:38:97,2,1,1,0,128,404,975,798,793,906,941,885,197,217,414,52,246,811,48,210,568,908,928,399,924,658,1008,156,777,266,383,92,214,818,854,263,91,66,127,115,121,89,103,65,67,100,94,84,53,63,62,108,67,99,80,71,71,45,64,49,60,85,54,53,44,54,85,83,77
[ 34.752887] wil6210-aoa$0,1606461633.534994,04:d6:aa:c1:38:97,2,1,1,0,128,772,745,766,756,939,18,855,172,657,225,104,246,825,70,176,586,900,967,377,913,743,60,695,19,726,206,114,203,423,55,795,597,71,127,115,124,92,105,71,73,103,97,86,57,67,67,113,72,106,84,74,77,46,65,53,62,91,59,55,48,58,90,92,82
[ 34.789984] wil6210-aoa$0,1606461633.572092,04:d6:aa:c1:38:97,2,1,1,0,128,295,919,811,803,933,981,917,250,630,163,529,21,820,5,215,562,927,959,418,895,760,56,709,3,170,345,75,205,364,25,270,95,73,129,119,127,96,110,72,71,106,101,89,59,72,68,121,75,108,88,77,80,50,71,56,71,96,67,64,56,66,98,105,99
[ 34.825048] wil6210-aoa$0,1606461633.607160,04:d6:aa:c1:38:97,2,1,1,0,128,841,785,811,802,929,998,404,422,149,375,77,165,242,832,674,356,319,764,361,863,784,88,727,4,219,371,91,197,869,894,857,649,67,124,113,120,89,101,67,68,100,93,87,53,64,62,113,72,99,81,73,73,47,63,50,62,87,58,56,49,55,86,92,82
[ 34.857887] wil6210-aoa$0,1606461633.639992,04:d6:aa:c1:38:97,2,1,1,0,128,313,933,899,847,938,9,421,447,245,441,10,193,811,52,173,562,920,978,446,955,750,52,778,41,163,353,528,6,397,70,246,984,60,117,104,112,83,94,64,66,92,87,79,52,62,59,105,64,95,76,64,68,42,59,45,57,82,57,55,47,54,81,87,80
[ 34.886444] wil6210-aoa$0,1606461633.668556,04:d6:aa:c1:38:97,2,1,1,0,128,726,741,777,773,930,1021,407,439,126,373,90,229,278,889,219,583,309,716,863,732,195,864,201,870,225,386,150,295,360,37,818,526,70,128,116,122,93,107,71,72,105,100,87,57,69,65,117,74,108,86,76,79,48,69,55,67,94,62,63,54,63,95,104,93
[ 34.919502] wil6210-aoa$0,1606461633.701611,04:d6:aa:c1:38:97,2,1,1,0,128,280,893,861,795,15,61,420,421,208,431,31,158,848,78,266,618,915,982,319,880,160,855,696,1001,187,349,52,171,842,861,661,516,69,125,115,123,91,105,71,68,105,101,87,56,67,63,118,71,106,85,73,75,47,69,51,63,92,60,60,53,59,90,94,86
[ 34.949928] wil6210-aoa$0,1606461633.732035,04:d6:aa:c1:38:97,2,1,1,0,128,339,948,778,744,391,778,904,216,147,338,72,210,789,17,228,622,845,909,861,722,734,10,728,9,208,348,110,199,382,41,608,344,67,126,113,122,91,104,70,69,101,97,87,56,66,63,117,71,104,84,71,74,47,67,50,63,91,59,58,50,59,90,91,84
[ 34.987178] wil6210-aoa$0,1606461633.769291,04:d6:aa:c1:38:97,2,1,1,0,128,316,926,823,816,980,24,373,388,162,360,1023,166,250,844,614,311,369,743,903,677,236,882,730,1013,277,402,79,226,406,95,591,378,67,127,112,120,92,102,69,70,105,97,87,54,67,65,113,71,103,84,73,76,46,66,52,62,91,57,58,51,58,91,92,89
[ 35.018993] wil6210-aoa$0,1606461633.801102,04:d6:aa:c1:38:97,2,1,1,0,128,288,923,878,880,948,1007,465,461,213,440,102,242,902,107,159,599,858,950,399,927,792,46,810,76,252,408,184,271,387,81,494,258,63,127,113,119,87,97,65,68,96,92,82,50,63,61,106,64,98,81,70,70,41,58,48,54,83,52,54,44,53,82,82,73
[ 35.054486] wil6210-aoa$0,1606461633.836597,04:d6:aa:c1:38:97,2,1,1,0,128,364,949,751,732,985,1013,395,396,184,380,67,172,852,59,165,577,945,993,346,906,733,33,783,54,267,408,168,270,389,62,586,301,65,126,114,123,88,99,67,70,98,94,86,53,64,62,111,70,97,81,70,71,42,59,48,58,83,54,53,46,53,84,87,82
[ 35.088128] wil6210-aoa$0,1606461633.870235,04:d6:aa:c1:38:97,2,1,1,0,128,297,927,778,748,913,1002,802,157,647,164,63,228,785,32,230,593,902,964,833,700,197,893,766,41,242,380,170,277,351,70,134,760,65,125,114,121,88,101,66,70,95,91,85,49,60,61,106,66,98,79,69,70,43,59,45,56,85,54,49,44,50,81,79,72
[ 35.121576] wil6210-aoa$0,1606461633.903688,04:d6:aa:c1:38:97,2,1,1,0,128,758,734,846,807,965,1017,490,458,162,383,32,179,776,1020,620,392,880,965,846,719,195,878,137,853,223,394,98,193,419,54,896,597,65,125,111,120,86,99,67,69,99,91,85,53,62,62,108,68,101,80,71,73,43,63,49,61,89,57,53,47,56,88,84,79
[ 35.153104] wil6210-aoa$0,1606461633.935211,04:d6:aa:c1:38:97,2,1,1,0,128,334,997,759,800,931,989,364,407,161,385,87,200,940,95,253,629,872,932,854,720,778,42,674,1011,207,392,197,270,392,53,319,3,65,125,115,121,88,100,69,68,100,95,85,54,65,62,112,67,101,80,72,71,44,60,49,58,85,52,53,45,53,83,85,80
[ 35.191187] wil6210-aoa$0,1606461633.973295,04:d6:aa:c1:38:97,2,1,1,0,128,360,992,791,777,969,8,410,413,158,400,49,209,871,57,149,529,961,987,385,904,707,39,763,23,279,386,169,264,381,49,78,742,69,132,117,128,92,106,68,72,105,97,88,55,67,65,116,72,105,83,75,74,45,63,51,61,89,53,56,48,53,84,88,80
[ 35.224657] wil6210-aoa$0,1606461634.006769,04:d6:aa:c1:38:97,2,1,1,0,128,310,947,821,830,898,982,416,392,230,420,82,222,805,48,192,584,963,1008,403,931,755,13,732,3,235,354,145,272,321,21,528,239,69,129,119,126,93,107,71,74,103,96,90,56,68,65,119,72,104,86,73,75,45,64,53,63,94,59,57,52,55,88,91,86
[ 35.258031] wil6210-aoa$0,1606461634.040143,04:d6:aa:c1:38:97,2,1,1,0,128,805,717,159,472,453,843,860,152,227,409,42,197,263,835,644,318,351,790,761,644,134,819,178,800,677,156,551,4,829,828,180,0,69,130,120,128,95,108,72,73,108,100,91,57,69,66,120,73,105,85,75,75,46,66,51,64,90,57,59,51,58,89,90,84
[ 35.291312] wil6210-aoa$0,1606461634.073422,04:d6:aa:c1:38:97,2,1,1,0,128,278,942,806,752,933,1000,435,414,203,390,6,162,860,51,220,594,1008,35,385,908,726,25,713,3,187,346,576,18,858,882,270,115,69,129,114,122,89,106,68,70,105,97,89,58,68,66,119,75,105,84,74,77,48,68,54,65,92,61,59,53,58,92,98,90
[ 35.320561] wil6210-aoa$0,1606461634.102674,04:d6:aa:c1:38:97,2,1,1,0,128,193,856,792,780,387,829,448,451,157,395,54,180,790,47,181,551,357,774,396,929,174,880,785,45,276,469,122,254,357,39,597,326,70,128,115,123,93,104,69,71,105,100,89,59,70,66,120,76,106,85,75,77,48,69,57,69,97,64,62,56,64,97,101,95
[ 35.353807] wil6210-aoa$0,1606461634.135917,04:d6:aa:c1:38:97,2,1,1,0,128,280,953,765,794,928,1009,471,435,191,375,73,216,817,15,243,579,871,934,399,895,697,990,766,6,214,369,199,259,395,76,170,893,63,126,110,123,86,99,64,68,99,91,83,50,64,62,107,67,99,83,71,71,41,63,47,60,84,54,51,45,53,83,80,72
[ 35.385717] wil6210-aoa$0,1606461634.167827,04:d6:aa:c1:38:97,2,1,1,0,128,338,968,834,793,965,11,444,414,190,410,52,209,798,33,236,616,934,949,398,907,632,1023,718,35,267,430,164,296,385,31,994,739,66,127,114,126,89,105,67,68,101,98,87,53,64,62,113,72,99,81,71,74,45,62,51,59,90,57,54,47,54,87,92,81
[ 35.422688] wil6210-aoa$0,1606461634.204801,04:d6:aa:c1:38:97,2,1,1,0,128,289,914,783,764,936,992,848,135,619,159,543,28,846,64,239,625,910,976,343,925,226,889,746,26,685,178,613,28,807,834,984,824,67,128,115,122,89,104,70,70,104,97,87,55,66,63,116,71,100,82,75,75,44,65,51,62,90,58,57,48,58,90,89,83
[ 35.452060] wil6210-aoa$0,1606461634.234173,04:d6:aa:c1:38:97,2,1,1,0,128,705,710,175,569,451,862,384,373,612,123,580,12,284,918,203,557,958,985,842,723,156,840,742,42,289,420,64,188,846,871,507,339,69,124,116,122,89,102,69,70,102,98,88,57,67,65,117,74,106,86,73,76,47,66,53,65,93,64,61,53,61,96,97,90
[ 35.481577] wil6210-aoa$0,1606461634.263688,04:d6:aa:c1:38:97,2,1,1,0,128,256,891,798,782,900,989,381,365,161,360,90,235,831,47,221,572,862,941,321,845,166,866,143,849,691,149,601,52,354,12,172,976,63,127,111,120,86,101,66,68,99,91,82,47,62,61,104,64,99,79,69,68,41,57,47,55,80,49,51,43,49,77,76,66
[ 35.510914] wil6210-aoa$0,1606461634.293026,04:d6:aa:c1:38:97,2,1,1,0,128,759,705,253,591,965,991,414,385,203,396,1007,153,790,38,173,617,841,936,362,912,153,843,145,846,678,178,542,34,338,12,703,458,69,125,117,125,88,104,71,71,102,97,88,56,67,66,117,74,103,84,73,76,47,67,53,66,93,63,59,53,61,93,98,91
[ 35.546012] wil6210-aoa$0,1606461634.328124,04:d6:aa:c1:38:97,2,1,1,0,128,276,929,735,758,945,1003,352,386,643,153,577,32,333,889,655,341,360,753,845,685,746,1019,769,63,194,323,77,212,389,25,932,795,67,126,114,118,88,101,66,67,104,95,82,52,64,60,107,66,99,79,71,71,42,61,47,57,87,51,52,44,54,84,85,75
[ 35.578547] wil6210-aoa$0,1606461634.360655,04:d6:aa:c1:38:97,2,1,1,0,128,253,926,833,828,943,1006,889,220,604,152,49,196,856,72,160,550,998,1007,342,878,723,11,694,21,217,333,167,249,370,45,269,10,71,128,120,127,93,110,74,72,102,99,89,54,71,65,118,75,104,87,74,76,46,66,52,64,95,60,59,51,60,91,95,85
[ 35.610970] wil6210-aoa$0,1606461634.393056,04:d6:aa:c1:38:97,2,1,1,0,128,343,980,818,842,995,2,390,384,164,367,61,229,858,74,296,630,901,935,399,903,713,11,703,1004,246,390,126,217,341,30,540,143,70,133,118,126,93,107,73,73,106,100,88,59,71,68,124,73,109,88,77,79,49,71,55,67,96,63,62,54,62,94,98,92
[ 35.655591] wil6210-aoa$0,1606461634.437703,04:d6:aa:c1:38:97,2,1,1,0,128,268,896,780,775,906,962,407,378,157,374,71,218,801,56,211,614,876,935,370,946,758,65,718,31,196,377,100,219,407,58,908,695,70,133,117,127,93,108,71,70,106,101,86,56,67,65,115,72,103,85,76,76,47,66,51,64,93,60,58,51,59,93,92,86
[ 35.690496] wil6210-aoa$0,1606461634.472609,04:d6:aa:c1:38:97,2,1,1,0,128,297,934,832,803,919,1019,405,378,158,379,47,186,815,12,638,367,344,749,436,931,758,38,709,46,214,363,111,223,842,860,525,358,64,125,114,119,86,97,68,71,98,92,81,47,61,59,104,67,99,78,68,70,40,57,47,55,80,51,50,43,50,81,80,69
[ 35.719922] wil6210-aoa$0,1606461634.502034,04:d6:aa:c1:38:97,2,1,1,0,128,273,900,859,833,892,970,408,385,236,421,44,205,830,66,218,595,907,984,342,879,769,73,727,9,176,374,78,217,336,1017,593,265,67,128,118,123,90,104,72,70,103,97,86,52,67,64,114,72,101,85,74,76,44,66,53,63,92,60,58,52,56,88,91,84
[ 35.755024] wil6210-aoa$0,1606461634.537133,04:d6:aa:c1:38:97,2,1,1,0,128,320,944,735,713,949,1014,482,455,222,409,18,165,817,54,211,557,881,911,805,704,774,15,779,34,243,360,149,211,415,36,833,588,69,127,114,121,91,101,69,70,103,96,86,54,67,64,117,72,106,85,72,75,44,64,51,62,93,57,59,51,59,89,88,83
[ 35.793489] wil6210-aoa$0,1606461634.575596,04:d6:aa:c1:38:97,2,1,1,0,128,778,719,759,748,974,8,352,426,112,339,19,186,822,79,162,571,969,1009,389,952,657,1002,740,30,769,244,114,207,396,47,450,174,69,124,114,122,90,103,71,71,103,98,91,59,71,67,116,73,106,85,73,76,48,69,55,66,95,63,61,53,64,94,102,92
[ 35.825108] wil6210-aoa$0,1606461634.607217,04:d6:aa:c1:38:97,2,1,1,0,128,286,934,849,850,975,2,419,408,159,382,79,200,829,58,235,607,935,984,430,934,722,24,779,62,203,370,133,221,332,30,99,805,65,120,110,116,83,98,67,66,97,91,84,56,65,62,112,67,102,79,71,73,44,65,51,61,90,59,58,50,59,89,94,88
[ 35.862223] wil6210-aoa$0,1606461634.644335,04:d6:aa:c1:38:97,2,1,1,0,128,787,742,269,606,416,852,845,207,723,271,10,205,273,880,695,420,930,923,380,912,795,71,741,5,180,313,573,32,391,44,839,636,68,126,116,122,90,106,71,70,102,97,88,58,71,65,124,75,106,85,75,78,49,70,56,66,96,66,64,56,65,96,102,96
[ 35.891631] wil6210-aoa$0,1606461634.673743,04:d6:aa:c1:38:97,2,1,1,0,128,300,950,715,711,950,1017,441,407,158,379,32,199,832,60,606,392,337,753,876,743,183,881,762,44,179,322,63,178,356,4,287,32,64,126,116,122,88,100,66,70,100,96,85,53,65,62,112,70,103,83,72,75,45,64,53,64,88,59,56,51,57,88,89,82
[ 35.921194] wil6210-aoa$0,1606461634.703302,04:d6:aa:c1:38:97,2,1,1,0,128,278,938,773,765,921,1004,331,345,700,244,54,193,812,51,217,615,900,958,412,932,769,64,754,51,216,371,138,256,360,40,433,136,69,127,114,121,90,105,69,70,102,100,86,55,66,63,116,69,103,83,73,75,45,67,54,65,90,63,58,51,60,92,96,91
[ 35.955420] wil6210-aoa$0,1606461634.737533,04:d6:aa:c1:38:97,2,1,1,0,128,785,733,271,607,424,818,850,175,638,183,88,198,835,32,195,580,873,948,819,668,197,870,697,1020,648,128,581,48,821,869,563,438,68,123,114,123,92,102,70,69,100,98,90,57,71,64,117,72,105,85,72,75,45,68,53,64,94,61,59,54,58,90,97,90
[ 35.985186] wil6210-aoa$0,1606461634.767300,04:d6:aa:c1:38:97,2,1,1,0,128,285,942,807,778,921,1003,917,279,226,411,16,167,897,77,160,542,938,965,374,884,718,25,689,1013,760,204,116,225,819,860,774,529,69,128,117,126,92,104,70,71,103,96,91,56,66,64,117,73,105,82,75,75,46,67,53,66,93,60,58,52,59,91,91,89
[ 36.015022] wil6210-aoa$0,1606461634.797134,04:d6:aa:c1:38:97,2,1,1,0,128,726,739,771,760,910,999,404,410,177,370,1008,120,213,826,647,360,305,725,368,875,212,852,120,812,662,170,41,130,856,845,298,103,69,130,116,126,92,106,73,72,107,100,88,61,68,66,119,72,106,84,76,76,46,67,51,64,93,58,57,51,59,92,94,88
[ 36.045280] wil6210-aoa$0,1606461634.827393,04:d6:aa:c1:38:97,2,1,1,0,128,324,927,794,773,902,978,437,400,128,356,85,256,832,70,166,572,817,931,408,921,697,1016,185,837,665,177,27,176,331,19,912,684,67,130,117,121,88,102,69,71,109,100,87,54,68,64,115,69,106,85,75,76,46,68,52,62,92,59,60,49,57,92,90,85
[ 36.077214] wil6210-aoa$0,1606461634.859327,04:d6:aa:c1:38:97,2,1,1,0,128,258,899,792,749,969,5,361,344,189,393,565,4,832,53,190,560,905,954,328,868,191,859,761,10,208,356,610,1,379,59,805,600,72,128,117,124,92,105,72,71,105,99,90,58,68,66,120,76,106,87,76,79,49,69,53,66,95,63,62,52,60,94,99,93
[ 36.111523] wil6210-aoa$0,1606461634.893636,04:d6:aa:c1:38:97,2,1,1,0,128,357,921,820,812,938,995,395,363,135,342,40,203,299,912,207,635,893,951,394,906,709,24,748,43,187,334,135,244,298,1009,565,260,68,126,115,123,90,104,68,71,103,98,86,55,70,64,118,71,105,84,73,76,46,65,54,64,93,59,54,49,57,88,90,83
[ 36.141485] wil6210-aoa$0,1606461634.923599,04:d6:aa:c1:38:97,2,1,1,0,128,300,935,778,760,435,856,447,418,181,357,74,190,805,1007,693,401,280,705,389,924,710,1012,681,978,714,201,617,63,335,36,190,8,67,126,113,121,88,101,68,67,102,97,87,54,64,64,115,70,103,80,71,74,46,63,49,60,87,56,55,48,55,87,89,79
[ 36.171552] wil6210-aoa$0,1606461634.953665,04:d6:aa:c1:38:97,2,1,1,0,128,249,910,813,828,854,941,469,396,125,337,75,184,849,75,164,570,966,1002,363,921,773,57,673,1001,222,386,149,254,346,31,82,888,67,126,114,121,90,103,69,69,104,100,86,54,69,64,115,71,102,83,74,74,45,66,51,65,91,59,59,51,62,91,93,90
[ 36.201497] wil6210-aoa$0,1606461634.983613,04:d6:aa:c1:38:97,2,1,1,0,128,311,936,791,781,901,978,401,365,136,359,529,7,791,20,687,394,281,712,843,708,747,38,761,53,184,353,69,191,387,31,946,745,68,125,113,120,92,102,69,69,102,96,87,56,68,64,119,72,104,86,74,76,47,68,54,67,95,63,61,54,63,96,99,96
[ 36.231363] wil6210-aoa$0,1606461635.013475,04:d6:aa:c1:38:97,2,1,1,0,128,309,913,254,577,422,842,379,366,196,400,51,193,320,915,187,598,926,983,352,944,721,82,758,25,205,354,117,210,398,46,559,386,68,124,114,121,91,104,70,69,98,97,89,56,67,65,118,73,103,84,72,76,47,67,52,64,93,62,61,54,61,92,96,89
[ 36.261454] wil6210-aoa$0,1606461635.043566,04:d6:aa:c1:38:97,2,1,1,0,128,315,937,845,793,981,1015,382,384,184,382,41,183,869,80,200,594,955,972,334,892,702,1,716,6,726,182,102,250,416,66,299,984,67,124,113,121,88,105,69,69,104,97,87,59,66,65,121,73,103,83,77,78,48,69,54,63,93,63,61,54,63,97,98,91
[ 36.291231] wil6210-aoa$0,1606461635.073344,04:d6:aa:c1:38:97,2,1,1,0,128,284,911,830,798,969,992,382,348,192,358,471,977,252,833,704,403,901,973,373,920,714,22,723,55,257,411,57,187,334,24,873,613,67,125,110,120,88,101,67,68,101,93,87,52,65,62,111,70,100,82,73,74,43,64,52,63,91,58,55,50,57,89,88,84
[ 36.327074] wil6210-aoa$0,1606461635.109187,04:d6:aa:c1:38:97,2,1,1,0,128,245,925,733,788,958,998,451,463,214,400,55,197,873,83,186,584,949,1002,421,929,711,28,765,51,309,455,103,217,429,73,457,130,69,126,114,121,89,104,66,69,102,95,87,56,66,65,115,73,103,85,72,73,46,66,51,63,91,58,55,48,60,90,92,85
