
[ 26.368614] wil6210-aoa$0,1606461626.607907,04:d6:aa:c1:38:97,2,1,1,0,128,292,952,767,772,966,0,889,202,664,171,51,208,859,105,175,610,923,984,378,921,728,65,735,58,299,432,161,288,389,71,300,1000,57,103,94,100,75,85,58,59,85,80,73,47,58,55,98,62,86,70,61,64,38,56,43,54,78,51,49,43,50,75,76,74
[ 26.421645] wil6210-aoa$0,1606461626.660938,04:d6:aa:c1:38:97,2,1,1,0,128,771,735,772,724,407,836,439,410,156,383,63,196,852,56,232,577,892,953,367,894,709,1016,745,2,224,382,111,210,363,53,971,780,58,107,100,105,76,87,60,60,88,83,75,47,59,56,99,62,89,70,63,65,40,56,44,54,79,50,48,42,49,77,76,71
[ 26.443631] wil6210-aoa$0,1606461626.682923,04:d6:aa:c1:38:97,2,1,1,0,128,261,924,853,854,902,1002,869,178,170,354,33,211,263,861,640,319,349,728,881,696,724,1021,742,1007,196,337,614,55,820,848,967,798,59,107,100,103,78,91,63,61,89,84,74,49,59,55,98,62,91,71,61,65,39,59,43,55,79,53,51,45,53,80,79,76
[ 26.473205] wil6210-aoa$0,1606461626.712495,04:d6:aa:c1:38:97,2,1,1,0,128,266,902,711,700,399,828,851,137,175,346,50,209,834,39,248,617,917,950,364,893,704,27,140,822,182,350,112,251,315,1011,625,334,62,110,97,105,80,89,59,59,88,84,74,48,58,56,97,58,89,74,65,66,40,55,46,57,78,53,51,47,51,81,80,78
[ 26.496767] wil6210-aoa$0,1606461626.736062,04:d6:aa:c1:38:97,2,1,1,0,128,771,708,239,577,407,817,921,265,140,351,92,211,228,845,682,375,365,759,402,897,714,1016,764,60,713,189,149,251,352,11,603,400,58,107,96,102,75,86,59,59,86,80,73,48,57,56,96,60,88,73,61,66,39,56,42,54,79,52,50,44,50,79,78,75
[ 26.522870] wil6210-aoa$0,1606461626.762163,04:d6:aa:c1:38:97,2,1,1,0,128,796,771,187,572,387,821,900,222,668,224,539,19,871,88,143,559,301,768,343,873,775,51,795,26,198,373,132,250,355,22,640,442,54,101,93,96,72,81,55,57,81,77,69,45,53,51,91,58,81,67,57,60,34,53,39,49,75,47,45,41,45,71,70,65
[ 26.554120] wil6210-aoa$0,1606461626.793409,04:d6:aa:c1:38:97,2,1,1,0,128,290,915,756,767,337,780,891,250,141,380,37,237,798,25,671,399,909,957,827,712,689,10,225,909,659,160,174,269,382,19,870,584,53,100,92,95,72,81,57,56,81,77,68,45,52,50,90,56,84,65,60,60,36,51,43,51,73,49,47,40,48,72,73,69
[ 26.578761] wil6210-aoa$0,1606461626.818055,04:d6:aa:c1:38:97,2,1,1,0,128,743,714,256,571,969,1011,387,352,625,149,470,994,193,832,621,319,359,768,868,705,187,842,234,919,229,380,104,216,790,842,936,816,56,110,97,103,77,88,59,59,88,83,76,48,60,57,99,60,91,72,63,63,38,55,45,52,77,53,50,45,49,77,81,74
[ 26.606878] wil6210-aoa$0,1606461626.846169,04:d6:aa:c1:38:97,2,1,1,0,128,317,967,814,826,956,1,419,426,200,413,82,229,831,86,184,572,949,990,344,873,750,46,719,1,265,384,144,268,349,24,909,619,57,108,98,104,78,88,58,58,86,83,71,46,57,54,97,59,86,70,61,63,39,53,43,51,75,49,49,42,48,72,76,68
[ 26.634640] wil6210-aoa$0,1606461626.873929,04:d6:aa:c1:38:97,2,1,1,0,128,266,887,817,751,951,10,390,361,183,366,102,220,851,47,204,587,850,900,337,886,200,890,719,12,235,385,148,251,362,38,103,860,58,106,100,105,80,91,61,60,90,86,77,50,60,58,100,63,92,74,65,66,41,59,48,58,81,53,53,47,53,83,83,79
[ 26.662525] wil6210-aoa$0,1606461626.901814,04:d6:aa:c1:38:97,2,1,1,0,128,297,936,785,791,913,1018,431,410,110,299,529,55,755,47,170,544,916,983,320,876,157,872,676,989,693,179,94,196,400,43,811,515,53,99,93,98,74,82,54,54,82,77,70,45,52,50,91,56,80,65,58,57,33,48,41,47,70,44,42,36,44,66,67,63
[ 26.685965] wil6210-aoa$0,1606461626.925259,04:d6:aa:c1:38:97,2,1,1,0,128,282,930,769,783,994,1018,394,386,211,404,17,166,822,44,213,600,918,952,400,957,742,68,707,42,238,369,109,220,392,42,305,91,59,108,97,103,80,88,58,59,87,84,74,49,57,56,99,61,89,72,66,66,38,57,46,56,77,53,51,45,49,77,80,76
[ 26.710346] wil6210-aoa$0,1606461626.949640,04:d6:aa:c1:38:97,2,1,1,0,128,291,932,803,811,944,1023,367,370,195,388,29,203,895,42,219,566,979,1007,348,885,221,863,732,15,209,332,117,213,391,50,662,376,57,103,93,97,76,85,58,58,83,80,72,49,55,55,98,60,87,70,63,62,39,56,45,54,78,53,51,46,53,78,81,76
[ 26.741923] wil6210-aoa$0,1606461626.981218,04:d6:aa:c1:38:97,2,1,1,0,128,256,951,808,811,916,998,405,399,215,409,69,202,801,12,210,570,947,996,372,892,751,45,693,14,190,334,94,221,867,879,890,642,56,101,91,96,74,87,56,57,84,79,72,47,55,53,95,60,86,71,61,63,39,57,45,55,76,53,51,45,52,75,79,75
[ 26.763833] wil6210-aoa$0,1606461627.003126,04:d6:aa:c1:38:97,2,1,1,0,128,262,949,726,734,355,802,870,188,609,158,525,47,775,19,205,578,921,989,849,696,196,860,144,817,689,186,553,0,421,40,446,178,61,110,100,106,81,90,63,62,89,83,77,50,60,54,102,65,89,72,65,68,42,58,47,59,82,58,52,47,54,80,84,77
[ 26.793400] wil6210-aoa$0,1606461627.032689,04:d6:aa:c1:38:97,2,1,1,0,128,271,908,774,772,976,36,418,410,236,451,39,227,832,28,188,564,868,944,896,783,753,40,718,11,240,390,209,305,367,44,60,774,52,100,92,97,71,81,53,55,80,76,68,43,50,50,86,55,81,65,55,59,35,50,39,47,72,43,43,38,46,67,71,64
[ 26.821661] wil6210-aoa$0,1606461627.060950,04:d6:aa:c1:38:97,2,1,1,0,128,282,912,850,808,994,17,510,473,126,361,11,143,784,12,206,577,929,974,410,921,753,32,742,30,191,362,85,207,439,52,674,332,62,110,100,102,78,89,60,60,89,81,75,47,58,55,98,61,86,71,64,63,39,55,46,54,79,50,50,45,49,73,77,71
[ 26.847819] wil6210-aoa$0,1606461627.087115,04:d6:aa:c1:38:97,2,1,1,0,128,740,744,243,641,871,954,959,240,194,339,49,199,792,66,582,327,314,762,820,694,193,869,139,812,717,142,639,39,360,45,80,872,58,107,99,103,80,90,64,61,90,85,78,52,59,56,104,64,91,72,65,68,41,58,47,58,84,57,53,47,56,84,85,82
[ 26.871925] wil6210-aoa$0,1606461627.111214,04:d6:aa:c1:38:97,2,1,1,0,128,294,932,809,756,962,1023,364,365,204,392,129,254,785,14,164,551,358,792,802,721,756,58,748,55,178,334,111,252,304,2,875,645,59,111,96,102,79,89,60,60,90,84,77,50,59,56,101,64,92,72,66,68,41,58,46,58,81,54,54,47,56,82,87,85
[ 26.902336] wil6210-aoa$0,1606461627.141626,04:d6:aa:c1:38:97,2,1,1,0,128,279,938,748,763,947,1002,925,261,184,403,44,177,883,89,218,590,943,961,407,937,748,35,753,15,187,326,587,39,858,905,238,34,56,104,96,101,77,88,59,60,88,79,75,47,57,54,97,61,89,71,60,64,39,56,44,54,80,52,51,45,51,78,78,74
[ 26.924476] wil6210-aoa$0,1606461627.163769,04:d6:aa:c1:38:97,2,1,1,0,128,787,720,814,782,937,1013,412,410,143,335,100,215,811,59,203,615,932,1013,388,915,131,858,696,1000,174,382,89,240,341,26,0,785,55,107,96,103,76,86,58,59,85,82,73,47,53,51,93,58,88,71,62,63,36,53,42,51,76,48,49,42,49,75,77,74
[ 26.954926] wil6210-aoa$0,1606461627.194219,04:d6:aa:c1:38:97,2,1,1,0,128,329,947,799,776,941,973,431,422,151,320,17,146,823,33,188,546,375,777,407,917,714,13,687,1011,178,318,150,243,794,814,777,536,53,101,92,97,72,82,55,54,81,76,69,43,52,50,89,55,79,66,58,58,35,51,41,49,72,47,46,39,46,71,73,68
[ 26.977673] wil6210-aoa$0,1606461627.216968,04:d6:aa:c1:38:97,2,1,1,0,128,213,897,732,759,938,1017,436,451,201,419,128,236,878,103,268,672,862,958,388,949,679,1018,734,1020,229,352,176,232,401,50,38,766,58,110,96,104,76,88,59,60,90,81,76,47,58,56,96,60,89,72,62,64,40,56,47,56,78,52,50,44,52,78,83,74
[ 27.008542] wil6210-aoa$0,1606461627.247830,04:d6:aa:c1:38:97,2,1,1,0,128,329,956,798,803,987,1016,485,477,102,331,82,222,766,7,145,539,932,988,300,866,790,58,777,79,214,373,65,214,771,840,428,324,57,107,95,100,74,86,56,58,84,82,72,47,56,54,95,61,85,71,61,63,38,53,45,53,75,50,48,41,48,74,77,71
[ 27.034868] wil6210-aoa$0,1606461627.274163,04:d6:aa:c1:38:97,2,1,1,0,128,343,984,727,784,914,954,813,158,214,422,1011,184,851,62,233,626,884,945,365,904,145,829,732,16,270,467,119,250,327,1016,81,755,57,109,97,103,76,87,58,60,87,80,73,45,52,52,92,57,83,68,60,61,36,51,41,49,70,43,43,37,43,69,70,60
[ 27.057631] wil6210-aoa$0,1606461627.296924,04:d6:aa:c1:38:97,2,1,1,0,128,251,949,790,768,371,783,846,200,649,218,79,247,782,72,166,546,368,753,845,719,158,854,786,58,252,419,146,295,358,20,347,220,56,108,96,103,75,89,60,59,87,84,75,48,57,56,100,59,88,71,64,64,38,53,46,51,76,49,50,42,49,75,77,69
[ 27.087595] wil6210-aoa$0,1606461627.326885,04:d6:aa:c1:38:97,2,1,1,0,128,298,901,792,780,438,839,393,391,129,354,50,236,848,88,225,586,928,983,372,893,781,69,696,16,243,376,134,195,430,91,442,164,57,108,99,102,78,91,57,57,88,82,75,47,54,53,95,58,84,70,62,62,36,53,41,51,76,48,48,41,48,72,75,67
[ 27.115131] wil6210-aoa$0,1606461627.354424,04:d6:aa:c1:38:97,2,1,1,0,128,232,871,779,774,901,1002,849,174,650,182,483,7,846,60,214,622,922,976,320,879,775,55,668,1011,166,330,572,34,392,47,636,430,57,107,99,105,77,88,60,61,86,81,74,48,56,55,97,62,88,72,62,65,41,58,46,54,78,52,52,45,50,78,83,77
[ 27.137755] wil6210-aoa$0,1606461627.377049,04:d6:aa:c1:38:97,2,1,1,0,128,310,948,717,721,434,850,853,203,615,174,486,1006,868,48,214,586,862,918,374,921,725,58,783,29,197,380,115,270,350,32,3,798,56,108,98,102,77,89,60,61,87,84,74,48,58,54,96,60,88,71,62,66,37,55,45,56,77,50,49,44,50,78,77,73
[ 27.166580] wil6210-aoa$0,1606461627.405868,04:d6:aa:c1:38:97,2,1,1,0,128,260,918,745,730,365,818,891,225,660,183,44,201,829,61,664,383,375,764,812,707,180,871,718,10,666,152,606,36,340,3,405,140,61,113,99,107,80,91,61,62,90,85,76,50,61,58,104,63,90,73,66,65,39,59,46,58,83,56,51,47,52,80,86,80
[ 27.195609] wil6210-aoa$0,1606461627.434905,04:d6:aa:c1:38:97,2,1,1,0,128,239,908,803,766,1000,3,407,420,633,171,54,204,807,53,202,570,880,908,422,953,792,86,793,91,194,351,178,254,378,34,839,563,51,98,92,97,70,81,56,56,82,75,70,44,52,50,88,56,81,63,58,58,36,51,42,48,71,47,46,39,46,69,73,68
[ 27.217816] wil6210-aoa$0,1606461627.457109,04:d6:aa:c1:38:97,2,1,1,0,128,776,744,802,752,944,1014,445,435,137,353,36,179,271,861,616,362,861,936,367,895,775,42,731,38,641,128,77,199,315,38,189,31,57,108,95,103,76,87,60,60,87,83,73,46,56,55,95,61,88,74,63,64,39,54,45,55,76,50,49,42,50,76,77,74
[ 27.245213] wil6210-aoa$0,1606461627.484502,04:d6:aa:c1:38:97,2,1,1,0,128,299,936,738,749,390,809,402,355,660,199,79,223,866,67,185,537,911,944,756,624,203,882,163,827,624,133,566,1,335,12,436,218,60,106,100,105,79,90,61,61,89,81,74,49,59,57,96,61,87,72,63,63,38,56,45,53,76,50,48,42,49,78,79,73
[ 27.286823] wil6210-aoa$0,1606461627.526113,04:d6:aa:c1:38:97,2,1,1,0,128,323,958,743,779,859,960,453,397,163,379,134,216,830,50,178,580,957,1005,425,932,773,4,725,19,147,332,82,165,309,1,374,175,61,111,97,103,78,92,61,62,90,87,77,51,60,58,100,62,90,71,65,64,40,55,46,56,80,52,49,44,51,78,82,76
[ 27.315486] wil6210-aoa$0,1606461627.554776,04:d6:aa:c1:38:97,2,1,1,0,128,360,967,802,801,962,30,378,373,113,315,60,194,259,890,186,640,903,958,404,909,728,48,732,35,675,205,129,251,368,79,336,80,58,105,97,103,78,88,59,60,85,82,73,48,57,54,95,59,86,70,62,63,37,56,44,52,77,50,49,42,49,76,79,72
[ 27.342982] wil6210-aoa$0,1606461627.582275,04:d6:aa:c1:38:97,2,1,1,0,128,750,756,257,593,380,823,367,373,229,439,97,241,816,27,193,564,885,953,816,673,177,859,729,1008,641,115,625,40,889,915,694,468,53,101,91,96,71,79,53,55,79,73,67,40,52,49,87,54,79,65,55,59,35,49,41,49,68,44,43,37,43,69,67,66
[ 27.365658] wil6210-aoa$0,1606461627.604954,04:d6:aa:c1:38:97,2,1,1,0,128,287,913,142,554,414,854,902,213,694,186,6,151,839,26,238,583,389,790,406,931,681,38,715,1023,667,147,152,273,373,51,34,787,55,98,91,96,70,80,53,55,79,72,70,41,51,49,86,55,79,64,55,58,35,49,39,49,70,44,42,37,44,67,70,65
[ 27.394848] wil6210-aoa$0,1606461627.634137,04:d6:aa:c1:38:97,2,1,1,0,128,733,716,229,589,370,786,849,225,651,177,507,6,283,865,695,398,886,938,865,712,693,12,168,857,658,190,567,10,816,897,608,462,53,99,89,97,71,80,54,54,79,75,68,42,51,49,91,55,79,66,56,58,34,50,41,49,70,46,44,39,44,65,68,65
[ 27.423905] wil6210-aoa$0,1606461627.663195,04:d6:aa:c1:38:97,2,1,1,0,128,329,899,223,574,345,778,901,207,159,341,35,177,837,54,194,597,926,954,374,908,739,11,736,42,216,428,140,303,356,68,433,267,55,107,96,101,76,84,56,58,83,77,71,45,53,52,92,56,83,69,61,58,35,50,40,50,72,45,44,36,42,66,67,61
[ 27.451116] wil6210-aoa$0,1606461627.690409,04:d6:aa:c1:38:97,2,1,1,0,128,318,924,763,762,972,1001,372,356,189,338,87,195,821,53,256,596,895,974,333,863,725,1014,738,1022,287,415,65,172,357,13,201,894,55,100,92,97,72,82,56,56,82,78,69,45,54,51,92,59,83,67,59,60,38,52,40,49,73,47,46,38,47,72,72,66
[ 27.476472] wil6210-aoa$0,1606461627.715761,04:d6:aa:c1:38:97,2,1,1,0,128,226,899,185,580,938,973,943,246,201,369,104,240,875,62,226,635,922,985,396,939,647,12,757,43,179,350,115,241,309,14,203,979,57,105,98,102,79,86,57,59,86,80,74,44,56,54,96,58,84,71,60,61,36,53,41,50,74,48,45,40,46,72,70,64
[ 27.506108] wil6210-aoa$0,1606461627.745402,04:d6:aa:c1:38:97,2,1,1,0,128,343,954,795,779,954,9,444,397,141,351,122,255,755,1011,160,527,874,919,417,918,748,37,730,18,236,422,124,240,405,78,745,421,50,100,89,94,70,79,51,54,78,71,65,40,50,48,84,51,76,62,56,55,32,46,37,45,66,40,39,34,39,63,61,57
[ 27.530203] wil6210-aoa$0,1606461627.769468,04:d6:aa:c1:38:97,2,1,1,0,128,672,652,212,570,901,993,436,434,135,374,516,1013,293,852,680,399,885,954,367,895,679,1000,173,859,181,336,86,212,852,867,676,472,52,100,89,96,70,80,53,56,79,75,68,43,52,51,87,56,78,66,57,57,34,48,40,48,70,44,42,36,42,66,65,60
[ 27.568203] wil6210-aoa$0,1606461627.807493,04:d6:aa:c1:38:97,2,1,1,0,128,264,893,850,819,356,746,927,206,608,134,543,16,283,849,253,616,926,971,359,897,672,987,779,45,97,304,116,208,334,6,482,196,60,111,99,104,80,93,60,60,88,85,76,50,62,55,101,62,92,74,66,65,39,57,47,56,79,51,50,45,51,76,81,76
[ 27.591282] wil6210-aoa$0,1606461627.830572,04:d6:aa:c1:38:97,2,1,1,0,128,287,957,789,787,942,1002,467,431,119,330,59,184,771,13,182,605,878,946,362,885,725,28,694,969,203,342,602,1013,858,901,134,871,59,109,98,101,76,87,58,60,87,83,73,46,58,53,94,60,86,72,61,61,36,53,42,50,73,47,47,41,46,74,71,65
[ 27.623546] wil6210-aoa$0,1606461627.862835,04:d6:aa:c1:38:97,2,1,1,0,128,283,884,802,800,881,1007,871,222,147,353,567,40,304,946,611,365,377,797,341,876,81,851,168,844,171,351,100,204,367,1013,507,284,53,103,90,97,72,82,54,57,82,79,67,43,52,52,88,56,80,66,59,59,34,51,42,50,71,44,45,38,44,66,69,66
[ 27.653040] wil6210-aoa$0,1606461627.892329,04:d6:aa:c1:38:97,2,1,1,0,128,284,943,825,834,936,1023,448,466,161,361,509,27,867,98,207,614,861,954,373,891,692,8,714,49,249,406,86,196,355,1018,1004,763,59,111,96,102,80,88,60,61,86,81,75,46,57,54,95,60,88,71,62,64,37,54,43,53,77,50,48,42,49,77,74,69
[ 27.679510] wil6210-aoa$0,1606461627.918801,04:d6:aa:c1:38:97,2,1,1,0,128,345,983,848,804,942,2,413,377,153,365,996,127,789,7,669,378,953,1007,345,867,796,38,803,63,270,436,53,171,823,895,515,271,58,108,98,105,77,89,59,60,89,82,75,46,56,56,99,61,86,71,65,64,39,56,44,56,78,52,50,45,49,76,78,74
[ 27.705669] wil6210-aoa$0,1606461627.944958,04:d6:aa:c1:38:97,2,1,1,0,128,334,968,731,774,919,1004,422,434,115,368,95,235,862,89,203,598,958,969,405,917,712,52,724,17,225,406,56,202,401,98,525,205,54,100,91,96,72,83,54,56,79,75,71,45,55,53,92,57,83,68,58,61,38,52,45,52,75,50,48,42,50,73,76,71
[ 27.729429] wil6210-aoa$0,1606461627.968725,04:d6:aa:c1:38:97,2,1,1,0,128,221,899,240,595,946,19,386,401,671,195,92,229,810,1019,217,580,966,974,406,909,731,20,788,40,273,399,53,202,826,824,723,465,57,105,99,103,80,89,60,61,87,84,75,51,59,57,101,63,91,73,67,68,39,58,46,55,82,56,53,47,53,81,84,80
[ 27.761408] wil6210-aoa$0,1606461628.000695,04:d6:aa:c1:38:97,2,1,1,0,128,712,692,337,649,976,1013,406,400,170,360,0,147,257,856,629,329,387,766,837,677,202,831,144,802,253,368,122,226,894,909,45,941,54,100,92,96,72,83,56,57,82,77,69,44,53,51,92,58,82,66,60,59,36,50,41,50,73,48,46,39,47,71,70,66
[ 27.791264] wil6210-aoa$0,1606461628.030552,04:d6:aa:c1:38:97,2,1,1,0,128,737,764,816,809,877,984,430,372,111,367,49,148,849,28,245,617,900,958,334,907,691,51,693,5,208,349,197,252,389,61,40,773,53,101,90,96,71,81,55,57,80,76,67,42,53,50,90,56,80,65,59,58,35,50,40,48,70,45,45,38,45,68,69,64
[ 27.816944] wil6210-aoa$0,1606461628.056236,04:d6:aa:c1:38:97,2,1,1,0,128,759,713,168,552,953,1004,435,394,206,359,44,197,837,27,626,345,896,932,382,885,166,826,167,830,249,371,105,210,385,29,374,165,56,97,90,96,73,85,57,55,83,79,69,44,55,50,92,56,83,67,58,61,37,53,40,52,72,46,46,40,45,70,73,69
[ 27.840630] wil6210-aoa$0,1606461628.079919,04:d6:aa:c1:38:97,2,1,1,0,128,686,647,236,603,368,787,926,224,632,172,62,196,822,26,670,367,393,767,408,936,689,1018,699,41,197,341,84,173,806,876,537,326,58,110,99,100,78,86,58,61,87,82,74,47,56,54,99,60,89,71,62,64,41,56,45,56,80,53,49,45,51,78,79,75
[ 27.869761] wil6210-aoa$0,1606461628.109055,04:d6:aa:c1:38:97,2,1,1,0,128,285,928,755,767,944,1009,502,466,166,407,83,263,801,56,212,626,906,938,361,866,760,71,727,44,253,394,135,203,412,66,918,616,57,106,97,99,77,90,58,62,87,80,74,47,55,55,97,62,86,70,62,65,38,55,43,54,78,53,48,44,49,78,78,73
[ 27.897104] wil6210-aoa$0,1606461628.136393,04:d6:aa:c1:38:97,2,1,1,0,128,203,874,156,542,391,804,832,173,196,366,40,171,868,64,145,543,875,929,847,701,714,5,792,73,191,338,147,224,318,1021,113,985,55,97,90,94,71,82,57,57,79,75,70,46,54,53,93,56,83,67,59,59,38,54,42,53,72,49,47,40,45,70,73,69
[ 27.925493] wil6210-aoa$0,1606461628.164787,04:d6:aa:c1:38:97,2,1,1,0,128,306,941,794,779,960,1000,420,381,202,400,76,208,812,43,187,591,831,905,400,914,719,5,735,28,234,398,79,226,384,51,415,151,54,103,94,99,71,82,53,57,84,77,70,43,53,52,91,56,80,68,59,60,35,52,42,49,74,46,44,39,45,69,73,63
[ 27.950092] wil6210-aoa$0,1606461628.189381,04:d6:aa:c1:38:97,2,1,1,0,128,268,932,773,787,457,874,361,386,154,339,527,983,330,900,175,564,369,774,412,916,703,993,131,859,197,349,111,219,386,8,842,647,58,105,97,100,78,88,60,59,86,83,74,49,57,55,99,60,89,72,62,64,40,56,46,55,78,50,50,45,50,78,78,73
[ 27.981257] wil6210-aoa$0,1606461628.220546,04:d6:aa:c1:38:97,2,1,1,0,128,244,920,730,726,354,791,966,250,166,416,71,217,212,831,693,418,894,958,356,910,713,6,760,51,205,320,124,194,370,36,64,921,58,105,97,103,77,88,61,59,85,83,73,49,57,55,97,59,87,72,62,64,39,55,44,55,76,49,49,42,50,75,74,71
[ 28.004302] wil6210-aoa$0,1606461628.243595,04:d6:aa:c1:38:97,2,1,1,0,128,316,923,811,814,961,990,470,454,109,350,70,222,838,58,132,559,875,960,346,891,724,37,668,991,258,428,116,230,359,49,733,544,57,108,98,103,75,88,59,61,88,80,73,48,54,56,98,61,86,72,62,66,36,54,45,54,75,50,50,44,48,76,76,73
[ 28.035129] wil6210-aoa$0,1606461628.274422,04:d6:aa:c1:38:97,2,1,1,0,128,269,931,820,788,880,947,425,409,218,425,93,266,833,64,223,617,909,979,390,941,711,9,739,1019,225,370,101,226,426,89,896,659,54,99,92,95,72,83,54,58,81,79,70,44,54,51,93,56,83,68,59,60,35,52,41,49,72,49,47,43,49,74,75,71
[ 28.061185] wil6210-aoa$0,1606461628.300473,04:d6:aa:c1:38:97,2,1,1,0,128,253,912,854,823,977,14,356,367,128,319,57,216,822,29,185,559,341,755,355,862,777,29,735,16,243,378,57,210,369,52,802,647,60,109,98,102,78,90,60,60,87,82,76,50,60,58,101,63,89,71,63,66,42,57,48,58,81,53,54,48,54,83,85,82
[ 28.090735] wil6210-aoa$0,1606461628.330028,04:d6:aa:c1:38:97,2,1,1,0,128,243,893,786,753,965,988,351,350,184,371,535,0,305,897,174,579,866,929,342,904,769,35,759,20,191,311,140,260,359,53,328,91,59,105,98,103,76,88,59,59,87,81,73,46,56,56,94,58,86,71,63,61,38,54,44,52,76,50,48,41,47,75,76,68
[ 28.114096] wil6210-aoa$0,1606461628.353391,04:d6:aa:c1:38:97,2,1,1,0,128,256,927,745,728,940,1013,465,404,227,398,45,225,798,63,197,592,908,991,436,969,673,21,767,38,202,360,141,245,352,11,146,867,58,107,96,104,74,87,58,60,84,82,73,46,55,52,92,56,84,69,61,60,37,54,42,49,75,47,49,41,47,74,77,69
[ 28.142672] wil6210-aoa$0,1606461628.381961,04:d6:aa:c1:38:97,2,1,1,0,128,755,727,255,581,980,24,414,403,179,390,107,220,855,108,196,585,904,957,356,928,724,35,721,35,214,369,121,235,345,13,826,520,58,110,96,101,79,91,60,59,88,82,74,48,57,55,95,60,85,69,63,62,39,53,43,53,75,48,48,42,48,73,76,73
[ 28.172660] wil6210-aoa$0,1606461628.411957,04:d6:aa:c1:38:97,2,1,1,0,128,309,909,773,780,907,982,415,399,145,363,36,227,840,104,187,592,895,963,355,922,761,65,680,994,222,385,120,274,341,39,554,255,51,93,84,90,68,77,53,53,75,72,65,38,50,46,83,51,75,61,53,55,32,48,38,45,67,40,41,34,40,62,65,59
[ 28.196112] wil6210-aoa$0,1606461628.435406,04:d6:aa:c1:38:97,2,1,1,0,128,749,734,268,612,904,21,416,388,250,413,11,144,868,72,622,388,383,805,363,883,780,72,748,54,232,369,97,216,333,28,791,509,57,105,98,102,77,86,60,61,83,81,72,46,57,55,95,61,86,70,60,61,37,54,44,54,74,48,49,41,48,75,77,71
[ 28.226629] wil6210-aoa$0,1606461628.465919,04:d6:aa:c1:38:97,2,1,1,0,128,254,892,770,738,959,25,365,347,104,325,114,225,864,73,183,612,869,935,373,894,752,59,759,17,180,377,534,8,827,875,226,2,59,111,100,106,79,90,59,61,91,84,76,49,59,56,100,64,91,73,65,68,42,60,47,57,84,56,53,47,54,81,87,81
[ 28.251610] wil6210-aoa$0,1606461628.490905,04:d6:aa:c1:38:97,2,1,1,0,128,764,759,191,585,386,861,881,198,687,218,50,191,862,73,185,539,396,779,289,858,147,805,152,807,720,220,561,17,382,46,591,379,60,105,97,103,77,90,60,61,87,82,75,50,56,55,98,62,87,71,63,62,41,58,45,56,79,53,49,42,51,79,80,74
[ 28.281470] wil6210-aoa$0,1606461628.520764,04:d6:aa:c1:38:97,2,1,1,0,128,328,951,761,787,944,1017,372,405,198,386,54,215,791,64,196,602,977,992,370,914,780,57,754,48,232,346,117,253,381,61,117,864,58,104,98,101,77,90,61,60,86,83,74,48,58,54,99,60,90,73,63,66,39,59,44,56,80,53,50,45,53,78,82,76
[ 28.304984] wil6210-aoa$0,1606461628.544278,04:d6:aa:c1:38:97,2,1,1,0,128,784,773,220,604,996,1018,388,413,152,352,46,169,285,917,648,363,406,785,442,934,689,10,737,71,235,409,12,155,847,861,807,545,58,108,97,102,76,86,58,60,87,82,74,46,55,54,96,59,87,70,63,62,36,54,45,50,73,46,48,40,46,71,76,68
[ 28.335797] wil6210-aoa$0,1606461628.575086,04:d6:aa:c1:38:97,2,1,1,0,128,752,737,772,796,883,989,935,261,126,340,41,154,833,59,261,642,881,926,827,703,181,863,189,865,195,372,622,56,412,86,312,77,57,108,96,102,78,86,55,59,86,78,70,41,51,50,91,56,79,67,58,58,34,48,40,46,68,43,41,35,41,66,65,62
[ 28.364872] wil6210-aoa$0,1606461628.604167,04:d6:aa:c1:38:97,2,1,1,0,128,282,931,764,776,921,981,426,437,133,370,85,215,767,49,197,574,866,962,345,901,736,40,759,59,244,394,141,262,848,875,522,213,57,109,98,103,76,87,57,58,87,80,72,46,56,54,92,59,85,71,58,62,36,54,42,51,75,49,47,40,47,74,73,67
[ 28.391054] wil6210-aoa$0,1606461628.630343,04:d6:aa:c1:38:97,2,1,1,0,128,254,907,805,768,962,983,455,479,180,445,1022,216,799,27,200,582,895,965,369,902,732,34,764,76,236,398,107,227,413,88,481,229,56,106,98,104,77,86,55,59,84,78,71,42,52,53,90,58,83,68,56,60,34,48,39,48,69,43,42,36,42,66,69,60
[ 28.421498] wil6210-aoa$0,1606461628.660794,04:d6:aa:c1:38:97,2,1,1,0,128,326,955,797,790,957,1009,394,400,134,395,113,192,876,69,186,559,894,948,827,739,728,74,657,1013,234,388,88,190,453,68,402,74,57,107,98,102,75,88,60,60,88,83,77,48,56,55,97,60,85,71,63,63,36,55,44,52,75,50,48,43,49,74,77,72
[ 28.445393] wil6210-aoa$0,1606461628.684687,04:d6:aa:c1:38:97,2,1,1,0,128,327,960,821,792,924,1016,440,443,191,392,94,174,800,42,260,598,913,955,349,883,723,1018,737,28,193,360,159,244,845,855,158,954,57,104,97,100,76,87,57,59,83,80,75,47,58,55,98,62,88,72,62,64,39,54,44,54,78,52,50,42,51,77,79,72
[ 28.474605] wil6210-aoa$0,1606461628.713894,04:d6:aa:c1:38:97,2,1,1,0,128,752,704,788,751,936,1011,409,398,157,350,506,999,275,879,192,543,891,943,431,922,721,31,733,18,226,392,84,224,339,73,330,153,58,106,99,101,78,87,58,60,86,80,74,48,58,54,99,62,89,71,64,64,40,56,45,55,79,51,51,45,50,78,80,75
[ 28.504932] wil6210-aoa$0,1606461628.744221,04:d6:aa:c1:38:97,2,1,1,0,128,338,949,770,769,394,810,877,191,662,198,69,216,833,34,179,603,933,984,377,929,700,28,733,38,243,384,81,187,380,40,302,124,57,106,97,102,75,86,58,59,86,80,74,47,56,55,96,60,89,71,63,66,39,56,44,56,77,50,49,43,50,81,78,73
[ 28.535067] wil6210-aoa$0,1606461628.774356,04:d6:aa:c1:38:97,2,1,1,0,128,292,922,780,777,337,833,336,371,650,176,488,989,271,873,638,325,937,990,404,931,687,26,147,837,244,401,55,162,425,80,768,501,55,103,97,101,74,82,56,59,82,77,72,45,51,51,90,57,83,68,60,59,35,53,41,50,73,48,44,39,45,71,69,64
[ 28.560883] wil6210-aoa$0,1606461628.800176,04:d6:aa:c1:38:97,2,1,1,0,128,279,935,761,827,930,5,291,330,191,395,83,234,834,64,220,615,931,953,399,927,755,90,791,100,293,424,120,216,357,52,527,202,57,106,95,99,76,88,56,59,88,82,74,45,57,52,94,60,83,71,62,61,36,53,44,53,75,49,47,43,46,73,71,67
[ 28.590502] wil6210-aoa$0,1606461628.829795,04:d6:aa:c1:38:97,2,1,1,0,128,359,966,784,760,938,1014,356,377,162,368,62,177,831,57,176,594,942,977,313,867,790,66,752,54,130,334,97,236,339,36,181,998,60,109,96,104,78,90,61,61,87,83,78,49,60,56,102,63,90,74,64,67,39,59,48,59,81,53,53,47,54,80,85,81
[ 28.616500] wil6210-aoa$0,1606461628.855789,04:d6:aa:c1:38:97,2,1,1,0,128,267,892,824,785,952,990,418,431,186,405,139,265,819,34,230,604,894,952,369,909,660,996,697,1021,208,347,131,247,377,35,60,758,58,108,96,98,77,87,59,59,86,78,74,45,54,51,93,58,87,71,61,63,39,54,42,53,75,50,47,42,49,74,74,70
[ 28.642172] wil6210-aoa$0,1606461628.881467,04:d6:aa:c1:38:97,2,1,1,0,128,783,719,259,607,382,808,911,261,651,158,523,4,254,845,740,410,899,976,361,891,188,846,144,801,757,173,592,10,858,867,816,682,59,106,99,104,77,87,60,58,86,82,74,47,58,55,99,60,86,70,62,65,40,55,45,57,79,51,49,44,51,74,79,72
[ 28.667972] wil6210-aoa$0,1606461628.907257,04:d6:aa:c1:38:97,2,1,1,0,128,317,972,757,770,956,1013,393,357,192,393,27,197,865,69,161,549,945,991,367,886,759,1,714,1006,664,102,141,240,418,36,352,184,57,104,96,101,76,88,60,60,87,82,76,48,58,56,100,61,87,72,63,61,41,58,45,56,78,52,49,43,50,74,76,70
[ 28.696700] wil6210-aoa$0,1606461628.935992,04:d6:aa:c1:38:97,2,1,1,0,128,790,736,256,576,384,757,918,203,628,136,100,214,859,64,220,604,889,951,377,904,690,1017,767,18,688,146,615,75,315,1016,610,399,57,107,95,101,77,86,56,61,87,79,72,44,54,54,95,55,84,68,61,62,38,52,41,49,74,47,45,38,47,74,72,68
[ 28.720969] wil6210-aoa$0,1606461628.960262,04:d6:aa:c1:38:97,2,1,1,0,128,279,920,790,753,961,988,384,388,139,391,0,160,284,880,210,568,895,939,851,690,211,905,760,71,224,394,1016,146,373,38,175,945,56,104,97,104,74,86,56,56,84,79,74,42,55,53,94,58,84,66,60,61,37,53,42,50,72,46,46,42,44,70,74,69
[ 28.753692] wil6210-aoa$0,1606461628.992980,04:d6:aa:c1:38:97,2,1,1,0,128,330,973,761,767,395,821,855,196,150,361,76,226,835,50,194,574,934,959,372,900,746,34,785,47,239,445,116,270,376,55,757,438,57,108,95,102,78,89,60,60,89,85,75,49,58,55,95,60,86,73,64,64,37,55,45,55,78,52,50,44,50,76,79,75
[ 28.783989] wil6210-aoa$0,1606461629.023278,04:d6:aa:c1:38:97,2,1,1,0,128,299,949,743,739,976,13,440,417,158,376,39,223,821,49,274,647,919,982,316,882,683,41,708,23,190,354,147,239,370,64,585,325,57,106,98,103,79,90,59,60,86,82,76,50,58,56,100,62,89,72,63,66,40,57,46,56,80,54,51,46,53,80,78,76
[ 28.814436] wil6210-aoa$0,1606461629.053726,04:d6:aa:c1:38:97,2,1,1,0,128,264,916,723,742,999,1009,423,350,212,405,108,238,881,75,196,572,942,991,425,937,776,66,728,1009,196,373,42,175,379,25,44,892,56,105,99,103,79,87,59,61,85,79,71,44,54,55,94,59,86,71,61,61,38,52,42,51,75,47,45,41,46,75,71,68
[ 28.845141] wil6210-aoa$0,1606461629.084430,04:d6:aa:c1:38:97,2,1,1,0,128,730,689,218,566,297,767,848,162,590,188,449,969,287,872,212,580,343,737,849,696,168,834,213,878,664,149,651,23,795,821,1013,850,56,105,94,102,76,87,60,59,87,82,73,48,58,54,98,59,88,70,61,63,39,56,43,54,75,51,49,43,48,75,76,74
[ 28.874643] wil6210-aoa$0,1606461629.113937,04:d6:aa:c1:38:97,2,1,1,0,128,321,966,758,751,954,1005,391,398,244,425,32,202,822,46,211,576,879,977,316,913,742,26,744,39,224,380,79,227,324,7,109,967,57,108,95,100,75,87,56,59,86,82,72,46,55,55,93,57,86,70,60,61,37,52,42,48,73,48,47,40,46,69,73,68
[ 28.898385] wil6210-aoa$0,1606461629.137680,04:d6:aa:c1:38:97,2,1,1,0,128,261,927,759,787,1002,33,456,398,162,373,88,199,876,74,178,538,351,773,292,868,813,58,776,35,280,413,114,218,404,22,359,124,56,108,95,100,75,86,58,60,84,80,74,45,58,54,96,58,87,70,62,64,39,54,43,53,80,52,50,43,52,76,81,76
[ 28.929070] wil6210-aoa$0,1606461629.168360,04:d6:aa:c1:38:97,2,1,1,0,128,222,872,781,761,992,12,430,416,161,319,53,201,278,857,201,602,873,953,356,888,787,90,672,32,269,402,178,293,424,81,137,795,60,108,97,101,76,86,59,60,87,80,73,47,56,55,96,61,87,69,63,63,39,54,44,54,76,49,46,42,49,76,76,72
[ 28.959956] wil6210-aoa$0,1606461629.199245,04:d6:aa:c1:38:97,2,1,1,0,128,296,932,773,765,949,1007,425,382,611,194,96,206,785,32,648,418,870,971,313,885,724,2,725,1023,250,401,106,272,811,870,753,593,55,104,94,101,76,87,57,59,83,76,73,43,55,53,94,58,82,69,60,60,35,52,40,49,74,47,45,38,46,71,70,64
[ 28.991305] wil6210-aoa$0,1606461629.230595,04:d6:aa:c1:38:97,2,1,1,0,128,254,959,800,805,897,1000,368,400,177,410,18,204,832,54,225,589,976,994,405,934,741,47,800,91,232,402,107,264,419,69,418,77,57,104,96,103,74,85,58,58,83,80,71,44,51,52,87,58,81,67,61,59,35,52,40,49,73,45,44,37,43,67,68,66
[ 29.015598] wil6210-aoa$0,1606461629.254891,04:d6:aa:c1:38:97,2,1,1,0,128,297,936,728,753,976,1022,386,399,135,395,44,231,831,65,155,526,948,963,356,841,757,80,714,995,215,392,79,212,344,21,184,889,57,107,97,103,78,87,58,60,87,83,73,47,57,55,98,60,87,70,63,62,39,55,44,53,76,50,48,42,45,73,77,71
[ 29.044117] wil6210-aoa$0,1606461629.283406,04:d6:aa:c1:38:97,2,1,1,2,128,297,936,728,753,976,1022,386,399,135,395,44,231,831,65,155,526,948,963,356,841,757,80,714,995,215,392,79,212,344,21,184,889,57,104,96,103,74,85,58,58,83,80,71,44,51,52,87,58,81,67,61,59,35,52,40,49,73,45,44,37,43,67,68,66
[ 29.070925] wil6210-aoa$0,1606461629.310222,04:d6:aa:c1:38:97,2,1,1,0,128,295,943,810,781,1005,1009,398,366,135,322,78,197,816,53,289,637,869,950,395,946,744,57,724,24,212,387,141,260,419,66,716,402,59,106,98,100,77,86,58,58,85,79,72,44,57,54,93,57,86,70,62,60,37,53,43,51,74,48,46,42,49,73,72,67
[ 29.100702] wil6210-aoa$0,1606461629.340000,04:d6:aa:c1:38:97,2,1,1,0,128,252,914,187,539,962,1001,422,396,170,400,58,204,823,63,187,600,871,937,401,921,788,73,725,999,691,202,117,258,880,902,60,830,57,105,95,99,75,87,59,57,84,81,72,48,55,54,97,60,88,71,62,65,37,56,43,54,77,51,49,44,48,76,78,75
[ 29.124826] wil6210-aoa$0,1606461629.364120,04:d6:aa:c1:38:97,2,1,1,0,128,308,942,842,829,927,997,377,381,187,370,15,206,868,75,168,584,891,954,420,950,739,18,705,41,260,390,120,241,335,35,399,243,54,103,96,102,74,85,55,57,86,80,71,43,53,52,92,59,82,69,59,61,36,51,42,52,72,46,46,40,44,73,74,70
[ 29.154083] wil6210-aoa$0,1606461629.393374,04:d6:aa:c1:38:97,2,1,1,0,128,273,915,820,811,980,1005,410,373,172,396,89,232,826,39,160,575,349,767,413,935,754,41,769,59,172,376,126,250,377,27,604,316,57,108,94,98,76,86,58,57,88,81,74,49,56,55,97,59,87,70,63,63,39,55,43,54,77,53,50,46,50,77,82,76
[ 29.178803] wil6210-aoa$0,1606461629.418100,04:d6:aa:c1:38:97,2,1,1,0,128,284,917,218,586,399,840,865,182,233,386,91,202,839,47,213,568,857,932,881,742,720,9,765,55,262,406,117,226,313,8,561,393,59,105,98,102,77,87,58,57,83,81,73,47,57,56,97,61,90,72,63,66,37,55,44,53,80,52,50,45,52,78,76,74
[ 29.209726] wil6210-aoa$0,1606461629.449023,04:d6:aa:c1:38:97,2,1,1,0,128,336,941,791,771,924,966,397,376,168,344,3,159,246,835,683,374,811,896,380,889,745,25,705,17,183,381,109,224,376,57,169,913,60,109,97,102,78,92,57,60,87,83,74,50,56,56,100,63,90,71,64,64,40,56,48,56,78,52,51,46,50,78,80,76
[ 29.236794] wil6210-aoa$0,1606461629.476084,04:d6:aa:c1:38:97,2,1,1,0,128,273,891,755,764,916,978,891,228,184,397,73,191,875,73,221,595,916,966,354,893,744,62,751,40,266,447,142,293,331,36,861,650,55,107,94,102,73,85,55,58,83,79,71,44,53,52,93,59,83,67,62,59,34,50,40,48,72,46,46,38,44,70,73,67
[ 29.267909] wil6210-aoa$0,1606461629.507203,04:d6:aa:c1:38:97,2,1,1,0,128,222,918,732,710,387,823,386,382,204,373,65,228,773,24,148,547,352,766,388,940,126,819,150,855,237,398,126,208,409,70,732,498,59,104,99,101,78,90,62,61,87,84,75,49,61,56,101,63,89,70,63,65,41,60,47,57,82,56,52,47,57,82,84,80
[ 29.294036] wil6210-aoa$0,1606461629.533326,04:d6:aa:c1:38:97,2,1,1,0,128,277,909,189,548,328,753,933,226,654,141,527,999,298,857,214,607,925,971,342,853,180,889,745,27,204,274,616,47,384,68,843,675,59,107,97,102,79,91,60,59,86,84,76,49,58,58,102,64,87,72,63,65,40,57,46,55,80,53,51,46,51,80,83,81
[ 29.321706] wil6210-aoa$0,1606461629.561003,04:d6:aa:c1:38:97,2,1,1,0,128,260,905,221,630,946,993,899,220,143,356,14,161,278,863,205,566,382,791,838,653,221,886,220,869,672,171,615,19,812,838,931,706,59,108,98,101,78,92,59,60,87,83,74,49,57,55,101,62,87,70,64,65,40,55,47,55,81,52,49,45,52,78,83,76
[ 29.353057] wil6210-aoa$0,1606461629.592348,04:d6:aa:c1:38:97,2,1,1,0,128,306,968,737,776,986,26,397,426,145,331,27,183,821,1020,192,581,903,971,431,926,752,64,641,1018,203,361,192,271,394,45,376,2,54,103,96,101,74,81,57,56,83,77,69,40,51,49,88,54,82,64,56,57,33,46,37,42,67,40,36,32,39,61,59,55
[ 29.381419] wil6210-aoa$0,1606461629.620715,04:d6:aa:c1:38:97,2,1,1,0,128,311,899,777,772,913,966,435,417,131,331,58,175,849,76,164,579,892,959,368,927,733,35,657,1017,207,397,567,35,340,13,460,279,55,107,98,103,76,88,58,58,86,82,72,45,53,51,92,59,85,68,61,62,39,53,44,52,75,50,48,44,49,76,77,72
[ 29.405967] wil6210-aoa$0,1606461629.645261,04:d6:aa:c1:38:97,2,1,1,0,128,284,915,807,783,992,27,370,417,118,350,46,153,818,15,178,575,885,944,398,923,746,65,742,33,255,375,101,216,353,58,572,327,53,97,89,91,70,79,53,55,77,73,67,43,50,50,88,54,81,64,56,55,33,47,38,47,68,43,43,37,42,67,67,59
[ 29.437047] wil6210-aoa$0,1606461629.676343,04:d6:aa:c1:38:97,2,1,1,0,128,255,922,768,739,980,1,441,423,191,387,44,215,807,47,209,582,926,967,467,980,738,35,693,1011,720,192,203,304,287,5,327,100,59,106,98,100,79,90,60,61,88,83,74,48,58,55,99,61,87,71,63,64,39,54,44,55,78,50,50,44,51,77,79,76
[ 29.464299] wil6210-aoa$0,1606461629.703589,04:d6:aa:c1:38:97,2,1,1,0,128,247,900,234,600,390,852,453,397,165,333,54,169,277,852,719,410,311,749,866,732,692,1000,721,14,715,195,102,222,324,998,48,840,56,102,96,99,76,86,58,59,83,81,73,48,58,55,99,61,89,71,63,64,41,58,46,55,78,53,50,46,53,79,83,76
[ 29.495908] wil6210-aoa$0,1606461629.735204,04:d6:aa:c1:38:97,2,1,1,0,128,795,714,261,565,348,785,456,454,627,154,91,226,275,871,162,545,351,787,309,852,778,39,747,11,206,333,167,222,326,1019,142,987,57,107,96,102,81,89,60,60,87,85,77,48,56,57,99,62,90,71,62,65,40,57,46,55,78,52,52,44,50,78,80,77
[ 29.522504] wil6210-aoa$0,1606461629.761794,04:d6:aa:c1:38:97,2,1,1,0,128,264,951,816,813,940,983,427,380,140,342,528,32,778,25,209,572,938,970,392,885,774,30,671,993,214,374,98,220,872,894,964,761,57,106,98,104,77,86,59,58,86,79,75,48,54,53,92,60,85,70,60,61,37,51,41,51,75,47,46,42,47,73,75,70
[ 29.549666] wil6210-aoa$0,1606461629.788962,04:d6:aa:c1:38:97,2,1,1,0,128,265,959,774,759,959,0,345,393,114,317,100,232,780,24,184,565,915,942,402,904,681,1014,679,1002,217,352,80,209,336,32,423,246,51,92,84,89,67,79,53,52,77,73,65,42,51,49,86,53,78,63,56,56,35,51,40,48,67,47,44,39,44,67,71,66
[ 29.574192] wil6210-aoa$0,1606461629.813489,04:d6:aa:c1:38:97,2,1,1,0,128,302,931,811,789,936,1018,911,232,202,386,108,226,814,42,232,619,910,920,356,910,726,42,756,42,197,367,201,253,363,25,462,177,55,109,99,104,78,87,58,59,87,83,72,45,53,51,93,59,85,69,60,61,36,50,40,49,73,45,45,36,43,69,66,59
[ 29.605455] wil6210-aoa$0,1606461629.844750,04:d6:aa:c1:38:97,2,1,1,0,128,261,880,819,805,999,17,389,396,172,373,477,997,266,855,728,389,937,959,349,904,715,17,730,14,211,373,61,223,383,29,326,75,59,104,98,102,79,91,61,60,87,83,75,50,59,54,98,62,89,72,64,64,38,55,45,55,79,52,51,43,53,81,82,76
[ 29.634021] wil6210-aoa$0,1606461629.873311,04:d6:aa:c1:38:97,2,1,1,0,128,790,729,812,789,988,1,456,405,190,350,530,1014,296,889,733,422,876,948,434,917,164,889,707,1018,686,147,173,235,324,36,207,20,56,106,95,102,77,86,58,61,86,79,73,47,56,54,97,60,87,72,61,63,36,54,44,50,77,51,48,43,48,74,77,71
[ 29.662866] wil6210-aoa$0,1606461629.902156,04:d6:aa:c1:38:97,2,1,1,0,128,319,948,748,782,927,1021,433,426,175,385,68,227,854,61,187,539,886,921,395,899,723,1011,799,56,244,411,115,245,406,74,892,616,56,107,95,101,75,87,58,58,85,80,74,45,55,52,92,59,86,69,60,64,38,54,43,53,77,48,49,42,50,76,75,74
[ 29.696133] wil6210-aoa$0,1606461629.935422,04:d6:aa:c1:38:97,2,1,1,0,128,792,748,182,493,364,789,935,210,639,170,509,970,283,870,692,367,396,818,845,708,198,839,740,993,634,131,525,1011,789,822,592,536,58,103,94,100,77,87,59,58,87,83,74,49,59,54,97,62,89,69,63,65,40,60,47,58,80,56,51,47,54,79,86,79
[ 29.728593] wil6210-aoa$0,1606461629.967888,04:d6:aa:c1:38:97,2,1,1,0,128,794,783,730,703,942,1004,921,232,154,361,81,218,878,65,215,604,905,935,328,865,179,823,212,893,232,406,152,259,353,50,330,68,58,103,94,100,75,87,56,57,86,81,73,45,55,55,94,57,85,70,60,61,37,54,42,52,76,50,47,41,48,74,74,69
[ 29.755051] wil6210-aoa$0,1606461629.994341,04:d6:aa:c1:38:97,2,1,1,0,128,745,714,234,610,923,982,434,421,145,410,58,202,858,59,641,386,391,772,912,720,748,14,715,29,687,178,630,31,807,876,744,548,50,91,83,86,65,75,51,49,74,70,63,42,50,48,84,52,75,60,55,55,34,48,38,47,68,44,44,37,45,68,70,65
[ 29.786590] wil6210-aoa$0,1606461630.025882,04:d6:aa:c1:38:97,2,1,1,0,128,334,919,797,796,958,43,372,408,153,406,1008,211,828,16,207,613,941,1011,366,926,703,0,722,20,683,208,131,252,320,15,194,29,56,102,92,99,74,85,57,57,86,81,73,48,57,54,95,59,88,71,61,63,39,57,45,54,78,50,50,42,51,76,80,76
[ 29.816172] wil6210-aoa$0,1606461630.055469,04:d6:aa:c1:38:97,2,1,1,0,128,755,752,246,585,389,826,393,396,197,374,48,180,856,81,170,542,952,960,401,938,700,9,121,822,706,156,582,18,852,858,799,607,58,104,97,102,77,90,60,60,88,82,73,49,59,57,96,61,88,72,64,63,39,55,45,55,77,51,50,45,51,76,82,74
[ 29.844910] wil6210-aoa$0,1606461630.084200,04:d6:aa:c1:38:97,2,1,1,0,128,777,763,743,783,949,978,411,389,141,358,49,193,304,881,271,633,896,917,844,707,192,846,192,856,227,370,91,219,343,8,382,225,58,107,96,102,76,86,56,59,88,82,70,45,54,53,93,60,82,66,57,58,37,50,40,49,70,45,41,37,43,70,67,62
[ 29.875293] wil6210-aoa$0,1606461630.114590,04:d6:aa:c1:38:97,2,1,1,0,128,241,879,801,780,936,1014,420,415,160,414,41,170,830,59,180,544,338,741,867,721,260,878,711,5,244,376,87,234,415,52,192,944,53,103,92,98,73,84,55,57,85,79,71,44,53,53,91,57,82,66,59,60,37,55,43,51,74,49,47,40,48,74,77,71
[ 29.903008] wil6210-aoa$0,1606461630.142298,04:d6:aa:c1:38:97,2,1,1,0,128,248,948,738,762,955,973,440,398,197,392,32,174,790,39,231,581,869,889,408,904,684,14,691,25,288,397,34,177,453,71,21,762,58,105,96,101,76,88,58,58,86,83,72,47,59,55,99,61,87,71,63,64,41,56,47,54,81,52,51,46,51,78,80,75
[ 29.935246] wil6210-aoa$0,1606461630.174535,04:d6:aa:c1:38:97,2,1,1,0,128,760,741,842,808,957,8,399,422,173,414,73,253,850,74,229,595,823,923,842,692,202,883,707,1020,708,174,106,185,342,1023,469,193,57,101,90,95,74,85,55,56,84,79,72,46,57,53,94,59,83,68,61,61,38,55,45,54,76,49,47,43,50,75,78,73
[ 29.968206] wil6210-aoa$0,1606461630.207497,04:d6:aa:c1:38:97,2,1,1,0,128,248,914,816,754,976,1010,412,398,611,160,23,171,826,49,212,619,915,1001,342,913,751,66,773,44,156,336,191,292,301,5,391,214,57,102,92,96,73,84,56,54,83,80,72,46,56,52,95,59,84,69,59,63,38,56,42,52,76,50,48,43,51,76,78,74
[ 29.994442] wil6210-aoa$0,1606461630.233739,04:d6:aa:c1:38:97,2,1,1,0,128,361,971,776,740,942,2,384,372,148,338,76,165,302,852,203,592,929,982,405,910,743,61,696,997,255,407,110,265,373,61,222,10,55,104,94,97,73,83,57,56,85,80,70,44,53,52,93,55,82,68,59,59,34,50,41,48,71,45,44,36,43,69,72,64
[ 30.020392] wil6210-aoa$0,1606461630.259658,04:d6:aa:c1:38:97,2,1,1,0,128,272,896,796,761,342,803,488,490,159,383,6,185,261,901,226,586,341,743,393,926,730,1021,807,54,236,401,136,258,341,29,991,690,56,104,97,101,77,89,58,59,84,81,74,49,56,55,98,59,89,71,63,64,37,56,46,54,78,51,51,46,49,77,80,77
[ 30.055590] wil6210-aoa$0,1606461630.294885,04:d6:aa:c1:38:97,2,1,1,0,128,288,894,788,798,930,989,416,461,208,392,48,176,780,36,215,574,373,770,898,730,713,15,710,32,713,188,648,89,430,78,864,654,56,107,95,103,73,83,55,57,82,77,70,42,52,50,90,58,81,66,59,59,36,49,42,48,70,45,45,37,45,68,73,66
[ 30.086087] wil6210-aoa$0,1606461630.325383,04:d6:aa:c1:38:97,2,1,1,0,128,295,926,778,746,948,1004,459,424,182,373,54,186,849,54,132,553,918,925,376,926,706,45,713,1013,216,377,159,235,358,1019,134,889,58,106,95,101,78,90,60,61,86,83,76,48,59,54,99,61,89,70,63,63,39,57,44,53,78,53,50,44,51,76,80,77
[ 30.114224] wil6210-aoa$0,1606461630.353513,04:d6:aa:c1:38:97,2,1,1,0,128,276,913,799,759,953,985,348,368,544,146,529,40,264,867,598,341,352,759,851,725,142,870,734,29,180,353,86,232,788,844,371,239,58,107,97,104,77,87,58,58,86,82,76,44,56,55,95,59,87,70,61,62,39,54,44,55,74,49,49,41,48,74,76,73
[ 30.146467] wil6210-aoa$0,1606461630.385760,04:d6:aa:c1:38:97,2,1,1,0,128,231,879,785,805,906,993,873,175,170,382,29,194,818,48,187,564,957,985,321,882,795,64,734,33,712,224,80,189,888,913,737,489,56,103,91,97,74,85,56,56,83,78,70,47,55,53,93,57,85,68,60,62,37,56,43,54,74,51,50,44,50,76,79,75
[ 30.172951] wil6210-aoa$0,1606461630.412241,04:d6:aa:c1:38:97,2,1,1,0,128,295,897,859,854,916,1023,437,407,179,361,22,180,754,11,263,614,882,942,380,945,760,90,680,1011,210,360,104,253,382,21,305,924,56,105,96,102,76,85,59,58,85,82,71,46,58,56,96,59,87,71,62,64,39,55,45,55,77,50,49,44,49,77,81,74
[ 30.205436] wil6210-aoa$0,1606461630.444725,04:d6:aa:c1:38:97,2,1,1,0,128,321,948,763,756,922,940,392,399,196,409,151,274,820,35,208,584,883,908,364,892,719,54,726,69,185,355,173,283,378,56,959,675,57,105,93,100,79,88,59,60,86,81,74,46,57,54,97,59,86,67,63,63,39,55,44,54,77,51,48,41,49,74,76,70
[ 30.244601] wil6210-aoa$0,1606461630.483895,04:d6:aa:c1:38:97,2,1,1,0,128,328,955,762,784,907,998,354,379,628,144,583,18,228,828,687,352,395,780,347,898,187,856,686,1006,681,189,110,226,332,36,972,746,58,105,96,100,75,86,59,57,85,78,74,48,58,54,98,61,89,71,62,65,40,58,45,58,79,55,51,44,52,81,84,80
[ 30.276024] wil6210-aoa$0,1606461630.515316,04:d6:aa:c1:38:97,2,1,1,0,128,327,946,782,769,1002,47,379,393,214,402,50,181,825,48,192,582,980,998,407,922,786,31,717,16,652,160,604,69,799,820,543,259,59,102,94,100,73,87,59,57,87,81,76,50,60,56,99,62,87,71,63,65,40,59,47,58,79,54,51,46,54,79,83,79
[ 30.303979] wil6210-aoa$0,1606461630.543269,04:d6:aa:c1:38:97,2,1,1,0,128,304,952,792,812,947,993,416,411,171,350,20,134,850,29,239,589,936,985,376,882,794,73,754,48,267,421,72,187,344,1020,196,886,52,101,92,97,74,82,53,56,83,78,70,45,54,52,94,59,85,67,59,63,37,55,43,52,75,50,49,43,49,75,80,73
[ 30.336170] wil6210-aoa$0,1606461630.575466,04:d6:aa:c1:38:97,2,1,1,0,128,227,906,808,763,924,1006,437,387,256,457,31,193,833,70,203,601,881,958,376,901,759,59,676,10,245,392,123,269,366,75,615,313,58,102,95,100,76,85,59,60,85,80,73,48,54,51,92,57,85,69,59,61,38,52,43,51,73,48,46,38,46,72,75,67
[ 30.362648] wil6210-aoa$0,1606461630.601936,04:d6:aa:c1:38:97,2,1,1,0,128,321,975,763,785,923,1022,448,460,145,382,73,245,859,88,240,623,886,963,464,978,732,53,736,24,692,140,581,28,360,17,169,952,56,105,93,102,75,87,57,59,88,83,75,48,57,55,97,61,88,70,64,64,40,56,44,55,79,53,51,45,51,79,80,75
[ 30.395083] wil6210-aoa$0,1606461630.634372,04:d6:aa:c1:38:97,2,1,1,0,128,273,895,698,728,394,802,350,377,171,381,62,212,804,72,195,599,897,953,392,971,717,55,722,63,207,391,49,190,400,71,248,992,55,102,95,97,74,83,57,56,84,78,72,47,53,52,96,59,84,69,60,62,38,53,44,51,74,48,48,41,48,72,75,68
[ 30.434084] wil6210-aoa$0,1606461630.673378,04:d6:aa:c1:38:97,2,1,1,0,128,721,732,800,772,966,1010,422,422,219,386,50,211,909,122,190,588,951,977,398,932,722,7,750,27,223,375,141,267,344,1022,786,567,49,92,84,88,66,74,53,52,73,69,64,41,48,47,83,52,74,63,52,54,33,46,37,44,66,42,42,35,43,66,66,60
[ 30.464632] wil6210-aoa$0,1606461630.703925,04:d6:aa:c1:38:97,2,1,1,0,128,249,920,789,802,928,39,393,409,221,427,60,204,835,72,212,588,912,967,438,942,706,15,739,1,704,156,120,214,412,28,263,966,53,103,93,100,71,83,53,56,82,73,68,42,49,48,85,52,78,64,54,53,33,45,35,44,65,38,38,34,37,59,64,53
[ 30.492572] wil6210-aoa$0,1606461630.731861,04:d6:aa:c1:38:97,2,1,1,0,128,321,938,782,758,902,961,933,247,602,180,504,6,277,859,668,381,888,943,832,712,231,868,192,855,188,346,163,246,364,19,406,184,57,104,94,100,76,85,56,59,85,82,71,45,54,51,95,60,85,69,59,61,37,53,42,50,73,48,45,41,45,70,70,67
[ 30.525593] wil6210-aoa$0,1606461630.764888,04:d6:aa:c1:38:97,2,1,1,0,128,268,942,825,833,917,999,417,414,182,366,88,219,837,70,227,604,904,927,443,940,724,79,729,57,242,383,101,207,341,6,422,176,59,102,96,100,76,88,61,59,87,85,74,50,61,57,102,63,91,71,64,65,41,60,47,56,81,55,54,50,56,81,88,81
[ 30.552508] wil6210-aoa$0,1606461630.791796,04:d6:aa:c1:38:97,2,1,1,0,128,294,925,790,771,927,1006,454,418,180,396,84,203,217,875,679,359,923,929,337,879,742,40,204,819,198,327,117,198,398,97,841,658,53,101,91,99,71,82,55,55,83,77,68,45,52,50,93,57,80,65,60,59,34,50,40,46,72,44,45,38,43,68,71,63
[ 30.585371] wil6210-aoa$0,1606461630.824659,04:d6:aa:c1:38:97,2,1,1,0,128,327,923,857,861,924,998,401,419,119,328,30,156,831,48,656,363,854,930,387,937,729,26,748,22,205,383,90,195,851,867,814,627,53,101,91,97,72,83,54,54,81,76,70,42,54,50,89,53,81,66,56,58,34,49,40,50,70,44,43,38,43,67,70,64
[ 30.615898] wil6210-aoa$0,1606461630.855193,04:d6:aa:c1:38:97,2,1,1,0,128,771,773,224,587,292,784,877,186,125,316,548,26,297,872,705,407,324,735,871,687,195,850,196,843,739,175,593,20,839,854,121,977,54,104,93,96,74,84,56,58,84,79,71,43,56,53,96,57,86,69,61,62,35,50,42,51,75,48,45,41,47,71,74,67
[ 30.645072] wil6210-aoa$0,1606461630.884360,04:d6:aa:c1:38:97,2,1,1,0,128,243,887,754,774,986,9,364,356,212,409,118,283,855,109,145,543,943,974,326,887,713,53,756,1023,309,394,118,233,386,65,976,648,55,102,91,96,73,85,55,56,84,79,71,44,54,51,92,57,83,68,58,59,37,52,42,49,73,46,46,40,46,73,73,71
[ 30.671813] wil6210-aoa$0,1606461630.911102,04:d6:aa:c1:38:97,2,1,1,0,128,262,951,791,767,911,990,379,368,220,378,45,158,834,56,169,534,917,968,440,907,766,70,703,23,173,372,90,234,398,60,771,555,55,101,90,96,73,84,56,57,84,78,70,47,56,52,93,58,85,68,61,60,37,54,44,52,76,52,50,43,50,77,79,74
[ 30.701547] wil6210-aoa$0,1606461630.940841,04:d6:aa:c1:38:97,2,1,1,0,128,285,925,777,754,1006,27,422,387,226,397,57,194,866,105,182,547,937,961,359,898,759,31,764,48,209,337,129,214,389,46,31,832,55,101,91,97,71,82,55,58,82,76,71,45,54,54,93,55,84,68,60,61,35,52,43,51,73,48,46,42,46,71,75,70
[ 30.726983] wil6210-aoa$0,1606461630.966278,04:d6:aa:c1:38:97,2,1,1,0,128,236,924,764,774,428,852,395,405,128,358,55,165,851,19,276,615,885,945,803,675,203,846,170,826,194,353,631,48,338,19,279,68,55,106,94,99,76,85,56,57,85,80,71,45,54,53,96,59,86,67,62,61,38,53,43,51,74,48,48,42,47,72,74,68
[ 30.752954] wil6210-aoa$0,1606461630.992244,04:d6:aa:c1:38:97,2,1,1,0,128,250,921,775,792,962,8,389,408,196,393,59,208,911,91,168,587,968,988,356,885,734,43,715,26,249,375,93,209,370,26,198,959,54,103,94,102,73,83,56,57,85,79,73,48,57,52,94,60,84,70,61,61,36,54,43,52,76,50,47,42,48,73,76,69
[ 30.783390] wil6210-aoa$0,1606461631.022683,04:d6:aa:c1:38:97,2,1,1,0,128,309,945,807,805,925,6,413,429,171,359,86,217,819,45,237,628,952,965,369,926,722,65,734,59,262,439,102,259,404,71,276,966,54,100,92,95,73,80,56,56,82,78,71,46,55,53,93,57,83,66,60,61,38,54,43,49,73,48,46,40,46,73,74,67
[ 30.808545] wil6210-aoa$0,1606461631.047838,04:d6:aa:c1:38:97,2,1,1,0,128,256,909,778,815,923,977,439,415,640,170,545,13,309,913,186,545,931,975,327,892,745,38,741,14,231,382,158,258,348,1002,638,391,60,106,95,101,77,89,59,58,87,82,76,50,60,56,102,63,88,71,63,64,42,59,47,56,79,53,52,45,52,80,85,78
[ 30.841942] wil6210-aoa$0,1606461631.081231,04:d6:aa:c1:38:97,2,1,1,0,128,284,929,814,788,911,985,433,400,174,390,63,168,254,881,623,318,359,762,468,989,713,1014,708,14,259,415,108,226,382,31,393,186,57,105,95,101,75,88,57,57,86,82,75,48,57,55,101,60,87,70,63,64,39,57,45,54,79,53,52,46,53,76,84,79
[ 30.875672] wil6210-aoa$0,1606461631.114962,04:d6:aa:c1:38:97,2,1,1,0,128,299,925,753,769,928,1023,418,446,178,379,34,199,848,56,246,594,955,983,411,938,717,32,712,50,176,352,107,212,402,85,646,412,58,109,97,105,78,91,61,60,88,84,76,50,58,57,98,61,88,72,64,67,40,58,47,57,79,54,51,45,51,77,84,77
[ 30.902620] wil6210-aoa$0,1606461631.141910,04:d6:aa:c1:38:97,2,1,1,0,128,270,909,718,715,408,839,440,423,161,368,17,182,849,76,204,609,955,7,422,957,750,58,719,9,298,426,49,196,350,9,762,537,59,102,94,100,76,88,60,60,85,84,74,49,59,54,101,63,87,72,62,64,39,59,46,56,79,54,53,47,53,82,84,79
[ 30.930945] wil6210-aoa$0,1606461631.170238,04:d6:aa:c1:38:97,2,1,1,0,128,228,914,800,797,886,984,426,382,172,390,42,211,833,66,209,610,826,884,380,904,733,66,663,992,746,203,629,65,469,88,217,948,54,102,95,100,75,85,55,58,83,80,71,46,54,52,95,59,86,69,62,62,36,53,42,52,75,50,46,42,47,74,77,70
[ 30.961843] wil6210-aoa$0,1606461631.201137,04:d6:aa:c1:38:97,2,1,1,0,128,294,956,815,822,970,1017,475,419,250,418,50,192,862,60,203,584,902,962,391,883,710,13,771,33,174,350,112,219,419,88,580,176,58,103,94,98,75,86,59,59,86,81,75,49,54,54,96,60,87,68,62,64,41,59,45,54,79,53,51,45,52,78,84,79
[ 30.987583] wil6210-aoa$0,1606461631.226879,04:d6:aa:c1:38:97,2,1,1,0,128,282,917,787,763,1000,11,430,405,124,397,92,211,763,5,625,320,374,784,384,912,699,69,713,20,680,179,162,290,346,53,422,250,55,101,90,96,72,83,55,55,83,78,74,48,54,51,92,57,84,68,59,60,38,55,43,51,74,50,49,43,49,75,78,76
[ 31.017902] wil6210-aoa$0,1606461631.257191,04:d6:aa:c1:38:97,2,1,1,0,128,279,969,824,826,1015,30,429,427,162,394,50,172,848,53,193,572,986,1019,314,903,746,24,707,21,258,415,102,195,380,47,104,847,57,103,95,98,77,85,55,58,86,81,74,46,58,55,98,60,85,69,61,63,38,56,45,53,77,50,50,44,50,77,79,72
[ 31.051512] wil6210-aoa$0,1606461631.290802,04:d6:aa:c1:38:97,2,1,1,0,128,292,962,746,730,898,1002,423,413,218,393,50,183,839,43,650,416,931,971,418,942,782,49,703,1019,238,371,59,174,814,863,755,577,54,101,97,100,73,85,56,58,82,82,70,44,55,54,93,58,83,70,60,62,36,53,44,51,74,48,47,41,47,75,75,70
[ 31.085542] wil6210-aoa$0,1606461631.324831,04:d6:aa:c1:38:97,2,1,1,0,128,284,958,732,770,924,976,432,366,143,335,140,203,855,75,242,635,970,993,443,957,779,70,801,91,258,446,108,253,391,72,529,269,53,102,91,95,73,84,57,57,83,79,73,46,53,50,94,59,86,68,58,60,36,55,41,52,75,50,48,42,48,73,76,74
[ 31.112808] wil6210-aoa$0,1606461631.352097,04:d6:aa:c1:38:97,2,1,1,0,128,274,922,773,812,966,20,412,418,119,372,109,233,261,880,164,577,905,963,403,912,739,8,747,16,224,367,602,78,356,37,787,576,52,98,91,96,71,82,53,55,82,77,68,44,52,49,91,56,83,66,56,58,34,52,38,49,71,46,45,39,46,73,75,68
[ 31.141055] wil6210-aoa$0,1606461631.380350,04:d6:aa:c1:38:97,2,1,1,0,128,294,949,735,716,970,1000,356,373,201,356,18,168,902,68,202,537,1012,1002,436,941,772,42,790,79,185,330,79,203,353,35,51,930,55,102,93,99,73,84,56,57,83,77,72,42,54,51,89,55,82,68,59,59,36,51,39,49,70,44,43,38,45,69,68,65
[ 31.172158] wil6210-aoa$0,1606461631.411451,04:d6:aa:c1:38:97,2,1,1,0,128,223,921,182,574,945,1001,373,419,152,389,1020,170,866,68,210,611,903,967,408,940,704,43,719,52,227,346,594,71,886,915,0,810,56,102,95,100,76,89,58,57,85,81,73,48,56,54,97,59,86,69,61,60,38,55,46,55,78,52,50,44,49,75,79,76
[ 31.198125] wil6210-aoa$0,1606461631.437418,04:d6:aa:c1:38:97,2,1,1,0,128,832,730,783,737,421,811,928,211,193,367,511,1007,811,29,171,560,353,743,831,712,151,818,196,882,695,154,95,204,331,31,733,597,57,105,95,100,73,86,58,58,85,80,71,45,56,53,93,58,85,70,61,61,39,52,43,53,77,51,49,43,48,74,77,72
[ 31.237805] wil6210-aoa$0,1606461631.477099,04:d6:aa:c1:38:97,2,1,1,0,128,271,940,812,794,1008,38,376,348,162,329,517,1002,866,85,258,618,913,924,389,944,710,18,714,1,281,381,135,236,387,27,634,341,57,110,99,101,77,87,59,61,85,82,77,50,59,57,96,62,89,70,63,64,38,57,45,53,79,51,49,43,50,77,80,75
[ 31.268705] wil6210-aoa$0,1606461631.507996,04:d6:aa:c1:38:97,2,1,1,0,128,837,775,877,857,935,1022,403,419,170,417,13,192,834,49,198,586,895,946,392,918,735,50,687,1018,234,358,85,222,313,19,703,530,54,105,96,98,73,85,57,57,83,77,70,45,52,50,90,58,88,68,59,62,38,54,41,52,78,48,45,40,47,71,73,66
[ 31.302234] wil6210-aoa$0,1606461631.541523,04:d6:aa:c1:38:97,2,1,1,0,128,305,926,755,788,906,986,400,377,585,93,494,937,226,832,710,389,945,991,392,918,640,1008,725,35,196,338,93,202,357,54,233,39,56,105,95,99,75,84,56,60,84,79,73,47,57,54,96,62,90,70,61,64,39,57,44,57,78,53,49,45,52,78,81,78
[ 31.329771] wil6210-aoa$0,1606461631.569064,04:d6:aa:c1:38:97,2,1,1,0,128,249,924,846,811,989,30,471,430,117,328,42,198,755,13,267,605,897,963,422,951,767,53,684,28,267,426,91,204,378,17,679,382,58,104,98,101,77,88,58,59,86,81,75,47,59,56,97,62,87,72,63,63,40,56,47,53,79,53,49,45,50,79,80,73
[ 31.361334] wil6210-aoa$0,1606461631.600626,04:d6:aa:c1:38:97,2,1,1,0,128,352,963,759,749,994,44,422,457,94,320,55,183,819,41,189,598,874,914,902,755,730,1,705,47,163,341,85,206,397,27,844,579,57,104,91,99,76,87,60,60,86,82,75,48,58,56,100,62,87,68,64,65,41,58,46,55,78,54,53,45,54,79,83,80
[ 31.390175] wil6210-aoa$0,1606461631.629463,04:d6:aa:c1:38:97,2,1,1,0,128,275,919,771,810,940,1015,435,417,216,420,77,223,858,66,120,558,945,1014,387,935,745,18,729,0,263,384,67,221,430,64,126,909,54,104,91,94,72,82,54,56,83,79,71,46,53,52,92,56,82,68,57,60,37,52,41,50,75,49,46,40,47,71,76,68
[ 31.416815] wil6210-aoa$0,1606461631.656110,04:d6:aa:c1:38:97,2,1,1,0,128,286,905,753,781,968,4,402,401,161,321,109,224,791,59,125,549,951,1004,364,885,758,74,775,53,260,421,40,154,390,57,31,809,53,102,90,96,71,80,56,56,82,77,70,43,53,51,90,57,85,68,58,61,36,54,44,54,73,47,47,41,45,71,75,71
[ 31.444109] wil6210-aoa$0,1606461631.683399,04:d6:aa:c1:38:97,2,1,1,0,128,295,929,734,748,914,1,417,456,175,390,60,178,829,51,221,620,912,956,384,928,744,15,706,1021,297,422,176,258,332,37,593,320,54,102,91,99,70,82,54,57,82,79,71,43,54,52,92,57,83,67,59,60,36,51,42,52,71,48,45,41,45,71,75,68
[ 31.477731] wil6210-aoa$0,1606461631.717022,04:d6:aa:c1:38:97,2,1,1,0,128,728,716,261,561,385,801,905,249,594,181,104,241,762,19,181,581,895,1000,362,908,716,38,744,41,260,414,139,222,388,56,283,29,53,100,90,98,73,80,52,56,83,76,69,44,51,50,90,57,81,66,59,60,34,51,43,50,73,47,46,42,45,71,75,69
[ 31.505718] wil6210-aoa$0,1606461631.745007,04:d6:aa:c1:38:97,2,1,1,0,128,327,946,830,822,935,993,400,362,153,343,95,223,799,6,153,548,962,1015,479,970,770,65,701,47,181,408,93,236,414,72,130,940,57,106,93,97,74,86,58,57,86,78,72,46,56,54,96,58,85,68,60,62,38,55,44,52,76,50,47,42,49,74,76,72
[ 31.539569] wil6210-aoa$0,1606461631.778863,04:d6:aa:c1:38:97,2,1,1,0,128,281,928,833,819,978,1010,439,407,192,409,33,209,850,102,253,609,897,958,388,921,737,54,749,35,212,391,133,241,453,108,187,941,53,100,89,94,72,83,55,53,81,79,69,45,53,51,94,59,82,66,61,62,38,55,44,52,76,52,48,44,53,78,80,76
[ 31.566049] wil6210-aoa$0,1606461631.805343,04:d6:aa:c1:38:97,2,1,1,0,128,293,911,203,591,360,781,898,192,128,331,15,188,841,84,196,621,854,927,847,729,722,28,705,14,225,365,124,235,815,869,267,100,58,104,93,98,76,85,59,59,84,77,72,47,55,53,97,59,87,70,62,65,39,56,45,55,78,53,51,45,51,79,83,78
[ 31.596103] wil6210-aoa$0,1606461631.835393,04:d6:aa:c1:38:97,2,1,1,0,128,318,952,798,803,932,985,480,476,113,341,51,212,224,852,662,357,850,942,847,709,716,4,229,893,189,348,157,253,368,37,432,202,56,103,94,99,75,87,58,59,85,80,75,48,58,55,98,62,87,71,61,62,39,55,44,53,78,54,49,43,51,76,82,76
[ 31.630159] wil6210-aoa$0,1606461631.869449,04:d6:aa:c1:38:97,2,1,1,0,128,331,975,779,783,972,9,416,417,163,350,97,232,779,1019,693,375,936,979,337,873,149,847,191,864,157,319,80,218,373,40,721,493,57,104,94,97,75,84,57,58,83,77,73,44,56,53,93,61,88,72,59,61,38,54,44,53,75,51,49,43,48,74,77,74
[ 31.663122] wil6210-aoa$0,1606461631.902415,04:d6:aa:c1:38:97,2,1,1,0,128,314,925,805,752,950,2,847,140,619,132,487,986,824,1,233,583,926,946,400,896,725,33,683,1011,226,395,37,151,382,57,365,182,54,104,93,98,73,83,56,58,82,78,71,44,54,53,91,57,83,68,59,58,35,51,41,48,73,48,45,38,44,71,71,66
[ 31.692048] wil6210-aoa$0,1606461631.931337,04:d6:aa:c1:38:97,2,1,1,0,128,799,782,824,804,991,1004,435,434,157,375,82,225,846,42,155,557,885,937,365,893,200,855,198,879,172,335,63,186,358,52,709,510,57,102,94,99,74,86,57,57,85,80,72,46,57,53,92,57,85,68,59,59,37,54,42,51,73,47,46,39,46,71,72,68
[ 31.725856] wil6210-aoa$0,1606461631.965151,04:d6:aa:c1:38:97,2,1,1,0,128,253,921,179,556,396,813,440,392,670,205,79,228,842,72,199,575,914,948,329,863,225,877,200,849,312,386,130,235,357,29,186,953,58,107,94,102,75,85,60,59,84,81,71,45,52,51,94,57,84,66,60,61,37,52,43,52,74,47,48,41,48,75,76,72
[ 31.755240] wil6210-aoa$0,1606461631.994528,04:d6:aa:c1:38:97,2,1,1,0,128,753,716,768,789,944,1011,417,424,649,221,85,232,791,30,666,352,933,988,427,909,697,2,783,56,224,321,569,0,386,22,318,80,55,105,95,102,75,85,59,58,84,82,72,48,56,54,94,59,84,69,62,61,39,54,44,51,77,48,47,41,49,74,76,70
[ 31.789243] wil6210-aoa$0,1606461632.028533,04:d6:aa:c1:38:97,2,1,1,0,128,337,997,778,805,938,946,418,401,246,396,111,224,813,1016,179,571,901,952,338,904,178,866,228,898,163,349,124,212,379,40,214,903,58,105,95,101,77,89,57,58,86,79,73,48,58,55,97,59,86,71,61,65,39,56,46,55,79,52,53,46,51,78,82,78
[ 31.823674] wil6210-aoa$0,1606461632.062964,04:d6:aa:c1:38:97,2,1,1,0,128,274,907,751,725,981,24,440,390,242,415,51,169,831,72,154,508,391,787,418,901,715,33,754,54,246,379,101,245,398,85,103,921,52,102,88,95,71,79,54,55,79,72,68,42,49,50,87,53,80,64,58,55,34,48,38,46,68,43,40,36,41,66,63,60
[ 31.857669] wil6210-aoa$0,1606461632.096957,04:d6:aa:c1:38:97,2,1,1,0,128,781,794,249,618,984,40,390,422,637,206,502,10,289,883,676,394,406,791,352,870,757,33,754,30,630,152,167,265,376,69,992,690,52,103,94,98,71,82,55,56,82,76,71,41,53,52,89,56,80,67,57,56,35,49,38,46,71,43,43,36,42,66,65,59
[ 31.891651] wil6210-aoa$0,1606461632.130945,04:d6:aa:c1:38:97,2,1,1,0,128,245,884,208,544,950,997,411,384,151,350,89,216,866,72,136,551,908,928,398,907,164,888,172,856,683,192,128,236,323,997,91,977,52,101,90,95,72,83,53,57,79,76,71,43,53,49,91,55,80,64,58,58,35,50,41,50,71,47,44,39,44,71,71,64
[ 31.920853] wil6210-aoa$0,1606461632.160141,04:d6:aa:c1:38:97,2,1,1,0,128,353,953,693,714,330,799,920,213,248,403,41,178,808,9,205,574,893,967,858,732,713,45,731,34,223,413,66,195,896,921,445,268,54,102,91,99,71,83,54,53,82,75,70,44,54,50,91,57,80,67,58,60,36,53,42,51,71,49,46,41,46,72,77,70
[ 31.954957] wil6210-aoa$0,1606461632.194246,04:d6:aa:c1:38:97,2,1,1,0,128,287,954,752,768,946,1001,429,402,189,397,61,237,796,27,700,402,339,779,381,911,750,40,685,1013,230,312,118,221,356,19,276,20,56,102,93,99,75,86,57,58,86,81,72,45,54,53,94,58,87,68,60,61,38,54,43,51,74,48,47,42,47,73,74,71
[ 31.989154] wil6210-aoa$0,1606461632.228445,04:d6:aa:c1:38:97,2,1,1,0,128,308,913,790,785,913,986,474,457,194,407,10,175,772,50,588,367,373,803,830,727,191,878,131,824,248,392,548,22,394,78,186,999,56,105,95,101,73,86,56,57,83,78,72,46,54,53,95,60,83,69,61,60,37,52,41,52,73,46,45,40,45,71,72,64
[ 32.021445] wil6210-aoa$0,1606461632.260739,04:d6:aa:c1:38:97,2,1,1,0,128,232,890,722,764,365,817,841,202,144,395,49,200,843,75,147,541,313,767,840,687,200,865,144,813,708,160,105,256,363,7,272,959,56,104,97,104,73,85,56,59,85,79,73,44,54,52,92,56,83,69,60,61,36,52,43,51,74,47,47,39,46,72,75,67
[ 32.048166] wil6210-aoa$0,1606461632.287460,04:d6:aa:c1:38:97,2,1,1,0,128,294,913,800,791,881,985,473,439,120,376,476,986,241,842,689,376,352,731,865,719,737,13,735,22,250,381,127,221,363,26,486,294,52,104,93,97,75,83,56,58,83,76,70,45,53,52,87,58,84,68,56,59,35,50,40,50,72,47,45,38,45,70,74,66
[ 32.082270] wil6210-aoa$0,1606461632.321560,04:d6:aa:c1:38:97,2,1,1,0,128,296,916,208,556,375,773,414,392,627,187,14,161,813,28,167,549,906,928,381,925,643,1010,725,65,214,365,66,215,393,68,327,997,59,107,96,99,77,88,62,60,86,82,76,47,58,56,100,61,91,72,63,65,39,57,46,56,80,51,50,45,51,78,80,75
[ 32.112295] wil6210-aoa$0,1606461632.351592,04:d6:aa:c1:38:97,2,1,1,0,128,318,963,801,797,925,4,415,413,595,158,118,238,292,862,649,353,935,958,410,930,770,78,758,50,212,351,86,191,846,830,892,623,58,102,94,96,74,85,58,58,84,78,75,48,56,53,96,60,85,67,63,61,37,55,44,54,76,51,48,42,49,74,81,74
[ 32.139621] wil6210-aoa$0,1606461632.378912,04:d6:aa:c1:38:97,2,1,1,0,128,305,934,790,771,995,1001,421,386,180,405,515,0,841,5,678,388,969,1017,353,900,732,33,228,868,230,376,89,216,405,58,128,946,55,100,93,97,72,84,56,56,85,77,72,42,53,52,92,56,84,66,60,61,36,51,42,49,72,47,46,40,46,72,74,68
[ 32.170727] wil6210-aoa$0,1606461632.410021,04:d6:aa:c1:38:97,2,1,1,0,128,256,930,721,734,935,967,881,181,211,424,25,222,793,73,207,598,360,755,824,680,812,122,667,21,197,377,85,211,372,39,309,139,55,103,95,96,74,84,58,58,83,81,72,46,57,55,96,62,87,71,61,61,39,55,45,54,77,51,48,43,49,73,81,74
[ 32.203243] wil6210-aoa$0,1606461632.442533,04:d6:aa:c1:38:97,2,1,1,0,128,282,911,767,775,994,996,419,408,204,385,30,199,908,84,178,563,925,981,423,943,718,12,710,1022,194,325,191,278,393,66,963,661,56,100,89,95,74,84,56,56,79,78,70,48,54,53,97,57,83,68,61,62,37,56,44,52,77,51,49,45,50,77,81,75
[ 32.237622] wil6210-aoa$0,1606461632.476911,04:d6:aa:c1:38:97,2,1,1,0,128,254,871,833,774,370,803,831,133,643,155,57,196,829,83,199,574,859,906,860,722,212,875,684,999,697,156,562,40,793,840,859,674,58,102,92,98,74,86,59,57,84,81,74,48,58,55,98,60,87,70,63,62,38,56,46,55,79,53,50,45,53,78,82,79
[ 32.264873] wil6210-aoa$0,1606461632.504169,04:d6:aa:c1:38:97,2,1,1,0,128,749,707,234,599,914,990,945,240,683,206,504,25,851,52,224,592,411,801,418,910,178,867,764,38,244,399,198,252,372,48,239,974,54,101,91,97,71,82,54,55,81,76,69,44,52,50,90,57,78,64,55,58,35,49,39,50,70,45,43,39,44,67,69,65
[ 32.294658] wil6210-aoa$0,1606461632.533949,04:d6:aa:c1:38:97,2,1,1,0,128,302,939,824,819,933,1018,384,392,158,370,87,232,776,1,650,328,874,894,838,694,122,800,128,807,702,139,581,42,831,848,737,625,56,101,93,98,75,88,57,58,84,79,72,47,59,54,98,63,87,70,64,64,41,58,46,56,78,53,51,45,52,79,81,75
[ 32.329220] wil6210-aoa$0,1606461632.568509,04:d6:aa:c1:38:97,2,1,1,0,128,267,885,791,749,359,832,433,399,102,341,20,144,827,24,242,609,891,969,435,969,770,100,734,34,143,341,118,218,371,43,956,629,56,104,92,98,76,84,58,57,85,81,74,47,55,54,96,60,85,69,61,63,40,57,44,54,78,51,50,44,50,77,82,78
[ 32.364293] wil6210-aoa$0,1606461632.603583,04:d6:aa:c1:38:97,2,1,1,0,128,736,702,770,747,982,959,452,397,182,392,76,215,799,36,210,578,887,923,359,873,737,20,151,815,215,345,95,220,356,45,273,128,57,100,93,98,74,86,57,58,84,82,74,47,57,55,98,60,87,68,63,64,41,57,47,55,78,53,49,46,52,79,83,77
[ 32.398924] wil6210-aoa$0,1606461632.638213,04:d6:aa:c1:38:97,2,1,1,0,128,243,927,776,775,927,983,854,164,646,175,61,217,804,31,220,601,895,957,301,842,796,50,747,1015,225,381,73,221,376,38,281,945,54,100,92,100,70,81,55,56,83,76,69,41,51,50,89,53,80,65,56,57,34,48,38,44,66,43,40,34,41,63,64,57
[ 32.432561] wil6210-aoa$0,1606461632.671856,04:d6:aa:c1:38:97,2,1,1,0,128,283,928,793,795,952,1017,481,455,202,446,47,200,795,30,206,608,888,931,363,882,716,3,659,1022,724,198,72,223,345,34,872,644,50,99,89,96,68,77,51,53,77,69,63,37,48,44,82,51,74,61,53,53,31,45,32,41,61,37,37,31,35,58,57,55
[ 32.459792] wil6210-aoa$0,1606461632.699084,04:d6:aa:c1:38:97,2,1,1,0,128,785,769,181,569,403,850,827,188,672,167,519,1020,244,849,648,387,322,702,851,715,123,794,207,844,691,170,642,45,904,888,84,893,52,103,90,95,71,79,54,57,78,74,65,40,50,48,86,53,80,65,55,57,33,48,37,45,68,39,41,35,39,63,64,59
[ 32.493101] wil6210-aoa$0,1606461632.732391,04:d6:aa:c1:38:97,2,1,1,0,128,225,901,755,759,950,20,460,466,112,369,67,210,800,59,172,575,871,939,386,933,759,68,694,22,263,417,92,232,385,63,207,931,55,102,93,98,73,82,56,57,81,78,71,45,53,52,94,57,84,67,60,61,36,53,42,52,74,47,46,40,47,69,73,69
[ 32.523339] wil6210-aoa$0,1606461632.762635,04:d6:aa:c1:38:97,2,1,1,0,128,307,963,826,828,907,988,416,413,226,397,58,195,848,67,251,629,904,946,403,940,679,45,682,3,334,450,128,249,371,37,715,499,58,109,96,101,77,86,58,60,86,79,74,46,56,53,95,58,87,70,61,62,37,53,42,51,76,48,47,41,48,73,71,66
[ 32.550857] wil6210-aoa$0,1606461632.790152,04:d6:aa:c1:38:97,2,1,1,0,128,327,914,781,770,944,996,896,224,196,399,1012,198,796,1020,186,594,809,923,825,698,173,876,193,859,224,403,145,273,335,44,117,782,56,106,95,101,73,85,57,58,86,79,72,48,56,54,97,60,85,69,61,62,39,54,43,52,78,52,47,41,49,73,75,71
[ 32.578553] wil6210-aoa$0,1606461632.817848,04:d6:aa:c1:38:97,2,1,1,0,128,751,722,243,564,388,804,438,410,148,378,31,206,841,35,199,624,881,953,806,671,193,861,184,838,716,175,144,213,378,1018,417,48,57,104,93,101,73,86,57,59,84,80,74,46,56,53,97,58,86,70,61,64,38,55,45,54,78,50,50,43,49,75,79,73
[ 32.609806] wil6210-aoa$0,1606461632.849096,04:d6:aa:c1:38:97,2,1,1,0,128,247,882,804,785,971,1022,433,418,169,382,72,190,806,34,262,602,937,955,413,943,629,982,153,849,238,366,125,234,434,109,702,428,54,105,96,99,76,85,57,58,82,78,73,46,57,53,95,59,83,69,61,60,38,52,42,53,76,49,47,42,50,75,73,68
[ 32.637337] wil6210-aoa$0,1606461632.876631,04:d6:aa:c1:38:97,2,1,1,0,128,275,908,754,773,956,997,403,419,161,343,1020,131,294,861,695,425,818,913,421,900,680,984,175,825,698,152,125,216,818,869,783,627,54,102,91,97,71,81,54,56,80,75,69,43,53,52,89,56,82,66,59,58,36,51,40,49,71,46,43,38,47,70,68,65
[ 32.667795] wil6210-aoa$0,1606461632.907084,04:d6:aa:c1:38:97,2,1,1,0,128,282,940,788,749,959,1001,393,411,128,362,52,194,854,65,204,576,847,927,400,942,802,79,711,7,270,383,76,182,384,32,987,696,58,105,94,99,74,85,55,57,84,81,72,44,55,52,92,58,84,68,60,60,38,50,42,50,75,48,45,41,48,70,74,68
[ 32.696308] wil6210-aoa$0,1606461632.935604,04:d6:aa:c1:38:97,2,1,1,0,128,309,931,860,772,907,955,430,403,173,393,46,239,819,54,132,539,336,775,378,918,742,24,753,71,195,364,549,1021,883,918,28,760,53,102,92,99,71,81,54,55,82,78,70,41,52,50,87,54,82,67,57,58,35,50,40,48,70,45,45,39,44,70,69,65
[ 32.732093] wil6210-aoa$0,1606461632.971359,04:d6:aa:c1:38:97,2,1,1,0,128,279,903,839,804,974,9,455,449,137,343,105,220,789,1022,224,575,885,956,860,724,759,49,155,839,629,142,126,210,370,44,871,570,53,100,91,96,71,83,53,56,82,75,69,43,55,51,90,56,82,65,59,60,39,52,41,51,74,50,48,41,49,75,80,72
[ 32.767282] wil6210-aoa$0,1606461633.006577,04:d6:aa:c1:38:97,2,1,1,0,128,282,948,813,783,913,995,380,362,664,180,53,174,855,31,176,553,292,733,886,717,97,822,185,860,255,404,98,222,319,12,306,1016,57,104,93,100,75,84,56,57,83,80,72,45,56,54,94,60,86,69,60,62,37,53,43,52,75,48,47,42,47,70,75,70
[ 32.799948] wil6210-aoa$0,1606461633.039245,04:d6:aa:c1:38:97,2,1,1,0,128,342,955,779,750,933,1011,362,365,160,359,68,197,836,46,621,356,341,740,857,717,176,860,760,53,152,341,93,216,308,26,264,54,54,100,91,96,73,84,55,56,82,79,70,45,56,51,91,57,82,64,58,57,37,53,43,52,74,50,47,42,48,75,77,75
[ 32.830413] wil6210-aoa$0,1606461633.069701,04:d6:aa:c1:38:97,2,1,1,0,128,222,865,783,762,393,805,840,159,596,107,559,14,282,887,614,336,389,771,381,911,664,25,713,62,191,419,88,227,348,19,713,509,54,103,95,99,75,83,57,58,81,78,73,46,53,51,93,59,84,69,59,60,36,52,41,51,73,47,45,39,48,70,74,68
[ 32.864949] wil6210-aoa$0,1606461633.104244,04:d6:aa:c1:38:97,2,1,1,0,128,275,927,750,746,341,747,885,140,639,149,519,1010,829,46,142,554,852,895,846,731,196,888,192,875,714,185,134,250,380,81,613,340,55,103,93,98,73,84,56,56,84,79,71,45,53,51,94,59,83,66,60,61,36,54,44,53,74,48,49,42,47,73,74,70
[ 32.895737] wil6210-aoa$0,1606461633.135026,04:d6:aa:c1:38:97,2,1,1,0,128,255,902,213,562,337,755,472,395,202,402,25,128,924,96,681,381,283,726,346,852,701,995,697,1023,687,174,598,70,829,871,981,912,54,104,94,101,72,82,55,57,82,75,69,42,51,52,93,55,81,67,59,60,34,51,41,50,71,44,45,40,45,68,69,67
[ 32.931564] wil6210-aoa$0,1606461633.170852,04:d6:aa:c1:38:97,2,1,1,0,128,300,923,744,730,924,957,904,225,132,343,27,151,263,835,700,405,859,891,891,704,203,848,187,825,669,149,122,269,334,28,295,86,57,105,93,97,75,86,57,58,83,78,73,47,53,52,95,60,85,71,61,62,39,53,44,53,76,50,48,45,48,73,75,72
[ 32.967330] wil6210-aoa$0,1606461633.206624,04:d6:aa:c1:38:97,2,1,1,0,128,331,969,747,770,911,1000,404,376,223,392,150,213,850,45,161,525,923,955,400,886,760,39,706,1015,229,399,140,226,429,90,184,926,57,104,96,100,76,86,58,59,83,78,70,45,52,50,92,57,82,67,59,59,36,49,39,48,73,46,41,40,46,67,69,64
[ 32.997568] wil6210-aoa$0,1606461633.236856,04:d6:aa:c1:38:97,2,1,1,0,128,244,917,787,744,948,1013,388,392,140,380,484,1012,843,51,204,637,880,988,372,911,720,8,128,836,739,191,107,249,359,55,168,891,58,103,95,100,76,86,58,59,87,81,73,47,58,53,98,59,86,70,62,64,39,56,45,54,77,53,51,44,52,80,80,77
[ 33.032549] wil6210-aoa$0,1606461633.271841,04:d6:aa:c1:38:97,2,1,1,0,128,325,947,775,769,374,819,867,163,593,137,528,10,291,837,666,347,377,722,834,681,751,14,714,1011,641,124,564,20,317,1014,198,74,54,103,94,100,71,80,55,58,81,74,70,43,51,50,89,56,80,66,58,57,34,49,38,48,70,44,41,36,43,69,67,61
[ 33.063615] wil6210-aoa$0,1606461633.302904,04:d6:aa:c1:38:97,2,1,1,0,128,305,905,754,757,379,828,464,402,143,342,57,227,800,99,187,596,892,952,373,928,736,18,794,80,194,397,110,241,373,84,462,122,53,104,94,98,71,84,55,56,85,78,70,43,53,53,91,56,84,66,57,58,34,51,40,48,73,46,45,39,48,69,72,65
[ 33.099510] wil6210-aoa$0,1606461633.338800,04:d6:aa:c1:38:97,2,1,1,0,128,314,893,792,765,954,1002,889,193,649,172,1011,152,865,39,172,565,920,945,293,848,182,847,733,26,211,377,85,233,847,894,663,512,56,102,91,98,76,86,58,57,85,80,73,47,57,53,97,58,86,69,61,64,39,56,45,53,75,50,49,41,49,74,74,71
[ 33.134378] wil6210-aoa$0,1606461633.373674,04:d6:aa:c1:38:97,2,1,1,0,128,267,896,793,765,387,834,414,421,192,349,161,245,875,46,230,574,959,966,882,725,727,20,222,860,609,120,554,1009,840,862,688,530,52,98,89,94,70,80,54,55,81,76,68,41,51,50,88,55,81,65,58,56,33,50,40,47,71,45,45,36,46,68,73,64
[ 33.165499] wil6210-aoa$0,1606461633.404787,04:d6:aa:c1:38:97,2,1,1,0,128,251,888,771,754,934,1020,420,386,162,370,65,196,870,76,174,584,831,936,442,934,711,994,152,827,213,334,566,29,882,889,285,136,58,99,93,97,75,86,58,57,85,81,72,47,58,52,99,60,87,72,62,66,42,59,46,57,80,56,53,47,53,82,84,80
[ 33.193899] wil6210-aoa$0,1606461633.433193,04:d6:aa:c1:38:97,2,1,1,0,128,263,908,699,719,300,773,949,243,636,160,565,31,237,849,686,403,370,751,815,682,150,836,808,56,201,353,151,232,352,18,379,133,56,104,95,100,74,87,56,59,83,79,74,47,57,54,97,61,87,68,61,61,37,55,45,55,77,51,49,45,51,78,79,76
[ 33.225196] wil6210-aoa$0,1606461633.464486,04:d6:aa:c1:38:97,2,1,1,0,128,737,703,241,565,955,958,839,155,659,138,482,977,309,898,217,636,894,935,373,892,786,65,685,1001,717,170,157,254,337,15,239,60,55,105,94,99,74,84,56,59,83,80,72,44,54,53,94,59,83,67,60,61,36,51,42,50,76,47,47,38,49,75,72,67
[ 33.253742] wil6210-aoa$0,1606461633.493036,04:d6:aa:c1:38:97,2,1,1,0,128,794,753,774,786,886,952,450,402,167,374,54,176,820,58,154,575,815,864,845,685,170,849,713,0,727,207,68,169,838,890,698,481,59,107,95,99,78,90,59,60,86,82,75,49,59,55,101,60,89,70,62,65,39,57,45,57,83,55,52,47,53,81,83,79
[ 33.284051] wil6210-aoa$0,1606461633.523340,04:d6:aa:c1:38:97,2,1,1,0,128,261,923,749,751,885,988,884,220,142,353,20,186,796,45,166,580,946,961,388,925,726,31,792,67,232,416,100,236,843,898,884,725,58,105,94,102,78,87,57,60,85,82,74,49,57,55,97,61,86,71,63,64,37,57,45,55,78,51,48,44,51,76,78,75
[ 33.319979] wil6210-aoa$0,1606461633.559268,04:d6:aa:c1:38:97,2,1,1,0,128,288,875,821,786,924,999,552,463,176,394,59,197,875,106,222,617,975,999,369,934,775,88,822,91,220,376,122,226,440,113,710,440,54,104,91,101,75,86,55,57,83,77,71,46,52,52,92,58,82,67,61,60,37,53,42,50,75,46,45,39,47,72,75,70
[ 33.356380] wil6210-aoa$0,1606461633.595677,04:d6:aa:c1:38:97,2,1,1,0,128,314,981,755,789,917,976,901,193,603,161,71,202,343,917,222,577,880,968,344,888,200,876,736,5,222,400,125,226,406,40,81,855,53,102,93,98,73,84,56,58,82,78,70,45,50,52,93,58,82,67,58,60,35,50,41,50,73,47,45,40,44,73,72,67
[ 33.386380] wil6210-aoa$0,1606461633.625670,04:d6:aa:c1:38:97,2,1,1,0,128,277,929,263,622,918,1022,460,444,127,352,33,190,832,51,156,543,899,953,345,894,147,816,154,839,699,202,143,241,386,36,415,128,53,103,89,98,73,82,53,56,82,76,69,43,52,50,90,54,81,67,57,60,34,50,41,48,70,46,44,38,46,68,74,68
[ 33.422932] wil6210-aoa$0,1606461633.662222,04:d6:aa:c1:38:97,2,1,1,0,128,764,723,786,779,906,1003,472,433,142,372,99,251,799,43,239,605,839,926,392,912,696,25,715,43,212,379,98,181,372,51,762,413,54,99,90,95,72,83,55,56,81,80,69,45,52,50,89,56,80,66,58,58,37,53,42,51,74,46,48,41,47,71,76,71
[ 33.459246] wil6210-aoa$0,1606461633.698542,04:d6:aa:c1:38:97,2,1,1,0,128,305,931,753,730,989,14,420,432,176,363,95,223,843,60,227,568,872,898,358,896,166,856,771,16,217,354,121,183,381,34,882,579,57,103,92,99,73,84,56,58,84,79,70,42,53,53,92,57,83,68,58,60,35,53,42,50,75,46,47,40,46,72,74,66
[ 33.489400] wil6210-aoa$0,1606461633.728690,04:d6:aa:c1:38:97,2,1,1,0,128,330,978,776,772,901,967,901,191,644,181,48,178,792,1,234,642,890,940,393,936,678,3,748,45,697,224,108,250,271,1019,756,599,54,102,93,97,72,83,55,56,85,78,70,44,53,50,90,56,83,68,58,62,36,52,40,50,72,46,44,39,46,72,69,66
[ 33.524459] wil6210-aoa$0,1606461633.763756,04:d6:aa:c1:38:97,2,1,1,0,128,283,923,819,798,977,1003,401,392,169,414,73,224,839,73,219,620,916,985,321,881,731,31,779,30,228,350,162,258,382,1022,128,898,55,101,95,98,75,86,55,57,84,81,71,47,55,53,96,59,87,71,62,63,39,57,44,53,77,51,49,44,50,75,82,77
[ 33.556348] wil6210-aoa$0,1606461633.795639,04:d6:aa:c1:38:97,2,1,1,0,128,331,941,776,763,989,0,443,439,185,353,124,242,792,34,160,540,883,935,332,899,730,1020,743,1,221,364,85,220,858,862,37,898,52,98,89,96,70,78,54,55,79,74,69,40,51,50,90,56,80,66,58,59,35,49,40,48,73,45,43,39,44,70,67,63
[ 33.592267] wil6210-aoa$0,1606461633.831559,04:d6:aa:c1:38:97,2,1,1,0,128,347,962,706,747,966,4,446,424,208,383,96,231,217,845,217,592,877,913,452,905,749,30,737,36,216,374,52,184,348,33,819,538,54,99,91,95,73,84,58,56,84,81,71,47,56,52,96,59,86,66,60,60,38,56,45,53,76,51,48,44,51,78,82,77
[ 33.621641] wil6210-aoa$0,1606461633.860934,04:d6:aa:c1:38:97,2,1,1,0,128,223,874,777,744,892,945,372,363,176,346,75,203,851,47,246,606,886,957,405,957,674,1017,855,127,172,348,100,214,292,18,508,352,56,104,94,99,77,86,59,57,84,81,72,48,55,54,96,59,88,69,61,61,38,57,45,55,78,51,51,46,53,78,82,77
[ 33.649732] wil6210-aoa$0,1606461633.889024,04:d6:aa:c1:38:97,2,1,1,0,128,331,966,847,823,963,5,373,367,233,386,16,180,893,63,176,549,931,972,377,899,718,47,661,1002,240,389,113,220,361,5,31,751,53,100,90,95,74,82,55,55,81,77,69,44,53,52,92,54,82,66,59,58,35,51,42,49,71,47,46,39,44,70,74,70
[ 33.680881] wil6210-aoa$0,1606461633.920169,04:d6:aa:c1:38:97,2,1,1,0,128,692,684,210,572,377,843,881,208,633,166,544,0,213,841,172,538,870,962,384,902,225,872,184,865,247,386,641,57,358,32,393,202,53,104,94,99,71,82,55,58,82,79,69,44,54,52,91,59,83,67,58,60,38,54,42,50,74,46,44,38,47,71,71,64
[ 33.710563] wil6210-aoa$0,1606461633.949852,04:d6:aa:c1:38:97,2,1,1,0,128,273,925,712,769,838,969,922,229,218,409,95,214,837,48,195,591,870,954,358,901,721,23,754,46,259,432,119,267,337,44,402,221,55,98,93,99,71,81,55,57,80,76,69,43,51,51,88,55,82,67,58,58,34,51,39,47,71,45,43,37,43,69,67,61
[ 33.747145] wil6210-aoa$0,1606461633.986440,04:d6:aa:c1:38:97,2,1,1,0,128,268,941,807,821,884,1001,427,441,130,387,62,240,839,67,203,616,906,958,390,904,770,55,731,25,224,390,143,246,389,83,8,763,54,106,95,100,73,86,55,56,84,78,72,46,55,51,92,56,81,67,60,60,36,52,39,50,72,45,44,37,45,69,67,64
[ 33.777903] wil6210-aoa$0,1606461634.017191,04:d6:aa:c1:38:97,2,1,1,0,128,283,956,783,773,931,991,388,384,176,370,31,186,806,40,182,596,892,944,422,958,668,1014,682,5,249,397,106,266,390,76,433,133,58,105,97,101,77,89,59,59,87,84,75,49,60,54,100,61,89,70,63,62,40,58,46,57,79,54,50,47,54,81,84,80
[ 33.814138] wil6210-aoa$0,1606461634.053435,04:d6:aa:c1:38:97,2,1,1,0,128,319,935,824,826,948,24,442,436,104,324,104,214,850,66,209,624,874,941,363,887,771,43,753,34,231,352,134,271,386,43,280,65,52,104,91,98,71,83,54,56,84,77,71,42,53,50,88,54,83,66,59,59,36,49,41,47,70,42,44,37,42,67,68,61
[ 33.846702] wil6210-aoa$0,1606461634.085991,04:d6:aa:c1:38:97,2,1,1,0,128,299,931,827,797,916,997,311,352,157,374,33,182,846,39,216,619,916,979,371,894,695,1019,756,5,173,345,118,252,359,33,941,744,53,101,92,97,71,83,55,56,80,76,71,43,52,53,89,56,83,67,56,58,35,50,40,49,71,47,45,39,46,71,71,68
[ 33.881355] wil6210-aoa$0,1606461634.120652,04:d6:aa:c1:38:97,2,1,1,0,128,801,743,829,826,945,988,411,380,201,388,107,209,822,45,258,618,944,965,367,882,810,42,753,1015,191,339,78,171,369,25,881,589,57,102,90,96,72,83,55,55,83,78,72,47,54,52,94,58,83,67,59,61,36,54,45,51,74,50,50,43,49,76,81,76
[ 33.914916] wil6210-aoa$0,1606461634.154210,04:d6:aa:c1:38:97,2,1,1,0,128,260,883,817,800,938,2,437,420,155,370,52,234,794,42,185,585,900,965,454,957,683,16,698,1010,643,169,73,207,367,22,269,986,55,104,93,101,75,84,55,55,83,78,71,44,53,52,89,57,82,68,60,60,36,51,41,49,72,45,44,39,44,71,74,68
[ 33.945578] wil6210-aoa$0,1606461634.184868,04:d6:aa:c1:38:97,2,1,1,0,128,335,917,871,839,909,983,399,348,138,345,65,201,753,974,730,396,849,925,825,719,722,34,722,1014,197,376,561,27,818,843,824,667,52,101,94,97,74,84,54,57,82,77,68,43,51,51,89,56,83,68,58,59,35,49,40,48,73,43,45,38,46,67,69,65
[ 33.975372] wil6210-aoa$0,1606461634.214669,04:d6:aa:c1:38:97,2,1,1,0,128,345,963,809,802,928,993,420,431,103,300,86,221,871,50,237,586,965,987,340,890,731,40,176,830,705,215,126,208,335,27,656,314,56,102,93,98,76,85,58,59,84,79,72,48,56,53,95,59,85,68,59,61,38,55,44,53,78,49,47,43,49,76,76,69
[ 34.005008] wil6210-aoa$0,1606461634.244299,04:d6:aa:c1:38:97,2,1,1,0,128,829,757,236,571,343,754,900,202,684,193,96,239,848,60,178,561,332,761,406,917,190,873,670,24,196,363,526,10,809,796,255,123,54,105,94,98,72,83,57,58,84,76,72,46,54,53,92,59,85,67,60,62,38,54,45,53,73,49,48,41,48,74,75,73
[ 34.041913] wil6210-aoa$0,1606461634.281204,04:d6:aa:c1:38:97,2,1,1,0,128,273,907,216,587,933,990,855,197,139,321,95,225,844,58,187,569,374,755,822,713,717,33,721,26,637,138,111,244,343,67,515,215,55,101,94,99,75,85,54,58,84,79,71,44,53,50,89,55,81,67,59,59,35,51,38,47,71,46,43,39,44,67,69,65
[ 34.073990] wil6210-aoa$0,1606461634.313287,04:d6:aa:c1:38:97,2,1,1,0,128,299,937,722,743,967,1000,952,234,655,181,504,18,236,860,659,372,336,779,366,933,747,49,658,1001,178,327,594,20,818,875,221,56,54,103,93,97,72,85,55,56,80,77,72,46,53,55,93,57,84,68,59,60,37,53,42,50,74,49,46,41,47,72,74,70
[ 34.103797] wil6210-aoa$0,1606461634.343086,04:d6:aa:c1:38:97,2,1,1,0,128,324,927,810,841,961,9,431,444,189,406,60,196,844,59,211,618,910,957,371,912,732,17,726,1,214,317,535,988,825,826,947,700,48,90,80,86,64,72,48,50,71,66,61,39,44,44,79,49,68,56,50,51,28,42,34,41,60,38,37,31,36,59,58,54
[ 34.140359] wil6210-aoa$0,1606461634.379656,04:d6:aa:c1:38:97,2,1,1,0,128,297,961,814,800,909,1011,449,452,228,448,85,221,793,43,183,551,375,772,384,873,168,878,738,30,266,411,137,253,344,994,76,947,56,102,94,101,74,85,58,56,84,79,71,47,54,53,95,59,85,66,61,62,36,54,44,54,76,49,49,43,47,73,74,71
[ 34.171427] wil6210-aoa$0,1606461634.410718,04:d6:aa:c1:38:97,2,1,1,0,128,254,896,753,781,972,28,413,448,277,492,64,218,893,98,235,591,957,997,404,953,762,67,731,42,254,389,176,267,399,50,58,923,57,102,95,99,77,86,58,57,84,78,73,47,57,54,99,61,86,69,62,63,38,57,46,55,78,53,50,47,52,79,82,77
[ 34.206492] wil6210-aoa$0,1606461634.445788,04:d6:aa:c1:38:97,2,1,1,0,128,309,964,767,763,908,990,403,386,638,130,510,990,919,67,253,614,885,942,355,865,756,18,681,1021,199,316,608,27,862,880,740,564,52,99,93,95,72,83,56,55,82,78,70,45,53,50,91,58,82,67,59,58,37,51,42,48,72,47,46,41,45,73,73,69
[ 34.239079] wil6210-aoa$0,1606461634.478370,04:d6:aa:c1:38:97,2,1,1,0,128,745,710,252,598,388,822,884,205,217,415,9,181,822,75,136,536,943,1001,327,884,745,28,176,840,229,342,107,208,364,2,259,50,53,100,92,95,72,81,54,55,82,77,70,44,53,52,92,54,83,68,57,60,37,54,42,50,72,48,48,41,45,72,75,68
[ 34.273506] wil6210-aoa$0,1606461634.512803,04:d6:aa:c1:38:97,2,1,1,0,128,285,989,722,726,938,5,375,350,129,354,76,216,856,37,243,610,956,996,354,891,734,17,738,28,250,363,56,200,418,88,753,409,57,103,92,97,76,87,59,58,85,78,74,47,58,55,96,60,87,68,61,62,38,55,45,52,76,50,48,43,48,72,77,74
[ 34.301822] wil6210-aoa$0,1606461634.541115,04:d6:aa:c1:38:97,2,1,1,0,128,273,907,211,570,924,970,906,221,615,122,538,29,316,888,197,564,858,892,909,723,242,864,746,13,687,136,620,42,345,998,514,219,55,103,95,101,75,89,57,58,83,80,73,47,57,53,95,61,86,69,61,61,39,55,45,52,76,52,48,44,50,76,82,75
[ 34.330726] wil6210-aoa$0,1606461634.570019,04:d6:aa:c1:38:97,2,1,1,0,128,284,914,825,828,894,1012,376,408,196,380,114,248,822,32,158,538,884,919,296,896,747,83,702,15,269,417,54,241,370,70,9,722,54,104,94,100,75,86,55,58,84,79,71,46,56,54,94,59,87,71,61,63,38,56,46,53,78,51,49,43,49,76,79,74
[ 34.362999] wil6210-aoa$0,1606461634.602289,04:d6:aa:c1:38:97,2,1,1,0,128,288,934,758,763,943,993,388,385,158,373,7,185,815,41,209,581,291,759,403,945,741,29,164,817,276,388,145,262,355,21,488,274,53,99,95,98,73,84,56,57,81,78,68,43,53,52,92,56,81,68,58,57,35,51,40,49,72,46,44,37,45,71,71,66
[ 34.397254] wil6210-aoa$0,1606461634.636551,04:d6:aa:c1:38:97,2,1,1,0,128,271,936,778,771,910,974,493,454,153,378,96,196,836,51,209,588,890,933,458,994,683,29,700,17,202,344,96,221,417,40,767,473,55,102,96,101,75,88,55,58,84,81,73,47,55,53,95,60,85,68,60,62,40,54,45,53,75,51,48,42,48,74,77,71
[ 34.430880] wil6210-aoa$0,1606461634.670177,04:d6:aa:c1:38:97,2,1,1,0,128,799,740,819,811,896,982,404,381,573,148,80,204,798,28,703,443,896,952,842,718,775,29,712,1009,639,135,562,0,361,69,455,229,54,104,94,99,72,82,56,57,84,77,71,46,54,52,95,61,87,69,59,61,38,54,42,51,75,50,47,41,49,75,78,71
[ 34.462118] wil6210-aoa$0,1606461634.701405,04:d6:aa:c1:38:97,2,1,1,0,128,269,907,786,808,904,1002,402,367,152,345,50,174,870,74,142,539,927,967,395,879,714,24,666,1013,636,166,85,210,333,23,909,743,54,102,92,95,76,84,56,58,83,78,71,44,56,52,95,57,84,67,59,62,37,53,43,51,75,49,48,42,48,74,76,73
[ 34.497712] wil6210-aoa$0,1606461634.737006,04:d6:aa:c1:38:97,2,1,1,0,128,343,934,840,789,878,952,476,411,140,358,118,256,790,8,206,570,881,926,354,886,710,14,724,47,232,375,123,227,359,23,176,957,54,101,93,96,73,82,54,56,84,77,67,42,52,49,89,53,80,67,57,58,33,49,39,48,69,43,42,36,43,67,66,60
[ 34.530842] wil6210-aoa$0,1606461634.770131,04:d6:aa:c1:38:97,2,1,1,0,128,255,925,721,684,907,1008,403,409,149,373,8,157,848,82,225,657,884,960,371,939,737,47,749,65,156,333,120,254,342,9,0,736,58,102,93,99,73,85,58,57,84,80,73,49,57,55,98,62,84,70,63,64,39,59,46,56,78,53,52,45,53,79,82,78
[ 34.564973] wil6210-aoa$0,1606461634.804267,04:d6:aa:c1:38:97,2,1,1,0,128,284,912,763,752,906,957,891,159,653,199,80,189,785,18,179,502,964,969,357,866,730,1001,743,21,260,421,62,207,314,20,364,147,49,90,80,86,65,75,50,51,73,71,64,41,47,47,83,51,75,59,53,54,33,48,38,46,66,42,42,36,43,65,66,63
[ 34.599330] wil6210-aoa$0,1606461634.838620,04:d6:aa:c1:38:97,2,1,1,0,128,338,997,783,789,927,999,469,472,146,383,93,245,878,110,238,619,932,952,442,976,723,32,757,61,260,455,143,279,402,83,249,952,57,104,97,102,75,87,57,59,85,79,74,48,56,55,99,62,88,69,62,64,40,58,43,55,79,52,50,44,51,77,82,74
[ 34.632362] wil6210-aoa$0,1606461634.871655,04:d6:aa:c1:38:97,2,1,1,0,128,289,927,775,776,1008,8,381,368,165,402,68,190,826,22,176,571,870,947,354,893,692,25,653,980,707,146,133,208,383,18,721,519,59,106,96,102,75,87,58,58,87,81,74,47,57,54,95,61,85,68,61,62,37,56,46,54,77,50,49,42,50,74,77,72
[ 34.661443] wil6210-aoa$0,1606461634.900732,04:d6:aa:c1:38:97,2,1,1,0,128,247,916,849,815,958,1004,389,360,185,376,3,150,784,17,172,552,913,965,318,891,735,27,719,3,697,204,565,57,354,31,898,688,56,103,94,100,76,84,57,56,84,78,73,46,55,52,94,59,85,70,61,64,38,54,44,54,75,51,48,43,51,76,78,74
[ 34.694800] wil6210-aoa$0,1606461634.934096,04:d6:aa:c1:38:97,2,1,1,0,128,313,967,759,744,954,1007,411,412,119,396,26,210,811,59,203,590,874,914,398,943,726,6,180,900,680,154,189,265,353,38,115,928,58,103,94,99,75,88,57,57,85,79,75,47,56,54,97,60,86,69,62,63,39,55,44,54,77,52,49,42,50,75,77,70
[ 34.730764] wil6210-aoa$0,1606461634.970054,04:d6:aa:c1:38:97,2,1,1,0,128,258,896,719,744,324,787,875,192,206,375,96,224,845,53,141,571,887,935,372,877,638,1003,155,817,731,234,94,239,779,819,653,441,55,100,91,96,73,82,55,55,81,76,71,45,55,52,91,58,81,65,59,60,36,53,43,51,73,50,48,43,50,76,78,74
[ 34.769049] wil6210-aoa$0,1606461635.008343,04:d6:aa:c1:38:97,2,1,1,0,128,277,910,806,822,963,1015,363,383,116,314,88,200,760,3,225,580,904,959,337,900,697,50,727,1008,222,390,71,244,394,74,575,259,53,100,88,93,71,81,55,55,81,76,70,44,52,50,90,56,78,64,59,59,35,50,40,49,72,46,46,39,46,72,72,69
[ 34.800670] wil6210-aoa$0,1606461635.039959,04:d6:aa:c1:38:97,2,1,1,0,128,352,959,804,770,948,1006,838,202,146,379,20,172,295,891,210,585,881,935,343,906,698,45,131,858,262,415,152,246,387,46,167,934,55,103,92,99,73,85,57,56,84,79,70,45,55,52,93,58,83,66,59,61,38,54,43,53,74,50,48,42,49,73,76,71
[ 34.837089] wil6210-aoa$0,1606461635.076385,04:d6:aa:c1:38:97,2,1,1,0,128,316,963,723,735,952,1001,391,364,149,346,79,200,829,37,204,565,921,979,318,859,743,43,721,17,193,399,113,215,360,55,998,726,58,103,94,98,76,88,57,58,84,82,73,50,55,54,96,62,88,69,62,64,39,59,46,56,77,52,49,43,53,79,82,75
[ 34.870775] wil6210-aoa$0,1606461635.110064,04:d6:aa:c1:38:97,2,1,1,0,128,297,950,808,806,948,11,467,459,212,410,69,229,851,69,213,589,926,976,383,926,763,60,759,58,207,331,127,230,326,3,800,550,54,100,88,94,72,83,55,57,82,77,71,47,55,51,93,59,83,67,58,61,39,54,42,51,75,50,46,42,49,74,79,73
[ 34.902297] wil6210-aoa$0,1606461635.141587,04:d6:aa:c1:38:97,2,1,1,0,128,324,947,776,783,975,1013,373,371,585,106,26,159,225,792,664,370,893,929,796,703,750,58,716,67,181,358,94,212,337,21,273,151,48,89,81,85,63,74,50,49,72,68,62,40,48,47,83,51,75,59,51,53,32,47,37,46,64,43,41,36,42,64,67,61
[ 34.934697] wil6210-aoa$0,1606461635.173991,04:d6:aa:c1:38:97,2,1,1,0,128,308,919,750,745,453,861,360,352,215,418,64,208,896,65,172,569,916,946,388,912,738,12,712,1008,238,377,94,210,350,4,347,109,54,100,95,100,76,87,58,57,84,80,73,48,55,53,96,60,86,67,61,62,38,56,46,54,75,51,47,42,49,77,79,72
[ 34.973254] wil6210-aoa$0,1606461635.212517,04:d6:aa:c1:38:97,2,1,1,0,128,331,922,750,751,369,802,863,156,627,155,484,994,288,878,170,582,883,936,387,903,749,19,719,6,177,351,54,176,348,37,727,627,58,106,94,100,79,90,61,61,88,84,76,51,60,56,101,63,89,71,65,67,41,60,48,58,81,55,54,49,56,82,87,81
[ 35.012155] wil6210-aoa$0,1606461635.251446,04:d6:aa:c1:38:97,2,1,1,0,128,247,901,268,573,1003,38,426,383,96,303,66,168,810,3,250,589,868,914,378,842,790,62,721,1004,282,370,79,190,390,41,867,693,55,101,91,96,71,80,54,56,82,77,70,42,53,50,90,57,82,67,59,58,35,54,42,49,75,50,47,39,47,71,73,69
[ 35.049929] wil6210-aoa$0,1606461635.289218,04:d6:aa:c1:38:97,2,1,1,0,128,815,780,776,778,385,806,382,351,226,411,13,151,818,47,196,567,946,974,346,906,778,69,679,1010,220,364,72,226,362,17,770,540,54,103,92,97,72,83,56,56,83,78,69,42,53,51,89,54,80,68,57,59,35,50,38,47,71,44,44,37,43,69,66,63
[ 35.087944] wil6210-aoa$0,1606461635.327238,04:d6:aa:c1:38:97,2,1,1,0,128,773,725,265,598,922,983,879,212,171,389,96,238,253,869,251,632,905,919,795,704,200,818,746,24,661,152,550,4,367,40,641,409,54,101,93,101,74,85,56,59,86,78,70,42,55,52,93,60,84,70,61,60,37,54,42,51,78,51,47,42,49,76,79,73
[ 35.120053] wil6210-aoa$0,1606461635.359343,04:d6:aa:c1:38:97,2,1,1,0,128,773,728,216,574,384,801,470,441,136,326,1017,119,296,912,623,327,349,762,837,682,211,846,759,10,659,179,108,228,347,8,190,14,57,102,93,98,74,86,59,58,85,81,73,48,55,51,94,57,85,69,60,64,38,55,43,53,75,49,47,42,49,75,79,74
[ 35.155911] wil6210-aoa$0,1606461635.395206,04:d6:aa:c1:38:97,2,1,1,0,128,258,889,172,525,414,832,882,182,175,370,37,225,828,75,187,555,414,789,347,920,700,1017,719,48,718,187,584,63,817,875,343,120,53,100,91,96,70,79,54,55,78,73,70,45,53,50,89,58,81,65,57,60,36,51,41,47,71,47,44,38,44,69,71,66
[ 35.190059] wil6210-aoa$0,1606461635.429353,04:d6:aa:c1:38:97,2,1,1,0,128,247,918,794,831,936,1022,340,365,163,371,5,192,260,895,207,617,927,976,391,921,728,15,177,841,738,226,585,47,420,102,977,711,56,100,93,101,74,84,59,58,84,79,71,49,56,53,97,61,87,69,61,63,37,57,45,51,76,50,48,43,48,76,77,73
[ 35.222388] wil6210-aoa$0,1606461635.461678,04:d6:aa:c1:38:97,2,1,1,0,128,271,958,773,788,925,1002,431,380,636,206,102,214,800,23,182,561,909,930,308,866,761,31,716,996,666,163,566,11,404,34,650,415,59,101,93,100,76,86,58,60,84,80,76,49,58,56,98,61,88,68,60,64,40,58,46,57,80,54,50,45,53,77,81,77
[ 35.261371] wil6210-aoa$0,1606461635.500661,04:d6:aa:c1:38:97,2,1,1,0,128,742,724,762,768,386,811,886,153,657,192,58,211,836,32,199,600,945,1013,353,938,666,1000,142,821,683,186,67,179,882,904,535,280,56,102,95,100,75,87,58,57,84,78,71,46,57,53,95,59,87,70,59,62,39,53,42,52,75,49,49,41,48,75,77,72
[ 35.299804] wil6210-aoa$0,1606461635.539096,04:d6:aa:c1:38:97,2,1,1,0,128,271,909,756,784,910,1005,912,191,214,428,72,236,810,63,102,550,900,950,879,719,238,895,208,899,221,366,96,230,351,58,401,88,53,99,93,98,71,82,53,57,79,76,69,44,55,52,91,55,83,69,58,58,35,53,40,49,72,47,46,39,45,69,72,68
[ 35.338246] wil6210-aoa$0,1606461635.577541,04:d6:aa:c1:38:97,2,1,1,0,128,236,877,248,594,891,966,466,450,119,361,14,202,781,37,188,604,968,961,356,949,712,69,709,45,260,424,116,240,274,992,966,734,58,100,94,96,76,86,59,58,82,82,72,49,59,53,98,62,86,69,61,63,40,57,46,56,78,55,51,46,53,80,84,79
[ 35.370232] wil6210-aoa$0,1606461635.609521,04:d6:aa:c1:38:97,2,1,1,0,128,297,944,825,825,913,1003,434,416,262,486,45,223,807,68,202,594,901,966,319,854,226,915,716,37,294,468,141,249,426,87,395,87,53,100,91,96,71,80,53,55,81,73,67,41,51,48,86,54,79,64,57,57,32,46,38,45,68,43,41,35,41,65,66,58
[ 35.406567] wil6210-aoa$0,1606461635.645863,04:d6:aa:c1:38:97,2,1,1,0,128,306,965,780,745,991,1018,446,398,194,399,63,215,754,1017,165,576,898,935,330,888,739,26,692,1000,224,377,90,220,346,14,668,408,57,103,91,98,75,86,57,59,83,78,71,46,56,54,92,61,84,70,62,62,37,55,46,54,74,49,47,43,50,74,78,75
[ 35.441908] wil6210-aoa$0,1606461635.681197,04:d6:aa:c1:38:97,2,1,1,0,128,794,742,196,570,921,988,842,159,646,178,567,17,821,55,176,582,874,902,370,910,747,49,708,22,213,354,85,197,900,897,810,649,56,99,91,97,72,84,56,56,82,77,69,44,56,52,93,58,82,67,58,60,35,53,41,51,76,49,46,42,48,73,73,70
