
[ 28.628201] wil6210-aoa$0,1606461628.861855,04:d6:aa:c1:38:97,2,1,1,0,128,273,914,796,805,873,967,473,424,151,379,63,228,841,80,231,600,886,939,333,852,764,60,713,46,214,394,166,269,312,11,599,349,56,101,91,96,72,84,57,56,82,79,71,47,56,54,95,59,86,68,61,61,39,55,43,52,76,52,50,44,50,77,81,78
[ 28.656018] wil6210-aoa$0,1606461628.889668,04:d6:aa:c1:38:97,2,1,1,0,128,284,921,787,776,916,990,364,352,672,224,67,208,902,109,223,578,937,980,363,909,776,52,703,7,242,379,90,193,366,34,840,597,50,94,85,91,68,76,51,51,77,71,65,42,50,47,86,53,76,63,55,56,34,48,38,48,67,44,42,38,44,68,68,64
[ 28.677991] wil6210-aoa$0,1606461628.911644,04:d6:aa:c1:38:97,2,1,1,0,128,285,973,707,773,859,956,460,434,178,378,73,231,763,7,169,549,917,924,402,892,150,876,739,23,157,332,147,306,326,34,208,993,49,97,86,92,69,78,51,52,78,71,65,41,49,49,86,53,77,63,55,55,33,48,38,46,67,42,40,37,40,64,68,64
[ 28.708385] wil6210-aoa$0,1606461628.942038,04:d6:aa:c1:38:97,2,1,1,0,128,255,902,756,766,379,794,457,395,252,439,16,170,783,1022,144,532,933,994,403,913,730,28,696,20,204,351,126,259,296,981,204,916,53,96,87,91,69,79,55,53,80,74,67,44,52,51,88,54,82,64,57,59,35,52,41,49,70,48,46,41,47,73,77,70
[ 28.733770] wil6210-aoa$0,1606461628.967421,04:d6:aa:c1:38:97,2,1,1,0,128,263,919,715,726,446,861,411,413,150,356,17,199,815,61,146,542,903,950,449,966,656,10,750,29,213,311,106,248,390,27,217,115,58,107,98,104,78,87,58,58,87,83,72,47,57,55,97,59,89,74,61,63,39,55,44,52,78,53,49,43,51,80,78,74
[ 28.761950] wil6210-aoa$0,1606461628.995600,04:d6:aa:c1:38:97,2,1,1,0,128,333,979,774,794,953,1007,384,394,179,387,36,216,886,67,664,408,891,934,424,960,737,26,725,1017,161,288,611,53,407,60,362,166,48,90,81,87,65,75,49,50,73,70,66,43,51,48,86,53,76,63,53,55,34,48,40,49,68,45,43,37,45,66,72,66
[ 28.788833] wil6210-aoa$0,1606461629.022488,04:d6:aa:c1:38:97,2,1,1,0,128,245,917,779,759,960,993,395,375,192,395,92,255,852,93,141,528,862,888,830,715,184,846,134,835,195,329,576,33,839,873,26,819,54,95,87,92,67,79,53,53,77,73,67,45,50,50,88,57,79,64,58,60,36,52,41,51,71,46,44,41,47,70,71,69
[ 28.811955] wil6210-aoa$0,1606461629.045605,04:d6:aa:c1:38:97,2,1,1,0,128,244,895,791,808,892,987,440,392,167,409,453,1013,764,991,628,358,398,760,793,624,200,858,729,7,646,138,69,163,855,918,464,273,50,92,80,86,66,73,50,51,75,68,61,39,49,45,80,50,75,61,53,54,31,46,38,45,66,42,42,36,42,65,65,63
[ 28.838708] wil6210-aoa$0,1606461629.072365,04:d6:aa:c1:38:97,2,1,1,0,128,786,756,268,623,344,781,434,389,190,361,103,246,815,48,218,613,910,949,369,904,724,8,697,997,655,179,563,52,829,855,509,299,54,112,95,102,74,88,58,58,87,82,75,48,56,55,96,61,87,70,64,67,37,55,45,54,77,48,49,43,49,74,77,73
[ 28.867363] wil6210-aoa$0,1606461629.101014,04:d6:aa:c1:38:97,2,1,1,0,128,268,926,792,776,859,948,451,415,140,337,89,192,817,22,146,567,900,945,337,902,163,836,689,1003,243,397,76,207,333,44,383,89,50,93,84,89,68,76,52,51,73,70,63,39,49,46,84,51,73,61,52,53,33,47,36,46,67,43,41,37,40,65,65,62
[ 28.895129] wil6210-aoa$0,1606461629.128780,04:d6:aa:c1:38:97,2,1,1,0,128,331,947,755,760,883,955,936,244,188,333,1,203,809,68,213,622,892,968,366,913,186,909,154,857,240,402,110,248,378,54,99,894,52,99,88,92,70,78,52,52,75,71,66,40,50,47,86,53,76,63,55,56,34,48,37,47,67,42,43,40,42,66,69,64
[ 28.919754] wil6210-aoa$0,1606461629.153409,04:d6:aa:c1:38:97,2,1,1,0,128,255,916,770,800,942,1014,413,432,186,390,100,223,778,48,206,596,958,988,369,894,750,34,704,11,261,434,134,247,404,92,334,48,58,108,98,104,80,89,59,62,88,85,75,49,59,56,100,61,87,72,63,65,38,57,46,56,80,53,51,46,52,77,82,78
[ 28.947769] wil6210-aoa$0,1606461629.181420,04:d6:aa:c1:38:97,2,1,1,0,128,274,919,840,805,916,986,840,212,212,380,14,164,269,906,144,616,846,897,886,750,746,33,725,74,194,318,123,239,440,74,625,361,57,109,97,105,77,89,61,59,86,82,73,47,57,55,101,62,87,72,61,64,40,57,46,54,80,52,51,43,49,78,81,72
[ 28.976028] wil6210-aoa$0,1606461629.209683,04:d6:aa:c1:38:97,2,1,1,0,128,333,977,757,778,920,990,399,369,208,396,41,170,864,46,201,533,386,792,331,860,726,60,778,16,263,395,90,192,888,895,292,130,50,92,82,85,67,75,50,51,73,67,63,39,48,44,80,49,74,59,52,54,32,44,36,44,64,40,40,36,37,61,63,59
[ 28.998004] wil6210-aoa$0,1606461629.231660,04:d6:aa:c1:38:97,2,1,1,0,128,270,919,783,793,862,936,922,229,686,164,457,0,307,916,252,583,900,936,886,743,749,68,680,5,277,415,179,262,375,59,8,814,51,93,87,93,68,78,53,55,77,72,64,39,51,48,84,52,77,64,55,55,33,49,38,47,69,45,42,36,42,66,67,64
[ 29.023613] wil6210-aoa$0,1606461629.257270,04:d6:aa:c1:38:97,2,1,1,0,128,264,857,769,820,928,1002,915,223,116,325,535,1005,257,854,181,537,869,908,427,915,725,0,214,827,221,363,125,220,366,39,582,328,53,96,87,91,70,81,56,55,80,75,67,43,53,51,91,54,81,65,57,59,36,52,41,50,73,49,45,43,49,74,76,72
[ 29.049641] wil6210-aoa$0,1606461629.283297,04:d6:aa:c1:38:97,2,1,1,0,128,285,924,769,774,357,798,402,385,699,223,66,211,802,66,204,569,851,921,373,887,774,73,727,60,122,367,600,59,847,897,579,378,49,96,86,89,67,76,51,54,74,73,64,38,48,46,80,50,73,59,51,54,30,43,34,42,63,37,37,32,36,60,57,53
[ 29.081448] wil6210-aoa$0,1606461629.315099,04:d6:aa:c1:38:97,2,1,1,0,128,300,927,741,764,955,4,376,392,205,386,27,158,830,62,142,557,911,962,779,691,189,885,700,1016,250,421,104,213,415,72,809,515,52,97,88,93,68,78,52,51,79,73,67,43,51,50,86,54,79,64,55,57,34,51,41,48,69,47,45,38,45,70,72,69
[ 29.109527] wil6210-aoa$0,1606461629.343177,04:d6:aa:c1:38:97,2,1,1,0,128,313,970,693,753,994,19,409,436,206,395,41,195,860,45,220,562,960,1004,346,886,770,82,769,37,617,135,123,234,412,39,815,523,49,91,83,89,65,73,49,50,73,70,63,39,47,46,80,51,72,59,52,50,31,45,37,42,63,41,37,32,39,61,61,56
[ 29.137487] wil6210-aoa$0,1606461629.371138,04:d6:aa:c1:38:97,2,1,1,0,128,802,735,781,730,446,822,856,159,240,386,472,982,147,807,632,333,323,746,873,729,170,831,651,994,148,323,552,998,842,873,343,262,49,94,85,90,68,76,49,50,73,72,64,40,48,46,84,53,76,60,55,54,33,46,36,46,66,43,41,38,42,65,68,63
[ 29.160494] wil6210-aoa$0,1606461629.394145,04:d6:aa:c1:38:97,2,1,1,0,128,320,942,780,768,937,988,497,484,148,374,98,240,836,84,234,612,958,1004,329,887,699,4,856,108,243,389,173,303,348,37,845,615,57,103,94,100,75,87,58,57,85,79,72,47,56,54,99,60,86,69,61,63,38,55,45,56,77,52,51,47,51,78,83,79
[ 29.191751] wil6210-aoa$0,1606461629.425401,04:d6:aa:c1:38:97,2,1,1,0,128,266,895,833,822,891,967,388,382,644,162,103,235,786,28,200,579,890,959,376,883,230,891,725,14,220,358,98,200,334,1010,336,47,60,110,99,104,79,90,60,61,89,82,76,48,58,56,98,61,87,70,65,66,39,56,45,55,79,53,51,45,51,78,84,76
[ 29.220219] wil6210-aoa$0,1606461629.453870,04:d6:aa:c1:38:97,2,1,1,0,128,346,968,819,815,987,1021,444,407,182,349,17,156,838,37,635,282,399,767,808,691,717,35,747,57,219,386,138,232,394,56,417,184,48,91,83,88,64,75,50,52,72,69,61,40,47,46,81,50,72,59,52,52,30,44,35,42,65,40,40,33,41,63,65,58
[ 29.242545] wil6210-aoa$0,1606461629.476202,04:d6:aa:c1:38:97,2,1,1,0,128,290,907,756,768,960,1002,408,375,654,191,1015,177,844,60,283,653,878,957,369,889,792,82,675,1015,189,339,582,48,348,1008,564,318,49,97,86,91,69,78,53,52,77,72,68,42,50,48,87,55,78,62,54,57,34,51,40,47,71,47,46,40,45,71,72,68
[ 29.282701] wil6210-aoa$0,1606461629.516354,04:d6:aa:c1:38:97,2,1,1,0,128,309,910,808,781,954,1023,848,165,211,384,48,212,826,33,168,553,878,915,805,672,177,853,171,834,654,149,149,251,356,24,992,810,53,96,91,94,70,81,54,55,79,75,67,44,54,49,91,57,81,66,59,58,36,52,40,51,73,47,47,39,48,73,72,69
[ 29.309915] wil6210-aoa$0,1606461629.543570,04:d6:aa:c1:38:97,2,1,1,0,128,301,886,788,773,377,808,852,162,617,102,565,39,807,40,178,589,338,728,835,713,688,23,764,50,188,354,71,196,378,23,12,836,58,108,96,98,75,87,55,58,83,78,70,46,55,54,95,58,83,69,59,61,36,50,41,51,73,47,45,40,45,70,71,69
[ 29.332482] wil6210-aoa$0,1606461629.566133,04:d6:aa:c1:38:97,2,1,1,0,128,735,712,865,844,928,978,377,400,137,346,551,42,231,845,629,363,407,818,398,921,730,1,706,11,703,175,566,12,901,885,588,381,52,90,83,87,68,78,51,51,74,72,65,45,52,48,89,53,78,62,55,57,35,52,41,51,71,49,47,41,48,71,76,70
[ 29.363775] wil6210-aoa$0,1606461629.597424,04:d6:aa:c1:38:97,2,1,1,0,128,806,764,787,790,896,968,395,384,174,382,1007,189,779,65,187,556,909,963,349,896,198,888,719,4,181,326,561,1021,400,46,564,375,58,106,95,99,80,88,60,59,87,84,75,50,59,55,102,63,88,71,65,67,41,57,46,55,80,55,54,47,55,80,85,80
[ 29.386915] wil6210-aoa$0,1606461629.620569,04:d6:aa:c1:38:97,2,1,1,0,128,254,947,759,783,949,30,415,361,206,456,94,231,877,62,219,570,990,995,402,908,757,33,780,49,233,381,121,244,361,24,956,723,57,108,93,100,75,88,57,59,84,82,72,47,57,54,95,58,85,69,61,60,38,53,46,52,75,50,47,43,47,74,77,73
[ 29.412751] wil6210-aoa$0,1606461629.646406,04:d6:aa:c1:38:97,2,1,1,0,128,226,876,842,788,922,966,419,368,165,384,106,203,850,89,225,569,921,946,368,902,175,793,787,15,720,203,594,53,344,56,527,220,56,107,93,97,74,85,54,57,85,77,70,42,52,49,91,55,83,66,57,59,34,51,39,48,70,45,44,37,45,70,69,66
[ 29.438152] wil6210-aoa$0,1606461629.671805,04:d6:aa:c1:38:97,2,1,1,0,128,685,703,725,726,921,968,518,459,145,370,88,211,811,37,199,593,971,973,495,968,721,29,706,4,255,416,80,172,325,14,964,713,57,105,96,102,78,86,58,58,85,82,69,45,56,52,95,60,86,70,61,63,38,54,44,53,75,48,47,41,47,72,76,70
[ 29.467514] wil6210-aoa$0,1606461629.701170,04:d6:aa:c1:38:97,2,1,1,0,128,376,996,816,802,941,1019,442,429,184,361,105,204,850,49,194,557,901,916,434,954,735,1,769,64,275,410,114,239,305,17,82,816,58,105,94,101,77,86,58,58,88,79,74,49,58,55,99,62,86,70,62,65,40,56,44,57,79,52,50,44,52,79,82,77
[ 29.490172] wil6210-aoa$0,1606461629.723827,04:d6:aa:c1:38:97,2,1,1,0,128,705,681,206,559,427,793,422,401,158,323,120,241,810,9,209,595,883,946,438,947,719,31,813,79,143,360,167,244,383,55,934,761,53,103,92,98,73,84,57,56,81,79,70,41,53,51,91,56,83,69,58,60,36,50,41,50,71,45,44,39,43,69,70,67
[ 29.521586] wil6210-aoa$0,1606461629.755237,04:d6:aa:c1:38:97,2,1,1,0,128,274,898,211,556,378,844,812,169,613,174,527,15,845,43,181,607,326,746,843,743,141,870,225,890,720,210,584,52,847,917,332,152,58,103,96,102,74,86,57,57,86,80,69,47,58,53,92,61,86,70,61,61,38,53,43,52,75,48,47,42,48,74,75,71
[ 29.553162] wil6210-aoa$0,1606461629.786812,04:d6:aa:c1:38:97,2,1,1,0,128,327,999,804,812,871,949,440,388,123,338,507,978,825,20,155,534,899,937,399,904,707,9,736,21,237,367,135,284,397,50,325,115,55,99,89,94,73,82,55,54,82,78,71,46,55,51,94,59,85,67,57,61,38,53,42,50,75,50,47,40,50,76,78,73
[ 29.581715] wil6210-aoa$0,1606461629.815365,04:d6:aa:c1:38:97,2,1,1,0,128,308,951,821,834,953,1001,414,387,214,367,76,192,281,878,227,577,914,948,361,873,741,48,680,1005,704,181,95,249,368,6,564,314,57,102,93,101,75,84,56,58,84,81,71,46,55,51,96,60,86,69,59,61,38,56,45,53,76,49,48,44,50,77,82,77
[ 29.610885] wil6210-aoa$0,1606461629.844536,04:d6:aa:c1:38:97,2,1,1,0,128,281,899,784,785,933,1010,834,138,690,225,51,183,826,48,161,557,929,952,409,920,764,63,120,820,211,347,584,31,327,8,857,528,55,101,94,100,74,85,56,58,84,80,71,48,56,54,97,61,86,69,61,62,39,56,44,53,78,50,50,42,49,76,77,71
[ 29.641104] wil6210-aoa$0,1606461629.874755,04:d6:aa:c1:38:97,2,1,1,0,128,284,926,790,784,901,958,928,226,200,431,85,209,798,28,247,622,895,942,885,748,185,866,178,850,720,230,119,224,398,87,941,700,53,103,95,99,74,83,54,59,85,79,70,47,56,52,94,59,86,69,59,61,38,53,44,52,76,50,46,40,48,74,75,71
[ 29.670238] wil6210-aoa$0,1606461629.903888,04:d6:aa:c1:38:97,2,1,1,0,128,343,1003,787,830,978,17,407,397,214,403,32,137,869,85,188,585,852,958,420,919,737,14,701,1018,135,314,613,25,823,845,427,271,55,102,94,98,74,85,57,58,85,80,74,47,57,54,97,60,85,68,60,62,38,56,45,54,78,51,48,44,52,78,81,76
[ 29.697152] wil6210-aoa$0,1606461629.930809,04:d6:aa:c1:38:97,2,1,1,0,128,301,959,805,775,942,989,441,386,187,401,68,217,872,73,161,580,897,989,396,942,717,2,715,3,220,378,67,217,395,49,1017,711,54,103,97,101,73,84,55,59,83,76,72,44,52,51,90,58,81,69,58,58,37,51,41,50,72,45,44,39,44,69,70,61
[ 29.722970] wil6210-aoa$0,1606461629.956620,04:d6:aa:c1:38:97,2,1,1,0,128,341,966,184,590,428,847,445,410,169,352,556,24,321,906,690,400,911,991,339,879,178,829,198,837,668,174,102,196,825,854,282,59,48,90,81,83,63,73,49,49,70,67,60,39,46,46,79,52,71,60,52,53,31,45,35,43,66,43,39,35,41,63,65,61
[ 29.746667] wil6210-aoa$0,1606461629.980322,04:d6:aa:c1:38:97,2,1,1,0,128,226,880,816,788,958,1004,899,195,149,343,55,222,791,29,183,550,985,991,357,899,721,19,775,76,199,374,74,188,397,38,546,344,53,95,84,90,70,80,52,53,77,72,67,42,50,49,89,54,78,64,55,57,35,52,41,50,71,47,45,41,47,70,72,70
[ 29.771932] wil6210-aoa$0,1606461630.005589,04:d6:aa:c1:38:97,2,1,1,0,128,216,872,776,757,924,1008,457,441,182,403,52,244,834,68,190,551,888,911,419,954,710,32,699,2,224,355,144,250,368,59,202,954,53,103,93,98,73,84,55,56,82,78,69,46,51,50,95,58,84,67,62,60,35,52,40,49,74,45,45,41,44,71,74,68
[ 29.797726] wil6210-aoa$0,1606461630.031378,04:d6:aa:c1:38:97,2,1,1,0,128,283,927,761,777,977,20,446,402,129,363,4,156,268,870,672,369,348,749,821,695,744,53,689,1010,165,356,82,199,386,40,150,972,57,105,95,100,75,85,57,59,86,83,72,46,56,52,96,59,89,70,61,62,37,55,43,51,78,50,49,43,49,77,80,75
[ 29.827108] wil6210-aoa$0,1606461630.060756,04:d6:aa:c1:38:97,2,1,1,0,128,325,974,733,722,963,989,427,394,211,390,158,244,843,43,178,522,930,950,805,709,211,874,123,833,743,182,138,248,392,42,526,202,55,107,97,101,75,86,57,58,86,79,73,45,55,54,92,57,85,70,61,60,36,53,43,50,74,47,45,40,46,69,72,66
[ 29.855993] wil6210-aoa$0,1606461630.089646,04:d6:aa:c1:38:97,2,1,1,0,128,774,734,806,771,966,1014,417,377,141,358,81,193,796,30,204,596,897,969,433,933,674,10,747,3,667,163,615,59,856,882,1015,828,51,97,85,89,68,79,52,51,75,71,67,42,49,48,85,53,75,61,55,55,33,48,38,46,66,42,42,35,42,65,66,61
[ 29.880594] wil6210-aoa$0,1606461630.114244,04:d6:aa:c1:38:97,2,1,1,0,128,258,892,782,747,401,790,894,203,189,358,64,213,824,19,649,383,957,972,379,933,719,23,149,805,663,159,569,26,365,55,347,86,52,96,86,90,69,82,54,52,79,77,66,45,53,51,90,56,79,64,56,57,37,53,42,52,72,48,47,40,47,71,77,70
[ 29.911402] wil6210-aoa$0,1606461630.145051,04:d6:aa:c1:38:97,2,1,1,0,128,240,873,861,791,970,0,391,380,643,170,71,172,835,23,186,568,937,984,365,904,707,45,692,997,670,162,542,3,826,893,232,1021,56,103,92,99,75,85,56,58,83,77,73,47,54,51,96,58,84,67,61,60,36,53,42,51,75,49,45,42,47,73,77,74
[ 29.934870] wil6210-aoa$0,1606461630.168524,04:d6:aa:c1:38:97,2,1,1,0,128,735,713,284,616,892,973,849,171,598,182,16,187,221,817,679,363,401,765,828,701,175,885,182,803,702,167,582,31,886,896,305,189,58,105,97,102,78,91,59,59,87,82,73,48,57,55,99,61,89,70,64,64,38,56,45,55,79,51,50,45,51,76,80,76
[ 29.962710] wil6210-aoa$0,1606461630.196360,04:d6:aa:c1:38:97,2,1,1,0,128,286,897,828,765,935,1002,356,410,100,357,93,238,763,41,226,559,916,961,421,903,682,14,708,1013,249,422,119,252,384,47,228,994,50,89,81,85,64,71,47,49,71,69,62,38,46,45,80,49,72,58,51,52,32,45,36,45,65,42,39,35,40,62,66,61
[ 29.992549] wil6210-aoa$0,1606461630.226198,04:d6:aa:c1:38:97,2,1,1,0,128,736,752,783,765,366,819,870,155,596,154,516,1,326,887,227,586,919,979,330,890,158,827,733,7,603,110,505,950,851,856,960,760,57,102,93,100,75,86,58,58,83,76,71,47,56,53,96,58,85,67,61,61,38,54,43,53,77,51,49,43,51,76,81,76
[ 30.021974] wil6210-aoa$0,1606461630.255624,04:d6:aa:c1:38:97,2,1,1,0,128,291,891,799,798,902,952,396,372,149,344,77,195,798,39,210,514,356,781,874,722,704,17,774,71,255,427,118,234,336,22,1009,814,58,110,95,104,76,86,58,57,88,81,74,49,57,55,98,63,87,72,63,66,40,58,46,55,78,49,51,45,50,78,81,78
[ 30.051183] wil6210-aoa$0,1606461630.284834,04:d6:aa:c1:38:97,2,1,1,0,128,780,731,264,602,981,10,819,166,685,178,15,204,788,1011,207,565,896,947,391,907,693,14,745,30,159,339,553,1005,450,81,602,393,50,91,82,85,65,76,51,49,73,70,64,41,49,48,85,54,74,60,57,55,34,49,39,48,66,45,43,38,44,68,69,68
[ 30.080798] wil6210-aoa$0,1606461630.314447,04:d6:aa:c1:38:97,2,1,1,0,128,281,911,728,730,898,952,430,394,131,344,61,210,845,98,145,561,879,973,347,867,164,815,176,877,202,373,140,256,410,40,435,223,49,90,82,88,64,74,50,51,74,70,63,40,49,46,83,50,74,60,53,56,33,47,38,46,66,43,42,38,41,66,67,64
[ 30.107665] wil6210-aoa$0,1606461630.341319,04:d6:aa:c1:38:97,2,1,1,0,128,299,976,730,753,945,1002,375,313,695,172,51,178,286,863,717,348,987,1000,348,854,774,53,716,0,231,347,106,193,362,20,723,523,49,88,80,87,65,75,50,49,74,69,65,44,50,46,84,52,76,60,55,56,34,48,40,48,69,46,44,39,45,67,71,69
[ 30.134090] wil6210-aoa$0,1606461630.367739,04:d6:aa:c1:38:97,2,1,1,0,128,756,716,279,650,924,1002,423,413,75,349,465,1022,259,832,165,559,313,719,875,713,694,11,752,11,189,333,139,228,366,30,563,350,53,96,85,91,69,79,52,51,79,72,67,45,52,50,87,54,79,63,56,58,36,52,40,50,71,48,45,40,48,71,75,71
[ 30.157340] wil6210-aoa$0,1606461630.390996,04:d6:aa:c1:38:97,2,1,1,0,128,312,954,217,570,382,833,905,239,661,148,122,212,285,861,679,370,334,721,409,901,705,20,130,823,685,168,595,36,839,855,11,909,57,104,95,103,76,88,58,59,86,81,74,46,57,55,94,59,88,71,61,62,38,52,43,52,76,48,48,42,49,72,75,71
[ 30.190276] wil6210-aoa$0,1606461630.423926,04:d6:aa:c1:38:97,2,1,1,0,128,323,973,756,741,923,985,440,436,196,366,45,177,819,47,235,596,842,907,409,918,713,27,748,16,171,360,83,204,407,52,914,702,49,89,82,88,66,76,49,51,73,70,62,40,48,46,82,49,73,59,53,52,31,45,37,43,64,40,42,35,41,64,65,60
[ 30.219421] wil6210-aoa$0,1606461630.453071,04:d6:aa:c1:38:97,2,1,1,0,128,277,918,841,796,947,990,373,388,182,346,531,12,838,64,187,550,898,941,325,887,727,10,204,904,226,379,64,219,377,71,642,373,50,90,81,87,67,76,51,50,73,69,63,42,48,46,83,53,75,59,53,55,34,50,38,49,66,45,45,39,45,69,70,65
[ 30.243113] wil6210-aoa$0,1606461630.476770,04:d6:aa:c1:38:97,2,1,1,0,128,183,908,811,794,933,987,893,187,665,179,73,175,836,64,171,559,894,956,407,942,785,66,698,14,681,134,594,57,345,17,720,551,46,91,82,87,62,72,49,51,73,67,64,40,47,44,81,49,73,59,51,54,33,46,36,44,66,42,40,35,43,64,68,63
[ 30.274285] wil6210-aoa$0,1606461630.507936,04:d6:aa:c1:38:97,2,1,1,0,128,235,896,770,769,923,1014,370,360,154,357,97,223,858,96,221,590,962,998,369,905,718,24,704,26,206,392,107,268,365,68,689,375,55,100,92,97,74,83,55,58,82,78,69,44,54,50,92,58,83,66,60,60,36,53,41,49,72,47,47,40,49,73,77,73
[ 30.303563] wil6210-aoa$0,1606461630.537215,04:d6:aa:c1:38:97,2,1,1,0,128,282,871,712,728,936,982,857,174,140,359,16,202,761,1009,677,392,344,756,848,708,766,48,721,42,131,281,69,192,801,864,169,58,50,91,82,85,67,77,52,51,72,70,64,42,50,48,86,53,77,61,54,55,35,50,38,49,68,48,43,40,47,70,71,68
[ 30.333313] wil6210-aoa$0,1606461630.566962,04:d6:aa:c1:38:97,2,1,1,0,128,331,970,729,752,939,993,451,445,198,418,52,144,790,49,214,588,918,977,367,886,764,64,660,49,188,384,77,175,356,35,898,728,54,97,86,91,70,80,54,53,76,73,68,45,52,50,90,56,79,62,57,58,36,53,41,50,71,49,46,41,48,72,76,71
[ 30.362673] wil6210-aoa$0,1606461630.596324,04:d6:aa:c1:38:97,2,1,1,0,128,781,801,728,780,912,972,958,241,663,174,26,222,854,61,153,540,345,748,877,726,183,911,70,790,694,163,589,30,374,48,176,975,54,107,96,103,72,84,55,57,83,77,69,42,50,50,84,53,77,64,56,55,33,45,37,42,68,39,38,34,38,59,61,54
[ 30.392604] wil6210-aoa$0,1606461630.626259,04:d6:aa:c1:38:97,2,1,1,0,128,351,961,789,766,922,1008,410,406,173,358,101,264,793,44,199,576,928,957,304,849,219,894,800,32,223,400,133,262,424,79,703,403,54,106,95,102,77,86,57,60,85,81,71,46,55,53,97,60,86,70,60,64,39,55,43,54,78,52,48,43,49,76,79,74
[ 30.417301] wil6210-aoa$0,1606461630.650957,04:d6:aa:c1:38:97,2,1,1,0,128,310,955,810,789,975,25,366,374,118,354,73,204,804,47,156,571,370,775,882,754,206,908,760,36,675,165,150,234,367,69,240,101,55,104,93,101,75,84,54,56,84,80,70,44,53,51,95,57,82,70,60,61,37,52,41,50,76,48,46,41,46,70,72,67
[ 30.444950] wil6210-aoa$0,1606461630.678600,04:d6:aa:c1:38:97,2,1,1,0,128,388,947,744,754,983,1019,444,396,186,376,34,173,833,66,209,558,926,973,381,895,752,22,698,1001,201,350,82,210,361,1,575,337,56,101,94,102,74,85,56,58,83,78,71,44,57,52,94,58,83,68,60,62,36,52,44,52,75,50,47,41,47,73,74,69
[ 30.469693] wil6210-aoa$0,1606461630.703347,04:d6:aa:c1:38:97,2,1,1,0,128,347,925,847,830,915,1015,388,406,156,375,40,172,830,47,246,617,893,953,381,942,713,32,746,35,254,382,107,206,416,76,128,854,55,105,94,98,75,85,57,58,84,77,72,44,53,52,93,59,84,67,60,62,37,53,42,51,74,48,46,41,47,72,77,70
[ 30.499841] wil6210-aoa$0,1606461630.733494,04:d6:aa:c1:38:97,2,1,1,0,128,301,910,750,739,949,977,421,397,161,362,99,245,822,66,195,573,922,963,347,888,730,74,657,1020,189,340,552,26,396,75,70,780,56,105,93,100,75,84,55,59,83,79,70,44,51,52,93,57,83,66,59,59,36,51,40,50,72,46,46,39,46,70,71,69
[ 30.525742] wil6210-aoa$0,1606461630.759392,04:d6:aa:c1:38:97,2,1,1,0,128,242,875,251,574,935,981,374,363,191,406,29,166,858,56,211,608,916,965,394,868,722,46,725,1021,219,348,125,235,310,28,633,379,56,100,94,100,76,85,57,56,84,78,72,48,57,54,99,60,84,68,60,61,37,56,45,54,78,52,49,46,49,77,83,79
[ 30.556477] wil6210-aoa$0,1606461630.790134,04:d6:aa:c1:38:97,2,1,1,0,128,336,948,751,757,967,22,334,383,135,333,37,184,756,8,183,577,874,936,867,749,142,845,141,820,653,174,113,252,402,95,765,489,55,100,92,98,73,82,55,56,81,79,70,45,53,51,92,59,83,68,59,61,36,51,42,51,73,48,46,40,46,71,72,68
[ 30.581084] wil6210-aoa$0,1606461630.814734,04:d6:aa:c1:38:97,2,1,1,0,128,286,937,760,728,929,972,409,414,623,193,511,1002,296,924,217,614,916,1011,309,887,722,2,774,55,660,180,116,225,345,17,531,259,56,103,93,98,75,87,55,57,87,79,72,47,57,55,95,58,84,68,62,61,38,54,45,54,75,51,49,43,51,75,80,75
[ 30.612373] wil6210-aoa$0,1606461630.846024,04:d6:aa:c1:38:97,2,1,1,0,128,830,808,829,857,966,3,432,398,117,340,524,990,314,877,591,320,338,746,830,720,155,829,752,1008,271,368,167,259,343,31,477,323,55,103,92,98,74,86,56,57,84,77,70,44,53,51,94,58,84,68,61,62,37,53,42,52,73,48,47,41,48,73,75,68
[ 30.641462] wil6210-aoa$0,1606461630.875116,04:d6:aa:c1:38:97,2,1,1,0,128,318,981,767,792,889,993,432,413,175,380,63,193,792,26,667,364,366,760,865,716,215,870,151,809,754,192,580,47,845,851,965,849,53,101,91,96,72,81,53,56,81,75,67,40,52,49,87,54,80,66,57,57,34,49,38,47,69,43,41,36,43,66,65,58
[ 30.664919] wil6210-aoa$0,1606461630.898574,04:d6:aa:c1:38:97,2,1,1,0,128,300,928,744,757,395,860,850,219,602,153,558,16,317,895,229,618,877,939,400,916,803,73,765,27,672,143,129,241,377,47,856,554,57,104,91,98,73,86,56,55,83,78,71,46,56,52,93,57,85,67,62,63,38,56,45,53,76,50,50,43,51,74,77,74
[ 30.694841] wil6210-aoa$0,1606461630.928492,04:d6:aa:c1:38:97,2,1,1,0,128,311,955,761,752,972,998,402,404,205,405,103,242,840,95,176,577,912,989,396,922,710,6,723,45,188,355,157,274,347,36,691,458,55,103,93,98,75,85,55,57,87,81,71,47,55,52,97,60,86,68,60,61,38,54,44,55,78,50,51,44,49,77,77,76
[ 30.718959] wil6210-aoa$0,1606461630.952613,04:d6:aa:c1:38:97,2,1,1,0,128,308,926,761,748,952,969,936,230,194,376,82,196,832,68,125,521,1003,984,383,968,665,1012,753,49,209,369,129,245,419,96,62,863,55,105,96,100,75,83,56,58,84,79,69,43,54,50,92,57,84,68,61,61,36,51,42,51,76,47,46,41,48,73,74,69
[ 30.751402] wil6210-aoa$0,1606461630.985053,04:d6:aa:c1:38:97,2,1,1,0,128,287,882,773,731,392,843,384,375,100,306,541,8,279,868,643,396,361,814,352,897,721,37,194,868,698,207,96,211,391,70,35,867,56,103,94,102,75,86,58,57,85,80,75,49,57,55,98,61,87,71,62,65,39,57,46,57,78,53,50,44,52,79,84,76
[ 30.781938] wil6210-aoa$0,1606461631.015588,04:d6:aa:c1:38:97,2,1,1,0,128,325,960,773,808,957,988,859,162,662,185,122,227,873,61,197,593,944,1014,392,933,748,36,655,960,278,448,121,266,341,35,790,545,57,106,93,100,73,86,56,58,85,79,74,46,54,52,94,59,87,67,61,63,38,54,43,52,76,48,47,39,47,76,75,70
[ 30.812552] wil6210-aoa$0,1606461631.046203,04:d6:aa:c1:38:97,2,1,1,0,128,309,989,763,769,958,969,480,472,117,371,89,202,307,905,208,592,899,955,352,900,665,1007,183,857,744,218,136,265,396,76,615,314,50,91,81,89,66,75,50,50,72,68,63,42,50,46,83,53,74,59,52,54,33,48,36,45,65,43,39,36,42,63,65,60
[ 30.843112] wil6210-aoa$0,1606461631.076763,04:d6:aa:c1:38:97,2,1,1,0,128,259,953,702,752,351,808,531,480,75,328,79,183,918,121,180,588,996,5,398,967,758,58,706,38,206,360,182,252,376,43,258,1009,57,105,98,101,76,88,59,59,84,81,73,48,58,55,98,61,88,71,63,66,39,55,44,54,80,53,50,44,52,78,83,73
[ 30.873348] wil6210-aoa$0,1606461631.106997,04:d6:aa:c1:38:97,2,1,1,0,128,253,870,774,755,998,1022,373,336,187,384,524,1012,824,32,654,332,860,954,351,898,657,1010,702,1023,234,409,129,244,362,26,703,464,59,107,97,100,77,90,60,61,86,83,75,49,59,54,98,61,90,72,62,66,39,58,45,56,80,55,52,46,52,80,84,80
[ 30.914159] wil6210-aoa$0,1606461631.147814,04:d6:aa:c1:38:97,2,1,1,0,128,346,948,219,608,15,27,459,417,150,368,68,209,864,50,247,616,894,969,335,886,729,27,683,1005,265,394,95,240,839,873,525,308,59,107,98,104,77,89,59,60,88,80,74,48,58,57,99,63,86,72,63,65,41,59,46,56,80,53,51,47,53,79,83,78
[ 30.941059] wil6210-aoa$0,1606461631.174710,04:d6:aa:c1:38:97,2,1,1,0,128,323,948,273,591,943,976,920,195,645,169,576,48,225,838,674,386,902,948,341,888,654,985,691,1007,728,163,632,94,334,11,794,683,55,105,95,100,75,86,55,58,83,79,68,43,52,51,93,56,82,67,59,61,36,51,40,50,72,44,46,36,44,71,68,66
[ 30.972122] wil6210-aoa$0,1606461631.205773,04:d6:aa:c1:38:97,2,1,1,0,128,340,941,775,756,970,28,350,364,145,362,77,201,795,55,139,522,948,986,335,896,735,22,726,1008,637,165,599,46,870,881,279,97,57,103,96,100,77,88,57,58,85,80,73,49,58,54,97,60,88,70,62,65,39,55,44,54,76,51,49,43,48,76,78,75
[ 31.002822] wil6210-aoa$0,1606461631.236473,04:d6:aa:c1:38:97,2,1,1,0,128,287,921,811,815,919,995,422,383,183,334,78,209,787,38,149,545,406,781,306,860,767,54,747,62,249,402,65,203,331,38,490,218,54,97,88,94,71,82,55,55,81,76,68,43,50,50,91,54,81,65,55,58,34,48,38,48,68,42,42,39,42,67,69,65
[ 31.028099] wil6210-aoa$0,1606461631.261754,04:d6:aa:c1:38:97,2,1,1,0,128,272,939,737,767,896,975,886,206,650,134,72,200,847,72,156,561,855,942,329,901,719,11,726,1021,198,353,598,61,380,34,156,998,57,105,94,101,74,86,59,58,84,77,73,44,55,56,96,59,84,69,61,61,37,55,43,52,75,50,47,41,48,75,73,69
[ 31.057588] wil6210-aoa$0,1606461631.291243,04:d6:aa:c1:38:97,2,1,1,0,128,311,943,768,775,1005,3,410,400,155,366,40,192,835,53,244,606,891,942,367,893,763,41,791,43,249,396,95,232,340,24,939,706,56,106,96,103,77,87,58,57,87,81,73,46,56,53,98,60,87,70,62,62,40,53,44,52,76,51,47,41,49,76,76,71
[ 31.084046] wil6210-aoa$0,1606461631.317696,04:d6:aa:c1:38:97,2,1,1,0,128,333,958,777,779,321,803,389,402,169,393,64,215,808,70,562,324,392,775,374,910,766,69,696,1021,212,339,38,175,367,20,311,116,56,104,95,101,74,84,56,58,84,77,70,44,55,51,90,56,82,65,58,60,37,51,41,49,70,46,42,36,45,70,70,67
[ 31.114719] wil6210-aoa$0,1606461631.348371,04:d6:aa:c1:38:97,2,1,1,0,128,238,881,807,810,937,1,455,400,228,431,62,204,904,91,224,593,907,934,398,899,783,48,702,11,213,350,70,195,406,27,642,326,57,106,95,101,75,87,59,57,85,78,76,48,55,52,96,60,87,69,60,62,40,55,44,53,77,52,49,43,51,79,80,75
[ 31.145074] wil6210-aoa$0,1606461631.378724,04:d6:aa:c1:38:97,2,1,1,0,128,776,709,841,779,971,29,418,418,141,355,55,208,853,66,190,597,357,760,387,938,145,869,745,20,205,394,50,175,877,895,294,112,58,104,94,100,78,90,59,58,86,83,75,50,59,56,100,62,88,72,64,65,40,58,47,58,78,53,51,45,53,78,84,80
[ 31.170596] wil6210-aoa$0,1606461631.404251,04:d6:aa:c1:38:97,2,1,1,0,128,750,754,765,781,928,1020,423,413,160,402,76,218,819,52,132,553,922,997,848,728,183,900,153,847,288,401,34,185,874,880,561,418,56,105,96,100,75,86,57,61,84,79,72,46,56,52,95,60,86,70,61,63,38,54,44,53,76,51,48,42,49,75,81,73
[ 31.195639] wil6210-aoa$0,1606461631.429294,04:d6:aa:c1:38:97,2,1,1,0,128,298,955,769,767,894,1001,407,415,153,376,81,281,860,50,192,587,927,976,336,876,755,31,682,11,663,182,163,278,340,15,958,645,51,101,92,99,69,79,52,56,80,74,67,38,49,47,84,53,79,64,55,54,32,45,36,43,63,37,36,32,38,58,57,51
[ 31.222972] wil6210-aoa$0,1606461631.456622,04:d6:aa:c1:38:97,2,1,1,0,128,271,902,748,745,853,973,840,168,617,131,66,239,848,53,263,601,942,988,350,898,765,66,682,37,195,348,200,263,405,78,409,171,57,108,94,102,77,87,58,59,85,79,75,47,55,55,97,60,86,70,62,66,38,56,45,53,76,51,51,44,53,79,83,77
[ 31.254247] wil6210-aoa$0,1606461631.487897,04:d6:aa:c1:38:97,2,1,1,0,128,288,955,720,742,962,989,310,385,152,348,48,179,878,90,129,505,374,771,372,904,761,33,742,47,284,408,67,201,373,35,77,909,50,92,83,87,64,76,51,50,74,70,64,41,48,46,84,51,75,60,53,54,34,48,38,46,66,43,43,37,44,68,69,66
[ 31.284811] wil6210-aoa$0,1606461631.518464,04:d6:aa:c1:38:97,2,1,1,0,128,256,936,848,851,984,1006,416,414,127,341,0,165,834,81,231,605,910,952,431,993,667,5,752,0,186,336,125,234,373,44,323,103,57,105,98,102,74,88,58,59,83,79,75,48,56,55,98,59,88,69,62,63,38,55,46,54,77,51,48,42,50,76,77,75
[ 31.316097] wil6210-aoa$0,1606461631.549748,04:d6:aa:c1:38:97,2,1,1,0,128,270,918,738,766,925,946,413,381,227,406,89,206,893,99,207,615,950,975,422,941,754,28,711,23,171,355,87,221,315,31,900,636,58,108,96,102,78,89,59,58,87,81,75,48,57,55,97,60,90,71,63,64,41,59,46,55,79,53,51,45,53,78,83,76
[ 31.345324] wil6210-aoa$0,1606461631.578981,04:d6:aa:c1:38:97,2,1,1,0,128,253,940,799,792,941,1,457,471,114,357,93,248,276,915,252,640,852,919,432,914,696,1014,192,847,671,151,571,1,847,843,115,873,55,108,98,100,75,84,54,58,84,76,70,40,52,50,90,55,82,67,58,57,34,48,39,42,69,41,41,35,40,60,63,58
[ 31.372410] wil6210-aoa$0,1606461631.606059,04:d6:aa:c1:38:97,2,1,1,0,128,255,906,784,769,976,28,439,430,221,438,67,219,809,18,170,578,931,974,397,912,747,54,724,48,248,404,88,246,356,35,995,653,49,89,81,88,65,74,49,51,72,68,60,38,47,44,81,49,73,59,51,53,30,45,36,42,61,38,38,33,38,59,60,58
[ 31.397771] wil6210-aoa$0,1606461631.631429,04:d6:aa:c1:38:97,2,1,1,0,128,402,993,779,798,885,988,423,423,194,398,29,223,834,82,144,547,938,979,420,927,735,77,761,47,228,385,85,196,395,50,653,376,55,107,93,100,74,84,55,57,85,78,71,44,54,49,90,58,84,69,59,60,38,53,40,50,72,45,44,38,46,69,71,66
[ 31.422704] wil6210-aoa$0,1606461631.656355,04:d6:aa:c1:38:97,2,1,1,0,128,328,967,825,798,933,1000,406,384,621,169,536,14,887,77,220,619,897,937,332,864,732,3,156,849,726,203,534,15,400,29,863,606,49,86,81,85,62,72,49,49,71,66,61,37,46,43,79,48,72,56,51,50,30,42,35,42,62,39,37,33,40,61,61,57
[ 31.455239] wil6210-aoa$0,1606461631.688892,04:d6:aa:c1:38:97,2,1,1,0,128,278,907,785,760,989,7,442,429,148,342,2,177,811,80,201,560,907,962,358,902,720,34,677,1014,221,408,144,258,345,23,531,299,59,105,96,103,76,90,60,60,88,83,74,48,58,54,99,61,89,71,62,65,39,56,46,55,77,53,51,46,49,77,80,79
[ 31.481068] wil6210-aoa$0,1606461631.714723,04:d6:aa:c1:38:97,2,1,1,0,128,300,934,722,735,949,957,481,440,211,408,57,170,915,108,241,618,950,1016,365,922,733,42,685,1016,210,336,74,172,412,78,1006,666,60,106,95,103,76,89,59,59,87,82,73,48,58,54,98,60,87,71,62,63,39,57,45,53,75,51,50,41,49,76,80,77
[ 31.512398] wil6210-aoa$0,1606461631.746049,04:d6:aa:c1:38:97,2,1,1,0,128,739,725,276,636,942,1013,858,173,580,149,513,973,284,889,160,581,898,994,326,878,182,887,156,819,787,198,607,62,867,859,210,983,49,93,81,86,65,74,48,50,72,69,62,38,49,45,78,51,75,59,51,52,32,46,34,43,63,42,40,34,41,64,66,62
[ 31.544440] wil6210-aoa$0,1606461631.778089,04:d6:aa:c1:38:97,2,1,1,0,128,285,896,836,820,1005,1013,393,421,172,358,31,195,878,93,142,588,931,956,417,941,701,63,707,57,290,403,147,276,436,68,963,636,55,107,94,102,75,86,57,59,85,81,69,44,53,51,93,58,83,69,59,62,35,52,40,50,73,46,47,40,45,71,69,64
[ 31.583844] wil6210-aoa$0,1606461631.817498,04:d6:aa:c1:38:97,2,1,1,0,128,703,695,246,603,360,787,898,197,186,383,53,226,824,51,137,555,301,734,842,711,206,838,173,839,181,357,141,247,345,50,30,814,49,91,83,89,64,73,51,51,72,69,62,38,48,45,83,50,73,59,51,54,31,45,35,43,63,40,38,35,39,62,59,55
[ 31.615190] wil6210-aoa$0,1606461631.848840,04:d6:aa:c1:38:97,2,1,1,0,128,308,927,762,757,962,1018,381,377,185,377,75,196,826,84,196,593,934,951,409,933,661,0,678,1022,200,356,108,238,862,884,395,271,46,90,80,86,63,71,50,51,71,66,59,38,45,45,78,49,71,58,51,52,30,43,33,41,63,38,36,34,39,59,58,55
[ 31.646518] wil6210-aoa$0,1606461631.880169,04:d6:aa:c1:38:97,2,1,1,0,128,257,901,739,751,324,781,844,151,612,200,509,20,837,71,155,514,381,801,370,866,217,900,183,851,220,397,16,179,373,70,469,182,50,95,85,92,67,75,50,52,75,72,64,41,48,46,84,53,77,62,54,55,32,48,38,47,67,43,40,35,44,68,70,63
[ 31.671386] wil6210-aoa$0,1606461631.905037,04:d6:aa:c1:38:97,2,1,1,0,128,304,955,744,737,364,831,898,244,200,378,998,167,285,912,225,591,872,971,337,836,823,103,713,40,213,365,101,218,370,7,144,950,50,96,85,92,68,78,53,53,76,71,66,42,49,46,85,53,77,63,55,56,35,50,37,46,66,44,41,38,44,67,71,65
[ 31.703462] wil6210-aoa$0,1606461631.937117,04:d6:aa:c1:38:97,2,1,1,0,128,297,960,713,775,951,7,438,392,200,355,83,205,890,70,164,593,892,951,382,878,713,12,728,12,201,358,126,262,344,24,128,915,56,103,91,98,73,84,56,57,86,78,73,46,53,50,92,56,84,67,60,60,36,54,42,51,75,49,49,43,49,76,79,73
[ 31.733187] wil6210-aoa$0,1606461631.966842,04:d6:aa:c1:38:97,2,1,1,0,128,289,918,747,738,918,987,438,395,124,349,24,189,247,871,617,333,394,777,329,899,786,52,740,32,170,347,176,251,344,12,905,635,50,90,81,84,65,76,51,49,73,67,62,39,48,46,83,51,76,60,53,54,33,47,38,46,65,44,41,38,44,66,69,64
[ 31.757538] wil6210-aoa$0,1606461631.991195,04:d6:aa:c1:38:97,2,1,1,0,128,283,928,797,812,893,961,402,389,102,304,72,203,813,9,186,537,951,983,425,912,675,990,720,970,269,393,79,122,876,865,792,531,60,106,96,102,78,89,57,60,87,81,74,51,59,57,100,63,89,72,64,64,41,58,47,58,81,53,53,47,53,82,83,81
[ 31.787103] wil6210-aoa$0,1606461632.020754,04:d6:aa:c1:38:97,2,1,1,0,128,262,904,769,759,930,998,470,441,98,347,562,5,316,935,205,588,907,956,346,861,695,10,665,8,652,169,529,16,819,872,150,961,48,89,80,87,63,72,48,49,70,67,59,36,45,44,78,49,69,56,50,52,29,44,33,40,61,39,35,32,37,58,55,50
[ 31.812225] wil6210-aoa$0,1606461632.045879,04:d6:aa:c1:38:97,2,1,1,0,128,697,688,241,581,924,1009,455,464,96,325,557,18,227,830,217,567,918,1008,382,887,769,74,748,31,207,357,586,32,789,852,413,263,49,90,81,88,64,75,49,50,73,69,63,40,48,45,84,51,73,60,53,55,32,46,39,46,68,44,42,39,44,66,69,65
[ 31.842543] wil6210-aoa$0,1606461632.076197,04:d6:aa:c1:38:97,2,1,1,0,128,736,693,858,809,918,996,400,401,188,366,14,195,831,42,174,520,899,967,385,900,764,29,762,52,270,432,78,247,393,55,843,449,58,108,96,105,74,88,60,59,88,82,73,48,57,53,97,61,88,69,64,64,38,55,44,55,77,50,50,44,50,73,81,76
[ 31.867177] wil6210-aoa$0,1606461632.100832,04:d6:aa:c1:38:97,2,1,1,0,128,317,993,802,822,968,52,399,385,161,346,47,210,853,56,167,541,897,951,427,905,689,23,187,861,263,395,567,37,352,32,961,759,49,91,79,83,65,75,50,50,72,69,63,41,48,48,83,51,76,59,54,55,35,50,38,47,66,44,43,38,45,67,70,66
[ 31.897186] wil6210-aoa$0,1606461632.130836,04:d6:aa:c1:38:97,2,1,1,0,128,312,972,738,803,955,1006,919,242,624,161,504,34,285,865,619,359,386,783,868,750,707,36,747,21,258,405,68,229,354,57,310,84,59,106,98,103,76,87,58,60,86,81,74,46,56,54,96,60,84,70,62,62,37,55,45,53,75,49,47,43,48,76,76,74
[ 31.922887] wil6210-aoa$0,1606461632.156537,04:d6:aa:c1:38:97,2,1,1,0,128,311,954,754,746,945,1012,403,374,155,365,18,160,851,43,276,633,937,950,386,905,692,1018,693,1015,221,384,154,259,463,59,1004,707,49,91,81,88,63,71,48,49,69,66,61,38,46,43,75,48,70,58,49,49,30,42,33,39,60,36,36,31,35,58,55,51
[ 31.955028] wil6210-aoa$0,1606461632.188678,04:d6:aa:c1:38:97,2,1,1,0,128,245,883,785,766,395,794,886,214,646,158,55,190,877,70,196,544,360,742,836,672,739,35,153,831,654,142,179,259,348,9,735,543,48,92,81,87,66,74,50,51,73,66,64,40,49,46,81,51,74,59,54,54,33,46,38,46,65,42,41,36,41,64,67,63
[ 31.986874] wil6210-aoa$0,1606461632.220524,04:d6:aa:c1:38:97,2,1,1,0,128,312,958,785,768,369,832,406,390,205,409,20,179,862,93,162,514,952,973,395,913,727,996,735,13,723,135,603,34,408,48,626,365,51,96,88,91,69,80,54,51,76,75,67,45,52,51,88,55,80,64,57,59,35,53,41,51,72,48,47,41,49,72,75,69
[ 32.018655] wil6210-aoa$0,1606461632.252305,04:d6:aa:c1:38:97,2,1,1,0,128,316,931,801,801,969,26,375,360,165,371,120,188,841,1021,188,561,955,956,408,905,763,44,703,968,681,151,98,192,369,52,205,1007,59,108,95,103,80,90,59,58,85,80,72,49,58,55,99,60,88,70,62,65,39,56,46,55,78,50,49,43,51,80,79,77
[ 32.049165] wil6210-aoa$0,1606461632.282820,04:d6:aa:c1:38:97,2,1,1,0,128,282,904,780,766,983,16,422,426,189,374,21,181,845,66,195,587,962,954,310,899,698,2,714,32,226,367,158,244,322,17,562,311,50,94,86,92,67,79,52,52,76,73,66,41,50,49,89,54,78,63,54,56,35,51,37,47,70,44,41,37,45,67,69,65
[ 32.076324] wil6210-aoa$0,1606461632.309974,04:d6:aa:c1:38:97,2,1,1,0,128,308,938,807,788,941,985,401,396,210,401,75,221,838,62,256,639,27,17,353,937,735,40,726,51,218,389,81,207,354,15,192,935,56,105,97,101,77,87,58,58,88,84,73,48,57,54,100,61,88,70,62,66,39,57,44,54,77,52,50,47,52,77,85,79
[ 32.108127] wil6210-aoa$0,1606461632.341777,04:d6:aa:c1:38:97,2,1,1,0,128,293,902,784,736,902,968,904,210,164,363,25,114,872,54,151,577,868,945,345,895,706,2,706,40,231,379,144,218,423,82,691,474,56,104,97,101,73,84,58,59,84,79,71,46,55,53,92,56,84,71,59,61,36,51,40,50,73,45,44,38,44,68,68,64
[ 32.140156] wil6210-aoa$0,1606461632.373805,04:d6:aa:c1:38:97,2,1,1,0,128,246,893,770,770,932,1000,327,348,120,342,4,201,845,88,621,414,864,956,370,931,723,9,750,80,257,440,128,270,376,62,460,268,50,90,82,86,65,76,49,50,73,69,63,42,50,48,83,52,75,60,52,56,34,50,39,50,67,46,44,38,46,67,73,67
[ 32.171748] wil6210-aoa$0,1606461632.405398,04:d6:aa:c1:38:97,2,1,1,0,128,242,907,801,782,985,26,405,405,258,456,1,170,866,84,192,612,905,938,348,888,747,22,762,62,242,405,120,231,391,63,259,1004,45,89,81,86,63,70,49,50,69,66,58,37,44,42,75,48,69,58,49,49,29,41,34,41,61,37,35,32,36,59,58,54
[ 32.200357] wil6210-aoa$0,1606461632.434011,04:d6:aa:c1:38:97,2,1,1,0,128,314,941,738,730,359,802,408,389,623,161,517,1015,831,67,182,554,959,979,286,861,702,39,135,824,293,437,113,228,385,67,513,186,49,90,81,87,65,74,51,51,70,70,64,39,48,47,83,50,74,59,54,54,32,48,38,45,65,42,41,36,40,63,66,61
[ 32.230758] wil6210-aoa$0,1606461632.464413,04:d6:aa:c1:38:97,2,1,1,0,128,782,754,230,579,954,962,935,216,217,355,108,217,843,40,148,534,328,698,352,893,129,805,702,18,651,152,119,218,373,43,729,544,56,104,94,98,76,85,58,55,85,77,71,46,57,52,95,58,85,67,60,60,38,52,42,51,73,49,46,40,47,74,76,72
[ 32.255598] wil6210-aoa$0,1606461632.489252,04:d6:aa:c1:38:97,2,1,1,0,128,319,957,760,776,921,982,370,352,147,389,71,251,809,25,131,563,335,764,847,690,168,870,769,31,241,389,155,272,314,8,156,878,50,91,86,90,67,78,52,52,75,69,65,41,49,45,85,52,74,60,54,55,33,46,38,45,65,42,41,35,41,65,66,58
[ 32.284976] wil6210-aoa$0,1606461632.518628,04:d6:aa:c1:38:97,2,1,1,0,128,326,957,794,751,343,809,882,211,174,378,60,190,839,65,200,598,919,949,847,721,182,837,148,839,176,312,151,234,326,62,534,305,58,106,96,101,76,88,60,60,87,82,77,49,58,54,101,62,88,70,63,66,39,57,46,56,81,53,50,46,54,81,80,80
[ 32.311312] wil6210-aoa$0,1606461632.544963,04:d6:aa:c1:38:97,2,1,1,0,128,273,938,788,801,934,1010,432,423,218,394,71,214,907,63,177,583,900,938,410,936,752,24,668,1006,217,350,168,267,404,75,1021,762,57,105,96,105,76,88,59,59,86,81,76,49,59,56,103,62,89,69,65,66,43,59,47,58,81,55,52,48,54,82,88,83
[ 32.341251] wil6210-aoa$0,1606461632.574909,04:d6:aa:c1:38:97,2,1,1,0,128,281,880,738,767,931,1011,343,356,189,397,72,220,837,59,163,552,848,887,397,885,727,36,708,19,244,383,69,221,808,847,566,405,56,103,94,102,75,85,56,58,84,78,70,45,53,50,92,58,83,65,59,60,36,51,42,49,74,47,46,41,46,71,73,67
[ 32.370684] wil6210-aoa$0,1606461632.604337,04:d6:aa:c1:38:97,2,1,1,0,128,211,881,226,588,347,813,885,160,634,199,88,242,858,51,615,317,304,735,827,692,216,878,758,20,272,411,40,176,827,845,883,705,54,103,92,98,77,85,57,57,83,78,71,44,55,53,93,56,84,67,59,60,36,52,41,50,71,44,47,39,47,72,74,67
[ 32.395851] wil6210-aoa$0,1606461632.629509,04:d6:aa:c1:38:97,2,1,1,0,128,280,908,846,854,953,11,382,402,99,307,31,173,887,90,185,560,941,975,437,965,711,1,762,42,240,378,88,258,896,922,736,434,55,103,92,99,75,86,58,58,84,81,72,46,54,50,94,60,85,67,61,62,37,54,45,52,77,50,48,42,50,76,74,72
[ 32.423167] wil6210-aoa$0,1606461632.656818,04:d6:aa:c1:38:97,2,1,1,0,128,270,881,826,805,954,1006,465,454,183,379,66,175,284,883,249,611,911,973,328,894,731,19,696,984,687,152,74,160,353,1013,510,297,56,103,92,99,75,86,56,57,84,81,71,45,55,53,93,58,85,68,60,64,36,55,43,51,75,50,49,43,49,74,76,73
[ 32.456021] wil6210-aoa$0,1606461632.689672,04:d6:aa:c1:38:97,2,1,1,0,128,327,945,769,761,981,1020,375,353,218,385,7,168,804,28,210,586,937,988,377,910,747,39,776,39,237,380,136,246,851,913,968,744,58,100,94,100,74,87,58,58,83,81,72,48,57,54,100,61,85,68,61,63,39,57,46,55,77,53,49,44,50,77,82,77
[ 32.486205] wil6210-aoa$0,1606461632.719863,04:d6:aa:c1:38:97,2,1,1,0,128,250,908,765,811,867,958,374,374,139,337,84,199,795,1015,216,603,842,881,878,684,685,991,752,22,257,360,118,252,322,33,390,141,55,103,92,98,75,85,57,58,82,79,72,47,55,53,95,58,85,68,60,61,40,53,44,52,78,51,47,42,52,76,77,72
[ 32.515341] wil6210-aoa$0,1606461632.748993,04:d6:aa:c1:38:97,2,1,1,0,128,246,903,202,564,927,8,347,382,635,166,68,230,822,53,237,635,940,1005,427,959,703,1018,729,1022,715,213,646,60,385,29,808,608,56,102,91,97,72,86,58,55,82,79,72,48,56,54,98,60,87,69,62,63,41,57,48,57,78,54,51,46,53,79,84,80
[ 32.546178] wil6210-aoa$0,1606461632.779835,04:d6:aa:c1:38:97,2,1,1,0,128,351,989,788,773,927,1019,474,488,196,416,52,197,793,66,140,515,893,959,872,696,764,27,751,64,222,384,65,242,369,54,260,1015,54,102,92,99,72,82,53,57,81,78,70,43,53,50,88,56,81,67,56,59,35,53,42,49,73,47,45,40,45,70,73,63
[ 32.574381] wil6210-aoa$0,1606461632.808031,04:d6:aa:c1:38:97,2,1,1,0,128,289,940,743,736,960,24,448,422,177,429,1006,163,800,46,639,381,306,705,894,701,237,913,720,12,244,359,106,211,816,841,915,745,52,101,93,98,74,84,55,56,86,79,69,45,54,52,92,56,83,65,58,61,36,54,43,48,74,47,47,41,48,74,76,71
[ 32.605601] wil6210-aoa$0,1606461632.839254,04:d6:aa:c1:38:97,2,1,1,0,128,233,936,776,797,403,859,866,239,147,382,0,197,805,46,227,616,929,988,348,891,189,906,147,842,743,183,569,37,394,61,392,112,53,100,91,97,70,82,55,56,83,78,69,45,53,50,90,57,82,66,60,59,35,51,42,49,73,46,46,38,44,71,72,65
[ 32.633637] wil6210-aoa$0,1606461632.867288,04:d6:aa:c1:38:97,2,1,1,0,128,266,927,814,829,937,1006,397,400,173,387,86,251,790,1020,197,565,891,939,807,683,175,863,208,863,716,217,118,235,357,19,777,464,56,103,93,97,72,86,56,58,86,80,72,44,56,51,95,59,82,68,59,61,37,55,43,51,72,50,48,40,48,72,75,71
[ 32.666407] wil6210-aoa$0,1606461632.900064,04:d6:aa:c1:38:97,2,1,1,0,128,355,970,796,778,930,31,870,233,279,468,1018,163,865,24,659,367,357,768,886,744,779,65,726,31,238,364,91,209,341,21,375,139,58,101,95,102,76,88,58,58,85,80,73,45,55,54,95,58,85,69,62,61,37,53,42,51,73,48,47,41,45,71,76,69
[ 32.693352] wil6210-aoa$0,1606461632.927001,04:d6:aa:c1:38:97,2,1,1,0,128,752,710,820,787,1007,22,336,356,162,346,60,216,284,906,622,316,328,741,846,687,185,841,127,793,719,193,115,205,397,7,828,549,54,108,89,97,72,83,53,56,81,75,68,40,50,49,87,54,80,65,60,58,34,48,41,47,70,44,45,36,43,67,67,61
[ 32.730096] wil6210-aoa$0,1606461632.963747,04:d6:aa:c1:38:97,2,1,1,0,128,263,923,802,829,884,981,408,397,171,418,79,232,807,32,165,517,385,753,392,895,727,1014,184,860,705,183,129,213,351,30,26,816,49,89,82,85,66,74,50,50,73,68,62,39,47,46,84,51,73,59,52,55,32,47,38,46,67,43,42,36,42,64,66,62
[ 32.759759] wil6210-aoa$0,1606461632.993416,04:d6:aa:c1:38:97,2,1,1,0,128,261,900,829,804,914,11,385,365,588,185,43,188,811,28,177,577,898,936,420,903,741,49,705,3,256,382,127,228,412,70,735,463,57,101,92,101,73,87,57,57,84,79,73,47,57,54,97,59,86,69,61,62,38,54,45,53,77,50,47,42,50,75,80,75
[ 32.790590] wil6210-aoa$0,1606461633.024246,04:d6:aa:c1:38:97,2,1,1,0,128,324,906,746,747,884,987,813,174,655,180,533,5,816,46,659,399,919,956,387,936,689,1002,154,839,698,178,600,26,333,1015,276,149,56,101,94,98,73,83,58,58,82,78,71,45,56,52,94,57,87,66,62,61,40,55,45,53,77,50,48,43,48,74,79,74
[ 32.816276] wil6210-aoa$0,1606461633.049930,04:d6:aa:c1:38:97,2,1,1,0,128,288,911,792,761,329,784,901,230,647,198,47,208,773,1023,162,533,920,970,321,878,151,836,180,864,711,212,605,69,332,37,612,366,56,103,90,98,73,84,57,56,83,80,71,45,55,53,95,59,84,68,61,60,39,57,44,51,74,51,50,42,50,75,80,75
[ 32.846329] wil6210-aoa$0,1606461633.079979,04:d6:aa:c1:38:97,2,1,1,0,128,740,697,188,571,955,5,375,367,583,90,82,202,897,71,167,577,877,926,834,671,175,858,221,857,702,176,194,298,393,49,466,233,54,101,91,97,72,84,54,56,83,77,69,43,50,50,90,56,83,67,57,61,35,49,40,47,69,45,44,37,44,69,69,63
[ 32.872324] wil6210-aoa$0,1606461633.105982,04:d6:aa:c1:38:97,2,1,1,0,128,353,995,747,759,991,18,419,419,195,409,38,211,828,68,180,598,897,949,416,956,704,18,729,14,228,379,142,260,315,43,865,676,52,97,90,97,71,82,57,56,82,77,69,44,51,50,90,56,82,67,58,58,36,49,40,47,68,43,43,38,43,68,68,63
[ 32.897271] wil6210-aoa$0,1606461633.130925,04:d6:aa:c1:38:97,2,1,1,0,128,789,773,780,790,382,787,475,413,140,344,113,196,332,898,160,552,910,960,320,887,125,803,162,839,209,353,79,250,357,25,749,464,55,102,91,98,73,82,57,56,83,77,69,44,56,51,94,60,87,68,60,61,36,56,42,51,75,49,46,40,48,73,80,71
[ 32.927185] wil6210-aoa$0,1606461633.160834,04:d6:aa:c1:38:97,2,1,1,0,128,289,908,863,842,894,995,473,444,157,369,42,212,841,89,172,582,901,978,359,913,721,50,777,46,255,410,147,260,438,80,210,903,53,102,91,97,70,81,54,56,81,74,67,42,52,50,90,55,81,66,57,58,35,48,40,48,70,43,43,36,44,68,67,62
[ 32.960056] wil6210-aoa$0,1606461633.193706,04:d6:aa:c1:38:97,2,1,1,0,128,341,971,840,802,924,971,380,378,199,401,57,211,839,32,216,568,936,952,459,969,766,66,708,1023,283,445,102,248,361,63,328,164,53,100,91,97,74,84,53,55,82,75,68,41,51,50,90,56,80,64,55,58,35,50,42,49,71,45,43,38,44,70,68,64
[ 32.992844] wil6210-aoa$0,1606461633.226494,04:d6:aa:c1:38:97,2,1,1,0,128,763,686,252,557,403,804,870,190,658,193,91,229,258,885,202,575,392,759,797,681,216,880,158,821,698,172,159,256,830,908,800,567,55,100,93,98,73,85,57,57,82,78,73,48,56,54,96,59,85,68,60,61,38,56,46,54,76,52,48,42,51,76,78,74
[ 33.018963] wil6210-aoa$0,1606461633.252613,04:d6:aa:c1:38:97,2,1,1,0,128,304,912,795,761,987,23,894,260,149,367,100,223,199,869,714,449,950,983,405,917,190,879,151,856,205,345,100,230,437,60,240,20,52,101,91,97,71,80,54,55,80,75,69,43,48,48,88,55,78,64,56,55,34,46,37,44,66,42,39,34,41,66,64,59
[ 33.062578] wil6210-aoa$0,1606461633.296234,04:d6:aa:c1:38:97,2,1,1,0,128,698,713,816,768,417,829,389,396,253,435,48,229,827,56,256,601,890,965,384,869,760,10,739,23,234,384,78,198,396,65,22,695,58,104,93,101,75,84,58,57,84,81,72,46,57,54,98,59,87,69,62,63,38,54,44,51,75,49,50,42,48,73,77,69
[ 33.088445] wil6210-aoa$0,1606461633.322098,04:d6:aa:c1:38:97,2,1,1,0,128,252,925,760,769,923,7,369,391,606,203,541,18,818,49,643,361,901,913,413,958,727,23,759,18,230,367,577,41,367,10,603,402,52,97,91,96,70,81,54,55,78,74,67,44,52,50,91,55,82,66,57,57,35,50,40,48,69,44,43,38,43,67,70,65
[ 33.117819] wil6210-aoa$0,1606461633.351468,04:d6:aa:c1:38:97,2,1,1,0,128,816,745,215,559,435,848,915,216,185,372,16,146,812,34,698,368,364,755,822,689,194,862,694,1003,214,349,116,208,331,998,1001,753,53,105,94,101,72,84,56,57,82,77,70,43,53,51,92,57,84,69,60,60,36,52,41,49,73,46,46,38,45,72,73,67
[ 33.151699] wil6210-aoa$0,1606461633.385351,04:d6:aa:c1:38:97,2,1,1,0,128,296,925,802,749,908,971,893,200,177,362,454,980,842,52,159,552,900,969,421,939,698,13,730,27,156,318,580,38,857,890,687,470,57,105,96,102,75,85,56,59,85,79,72,46,56,53,97,60,86,69,61,64,39,56,43,54,77,50,50,45,50,76,80,74
[ 33.184709] wil6210-aoa$0,1606461633.418358,04:d6:aa:c1:38:97,2,1,1,0,128,321,931,842,817,869,955,915,229,151,350,25,192,803,4,191,558,956,960,409,928,747,51,730,52,202,387,117,243,388,65,88,901,54,101,90,98,72,84,54,56,81,76,70,43,54,49,93,54,82,68,60,60,34,52,41,48,74,48,47,41,46,74,72,69
[ 33.210979] wil6210-aoa$0,1606461633.444631,04:d6:aa:c1:38:97,2,1,1,0,128,299,934,811,805,903,995,918,234,147,360,20,168,811,1022,185,573,910,969,363,924,760,35,726,51,190,346,84,234,384,54,420,162,45,86,80,83,61,72,48,49,68,65,58,37,44,42,75,50,70,57,49,49,29,44,35,43,63,40,38,35,39,62,60,56
[ 33.240667] wil6210-aoa$0,1606461633.474325,04:d6:aa:c1:38:97,2,1,1,0,128,320,914,767,776,942,979,447,392,211,373,60,220,797,55,197,604,969,998,319,865,754,57,706,10,181,357,567,24,372,70,802,548,53,102,92,98,71,81,52,55,78,76,70,42,49,50,88,54,79,63,58,57,34,49,38,47,68,41,40,35,40,65,65,61
[ 33.271605] wil6210-aoa$0,1606461633.505260,04:d6:aa:c1:38:97,2,1,1,0,128,313,906,859,842,905,989,426,431,175,401,77,208,865,40,245,639,940,973,409,951,808,128,717,44,278,433,140,231,399,91,452,195,55,104,92,96,75,86,56,58,83,77,71,45,55,53,93,57,84,67,59,61,38,54,43,53,78,50,49,42,51,75,77,71
[ 33.297404] wil6210-aoa$0,1606461633.531061,04:d6:aa:c1:38:97,2,1,1,0,128,277,932,745,737,984,1006,506,457,203,403,48,224,816,28,194,558,342,801,839,717,223,872,682,1018,732,222,98,200,371,46,417,174,55,98,91,95,74,85,57,55,84,79,70,46,55,52,97,59,85,69,59,63,37,57,44,55,76,51,49,43,49,76,82,76
[ 33.327591] wil6210-aoa$0,1606461633.561242,04:d6:aa:c1:38:97,2,1,1,0,128,281,929,797,771,940,948,434,383,214,431,40,153,911,66,197,601,915,959,332,900,698,9,179,892,233,411,67,195,288,999,614,479,55,102,93,101,74,84,56,58,84,80,73,46,54,52,95,59,83,68,60,61,37,53,44,53,76,52,48,41,49,76,79,76
[ 33.361042] wil6210-aoa$0,1606461633.594694,04:d6:aa:c1:38:97,2,1,1,0,128,279,931,833,796,978,11,419,406,222,394,108,233,835,71,191,593,830,894,409,930,702,1017,713,1020,646,130,553,42,372,43,4,704,56,102,91,98,73,88,56,56,81,80,72,45,55,51,95,61,86,68,60,60,39,54,44,53,78,52,48,44,50,77,81,76
[ 33.394539] wil6210-aoa$0,1606461633.628190,04:d6:aa:c1:38:97,2,1,1,0,128,268,910,246,637,886,988,891,190,169,376,48,196,299,863,657,378,334,747,347,881,774,85,660,998,186,320,141,255,343,46,229,78,55,102,90,97,72,84,56,55,82,77,69,44,53,52,94,59,81,65,59,60,34,53,42,50,72,48,47,41,47,74,73,69
[ 33.421747] wil6210-aoa$0,1606461633.655398,04:d6:aa:c1:38:97,2,1,1,0,128,309,946,744,773,977,19,371,404,126,351,34,168,256,858,210,562,957,969,411,918,694,1002,712,1019,665,129,115,228,324,984,497,358,55,100,90,98,72,86,56,56,83,78,70,46,55,52,93,57,84,67,59,59,38,55,44,53,74,49,48,43,50,75,77,72
[ 33.455522] wil6210-aoa$0,1606461633.689177,04:d6:aa:c1:38:97,2,1,1,0,128,290,911,776,805,862,957,441,440,142,362,72,212,797,41,154,517,372,776,875,742,759,30,720,2,203,345,196,258,371,37,645,383,54,102,90,99,73,80,53,56,82,76,68,43,52,52,89,58,82,68,57,60,36,51,42,50,72,47,46,39,46,68,73,68
[ 33.482966] wil6210-aoa$0,1606461633.716619,04:d6:aa:c1:38:97,2,1,1,0,128,278,936,762,751,983,1013,477,464,131,339,65,205,320,919,169,561,379,794,376,890,717,1002,788,58,179,362,113,232,326,33,22,803,54,104,94,100,73,87,58,59,84,82,72,48,57,53,99,60,88,70,62,64,40,58,46,53,77,52,51,46,52,80,81,77
[ 33.516858] wil6210-aoa$0,1606461633.750513,04:d6:aa:c1:38:97,2,1,1,0,128,282,903,776,735,935,979,374,379,672,195,28,192,848,49,214,622,903,983,417,943,746,51,700,8,228,351,102,224,348,1020,854,621,49,85,81,85,65,75,49,49,72,68,62,41,49,46,84,50,74,59,51,53,32,48,37,46,65,44,42,38,43,63,69,65
[ 33.549230] wil6210-aoa$0,1606461633.782881,04:d6:aa:c1:38:97,2,1,1,0,128,332,986,752,744,377,840,384,421,203,425,55,265,788,4,212,562,881,968,354,890,726,10,776,34,207,364,70,217,339,1015,124,927,56,103,94,100,76,85,58,59,84,80,73,47,57,53,96,59,86,71,61,64,35,54,44,53,76,49,49,42,49,73,75,71
[ 33.593615] wil6210-aoa$0,1606461633.827268,04:d6:aa:c1:38:97,2,1,1,0,128,322,912,808,775,932,974,335,365,166,350,492,988,842,45,174,591,879,933,805,729,782,98,738,36,219,358,158,253,413,81,63,734,53,102,91,97,74,85,55,54,81,77,70,43,53,51,92,57,84,68,58,60,37,51,40,50,72,46,44,40,46,71,71,66
[ 33.624810] wil6210-aoa$0,1606461633.858468,04:d6:aa:c1:38:97,2,1,1,0,128,299,966,777,785,962,1015,895,227,601,131,561,29,300,857,653,403,893,921,823,706,163,831,249,869,203,353,599,42,423,83,383,187,52,102,90,94,71,82,54,55,81,77,67,41,50,48,90,55,80,66,57,58,35,50,40,47,71,44,44,36,44,67,68,62
[ 33.654679] wil6210-aoa$0,1606461633.888327,04:d6:aa:c1:38:97,2,1,1,0,128,272,961,743,753,996,25,390,382,197,399,38,198,807,53,210,566,946,1016,366,922,737,41,652,1003,681,157,138,247,430,37,112,758,53,99,91,97,73,82,53,55,82,77,67,43,52,51,91,55,79,65,56,60,36,52,43,51,71,48,46,41,48,71,73,70
[ 33.687061] wil6210-aoa$0,1606461633.920719,04:d6:aa:c1:38:97,2,1,1,0,128,291,906,783,791,942,1017,441,445,171,392,43,188,826,36,167,584,896,954,356,915,655,1007,716,9,243,389,142,252,325,14,756,447,56,100,92,98,72,84,55,56,81,76,70,45,53,52,92,57,83,67,60,58,37,53,42,51,73,48,49,42,48,71,77,70
[ 33.716615] wil6210-aoa$0,1606461633.950266,04:d6:aa:c1:38:97,2,1,1,0,128,276,936,726,734,389,831,896,245,635,161,89,229,909,88,241,627,882,938,384,896,766,37,157,852,726,151,624,85,795,827,553,349,55,102,89,98,71,83,55,56,80,77,69,45,53,51,92,55,81,66,59,59,36,52,41,50,72,46,46,39,47,74,75,69
[ 33.751376] wil6210-aoa$0,1606461633.985026,04:d6:aa:c1:38:97,2,1,1,0,128,203,855,809,783,943,1023,886,190,623,184,50,229,825,75,214,573,883,935,383,950,801,91,717,19,191,371,137,247,335,49,121,958,53,99,92,98,71,83,56,56,81,77,68,42,55,50,89,56,82,65,59,60,37,51,42,51,73,47,46,40,46,71,74,68
[ 33.785319] wil6210-aoa$0,1606461634.018976,04:d6:aa:c1:38:97,2,1,1,0,128,794,743,201,557,387,834,393,391,190,378,49,206,278,877,170,563,908,935,403,886,178,828,192,865,222,310,68,191,428,14,339,118,54,99,89,96,73,84,55,57,80,78,70,45,53,53,93,58,82,67,59,61,37,53,43,52,75,50,48,43,48,73,79,74
[ 33.813043] wil6210-aoa$0,1606461634.046694,04:d6:aa:c1:38:97,2,1,1,0,128,254,910,821,809,936,962,917,206,153,343,86,200,823,50,178,583,332,768,361,890,742,62,684,1014,620,130,53,176,394,44,808,570,53,102,92,96,73,85,55,56,81,78,71,45,56,50,93,59,84,66,57,59,37,53,42,50,74,49,46,40,47,72,74,70
[ 33.846661] wil6210-aoa$0,1606461634.080319,04:d6:aa:c1:38:97,2,1,1,0,128,301,942,759,769,930,981,348,361,141,391,72,214,828,72,183,600,930,982,354,869,762,44,756,50,216,365,93,215,348,21,567,340,53,101,90,98,71,82,51,53,81,76,69,42,52,50,88,53,81,65,58,57,34,52,39,48,72,46,44,37,45,69,70,67
[ 33.874562] wil6210-aoa$0,1606461634.108211,04:d6:aa:c1:38:97,2,1,1,0,128,344,969,823,791,977,14,374,380,129,336,99,213,868,74,140,548,916,942,382,899,805,100,694,1021,233,389,562,45,378,94,611,371,57,102,96,102,77,86,59,59,83,79,73,49,55,55,98,60,86,69,60,62,39,56,46,55,78,53,51,44,53,78,83,78
[ 33.918130] wil6210-aoa$0,1606461634.151786,04:d6:aa:c1:38:97,2,1,1,0,128,318,956,738,772,932,15,334,371,167,372,46,178,844,47,221,575,965,975,333,834,779,36,114,821,233,383,89,205,407,76,528,282,47,90,81,86,62,73,47,50,72,69,61,40,47,46,82,52,72,57,53,53,31,46,37,45,64,40,39,36,41,63,67,58
[ 33.948944] wil6210-aoa$0,1606461634.182595,04:d6:aa:c1:38:97,2,1,1,0,128,270,926,757,746,390,799,417,429,114,363,71,208,904,116,179,591,911,956,330,891,729,17,705,42,219,350,172,224,373,71,149,942,58,104,92,99,76,87,59,59,87,79,74,47,58,55,98,60,88,71,63,63,40,56,47,55,78,52,50,45,50,78,83,76
[ 33.982899] wil6210-aoa$0,1606461634.216550,04:d6:aa:c1:38:97,2,1,1,0,128,294,942,813,762,971,1017,398,416,185,403,119,259,874,113,173,581,892,918,395,922,714,26,734,14,231,377,115,239,395,85,714,365,56,103,91,97,75,84,53,54,82,76,72,44,54,51,92,59,82,67,60,61,37,52,42,51,73,47,44,39,45,71,72,68
[ 34.015572] wil6210-aoa$0,1606461634.249230,04:d6:aa:c1:38:97,2,1,1,0,128,246,909,203,559,346,771,879,176,214,433,12,181,813,82,136,509,365,777,391,919,712,30,679,4,198,371,59,187,371,47,784,525,51,99,93,99,72,82,55,56,81,74,67,43,51,50,90,56,80,68,57,58,36,52,39,49,72,47,43,36,46,70,70,65
[ 34.044827] wil6210-aoa$0,1606461634.278478,04:d6:aa:c1:38:97,2,1,1,0,128,798,719,242,563,445,842,510,459,612,86,485,997,264,845,165,559,349,734,820,699,140,836,183,829,704,186,101,216,850,836,494,369,54,101,90,96,73,85,57,57,84,77,70,47,56,52,94,58,86,68,59,62,38,57,44,52,75,52,49,44,52,78,81,76
[ 34.079242] wil6210-aoa$0,1606461634.312892,04:d6:aa:c1:38:97,2,1,1,0,128,714,688,226,557,409,816,882,240,217,368,64,208,841,72,144,566,907,950,398,899,680,0,701,9,694,177,556,997,860,858,506,335,54,101,91,97,73,85,56,56,80,78,71,48,54,52,96,57,84,66,59,62,37,52,43,51,75,50,50,44,50,76,80,75
[ 34.113595] wil6210-aoa$0,1606461634.347245,04:d6:aa:c1:38:97,2,1,1,0,128,800,691,301,626,912,959,881,223,715,279,57,233,774,51,214,624,876,968,369,901,727,41,725,1009,212,367,103,241,366,12,920,794,56,99,91,96,73,85,56,57,81,77,69,45,55,51,95,57,83,67,58,61,37,54,43,53,78,52,49,43,49,77,79,74
[ 34.147632] wil6210-aoa$0,1606461634.381283,04:d6:aa:c1:38:97,2,1,1,0,128,276,924,756,786,913,996,859,164,181,377,997,123,292,899,280,641,936,993,406,924,672,1012,706,8,271,407,94,205,378,28,591,345,53,101,90,98,72,82,55,56,81,77,71,43,51,51,91,58,82,66,58,58,35,51,41,51,70,45,44,39,46,70,74,67
[ 34.181940] wil6210-aoa$0,1606461634.415594,04:d6:aa:c1:38:97,2,1,1,0,128,341,982,883,859,893,944,476,414,203,419,23,184,860,62,168,563,882,951,373,913,169,858,778,61,291,444,81,200,389,42,652,445,53,99,92,95,70,83,53,54,80,76,69,43,50,50,91,56,80,65,57,61,36,52,42,49,72,47,44,39,44,70,71,66
[ 34.216215] wil6210-aoa$0,1606461634.449866,04:d6:aa:c1:38:97,2,1,1,0,128,285,894,852,777,946,997,445,417,128,338,72,232,801,31,224,594,853,905,402,937,743,1008,776,41,233,370,147,271,328,44,797,523,54,102,90,95,72,84,55,55,82,78,70,47,55,52,93,58,85,67,59,59,38,53,41,51,76,49,47,42,49,75,78,73
[ 34.247764] wil6210-aoa$0,1606461634.481423,04:d6:aa:c1:38:97,2,1,1,0,128,349,959,764,722,993,11,833,171,724,230,30,167,288,830,215,582,881,944,376,908,743,38,759,20,208,388,93,196,416,39,537,243,54,101,92,97,73,85,55,54,82,79,69,44,53,53,92,59,83,66,60,61,37,53,43,51,77,49,47,41,49,74,75,70
[ 34.279609] wil6210-aoa$0,1606461634.513267,04:d6:aa:c1:38:97,2,1,1,0,128,282,896,747,815,909,987,451,426,199,384,112,266,835,52,234,617,906,950,378,861,751,64,788,72,241,379,11,172,383,89,964,725,56,104,94,100,74,83,56,56,83,77,71,43,52,52,93,57,82,67,59,60,36,52,43,52,74,48,47,41,46,72,73,69
[ 34.306152] wil6210-aoa$0,1606461634.539810,04:d6:aa:c1:38:97,2,1,1,0,128,742,751,822,835,944,1002,396,341,171,368,116,247,821,46,207,567,907,962,392,964,669,27,685,0,202,372,564,39,830,896,765,424,55,103,93,100,74,83,53,57,80,78,69,43,51,51,90,56,79,66,58,56,35,51,38,48,70,45,44,39,43,71,73,67
[ 34.337024] wil6210-aoa$0,1606461634.570673,04:d6:aa:c1:38:97,2,1,1,0,128,300,938,767,730,359,773,903,201,149,347,1022,141,818,20,225,576,926,928,798,700,165,871,684,34,239,380,120,243,369,68,286,24,57,105,96,102,77,87,59,57,85,82,73,47,56,55,100,59,87,69,61,64,38,54,44,52,75,50,49,44,49,76,79,74
[ 34.368428] wil6210-aoa$0,1606461634.602078,04:d6:aa:c1:38:97,2,1,1,0,128,282,920,766,766,938,1013,970,212,205,407,111,245,830,26,192,602,866,911,371,892,692,1016,197,867,182,287,593,1023,396,21,952,791,56,105,95,97,74,85,59,57,84,79,72,45,53,51,94,56,84,69,60,61,37,52,44,51,73,48,47,42,46,73,75,71
[ 34.402972] wil6210-aoa$0,1606461634.636620,04:d6:aa:c1:38:97,2,1,1,0,128,276,907,779,779,912,981,382,376,640,169,563,17,814,27,136,526,1007,0,402,912,691,44,667,998,688,158,526,1022,354,5,489,257,54,101,93,101,74,84,56,57,83,78,72,48,57,53,96,61,85,66,61,62,39,55,46,55,77,52,50,43,52,78,80,77
[ 34.434661] wil6210-aoa$0,1606461634.668314,04:d6:aa:c1:38:97,2,1,1,0,128,259,933,730,740,988,6,418,436,167,447,61,243,851,83,176,587,925,980,312,853,173,855,209,894,239,382,107,220,297,0,443,217,53,103,92,95,73,82,53,55,82,79,70,46,54,51,94,58,82,66,60,60,38,53,43,54,75,50,48,43,49,74,78,72
[ 34.461183] wil6210-aoa$0,1606461634.694836,04:d6:aa:c1:38:97,2,1,1,0,128,317,929,737,746,954,1,363,362,145,335,39,177,855,8,653,353,902,963,813,701,217,869,740,1021,222,335,129,239,366,7,652,392,55,100,90,96,73,84,56,55,83,77,71,48,56,53,97,58,85,68,61,63,37,56,44,54,74,52,50,44,52,79,83,79
[ 34.487807] wil6210-aoa$0,1606461634.721462,04:d6:aa:c1:38:97,2,1,1,0,128,280,918,791,793,979,10,412,398,155,326,505,7,822,28,163,538,926,957,864,715,195,845,754,34,652,141,619,58,362,30,146,972,54,103,92,100,72,82,58,56,83,76,71,47,54,52,94,59,82,69,59,59,35,53,42,51,76,49,47,41,49,72,75,71
[ 34.516237] wil6210-aoa$0,1606461634.749887,04:d6:aa:c1:38:97,2,1,1,0,128,276,942,771,777,391,820,480,410,132,390,83,204,851,51,192,606,878,951,379,901,171,827,148,823,227,353,573,63,834,869,595,350,55,100,92,98,73,82,55,56,81,78,70,44,54,49,93,56,82,67,58,58,35,53,42,49,73,47,45,39,46,71,75,68
[ 34.551066] wil6210-aoa$0,1606461634.784723,04:d6:aa:c1:38:97,2,1,1,0,128,368,971,786,781,899,1007,866,220,169,409,41,264,840,38,173,600,820,963,356,956,678,1,726,6,249,369,140,252,414,92,475,163,53,97,90,97,70,80,55,54,80,74,68,46,53,52,92,57,81,68,59,59,37,53,42,50,74,48,45,41,46,74,77,70
[ 34.577507] wil6210-aoa$0,1606461634.811162,04:d6:aa:c1:38:97,2,1,1,0,128,303,933,848,822,973,1002,404,399,119,343,53,188,848,108,161,560,928,939,853,698,208,849,236,880,248,374,119,245,422,64,1,812,54,99,91,96,71,83,53,54,82,77,67,42,52,52,89,55,82,64,57,56,36,51,41,47,72,46,43,38,46,70,72,65
[ 34.608199] wil6210-aoa$0,1606461634.841849,04:d6:aa:c1:38:97,2,1,1,0,128,258,915,820,807,965,2,433,442,126,372,37,191,921,91,237,612,926,974,348,900,703,15,715,1021,224,351,171,255,324,4,319,98,63,111,104,111,83,97,63,64,94,88,78,53,63,58,107,68,94,77,68,70,44,63,49,61,88,60,55,50,59,86,91,84
[ 34.642866] wil6210-aoa$0,1606461634.876518,04:d6:aa:c1:38:97,2,1,1,0,128,284,965,779,815,342,795,379,348,148,373,504,5,269,858,664,399,909,976,373,930,750,64,741,40,189,364,103,245,362,27,40,764,62,111,105,111,83,96,66,65,94,88,81,52,63,61,107,66,94,77,70,68,43,59,49,57,85,55,55,46,54,83,84,79
[ 34.676797] wil6210-aoa$0,1606461634.910455,04:d6:aa:c1:38:97,2,1,1,0,128,304,933,777,760,922,999,428,399,152,371,105,223,837,29,188,575,861,910,856,695,133,789,169,849,605,110,601,42,779,803,742,520,57,102,91,97,73,84,54,55,81,79,69,43,54,53,93,56,84,67,59,60,37,52,42,53,74,48,46,41,47,73,76,71
[ 34.707183] wil6210-aoa$0,1606461634.940834,04:d6:aa:c1:38:97,2,1,1,0,128,304,924,783,750,411,790,400,376,607,133,42,205,868,88,185,583,898,926,399,891,679,989,704,994,634,142,113,235,350,46,98,963,58,103,91,98,74,85,57,56,86,79,74,49,56,54,98,60,87,69,61,63,38,56,45,55,78,52,50,46,52,76,83,78
[ 34.742154] wil6210-aoa$0,1606461634.975804,04:d6:aa:c1:38:97,2,1,1,0,128,301,905,253,585,453,865,431,387,163,378,113,245,877,99,209,564,884,945,408,941,739,1016,739,3,264,403,144,246,332,29,163,961,55,104,93,98,73,82,55,56,82,76,70,43,53,52,90,57,82,68,60,61,36,52,40,49,73,47,46,38,46,71,73,69
[ 34.772200] wil6210-aoa$0,1606461635.005857,04:d6:aa:c1:38:97,2,1,1,0,128,275,904,735,727,403,849,432,423,159,389,25,193,332,930,150,563,962,1005,338,886,157,858,726,1022,713,217,576,10,803,831,216,154,56,104,93,100,75,86,56,59,85,78,72,47,52,52,93,56,83,67,60,60,37,53,43,50,74,48,45,41,48,73,76,68
[ 34.799989] wil6210-aoa$0,1606461635.033640,04:d6:aa:c1:38:97,2,1,1,0,128,776,724,255,606,422,856,880,223,627,166,74,190,823,37,182,574,894,911,849,690,179,833,182,838,214,385,117,195,315,988,240,106,55,101,92,97,75,84,55,57,82,78,70,46,54,51,95,58,83,66,59,60,37,53,43,53,76,50,48,43,50,75,76,73
[ 34.831381] wil6210-aoa$0,1606461635.065038,04:d6:aa:c1:38:97,2,1,1,0,128,268,916,734,735,933,992,889,184,208,365,86,195,850,78,652,370,997,1007,377,882,762,34,683,985,217,346,80,197,323,1011,253,93,50,100,90,95,71,82,52,55,79,75,66,42,51,48,86,55,78,65,54,57,34,49,39,44,68,42,41,35,42,64,65,59
[ 34.858520] wil6210-aoa$0,1606461635.092171,04:d6:aa:c1:38:97,2,1,1,0,128,258,924,760,763,972,14,444,426,203,434,91,219,851,67,157,590,878,939,314,891,759,56,736,59,240,383,146,240,264,1016,75,861,63,114,102,110,80,94,62,62,89,84,78,49,58,57,102,62,91,75,65,67,40,57,47,53,80,49,50,43,48,76,78,70
[ 34.890723] wil6210-aoa$0,1606461635.124380,04:d6:aa:c1:38:97,2,1,1,0,128,282,918,839,837,932,1018,479,452,113,368,129,283,818,64,174,575,871,948,375,893,712,15,764,31,266,418,134,217,388,38,257,972,52,100,91,97,72,83,54,57,83,78,69,44,54,52,90,56,82,68,57,59,36,51,41,52,74,49,48,41,47,74,77,73
[ 34.922976] wil6210-aoa$0,1606461635.156630,04:d6:aa:c1:38:97,2,1,1,0,128,250,928,227,598,411,830,912,243,149,358,82,235,856,101,189,582,872,908,842,717,204,864,761,45,204,353,133,243,354,1018,596,378,53,102,89,97,73,84,54,55,83,76,71,45,51,52,93,56,82,67,60,62,35,54,42,52,74,49,47,41,47,71,75,72
[ 34.951384] wil6210-aoa$0,1606461635.185042,04:d6:aa:c1:38:97,2,1,1,0,128,326,934,795,794,889,972,892,228,203,363,114,227,846,29,156,544,857,913,905,745,690,999,712,10,664,159,111,218,825,827,633,360,55,99,91,95,72,83,56,56,82,79,69,45,54,52,91,58,83,66,60,59,36,52,41,50,72,48,45,39,47,73,72,68
[ 34.980126] wil6210-aoa$0,1606461635.213785,04:d6:aa:c1:38:97,2,1,1,0,128,291,930,846,826,886,1013,872,228,97,335,481,16,813,42,189,563,908,948,408,963,693,7,776,24,192,348,146,253,362,11,153,892,53,100,90,95,71,82,56,54,83,75,70,47,55,51,94,59,85,68,60,61,37,56,44,53,75,51,47,43,51,76,78,76
[ 35.012801] wil6210-aoa$0,1606461635.246456,04:d6:aa:c1:38:97,2,1,1,0,128,221,877,237,582,388,809,902,223,627,135,524,1021,293,861,203,583,855,937,790,670,687,1,662,7,265,411,58,190,848,835,184,45,55,97,89,95,72,83,54,55,79,76,69,44,54,50,92,58,82,66,58,59,35,52,43,50,72,46,46,40,47,73,74,71
[ 35.039959] wil6210-aoa$0,1606461635.273617,04:d6:aa:c1:38:97,2,1,1,0,128,323,948,752,753,951,7,449,417,649,192,471,984,251,815,684,392,359,772,894,742,752,20,702,991,206,346,112,240,386,58,628,380,53,98,88,94,70,82,55,54,78,76,67,44,53,51,93,57,84,67,58,61,37,54,42,51,75,50,49,41,49,75,77,72
[ 35.073304] wil6210-aoa$0,1606461635.306958,04:d6:aa:c1:38:97,2,1,1,0,128,279,948,748,751,961,20,878,197,627,163,511,19,257,885,686,415,892,955,394,935,707,8,710,38,188,350,600,37,823,868,640,486,52,97,88,93,71,80,53,56,80,74,66,41,49,49,87,54,80,64,55,58,33,48,38,46,68,41,42,36,43,65,67,62
[ 35.100275] wil6210-aoa$0,1606461635.333933,04:d6:aa:c1:38:97,2,1,1,0,128,282,929,818,778,954,982,498,455,216,407,152,256,794,56,164,577,905,988,311,875,754,21,749,34,216,365,82,234,372,59,860,548,53,104,92,99,74,87,53,56,82,77,71,41,51,51,88,57,79,66,58,59,33,49,39,47,68,44,40,36,43,66,65,60
[ 35.133029] wil6210-aoa$0,1606461635.366684,04:d6:aa:c1:38:97,2,1,1,0,128,298,952,784,779,953,1011,443,428,196,390,21,186,245,869,668,384,937,959,377,933,748,42,808,66,216,364,151,247,313,1009,278,57,57,103,93,98,75,88,59,58,86,81,73,47,56,54,97,60,87,67,62,61,39,56,45,55,77,53,50,44,52,77,83,76
[ 35.160681] wil6210-aoa$0,1606461635.394337,04:d6:aa:c1:38:97,2,1,1,0,128,315,955,763,767,925,1008,446,396,180,382,71,198,310,870,700,420,940,940,417,933,717,50,713,14,191,363,124,245,340,26,222,15,56,105,93,100,74,85,57,58,83,77,72,43,54,50,92,57,83,67,59,60,36,52,42,49,74,46,44,38,45,73,71,65
[ 35.195055] wil6210-aoa$0,1606461635.428706,04:d6:aa:c1:38:97,2,1,1,0,128,291,920,816,786,940,972,406,390,177,413,84,204,825,60,167,560,861,926,313,880,157,823,185,855,745,204,133,214,340,13,92,884,58,105,95,102,75,88,58,57,85,81,73,48,58,54,95,60,86,69,62,61,39,55,45,53,77,51,49,43,50,78,78,73
[ 35.230210] wil6210-aoa$0,1606461635.463865,04:d6:aa:c1:38:97,2,1,1,0,128,295,950,901,866,891,1012,418,388,141,361,91,206,834,51,185,575,909,957,404,911,724,28,729,5,232,379,107,171,403,53,877,561,51,102,92,97,73,83,54,56,82,79,70,45,53,52,93,56,85,67,60,61,37,53,42,51,74,49,48,42,48,75,76,72
[ 35.260526] wil6210-aoa$0,1606461635.494178,04:d6:aa:c1:38:97,2,1,1,0,128,798,758,763,756,407,826,448,423,142,374,15,152,862,84,193,566,362,786,344,899,199,814,251,859,713,221,108,250,367,11,552,388,52,100,88,96,70,81,53,56,80,77,68,42,50,50,91,56,81,67,58,59,36,52,41,49,71,46,44,40,45,70,73,67
[ 35.294945] wil6210-aoa$0,1606461635.528601,04:d6:aa:c1:38:97,2,1,1,0,128,260,915,815,806,923,991,390,383,106,370,95,242,837,58,198,564,945,977,864,742,728,4,701,9,704,187,163,248,349,9,769,494,55,100,91,95,72,84,55,56,82,78,71,47,54,52,95,59,84,68,59,60,38,56,43,53,75,51,49,44,50,77,80,74
[ 35.325068] wil6210-aoa$0,1606461635.558719,04:d6:aa:c1:38:97,2,1,1,0,128,274,934,767,782,879,989,383,403,129,363,12,150,898,98,212,596,911,932,369,922,720,51,716,39,239,416,46,195,354,38,1002,743,54,101,91,95,72,83,55,55,81,76,70,45,52,51,89,54,82,67,58,57,37,52,40,49,73,47,46,39,47,71,73,70
[ 35.361837] wil6210-aoa$0,1606461635.595487,04:d6:aa:c1:38:97,2,1,1,0,128,245,900,215,593,392,813,938,221,645,171,538,25,838,41,721,392,953,986,412,928,662,27,683,1023,226,337,110,192,329,15,363,124,54,100,89,96,71,84,56,55,81,75,68,47,54,52,91,55,84,67,60,59,36,53,42,50,75,50,47,40,49,73,77,75
[ 35.397752] wil6210-aoa$0,1606461635.631408,04:d6:aa:c1:38:97,2,1,1,0,128,763,711,255,583,953,994,379,375,149,365,101,240,812,30,211,589,901,975,392,904,682,1011,735,10,592,129,583,50,750,813,185,56,54,101,90,94,70,82,53,55,79,76,69,46,55,52,93,58,82,66,59,59,37,53,43,51,74,49,47,42,48,74,77,73
[ 35.427884] wil6210-aoa$0,1606461635.661535,04:d6:aa:c1:38:97,2,1,1,0,128,321,972,774,823,919,1010,395,399,209,367,153,291,785,70,225,625,888,943,425,948,727,38,746,28,240,384,216,324,428,54,8,544,52,97,88,95,67,79,51,54,77,71,64,39,48,45,83,52,74,63,52,53,31,45,34,42,65,40,39,33,38,62,63,58
[ 35.462739] wil6210-aoa$0,1606461635.696396,04:d6:aa:c1:38:97,2,1,1,0,128,718,718,206,585,904,999,456,439,130,358,37,191,888,61,222,591,944,1001,326,878,807,58,723,72,147,366,93,196,798,879,572,378,60,113,103,109,79,93,61,63,91,86,77,49,60,54,98,64,92,75,64,67,38,58,46,55,80,52,48,43,49,76,79,74
[ 35.492307] wil6210-aoa$0,1606461635.725965,04:d6:aa:c1:38:97,2,1,1,0,128,292,951,697,743,449,859,405,387,179,381,35,206,902,99,163,555,900,964,797,738,717,10,156,880,228,406,65,208,375,43,425,252,54,98,90,98,69,81,55,55,81,75,69,42,52,52,90,55,81,66,59,59,36,53,42,52,73,50,47,42,50,72,77,75
[ 35.525622] wil6210-aoa$0,1606461635.759279,04:d6:aa:c1:38:97,2,1,1,0,128,220,893,812,793,856,959,420,412,199,391,87,258,860,46,255,576,872,932,868,735,700,6,716,11,216,349,113,185,391,48,517,196,56,103,90,96,74,83,53,56,82,76,68,46,53,51,93,57,81,66,59,61,34,53,41,50,72,46,44,39,44,69,72,66
[ 35.556930] wil6210-aoa$0,1606461635.790581,04:d6:aa:c1:38:97,2,1,1,0,128,277,927,799,805,974,991,442,423,154,379,97,220,845,47,245,632,904,947,386,930,742,61,721,3,191,353,157,273,342,39,322,33,54,103,92,96,74,85,53,56,81,75,69,41,53,50,91,55,81,68,59,57,34,50,42,47,72,44,44,36,43,67,69,59
[ 35.591166] wil6210-aoa$0,1606461635.824824,04:d6:aa:c1:38:97,2,1,1,0,128,726,719,796,745,928,991,430,411,176,402,74,192,814,0,180,573,903,925,347,869,715,1011,706,1018,727,200,103,233,790,830,96,923,58,105,93,99,77,86,55,58,84,80,71,45,52,52,95,60,82,67,60,63,37,54,44,53,77,52,49,43,51,77,78,75
[ 35.624636] wil6210-aoa$0,1606461635.858289,04:d6:aa:c1:38:97,2,1,1,0,128,323,957,795,820,985,31,447,440,218,383,82,230,829,29,191,588,912,951,394,900,720,55,707,14,240,416,76,225,418,92,436,160,56,101,92,96,73,86,58,56,82,78,72,46,57,52,97,59,86,69,61,60,39,56,44,53,78,54,50,45,52,78,84,79
[ 35.653376] wil6210-aoa$0,1606461635.887027,04:d6:aa:c1:38:97,2,1,1,0,128,315,934,768,811,926,987,425,425,159,409,34,191,304,907,190,574,937,977,449,975,732,58,766,29,186,413,89,221,448,71,970,657,53,102,90,97,71,81,54,56,80,75,68,42,51,50,88,52,79,65,57,59,36,50,40,47,70,45,43,36,44,67,72,63
[ 35.689288] wil6210-aoa$0,1606461635.922943,04:d6:aa:c1:38:97,2,1,1,0,128,247,878,220,583,415,803,927,239,165,371,97,235,829,13,230,600,910,972,418,949,751,35,734,27,211,356,505,3,395,47,911,674,53,100,90,97,72,83,55,55,80,76,69,43,54,52,91,55,82,66,56,59,36,51,41,49,71,47,45,39,46,70,74,64
[ 35.716596] wil6210-aoa$0,1606461635.950253,04:d6:aa:c1:38:97,2,1,1,0,128,330,1000,771,772,940,13,479,433,227,432,60,232,832,59,239,631,974,4,342,871,725,13,198,819,247,373,130,213,429,25,416,85,53,98,89,95,70,82,55,55,83,77,71,47,54,52,93,58,84,67,59,61,36,52,42,51,73,47,46,41,47,73,76,70
[ 35.747378] wil6210-aoa$0,1606461635.981029,04:d6:aa:c1:38:97,2,1,1,0,128,761,731,271,588,959,1016,401,408,127,338,54,220,881,69,185,556,919,938,863,750,670,11,797,96,135,318,168,274,388,50,302,55,53,101,91,98,70,82,55,55,83,80,71,46,55,52,92,59,82,67,59,60,36,54,43,53,73,50,49,42,49,73,78,74
[ 35.780965] wil6210-aoa$0,1606461636.014621,04:d6:aa:c1:38:97,2,1,1,0,128,375,966,746,792,900,10,801,172,624,186,0,151,875,62,189,575,891,935,871,764,687,0,166,835,695,166,598,49,381,2,327,49,55,98,90,96,73,84,56,56,80,79,72,44,54,52,94,56,82,67,60,59,35,53,43,53,76,49,48,42,49,75,77,72
[ 35.812539] wil6210-aoa$0,1606461636.046190,04:d6:aa:c1:38:97,2,1,1,0,128,343,955,738,765,973,1021,873,224,172,400,49,186,940,165,159,560,887,938,412,915,753,44,765,13,672,145,564,26,423,68,791,503,53,99,91,95,70,81,54,53,80,74,66,41,51,48,89,54,81,65,56,57,36,50,41,46,71,45,45,38,46,72,71,65
[ 35.845986] wil6210-aoa$0,1606461636.079642,04:d6:aa:c1:38:97,2,1,1,0,128,777,732,841,810,963,2,436,420,128,330,55,218,242,880,715,388,342,766,835,729,719,38,678,1018,693,136,587,46,378,32,425,263,63,115,103,108,83,96,64,65,95,90,80,54,65,59,109,69,98,78,69,70,45,65,51,62,89,60,58,52,59,86,93,88
[ 35.874106] wil6210-aoa$0,1606461636.107761,04:d6:aa:c1:38:97,2,1,1,0,128,295,927,843,797,947,990,436,430,147,318,73,201,804,50,240,590,885,935,347,873,729,27,674,1002,193,355,136,234,357,23,838,508,51,101,89,96,71,82,56,56,81,76,68,46,54,51,94,57,84,66,59,62,37,52,43,50,74,47,47,42,47,72,75,71
[ 35.909958] wil6210-aoa$0,1606461636.143608,04:d6:aa:c1:38:97,2,1,1,0,128,256,893,767,759,933,970,914,207,662,153,23,155,253,851,152,527,380,757,879,725,193,869,676,988,696,195,85,250,314,4,520,335,54,102,92,99,71,83,54,55,81,75,68,41,51,48,87,54,80,65,56,57,34,48,39,46,67,43,39,33,40,65,65,58
[ 35.944502] wil6210-aoa$0,1606461636.178155,04:d6:aa:c1:38:97,2,1,1,0,128,289,919,811,802,931,1008,424,402,212,392,54,196,824,47,226,568,922,973,450,932,777,57,715,23,272,428,130,217,320,1003,933,680,56,104,95,98,75,81,56,57,84,77,71,45,53,51,94,59,85,67,59,62,38,53,41,52,75,46,46,41,48,75,74,68
[ 35.977702] wil6210-aoa$0,1606461636.211352,04:d6:aa:c1:38:97,2,1,1,0,128,284,945,766,785,919,1009,917,223,138,375,6,180,368,901,196,546,936,985,390,929,759,71,773,61,202,372,126,216,431,71,1023,743,54,107,94,98,72,82,54,56,82,75,68,41,50,49,88,53,80,66,55,56,33,48,38,46,70,41,41,34,41,62,65,60
[ 36.006820] wil6210-aoa$0,1606461636.240477,04:d6:aa:c1:38:97,2,1,1,0,128,254,892,796,818,913,988,437,395,128,310,69,176,824,45,234,630,913,938,430,952,718,4,759,55,176,356,591,31,344,20,711,488,56,100,93,97,76,87,57,56,84,79,71,46,54,50,94,57,84,68,60,59,38,52,42,51,77,50,47,43,49,75,79,71
[ 36.037816] wil6210-aoa$0,1606461636.271466,04:d6:aa:c1:38:97,2,1,1,0,128,248,908,849,835,978,37,406,423,183,393,30,197,847,62,193,542,933,932,323,865,744,18,790,40,242,384,113,246,373,75,349,44,62,114,106,111,83,93,65,65,95,89,81,50,60,58,105,67,95,77,67,69,43,62,49,59,85,55,53,47,54,85,86,79
[ 36.071611] wil6210-aoa$0,1606461636.305268,04:d6:aa:c1:38:97,2,1,1,0,128,267,928,788,777,912,961,450,431,195,439,115,225,881,77,147,545,881,914,798,689,726,22,702,2,671,156,600,39,349,41,796,568,55,101,92,97,72,82,52,54,80,77,67,41,51,51,86,52,79,64,57,58,33,47,37,47,68,41,42,37,43,68,68,65
[ 36.099639] wil6210-aoa$0,1606461636.333292,04:d6:aa:c1:38:97,2,1,1,0,128,330,942,803,804,909,990,382,385,149,385,63,214,821,51,201,594,906,955,824,692,229,898,747,58,189,415,153,249,359,12,1002,666,52,98,89,96,69,77,52,54,79,72,66,42,51,49,89,54,78,63,54,57,32,47,39,47,66,42,40,36,39,65,65,60
[ 36.133078] wil6210-aoa$0,1606461636.366732,04:d6:aa:c1:38:97,2,1,1,0,128,299,955,764,788,923,1011,385,392,232,421,101,242,843,72,220,591,902,935,369,887,755,75,717,1018,665,138,99,177,871,897,584,373,54,99,91,95,72,84,54,56,82,78,71,45,53,52,93,57,85,67,58,58,37,52,43,51,75,50,48,42,48,73,76,73
[ 36.166656] wil6210-aoa$0,1606461636.400312,04:d6:aa:c1:38:97,2,1,1,0,128,322,988,746,767,935,1011,905,174,689,184,86,205,887,95,200,576,962,991,368,930,742,37,753,31,260,389,137,229,403,35,931,811,55,103,90,97,72,85,53,56,80,75,70,44,52,52,93,58,83,66,61,62,38,53,41,53,74,51,47,42,50,75,78,70
[ 36.197594] wil6210-aoa$0,1606461636.431244,04:d6:aa:c1:38:97,2,1,1,0,128,255,916,743,768,981,1016,425,420,191,374,11,166,816,37,237,601,913,971,882,705,692,2,746,24,272,403,91,270,296,8,765,538,53,100,90,94,71,82,55,54,82,78,68,46,54,51,95,57,83,67,58,62,39,54,42,52,77,50,48,41,50,75,80,73
[ 36.226736] wil6210-aoa$0,1606461636.460391,04:d6:aa:c1:38:97,2,1,1,0,128,300,945,841,814,992,1001,384,392,185,357,53,183,850,87,212,641,909,965,347,885,761,39,704,0,167,317,85,218,405,64,834,594,50,99,90,96,68,78,52,55,78,71,67,41,49,47,84,52,75,64,55,56,33,48,40,46,67,43,41,35,39,65,66,60
[ 36.256100] wil6210-aoa$0,1606461636.489748,04:d6:aa:c1:38:97,2,1,1,0,128,273,908,763,737,864,986,850,186,717,209,529,56,837,43,206,581,912,952,406,926,703,15,776,71,621,137,622,64,326,32,876,682,53,99,91,97,70,81,55,54,79,75,69,43,50,50,90,57,81,65,58,59,36,52,40,49,72,46,44,40,44,71,71,68
[ 36.292360] wil6210-aoa$0,1606461636.526011,04:d6:aa:c1:38:97,2,1,1,0,128,205,904,738,748,955,1008,902,215,197,381,60,220,857,90,154,560,330,735,881,749,208,862,713,1003,626,147,574,5,344,45,198,1009,53,100,92,96,71,84,54,56,82,77,68,42,53,51,90,54,83,67,58,59,36,52,41,49,72,45,45,40,44,69,70,67
[ 36.324246] wil6210-aoa$0,1606461636.557900,04:d6:aa:c1:38:97,2,1,1,0,128,260,937,730,751,892,969,888,215,159,358,86,212,769,6,689,418,914,938,427,927,686,11,725,12,195,333,620,57,354,57,756,463,53,103,92,97,71,82,54,55,82,77,65,44,52,52,89,55,83,67,59,60,36,52,40,50,71,46,47,39,47,71,72,68
[ 36.360252] wil6210-aoa$0,1606461636.593902,04:d6:aa:c1:38:97,2,1,1,0,128,759,765,746,773,374,803,858,165,712,242,517,1013,839,40,270,650,881,928,896,750,732,33,702,1013,271,444,89,230,362,19,383,171,56,102,95,100,75,86,57,59,84,79,72,47,56,53,97,61,86,68,62,62,39,54,46,55,77,52,50,44,49,76,81,76
[ 36.395787] wil6210-aoa$0,1606461636.629443,04:d6:aa:c1:38:97,2,1,1,0,128,299,947,767,763,962,1011,439,412,222,430,14,194,807,81,170,530,938,945,378,941,775,80,745,27,240,360,150,231,382,53,772,459,57,102,95,103,77,88,55,59,82,79,74,47,56,53,98,60,87,69,61,64,38,56,45,52,76,52,48,43,50,77,80,75
[ 36.428296] wil6210-aoa$0,1606461636.661946,04:d6:aa:c1:38:97,2,1,1,0,128,313,963,773,786,917,985,405,449,173,363,95,231,874,81,248,634,948,1001,402,947,759,46,682,992,234,351,112,250,416,102,315,1019,52,99,91,98,70,82,55,56,83,76,69,45,52,51,90,57,83,68,59,60,37,52,40,49,72,47,46,39,46,74,74,69
[ 36.462535] wil6210-aoa$0,1606461636.696192,04:d6:aa:c1:38:97,2,1,1,0,128,303,928,783,790,922,1007,461,431,145,329,71,208,871,76,200,571,859,912,436,933,796,77,675,1010,236,375,127,219,370,39,759,558,52,101,92,96,71,82,53,55,80,75,67,42,51,50,89,56,80,66,60,59,35,51,40,50,71,47,45,39,47,70,72,68
[ 36.491583] wil6210-aoa$0,1606461636.725238,04:d6:aa:c1:38:97,2,1,1,0,128,299,957,782,764,961,3,396,422,161,369,73,223,878,58,241,602,947,967,413,921,714,18,684,1020,241,362,132,235,351,29,497,187,53,99,91,96,72,82,55,53,83,77,69,43,53,51,89,56,81,66,58,59,35,51,41,50,71,47,44,38,45,71,72,67
[ 36.519676] wil6210-aoa$0,1606461636.753330,04:d6:aa:c1:38:97,2,1,1,0,128,240,910,763,776,943,1004,341,348,193,399,53,180,821,54,221,620,900,953,355,901,755,75,707,989,242,369,67,224,377,69,735,490,52,101,89,94,71,80,54,55,79,73,68,43,51,51,92,55,80,66,57,58,36,53,41,50,72,46,47,42,47,74,75,70
[ 36.551445] wil6210-aoa$0,1606461636.785095,04:d6:aa:c1:38:97,2,1,1,0,128,291,908,809,777,951,976,367,329,615,120,529,1020,239,852,653,354,929,977,812,721,675,1000,713,10,229,394,92,206,379,19,646,307,56,100,92,96,73,84,55,54,81,78,71,48,57,53,95,57,85,66,59,61,38,56,44,54,73,51,49,43,51,75,80,76
[ 36.586202] wil6210-aoa$0,1606461636.819856,04:d6:aa:c1:38:97,2,1,1,0,128,325,918,180,533,963,0,407,417,191,392,35,188,853,42,214,578,934,994,401,932,679,1011,685,26,277,407,89,221,349,7,736,660,56,100,91,96,73,83,53,54,82,76,69,45,54,51,92,58,83,67,57,61,38,56,42,52,74,51,48,41,50,73,78,73
[ 36.619768] wil6210-aoa$0,1606461636.853418,04:d6:aa:c1:38:97,2,1,1,0,128,757,732,781,771,356,778,906,227,658,198,72,170,905,33,257,559,914,933,834,678,671,1022,730,29,682,134,575,85,318,14,789,633,50,101,89,93,72,77,52,52,78,73,67,41,48,49,87,53,77,62,56,57,32,47,38,44,67,40,41,35,40,66,61,56
[ 36.652224] wil6210-aoa$0,1606461636.885878,04:d6:aa:c1:38:97,2,1,1,0,128,763,759,769,750,968,9,786,138,654,197,520,11,816,21,608,358,928,966,345,862,717,20,696,1010,182,327,509,1014,859,861,414,204,53,101,92,97,72,82,55,55,80,74,69,45,52,50,91,58,80,64,58,58,35,50,42,49,70,45,42,38,45,69,71,65
[ 36.680853] wil6210-aoa$0,1606461636.914503,04:d6:aa:c1:38:97,2,1,1,0,128,231,932,839,844,945,3,386,390,123,392,31,182,937,129,234,593,922,962,395,965,700,41,649,17,191,334,82,207,931,924,522,275,52,98,90,94,70,80,55,53,79,74,67,42,51,50,88,55,79,66,57,57,35,52,38,50,69,46,43,38,43,67,70,64
[ 36.713852] wil6210-aoa$0,1606461636.947508,04:d6:aa:c1:38:97,2,1,1,0,128,717,700,273,603,971,10,416,437,118,385,41,167,816,38,685,413,342,708,919,731,199,834,162,820,215,345,99,176,352,11,548,319,52,98,90,96,68,79,54,56,79,76,68,43,52,52,92,56,83,66,59,61,36,53,42,51,72,49,46,43,47,73,76,72
[ 36.742614] wil6210-aoa$0,1606461636.976264,04:d6:aa:c1:38:97,2,1,1,0,128,782,721,290,585,380,816,444,375,162,334,27,170,843,53,191,594,859,927,783,699,731,22,727,34,270,380,89,193,403,48,8,769,52,101,91,97,70,83,54,56,83,76,69,43,50,50,88,57,78,67,56,57,35,48,38,49,69,44,43,37,43,67,70,63
[ 36.775685] wil6210-aoa$0,1606461637.009339,04:d6:aa:c1:38:97,2,1,1,0,128,290,980,814,814,1009,52,378,380,204,402,140,256,781,34,246,614,913,960,395,940,713,49,760,41,186,318,135,214,373,46,703,382,56,102,92,98,74,87,56,57,83,79,72,48,56,53,99,60,86,70,62,63,38,56,45,56,77,52,49,44,52,77,79,77
[ 36.811496] wil6210-aoa$0,1606461637.045146,04:d6:aa:c1:38:97,2,1,1,0,128,732,680,824,789,958,0,399,380,611,183,525,999,259,875,601,321,376,758,863,748,725,991,695,1010,192,326,68,224,388,46,464,202,55,105,94,98,73,83,56,55,82,78,72,45,54,52,94,57,86,69,62,62,37,55,43,54,75,48,48,42,48,73,77,72
[ 36.848894] wil6210-aoa$0,1606461637.082544,04:d6:aa:c1:38:97,2,1,1,0,128,240,910,848,867,961,1002,470,449,235,450,55,197,875,120,180,577,888,944,390,900,726,29,763,40,209,342,157,204,323,1,18,851,64,118,104,111,82,95,62,64,92,88,80,50,63,60,106,66,96,78,69,66,41,60,48,59,84,55,52,46,51,81,85,76
[ 36.882586] wil6210-aoa$0,1606461637.116240,04:d6:aa:c1:38:97,2,1,1,0,128,333,949,702,746,992,1020,494,455,107,314,43,177,786,12,639,372,898,955,831,689,743,29,141,837,683,180,79,180,870,864,121,903,54,99,91,97,71,82,56,55,82,77,71,46,53,52,93,57,83,67,58,60,36,53,43,51,74,48,46,42,48,77,75,72
[ 36.912154] wil6210-aoa$0,1606461637.145802,04:d6:aa:c1:38:97,2,1,1,0,128,299,922,825,787,930,1008,424,374,207,411,78,223,789,1017,200,566,359,744,813,691,162,864,182,901,208,390,60,165,395,21,161,906,55,102,90,95,73,82,54,55,80,76,67,41,49,50,87,56,82,65,58,59,34,51,41,48,71,46,45,41,45,70,69,68
[ 36.944662] wil6210-aoa$0,1606461637.178315,04:d6:aa:c1:38:97,2,1,1,0,128,331,942,197,566,453,852,876,195,645,154,567,16,808,19,675,391,924,983,359,893,712,24,775,25,179,348,62,188,787,803,462,379,50,100,90,94,65,77,51,53,78,73,66,40,49,47,84,52,78,64,56,55,33,48,37,44,69,40,40,34,41,66,64,59
[ 36.973364] wil6210-aoa$0,1606461637.207019,04:d6:aa:c1:38:97,2,1,1,0,128,675,667,220,578,395,776,874,187,605,154,78,206,265,884,225,621,884,935,336,876,170,826,217,870,677,152,578,1004,840,852,689,544,53,99,90,95,72,83,53,56,79,75,68,42,52,50,90,56,77,64,57,57,34,49,40,46,71,42,41,36,42,66,67,61
[ 37.006690] wil6210-aoa$0,1606461637.240340,04:d6:aa:c1:38:97,2,1,1,0,128,713,705,295,633,424,807,431,367,688,164,77,228,821,62,266,649,892,950,309,853,750,13,709,11,220,380,56,203,398,35,170,943,56,99,90,96,70,82,54,53,81,77,70,46,53,51,91,57,81,65,58,59,35,52,40,50,72,47,44,39,45,71,74,70
[ 37.037097] wil6210-aoa$0,1606461637.270746,04:d6:aa:c1:38:97,2,1,1,0,128,297,949,737,743,961,994,480,432,169,376,52,203,805,13,204,621,936,989,339,914,681,18,772,67,232,394,164,291,380,75,186,967,56,98,90,96,73,84,55,56,81,80,71,47,58,54,94,59,85,67,61,61,39,56,44,55,76,51,48,44,52,78,83,78
[ 37.075183] wil6210-aoa$0,1606461637.308834,04:d6:aa:c1:38:97,2,1,1,0,128,256,892,794,780,966,8,390,366,178,366,520,1017,271,853,683,359,879,946,405,916,131,841,745,49,186,338,77,196,396,49,650,427,55,101,91,98,73,86,57,57,81,76,72,46,55,52,92,57,84,67,59,61,37,55,43,53,74,52,48,44,50,77,80,75
[ 37.108418] wil6210-aoa$0,1606461637.342072,04:d6:aa:c1:38:97,2,1,1,0,128,799,740,810,787,941,999,890,178,613,137,562,2,859,1011,658,385,864,899,809,696,192,901,720,1018,267,436,622,35,379,45,430,253,53,97,90,93,69,79,55,56,78,77,68,42,52,49,89,53,81,66,56,59,34,50,38,47,72,46,43,39,44,72,73,65
[ 37.143048] wil6210-aoa$0,1606461637.376704,04:d6:aa:c1:38:97,2,1,1,0,128,284,890,788,736,406,808,429,432,112,321,17,208,784,28,214,600,887,916,400,933,760,33,742,46,194,349,99,248,345,57,422,198,56,97,93,94,74,84,56,57,82,77,70,45,53,51,94,58,82,68,58,60,36,52,42,51,73,47,47,41,44,70,72,68
[ 37.176215] wil6210-aoa$0,1606461637.409865,04:d6:aa:c1:38:97,2,1,1,0,128,814,758,244,610,929,981,465,409,156,370,41,192,832,58,202,611,916,952,397,941,745,20,685,2,221,381,40,206,307,3,787,588,58,102,94,98,75,87,58,56,86,79,73,45,58,53,97,59,86,70,60,61,39,57,44,54,77,50,49,44,48,73,75,72
[ 37.204730] wil6210-aoa$0,1606461637.438386,04:d6:aa:c1:38:97,2,1,1,0,128,234,921,760,769,399,784,423,379,196,419,39,204,817,3,177,520,926,984,339,908,682,32,717,31,139,352,137,242,397,65,586,276,56,103,91,96,74,84,57,57,83,77,71,46,54,53,95,58,84,68,62,61,37,56,45,53,73,49,47,42,50,75,77,72
[ 37.238486] wil6210-aoa$0,1606461637.472137,04:d6:aa:c1:38:97,2,1,1,0,128,313,962,751,766,392,818,880,230,119,348,57,237,844,70,167,558,975,973,338,873,817,25,129,824,282,381,34,173,357,4,728,448,56,105,96,99,76,84,56,57,83,80,70,45,54,51,97,59,84,68,61,62,36,55,43,51,76,48,49,40,48,75,76,70
[ 37.272053] wil6210-aoa$0,1606461637.505707,04:d6:aa:c1:38:97,2,1,1,0,128,309,959,807,763,1003,8,373,319,595,154,511,1019,282,871,645,356,961,963,311,863,734,1009,676,974,259,350,110,206,356,22,60,813,56,99,89,96,74,81,56,54,82,79,69,46,56,52,96,56,85,67,60,63,37,53,43,52,75,49,47,42,49,73,75,71
[ 37.301532] wil6210-aoa$0,1606461637.535187,04:d6:aa:c1:38:97,2,1,1,0,128,249,889,233,571,930,995,478,425,116,314,51,176,809,43,172,575,881,934,390,923,696,15,725,11,658,148,555,0,859,877,302,139,54,97,90,95,71,83,55,57,80,75,69,43,53,51,90,55,83,68,57,57,36,52,40,50,73,47,43,39,46,71,69,67
[ 37.330222] wil6210-aoa$0,1606461637.563879,04:d6:aa:c1:38:97,2,1,1,0,128,284,898,770,740,415,847,360,386,591,148,135,269,790,17,179,618,919,969,369,913,679,12,761,66,252,392,162,256,393,79,7,725,54,99,87,92,71,81,52,51,81,74,69,41,52,48,90,55,81,65,56,59,35,49,40,49,69,45,44,40,45,68,71,68
[ 37.364287] wil6210-aoa$0,1606461637.597936,04:d6:aa:c1:38:97,2,1,1,0,128,355,974,744,815,912,976,397,378,157,366,66,212,869,39,207,551,889,956,352,934,709,24,734,8,194,359,109,227,314,1003,403,240,63,114,105,108,83,94,63,65,91,87,81,50,62,59,105,63,93,75,67,67,39,59,48,58,82,52,52,46,54,81,83,78
[ 37.402431] wil6210-aoa$0,1606461637.636081,04:d6:aa:c1:38:97,2,1,1,0,128,717,727,236,524,424,835,410,413,151,355,36,208,815,77,137,505,406,783,413,913,721,33,740,1,223,363,577,22,842,881,303,114,55,101,87,94,73,83,54,54,80,75,68,43,53,50,88,57,82,66,59,60,35,53,42,51,72,46,45,40,47,72,75,70
[ 37.432026] wil6210-aoa$0,1606461637.665682,04:d6:aa:c1:38:97,2,1,1,0,128,745,710,278,575,364,812,905,212,197,364,63,193,855,17,193,554,945,1001,871,742,714,32,159,847,649,123,652,89,397,78,486,330,53,99,92,98,71,84,54,54,81,76,69,44,55,50,93,56,81,66,58,58,35,52,43,52,75,47,46,41,46,72,74,70
[ 37.461662] wil6210-aoa$0,1606461637.695319,04:d6:aa:c1:38:97,2,1,1,0,128,308,932,812,838,906,1006,377,385,167,349,64,203,837,52,174,547,907,964,377,899,729,14,727,8,197,394,68,184,422,37,332,91,62,111,103,107,81,94,64,64,92,87,78,49,61,59,107,62,93,77,65,67,40,59,48,57,84,54,53,47,54,79,84,80
[ 37.491501] wil6210-aoa$0,1606461637.725151,04:d6:aa:c1:38:97,2,1,1,0,128,799,740,227,585,347,796,814,154,663,147,511,992,840,23,220,571,297,707,862,707,152,869,178,840,734,206,141,271,366,47,300,65,62,112,101,107,81,96,63,64,95,88,80,52,65,59,105,65,95,77,70,70,43,66,51,62,85,59,58,51,58,86,89,86
[ 37.524605] wil6210-aoa$0,1606461637.758263,04:d6:aa:c1:38:97,2,1,1,0,128,239,910,209,563,407,813,412,411,205,374,106,241,829,47,228,603,907,937,877,721,700,22,164,851,161,360,88,202,414,79,739,523,50,100,86,93,66,75,50,53,76,69,66,39,47,47,84,51,76,63,54,55,33,47,38,43,66,42,42,34,39,63,64,59
[ 37.555059] wil6210-aoa$0,1606461637.788709,04:d6:aa:c1:38:97,2,1,1,0,128,281,944,778,783,898,976,918,233,666,208,60,224,846,45,161,544,951,986,353,893,756,50,737,67,176,347,137,262,321,9,656,413,54,100,93,98,72,83,53,54,78,74,66,43,53,50,90,54,82,67,57,57,35,51,39,48,71,45,43,38,44,69,70,66
[ 37.593186] wil6210-aoa$0,1606461637.826837,04:d6:aa:c1:38:97,2,1,1,0,128,783,770,783,797,948,25,435,389,110,317,55,164,806,70,183,596,878,947,854,726,213,895,204,877,232,351,131,240,799,841,638,500,56,104,95,100,75,87,55,57,82,77,72,43,53,50,90,55,81,68,59,59,36,51,41,48,69,46,43,38,42,68,68,63
[ 37.631870] wil6210-aoa$0,1606461637.865521,04:d6:aa:c1:38:97,2,1,1,0,128,260,907,231,599,919,995,454,456,186,369,35,194,826,63,214,538,939,988,358,887,709,24,766,83,254,423,118,239,386,49,100,829,55,102,95,100,73,84,57,56,82,77,70,45,54,53,93,58,84,68,60,60,38,54,42,50,74,48,46,40,47,72,76,70
[ 37.667200] wil6210-aoa$0,1606461637.900857,04:d6:aa:c1:38:97,2,1,1,0,128,283,942,796,820,887,992,425,412,191,384,31,198,828,35,178,550,876,962,347,922,742,36,713,3,295,455,101,250,329,30,839,619,54,99,91,97,72,81,54,53,78,74,69,42,51,50,89,55,80,66,57,59,35,52,40,50,72,46,47,39,46,69,69,66
