
[ 29.449798] wil6210-aoa$0,1606461629.149259,04:d6:aa:c1:38:97,2,1,1,0,128,314,951,780,776,941,3,417,415,133,350,40,175,851,70,132,516,962,1021,351,923,701,48,759,64,161,312,169,313,391,86,120,777,58,107,97,105,75,87,58,60,86,79,72,49,56,54,97,62,89,71,62,64,39,57,45,56,79,53,49,45,52,80,82,74
[ 29.477840] wil6210-aoa$0,1606461629.177298,04:d6:aa:c1:38:97,2,1,1,0,128,303,946,803,775,321,768,900,218,699,245,537,0,254,915,180,595,901,972,848,754,700,17,203,862,650,127,651,65,820,858,36,865,60,110,100,108,75,89,61,61,88,81,75,48,55,57,98,61,88,72,63,66,40,56,44,54,78,49,49,42,47,75,78,74
[ 29.500144] wil6210-aoa$0,1606461629.199607,04:d6:aa:c1:38:97,2,1,1,0,128,358,967,791,790,940,7,403,397,130,361,544,20,869,56,199,566,895,973,356,900,744,45,217,871,193,340,137,257,372,58,512,196,59,112,97,104,79,92,60,60,92,84,78,49,61,57,100,62,90,75,66,66,42,57,47,56,82,54,52,47,53,77,85,78
[ 29.531588] wil6210-aoa$0,1606461629.231047,04:d6:aa:c1:38:97,2,1,1,0,128,259,916,772,789,960,1014,417,392,150,337,44,218,823,1013,218,607,843,908,380,897,757,49,748,1015,222,385,146,231,338,19,541,324,62,112,101,106,81,93,61,62,92,84,77,51,60,60,104,66,94,75,64,66,42,60,49,59,83,57,52,47,55,83,87,82
[ 29.560078] wil6210-aoa$0,1606461629.259535,04:d6:aa:c1:38:97,2,1,1,0,128,234,893,803,811,903,986,907,241,153,332,57,190,801,1023,214,577,917,959,342,902,675,7,683,38,181,338,132,258,301,28,889,667,56,104,92,99,74,86,57,59,82,80,71,45,53,51,91,55,84,69,60,62,37,53,41,51,76,46,46,40,46,71,72,67
[ 29.588079] wil6210-aoa$0,1606461629.287534,04:d6:aa:c1:38:97,2,1,1,0,128,298,908,769,732,947,986,449,411,609,172,560,44,280,859,211,589,911,932,873,728,680,1021,701,7,168,338,118,214,362,19,796,535,59,105,95,101,77,88,62,61,86,83,77,52,58,57,98,63,91,71,64,64,41,61,46,55,80,55,52,49,54,79,83,81
[ 29.611158] wil6210-aoa$0,1606461629.310614,04:d6:aa:c1:38:97,2,1,1,0,128,753,727,806,801,942,20,311,367,198,441,111,235,862,82,187,641,902,961,321,876,742,54,730,23,672,169,599,49,441,33,623,388,56,104,97,103,76,88,58,60,85,82,74,45,56,56,96,60,87,70,63,63,37,54,44,55,77,50,49,45,48,75,78,72
[ 29.638804] wil6210-aoa$0,1606461629.338264,04:d6:aa:c1:38:97,2,1,1,0,128,328,941,802,762,357,812,889,211,156,331,33,230,820,49,212,579,898,977,382,940,732,9,728,44,123,332,97,238,356,35,638,316,57,109,98,106,78,88,56,60,89,81,75,47,53,51,95,59,83,68,62,63,37,52,42,52,73,44,46,39,44,69,70,63
[ 29.666462] wil6210-aoa$0,1606461629.365918,04:d6:aa:c1:38:97,2,1,1,0,128,284,933,724,763,903,1006,378,351,208,380,48,189,840,25,664,387,927,982,819,735,710,13,738,53,256,378,93,269,385,45,204,11,57,104,95,102,75,86,57,58,84,79,71,46,54,55,95,60,87,68,62,63,40,57,45,53,77,52,48,43,50,77,79,70
[ 29.694728] wil6210-aoa$0,1606461629.394190,04:d6:aa:c1:38:97,2,1,1,0,128,755,766,742,778,975,1006,403,396,149,368,25,157,788,51,213,546,978,1023,382,921,765,49,789,33,169,327,121,209,293,1012,913,705,59,105,96,101,77,87,59,58,87,83,75,49,57,55,98,60,86,69,64,64,37,58,45,55,76,51,51,45,52,78,81,75
[ 29.719223] wil6210-aoa$0,1606461629.418680,04:d6:aa:c1:38:97,2,1,1,0,128,334,940,798,770,949,980,862,193,151,334,74,228,795,7,643,383,947,982,349,905,702,12,107,812,295,438,115,225,410,43,776,588,57,103,95,98,74,86,58,57,84,81,75,48,56,54,96,60,86,66,62,64,39,55,43,53,76,51,48,43,50,77,80,74
[ 29.749066] wil6210-aoa$0,1606461629.448523,04:d6:aa:c1:38:97,2,1,1,0,128,276,916,805,817,947,1002,403,367,201,384,25,168,856,68,188,588,940,961,311,883,725,14,710,994,231,386,588,35,824,856,756,589,60,111,102,106,79,90,61,61,92,85,77,48,58,57,98,61,90,73,65,66,38,56,44,54,78,52,48,42,50,78,77,72
[ 29.777015] wil6210-aoa$0,1606461629.476475,04:d6:aa:c1:38:97,2,1,1,0,128,365,968,832,839,897,967,382,373,158,381,51,171,903,126,187,592,895,956,432,940,739,59,691,1015,246,400,89,199,421,34,419,88,58,102,93,98,75,86,58,59,85,81,74,47,57,55,99,61,86,71,64,64,40,56,47,53,78,50,50,45,50,78,80,75
[ 29.800868] wil6210-aoa$0,1606461629.500326,04:d6:aa:c1:38:97,2,1,1,0,128,277,918,750,733,996,20,458,432,122,348,498,1019,296,891,175,584,876,953,476,979,768,50,747,26,249,376,139,214,887,920,809,581,59,109,100,106,79,89,61,60,87,82,73,47,55,53,97,60,86,70,62,63,37,53,44,52,77,48,49,41,47,75,74,70
[ 29.831339] wil6210-aoa$0,1606461629.530796,04:d6:aa:c1:38:97,2,1,1,0,128,291,945,221,577,393,806,826,139,138,339,61,213,829,29,622,344,336,711,897,724,146,857,194,851,713,189,134,267,325,8,353,136,62,109,102,107,80,93,63,64,90,86,76,50,61,59,102,64,93,73,65,65,41,58,47,57,82,54,53,47,53,81,86,81
[ 29.859495] wil6210-aoa$0,1606461629.558955,04:d6:aa:c1:38:97,2,1,1,0,128,261,905,771,778,911,1006,473,437,170,378,48,230,857,74,216,572,940,993,431,975,739,82,711,20,223,371,87,192,840,887,899,701,58,107,98,103,79,88,60,59,89,83,75,47,59,57,99,62,90,72,64,66,40,57,44,54,79,52,48,43,51,78,78,73
[ 29.883385] wil6210-aoa$0,1606461629.582842,04:d6:aa:c1:38:97,2,1,1,0,128,270,933,770,731,995,26,834,186,635,144,513,975,263,884,701,372,909,949,449,964,716,11,696,1000,198,374,130,251,352,51,353,183,61,111,98,104,79,92,60,60,90,83,78,49,60,57,100,62,91,74,63,65,39,59,46,56,80,53,52,45,53,77,82,77
[ 29.910339] wil6210-aoa$0,1606461629.609799,04:d6:aa:c1:38:97,2,1,1,0,128,291,941,738,765,390,815,356,356,172,361,73,249,782,29,198,588,890,926,325,867,261,896,774,54,172,355,156,262,345,68,84,774,58,104,96,99,76,88,58,59,85,82,74,48,56,55,95,58,85,72,63,62,39,54,45,51,76,51,48,42,49,75,76,71
[ 29.939212] wil6210-aoa$0,1606461629.638671,04:d6:aa:c1:38:97,2,1,1,0,128,306,935,717,780,956,1016,409,399,221,421,44,214,833,58,151,526,922,947,332,905,789,69,762,51,256,361,168,250,372,21,579,313,61,112,100,106,79,90,60,61,88,82,75,49,55,56,97,61,86,71,64,64,39,53,44,52,76,49,49,43,49,76,79,73
[ 29.965838] wil6210-aoa$0,1606461629.665301,04:d6:aa:c1:38:97,2,1,1,0,128,188,846,780,740,429,846,391,356,192,394,1021,165,259,826,180,585,944,959,405,921,766,50,721,1004,236,375,609,5,408,90,859,639,57,107,97,104,78,88,60,60,85,78,75,48,56,55,97,60,87,70,61,64,40,56,45,52,78,52,50,44,50,75,78,73
[ 29.991491] wil6210-aoa$0,1606461629.690947,04:d6:aa:c1:38:97,2,1,1,0,128,298,948,780,820,994,62,336,375,206,443,80,201,858,102,186,581,872,938,431,940,772,109,792,52,185,382,164,295,436,79,1008,725,62,113,99,105,79,91,58,60,90,85,79,50,58,59,101,65,91,71,64,67,40,57,48,57,81,51,53,47,52,79,83,77
[ 30.020862] wil6210-aoa$0,1606461629.720320,04:d6:aa:c1:38:97,2,1,1,0,128,284,898,228,584,975,16,414,399,166,398,56,229,810,46,176,591,897,920,363,922,760,67,707,31,219,372,105,213,400,82,463,265,59,106,95,101,79,86,58,59,87,84,75,49,58,56,100,63,86,69,63,65,39,58,47,58,80,52,52,46,51,80,83,77
[ 30.047671] wil6210-aoa$0,1606461629.747134,04:d6:aa:c1:38:97,2,1,1,0,128,260,927,789,783,872,980,427,404,172,378,24,160,856,56,169,551,933,1002,309,868,767,40,708,1004,259,423,60,229,353,39,986,737,62,109,103,108,80,94,64,64,90,85,80,52,61,57,100,65,93,74,67,69,41,59,47,58,81,52,51,47,51,80,84,81
[ 30.073092] wil6210-aoa$0,1606461629.772549,04:d6:aa:c1:38:97,2,1,1,0,128,292,937,759,729,987,7,411,369,201,407,75,236,228,843,253,590,914,969,843,714,142,859,184,855,676,185,94,223,358,13,627,295,62,111,100,107,80,90,60,62,90,86,77,51,61,57,102,65,92,75,66,66,42,59,49,58,83,55,53,48,55,81,87,79
[ 30.098198] wil6210-aoa$0,1606461629.797658,04:d6:aa:c1:38:97,2,1,1,0,128,737,724,237,593,356,839,432,398,176,377,73,193,830,28,213,584,919,940,807,698,199,856,232,896,131,331,83,200,851,917,218,18,59,106,96,102,77,89,60,59,87,82,76,50,59,55,101,62,89,70,64,67,41,60,46,59,80,55,55,47,57,81,89,83
[ 30.128159] wil6210-aoa$0,1606461629.827621,04:d6:aa:c1:38:97,2,1,1,0,128,251,884,790,751,941,985,434,445,137,365,24,197,821,42,213,583,915,975,338,892,690,18,742,36,202,336,135,264,479,143,778,444,58,108,95,101,78,88,59,59,87,81,73,48,58,54,95,60,87,72,63,64,39,56,45,55,76,51,49,42,51,77,79,75
[ 30.152215] wil6210-aoa$0,1606461629.851673,04:d6:aa:c1:38:97,2,1,1,0,128,266,913,761,747,371,807,993,240,187,391,16,168,875,69,107,532,859,955,381,921,743,37,797,100,258,429,117,259,336,25,764,537,61,112,98,108,82,92,61,61,91,84,75,48,58,57,99,62,93,74,64,65,40,58,47,56,79,53,52,46,53,77,84,78
[ 30.178671] wil6210-aoa$0,1606461629.878132,04:d6:aa:c1:38:97,2,1,1,0,128,369,979,836,855,964,962,445,376,157,342,93,211,837,15,248,598,939,973,459,961,664,1022,703,989,679,203,114,238,365,21,259,935,69,120,109,118,90,104,69,68,102,97,86,57,69,65,116,72,102,82,73,77,46,69,55,66,94,62,60,56,62,94,98,93
[ 30.209142] wil6210-aoa$0,1606461629.908601,04:d6:aa:c1:38:97,2,1,1,0,128,768,729,818,795,927,979,485,433,200,384,107,242,836,61,188,590,914,991,801,699,129,809,201,841,701,193,554,1018,879,905,644,423,67,123,113,121,91,102,66,68,105,95,84,54,65,63,112,71,101,83,71,71,43,63,50,60,90,57,59,49,55,86,92,78
[ 30.237406] wil6210-aoa$0,1606461629.936870,04:d6:aa:c1:38:97,2,1,1,0,128,272,921,787,745,914,994,362,378,138,335,518,23,284,870,657,380,348,789,334,886,701,39,750,47,706,207,124,209,371,43,479,205,59,106,95,100,79,88,59,60,86,83,74,48,58,54,98,61,87,72,62,64,39,58,45,54,79,50,51,45,51,79,80,75
[ 30.262611] wil6210-aoa$0,1606461629.962067,04:d6:aa:c1:38:97,2,1,1,0,128,332,962,709,729,419,842,402,359,159,340,5,156,856,55,212,587,939,967,370,908,677,15,723,44,205,375,111,240,410,99,267,967,57,111,101,107,78,88,56,61,88,79,74,46,54,51,92,56,84,68,57,57,36,48,40,47,71,43,43,35,41,65,63,56
[ 30.292003] wil6210-aoa$0,1606461629.991459,04:d6:aa:c1:38:97,2,1,1,0,128,747,746,222,576,978,1,406,426,653,202,95,238,862,48,216,595,874,917,869,701,716,1017,779,44,241,354,105,230,377,56,947,619,61,104,97,100,77,89,60,61,86,83,77,50,59,55,101,64,90,71,63,67,41,59,48,58,80,54,53,47,53,81,83,78
[ 30.321588] wil6210-aoa$0,1606461630.021045,04:d6:aa:c1:38:97,2,1,1,0,128,247,910,805,783,1000,43,430,418,175,392,82,212,816,56,186,553,825,931,839,713,695,11,747,48,203,375,155,270,413,93,157,862,54,107,93,98,74,82,54,57,85,74,69,42,50,50,86,54,81,67,57,57,35,48,38,45,68,40,40,35,41,64,66,57
[ 30.350644] wil6210-aoa$0,1606461630.050101,04:d6:aa:c1:38:97,2,1,1,0,128,328,954,813,781,910,974,456,425,139,366,78,208,837,46,232,591,901,915,356,881,715,11,653,985,274,362,113,240,335,6,427,138,59,111,101,106,80,91,60,61,90,85,77,50,59,57,102,63,93,74,66,68,42,61,47,58,81,53,53,47,52,82,83,78
[ 30.374510] wil6210-aoa$0,1606461630.073973,04:d6:aa:c1:38:97,2,1,1,0,128,329,952,793,793,902,982,350,338,228,390,31,158,782,1020,695,396,925,958,825,709,224,883,746,13,217,382,103,257,340,36,756,554,58,103,94,100,76,85,58,58,85,80,75,47,56,55,99,60,88,71,62,65,38,55,44,55,77,51,51,45,50,78,80,76
[ 30.400453] wil6210-aoa$0,1606461630.099909,04:d6:aa:c1:38:97,2,1,1,0,128,328,946,887,814,991,2,346,359,672,196,45,198,901,109,226,633,895,939,301,846,713,50,664,2,176,390,174,272,335,12,586,269,68,120,113,118,88,102,69,70,100,92,87,57,65,63,113,73,101,80,71,74,48,67,51,63,90,61,58,52,60,88,94,87
[ 30.429347] wil6210-aoa$0,1606461630.128808,04:d6:aa:c1:38:97,2,1,1,0,128,261,914,746,753,905,1005,344,347,208,373,21,196,828,80,190,545,941,1001,421,964,699,1002,758,37,228,373,173,292,356,14,499,212,68,122,111,119,88,102,67,67,100,93,84,54,66,63,113,70,102,82,72,75,47,66,54,66,89,60,57,52,59,90,92,88
[ 30.457213] wil6210-aoa$0,1606461630.156669,04:d6:aa:c1:38:97,2,1,1,0,128,267,910,219,607,351,816,389,375,169,384,33,212,817,11,636,381,929,983,837,719,240,895,693,3,263,369,85,227,349,48,433,263,56,104,93,98,73,85,56,58,83,81,69,46,53,53,92,58,82,68,59,61,37,52,42,50,74,48,46,42,47,71,71,69
[ 30.480222] wil6210-aoa$0,1606461630.179682,04:d6:aa:c1:38:97,2,1,1,0,128,317,954,823,818,937,1013,903,242,664,202,560,14,849,55,234,642,951,975,352,897,725,1023,698,12,213,350,545,32,847,881,806,602,66,122,109,114,88,99,67,68,95,94,85,53,65,63,109,70,99,81,71,72,46,64,50,62,88,58,54,49,58,87,89,82
[ 30.506187] wil6210-aoa$0,1606461630.205647,04:d6:aa:c1:38:97,2,1,1,0,128,251,858,166,541,352,792,429,410,82,306,521,984,811,42,214,594,825,903,847,708,181,822,231,870,239,362,70,238,886,880,198,7,66,117,110,116,88,103,68,72,100,95,84,58,67,64,118,71,102,85,73,77,48,69,54,64,95,66,62,57,63,93,100,92
[ 30.536353] wil6210-aoa$0,1606461630.235810,04:d6:aa:c1:38:97,2,1,1,0,128,303,978,793,801,895,1016,411,418,172,358,63,224,858,93,269,658,864,919,410,876,771,39,735,51,190,345,107,212,798,880,576,332,66,120,109,115,87,98,65,67,97,89,85,52,64,61,108,67,97,80,69,70,41,59,49,57,83,53,51,46,52,81,84,77
[ 30.560182] wil6210-aoa$0,1606461630.259641,04:d6:aa:c1:38:97,2,1,1,0,128,273,913,826,789,953,1016,434,377,182,355,610,41,851,35,166,579,932,964,340,869,718,1019,747,68,166,348,95,229,302,1018,372,231,57,100,92,97,75,85,58,56,85,82,73,49,57,53,99,60,86,69,61,62,39,57,46,54,78,54,50,45,52,79,83,78
[ 30.586037] wil6210-aoa$0,1606461630.285496,04:d6:aa:c1:38:97,2,1,1,0,128,290,948,733,751,906,973,891,192,174,361,20,155,829,32,238,580,875,956,327,900,703,20,758,1,134,290,585,51,393,70,985,689,66,115,109,116,86,100,66,67,100,92,81,54,64,61,111,67,99,79,68,69,46,64,49,61,89,57,53,49,56,85,87,82
[ 30.613444] wil6210-aoa$0,1606461630.312901,04:d6:aa:c1:38:97,2,1,1,0,128,292,950,779,785,937,998,426,401,130,349,97,215,871,94,250,633,873,949,869,733,727,18,762,36,177,377,75,224,388,18,958,678,64,118,109,114,85,95,68,67,98,91,81,53,65,61,110,67,99,81,70,70,45,65,50,60,87,58,55,48,56,85,86,82
[ 30.644634] wil6210-aoa$0,1606461630.344091,04:d6:aa:c1:38:97,2,1,1,0,128,284,948,710,677,921,980,846,166,192,398,48,181,864,57,176,530,925,945,812,696,752,41,741,18,194,364,75,196,343,43,950,674,65,119,110,114,86,101,67,66,100,94,84,54,65,63,114,69,99,79,70,73,45,65,52,64,91,61,58,53,58,88,92,88
[ 30.673858] wil6210-aoa$0,1606461630.373322,04:d6:aa:c1:38:97,2,1,1,0,128,770,719,250,609,914,1002,351,391,227,412,53,247,778,41,192,569,986,14,321,892,694,1016,679,1009,666,151,612,59,368,39,955,744,65,115,109,115,84,99,64,67,96,92,79,51,62,61,108,68,95,81,69,68,42,61,49,59,85,56,54,49,54,84,83,77
[ 30.697245] wil6210-aoa$0,1606461630.396710,04:d6:aa:c1:38:97,2,1,1,0,128,290,931,221,569,986,1011,423,409,150,365,96,274,872,79,205,608,921,962,923,747,679,1012,726,34,661,192,70,187,837,855,433,246,66,120,109,116,85,101,67,67,98,92,85,54,61,62,109,67,93,80,70,72,41,59,49,56,84,51,52,43,52,80,77,72
[ 30.728000] wil6210-aoa$0,1606461630.427454,04:d6:aa:c1:38:97,2,1,1,0,128,230,901,782,765,930,8,375,393,135,351,92,240,787,48,630,316,971,999,279,833,270,914,661,1009,325,438,125,283,393,50,671,481,57,104,94,98,73,83,57,59,85,79,71,45,55,53,94,59,86,70,59,61,37,55,41,50,74,49,47,42,47,75,73,70
[ 30.756458] wil6210-aoa$0,1606461630.455923,04:d6:aa:c1:38:97,2,1,1,0,128,684,679,211,586,389,841,877,201,223,399,27,169,302,891,223,573,919,945,856,710,159,843,161,824,666,162,564,41,373,42,658,402,56,105,96,100,76,88,58,59,84,80,73,48,58,53,98,62,89,71,62,64,40,57,46,56,77,54,50,47,52,79,79,77
[ 30.781564] wil6210-aoa$0,1606461630.481021,04:d6:aa:c1:38:97,2,1,1,0,128,808,732,810,791,987,15,381,377,123,327,43,180,258,846,716,380,886,938,377,861,743,57,733,46,200,381,47,160,802,807,979,833,65,124,109,116,85,99,64,68,97,90,82,52,62,61,105,65,95,76,68,68,41,58,46,56,80,51,49,41,49,79,80,71
[ 30.812560] wil6210-aoa$0,1606461630.512018,04:d6:aa:c1:38:97,2,1,1,0,128,251,874,797,787,915,1022,420,431,643,204,80,223,800,41,128,546,918,926,882,737,726,39,720,44,172,335,100,187,307,3,358,171,57,106,97,99,77,86,59,60,83,82,72,47,58,56,98,61,87,70,60,62,38,54,44,53,79,50,49,44,49,74,75,72
[ 30.835763] wil6210-aoa$0,1606461630.535227,04:d6:aa:c1:38:97,2,1,1,0,128,261,931,781,771,389,808,376,375,231,379,5,161,279,867,666,362,920,934,335,868,703,1021,711,0,187,347,571,4,852,879,599,455,56,103,93,98,74,84,59,59,85,80,74,49,55,53,94,60,84,67,60,63,39,52,42,52,76,48,47,42,48,72,73,70
[ 30.865921] wil6210-aoa$0,1606461630.565385,04:d6:aa:c1:38:97,2,1,1,0,128,284,925,778,776,955,1004,351,377,161,354,81,241,822,67,165,570,888,953,839,702,120,809,759,39,135,357,106,219,381,42,483,242,56,107,94,102,72,88,58,57,85,82,74,47,56,55,94,59,86,70,62,64,40,56,45,54,78,51,49,43,50,75,79,74
[ 30.892674] wil6210-aoa$0,1606461630.592130,04:d6:aa:c1:38:97,2,1,1,0,128,290,895,812,797,913,1015,387,380,216,411,982,177,806,51,676,405,905,971,391,947,791,49,768,72,282,406,109,195,321,1005,458,328,58,111,98,105,74,84,59,60,86,81,73,45,54,52,89,58,85,70,59,61,37,53,40,49,75,45,46,39,46,69,72,66
[ 30.922933] wil6210-aoa$0,1606461630.622394,04:d6:aa:c1:38:97,2,1,1,0,128,269,904,780,794,401,832,439,405,150,332,66,198,790,43,161,545,856,938,377,929,181,900,200,875,641,171,136,267,350,25,324,199,58,109,101,106,78,91,59,61,88,82,75,47,57,55,98,62,87,72,63,65,39,56,45,54,78,50,49,43,50,73,77,72
[ 30.947017] wil6210-aoa$0,1606461630.646482,04:d6:aa:c1:38:97,2,1,1,0,128,315,925,819,772,919,961,365,417,193,425,91,257,754,33,171,598,953,992,379,899,715,55,735,18,277,420,123,252,418,65,140,794,57,104,94,100,74,87,56,58,85,80,74,48,57,55,96,60,86,70,61,63,38,55,44,53,75,51,49,44,50,77,79,74
[ 30.975267] wil6210-aoa$0,1606461630.674725,04:d6:aa:c1:38:97,2,1,1,0,128,283,971,796,813,942,1005,391,398,144,326,64,192,863,61,255,654,861,931,333,881,685,31,703,4,238,375,43,172,369,35,821,604,68,124,113,118,89,104,68,69,103,95,85,57,67,65,112,67,102,82,72,70,45,65,52,62,91,59,58,51,57,88,89,82
[ 31.000691] wil6210-aoa$0,1606461630.700152,04:d6:aa:c1:38:97,2,1,1,0,128,290,947,775,810,908,985,436,409,219,424,92,216,883,85,179,580,912,945,849,720,777,89,805,90,240,416,111,245,401,65,571,265,51,103,94,99,73,83,52,56,79,72,67,40,50,49,85,55,79,65,56,58,33,47,38,45,70,44,41,35,41,65,68,59
[ 31.031551] wil6210-aoa$0,1606461630.731008,04:d6:aa:c1:38:97,2,1,1,0,128,258,908,807,803,919,998,432,425,203,361,81,238,875,88,244,638,868,963,389,917,709,42,723,17,219,368,86,201,291,1007,286,49,59,108,101,105,80,92,59,60,89,84,74,49,59,55,95,62,87,71,63,64,40,56,45,55,79,49,48,43,50,73,78,74
[ 31.061722] wil6210-aoa$0,1606461630.761178,04:d6:aa:c1:38:97,2,1,1,0,128,313,934,759,807,912,998,433,427,141,384,90,224,818,70,163,541,912,942,431,967,743,37,699,9,191,358,111,239,354,7,179,984,54,104,97,101,75,87,61,59,86,80,74,48,56,55,96,61,87,69,63,63,39,57,46,55,77,50,50,44,48,74,79,72
[ 31.087218] wil6210-aoa$0,1606461630.786678,04:d6:aa:c1:38:97,2,1,1,0,128,340,948,719,719,427,826,428,398,193,404,48,190,851,70,198,585,900,960,334,912,720,15,671,4,239,396,84,223,365,34,647,411,60,107,100,103,78,91,61,61,89,82,74,47,59,55,97,62,88,73,63,63,38,56,45,54,78,52,49,43,49,77,79,73
[ 31.111662] wil6210-aoa$0,1606461630.811119,04:d6:aa:c1:38:97,2,1,1,0,128,307,902,209,557,378,820,429,402,160,402,1013,168,263,863,173,561,347,758,835,704,233,910,698,10,235,383,119,228,429,45,973,749,68,122,113,118,90,104,70,71,100,95,85,55,66,64,114,70,103,85,71,74,46,65,53,64,89,57,58,50,59,91,93,88
[ 31.143932] wil6210-aoa$0,1606461630.843388,04:d6:aa:c1:38:97,2,1,1,0,128,767,741,773,755,925,993,447,417,192,372,40,207,853,89,242,630,861,966,309,888,760,39,774,51,231,391,117,231,407,61,1007,766,70,124,115,122,90,104,70,69,102,97,86,59,69,66,116,74,105,84,74,78,50,70,56,69,95,65,63,54,65,97,99,96
[ 31.175200] wil6210-aoa$0,1606461630.874657,04:d6:aa:c1:38:97,2,1,1,0,128,268,938,781,766,389,838,865,202,660,224,86,239,878,32,250,564,908,901,897,738,160,866,699,16,212,408,87,169,416,80,954,677,69,123,112,121,91,102,73,72,103,98,87,57,68,64,114,72,102,82,75,74,47,65,55,65,90,62,60,53,57,90,94,89
[ 31.205577] wil6210-aoa$0,1606461630.905033,04:d6:aa:c1:38:97,2,1,1,0,128,295,923,804,779,975,17,376,400,155,368,65,217,832,70,257,636,908,973,438,965,723,43,737,61,238,401,107,239,402,57,766,449,60,111,100,106,82,90,60,63,89,85,75,51,60,57,104,63,90,74,64,69,42,58,47,57,84,54,52,47,54,81,82,76
[ 31.229342] wil6210-aoa$0,1606461630.928805,04:d6:aa:c1:38:97,2,1,1,0,128,773,750,778,791,931,1002,417,421,125,381,490,1005,261,877,687,390,398,796,873,747,731,18,754,75,150,363,135,229,388,17,28,840,61,104,92,99,76,88,59,59,86,82,73,49,59,55,100,61,88,70,62,64,40,56,44,55,78,52,51,43,53,75,77,74
[ 31.259624] wil6210-aoa$0,1606461630.959086,04:d6:aa:c1:38:97,2,1,1,0,128,239,885,789,766,952,979,441,384,220,391,15,165,828,20,231,579,319,768,339,859,193,871,742,17,191,364,105,192,410,90,676,494,58,107,97,103,79,89,61,61,88,84,75,48,56,56,97,59,88,71,62,63,37,56,44,54,74,50,49,43,48,77,78,73
[ 31.287068] wil6210-aoa$0,1606461630.986525,04:d6:aa:c1:38:97,2,1,1,0,128,788,713,835,823,906,987,405,425,109,318,93,190,805,17,258,629,889,947,871,712,106,823,225,911,697,164,86,237,377,21,48,861,67,124,111,120,90,104,72,70,102,94,90,59,67,65,116,73,106,82,76,77,48,71,55,67,95,63,60,53,62,94,97,91
[ 31.316302] wil6210-aoa$0,1606461631.015764,04:d6:aa:c1:38:97,2,1,1,0,128,301,943,806,806,899,970,384,370,188,409,97,233,854,68,211,618,922,979,392,923,690,16,767,44,684,197,133,236,400,40,771,474,55,104,96,101,74,83,56,59,83,77,71,45,54,52,91,58,84,67,59,63,37,54,44,52,73,46,47,39,46,74,73,68
[ 31.342564] wil6210-aoa$0,1606461631.042021,04:d6:aa:c1:38:97,2,1,1,0,128,248,901,780,761,971,1006,425,388,171,354,1,134,807,26,225,597,899,971,376,861,729,23,718,0,671,171,70,174,356,36,777,610,59,108,97,103,79,90,61,62,88,83,75,51,60,56,99,63,92,73,64,66,39,59,47,57,83,56,54,48,54,82,84,79
[ 31.373641] wil6210-aoa$0,1606461631.073097,04:d6:aa:c1:38:97,2,1,1,0,128,321,941,804,801,907,993,382,366,560,111,605,54,850,43,198,572,891,936,413,956,733,41,733,35,167,337,122,223,309,28,674,429,60,106,99,100,77,87,60,59,86,82,74,49,59,55,101,61,88,70,63,63,39,58,45,57,79,54,50,45,51,77,81,75
[ 31.403770] wil6210-aoa$0,1606461631.103226,04:d6:aa:c1:38:97,2,1,1,0,128,739,706,240,596,970,17,367,399,178,395,41,218,819,44,206,609,897,949,343,906,679,1011,694,1004,180,324,661,79,377,53,406,74,56,106,96,102,74,85,58,59,84,78,69,41,53,51,91,53,82,68,58,59,35,50,39,47,69,43,42,36,43,69,68,60
[ 31.434411] wil6210-aoa$0,1606461631.133872,04:d6:aa:c1:38:97,2,1,1,0,128,301,945,769,795,882,1000,399,421,228,427,101,262,829,51,218,634,880,954,297,871,764,40,743,34,266,443,181,272,379,71,60,755,59,103,96,100,76,89,59,58,88,82,74,52,60,55,99,65,88,71,63,65,43,59,48,57,79,57,53,47,53,81,86,82
[ 31.459377] wil6210-aoa$0,1606461631.158833,04:d6:aa:c1:38:97,2,1,1,0,128,282,939,755,803,1001,19,405,363,158,376,114,247,765,29,170,577,857,908,831,689,203,889,131,821,701,187,139,250,386,34,128,931,59,111,99,104,80,90,62,63,89,84,74,45,57,56,98,62,88,73,64,64,40,56,46,56,79,52,50,45,49,77,81,76
[ 31.491215] wil6210-aoa$0,1606461631.190673,04:d6:aa:c1:38:97,2,1,1,0,128,276,900,729,750,356,801,927,231,142,365,39,184,792,31,176,616,811,898,391,940,744,63,723,40,639,165,620,89,830,876,30,890,58,103,95,99,76,86,58,59,86,81,75,47,57,54,99,60,86,70,62,65,39,59,46,56,77,54,52,47,53,78,81,78
[ 31.520436] wil6210-aoa$0,1606461631.219900,04:d6:aa:c1:38:97,2,1,1,0,128,287,881,279,603,358,843,427,405,146,360,57,171,251,878,159,553,905,969,330,905,698,23,721,8,168,338,596,34,367,74,781,515,58,104,97,100,75,84,61,58,85,79,73,46,55,53,96,60,87,69,61,64,37,55,43,53,77,48,49,42,51,73,73,70
[ 31.546802] wil6210-aoa$0,1606461631.246258,04:d6:aa:c1:38:97,2,1,1,0,128,300,933,805,815,935,17,373,392,176,357,138,255,803,65,162,571,919,955,396,965,779,112,717,31,168,382,92,230,355,19,899,590,61,101,95,99,76,88,59,58,85,81,73,50,59,54,101,63,87,71,62,65,40,59,48,57,79,55,52,47,56,80,85,82
[ 31.572257] wil6210-aoa$0,1606461631.271718,04:d6:aa:c1:38:97,2,1,1,0,128,273,928,777,780,953,1016,425,433,78,351,57,170,814,33,178,590,872,943,354,907,699,37,675,0,747,214,135,288,397,51,600,365,56,103,94,103,73,85,56,59,81,76,69,46,53,53,91,57,81,68,58,60,37,49,41,48,73,45,44,38,42,67,68,60
[ 31.598223] wil6210-aoa$0,1606461631.297679,04:d6:aa:c1:38:97,2,1,1,2,128,273,928,777,780,953,1016,425,433,78,351,57,170,814,33,178,590,872,943,354,907,699,37,675,0,747,214,135,288,397,51,600,365,58,104,97,100,75,84,61,58,85,79,73,46,55,53,96,60,87,69,61,64,37,55,43,53,77,48,49,42,51,73,73,70
[ 31.629190] wil6210-aoa$0,1606461631.328647,04:d6:aa:c1:38:97,2,1,1,0,128,326,966,773,782,971,4,340,398,660,160,571,1022,840,37,246,586,939,954,366,886,762,67,675,1008,219,375,515,989,897,841,861,583,58,103,95,101,77,88,59,58,87,80,73,50,55,54,99,62,87,70,59,64,39,57,45,53,78,51,50,44,51,76,78,70
[ 31.660087] wil6210-aoa$0,1606461631.359544,04:d6:aa:c1:38:97,2,1,1,0,128,864,813,816,791,943,1010,399,404,160,374,63,224,838,63,225,631,876,955,409,949,634,1021,732,20,191,359,503,970,881,924,534,344,55,104,95,101,76,85,55,58,83,77,70,42,52,52,91,55,80,69,58,60,35,51,41,47,71,46,43,38,43,69,68,64
[ 31.684930] wil6210-aoa$0,1606461631.384392,04:d6:aa:c1:38:97,2,1,1,0,128,293,925,722,772,935,1016,468,450,238,427,106,237,845,71,196,584,893,953,383,941,697,31,756,27,184,330,143,258,344,28,872,556,67,118,111,117,88,100,69,70,98,91,83,54,66,61,112,69,99,80,70,71,45,64,51,61,89,59,57,48,57,83,90,80
[ 31.710701] wil6210-aoa$0,1606461631.410161,04:d6:aa:c1:38:97,2,1,1,0,128,290,944,717,750,898,980,358,357,204,400,477,1022,863,66,164,589,907,942,349,914,684,9,733,60,251,454,138,266,362,48,552,304,57,102,94,99,75,86,58,58,85,81,72,47,55,53,96,58,83,69,62,63,39,56,44,53,76,49,49,41,48,76,78,72
[ 31.740488] wil6210-aoa$0,1606461631.439945,04:d6:aa:c1:38:97,2,1,1,0,128,288,911,800,778,959,992,460,432,205,395,21,167,776,3,684,392,923,1003,348,948,733,23,722,39,191,392,111,220,404,51,480,220,57,104,94,99,76,84,58,58,83,80,71,47,56,52,94,59,83,70,61,60,35,51,41,49,70,47,44,40,44,71,70,65
[ 31.765199] wil6210-aoa$0,1606461631.464659,04:d6:aa:c1:38:97,2,1,1,0,128,298,921,765,786,893,956,487,434,181,348,50,193,260,850,716,412,891,941,795,710,168,834,115,784,679,175,590,56,354,54,588,409,60,108,100,104,80,89,60,59,88,83,74,47,57,53,98,60,88,70,63,61,38,55,43,51,76,50,47,42,50,76,76,72
[ 31.791012] wil6210-aoa$0,1606461631.490472,04:d6:aa:c1:38:97,2,1,1,0,128,781,744,718,748,408,843,438,415,639,198,70,222,260,874,241,594,913,986,395,908,135,822,771,57,167,355,152,274,358,38,594,296,58,105,95,100,76,89,58,59,86,82,73,45,54,53,95,58,85,69,59,64,37,52,45,52,77,50,48,43,50,73,78,72
[ 31.817278] wil6210-aoa$0,1606461631.516742,04:d6:aa:c1:38:97,2,1,1,0,128,319,964,782,772,950,1,331,340,699,209,1014,172,849,36,631,356,896,963,288,857,178,838,160,829,631,158,598,18,904,922,480,264,57,105,96,100,77,86,58,59,84,80,74,45,58,54,96,58,86,69,60,61,36,54,43,53,75,49,49,42,49,73,73,69
[ 31.847859] wil6210-aoa$0,1606461631.547317,04:d6:aa:c1:38:97,2,1,1,0,128,828,820,716,716,376,790,426,375,636,177,23,192,214,836,664,343,363,763,882,715,218,886,698,1,715,207,128,252,334,36,450,236,61,109,99,105,78,91,60,60,86,79,77,49,61,57,101,63,89,72,63,67,39,56,47,58,82,53,51,47,55,80,82,77
[ 31.877516] wil6210-aoa$0,1606461631.576979,04:d6:aa:c1:38:97,2,1,1,0,128,255,918,751,720,899,1006,858,226,171,346,489,1017,909,105,151,569,881,947,400,945,756,47,685,5,683,199,117,246,377,5,113,969,60,108,98,104,79,91,63,60,89,86,75,50,61,57,102,65,91,74,66,67,42,61,48,57,81,55,52,46,55,81,83,80
[ 31.906508] wil6210-aoa$0,1606461631.605966,04:d6:aa:c1:38:97,2,1,1,0,128,345,974,770,793,922,1021,465,424,236,453,66,200,848,51,189,597,999,1011,429,947,804,90,746,39,207,366,75,208,363,24,566,264,54,101,92,100,72,83,55,56,83,75,69,44,51,50,91,57,81,66,55,59,35,49,40,48,69,44,44,38,41,69,68,64
[ 31.937408] wil6210-aoa$0,1606461631.636872,04:d6:aa:c1:38:97,2,1,1,0,128,337,956,748,771,970,1000,337,371,223,398,524,4,215,886,195,592,923,999,396,934,718,1015,702,14,189,356,138,248,394,63,389,155,56,103,94,100,75,85,58,59,82,79,70,44,53,52,90,59,88,71,60,61,37,52,41,48,74,46,47,39,45,70,72,68
[ 31.963657] wil6210-aoa$0,1606461631.663113,04:d6:aa:c1:38:97,2,1,1,0,128,294,947,718,691,970,7,374,365,172,405,965,122,316,878,186,582,952,961,368,912,717,31,710,34,171,369,111,244,318,990,996,839,59,107,100,107,78,88,62,64,87,82,76,47,60,55,98,62,87,72,63,65,37,55,45,55,78,51,50,44,50,77,81,75
[ 31.995349] wil6210-aoa$0,1606461631.694805,04:d6:aa:c1:38:97,2,1,1,0,128,263,893,862,820,924,972,408,364,148,344,107,219,856,41,223,569,977,994,431,951,682,1000,190,827,716,206,518,20,828,867,264,61,59,104,94,100,76,88,59,59,86,80,73,50,58,55,96,58,86,69,64,65,39,56,46,55,76,51,51,42,49,74,80,75
[ 32.020371] wil6210-aoa$0,1606461631.719828,04:d6:aa:c1:38:97,2,1,1,0,128,232,879,817,795,917,997,455,425,149,385,10,176,868,65,196,564,901,940,872,763,770,28,732,44,221,397,151,253,352,22,650,390,60,104,94,99,76,90,59,59,86,83,73,51,59,57,100,62,87,70,64,66,41,57,47,58,79,53,52,47,53,79,82,76
[ 32.052689] wil6210-aoa$0,1606461631.752146,04:d6:aa:c1:38:97,2,1,1,0,128,848,792,781,756,959,994,383,333,140,332,458,972,300,865,680,331,879,924,869,722,143,817,188,840,223,371,148,249,379,37,234,985,57,104,96,100,77,87,60,59,85,83,73,48,56,52,99,61,87,70,62,62,39,54,45,54,77,50,49,43,52,77,77,76
[ 32.084109] wil6210-aoa$0,1606461631.783565,04:d6:aa:c1:38:97,2,1,1,0,128,277,933,779,818,969,1005,433,384,205,412,35,215,882,91,157,561,928,980,332,858,757,31,680,10,691,180,112,258,298,19,311,43,61,107,97,104,81,90,63,62,90,86,77,50,60,58,103,63,94,74,67,68,43,61,48,56,82,56,54,47,54,81,84,82
[ 32.115037] wil6210-aoa$0,1606461631.814493,04:d6:aa:c1:38:97,2,1,1,0,128,267,908,732,697,989,997,388,384,170,380,79,215,871,108,197,563,899,924,853,731,731,15,691,1020,204,328,583,55,310,0,36,862,64,123,112,118,86,98,68,68,98,93,84,53,66,62,111,68,101,83,71,71,45,64,50,60,88,56,55,49,55,83,88,80
[ 32.140561] wil6210-aoa$0,1606461631.840019,04:d6:aa:c1:38:97,2,1,1,0,128,298,919,731,774,928,976,410,377,192,399,68,189,808,19,237,611,859,931,319,851,214,883,755,22,158,343,96,230,347,54,793,648,59,109,100,107,77,89,59,61,86,82,76,47,57,56,97,62,91,73,65,65,40,56,45,56,80,52,50,44,51,79,79,73
[ 32.172620] wil6210-aoa$0,1606461631.872077,04:d6:aa:c1:38:97,2,1,1,0,128,277,948,814,746,975,1006,397,400,162,365,41,184,887,83,184,582,886,935,359,882,714,32,757,42,224,382,157,270,304,29,916,720,54,106,95,99,74,83,55,58,80,78,72,42,51,52,90,57,81,70,60,59,36,50,41,50,73,45,45,40,45,68,70,65
[ 32.204250] wil6210-aoa$0,1606461631.903705,04:d6:aa:c1:38:97,2,1,1,0,128,249,898,224,562,950,991,408,395,160,359,106,223,833,22,612,362,889,954,367,914,699,3,150,839,196,336,66,209,356,53,1019,744,60,110,100,103,80,90,62,63,88,86,76,49,59,55,101,62,90,72,63,65,39,56,46,55,82,53,50,44,51,80,78,74
[ 32.233631] wil6210-aoa$0,1606461631.933094,04:d6:aa:c1:38:97,2,1,1,0,128,260,916,188,545,917,993,481,414,210,398,117,261,777,1020,179,546,948,977,363,909,732,77,676,1021,635,156,611,82,355,54,600,289,59,106,98,101,74,90,58,59,86,80,75,48,58,56,97,60,85,71,61,65,39,55,45,56,78,51,51,44,48,75,77,74
[ 32.262979] wil6210-aoa$0,1606461631.962436,04:d6:aa:c1:38:97,2,1,1,0,128,288,940,763,818,944,994,446,442,213,361,162,268,823,86,150,552,880,922,847,737,120,811,203,838,708,178,573,17,858,858,412,132,61,108,99,105,80,94,62,60,91,84,77,51,60,57,103,64,94,72,65,67,43,61,49,60,83,56,53,47,57,83,87,82
[ 32.288201] wil6210-aoa$0,1606461631.987660,04:d6:aa:c1:38:97,2,1,1,0,128,348,981,781,793,881,948,850,169,157,362,530,9,792,55,194,572,879,937,894,769,712,29,689,1014,208,364,636,91,306,3,498,318,57,103,93,99,75,85,59,59,87,82,71,46,56,53,95,59,85,71,60,63,37,56,41,51,76,50,47,43,48,77,73,68
[ 32.320848] wil6210-aoa$0,1606461632.020304,04:d6:aa:c1:38:97,2,1,1,0,128,205,879,219,559,905,960,375,385,606,161,84,208,878,64,172,585,918,968,436,965,728,39,750,18,195,332,596,34,348,22,498,305,66,122,113,118,90,103,67,68,99,93,85,52,65,65,110,70,101,83,71,73,46,63,49,60,90,57,54,47,56,86,82,79
[ 32.352773] wil6210-aoa$0,1606461632.052229,04:d6:aa:c1:38:97,2,1,1,0,128,289,913,817,759,983,1,367,371,622,153,551,25,814,18,173,580,351,773,349,878,686,16,132,830,730,183,583,4,888,898,1023,857,68,118,108,116,87,100,67,68,98,94,84,57,67,65,112,69,101,81,72,74,46,68,54,64,89,61,59,52,59,88,95,86
[ 32.384509] wil6210-aoa$0,1606461632.083967,04:d6:aa:c1:38:97,2,1,1,0,128,286,949,719,726,923,1005,851,190,206,377,41,202,253,864,137,538,925,959,358,899,680,6,171,831,221,369,124,240,370,2,260,11,67,119,109,115,85,99,68,68,96,90,84,54,65,61,112,69,99,80,70,71,44,61,51,60,89,56,57,50,57,87,87,82
[ 32.414943] wil6210-aoa$0,1606461632.114407,04:d6:aa:c1:38:97,2,1,1,0,128,269,941,854,844,876,974,863,196,624,152,48,188,275,889,216,584,886,959,361,903,785,33,684,21,687,173,648,53,370,22,529,296,66,117,111,117,85,97,68,66,98,92,84,55,66,63,111,70,99,80,73,72,47,66,51,63,90,60,58,51,59,89,91,85
[ 32.442801] wil6210-aoa$0,1606461632.142258,04:d6:aa:c1:38:97,2,1,1,0,128,290,952,728,744,1000,1,394,389,141,363,539,42,854,67,172,573,879,929,423,951,818,76,796,86,209,373,116,236,803,850,735,608,64,121,106,116,86,96,64,66,96,91,83,53,62,62,107,65,94,78,67,68,42,59,48,58,84,55,52,46,53,84,85,75
[ 32.474849] wil6210-aoa$0,1606461632.174305,04:d6:aa:c1:38:97,2,1,1,0,128,243,901,787,771,966,10,420,427,78,307,131,222,829,36,194,590,927,959,374,930,767,43,727,41,200,365,626,65,374,49,531,309,63,122,106,113,85,97,65,67,97,89,81,49,62,58,108,65,96,79,68,70,41,61,49,60,85,55,55,49,54,83,86,79
[ 32.506377] wil6210-aoa$0,1606461632.205833,04:d6:aa:c1:38:97,2,1,1,0,128,302,945,804,808,893,954,419,403,193,383,39,225,788,41,172,546,912,949,353,889,747,61,703,1015,220,367,111,224,393,60,19,761,67,117,107,114,84,100,68,67,96,93,83,54,66,60,111,71,99,78,70,70,46,65,53,61,88,58,55,50,58,88,91,86
[ 32.536821] wil6210-aoa$0,1606461632.236281,04:d6:aa:c1:38:97,2,1,1,0,128,302,914,781,757,944,987,401,360,168,339,456,973,318,889,686,394,353,768,392,897,694,3,149,834,704,177,74,210,424,60,651,292,64,116,107,113,83,97,67,66,97,92,83,53,66,61,110,69,98,77,69,70,42,65,49,60,87,56,56,49,57,88,89,85
[ 32.564858] wil6210-aoa$0,1606461632.264314,04:d6:aa:c1:38:97,2,1,1,0,128,833,767,750,743,947,1005,419,406,208,393,98,207,791,7,671,360,966,990,424,946,722,63,730,31,193,360,107,231,359,50,473,308,65,117,109,114,85,100,65,67,96,93,85,53,65,62,111,69,98,79,70,73,45,66,53,63,91,63,57,51,58,91,95,89
[ 32.597190] wil6210-aoa$0,1606461632.296651,04:d6:aa:c1:38:97,2,1,1,0,128,801,756,798,784,942,15,375,362,216,403,55,218,766,39,130,509,356,803,327,841,712,1020,726,1,701,165,557,1015,782,801,469,212,67,117,108,115,84,97,68,68,96,91,84,56,66,62,112,71,100,80,72,73,44,64,50,63,90,63,58,53,61,90,95,90
[ 32.624154] wil6210-aoa$0,1606461632.323610,04:d6:aa:c1:38:97,2,1,1,0,128,244,939,840,876,941,16,376,415,174,375,65,234,829,77,218,582,920,988,314,876,702,20,724,1005,266,398,146,277,365,30,712,331,66,118,108,114,85,99,67,67,99,92,83,52,64,60,110,67,97,79,70,70,43,61,51,58,87,57,54,47,55,84,89,81
[ 32.651735] wil6210-aoa$0,1606461632.351198,04:d6:aa:c1:38:97,2,1,1,0,128,292,933,757,762,454,857,455,414,185,370,14,131,846,51,644,323,363,757,825,691,191,856,731,47,239,336,134,214,322,11,404,122,68,122,113,117,88,101,68,67,99,96,85,53,68,63,113,69,100,83,71,72,45,63,51,62,88,57,57,49,57,86,92,83
[ 32.682331] wil6210-aoa$0,1606461632.381795,04:d6:aa:c1:38:97,2,1,1,0,128,265,915,771,798,955,1009,430,391,166,366,30,136,296,881,159,533,389,794,350,878,813,70,689,9,223,381,112,215,394,79,16,772,65,121,109,116,88,101,69,69,99,96,83,54,65,63,111,68,99,80,69,71,43,63,48,58,86,56,53,46,55,83,83,79
[ 32.707690] wil6210-aoa$0,1606461632.407153,04:d6:aa:c1:38:97,2,1,1,0,128,332,921,779,781,916,971,884,254,637,157,55,152,289,852,245,580,834,893,392,899,749,15,726,61,196,393,115,208,381,57,164,841,57,103,94,98,71,85,58,58,86,79,72,48,54,52,91,60,87,68,60,63,38,56,43,53,75,49,49,42,50,74,76,72
[ 32.738129] wil6210-aoa$0,1606461632.437586,04:d6:aa:c1:38:97,2,1,1,0,128,309,978,747,758,919,1005,404,403,216,408,90,232,848,93,233,591,932,1015,349,922,752,15,726,33,235,404,112,265,361,62,813,627,58,104,95,101,77,89,60,60,88,83,77,50,59,55,101,63,89,71,63,64,40,59,47,57,82,53,51,47,53,83,83,79
[ 32.770668] wil6210-aoa$0,1606461632.470125,04:d6:aa:c1:38:97,2,1,1,0,128,332,982,770,793,975,8,359,393,179,380,6,168,828,85,146,548,915,940,475,935,712,10,734,13,279,424,110,237,359,1008,146,948,66,117,109,114,86,99,67,67,96,92,84,56,67,63,110,69,99,79,69,71,45,66,50,60,89,58,57,50,59,87,91,82
[ 32.802635] wil6210-aoa$0,1606461632.502092,04:d6:aa:c1:38:97,2,1,1,0,128,272,911,832,746,371,812,897,159,670,185,114,227,838,39,199,574,375,694,909,695,211,887,752,12,712,179,173,261,358,6,546,231,65,117,107,115,84,98,67,65,97,91,84,56,64,64,111,66,98,79,70,71,44,62,49,60,87,56,54,48,58,88,88,83
[ 32.832514] wil6210-aoa$0,1606461632.531974,04:d6:aa:c1:38:97,2,1,1,0,128,235,903,734,737,916,1018,390,377,185,401,7,164,849,87,160,560,918,988,324,874,737,26,739,45,279,419,87,265,421,58,936,756,63,115,107,112,85,97,63,66,95,87,82,53,64,59,107,67,98,80,67,69,43,59,49,60,84,54,53,47,53,83,81,78
[ 32.857724] wil6210-aoa$0,1606461632.557185,04:d6:aa:c1:38:97,2,1,1,0,128,828,780,259,605,393,828,887,195,645,165,490,1009,302,870,730,405,894,930,809,669,202,854,180,835,661,136,605,28,798,821,961,843,66,119,106,114,85,99,66,66,98,92,86,53,65,64,111,68,96,78,70,70,44,63,54,62,87,59,57,51,59,88,90,86
[ 32.884164] wil6210-aoa$0,1606461632.583625,04:d6:aa:c1:38:97,2,1,1,0,128,293,925,748,745,953,17,392,417,217,376,72,220,849,86,239,622,873,926,418,925,718,1009,168,821,704,132,96,219,343,20,850,547,67,118,106,117,87,103,66,67,99,92,84,56,65,61,112,69,97,80,70,72,44,65,51,63,89,59,55,49,59,87,93,88
[ 32.917735] wil6210-aoa$0,1606461632.617191,04:d6:aa:c1:38:97,2,1,1,0,128,323,969,773,782,966,1023,428,438,169,388,79,231,835,45,199,596,922,935,407,911,734,16,701,996,256,382,38,143,926,929,652,359,65,119,106,115,87,98,65,65,100,91,85,55,62,62,108,68,96,78,70,70,44,64,49,61,87,57,56,50,58,85,90,85
[ 32.950499] wil6210-aoa$0,1606461632.649956,04:d6:aa:c1:38:97,2,1,1,0,128,744,694,236,583,937,1005,424,396,174,358,90,215,812,10,670,402,880,910,392,931,734,32,684,992,207,361,106,254,296,1020,361,159,58,115,105,110,80,89,60,62,94,86,76,45,56,55,95,60,87,73,64,64,38,53,44,51,74,46,45,37,48,70,67,64
[ 32.980033] wil6210-aoa$0,1606461632.679494,04:d6:aa:c1:38:97,2,1,1,0,128,802,727,318,625,431,839,914,227,185,400,97,224,808,39,225,595,889,947,380,901,169,821,131,802,762,183,619,39,813,824,63,859,65,119,110,114,86,99,64,65,94,91,84,51,63,62,110,68,98,80,70,70,43,63,50,60,88,57,58,51,59,83,90,82
[ 33.010775] wil6210-aoa$0,1606461632.710235,04:d6:aa:c1:38:97,2,1,1,0,128,307,939,802,774,937,979,438,462,167,357,59,189,810,26,172,511,838,883,848,685,794,42,738,65,205,381,45,199,374,6,141,888,55,104,93,97,73,86,55,58,85,80,72,49,56,53,97,61,86,69,63,63,40,57,45,54,76,51,48,42,51,76,81,73
[ 33.035700] wil6210-aoa$0,1606461632.735164,04:d6:aa:c1:38:97,2,1,1,0,128,263,895,259,627,382,802,877,246,127,351,93,205,834,37,204,571,903,985,363,889,164,885,209,871,210,357,557,33,378,41,100,862,64,120,104,113,84,98,66,65,94,90,82,54,62,63,107,67,99,80,72,72,44,65,50,64,86,59,59,49,60,88,92,89
[ 33.066285] wil6210-aoa$0,1606461632.765742,04:d6:aa:c1:38:97,2,1,1,0,128,315,949,714,715,968,1021,382,389,182,410,39,198,841,47,196,586,879,934,387,919,666,1015,197,878,258,422,82,218,332,33,972,715,67,122,112,119,89,101,65,67,99,92,84,53,62,61,104,68,96,80,70,71,45,60,48,58,85,53,53,46,55,85,85,82
[ 33.097604] wil6210-aoa$0,1606461632.797064,04:d6:aa:c1:38:97,2,1,1,0,128,291,962,751,709,382,815,407,366,180,364,82,190,850,75,207,623,896,949,307,898,697,33,664,28,227,369,134,258,387,60,105,900,66,123,109,117,87,98,65,68,96,90,82,55,61,60,108,68,98,80,69,71,44,63,49,58,86,55,52,46,55,84,83,78
[ 33.126658] wil6210-aoa$0,1606461632.826116,04:d6:aa:c1:38:97,2,1,1,0,128,275,912,789,765,932,972,392,394,139,362,56,222,758,1022,193,589,906,947,390,916,753,53,771,30,253,407,127,222,379,14,86,900,67,120,108,119,86,99,67,67,98,93,83,54,64,63,110,67,99,79,71,71,45,61,50,61,85,57,53,48,57,85,90,82
[ 33.159509] wil6210-aoa$0,1606461632.858965,04:d6:aa:c1:38:97,2,1,1,0,128,269,912,862,799,974,4,415,384,156,364,510,1006,318,869,214,558,394,800,411,927,140,850,745,62,164,329,106,208,353,1016,950,677,66,120,105,113,87,101,67,66,98,93,85,55,63,61,110,69,98,79,69,73,45,66,54,63,90,60,57,52,61,89,92,89
[ 33.192800] wil6210-aoa$0,1606461632.892256,04:d6:aa:c1:38:97,2,1,1,0,128,340,955,785,798,915,993,448,447,160,389,64,213,821,26,173,538,979,999,438,945,666,1015,715,1020,208,357,131,234,391,55,166,872,64,120,105,111,87,97,65,67,95,90,83,55,63,62,111,69,96,78,72,72,45,63,52,63,90,59,56,52,60,91,90,86
[ 33.219554] wil6210-aoa$0,1606461632.918984,04:d6:aa:c1:38:97,2,1,1,0,128,286,912,791,783,363,803,412,383,162,379,70,215,823,54,205,598,914,970,327,867,147,837,171,803,735,216,81,226,380,82,220,992,66,117,107,113,83,100,67,66,96,92,84,55,66,62,112,69,98,79,69,72,45,64,53,63,89,62,58,53,60,90,97,92
[ 33.261768] wil6210-aoa$0,1606461632.961225,04:d6:aa:c1:38:97,2,1,1,0,128,318,938,822,794,921,1015,388,413,196,399,78,216,788,38,209,523,364,797,384,896,195,883,710,2,186,350,70,194,332,29,404,108,63,118,106,116,84,94,62,65,97,88,79,52,61,60,104,66,93,77,69,68,43,60,49,57,82,55,54,46,53,81,87,80
[ 33.291720] wil6210-aoa$0,1606461632.991181,04:d6:aa:c1:38:97,2,1,1,0,128,690,731,801,821,910,1008,456,412,632,195,26,187,803,1,259,614,942,997,394,948,769,50,730,62,189,331,98,222,790,847,738,516,64,117,106,114,87,98,66,68,97,92,82,52,62,62,109,66,97,80,68,72,43,61,49,60,86,53,56,48,55,81,85,80
[ 33.317474] wil6210-aoa$0,1606461633.016937,04:d6:aa:c1:38:97,2,1,1,0,128,283,915,764,725,421,836,430,412,140,339,61,204,771,29,162,549,894,928,333,900,774,55,718,0,219,369,69,201,394,41,939,713,67,111,105,109,83,97,68,65,96,93,84,58,67,62,111,69,99,80,68,71,46,68,51,64,89,60,59,52,60,92,96,90
[ 33.343121] wil6210-aoa$0,1606461633.042581,04:d6:aa:c1:38:97,2,1,1,0,128,222,913,794,795,961,1014,380,375,159,343,85,219,873,88,173,612,885,929,405,934,699,10,746,5,660,185,82,168,426,99,476,263,65,118,106,110,85,98,65,65,94,91,80,51,65,62,109,68,99,79,72,71,42,64,51,63,86,58,56,51,59,87,91,87
[ 33.376528] wil6210-aoa$0,1606461633.075985,04:d6:aa:c1:38:97,2,1,1,0,128,321,942,761,762,959,1020,393,391,135,360,105,191,293,866,242,589,856,930,311,865,806,52,773,33,242,395,115,191,373,56,892,706,60,118,107,110,84,95,61,63,93,87,81,48,59,57,102,62,91,75,67,68,40,58,44,56,81,52,50,44,50,79,78,74
[ 33.403641] wil6210-aoa$0,1606461633.103102,04:d6:aa:c1:38:97,2,1,1,0,128,319,944,802,784,927,979,831,175,598,163,544,24,803,48,176,573,914,942,436,962,741,52,731,36,213,352,593,74,316,1018,906,640,65,118,106,112,84,98,65,65,95,89,81,53,61,60,108,66,97,78,70,71,44,62,51,61,88,58,54,49,58,87,91,85
[ 33.429746] wil6210-aoa$0,1606461633.129203,04:d6:aa:c1:38:97,2,1,1,0,128,771,749,802,761,969,993,440,387,94,316,28,171,834,45,228,589,868,941,317,866,793,19,716,9,225,362,85,205,334,1015,213,1011,63,114,106,114,82,92,63,65,92,87,80,48,59,59,102,62,92,73,65,66,38,55,44,55,79,51,49,43,48,76,76,67
[ 33.460015] wil6210-aoa$0,1606461633.159475,04:d6:aa:c1:38:97,2,1,1,0,128,708,711,235,567,331,782,849,176,603,173,548,17,254,849,271,601,896,956,337,896,178,860,116,813,729,209,592,36,896,911,392,241,67,119,107,114,86,99,69,66,96,94,84,58,66,63,112,69,99,81,72,74,46,67,54,65,90,64,61,54,62,93,97,94
[ 33.491956] wil6210-aoa$0,1606461633.191415,04:d6:aa:c1:38:97,2,1,1,0,128,380,998,794,782,880,1010,859,200,164,395,48,222,811,48,252,636,940,973,309,890,753,43,757,27,218,345,113,190,368,20,929,669,66,120,109,116,87,102,67,67,100,92,84,57,65,63,111,68,100,81,71,72,43,65,50,61,88,60,56,50,56,86,92,84
[ 33.521778] wil6210-aoa$0,1606461633.221241,04:d6:aa:c1:38:97,2,1,1,0,128,358,966,750,777,25,21,423,415,161,385,61,164,856,101,251,622,903,928,361,889,735,49,687,1016,240,382,107,233,333,9,418,95,63,120,109,116,85,100,66,67,96,92,81,52,65,63,110,66,97,80,69,69,45,61,50,59,88,57,54,48,57,84,85,83
[ 33.547768] wil6210-aoa$0,1606461633.247229,04:d6:aa:c1:38:97,2,1,1,0,128,729,720,794,754,974,1007,801,141,674,170,51,176,860,32,622,370,329,761,825,705,123,820,134,796,702,154,588,9,391,40,416,205,64,119,111,116,87,98,67,68,99,90,82,53,66,61,110,69,100,80,70,72,44,64,50,59,88,58,55,48,55,84,84,78
[ 33.574105] wil6210-aoa$0,1606461633.273566,04:d6:aa:c1:38:97,2,1,1,0,128,334,930,856,837,934,1020,393,412,112,363,46,160,850,14,197,553,929,967,397,878,742,42,709,19,204,367,92,228,333,6,586,347,63,119,104,113,84,93,65,65,93,87,79,50,61,58,102,65,95,77,66,70,39,59,45,56,83,52,50,46,51,80,78,76
[ 33.599783] wil6210-aoa$0,1606461633.299243,04:d6:aa:c1:38:97,2,1,1,0,128,280,898,141,492,431,861,461,437,139,361,44,155,817,15,164,560,317,763,842,712,186,860,159,871,245,434,148,268,409,49,182,937,64,113,107,112,84,98,64,66,96,90,82,54,62,60,108,67,94,77,68,69,43,61,49,58,85,55,56,48,55,87,86,84
[ 33.629887] wil6210-aoa$0,1606461633.329344,04:d6:aa:c1:38:97,2,1,1,0,128,250,919,796,792,925,1002,396,390,153,337,19,170,818,41,211,625,916,952,360,909,778,59,743,60,213,368,39,223,372,28,21,856,63,118,104,109,85,98,63,66,95,91,80,50,63,61,106,67,94,79,67,70,44,60,49,58,85,55,51,48,52,83,84,77
[ 33.656051] wil6210-aoa$0,1606461633.355513,04:d6:aa:c1:38:97,2,1,1,0,128,324,979,750,781,894,1008,339,333,594,112,38,142,296,867,721,412,922,940,366,912,822,85,757,12,219,378,122,269,344,57,433,136,62,115,106,110,83,94,62,65,93,87,77,48,59,57,102,63,92,76,65,65,39,54,45,52,78,49,49,42,48,74,77,71
[ 33.684614] wil6210-aoa$0,1606461633.384070,04:d6:aa:c1:38:97,2,1,1,0,128,318,930,766,788,964,1001,400,399,178,360,38,226,826,67,159,574,879,948,331,871,758,1,765,41,218,353,148,234,384,45,658,310,65,112,103,110,84,96,66,65,95,89,80,55,65,62,112,66,98,80,70,72,45,64,52,61,90,60,59,51,60,88,94,90
[ 33.718520] wil6210-aoa$0,1606461633.417976,04:d6:aa:c1:38:97,2,1,1,0,128,319,944,760,779,1013,25,393,396,164,329,24,169,853,71,212,581,361,762,434,954,772,30,698,15,230,362,171,277,372,46,736,440,65,116,105,111,84,97,66,65,95,87,78,53,62,60,106,67,96,76,65,69,42,62,48,58,89,55,54,47,56,83,85,78
[ 33.752151] wil6210-aoa$0,1606461633.451608,04:d6:aa:c1:38:97,2,1,1,0,128,268,919,782,774,898,976,428,437,613,171,592,55,292,862,722,433,873,919,915,764,750,48,676,1001,762,235,149,213,367,45,904,649,62,116,104,112,84,95,64,65,96,90,81,51,60,61,107,65,97,78,67,69,43,61,49,58,84,55,53,47,52,82,87,80
[ 33.779076] wil6210-aoa$0,1606461633.478533,04:d6:aa:c1:38:97,2,1,1,0,128,786,739,284,590,365,780,868,184,668,183,64,190,810,5,275,628,884,964,375,888,162,853,714,10,647,125,557,12,829,873,341,146,64,115,106,110,85,98,63,66,94,92,84,53,64,61,109,68,95,78,70,71,45,63,52,61,88,59,57,49,59,87,94,88
[ 33.810038] wil6210-aoa$0,1606461633.509503,04:d6:aa:c1:38:97,2,1,1,0,128,373,972,793,790,356,832,401,414,202,395,106,201,867,44,181,574,931,986,328,866,744,46,691,12,219,398,131,258,398,87,627,318,61,117,106,112,83,94,64,66,94,90,81,50,61,59,104,67,93,77,67,70,42,61,47,58,83,53,54,47,54,83,87,77
[ 33.841375] wil6210-aoa$0,1606461633.540839,04:d6:aa:c1:38:97,2,1,1,0,128,812,746,760,821,941,994,439,408,245,427,1018,163,259,844,687,403,344,738,820,693,788,44,693,7,706,169,165,246,398,61,322,27,60,112,104,112,81,93,60,62,93,84,76,47,57,56,99,66,90,76,64,66,42,58,46,57,82,54,48,45,50,79,78,71
[ 33.870159] wil6210-aoa$0,1606461633.569616,04:d6:aa:c1:38:97,2,1,1,0,128,240,882,800,733,931,986,435,436,175,375,71,174,812,73,179,614,911,972,361,869,698,1022,708,11,158,337,135,267,388,65,425,168,66,118,107,115,86,101,69,67,97,91,85,55,66,62,111,71,102,82,72,73,46,66,52,63,90,59,56,50,60,92,90,89
[ 33.905379] wil6210-aoa$0,1606461633.604843,04:d6:aa:c1:38:97,2,1,1,0,128,301,954,756,768,932,1007,427,412,205,409,86,223,848,77,193,598,858,944,406,910,735,11,760,42,185,351,105,231,398,33,893,595,57,101,93,97,74,86,58,59,82,79,72,48,55,52,96,60,84,68,60,62,39,55,44,52,75,50,48,41,48,74,77,71
[ 33.932899] wil6210-aoa$0,1606461633.632354,04:d6:aa:c1:38:97,2,1,1,0,128,297,948,827,827,988,1000,388,342,696,215,142,223,755,31,201,608,934,962,355,894,722,35,685,970,679,185,67,194,739,821,151,964,68,120,109,116,87,99,66,66,99,94,84,53,65,63,111,68,98,79,70,72,45,62,50,61,87,56,56,49,56,86,89,82
[ 33.966891] wil6210-aoa$0,1606461633.666347,04:d6:aa:c1:38:97,2,1,1,0,128,272,921,742,757,922,1006,433,409,151,393,22,174,846,66,239,602,903,947,470,932,757,40,690,982,208,358,60,195,364,9,222,942,68,119,107,115,87,102,68,69,98,94,83,56,68,64,111,69,100,83,70,72,44,66,51,64,90,60,56,50,58,88,90,86
[ 33.994807] wil6210-aoa$0,1606461633.694263,04:d6:aa:c1:38:97,2,1,1,0,128,263,890,757,729,943,1007,315,331,205,436,15,186,828,44,683,361,902,968,372,901,716,26,707,44,200,347,574,46,441,50,1019,676,59,115,105,111,79,91,60,65,90,85,76,47,54,56,100,63,86,74,64,64,36,55,43,50,76,46,48,38,46,74,72,65
[ 34.040233] wil6210-aoa$0,1606461633.739690,04:d6:aa:c1:38:97,2,1,1,0,128,315,927,761,789,947,0,436,433,188,376,48,208,760,1,164,587,847,921,429,930,763,39,766,45,200,361,138,258,404,82,609,311,61,117,107,111,83,96,65,65,93,89,79,51,60,58,105,63,93,76,67,70,40,58,48,53,82,52,53,46,52,81,79,75
[ 34.073056] wil6210-aoa$0,1606461633.772518,04:d6:aa:c1:38:97,2,1,1,0,128,314,928,765,774,880,957,919,253,624,153,522,1001,299,872,635,391,389,800,354,877,171,850,228,913,715,202,68,202,407,58,747,594,69,116,105,113,84,98,65,67,98,94,83,57,66,64,113,70,100,80,72,73,46,68,54,66,92,65,59,55,63,92,100,94
[ 34.102700] wil6210-aoa$0,1606461633.802156,04:d6:aa:c1:38:97,2,1,1,0,128,825,757,209,560,930,969,880,195,619,156,471,951,324,865,649,323,352,748,860,725,133,818,126,791,760,213,570,26,377,23,26,909,64,114,107,113,85,96,64,65,95,89,79,52,64,61,109,69,97,79,69,70,44,62,50,60,87,55,54,45,53,85,82,79
[ 34.135853] wil6210-aoa$0,1606461633.835314,04:d6:aa:c1:38:97,2,1,1,0,128,300,923,214,597,970,3,440,455,153,388,15,181,843,55,223,609,945,959,338,896,154,845,768,74,226,384,592,13,831,870,171,36,63,116,105,111,83,95,63,66,95,88,80,49,63,59,102,65,94,78,67,68,40,58,45,58,82,51,48,44,49,76,79,74
[ 34.164637] wil6210-aoa$0,1606461633.864093,04:d6:aa:c1:38:97,2,1,1,0,128,289,961,803,782,972,31,359,413,146,381,67,215,807,37,162,568,903,953,379,870,702,28,664,931,743,218,149,258,310,4,894,716,66,114,106,110,84,98,66,67,95,92,82,55,66,63,109,70,97,79,69,70,45,65,52,61,89,61,57,52,59,88,94,88
[ 34.197310] wil6210-aoa$0,1606461633.896769,04:d6:aa:c1:38:97,2,1,1,0,128,279,899,781,770,893,974,869,184,608,167,507,993,284,864,177,550,339,727,385,911,729,12,719,1012,264,411,102,188,338,42,152,1007,65,115,105,110,83,97,64,65,99,90,82,51,61,60,107,65,95,79,68,70,43,61,51,60,84,56,55,49,57,85,86,82
[ 34.226923] wil6210-aoa$0,1606461633.926379,04:d6:aa:c1:38:97,2,1,1,0,128,257,870,823,777,965,997,425,443,113,371,67,235,876,72,234,621,924,1005,393,944,740,53,752,62,183,358,109,201,404,90,607,364,58,114,100,109,80,93,59,63,89,85,77,46,57,56,96,60,88,71,63,64,37,53,44,53,78,49,48,41,47,73,74,66
[ 34.261747] wil6210-aoa$0,1606461633.961203,04:d6:aa:c1:38:97,2,1,1,0,128,275,907,817,801,855,985,398,385,152,365,23,138,852,51,245,617,892,983,378,898,701,16,640,998,219,364,114,228,401,36,240,945,64,115,104,112,84,95,61,65,95,86,81,50,62,59,105,66,94,76,67,67,43,61,48,59,85,56,55,47,55,83,87,77
[ 34.295833] wil6210-aoa$0,1606461633.995288,04:d6:aa:c1:38:97,2,1,1,0,128,322,929,806,765,973,1008,382,375,658,174,67,207,803,1,234,612,880,957,342,910,712,37,655,966,697,148,561,31,862,902,253,984,66,119,108,114,88,100,65,65,96,90,82,52,63,61,110,67,97,80,68,72,43,61,49,60,88,55,55,49,55,83,83,79
[ 34.327819] wil6210-aoa$0,1606461634.027277,04:d6:aa:c1:38:97,2,1,1,0,128,277,907,773,781,939,1000,386,383,577,158,29,198,835,71,193,551,870,915,374,893,705,17,690,10,167,342,84,233,350,41,394,165,66,121,109,115,87,98,67,66,96,89,85,52,64,59,109,69,98,79,70,71,43,62,47,57,85,54,54,46,52,82,86,77
[ 34.359475] wil6210-aoa$0,1606461634.058935,04:d6:aa:c1:38:97,2,1,1,0,128,736,705,296,664,941,996,457,432,156,358,534,10,261,870,678,381,888,949,848,677,171,855,234,854,732,185,101,234,359,10,179,980,67,120,109,116,87,103,67,69,99,92,87,55,66,63,113,71,97,78,72,73,46,64,51,63,89,57,55,50,58,88,92,84
[ 34.386214] wil6210-aoa$0,1606461634.085674,04:d6:aa:c1:38:97,2,1,1,0,128,237,879,285,628,956,1006,410,386,162,401,25,161,839,41,171,560,951,1012,339,870,656,1004,114,825,665,152,610,67,811,839,516,335,58,105,92,100,74,87,57,59,85,79,73,46,56,55,96,62,88,70,61,63,38,57,47,56,79,53,50,43,53,79,82,78
[ 34.416900] wil6210-aoa$0,1606461634.116357,04:d6:aa:c1:38:97,2,1,1,0,128,348,1006,729,756,953,8,470,509,175,389,85,205,875,118,125,533,990,999,396,945,766,131,705,22,224,415,121,251,404,75,828,563,61,112,102,111,82,94,62,65,94,85,78,49,59,58,99,64,92,75,63,66,40,56,45,53,80,49,49,42,49,78,79,73
[ 34.444003] wil6210-aoa$0,1606461634.143467,04:d6:aa:c1:38:97,2,1,1,0,128,278,920,773,771,999,4,391,401,216,378,106,241,903,88,213,550,941,963,332,841,751,45,772,75,246,360,165,245,366,33,578,332,64,115,104,113,84,96,67,65,94,89,84,54,64,62,111,69,99,80,69,72,45,65,51,63,89,59,57,51,57,88,94,86
[ 34.472904] wil6210-aoa$0,1606461634.172360,04:d6:aa:c1:38:97,2,1,1,0,128,255,905,791,794,892,950,387,364,147,355,54,221,753,996,218,578,983,1006,338,905,735,31,728,8,700,167,111,230,823,869,305,96,65,115,105,107,85,96,65,64,93,89,80,50,65,58,105,66,95,78,67,69,43,60,48,58,85,54,51,45,54,84,82,76
[ 34.506329] wil6210-aoa$0,1606461634.205792,04:d6:aa:c1:38:97,2,1,1,0,128,213,885,754,747,918,990,885,207,616,164,101,211,818,29,250,649,881,938,359,918,733,62,712,26,257,408,72,233,338,25,271,0,62,118,102,111,82,95,62,63,92,86,80,50,61,59,104,65,92,75,67,69,41,60,48,58,84,54,53,47,52,81,84,79
[ 34.535757] wil6210-aoa$0,1606461634.235212,04:d6:aa:c1:38:97,2,1,1,0,128,286,931,769,748,965,1014,359,364,134,393,46,218,855,92,239,632,919,932,440,943,707,26,754,17,191,353,119,274,365,66,60,783,63,118,104,109,83,96,64,65,97,91,82,53,64,60,106,67,98,79,68,71,44,66,50,62,90,61,58,51,61,86,92,89
[ 34.563902] wil6210-aoa$0,1606461634.263362,04:d6:aa:c1:38:97,2,1,1,0,128,239,935,851,848,945,1019,418,350,636,180,83,230,845,0,245,586,863,938,417,943,700,13,732,46,202,390,55,186,331,1023,479,259,65,111,105,108,84,98,67,64,96,92,83,55,67,63,110,70,97,80,68,71,47,66,53,64,89,63,60,54,60,92,98,93
[ 34.591595] wil6210-aoa$0,1606461634.291051,04:d6:aa:c1:38:97,2,1,1,0,128,257,905,837,816,978,1010,414,403,196,402,32,184,827,45,205,587,902,958,387,920,746,27,703,24,226,384,71,200,333,19,399,149,63,114,104,111,83,95,66,64,94,88,78,49,60,57,103,63,94,76,65,69,41,57,47,57,81,51,53,45,51,79,80,76
[ 34.626176] wil6210-aoa$0,1606461634.325633,04:d6:aa:c1:38:97,2,1,1,0,128,246,894,277,624,942,983,430,386,136,325,81,204,807,7,703,415,880,942,347,875,723,1023,732,18,259,353,98,232,401,45,156,977,65,117,105,111,87,100,65,65,95,91,84,52,64,61,111,70,98,79,68,71,43,63,50,61,86,58,54,49,55,87,89,84
[ 34.658204] wil6210-aoa$0,1606461634.357665,04:d6:aa:c1:38:97,2,1,1,0,128,200,885,789,731,899,963,927,212,645,200,32,168,813,30,144,516,888,947,398,933,212,885,728,79,170,354,114,221,390,60,336,69,62,115,106,113,83,96,64,66,94,88,81,51,63,61,103,64,94,75,67,68,42,59,49,56,85,54,53,46,53,83,85,80
[ 34.690732] wil6210-aoa$0,1606461634.390195,04:d6:aa:c1:38:97,2,1,1,0,128,278,940,738,773,967,1013,442,428,149,342,89,215,838,37,706,415,387,764,865,713,196,857,132,813,689,174,544,26,436,77,390,153,65,117,105,114,86,98,64,66,95,90,82,50,65,60,108,68,98,79,70,71,45,61,52,59,87,56,54,48,56,87,90,83
[ 34.717591] wil6210-aoa$0,1606461634.417051,04:d6:aa:c1:38:97,2,1,1,0,128,718,714,225,601,919,1001,860,218,157,347,36,181,255,848,228,614,917,977,330,915,748,61,670,1019,235,382,100,234,862,879,972,894,62,121,108,113,85,96,63,66,96,87,81,50,61,58,103,65,94,77,68,70,40,59,47,58,84,55,53,47,53,81,84,75
[ 34.748410] wil6210-aoa$0,1606461634.447865,04:d6:aa:c1:38:97,2,1,1,0,128,271,901,288,592,967,6,466,425,151,377,29,182,760,16,251,595,853,913,367,883,712,15,731,38,190,338,136,219,308,15,124,877,65,119,108,115,88,97,65,65,97,89,79,49,62,59,104,67,95,80,67,69,41,60,46,56,83,53,50,45,51,81,80,74
[ 34.782578] wil6210-aoa$0,1606461634.482034,04:d6:aa:c1:38:97,2,1,1,0,128,345,963,790,794,403,815,904,207,644,169,528,1023,819,59,173,551,890,927,886,699,746,8,715,25,151,340,63,181,382,21,33,828,66,122,109,115,90,100,67,67,98,94,85,54,65,65,112,69,103,82,72,74,46,66,51,65,91,60,58,52,59,89,93,88
[ 34.817745] wil6210-aoa$0,1606461634.517201,04:d6:aa:c1:38:97,2,1,1,0,128,316,911,826,790,921,984,886,203,594,122,510,1004,234,843,663,351,368,779,880,715,706,991,775,53,227,362,139,224,289,1022,921,701,65,118,106,112,85,99,64,66,97,89,82,51,62,61,104,67,96,77,66,69,44,60,48,59,85,55,53,46,54,84,83,77
[ 34.847129] wil6210-aoa$0,1606461634.546584,04:d6:aa:c1:38:97,2,1,1,0,128,248,933,804,788,903,980,898,224,208,388,54,207,297,858,244,627,895,959,418,909,728,5,750,28,194,371,92,253,364,37,361,67,63,118,107,113,81,97,65,64,96,89,81,50,61,59,104,63,93,77,67,68,42,60,49,55,80,54,53,48,52,79,85,78
[ 34.881646] wil6210-aoa$0,1606461634.581109,04:d6:aa:c1:38:97,2,1,1,0,128,290,951,759,746,934,992,833,227,179,407,69,228,853,81,157,580,919,978,412,928,742,53,690,17,169,349,119,245,383,38,1021,725,65,114,106,112,86,98,67,64,95,92,82,52,66,61,111,67,99,80,70,71,44,63,51,62,87,60,56,50,59,87,93,87
[ 34.908578] wil6210-aoa$0,1606461634.608037,04:d6:aa:c1:38:97,2,1,1,0,128,347,934,869,810,960,27,405,406,149,374,42,207,804,26,171,566,964,962,291,843,188,848,748,49,209,373,154,272,361,38,563,291,63,116,106,113,86,98,62,66,97,90,79,49,62,60,107,67,97,78,68,69,43,62,49,59,85,55,56,52,54,85,87,82
[ 34.939299] wil6210-aoa$0,1606461634.638755,04:d6:aa:c1:38:97,2,1,1,0,128,751,694,842,806,900,960,389,363,165,372,43,203,826,57,152,552,931,935,853,717,230,870,767,42,182,315,534,1022,385,4,304,109,63,117,106,112,83,97,66,66,95,91,81,53,63,61,109,67,98,78,67,71,43,64,49,60,87,57,55,50,55,85,89,84
[ 34.966506] wil6210-aoa$0,1606461634.665969,04:d6:aa:c1:38:97,2,1,1,0,128,247,932,786,801,910,996,367,378,198,429,500,17,246,870,596,312,952,956,399,897,736,34,744,24,239,372,120,253,361,49,551,319,66,109,102,107,86,99,65,62,95,91,82,55,67,61,114,67,99,80,69,72,44,66,53,64,90,62,59,52,59,90,98,89
[ 34.996538] wil6210-aoa$0,1606461634.695993,04:d6:aa:c1:38:97,2,1,1,0,128,291,935,763,737,949,995,395,400,130,333,592,53,818,34,623,395,830,870,855,712,725,3,695,1008,195,337,71,185,358,41,790,594,65,116,104,114,85,98,67,67,94,88,82,54,66,62,110,69,99,79,68,70,45,63,52,63,87,60,57,52,59,89,94,86
[ 35.031622] wil6210-aoa$0,1606461634.731078,04:d6:aa:c1:38:97,2,1,1,0,128,309,953,739,765,943,16,410,365,620,137,490,1005,245,826,743,416,349,769,390,901,244,922,792,60,181,346,81,192,415,82,747,510,65,113,103,108,83,97,67,65,95,90,81,54,64,62,111,68,97,79,68,73,46,66,52,64,86,60,59,53,61,89,94,88
[ 35.066707] wil6210-aoa$0,1606461634.766163,04:d6:aa:c1:38:97,2,1,1,0,128,342,938,761,747,939,982,881,213,188,367,527,7,826,58,171,564,906,964,846,754,719,33,724,18,260,424,106,245,373,42,842,684,64,116,105,111,83,96,63,65,96,90,81,53,62,61,106,68,98,78,71,69,42,62,50,59,85,56,56,49,57,85,87,83
[ 35.095112] wil6210-aoa$0,1606461634.794568,04:d6:aa:c1:38:97,2,1,1,0,128,259,861,209,583,956,11,476,410,194,390,53,195,880,80,167,537,868,909,351,929,739,62,737,76,219,362,118,245,379,24,369,82,64,116,109,115,85,99,65,66,95,90,84,53,63,60,108,68,98,78,71,72,43,61,50,59,87,55,52,47,56,84,85,78
[ 35.129633] wil6210-aoa$0,1606461634.829092,04:d6:aa:c1:38:97,2,1,1,0,128,287,925,781,742,937,981,889,199,143,415,60,246,823,48,619,347,885,946,358,899,770,24,740,2,284,373,107,211,387,31,830,554,56,102,92,97,74,85,57,56,82,77,72,46,55,54,93,58,85,69,59,61,38,56,43,54,77,51,49,42,49,74,77,73
[ 35.156642] wil6210-aoa$0,1606461634.856105,04:d6:aa:c1:38:97,2,1,1,0,128,723,701,197,589,996,24,312,380,612,114,541,31,792,29,621,364,333,764,413,940,778,37,716,33,281,379,111,232,351,7,790,619,66,120,109,116,85,99,68,69,96,90,84,56,65,62,109,70,99,80,70,72,45,65,49,62,89,59,56,49,57,89,90,84
[ 35.187416] wil6210-aoa$0,1606461634.886871,04:d6:aa:c1:38:97,2,1,1,0,128,290,912,757,738,920,992,340,343,175,369,34,198,838,62,190,589,878,931,834,697,143,815,195,834,659,175,625,84,361,1008,345,185,60,109,100,103,79,92,63,63,90,86,79,53,61,57,104,67,92,74,68,68,43,61,49,59,85,59,56,50,57,83,87,82
[ 35.222698] wil6210-aoa$0,1606461634.922155,04:d6:aa:c1:38:97,2,1,1,0,128,271,910,801,750,397,798,891,192,602,150,21,167,814,59,587,345,386,819,821,752,733,39,668,21,667,200,565,48,362,90,376,124,64,113,108,113,83,97,65,66,95,91,81,53,62,60,109,68,96,79,69,71,42,63,47,58,87,58,55,47,55,84,87,81
[ 35.256478] wil6210-aoa$0,1606461634.955938,04:d6:aa:c1:38:97,2,1,1,0,128,266,916,851,789,916,1003,906,220,123,324,115,251,814,60,171,580,335,814,401,920,144,864,172,873,693,183,616,34,431,48,906,659,65,119,107,111,83,95,64,66,94,89,80,51,61,61,105,68,96,78,68,70,41,61,48,61,87,56,53,49,55,86,88,80
[ 35.287449] wil6210-aoa$0,1606461634.986905,04:d6:aa:c1:38:97,2,1,1,0,128,320,925,769,759,1,29,431,405,113,339,46,160,276,900,241,603,885,925,433,923,793,64,709,31,180,345,120,234,320,12,483,219,66,117,105,112,85,99,66,66,95,90,84,54,64,63,109,67,98,80,71,72,44,63,52,62,87,58,57,50,56,88,86,83
[ 35.323250] wil6210-aoa$0,1606461635.022705,04:d6:aa:c1:38:97,2,1,1,0,128,290,901,788,725,896,963,451,390,186,360,543,2,279,856,199,616,861,941,377,882,141,824,205,870,203,376,91,231,295,1006,220,83,62,115,107,110,82,95,62,65,94,88,81,51,59,58,103,65,94,77,64,68,40,57,45,57,81,52,49,46,51,79,81,75
[ 35.358536] wil6210-aoa$0,1606461635.057997,04:d6:aa:c1:38:97,2,1,1,0,128,280,920,818,829,861,992,826,141,620,153,552,1020,832,82,214,619,884,943,359,899,196,873,196,898,219,342,181,251,350,49,421,290,63,117,105,112,82,96,63,64,94,91,82,51,62,61,106,66,94,78,70,69,41,62,49,60,85,57,54,47,55,85,85,82
[ 35.388429] wil6210-aoa$0,1606461635.087885,04:d6:aa:c1:38:97,2,1,1,0,128,304,873,823,778,950,995,412,378,162,390,25,190,781,11,105,483,867,950,870,749,729,24,668,1017,153,364,174,267,358,30,502,292,63,119,103,110,85,95,64,65,95,90,81,53,63,61,106,67,97,79,70,71,45,63,48,63,88,58,57,50,58,85,92,88
[ 35.422681] wil6210-aoa$0,1606461635.122145,04:d6:aa:c1:38:97,2,1,1,0,128,284,937,759,736,961,1015,354,347,620,233,43,203,794,40,177,575,369,781,868,736,707,9,736,1022,207,380,142,260,351,40,953,644,62,118,104,110,83,99,64,63,93,89,80,51,61,57,106,65,94,76,67,68,40,60,48,60,83,54,54,49,57,83,85,80
[ 35.450101] wil6210-aoa$0,1606461635.149565,04:d6:aa:c1:38:97,2,1,1,0,128,746,743,243,594,355,800,840,182,664,189,535,22,273,861,700,383,961,947,355,894,734,31,651,988,714,182,141,264,323,1023,386,331,66,116,103,110,85,96,67,66,92,90,85,58,64,62,110,69,98,79,69,72,44,66,52,64,89,61,61,50,60,90,93,91
[ 35.483459] wil6210-aoa$0,1606461635.182920,04:d6:aa:c1:38:97,2,1,1,0,128,286,914,799,785,973,3,422,395,634,202,53,216,841,42,207,561,976,975,399,912,752,58,755,61,176,387,52,214,343,29,929,629,66,115,104,112,83,98,65,65,95,90,81,55,66,61,107,68,96,77,67,72,41,63,51,61,86,58,56,48,55,87,89,86
[ 35.510868] wil6210-aoa$0,1606461635.210330,04:d6:aa:c1:38:97,2,1,1,0,128,280,929,751,740,937,1018,411,464,153,385,51,212,811,67,233,624,941,978,415,933,722,14,745,12,223,376,95,228,353,18,297,74,63,120,106,114,83,98,66,64,96,90,80,51,59,59,100,64,94,77,69,67,41,58,48,56,82,52,51,44,48,80,81,74
[ 35.541890] wil6210-aoa$0,1606461635.241346,04:d6:aa:c1:38:97,2,1,1,0,128,299,921,795,826,870,949,876,216,601,145,514,15,240,857,195,559,902,978,408,909,731,39,769,43,210,416,89,205,375,48,348,136,65,118,110,116,85,98,67,66,97,93,81,52,62,61,108,68,99,81,69,73,44,66,50,61,87,58,55,50,57,84,89,83
[ 35.575913] wil6210-aoa$0,1606461635.275373,04:d6:aa:c1:38:97,2,1,1,0,128,335,970,804,799,866,949,832,210,215,409,61,227,229,815,711,360,968,985,387,921,700,52,677,12,200,392,100,202,399,57,961,800,60,118,108,113,82,94,63,66,95,86,78,48,55,56,101,61,90,76,65,64,39,55,43,52,77,49,46,40,47,70,70,65
[ 35.603560] wil6210-aoa$0,1606461635.303020,04:d6:aa:c1:38:97,2,1,1,0,128,757,736,228,568,927,4,336,375,222,425,90,216,798,38,189,554,895,926,377,891,167,851,165,857,662,148,573,6,399,59,774,615,62,119,104,112,85,95,63,65,96,91,80,51,61,58,108,65,93,76,68,69,43,61,50,58,88,57,55,48,54,83,85,80
[ 35.636295] wil6210-aoa$0,1606461635.335757,04:d6:aa:c1:38:97,2,1,1,0,128,285,930,745,791,883,951,900,174,604,165,79,235,825,32,213,642,916,979,319,913,722,72,759,52,221,401,89,219,829,905,20,811,64,117,106,113,87,97,67,68,96,91,82,53,65,60,106,70,95,79,68,72,43,63,51,62,86,57,56,48,57,85,86,82
[ 35.668363] wil6210-aoa$0,1606461635.367819,04:d6:aa:c1:38:97,2,1,1,0,128,309,925,271,590,900,998,935,231,162,340,72,201,793,1022,113,489,298,699,844,704,131,799,154,816,686,186,571,21,812,827,451,320,64,116,108,113,86,99,66,67,95,92,82,55,66,63,111,69,98,81,70,71,44,66,53,63,87,60,57,50,60,90,94,90
[ 35.701091] wil6210-aoa$0,1606461635.400554,04:d6:aa:c1:38:97,2,1,1,0,128,264,896,794,798,840,973,407,412,192,364,125,271,852,85,220,608,911,959,391,924,143,842,765,67,239,396,103,232,378,54,7,769,62,114,108,111,83,94,63,66,93,87,79,49,61,60,103,67,96,77,67,70,41,60,48,59,86,54,53,48,53,85,86,81
[ 35.733925] wil6210-aoa$0,1606461635.433382,04:d6:aa:c1:38:97,2,1,1,0,128,262,904,822,839,942,11,376,408,130,325,64,196,847,71,209,590,988,973,407,931,726,25,744,55,145,310,134,236,389,62,735,470,62,118,104,109,84,94,62,64,93,86,79,49,59,59,101,62,91,76,66,67,38,57,46,55,83,52,51,45,51,80,83,76
[ 35.769525] wil6210-aoa$0,1606461635.468983,04:d6:aa:c1:38:97,2,1,1,0,128,754,741,207,564,421,847,860,193,603,196,506,982,799,33,216,589,862,935,809,699,161,876,145,873,705,196,583,36,838,875,181,74,61,116,103,110,81,93,64,65,91,88,79,50,59,60,102,64,93,75,67,66,40,58,47,56,80,54,53,45,53,83,80,78
[ 35.798509] wil6210-aoa$0,1606461635.497967,04:d6:aa:c1:38:97,2,1,1,0,128,333,973,806,772,1,21,463,420,213,369,20,158,893,95,199,574,935,958,407,948,721,15,772,38,251,392,140,243,401,8,403,206,62,112,100,111,84,94,62,65,95,87,79,50,59,56,100,64,94,75,67,67,40,56,45,56,77,49,48,43,49,77,79,72
[ 35.833727] wil6210-aoa$0,1606461635.533183,04:d6:aa:c1:38:97,2,1,1,0,128,283,910,176,565,924,1005,435,428,192,390,42,173,830,47,197,562,915,961,364,913,739,13,138,809,749,190,128,214,840,856,597,327,62,116,105,110,82,95,61,64,93,89,78,49,62,58,104,64,91,75,65,67,40,56,47,54,81,52,51,43,51,79,79,73
[ 35.862631] wil6210-aoa$0,1606461635.562088,04:d6:aa:c1:38:97,2,1,1,0,128,796,802,794,825,882,990,392,383,146,360,64,189,254,866,185,554,358,783,327,884,144,813,176,848,658,157,597,1022,856,870,642,396,61,116,105,111,80,94,62,63,90,87,79,48,58,56,103,62,91,74,67,67,42,58,47,56,80,50,49,43,51,77,81,73
[ 35.900068] wil6210-aoa$0,1606461635.599524,04:d6:aa:c1:38:97,2,1,1,0,128,320,909,776,745,994,999,420,401,156,353,519,986,867,52,161,515,404,779,886,734,206,849,191,868,671,147,162,230,393,39,591,298,63,119,103,109,84,95,65,66,95,87,81,51,61,58,103,63,95,76,67,69,43,59,47,55,83,51,52,44,53,81,78,74
[ 35.932815] wil6210-aoa$0,1606461635.632274,04:d6:aa:c1:38:97,2,1,1,0,128,268,934,778,804,960,18,391,372,135,370,14,183,779,1009,691,429,871,969,372,894,222,862,192,881,246,358,575,20,887,900,508,285,65,116,107,113,85,100,67,67,97,92,84,56,64,64,111,69,101,81,72,70,44,65,51,61,88,58,58,51,58,90,93,88
[ 35.966388] wil6210-aoa$0,1606461635.665849,04:d6:aa:c1:38:97,2,1,1,0,128,332,951,762,762,361,797,931,237,179,379,73,230,885,111,221,651,845,914,331,895,689,1009,230,892,238,410,80,198,337,26,335,76,66,115,107,116,83,97,66,68,96,89,81,54,61,60,108,67,95,76,69,70,42,61,48,58,84,54,52,45,54,83,84,75
[ 35.997694] wil6210-aoa$0,1606461635.697150,04:d6:aa:c1:38:97,2,1,1,0,128,295,926,802,779,938,1008,848,185,155,401,50,208,261,842,655,329,941,970,358,885,139,801,162,817,210,344,121,225,329,982,247,130,64,121,107,117,85,100,65,68,97,90,85,52,67,62,110,68,100,81,71,72,45,63,51,61,88,58,57,48,57,85,89,84
[ 36.031735] wil6210-aoa$0,1606461635.731196,04:d6:aa:c1:38:97,2,1,1,0,128,352,946,832,798,979,1019,374,349,184,384,92,217,847,71,201,598,968,972,439,965,737,24,770,96,191,370,68,194,348,23,538,302,63,116,106,111,85,95,63,65,96,90,80,51,62,59,105,64,95,77,68,70,42,59,48,57,83,55,52,47,52,79,84,78
[ 36.059628] wil6210-aoa$0,1606461635.759087,04:d6:aa:c1:38:97,2,1,1,0,128,304,900,780,805,915,1009,949,246,159,337,59,194,820,20,209,579,910,939,386,944,714,26,736,38,195,375,124,248,335,1,425,166,63,116,105,112,83,98,65,65,97,91,82,52,63,61,106,67,95,76,68,69,43,61,50,59,86,58,53,46,58,86,90,82
[ 36.093135] wil6210-aoa$0,1606461635.792599,04:d6:aa:c1:38:97,2,1,1,0,128,281,913,735,730,946,996,871,206,168,363,509,4,867,60,199,591,920,959,378,918,717,37,702,9,671,180,156,278,383,65,58,871,62,117,102,111,82,96,63,63,94,86,80,52,61,58,104,67,93,76,66,66,42,60,47,59,81,53,52,45,51,79,81,76
[ 36.121167] wil6210-aoa$0,1606461635.820627,04:d6:aa:c1:38:97,2,1,1,0,128,239,894,245,611,415,815,477,451,193,382,56,215,803,58,646,385,923,938,480,977,708,30,728,25,208,376,112,231,350,1022,745,545,63,113,105,113,83,100,66,64,93,91,81,50,63,58,108,67,92,78,66,71,44,64,50,62,85,56,55,50,56,84,89,82
[ 36.149230] wil6210-aoa$0,1606461635.848693,04:d6:aa:c1:38:97,2,1,1,0,128,311,957,854,825,946,39,435,447,177,429,48,174,878,63,182,563,950,1002,380,891,759,73,645,1022,243,381,127,267,367,24,307,1013,60,114,106,112,83,94,64,64,92,86,80,51,60,57,107,66,94,75,66,69,41,57,47,56,83,50,52,45,53,81,83,74
[ 36.180295] wil6210-aoa$0,1606461635.879751,04:d6:aa:c1:38:97,2,1,1,0,128,288,918,823,818,929,1010,398,409,137,332,91,210,802,41,161,559,931,968,377,900,748,67,694,1006,233,417,142,295,406,50,560,274,65,115,105,112,85,99,64,66,95,92,81,52,61,60,107,67,95,78,69,69,44,60,52,60,85,56,53,49,56,85,86,81
[ 36.209399] wil6210-aoa$0,1606461635.908855,04:d6:aa:c1:38:97,2,1,1,0,128,245,888,765,706,975,4,439,454,205,380,20,167,812,25,654,366,455,821,348,867,754,34,670,1003,181,378,149,246,356,19,124,941,63,111,102,108,84,98,65,64,95,88,83,58,65,60,109,70,100,78,69,70,45,67,52,65,88,63,60,55,61,92,96,90
[ 36.241710] wil6210-aoa$0,1606461635.941170,04:d6:aa:c1:38:97,2,1,1,0,128,328,927,733,767,983,0,421,379,171,385,21,180,833,46,627,351,852,941,359,863,167,860,210,873,639,142,137,238,352,33,786,601,62,117,104,111,81,94,62,66,92,86,80,49,62,58,101,64,94,75,67,66,42,58,48,58,83,54,53,44,51,82,82,79
[ 36.270241] wil6210-aoa$0,1606461635.969698,04:d6:aa:c1:38:97,2,1,1,0,128,744,723,804,762,370,848,447,418,156,359,3,148,234,839,657,368,866,910,418,915,781,86,697,48,180,332,612,74,822,876,374,186,63,113,106,112,81,95,64,62,94,87,78,48,60,60,103,64,91,75,67,66,39,59,47,56,81,53,52,45,53,81,84,75
[ 36.302361] wil6210-aoa$0,1606461636.001826,04:d6:aa:c1:38:97,2,1,1,0,128,267,927,744,731,344,755,966,227,144,391,39,195,801,5,200,566,932,948,348,889,736,11,757,11,685,188,52,228,367,48,1020,786,63,117,105,111,83,95,62,64,96,89,79,51,62,64,105,66,96,78,69,70,44,63,50,60,84,56,55,46,55,85,85,80
[ 36.330299] wil6210-aoa$0,1606461636.029763,04:d6:aa:c1:38:97,2,1,1,0,128,370,965,784,776,900,976,398,402,156,349,68,218,218,846,663,380,373,797,362,902,744,35,705,3,177,332,613,52,770,843,25,889,64,118,107,112,83,98,64,68,97,90,82,54,63,60,110,68,98,79,71,74,46,65,52,62,88,60,58,50,60,90,95,90
[ 36.364025] wil6210-aoa$0,1606461636.063489,04:d6:aa:c1:38:97,2,1,1,0,128,775,725,806,823,934,991,387,420,162,383,31,223,889,95,148,596,952,995,393,872,763,44,772,39,213,347,125,248,331,27,974,708,68,117,107,114,87,100,65,69,99,95,85,57,67,63,112,71,100,80,70,72,45,67,53,64,89,61,59,52,59,89,97,91
[ 36.392307] wil6210-aoa$0,1606461636.091770,04:d6:aa:c1:38:97,2,1,1,0,128,253,896,797,794,888,996,374,414,138,342,23,201,807,46,221,604,887,932,352,871,123,834,823,87,250,396,98,218,326,58,917,734,58,103,97,102,78,87,58,59,86,81,74,50,58,54,101,61,89,70,63,65,40,58,46,53,78,52,50,45,53,79,82,77
[ 36.421335] wil6210-aoa$0,1606461636.120799,04:d6:aa:c1:38:97,2,1,1,0,128,298,932,746,756,396,830,879,149,649,197,1011,161,267,869,232,624,908,957,883,733,712,25,771,7,266,431,130,264,353,6,1017,913,68,116,106,116,88,103,69,67,97,97,83,56,67,64,112,71,102,82,72,74,46,67,52,65,90,61,61,53,62,93,100,93
[ 36.453830] wil6210-aoa$0,1606461636.153287,04:d6:aa:c1:38:97,2,1,1,0,128,263,901,736,771,385,815,922,216,173,366,82,227,858,96,148,553,361,804,862,694,755,12,685,998,147,332,135,240,363,46,672,352,64,115,107,115,85,98,66,66,94,90,82,53,59,61,109,68,94,79,69,69,42,62,50,60,87,57,57,49,58,87,88,84
[ 36.483487] wil6210-aoa$0,1606461636.182944,04:d6:aa:c1:38:97,2,1,1,0,128,321,937,742,771,935,1014,400,369,148,383,43,178,833,26,201,569,909,954,390,877,753,1016,730,14,155,373,85,198,383,50,590,359,65,116,104,107,84,95,65,65,96,92,81,51,65,61,109,66,98,77,67,72,44,63,49,60,87,58,55,49,56,87,88,83
[ 36.520213] wil6210-aoa$0,1606461636.219670,04:d6:aa:c1:38:97,2,1,1,0,128,323,928,797,768,943,984,369,345,132,284,555,39,788,8,689,410,948,984,426,940,755,44,696,27,330,457,131,256,371,41,237,1011,62,115,108,110,83,96,63,65,95,92,80,49,62,59,103,65,93,77,66,69,42,59,49,57,82,53,52,45,52,82,84,78
[ 36.552785] wil6210-aoa$0,1606461636.252244,04:d6:aa:c1:38:97,2,1,1,0,128,278,911,766,745,387,811,458,436,134,377,1,129,321,911,682,425,936,968,391,952,758,72,699,998,257,412,117,286,370,55,537,255,63,116,104,112,86,98,65,66,93,89,81,53,62,61,109,66,94,78,69,70,44,61,51,58,84,58,57,49,56,86,88,82
[ 36.581528] wil6210-aoa$0,1606461636.280988,04:d6:aa:c1:38:97,2,1,1,0,128,318,979,786,790,945,23,454,413,162,383,29,197,819,50,144,549,322,737,905,729,158,865,697,1021,210,347,119,206,359,3,472,240,62,114,106,111,81,90,65,66,94,89,79,53,61,59,107,66,95,76,69,68,41,60,48,57,82,53,54,46,53,83,83,78
[ 36.610113] wil6210-aoa$0,1606461636.309571,04:d6:aa:c1:38:97,2,1,1,0,128,355,960,787,777,904,987,399,382,613,193,42,200,231,848,642,366,336,730,390,928,164,856,787,42,294,406,143,243,361,28,580,325,63,114,106,109,82,95,65,66,93,89,82,50,63,60,108,68,97,76,67,70,44,63,50,61,85,58,56,50,57,84,89,81
[ 36.643702] wil6210-aoa$0,1606461636.343165,04:d6:aa:c1:38:97,2,1,1,0,128,305,951,804,792,903,1005,397,394,165,356,59,186,800,31,226,613,362,795,374,919,780,83,727,25,236,401,140,259,374,33,223,962,62,115,104,109,82,94,62,65,94,86,80,53,63,59,108,68,97,77,68,70,45,63,51,60,87,59,55,50,57,86,89,85
[ 36.675120] wil6210-aoa$0,1606461636.374577,04:d6:aa:c1:38:97,2,1,1,0,128,742,706,831,816,951,1006,344,383,131,340,5,161,242,860,675,393,342,772,327,829,737,10,175,850,663,167,536,7,381,69,822,554,66,113,106,109,81,97,66,65,95,90,83,51,64,60,109,65,97,78,69,71,44,61,50,64,87,55,55,49,56,83,89,81
[ 36.712032] wil6210-aoa$0,1606461636.411489,04:d6:aa:c1:38:97,2,1,1,0,128,247,904,811,833,994,26,432,441,174,367,71,177,791,21,244,607,929,1014,387,935,769,35,688,20,163,351,139,239,385,36,309,1006,63,117,104,112,84,96,65,65,94,88,79,53,63,61,108,68,96,78,68,72,44,61,50,60,86,57,56,49,56,87,86,81
[ 36.749672] wil6210-aoa$0,1606461636.449131,04:d6:aa:c1:38:97,2,1,1,0,128,329,948,733,765,961,8,393,405,184,409,96,206,830,103,179,592,905,986,347,942,692,22,689,26,218,388,145,285,377,84,8,811,66,119,105,112,87,100,67,66,96,91,82,57,66,62,111,69,100,82,70,75,47,67,54,65,89,62,59,54,61,91,97,92
[ 36.782560] wil6210-aoa$0,1606461636.482024,04:d6:aa:c1:38:97,2,1,1,0,128,295,910,809,761,931,960,390,392,162,403,39,195,852,86,145,553,917,949,847,706,723,2,706,1001,246,395,134,232,354,45,741,508,65,119,110,116,86,98,66,69,92,90,82,51,63,59,106,69,97,77,69,71,45,63,49,59,87,57,54,48,55,85,86,79
[ 36.811301] wil6210-aoa$0,1606461636.510758,04:d6:aa:c1:38:97,2,1,1,0,128,205,883,203,528,386,819,903,174,607,157,82,229,875,70,240,612,864,935,365,891,230,897,727,25,200,368,98,189,825,867,249,144,56,104,92,96,74,85,55,57,82,77,72,44,54,53,91,57,81,67,59,60,35,52,41,51,70,46,46,40,45,69,73,67
[ 36.844032] wil6210-aoa$0,1606461636.543496,04:d6:aa:c1:38:97,2,1,1,0,128,322,946,819,810,949,975,420,380,128,335,36,161,861,58,200,575,913,943,356,948,728,46,728,40,284,403,54,214,430,79,961,653,63,116,106,111,85,95,65,66,96,90,81,50,63,59,108,65,95,77,69,67,42,59,49,58,87,56,54,47,54,81,83,82
[ 36.872354] wil6210-aoa$0,1606461636.571816,04:d6:aa:c1:38:97,2,1,1,0,128,807,749,833,802,939,1012,420,412,136,321,128,258,815,44,250,587,938,980,380,909,744,55,719,15,233,416,146,232,390,38,98,788,63,116,105,111,84,96,63,66,98,91,80,52,64,63,111,66,98,78,70,71,44,64,52,60,87,59,56,51,59,92,90,85
[ 36.901257] wil6210-aoa$0,1606461636.600721,04:d6:aa:c1:38:97,2,1,1,0,128,266,922,250,614,388,798,470,435,135,365,71,199,836,43,232,613,896,975,395,905,142,853,728,6,690,151,609,45,900,931,494,264,61,114,104,109,84,97,64,66,94,89,78,51,61,58,104,65,94,75,64,67,42,57,46,56,83,49,51,45,50,79,79,76
[ 36.935515] wil6210-aoa$0,1606461636.634979,04:d6:aa:c1:38:97,2,1,1,0,128,788,741,789,766,884,989,442,418,139,378,52,198,843,75,232,623,953,981,275,822,156,834,742,5,288,440,42,158,363,41,193,959,62,111,106,111,82,95,65,64,95,90,81,52,62,60,106,67,95,76,68,69,43,61,48,57,86,56,54,49,54,82,88,83
[ 36.966941] wil6210-aoa$0,1606461636.666397,04:d6:aa:c1:38:97,2,1,1,0,128,796,774,779,768,953,1,389,402,602,152,541,6,208,810,646,339,419,818,805,642,262,881,174,829,650,148,543,13,853,867,204,60,64,114,104,109,84,97,63,64,95,90,82,51,62,61,107,66,96,78,69,69,44,62,49,60,87,59,53,48,57,86,86,82
[ 36.998138] wil6210-aoa$0,1606461636.697598,04:d6:aa:c1:38:97,2,1,1,0,128,306,930,774,798,948,975,457,436,134,321,50,180,860,73,163,566,884,931,371,905,709,46,738,5,231,358,133,225,424,101,277,973,59,113,105,110,81,94,62,64,91,87,76,46,58,55,101,61,91,73,64,65,38,56,44,51,80,51,48,41,48,75,75,69
[ 37.029553] wil6210-aoa$0,1606461636.729008,04:d6:aa:c1:38:97,2,1,1,0,128,267,945,827,839,896,971,396,398,563,155,553,46,866,114,223,601,959,1005,369,857,770,45,689,994,214,383,107,219,844,850,733,534,63,118,104,111,85,96,66,64,94,88,80,51,63,58,107,66,97,79,70,71,43,61,51,59,86,56,56,50,57,84,88,83
[ 37.065369] wil6210-aoa$0,1606461636.764829,04:d6:aa:c1:38:97,2,1,1,0,128,251,897,788,760,932,985,380,383,200,409,83,220,829,37,206,594,884,956,393,928,771,65,697,38,260,442,67,236,375,59,507,146,64,113,101,109,83,96,62,65,94,87,79,51,62,58,102,64,93,75,66,67,41,59,47,58,83,52,53,47,52,79,79,78
[ 37.098770] wil6210-aoa$0,1606461636.798228,04:d6:aa:c1:38:97,2,1,1,0,128,277,902,795,796,976,12,341,353,108,313,557,1003,300,917,221,602,927,941,893,732,715,17,756,70,153,308,570,1021,311,6,211,995,60,113,102,108,79,91,59,61,89,84,80,45,58,57,97,62,87,73,62,63,38,52,41,49,72,46,45,39,41,70,70,61
[ 37.132489] wil6210-aoa$0,1606461636.831949,04:d6:aa:c1:38:97,2,1,1,0,128,808,761,855,858,872,959,900,212,123,344,84,181,855,60,156,584,331,741,401,941,700,15,750,26,196,344,162,272,327,1,444,226,66,116,105,110,86,97,65,64,95,90,83,55,64,61,110,68,93,77,69,70,45,63,51,63,87,60,55,52,57,86,93,87
[ 37.161346] wil6210-aoa$0,1606461636.860802,04:d6:aa:c1:38:97,2,1,1,0,128,751,738,805,793,900,985,437,420,137,341,22,198,256,899,253,614,857,945,311,883,221,890,750,26,689,173,570,28,364,54,347,63,64,119,107,114,84,96,66,65,98,90,83,54,63,61,106,67,98,77,67,71,42,62,49,59,86,58,57,48,55,84,89,84
[ 37.194729] wil6210-aoa$0,1606461636.894190,04:d6:aa:c1:38:97,2,1,1,0,128,830,751,805,794,955,1004,419,392,141,374,63,213,888,121,168,524,899,972,375,898,735,43,663,992,175,372,97,191,344,23,752,562,67,118,110,115,87,103,68,68,98,92,83,55,66,61,111,70,100,81,69,72,46,65,52,61,88,60,57,50,57,89,91,85
[ 37.233805] wil6210-aoa$0,1606461636.933261,04:d6:aa:c1:38:97,2,1,1,0,128,306,932,745,740,920,983,387,379,547,115,586,45,814,54,165,574,889,981,326,897,719,50,703,49,177,340,199,272,383,25,430,282,66,117,108,117,88,97,66,66,96,92,81,53,65,60,106,70,96,79,67,71,42,61,49,59,85,57,53,47,53,84,85,76
[ 37.279666] wil6210-aoa$0,1606461636.979126,04:d6:aa:c1:38:97,2,1,1,0,128,828,755,754,755,925,1004,466,461,135,348,87,200,812,46,688,375,927,975,312,865,775,65,716,9,226,363,136,243,386,70,388,15,57,104,95,99,74,86,59,59,84,78,72,45,55,51,95,59,84,67,61,60,38,54,43,53,75,48,48,43,49,72,76,72
[ 37.313705] wil6210-aoa$0,1606461637.013161,04:d6:aa:c1:38:97,2,1,1,0,128,769,730,220,558,408,818,817,140,204,399,995,164,784,21,203,585,828,914,844,721,175,841,218,855,756,213,559,24,399,47,114,865,59,114,105,112,78,91,64,65,90,86,77,50,58,55,100,64,90,74,65,66,42,58,46,56,81,54,49,43,51,82,82,74
[ 37.351580] wil6210-aoa$0,1606461637.051037,04:d6:aa:c1:38:97,2,1,1,0,128,270,950,717,711,401,841,391,385,134,350,524,993,285,851,636,392,413,793,363,895,206,879,766,9,293,408,62,184,384,32,947,707,62,114,105,114,80,95,63,63,92,87,78,49,60,59,104,63,89,75,67,68,39,57,47,55,78,50,51,45,50,79,79,74
[ 37.385199] wil6210-aoa$0,1606461637.084659,04:d6:aa:c1:38:97,2,1,1,0,128,281,913,806,795,967,986,516,461,181,359,11,180,847,61,205,628,903,976,409,913,681,1005,770,42,214,366,135,269,328,8,986,747,63,112,104,109,83,96,65,65,96,89,80,51,63,62,105,67,95,76,69,68,43,60,49,59,84,56,55,48,54,85,86,83
[ 37.421474] wil6210-aoa$0,1606461637.120929,04:d6:aa:c1:38:97,2,1,1,0,128,303,956,759,725,915,987,415,401,183,386,524,1012,260,852,712,390,885,951,336,919,665,1016,195,874,208,348,71,212,375,41,471,207,64,117,104,111,84,95,62,64,92,88,80,50,59,59,104,65,95,76,67,68,43,61,48,60,85,54,54,46,54,85,85,80
[ 37.460191] wil6210-aoa$0,1606461637.159645,04:d6:aa:c1:38:97,2,1,1,0,128,798,751,837,812,894,999,868,189,179,398,116,227,842,62,140,532,942,977,436,938,732,39,718,26,196,368,189,254,310,36,15,818,60,117,105,111,82,93,62,63,91,85,77,49,59,57,101,63,92,74,64,66,40,58,45,54,83,53,50,44,52,80,81,77
[ 37.493354] wil6210-aoa$0,1606461637.192815,04:d6:aa:c1:38:97,2,1,1,0,128,796,719,249,590,418,822,428,381,126,329,547,6,269,859,697,402,861,934,413,929,718,26,787,73,175,339,178,269,345,22,940,764,62,114,103,109,81,94,61,63,94,88,79,51,61,61,107,64,95,77,67,67,43,63,50,59,83,56,56,50,54,84,87,83
[ 37.522508] wil6210-aoa$0,1606461637.221967,04:d6:aa:c1:38:97,2,1,1,0,128,339,944,763,771,947,991,395,393,204,406,39,179,764,6,198,579,877,934,393,929,717,21,825,48,240,346,128,248,304,3,236,65,62,117,101,108,84,95,65,63,93,89,81,54,64,61,105,67,97,77,67,69,44,60,51,60,85,57,54,49,56,87,89,84
[ 37.551391] wil6210-aoa$0,1606461637.250850,04:d6:aa:c1:38:97,2,1,1,0,128,285,945,831,791,367,777,818,128,664,185,526,13,281,876,601,309,367,748,827,686,205,859,699,22,663,183,572,30,379,38,18,760,65,117,105,112,85,101,67,68,97,93,83,56,66,62,110,70,99,81,71,71,47,66,52,61,89,62,59,51,58,90,93,91
[ 37.586097] wil6210-aoa$0,1606461637.285559,04:d6:aa:c1:38:97,2,1,1,0,128,269,917,806,790,931,984,903,226,199,434,88,220,767,56,179,559,927,957,402,937,743,28,684,1017,186,374,165,269,389,38,233,1004,55,102,91,97,70,83,56,55,82,76,72,44,54,53,90,55,81,66,57,58,35,53,40,48,70,47,42,38,45,70,68,66
[ 37.620139] wil6210-aoa$0,1606461637.319594,04:d6:aa:c1:38:97,2,1,1,0,128,300,944,849,817,363,810,426,420,130,371,22,188,290,893,197,554,911,985,342,895,737,6,761,12,157,296,621,64,410,84,816,517,53,100,90,97,72,80,53,54,80,73,67,41,50,48,83,50,78,64,54,56,33,49,38,44,68,43,41,36,40,62,64,58
[ 37.654099] wil6210-aoa$0,1606461637.353559,04:d6:aa:c1:38:97,2,1,1,0,128,328,979,666,713,408,827,902,233,652,164,40,196,255,872,686,386,368,734,856,705,221,863,729,64,137,329,140,240,345,1007,515,324,58,106,95,103,75,86,58,58,87,82,71,46,55,53,96,59,86,67,61,61,37,52,43,50,75,48,48,41,49,74,73,69
[ 37.683737] wil6210-aoa$0,1606461637.383197,04:d6:aa:c1:38:97,2,1,1,0,128,257,889,206,572,372,797,769,103,614,134,504,984,317,863,721,424,303,733,834,646,212,855,148,802,689,184,583,2,888,873,623,514,61,119,105,110,82,92,62,63,92,86,78,47,56,55,99,62,91,74,63,65,38,55,43,55,76,49,48,40,48,73,74,66
[ 37.715927] wil6210-aoa$0,1606461637.415382,04:d6:aa:c1:38:97,2,1,1,0,128,768,724,251,565,391,820,901,206,647,178,561,16,802,29,226,611,885,944,385,935,724,34,715,1017,225,396,111,268,373,58,896,690,62,114,104,112,83,98,63,65,97,89,81,53,61,61,108,69,96,79,69,69,41,61,50,60,84,54,53,48,56,85,88,82
[ 37.746724] wil6210-aoa$0,1606461637.446185,04:d6:aa:c1:38:97,2,1,1,0,128,422,989,794,786,936,976,451,418,121,355,50,173,880,85,206,601,871,939,333,853,221,910,188,813,341,423,99,200,377,15,836,636,65,119,107,111,86,99,65,66,97,92,83,54,64,61,106,69,100,79,70,72,45,65,51,62,88,59,56,50,59,90,90,89
[ 37.778967] wil6210-aoa$0,1606461637.478423,04:d6:aa:c1:38:97,2,1,1,0,128,791,759,728,786,955,1019,384,359,623,152,77,222,823,52,151,514,300,747,835,699,187,828,787,10,185,322,558,1016,423,45,467,363,62,113,106,109,83,97,64,64,95,89,82,53,64,61,112,67,96,76,71,71,45,64,51,62,88,58,55,50,57,84,90,87
[ 37.815241] wil6210-aoa$0,1606461637.514701,04:d6:aa:c1:38:97,2,1,1,0,128,223,887,724,716,424,816,354,358,650,183,62,203,815,88,207,585,866,961,340,903,700,23,680,5,188,350,42,196,820,886,548,392,63,115,103,109,86,95,65,65,93,87,84,53,61,62,108,66,94,78,68,70,42,62,50,59,84,55,54,46,55,85,86,80
[ 37.849921] wil6210-aoa$0,1606461637.549382,04:d6:aa:c1:38:97,2,1,1,0,128,242,901,770,750,909,1002,349,385,589,163,28,169,269,902,190,556,379,742,883,726,753,35,747,29,220,396,112,220,405,21,853,708,66,114,104,111,82,97,68,66,97,91,81,54,65,63,113,71,94,77,69,72,45,64,52,64,87,61,58,53,60,89,96,91
[ 37.882803] wil6210-aoa$0,1606461637.582258,04:d6:aa:c1:38:97,2,1,1,0,128,300,947,766,769,1008,20,372,374,158,356,0,196,860,78,152,552,929,954,318,906,756,56,742,78,220,381,120,241,484,126,397,117,64,116,103,110,82,96,65,64,92,89,82,50,61,58,105,67,95,77,66,70,40,59,50,58,82,55,53,48,54,83,84,79
[ 37.913965] wil6210-aoa$0,1606461637.613422,04:d6:aa:c1:38:97,2,1,1,0,128,350,991,775,806,919,13,486,442,193,368,90,245,904,123,208,574,939,987,407,926,715,20,769,2,217,385,141,237,384,66,803,456,59,113,103,110,81,93,61,64,89,87,80,49,59,55,102,62,87,73,64,63,40,55,45,52,79,49,47,40,49,75,75,68
[ 37.952054] wil6210-aoa$0,1606461637.651511,04:d6:aa:c1:38:97,2,1,1,0,128,327,936,755,779,980,30,382,413,129,374,1017,172,806,62,674,395,357,745,352,873,782,85,743,1004,252,399,125,221,346,31,868,607,61,116,107,110,81,94,64,64,93,86,78,49,58,58,106,66,94,76,66,69,41,60,46,56,86,52,53,45,54,83,84,77
[ 37.985936] wil6210-aoa$0,1606461637.685397,04:d6:aa:c1:38:97,2,1,1,0,128,325,942,711,748,439,840,412,359,162,390,961,194,842,87,157,565,335,753,845,674,180,839,162,873,666,163,99,188,368,48,378,198,66,115,109,112,83,99,66,67,97,90,82,54,66,63,110,69,99,80,70,70,44,64,52,62,86,60,56,51,56,87,92,84
[ 38.021411] wil6210-aoa$0,1606461637.720872,04:d6:aa:c1:38:97,2,1,1,0,128,252,910,815,787,954,988,382,392,208,405,113,232,882,114,152,549,893,952,379,932,133,875,780,76,163,361,88,203,408,88,753,390,58,106,97,99,77,89,60,59,86,82,74,50,58,53,98,62,89,69,61,65,39,59,47,57,80,56,51,46,53,80,85,80
[ 38.056395] wil6210-aoa$0,1606461637.755855,04:d6:aa:c1:38:97,2,1,1,0,128,220,887,777,733,378,807,940,235,94,295,67,204,809,34,208,601,887,932,871,785,700,16,784,56,237,362,154,229,401,35,992,694,62,119,106,116,84,98,67,67,96,94,84,54,66,62,108,69,97,81,69,70,42,63,51,59,86,55,53,48,55,86,87,81
[ 38.088903] wil6210-aoa$0,1606461637.788359,04:d6:aa:c1:38:97,2,1,1,0,128,824,793,816,810,936,992,405,366,153,337,23,139,277,913,185,551,953,1012,379,953,723,20,709,44,168,383,135,253,398,99,1005,785,64,115,107,111,84,95,63,66,97,89,80,52,62,60,107,67,95,79,67,69,43,62,50,60,82,55,53,48,54,84,86,80
[ 38.125375] wil6210-aoa$0,1606461637.824835,04:d6:aa:c1:38:97,2,1,1,0,128,271,925,755,735,907,993,398,349,152,369,34,164,830,54,152,522,929,942,348,903,672,6,717,3,253,430,88,222,420,51,968,751,62,116,106,112,85,95,65,65,95,90,80,53,63,59,108,66,97,77,68,69,41,61,48,59,85,54,54,48,58,84,86,84
[ 38.159796] wil6210-aoa$0,1606461637.859255,04:d6:aa:c1:38:97,2,1,1,0,128,315,955,737,761,948,1017,390,399,242,432,83,236,870,95,190,580,885,939,367,898,651,1013,721,48,224,377,59,215,359,59,988,772,62,112,106,111,84,94,63,66,93,89,78,50,62,61,102,64,92,75,68,68,41,60,49,56,83,54,52,46,52,81,84,77
[ 38.192843] wil6210-aoa$0,1606461637.892300,04:d6:aa:c1:38:97,2,1,1,0,128,294,959,730,763,946,1005,451,431,173,321,51,184,844,53,221,562,394,756,390,939,755,70,702,4,201,342,123,235,393,72,88,847,61,114,104,111,81,93,61,64,93,86,78,50,60,57,102,63,94,76,66,67,40,59,46,57,85,55,51,46,56,85,83,79
[ 38.223065] wil6210-aoa$0,1606461637.922529,04:d6:aa:c1:38:97,2,1,1,0,128,309,955,728,730,960,976,447,447,180,420,49,203,854,83,223,628,903,933,374,921,214,865,720,18,275,366,144,221,344,1002,166,863,61,114,103,114,80,93,64,64,91,87,80,50,60,58,106,65,93,75,66,67,41,59,47,56,82,51,52,43,53,78,81,75
[ 38.255039] wil6210-aoa$0,1606461637.954497,04:d6:aa:c1:38:97,2,1,1,0,128,742,708,763,777,942,1008,410,421,112,354,47,222,831,66,175,606,905,977,398,924,749,50,761,44,272,429,146,272,404,92,162,834,64,117,106,111,86,97,65,65,93,89,82,54,63,61,109,69,95,76,67,69,42,63,49,60,85,57,53,47,55,85,85,80
[ 38.291023] wil6210-aoa$0,1606461637.990482,04:d6:aa:c1:38:97,2,1,1,0,128,275,913,820,779,882,959,861,176,637,181,76,208,819,61,178,587,892,949,428,994,688,39,744,18,156,346,155,239,319,13,177,963,59,117,103,111,83,94,63,66,94,87,79,51,61,57,104,64,95,77,66,66,40,61,47,56,82,53,51,44,53,79,80,77
[ 38.326421] wil6210-aoa$0,1606461638.025882,04:d6:aa:c1:38:97,2,1,1,0,128,749,736,209,578,357,756,904,179,646,183,67,176,878,76,216,610,920,960,388,915,718,1014,176,796,728,179,117,216,403,34,333,79,63,113,104,110,84,95,65,65,93,89,81,48,61,57,101,61,91,76,65,65,40,57,45,52,79,52,49,42,49,77,75,69
[ 38.359145] wil6210-aoa$0,1606461638.058601,04:d6:aa:c1:38:97,2,1,1,0,128,767,736,801,770,892,971,899,233,535,108,524,1016,856,53,155,537,326,732,371,896,728,30,750,18,152,329,120,248,383,54,937,743,63,114,105,109,83,93,65,65,91,87,79,52,64,59,108,68,96,78,68,69,44,63,50,59,86,57,53,47,54,82,83,76
[ 38.395917] wil6210-aoa$0,1606461638.095379,04:d6:aa:c1:38:97,2,1,1,0,128,367,977,744,769,961,1,473,427,187,390,112,207,798,11,206,548,294,703,847,681,221,860,767,39,244,383,81,202,442,77,79,832,56,99,91,95,73,85,56,56,81,79,71,48,56,52,95,60,85,67,61,60,38,54,44,53,76,52,49,45,49,77,80,77
[ 38.430180] wil6210-aoa$0,1606461638.129639,04:d6:aa:c1:38:97,2,1,1,0,128,323,954,829,819,974,1000,368,384,145,364,100,223,788,67,134,551,893,940,866,757,808,86,758,42,210,367,148,257,414,105,62,788,60,119,109,115,87,96,65,67,96,89,84,53,64,60,108,69,98,79,70,70,44,63,50,61,89,59,54,48,56,86,89,86
[ 38.462578] wil6210-aoa$0,1606461638.162038,04:d6:aa:c1:38:97,2,1,1,0,128,746,740,776,817,936,993,441,422,97,339,94,226,906,89,190,594,913,953,354,890,759,41,720,24,233,367,151,233,366,69,24,696,64,122,105,113,85,96,64,66,97,90,80,52,62,61,109,67,96,78,70,69,42,60,49,57,85,53,55,46,54,83,86,77
[ 38.500980] wil6210-aoa$0,1606461638.200438,04:d6:aa:c1:38:97,2,1,1,0,128,352,973,776,803,969,9,453,401,178,389,89,189,840,85,247,598,902,963,381,947,750,27,692,5,178,351,127,246,389,58,689,366,63,115,104,112,83,97,67,65,96,90,81,55,65,61,108,69,99,79,70,72,45,65,51,61,86,59,56,49,58,86,92,86
[ 38.539515] wil6210-aoa$0,1606461638.238970,04:d6:aa:c1:38:97,2,1,1,0,128,742,720,253,595,406,852,380,375,181,398,44,178,856,45,173,555,835,913,400,908,129,869,146,815,623,124,646,84,382,73,66,867,63,113,105,112,83,97,64,66,95,90,80,55,65,61,109,68,97,77,69,69,42,63,49,59,86,58,55,48,54,85,89,83
