
[ 628.340918] wil6210-aoa$0,1606494870.691318,04:d6:aa:ab:45:40,2,1,1,0,128,853,38,518,817,956,1007,521,761,722,995,612,61,696,834,1016,199,1002,111,656,913,962,824,86,787,152,932,995,850,29,586,529,85,74,104,71,76,88,77,62,53,64,71,50,74,96,75,64,62,92,72,108,47,52,76,69,119,100,104,89,82,72,74,75,74
[ 628.376563] wil6210-aoa$0,1606494870.726965,04:d6:aa:ab:45:40,2,1,1,0,128,888,76,1001,968,449,836,513,751,641,959,11,841,699,852,992,203,1003,111,630,911,991,778,115,836,643,62,607,51,52,651,821,400,72,99,69,75,88,75,60,52,61,69,48,72,92,71,66,62,92,72,103,50,56,80,73,123,105,112,92,90,72,79,82,78
[ 628.407750] wil6210-aoa$0,1606494870.758153,04:d6:aa:ab:45:40,2,1,1,0,128,374,204,0,994,933,942,996,546,687,986,606,59,645,805,53,236,986,88,694,956,537,994,684,1005,633,34,574,41,467,381,749,303,73,99,68,75,87,73,60,53,62,73,49,73,96,73,63,59,91,73,107,47,50,76,71,117,100,104,88,84,72,74,73,76
[ 628.443927] wil6210-aoa$0,1606494870.794330,04:d6:aa:ab:45:40,2,1,1,0,128,887,58,34,13,918,1022,460,721,704,983,599,69,703,803,59,233,1000,147,705,959,525,982,673,985,619,0,79,945,483,410,943,495,70,98,68,74,83,71,57,50,61,68,46,70,94,70,62,58,87,70,102,46,50,72,65,114,99,104,83,80,70,74,72,69
[ 628.478352] wil6210-aoa$0,1606494870.828752,04:d6:aa:ab:45:40,2,1,1,0,128,454,267,16,1001,938,1003,401,683,745,1011,576,3,719,818,69,266,946,79,641,910,24,835,688,996,686,48,622,71,63,625,18,500,73,99,70,78,86,76,60,53,62,71,48,74,96,74,64,60,92,74,110,50,52,77,72,122,108,111,90,86,70,76,82,79
[ 628.515617] wil6210-aoa$0,1606494870.866019,04:d6:aa:ab:45:40,2,1,1,0,128,433,249,45,1014,932,1020,523,750,704,962,581,29,72,587,530,67,3,176,721,978,524,978,696,0,651,46,623,29,65,681,108,584,73,101,69,76,89,76,60,54,64,72,50,74,97,74,66,63,94,73,107,49,54,77,74,123,107,109,89,88,74,78,78,79
[ 628.551818] wil6210-aoa$0,1606494870.902221,04:d6:aa:ab:45:40,2,1,1,0,128,408,266,965,954,991,4,945,502,739,2,643,65,669,854,11,195,1004,97,632,947,543,977,621,935,651,63,561,50,21,608,810,376,70,98,68,74,84,70,58,52,61,70,49,69,89,68,58,55,87,70,102,43,47,70,65,109,99,97,83,76,68,73,68,68
[ 628.582410] wil6210-aoa$0,1606494870.932812,04:d6:aa:ab:45:40,2,1,1,0,128,871,32,11,1006,939,959,458,716,694,949,601,62,701,849,93,231,896,81,664,936,563,1021,719,1006,591,11,5,865,510,439,162,686,73,99,67,75,89,75,62,54,63,73,48,75,98,72,66,62,97,74,106,51,57,80,75,126,107,114,93,94,75,80,83,80
[ 628.613838] wil6210-aoa$0,1606494870.964240,04:d6:aa:ab:45:40,2,1,1,0,128,895,75,467,787,432,838,487,730,115,791,62,869,175,711,509,6,405,925,113,715,968,809,117,809,49,871,66,901,86,628,172,737,73,102,69,75,86,75,61,52,63,71,50,73,96,74,63,58,92,72,105,46,52,77,69,120,105,110,91,87,73,77,79,77
[ 628.650114] wil6210-aoa$0,1606494871.000517,04:d6:aa:ab:45:40,2,1,1,0,128,856,57,516,799,369,774,932,507,759,1022,610,48,669,806,558,41,416,952,97,703,40,814,133,789,173,914,556,73,40,607,958,515,72,101,69,77,88,74,59,54,63,68,48,74,96,71,65,60,94,72,105,48,52,77,69,117,106,110,87,83,72,77,77,73
[ 628.681245] wil6210-aoa$0,1606494871.031648,04:d6:aa:ab:45:40,2,1,1,0,128,377,233,7,981,924,966,512,711,729,971,595,32,656,804,484,1014,431,959,140,760,544,978,723,7,643,54,593,42,49,648,211,720,75,101,72,78,89,75,60,57,67,74,51,76,97,76,65,61,95,74,107,49,53,81,71,123,103,108,90,84,73,77,73,74
[ 628.717418] wil6210-aoa$0,1606494871.067821,04:d6:aa:ab:45:40,2,1,1,0,128,858,68,983,987,404,811,474,697,680,980,618,57,709,863,62,268,1003,129,716,1005,555,1002,714,10,647,48,526,25,37,588,125,683,73,104,71,76,90,75,61,53,65,74,53,74,102,76,64,61,94,73,109,49,52,78,71,122,106,108,94,84,72,76,75,77
[ 628.752664] wil6210-aoa$0,1606494871.103064,04:d6:aa:ab:45:40,2,1,1,0,128,365,197,11,954,368,775,953,532,655,956,61,864,658,779,487,1004,454,970,79,682,1007,822,146,756,107,866,79,922,20,673,477,953,75,105,73,79,92,81,64,58,67,75,51,78,102,77,68,65,100,76,109,53,59,85,78,131,112,118,98,95,79,83,86,84
[ 628.786197] wil6210-aoa$0,1606494871.136598,04:d6:aa:ab:45:40,2,1,1,0,128,405,259,991,958,982,1017,491,753,714,969,637,51,738,855,94,254,985,123,627,903,504,1012,741,1,704,80,551,49,108,679,466,974,77,103,73,80,92,80,61,55,66,74,51,78,100,78,69,65,95,77,110,51,56,83,74,128,107,113,92,90,77,81,81,80
[ 628.825401] wil6210-aoa$0,1606494871.175804,04:d6:aa:ab:45:40,2,1,1,0,128,854,48,1001,931,974,996,443,701,135,792,618,57,747,843,45,227,970,83,95,689,985,792,125,806,724,67,985,894,77,644,512,90,70,95,64,72,84,70,56,51,62,68,47,71,92,71,62,57,86,67,103,48,49,75,66,116,100,104,85,78,68,73,73,75
[ 628.862102] wil6210-aoa$0,1606494871.212504,04:d6:aa:ab:45:40,2,1,1,0,128,431,236,66,31,53,29,487,766,725,1014,617,93,763,881,55,223,1001,129,652,962,516,1005,660,975,668,66,558,107,81,649,507,945,72,103,69,76,86,73,60,55,63,72,52,76,98,72,62,60,93,73,106,45,52,76,69,118,103,105,89,80,73,75,73,74
[ 628.893609] wil6210-aoa$0,1606494871.244011,04:d6:aa:ab:45:40,2,1,1,0,128,882,66,8,959,369,796,576,820,709,1007,609,53,700,855,999,213,911,53,96,760,1006,816,131,806,141,883,35,902,501,420,537,104,71,97,64,70,82,70,58,51,60,68,46,71,90,70,63,59,88,67,105,48,52,76,72,121,102,108,88,84,69,76,76,77
[ 628.930782] wil6210-aoa$0,1606494871.281184,04:d6:aa:ab:45:40,2,1,1,0,128,406,257,1003,975,982,9,435,697,719,1007,591,30,705,845,107,254,1008,150,652,912,567,1010,668,998,665,76,593,111,107,633,400,856,68,96,65,70,82,70,56,50,60,67,47,68,90,69,61,58,86,69,100,45,49,73,69,117,96,103,84,82,69,72,73,72
[ 628.969039] wil6210-aoa$0,1606494871.319441,04:d6:aa:ab:45:40,2,1,1,2,128,406,257,1003,975,982,9,435,697,719,1007,591,30,705,845,107,254,1008,150,652,912,567,1010,668,998,665,76,593,111,107,633,400,856,71,97,64,70,82,70,58,51,60,68,46,71,90,70,63,59,88,67,105,48,52,76,72,121,102,108,88,84,69,76,76,77
[ 629.005453] wil6210-aoa$0,1606494871.355855,04:d6:aa:ab:45:40,2,1,1,0,128,398,273,948,932,436,840,445,728,715,1006,55,865,180,697,510,6,430,946,682,937,32,828,635,1021,135,889,69,926,51,638,411,1017,77,105,72,76,90,76,61,55,65,76,52,77,100,74,67,62,97,77,112,49,54,77,73,124,110,114,93,89,73,79,78,79
[ 629.039985] wil6210-aoa$0,1606494871.390385,04:d6:aa:ab:45:40,2,1,1,0,128,392,284,975,939,966,1022,456,705,727,4,537,1000,699,860,52,244,947,86,650,939,568,975,703,1008,712,40,577,50,50,648,295,912,68,97,64,71,82,68,56,51,58,66,46,69,89,69,58,53,89,71,98,43,46,72,64,110,95,100,83,77,67,72,68,69
[ 629.077796] wil6210-aoa$0,1606494871.428199,04:d6:aa:ab:45:40,2,1,1,0,128,883,28,456,789,1004,0,420,672,192,792,32,865,130,660,521,24,921,47,143,736,558,1009,695,984,97,886,77,887,62,661,821,371,81,116,79,86,102,87,69,61,72,82,56,82,110,83,71,69,106,83,120,54,61,86,79,134,117,118,99,93,83,87,84,88
[ 629.114119] wil6210-aoa$0,1606494871.464522,04:d6:aa:ab:45:40,2,1,1,0,128,377,216,28,991,914,985,539,767,677,980,571,31,735,868,33,178,982,109,636,922,1020,824,692,1011,650,70,547,51,4,597,404,961,70,100,67,72,83,72,61,51,61,69,45,72,94,71,62,59,90,72,104,44,50,75,70,117,102,104,87,84,70,73,75,76
[ 629.150430] wil6210-aoa$0,1606494871.500830,04:d6:aa:ab:45:40,2,1,1,0,128,425,252,991,986,915,994,500,747,702,975,606,48,706,837,514,44,367,935,737,974,536,998,752,44,622,38,552,35,34,600,512,31,67,95,64,72,81,67,56,51,57,66,45,67,90,68,57,55,85,68,99,41,49,73,62,109,97,100,82,76,66,69,70,70
[ 629.185863] wil6210-aoa$0,1606494871.536266,04:d6:aa:ab:45:40,2,1,1,0,128,937,78,1020,984,967,23,471,718,783,4,575,31,687,854,51,244,957,131,629,936,577,987,660,999,678,48,618,96,1022,601,724,244,73,98,68,75,85,72,59,53,60,70,48,71,94,71,62,57,89,73,105,44,50,74,66,115,99,105,84,78,67,73,71,70
[ 629.217391] wil6210-aoa$0,1606494871.567794,04:d6:aa:ab:45:40,2,1,1,0,128,851,49,940,951,424,807,951,504,149,806,72,909,720,824,541,39,964,124,655,894,1013,805,175,849,653,72,607,72,43,678,826,326,72,98,67,74,86,73,60,52,61,69,48,73,95,71,64,59,92,71,102,45,52,74,71,119,103,104,87,83,70,73,73,73
[ 629.254210] wil6210-aoa$0,1606494871.604614,04:d6:aa:ab:45:40,2,1,1,0,128,417,276,999,966,939,1008,512,770,741,35,628,39,691,829,34,207,1007,158,691,955,535,986,686,994,701,83,986,836,50,627,564,88,70,101,67,73,84,71,60,49,60,68,48,72,93,71,61,57,91,72,102,45,50,76,67,111,98,104,86,81,66,72,70,72
[ 629.288500] wil6210-aoa$0,1606494871.638899,04:d6:aa:ab:45:40,2,1,1,0,128,841,53,494,769,396,805,950,523,738,1009,555,22,131,631,501,20,442,968,644,939,487,968,111,781,718,78,551,28,546,455,152,838,68,98,66,72,84,73,56,51,60,67,47,70,93,69,62,59,90,69,104,49,51,77,69,119,101,103,89,85,70,76,78,75
[ 629.326359] wil6210-aoa$0,1606494871.676760,04:d6:aa:ab:45:40,2,1,1,0,128,410,271,16,1013,942,996,501,784,666,955,643,68,686,818,536,49,942,71,688,955,511,950,679,963,94,861,25,852,527,432,363,953,74,100,69,76,86,76,60,55,63,70,49,75,92,71,64,60,94,74,105,49,53,77,74,121,104,107,90,87,72,77,77,75
[ 629.362721] wil6210-aoa$0,1606494871.713123,04:d6:aa:ab:45:40,2,1,1,0,128,421,269,999,966,973,1001,505,722,681,975,620,49,715,822,46,268,986,114,657,953,528,1010,688,1003,708,78,557,55,1013,617,590,122,70,96,68,72,83,71,57,52,61,69,47,73,92,72,65,61,91,70,102,49,55,80,71,119,101,111,88,88,74,77,83,80
[ 629.394196] wil6210-aoa$0,1606494871.744599,04:d6:aa:ab:45:40,2,1,1,0,128,438,268,46,989,919,959,447,778,689,999,546,33,706,862,64,193,976,122,700,961,511,1018,684,1010,636,45,584,64,26,622,76,697,71,100,66,74,83,71,57,51,61,70,48,73,95,71,60,58,89,69,102,46,50,74,66,113,101,104,86,82,69,74,71,72
[ 629.431016] wil6210-aoa$0,1606494871.781419,04:d6:aa:ab:45:40,2,1,1,0,128,394,239,1,987,996,27,445,697,714,989,584,31,696,862,15,198,982,93,653,940,528,999,649,976,676,71,1012,879,91,651,580,157,69,96,69,74,86,75,58,53,62,71,49,73,96,73,63,60,88,73,106,48,51,76,70,118,102,107,89,84,71,75,75,77
[ 629.467458] wil6210-aoa$0,1606494871.817861,04:d6:aa:ab:45:40,2,1,1,0,128,861,10,519,806,962,985,958,507,148,816,654,45,83,606,517,21,1010,120,644,934,560,1002,700,1017,670,95,569,28,81,646,154,697,72,100,68,75,89,76,60,52,62,70,49,73,96,74,62,59,91,72,106,48,52,77,70,119,105,107,88,84,70,74,77,73
[ 629.504453] wil6210-aoa$0,1606494871.854856,04:d6:aa:ab:45:40,2,1,1,0,128,417,266,18,992,22,1016,528,761,738,997,594,24,695,814,523,26,960,115,664,937,540,1008,657,993,639,8,34,869,69,644,491,7,69,97,69,71,85,71,58,51,59,70,48,70,92,70,61,56,88,70,103,43,48,71,63,108,96,98,81,77,67,71,68,70
[ 629.539686] wil6210-aoa$0,1606494871.890087,04:d6:aa:ab:45:40,2,1,1,0,128,885,85,39,970,920,976,978,537,235,840,594,1008,740,843,59,224,964,99,693,942,519,963,691,987,113,890,606,62,103,685,492,896,72,100,68,73,87,74,59,54,63,71,49,70,94,73,64,60,91,71,105,48,52,77,69,121,103,106,90,86,70,75,76,78
[ 629.576710] wil6210-aoa$0,1606494871.927113,04:d6:aa:ab:45:40,2,1,1,0,128,840,26,464,754,999,1004,546,761,720,1007,586,27,687,815,511,4,952,98,669,964,544,1005,669,968,589,21,580,18,515,462,264,860,85,118,81,88,103,90,72,63,75,86,59,87,115,88,77,73,111,89,124,57,63,94,85,129,122,128,107,102,84,91,90,91
[ 629.609254] wil6210-aoa$0,1606494871.959654,04:d6:aa:ab:45:40,2,1,1,0,128,879,58,409,730,494,858,497,690,126,804,4,859,712,822,50,216,1007,116,676,940,508,958,714,11,681,91,540,13,11,598,602,180,72,99,68,73,87,74,59,50,63,68,48,69,95,72,64,59,90,71,107,48,51,75,71,121,103,109,89,84,71,74,79,76
[ 629.649389] wil6210-aoa$0,1606494871.999792,04:d6:aa:ab:45:40,2,1,1,0,128,891,67,1007,921,446,819,509,736,182,819,80,874,151,668,551,33,982,99,657,898,487,960,70,769,175,935,1010,821,540,450,864,496,74,100,69,77,89,76,59,51,64,69,49,74,93,73,65,60,89,72,110,48,54,81,73,124,105,110,92,88,73,76,77,78
[ 629.687366] wil6210-aoa$0,1606494872.037764,04:d6:aa:ab:45:40,2,1,1,0,128,845,35,499,783,0,1015,941,518,739,1003,554,1007,726,875,5,200,926,78,126,745,556,24,636,968,635,24,558,34,103,662,548,39,72,99,69,73,85,75,60,54,61,67,47,73,95,71,64,61,93,72,103,49,53,80,71,122,101,109,91,85,73,76,78,78
[ 629.723591] wil6210-aoa$0,1606494872.073995,04:d6:aa:ab:45:40,2,1,1,0,128,424,237,45,1015,972,981,555,785,672,951,622,64,705,829,109,253,1005,115,676,965,529,1004,686,1005,624,40,559,32,33,629,847,336,71,100,68,74,88,74,59,51,61,71,49,73,97,73,65,60,89,73,105,48,52,81,69,117,103,107,90,86,71,76,75,76
[ 629.761051] wil6210-aoa$0,1606494872.111452,04:d6:aa:ab:45:40,2,1,1,0,128,887,78,26,975,974,999,500,733,758,0,572,17,746,893,12,201,959,112,677,935,1014,830,667,1004,640,55,578,71,52,657,535,128,69,96,65,72,84,71,57,50,61,69,46,68,93,70,61,59,89,71,103,46,52,73,71,118,98,103,86,83,69,73,74,74
[ 629.800625] wil6210-aoa$0,1606494872.151023,04:d6:aa:ab:45:40,2,1,1,0,128,386,219,61,1019,941,1006,511,746,639,945,695,78,698,851,67,229,948,90,680,913,40,821,654,995,620,28,584,57,77,655,742,292,72,99,69,76,87,76,59,53,62,70,49,73,94,71,65,61,91,72,106,49,52,80,70,120,104,110,89,88,72,74,78,75
[ 629.841397] wil6210-aoa$0,1606494872.191795,04:d6:aa:ab:45:40,2,1,1,0,128,896,35,979,949,958,1001,956,560,147,779,87,888,707,826,537,20,1002,132,676,951,959,791,110,820,117,885,53,866,80,637,604,192,71,101,68,75,89,75,60,53,63,72,49,74,94,74,62,60,91,74,109,50,55,79,74,122,105,112,92,90,72,78,79,77
[ 629.882366] wil6210-aoa$0,1606494872.232765,04:d6:aa:ab:45:40,2,1,1,0,128,928,118,1016,959,958,11,498,726,710,962,570,29,689,811,79,216,1020,107,718,968,503,992,713,969,98,877,52,882,50,645,163,736,73,100,71,75,88,74,59,53,64,69,49,73,96,69,66,61,93,69,106,50,55,77,71,120,103,110,88,85,72,76,78,78
[ 629.921387] wil6210-aoa$0,1606494872.271789,04:d6:aa:ab:45:40,2,1,1,0,128,410,265,41,1004,946,978,438,692,189,833,574,44,790,911,51,250,950,108,682,974,564,975,204,861,657,55,594,57,74,639,390,805,76,100,69,75,88,75,60,54,63,71,47,73,95,74,65,62,92,73,112,50,51,80,72,122,103,110,91,84,70,75,75,78
[ 629.958334] wil6210-aoa$0,1606494872.308737,04:d6:aa:ab:45:40,2,1,1,0,128,921,88,49,1019,975,7,386,679,138,784,609,46,684,855,54,226,1008,124,729,973,557,7,697,995,657,50,575,59,50,678,233,702,71,97,69,75,86,75,59,54,62,70,50,71,95,73,63,59,90,71,105,49,51,78,70,120,104,109,90,85,72,77,77,77
[ 629.994660] wil6210-aoa$0,1606494872.345059,04:d6:aa:ab:45:40,2,1,1,0,128,825,45,0,983,976,1013,463,719,683,997,563,24,733,862,95,238,969,97,87,734,562,1012,661,991,681,44,611,72,64,671,900,348,71,100,67,75,88,74,59,52,63,72,49,73,96,74,65,60,92,73,108,48,52,78,70,123,103,108,88,85,73,77,76,75
[ 630.031318] wil6210-aoa$0,1606494872.381722,04:d6:aa:ab:45:40,2,1,1,0,128,826,11,3,974,966,992,479,676,791,1003,541,20,711,842,39,200,951,97,680,960,557,2,690,977,611,68,562,58,27,633,532,1006,69,97,66,73,85,71,58,51,60,68,47,70,92,70,61,57,86,70,101,45,50,75,68,118,100,106,86,84,69,74,75,73
[ 630.062099] wil6210-aoa$0,1606494872.412503,04:d6:aa:ab:45:40,2,1,1,0,128,365,223,23,995,1002,19,475,712,732,993,627,41,686,830,30,214,979,90,703,951,26,836,730,1,692,56,584,50,5,623,491,32,73,100,71,73,85,73,59,53,63,71,49,75,96,72,65,60,92,73,106,48,53,79,72,122,104,110,92,87,73,78,78,79
[ 630.098417] wil6210-aoa$0,1606494872.448823,04:d6:aa:ab:45:40,2,1,1,0,128,904,46,518,844,391,761,962,531,122,776,46,849,132,642,74,210,969,111,718,943,524,1015,707,1008,677,56,0,855,567,438,480,36,70,97,67,70,86,69,55,52,60,68,47,69,93,71,57,55,87,69,99,42,48,68,62,106,95,93,79,71,64,68,62,64
[ 630.135178] wil6210-aoa$0,1606494872.485581,04:d6:aa:ab:45:40,2,1,1,0,128,920,58,11,972,408,776,974,556,696,959,650,76,654,795,65,243,388,935,86,681,53,855,633,989,86,853,78,920,559,476,887,482,71,97,67,71,82,73,57,50,61,70,46,72,95,70,62,61,89,70,102,48,51,76,71,119,102,105,86,84,69,73,76,74
[ 630.171211] wil6210-aoa$0,1606494872.521613,04:d6:aa:ab:45:40,2,1,1,0,128,432,265,15,971,964,1003,485,732,673,991,582,42,712,846,503,14,973,92,148,777,544,990,630,997,98,879,45,897,46,652,427,37,68,96,66,72,84,71,56,50,60,69,47,70,93,68,56,54,88,68,97,42,45,68,60,103,88,92,79,71,61,67,59,62
[ 630.201913] wil6210-aoa$0,1606494872.552316,04:d6:aa:ab:45:40,2,1,1,0,128,857,57,445,769,419,829,973,533,731,978,647,92,665,779,73,233,397,925,62,681,6,786,146,794,162,916,614,95,21,609,788,365,69,99,70,75,85,73,59,52,62,70,48,71,92,70,62,58,90,72,102,47,49,73,67,118,102,106,85,83,70,75,73,73
[ 630.232774] wil6210-aoa$0,1606494872.583177,04:d6:aa:ab:45:40,2,1,1,0,128,859,31,438,757,436,862,965,564,747,1,623,29,693,825,29,217,942,126,680,914,529,942,142,818,696,70,541,68,19,637,302,902,68,97,69,76,84,72,58,52,63,70,47,71,95,73,65,60,94,73,105,51,54,80,76,124,107,112,93,93,73,78,84,79
[ 630.263627] wil6210-aoa$0,1606494872.614030,04:d6:aa:ab:45:40,2,1,1,0,128,859,27,34,996,922,961,478,723,739,995,605,29,171,661,74,254,1009,147,655,934,530,992,658,975,33,851,52,894,24,610,164,698,75,105,71,77,90,76,63,56,64,73,50,76,103,78,67,63,97,78,110,48,54,76,73,125,109,115,94,91,76,79,81,82
[ 630.302244] wil6210-aoa$0,1606494872.652645,04:d6:aa:ab:45:40,2,1,1,0,128,365,230,1020,947,361,783,960,520,184,824,608,71,704,851,513,29,405,932,108,738,52,813,708,5,681,57,584,59,40,598,567,46,73,102,72,79,91,77,61,54,65,73,51,77,98,76,68,63,95,75,111,49,58,84,77,129,113,120,98,95,79,83,85,82
[ 630.339371] wil6210-aoa$0,1606494872.689774,04:d6:aa:ab:45:40,2,1,1,0,128,835,31,445,753,432,807,1013,564,181,823,1018,842,715,846,64,228,968,162,591,849,971,759,166,793,123,889,1012,874,71,636,71,730,72,104,72,77,92,77,62,54,63,73,50,75,100,73,65,63,95,73,109,50,54,82,74,126,109,113,94,90,76,82,81,79
[ 630.376412] wil6210-aoa$0,1606494872.726814,04:d6:aa:ab:45:40,2,1,1,0,128,409,247,1021,987,947,999,507,748,705,966,638,42,677,857,32,199,978,89,638,904,517,984,743,11,669,78,549,27,43,633,535,1011,69,94,64,70,81,70,57,50,58,67,47,68,92,67,57,56,87,68,101,44,49,74,65,115,98,101,84,81,68,74,72,70
[ 630.411731] wil6210-aoa$0,1606494872.762132,04:d6:aa:ab:45:40,2,1,1,0,128,869,24,14,985,881,971,470,739,733,985,44,867,109,630,474,0,495,930,104,730,13,803,700,990,654,44,43,912,22,597,116,710,74,102,71,77,89,78,63,55,64,71,50,77,101,76,67,64,99,75,110,51,57,82,78,132,113,118,96,97,79,80,86,82
[ 630.442963] wil6210-aoa$0,1606494872.793367,04:d6:aa:ab:45:40,2,1,1,0,128,852,49,436,771,1,1,506,739,704,965,34,885,679,841,42,217,977,126,653,929,508,1000,699,12,639,32,569,72,60,663,394,929,72,99,69,74,88,75,60,53,63,72,50,73,100,73,65,63,92,72,107,49,54,78,70,119,104,111,89,89,74,78,79,78
[ 630.473623] wil6210-aoa$0,1606494872.824026,04:d6:aa:ab:45:40,2,1,1,0,128,862,76,1013,966,967,1021,483,721,682,1001,1020,849,768,876,65,264,937,70,719,989,560,8,753,40,622,35,536,55,38,647,197,658,67,95,66,72,82,72,56,49,59,70,46,68,90,69,60,56,87,69,101,47,51,76,69,117,99,104,88,85,69,73,77,76
[ 630.510354] wil6210-aoa$0,1606494872.860757,04:d6:aa:ab:45:40,2,1,1,0,128,891,39,998,952,459,849,436,700,738,1,574,21,679,810,54,252,965,112,81,773,958,787,677,986,187,921,566,74,49,640,667,246,69,95,65,71,82,69,55,51,59,67,47,69,93,67,61,56,87,67,99,45,49,74,66,114,101,102,87,81,68,74,73,74
[ 630.546311] wil6210-aoa$0,1606494872.896714,04:d6:aa:ab:45:40,2,1,1,0,128,857,43,11,963,923,1006,496,749,701,988,609,70,768,909,31,218,997,116,677,944,573,8,684,972,747,94,606,77,59,646,927,436,70,96,65,75,84,72,56,51,61,71,48,71,94,71,62,59,90,70,106,48,51,76,65,114,99,103,89,80,69,73,72,72
[ 630.582805] wil6210-aoa$0,1606494872.933205,04:d6:aa:ab:45:40,2,1,1,0,128,349,196,490,774,443,830,473,711,773,1018,585,33,689,833,32,231,939,88,662,914,552,998,687,1007,647,59,564,33,988,573,547,93,71,96,67,75,83,72,57,50,60,68,48,72,94,71,62,55,89,70,103,46,52,75,67,114,100,104,86,80,69,75,74,73
[ 630.623572] wil6210-aoa$0,1606494872.973976,04:d6:aa:ab:45:40,2,1,1,0,128,873,31,26,1009,973,1009,493,722,653,953,579,1,717,820,91,270,957,106,666,932,994,796,705,1003,618,43,569,79,64,681,877,421,78,107,74,81,94,77,64,57,66,74,53,79,103,79,69,64,99,76,112,51,57,84,77,128,110,117,95,91,77,81,82,85
[ 630.657793] wil6210-aoa$0,1606494873.008191,04:d6:aa:ab:45:40,2,1,1,0,128,397,190,1020,963,945,980,955,525,153,778,83,908,763,880,96,268,894,35,665,932,562,1006,648,960,161,888,1021,876,539,408,807,370,69,96,66,71,83,71,57,51,61,69,47,71,93,71,61,58,87,68,104,46,51,76,71,118,101,109,87,84,70,74,75,77
[ 630.696076] wil6210-aoa$0,1606494873.046478,04:d6:aa:ab:45:40,2,1,1,0,128,910,95,18,1014,993,5,959,540,664,948,69,893,701,814,55,251,948,102,699,937,590,31,678,976,653,42,536,30,87,659,1009,468,77,111,75,80,95,79,66,57,69,76,52,77,100,76,67,62,95,75,110,48,50,77,67,118,102,107,89,79,73,77,71,74
[ 630.733317] wil6210-aoa$0,1606494873.083717,04:d6:aa:ab:45:40,2,1,1,0,128,796,39,1001,972,944,1007,460,715,667,975,15,825,184,647,73,230,992,95,708,974,515,976,689,1002,688,48,603,66,36,559,383,966,72,103,67,75,87,73,61,54,65,69,50,72,95,73,62,59,92,71,105,46,51,75,69,119,102,105,88,84,69,75,73,75
[ 630.774260] wil6210-aoa$0,1606494873.124658,04:d6:aa:ab:45:40,2,1,1,0,128,829,21,11,999,959,1007,503,741,765,29,546,19,681,816,41,238,963,108,659,942,505,1000,705,1021,153,924,23,872,537,380,787,364,73,101,70,75,87,74,60,52,63,72,50,72,97,75,65,61,92,71,105,47,51,79,72,117,102,108,91,83,73,76,74,75
[ 630.815265] wil6210-aoa$0,1606494873.165665,04:d6:aa:ab:45:40,2,1,1,0,128,379,208,986,940,941,975,471,730,702,1,634,88,727,870,51,226,922,51,706,992,524,959,113,805,145,889,41,867,122,669,485,53,68,94,66,71,80,71,57,50,60,66,46,70,91,70,63,59,85,68,100,48,52,77,72,119,104,109,88,88,71,75,80,76
[ 630.854950] wil6210-aoa$0,1606494873.205352,04:d6:aa:ab:45:40,2,1,1,0,128,824,26,47,0,951,1001,950,547,753,985,601,68,715,827,126,284,985,151,656,925,533,1013,635,998,650,54,552,65,104,677,46,535,71,101,70,75,90,75,59,54,63,71,48,74,99,72,65,63,92,73,103,46,54,79,69,118,102,109,88,85,72,76,78,78
[ 630.890708] wil6210-aoa$0,1606494873.241107,04:d6:aa:ab:45:40,2,1,1,0,128,421,259,55,1000,982,1009,430,699,723,999,549,1021,677,811,553,85,922,127,652,956,555,6,619,973,703,97,527,36,19,596,842,401,73,97,67,74,88,73,59,54,63,72,48,75,98,74,66,61,93,73,103,46,52,77,70,120,107,108,88,84,71,77,78,74
[ 630.922090] wil6210-aoa$0,1606494873.272493,04:d6:aa:ab:45:40,2,1,1,0,128,400,239,64,25,977,987,443,736,703,991,585,43,111,641,511,22,950,84,650,933,538,1002,705,1017,667,61,570,48,37,653,196,780,68,96,64,71,81,68,56,49,58,69,45,69,90,68,58,54,85,68,100,43,49,72,67,116,102,102,85,81,67,72,72,72
[ 630.953014] wil6210-aoa$0,1606494873.303417,04:d6:aa:ab:45:40,2,1,1,0,128,386,271,975,936,951,999,927,502,147,796,575,1023,733,843,59,214,1003,99,619,925,506,973,704,1021,667,22,634,92,104,709,426,924,75,103,70,77,91,77,60,54,64,74,50,74,98,75,65,59,93,74,111,48,55,80,77,123,104,108,94,88,73,78,75,80
[ 630.994254] wil6210-aoa$0,1606494873.344652,04:d6:aa:ab:45:40,2,1,1,0,128,872,57,51,1012,426,824,478,720,748,1004,560,20,669,798,490,6,456,931,108,761,1005,799,679,0,603,24,571,68,1016,590,301,887,69,96,65,72,82,71,56,51,59,69,47,71,93,72,64,60,88,70,103,46,50,75,69,114,101,105,88,82,70,73,72,74
[ 631.031346] wil6210-aoa$0,1606494873.381748,04:d6:aa:ab:45:40,2,1,1,0,128,878,82,63,1023,955,1011,470,709,720,1013,533,38,673,791,514,6,386,951,646,929,561,1009,670,997,688,95,538,48,551,500,212,819,75,104,72,75,89,78,62,54,65,72,51,74,99,74,64,61,93,73,109,47,51,77,68,121,106,106,88,83,74,77,71,76
[ 631.063325] wil6210-aoa$0,1606494873.413723,04:d6:aa:ab:45:40,2,1,1,0,128,407,260,0,988,383,779,512,732,746,971,635,55,728,870,102,252,979,120,694,989,495,985,651,946,720,105,562,42,73,663,887,441,70,94,67,73,82,73,56,51,61,68,46,72,94,69,65,62,88,70,102,47,52,80,70,119,103,108,88,87,72,76,78,78
[ 631.104188] wil6210-aoa$0,1606494873.454588,04:d6:aa:ab:45:40,2,1,1,0,128,384,220,20,1000,959,1001,411,693,139,792,75,880,122,617,525,10,425,954,146,771,566,1006,669,992,107,864,58,934,3,603,288,904,74,103,69,75,89,74,61,54,62,72,50,73,98,76,67,60,96,74,106,49,52,79,73,122,107,109,89,87,73,80,80,78
[ 631.145246] wil6210-aoa$0,1606494873.495644,04:d6:aa:ab:45:40,2,1,1,0,128,420,267,33,1015,923,986,459,749,642,939,623,53,715,844,71,214,967,108,691,934,506,1023,664,969,640,43,20,903,10,580,650,194,83,112,77,85,99,84,68,60,72,79,55,83,108,82,73,68,103,82,120,52,61,89,80,129,117,126,103,101,81,87,86,87
[ 631.186032] wil6210-aoa$0,1606494873.536435,04:d6:aa:ab:45:40,2,1,1,0,128,868,21,16,1001,987,1009,430,692,732,1015,588,46,689,842,65,233,960,71,125,738,1023,816,681,991,653,45,570,48,472,407,509,13,73,103,69,77,86,75,61,53,64,75,50,75,96,74,65,60,94,73,109,49,52,80,72,124,106,109,91,86,73,76,75,76
[ 631.223217] wil6210-aoa$0,1606494873.573614,04:d6:aa:ab:45:40,2,1,1,0,128,869,65,8,966,965,994,483,717,744,26,547,11,701,831,36,201,372,894,122,737,1001,797,104,806,641,56,33,878,532,478,865,463,79,110,77,83,95,84,67,57,70,79,54,82,105,79,70,68,102,80,118,52,57,85,79,131,114,118,101,95,80,86,83,86
[ 631.263858] wil6210-aoa$0,1606494873.614258,04:d6:aa:ab:45:40,2,1,1,0,128,917,80,12,974,390,815,938,505,196,826,47,846,187,643,437,990,432,934,665,929,28,825,724,1021,679,80,534,25,117,696,800,311,71,99,68,75,88,73,58,51,62,71,50,71,95,74,62,57,90,69,106,43,50,75,67,111,96,102,88,79,66,73,72,71
[ 631.298221] wil6210-aoa$0,1606494873.648621,04:d6:aa:ab:45:40,2,1,1,0,128,881,71,437,782,455,832,447,690,640,931,52,852,154,646,561,79,937,49,146,761,587,22,625,970,148,916,0,864,544,492,682,253,69,100,68,75,86,71,60,52,64,71,50,73,97,74,63,61,91,71,106,48,51,76,69,119,104,108,90,86,71,75,74,75
[ 631.336124] wil6210-aoa$0,1606494873.686526,04:d6:aa:ab:45:40,2,1,1,0,128,827,1018,997,979,418,826,464,715,177,798,60,861,155,630,515,54,428,914,678,885,547,979,616,938,105,874,38,870,538,453,832,372,68,97,65,71,82,69,54,49,59,65,45,69,92,68,57,54,86,67,99,42,48,72,64,109,98,98,80,78,67,71,68,71
[ 631.372385] wil6210-aoa$0,1606494873.722788,04:d6:aa:ab:45:40,2,1,1,0,128,396,204,1018,982,978,4,913,486,176,813,5,832,210,660,539,53,942,94,95,736,995,787,130,769,129,941,555,22,497,431,914,584,69,95,66,70,85,71,57,50,61,69,47,69,92,68,62,57,88,72,105,46,50,74,67,114,98,105,86,84,69,71,73,74
[ 631.404036] wil6210-aoa$0,1606494873.754440,04:d6:aa:ab:45:40,2,1,1,0,128,850,56,1000,994,986,11,507,744,654,964,55,871,158,637,481,31,408,935,148,780,564,14,633,994,645,46,43,907,529,463,168,640,71,98,66,71,84,71,59,49,62,68,45,70,91,69,61,56,88,69,106,47,50,77,69,114,100,104,88,84,67,73,71,74
[ 631.434739] wil6210-aoa$0,1606494873.785141,04:d6:aa:ab:45:40,2,1,1,0,128,426,255,973,941,417,831,472,727,151,767,50,862,742,853,508,27,16,152,648,915,40,849,647,1006,662,66,638,122,65,656,797,349,70,96,65,72,82,71,55,51,60,67,47,67,92,70,59,56,87,69,102,45,47,74,66,113,97,100,86,79,68,73,68,73
[ 631.470875] wil6210-aoa$0,1606494873.821277,04:d6:aa:ab:45:40,2,1,1,0,128,906,68,1022,994,900,1005,532,754,685,979,618,42,700,872,81,228,977,110,679,943,528,1000,90,784,100,868,600,68,30,620,1006,569,72,100,68,73,87,73,62,54,64,71,50,73,97,72,65,61,94,73,107,45,51,75,70,117,101,108,89,81,69,76,76,75
[ 631.502506] wil6210-aoa$0,1606494873.852908,04:d6:aa:ab:45:40,2,1,1,0,128,892,58,60,5,391,815,482,719,149,789,67,893,714,857,87,266,1002,130,662,952,547,991,626,955,152,914,563,53,84,630,634,48,73,99,66,75,89,75,61,53,63,74,50,76,99,74,65,61,95,73,108,48,52,78,72,119,104,109,91,88,74,77,77,76
[ 631.533902] wil6210-aoa$0,1606494873.884304,04:d6:aa:ab:45:40,2,1,1,0,128,439,298,2,970,974,1010,480,714,762,40,554,25,714,851,132,285,41,205,608,943,500,988,660,990,684,50,550,48,42,640,555,55,72,102,71,77,87,74,61,53,61,72,50,73,95,74,67,61,93,71,109,50,52,78,73,127,106,111,90,86,72,78,78,80
[ 631.568453] wil6210-aoa$0,1606494873.918850,04:d6:aa:ab:45:40,2,1,1,0,128,911,79,38,978,1013,1003,450,677,753,2,539,7,750,874,16,218,932,97,68,742,24,842,649,969,659,20,609,75,96,657,44,576,71,100,71,75,87,76,60,53,62,70,49,75,96,73,66,62,94,74,108,48,54,80,73,123,107,113,90,89,72,79,78,77
[ 631.604959] wil6210-aoa$0,1606494873.955362,04:d6:aa:ab:45:40,2,1,1,0,128,872,79,12,975,966,982,945,507,203,843,614,12,725,884,81,242,978,104,677,937,575,1015,651,980,636,32,46,904,499,420,716,270,72,102,66,74,87,77,60,53,63,73,48,74,97,73,64,61,94,71,106,46,52,78,69,119,102,105,88,79,69,75,74,73
[ 631.641646] wil6210-aoa$0,1606494873.992049,04:d6:aa:ab:45:40,2,1,1,0,128,850,37,999,970,394,777,992,574,710,1003,588,30,694,833,48,208,912,57,155,767,553,1022,103,804,108,873,26,879,511,412,830,444,66,94,60,67,80,68,53,49,57,64,44,65,88,68,56,54,83,65,93,41,44,68,59,103,93,93,75,69,62,66,65,65
[ 631.672443] wil6210-aoa$0,1606494874.022845,04:d6:aa:ab:45:40,2,1,1,0,128,422,270,6,1019,934,1008,469,725,157,821,594,53,685,811,95,276,1010,150,697,946,533,991,147,817,130,884,552,57,32,621,149,732,74,99,69,72,87,75,59,55,65,73,49,73,99,73,64,61,91,71,110,49,54,81,73,125,109,111,91,87,74,77,80,81
[ 631.703916] wil6210-aoa$0,1606494874.054319,04:d6:aa:ab:45:40,2,1,1,0,128,893,76,16,947,450,865,496,735,698,1002,589,0,693,851,498,1010,465,980,172,771,1005,807,695,990,655,62,528,30,31,624,794,348,72,101,68,74,89,73,58,53,62,72,48,70,97,74,62,60,93,73,106,47,54,77,71,121,104,109,91,87,73,76,76,80
[ 631.740398] wil6210-aoa$0,1606494874.090801,04:d6:aa:ab:45:40,2,1,1,0,128,859,79,970,939,966,1004,488,751,641,952,664,85,711,840,87,258,958,125,660,964,468,964,675,1011,684,115,564,43,61,633,832,221,75,103,69,74,88,76,61,53,63,71,48,74,98,74,67,61,94,74,108,49,54,79,73,127,106,109,91,89,73,78,81,81
[ 631.771829] wil6210-aoa$0,1606494874.122232,04:d6:aa:ab:45:40,2,1,1,0,128,369,225,21,1021,973,1001,484,745,672,932,615,46,682,820,46,195,929,105,692,941,965,783,165,806,129,876,11,864,72,628,869,405,70,96,66,70,84,70,57,50,60,68,47,70,91,68,59,56,88,67,99,42,50,75,65,112,96,101,82,77,66,70,69,69
[ 631.803376] wil6210-aoa$0,1606494874.153780,04:d6:aa:ab:45:40,2,1,1,0,128,393,237,1008,986,929,981,501,724,99,765,89,881,726,855,66,249,935,88,676,945,549,992,682,1000,657,44,573,36,80,642,7,613,76,104,70,76,87,79,61,53,65,76,49,77,100,79,68,65,98,74,111,52,58,82,77,129,112,117,97,93,77,83,87,85
[ 631.840249] wil6210-aoa$0,1606494874.190651,04:d6:aa:ab:45:40,2,1,1,0,128,364,293,1,969,911,980,469,703,669,977,580,18,659,787,99,248,991,107,731,998,453,932,124,810,136,907,551,18,127,695,238,738,71,97,66,71,83,71,59,52,62,69,46,72,93,69,63,59,91,73,105,50,53,78,72,120,104,108,92,89,72,76,79,78
[ 631.871481] wil6210-aoa$0,1606494874.221884,04:d6:aa:ab:45:40,2,1,1,0,128,372,240,23,992,941,977,936,498,149,787,641,56,791,906,112,297,914,54,714,992,508,977,637,982,651,41,575,63,32,609,60,658,73,100,68,74,86,74,57,52,64,71,49,71,95,70,59,58,87,69,102,47,51,77,65,116,101,103,85,78,70,74,72,72
[ 631.902507] wil6210-aoa$0,1606494874.252906,04:d6:aa:ab:45:40,2,1,1,0,128,918,84,463,772,490,857,952,528,648,957,4,808,140,671,502,14,426,969,696,947,0,811,141,785,730,93,504,1011,491,427,673,283,80,109,77,84,97,83,67,61,70,80,55,84,109,83,74,69,105,83,119,56,63,89,83,128,118,126,104,100,82,89,93,87
[ 631.943494] wil6210-aoa$0,1606494874.293892,04:d6:aa:ab:45:40,2,1,1,0,128,884,91,29,1001,980,1017,494,746,701,994,560,1019,700,802,487,11,492,1001,638,935,4,822,644,953,96,867,42,903,508,433,1002,603,71,102,67,74,86,76,60,52,62,72,49,72,96,75,62,59,92,74,107,47,50,78,70,120,104,106,90,84,71,76,76,77
[ 631.984419] wil6210-aoa$0,1606494874.334822,04:d6:aa:ab:45:40,2,1,1,0,128,387,249,997,968,954,996,445,699,733,1005,534,1022,730,857,104,243,936,98,645,914,548,997,687,987,741,81,552,42,96,664,359,876,81,110,76,83,95,82,66,57,69,79,52,82,106,80,73,68,102,78,119,53,62,86,81,137,119,121,102,100,82,89,94,88
[ 632.019689] wil6210-aoa$0,1606494874.370089,04:d6:aa:ab:45:40,2,1,1,0,128,451,280,26,1014,971,1008,451,713,719,1014,591,1018,709,840,540,85,1007,152,617,889,580,21,674,969,649,37,537,18,46,589,624,143,78,110,74,84,97,81,66,60,69,78,54,83,106,83,71,66,103,81,120,54,60,86,79,130,116,122,100,96,80,85,86,86
[ 632.052132] wil6210-aoa$0,1606494874.402534,04:d6:aa:ab:45:40,2,1,1,0,128,382,237,1016,998,879,984,955,531,174,799,46,892,676,837,533,18,953,102,653,947,578,1019,648,999,644,57,575,54,77,631,371,881,77,111,72,82,92,80,65,56,70,79,52,78,106,80,67,63,100,81,113,51,54,81,75,127,108,114,95,88,74,80,80,80
[ 632.083928] wil6210-aoa$0,1606494874.434330,04:d6:aa:ab:45:40,2,1,1,0,128,804,7,529,817,1019,23,466,720,713,1004,584,62,694,813,517,11,359,927,71,686,997,785,173,837,143,915,603,29,83,638,67,547,78,109,74,81,96,80,64,55,69,77,52,79,103,78,69,64,98,78,112,48,54,83,71,121,108,110,94,84,74,82,77,80
[ 632.117545] wil6210-aoa$0,1606494874.467943,04:d6:aa:ab:45:40,2,1,1,0,128,392,221,65,969,921,999,477,721,711,997,600,53,703,862,81,222,965,122,649,945,983,800,695,15,673,45,1001,788,539,451,755,278,71,98,67,75,88,73,59,53,63,71,47,73,95,73,63,60,92,71,107,48,51,76,69,123,103,108,91,86,70,76,77,77
[ 632.156514] wil6210-aoa$0,1606494874.506915,04:d6:aa:ab:45:40,2,1,1,0,128,896,77,21,1001,992,995,970,530,170,783,591,21,105,614,544,9,445,931,105,757,531,1002,650,963,652,9,41,886,51,648,644,154,73,102,69,75,86,73,58,52,62,71,48,73,94,69,61,57,90,70,102,45,48,73,67,116,100,101,87,78,66,72,69,72
[ 632.192910] wil6210-aoa$0,1606494874.543313,04:d6:aa:ab:45:40,2,1,1,0,128,398,258,994,963,385,789,480,714,747,981,632,50,659,832,81,215,978,163,674,912,555,993,633,980,676,87,562,66,44,627,378,956,73,102,70,77,89,76,60,53,65,70,48,75,99,76,65,61,99,74,111,47,55,81,74,126,109,111,93,88,75,81,79,80
[ 632.234157] wil6210-aoa$0,1606494874.584558,04:d6:aa:ab:45:40,2,1,1,0,128,828,26,33,13,988,1018,471,738,706,963,575,34,631,774,544,54,944,65,134,757,550,964,163,849,679,61,639,123,66,635,216,819,70,97,64,71,85,69,56,50,60,68,46,68,90,70,60,57,86,69,100,45,48,74,68,111,98,104,85,79,66,70,72,74
[ 632.274826] wil6210-aoa$0,1606494874.625230,04:d6:aa:ab:45:40,2,1,1,0,128,923,21,14,967,928,1001,446,698,144,787,1017,818,124,657,506,1005,409,905,113,697,1019,805,152,797,153,908,543,22,511,445,322,994,73,101,71,77,89,78,60,53,65,73,50,76,100,75,69,63,95,74,111,53,56,83,76,127,108,114,96,94,75,82,84,83
[ 632.310120] wil6210-aoa$0,1606494874.660519,04:d6:aa:ab:45:40,2,1,1,0,128,812,1008,518,803,426,791,466,710,694,2,572,23,740,857,29,195,963,119,116,778,7,811,688,1005,148,938,592,59,27,622,875,460,71,103,68,73,88,73,58,51,62,70,48,72,96,72,63,58,89,73,102,47,51,74,69,115,101,107,87,79,72,75,74,75
[ 632.341915] wil6210-aoa$0,1606494874.692318,04:d6:aa:ab:45:40,2,1,1,0,128,399,220,52,1010,959,993,439,673,734,1017,614,16,672,851,1021,172,954,104,707,980,506,974,709,1023,647,23,591,26,56,617,116,732,67,96,66,71,84,70,56,51,58,68,46,69,90,67,56,54,86,70,99,42,45,70,61,107,95,93,79,70,64,67,63,64
[ 632.373225] wil6210-aoa$0,1606494874.723628,04:d6:aa:ab:45:40,2,1,1,0,128,366,241,981,950,952,976,508,740,744,6,632,44,719,861,46,222,1013,146,704,942,529,1003,744,32,658,19,562,13,988,563,647,223,72,99,69,74,86,73,59,51,64,72,49,73,95,73,64,60,91,72,106,47,51,77,72,123,107,111,94,86,73,79,78,76
[ 632.406596] wil6210-aoa$0,1606494874.756996,04:d6:aa:ab:45:40,2,1,1,0,128,851,28,452,766,390,777,991,536,179,803,78,882,104,627,490,1003,417,929,165,762,1,794,116,791,692,77,46,912,49,598,555,111,79,110,74,82,94,84,65,58,69,78,52,83,104,80,70,65,101,78,118,53,57,84,77,131,115,119,97,93,82,83,84,85
[ 632.445280] wil6210-aoa$0,1606494874.795683,04:d6:aa:ab:45:40,2,1,1,0,128,838,36,498,843,406,804,475,726,724,998,45,864,646,775,68,214,1004,107,732,973,492,979,103,802,124,881,30,853,546,481,212,765,70,101,71,74,88,76,58,52,63,71,51,72,96,71,65,63,92,71,107,46,54,78,72,121,105,111,89,86,72,76,76,76
[ 632.481769] wil6210-aoa$0,1606494874.832172,04:d6:aa:ab:45:40,2,1,1,0,128,901,76,8,990,427,813,949,502,749,4,3,839,153,638,522,63,977,79,681,966,527,992,686,1,600,8,583,58,37,607,403,76,79,112,76,83,96,83,67,59,70,80,55,82,107,81,71,70,102,82,118,53,61,86,80,133,117,121,100,96,81,85,86,83
[ 632.512414] wil6210-aoa$0,1606494874.862817,04:d6:aa:ab:45:40,2,1,1,0,128,907,73,1012,1014,907,963,482,720,750,1019,546,997,144,624,567,31,392,946,740,948,544,3,660,945,707,70,613,73,450,410,552,145,71,99,66,75,87,75,60,53,64,70,50,74,98,74,64,59,92,73,104,47,53,78,72,122,107,111,91,89,70,78,78,77
[ 632.544318] wil6210-aoa$0,1606494874.894718,04:d6:aa:ab:45:40,2,1,1,0,128,856,45,46,10,393,835,489,696,676,951,634,69,97,628,555,38,1017,94,708,962,1014,800,163,841,600,51,548,30,16,603,217,796,77,109,74,79,92,77,64,55,68,78,53,79,102,76,66,63,98,78,112,48,52,80,70,120,102,112,90,79,72,76,70,73
[ 632.584779] wil6210-aoa$0,1606494874.935182,04:d6:aa:ab:45:40,2,1,1,0,128,842,48,477,809,1011,1008,461,696,724,969,616,36,749,868,1012,185,990,124,59,703,995,821,101,798,115,903,46,927,86,657,912,442,69,95,66,73,83,71,56,51,60,67,47,70,92,69,61,59,87,69,103,48,51,74,70,117,101,105,91,85,71,76,80,73
[ 632.619464] wil6210-aoa$0,1606494874.969862,04:d6:aa:ab:45:40,2,1,1,0,128,397,245,61,1009,952,990,492,727,710,985,560,19,698,836,16,207,949,91,642,895,548,1000,655,977,674,62,626,72,54,632,544,63,75,102,73,78,88,76,63,54,67,73,51,77,100,75,66,61,97,74,112,50,54,80,75,122,107,112,93,89,73,77,78,78
[ 632.651224] wil6210-aoa$0,1606494875.001626,04:d6:aa:ab:45:40,2,1,1,0,128,876,38,997,967,979,990,441,660,714,1015,537,7,757,871,514,28,421,940,665,964,571,4,640,981,696,84,524,38,46,593,59,630,77,104,71,77,88,76,62,55,63,73,50,76,97,75,67,63,96,74,111,50,55,81,74,126,106,114,94,91,71,80,83,80
[ 632.688063] wil6210-aoa$0,1606494875.038465,04:d6:aa:ab:45:40,2,1,1,0,128,364,211,0,991,975,5,491,706,744,1012,558,25,777,920,22,227,955,87,129,778,491,934,682,1002,92,868,634,83,82,691,30,610,70,99,68,76,86,75,57,53,64,70,48,71,95,72,59,56,87,72,104,45,49,74,67,116,100,105,88,81,68,74,75,70
[ 632.731995] wil6210-aoa$0,1606494875.082399,04:d6:aa:ab:45:40,2,1,1,0,128,924,60,1017,956,1021,1020,489,737,705,968,35,862,692,833,26,211,959,88,150,741,996,801,131,805,110,900,8,866,40,602,388,916,80,112,75,84,97,83,65,59,71,80,55,84,108,80,73,68,102,79,119,52,60,87,81,137,121,125,104,97,83,88,92,90
[ 632.764185] wil6210-aoa$0,1606494875.114588,04:d6:aa:ab:45:40,2,1,1,0,128,417,256,16,3,970,8,462,730,677,968,576,44,680,798,123,287,1002,111,667,914,526,994,689,962,660,49,554,20,80,637,691,243,73,102,70,77,87,76,58,55,63,70,50,72,97,71,60,58,90,71,102,43,49,74,66,109,102,105,84,78,66,72,71,70
[ 632.801055] wil6210-aoa$0,1606494875.151458,04:d6:aa:ab:45:40,2,1,1,0,128,388,256,1022,995,1002,1023,470,706,766,19,537,22,740,867,44,239,944,103,734,962,527,1012,653,950,91,896,644,117,22,596,115,620,74,100,70,76,89,75,63,55,61,72,49,74,99,73,66,63,93,74,108,51,57,80,74,127,108,115,93,93,74,84,83,83
[ 632.840663] wil6210-aoa$0,1606494875.191064,04:d6:aa:ab:45:40,2,1,1,0,128,871,48,1014,955,412,806,492,740,698,945,572,1021,118,640,114,256,407,957,670,953,497,954,677,974,38,808,592,80,460,376,753,371,79,110,75,81,93,83,67,58,70,78,53,82,105,82,71,67,100,83,117,52,58,85,77,131,114,119,100,92,78,81,84,84
[ 632.879834] wil6210-aoa$0,1606494875.230236,04:d6:aa:ab:45:40,2,1,1,0,128,816,34,483,807,946,984,470,703,740,1022,614,58,685,822,559,57,1,133,625,916,976,812,696,1014,694,90,556,16,1017,563,474,101,81,110,75,84,93,82,65,57,71,80,54,83,107,82,72,67,104,79,117,53,61,85,81,135,118,122,101,99,83,88,88,87
[ 632.916480] wil6210-aoa$0,1606494875.266882,04:d6:aa:ab:45:40,2,1,1,0,128,379,247,483,804,338,776,480,735,169,788,609,45,716,852,55,256,938,72,69,689,991,777,128,777,95,883,25,893,33,655,568,86,71,100,67,76,88,73,60,52,62,72,47,72,95,74,62,59,92,73,106,46,51,75,69,117,103,109,88,85,72,76,76,79
[ 632.951428] wil6210-aoa$0,1606494875.301828,04:d6:aa:ab:45:40,2,1,1,0,128,860,42,16,982,955,1012,473,726,724,997,620,41,660,836,38,189,976,109,686,956,459,948,157,807,156,883,38,892,78,671,233,730,71,102,67,74,84,73,59,53,63,69,51,73,98,75,64,59,92,73,104,46,52,77,70,120,102,111,89,84,72,77,75,76
[ 632.988733] wil6210-aoa$0,1606494875.339136,04:d6:aa:ab:45:40,2,1,1,0,128,362,255,973,973,363,827,904,477,188,805,602,38,681,853,75,221,959,89,687,938,528,999,683,1010,706,80,514,1017,56,618,653,169,68,96,63,70,82,69,56,49,59,68,44,68,89,66,57,56,85,68,94,42,46,68,61,106,94,89,76,71,63,66,62,65
[ 633.031868] wil6210-aoa$0,1606494875.382271,04:d6:aa:ab:45:40,2,1,1,0,128,384,234,1009,944,938,969,464,697,740,7,576,9,733,859,101,237,949,104,710,935,591,45,686,1018,635,53,7,879,65,664,932,520,74,104,70,77,90,75,62,54,64,73,51,76,101,76,68,64,97,75,112,52,56,84,73,128,107,111,95,89,75,80,80,78
[ 633.069160] wil6210-aoa$0,1606494875.419555,04:d6:aa:ab:45:40,2,1,1,0,128,888,65,39,1012,940,983,456,735,799,15,579,8,733,849,515,19,1014,96,671,963,534,1021,662,0,677,67,523,33,455,398,65,679,70,98,68,71,86,72,59,51,62,69,47,72,92,72,63,58,89,72,105,47,52,77,69,117,102,106,89,83,72,75,75,75
[ 633.108105] wil6210-aoa$0,1606494875.458509,04:d6:aa:ab:45:40,2,1,1,0,128,346,194,30,1002,994,992,482,708,776,7,577,11,772,869,24,206,1018,182,669,916,578,41,649,974,661,26,545,30,88,646,834,326,71,100,70,75,87,75,59,53,64,72,49,75,96,73,66,62,93,71,109,50,54,78,71,124,103,112,95,91,73,78,78,80
[ 633.144016] wil6210-aoa$0,1606494875.494419,04:d6:aa:ab:45:40,2,1,1,0,128,859,58,993,981,423,842,543,737,725,1012,517,8,735,890,61,194,984,112,697,951,985,811,731,984,688,103,601,41,39,640,891,362,73,101,68,74,86,75,59,53,63,71,50,74,97,74,63,60,93,72,105,45,51,78,69,121,103,108,91,87,71,74,75,74
[ 633.178183] wil6210-aoa$0,1606494875.528584,04:d6:aa:ab:45:40,2,1,1,0,128,362,253,1017,991,941,998,429,691,147,805,619,24,695,836,77,252,912,55,111,708,988,787,170,812,113,876,12,890,28,655,952,482,71,100,69,74,86,75,59,51,64,73,49,75,98,76,62,61,93,74,108,48,54,80,72,123,104,108,87,85,70,76,78,75
[ 633.215708] wil6210-aoa$0,1606494875.566110,04:d6:aa:ab:45:40,2,1,1,0,128,881,59,493,782,409,813,900,493,725,998,624,54,731,882,19,231,372,895,152,797,539,1008,670,1009,705,55,538,39,117,640,977,565,72,100,69,71,86,73,58,52,62,69,48,71,95,74,64,61,92,74,107,46,50,78,71,122,103,107,90,86,73,74,75,75
[ 633.252122] wil6210-aoa$0,1606494875.602524,04:d6:aa:ab:45:40,2,1,1,0,128,855,52,5,994,429,816,525,748,153,792,52,865,107,642,83,233,950,77,697,948,540,983,670,1007,606,35,636,120,71,697,147,628,80,112,76,83,97,84,66,57,70,80,55,80,107,83,72,66,103,79,120,53,61,87,79,134,115,124,103,97,81,88,88,89
[ 633.282996] wil6210-aoa$0,1606494875.633399,04:d6:aa:ab:45:40,2,1,1,0,128,840,42,1014,962,952,12,402,652,171,825,68,894,726,874,44,224,919,94,706,949,956,798,686,963,107,910,1008,850,560,436,247,838,80,109,75,81,94,82,65,59,71,78,55,81,108,82,71,68,102,80,117,52,60,86,81,129,118,124,101,96,82,87,89,87
[ 633.314585] wil6210-aoa$0,1606494875.664988,04:d6:aa:ab:45:40,2,1,1,0,128,880,69,27,973,413,811,497,733,680,991,587,34,709,848,999,180,994,122,633,942,968,777,143,817,97,863,13,873,36,613,142,740,78,110,72,83,95,78,67,58,68,77,53,83,104,80,68,65,100,77,113,50,56,83,77,127,115,120,97,93,79,81,84,85
[ 633.350791] wil6210-aoa$0,1606494875.701192,04:d6:aa:ab:45:40,2,1,1,0,128,856,56,1020,974,969,11,431,681,714,990,615,42,749,885,67,238,962,116,672,964,597,13,648,990,138,892,545,23,94,642,147,656,72,100,68,73,86,73,59,52,62,70,49,72,96,74,65,61,91,72,106,47,52,79,74,125,103,109,91,86,73,77,78,78
[ 633.387365] wil6210-aoa$0,1606494875.737767,04:d6:aa:ab:45:40,2,1,1,0,128,917,84,996,985,978,993,485,724,179,809,577,10,160,646,526,27,955,114,640,905,575,4,637,960,694,91,633,80,1013,620,352,952,71,100,67,73,87,74,58,53,63,70,48,71,96,71,62,59,87,71,103,45,47,72,63,112,99,101,83,74,69,75,71,69
[ 633.419975] wil6210-aoa$0,1606494875.770375,04:d6:aa:ab:45:40,2,1,1,0,128,352,213,1022,952,409,831,473,708,698,985,7,837,136,622,550,25,1001,128,714,937,583,23,660,994,687,69,605,53,1023,565,38,636,75,101,70,79,91,79,64,55,64,74,50,76,100,75,68,65,96,73,111,51,57,82,78,128,112,117,96,95,79,81,84,83
[ 633.460915] wil6210-aoa$0,1606494875.811312,04:d6:aa:ab:45:40,2,1,1,0,128,449,285,1001,962,11,14,445,677,715,981,97,932,710,831,54,198,22,131,669,966,538,4,686,1017,630,19,555,44,53,616,401,962,75,104,70,77,90,77,61,55,66,76,52,74,99,78,65,61,95,76,109,50,57,84,74,126,109,117,96,91,74,82,84,85
[ 633.504099] wil6210-aoa$0,1606494875.854474,04:d6:aa:ab:45:40,2,1,1,0,128,885,84,12,964,996,994,931,513,158,810,47,823,180,641,580,29,444,938,646,915,552,1008,702,12,683,64,560,20,120,698,386,878,83,113,78,84,97,83,67,61,70,80,55,82,107,82,75,69,105,81,119,58,61,90,84,127,120,126,104,104,83,89,95,91
[ 633.551188] wil6210-aoa$0,1606494875.901586,04:d6:aa:ab:45:40,2,1,1,0,128,372,218,1013,974,994,5,580,771,627,952,580,11,710,804,560,70,968,91,705,982,472,971,631,974,679,56,588,72,14,606,463,948,80,112,77,82,95,83,66,59,71,81,55,84,106,81,71,66,104,81,117,54,60,88,79,134,119,121,102,99,83,86,88,88
[ 633.589575] wil6210-aoa$0,1606494875.939978,04:d6:aa:ab:45:40,2,1,1,0,128,408,223,1008,983,1004,996,513,762,708,996,603,71,681,840,80,247,906,64,122,721,1005,797,661,996,690,51,568,78,1008,593,155,701,80,109,76,82,95,80,65,56,70,78,52,81,106,81,68,64,97,80,113,50,54,83,73,125,111,112,96,85,74,80,76,79
[ 633.626760] wil6210-aoa$0,1606494875.977163,04:d6:aa:ab:45:40,2,1,1,0,128,361,252,72,26,969,1019,473,700,703,993,642,75,762,881,11,175,950,65,702,933,524,963,145,844,63,877,63,889,56,642,240,717,69,97,64,72,85,71,58,50,62,71,46,73,94,71,59,58,87,69,100,43,47,73,66,108,97,100,80,77,67,70,68,71
[ 633.661352] wil6210-aoa$0,1606494876.011752,04:d6:aa:ab:45:40,2,1,1,0,128,861,85,992,945,942,988,505,738,731,994,594,9,92,560,112,270,923,95,742,974,504,983,642,1017,102,899,601,74,62,632,876,487,69,91,64,70,82,72,55,50,59,66,46,68,91,69,62,58,86,69,101,46,54,78,71,121,101,106,87,86,71,74,77,76
[ 633.698192] wil6210-aoa$0,1606494876.048595,04:d6:aa:ab:45:40,2,1,1,0,128,410,263,5,986,972,1013,436,708,616,939,80,877,736,862,97,241,937,116,681,954,987,854,706,1,643,47,620,60,104,714,487,997,77,110,73,79,94,80,65,58,68,75,53,78,104,79,68,64,97,77,111,46,54,81,70,122,107,113,94,83,73,81,78,78
[ 633.735772] wil6210-aoa$0,1606494876.086175,04:d6:aa:ab:45:40,2,1,1,0,128,414,250,38,1002,875,990,430,683,710,948,662,78,680,816,50,248,946,81,668,953,480,1004,714,6,63,869,611,53,42,634,957,401,70,98,66,74,86,72,59,53,62,70,49,72,95,72,64,60,91,71,104,46,51,75,68,116,102,103,89,80,70,76,74,76
[ 633.772464] wil6210-aoa$0,1606494876.122865,04:d6:aa:ab:45:40,2,1,1,0,128,408,267,998,977,956,1010,469,752,712,986,578,44,674,856,86,232,917,80,696,926,574,1014,675,1011,665,15,1007,880,1013,569,401,972,69,97,67,74,83,71,57,51,60,67,48,70,95,71,60,58,89,70,97,45,48,73,63,108,96,103,86,74,67,72,69,66
[ 633.812557] wil6210-aoa$0,1606494876.162960,04:d6:aa:ab:45:40,2,1,1,0,128,848,48,14,990,845,943,938,539,703,1009,62,895,632,775,535,35,964,81,715,989,532,987,686,1012,689,77,569,16,5,614,98,715,66,95,63,68,80,65,55,47,58,66,42,65,90,67,56,54,81,66,100,39,45,68,61,105,92,93,83,73,64,66,67,67
[ 633.843350] wil6210-aoa$0,1606494876.193753,04:d6:aa:ab:45:40,2,1,1,0,128,399,235,995,970,918,991,466,754,696,956,662,80,685,828,61,233,12,139,730,994,589,12,656,990,645,42,586,67,37,652,752,296,73,101,71,77,88,73,61,54,64,74,51,74,99,76,64,59,93,73,109,49,54,78,71,123,103,107,87,81,71,77,74,74
[ 633.879722] wil6210-aoa$0,1606494876.230124,04:d6:aa:ab:45:40,2,1,1,0,128,415,267,953,935,952,4,510,735,702,1014,589,65,688,849,92,252,1023,143,660,923,506,995,130,796,131,884,600,68,90,656,557,1007,69,94,64,71,84,70,58,49,60,67,45,69,93,69,63,59,89,72,102,46,51,73,66,116,100,105,86,83,70,72,76,74
[ 633.916523] wil6210-aoa$0,1606494876.266925,04:d6:aa:ab:45:40,2,1,1,0,128,377,248,58,1018,937,1003,477,709,736,35,628,89,728,857,58,209,981,114,694,956,580,11,732,1023,638,44,564,38,96,677,576,102,70,100,68,73,88,73,59,51,64,71,50,72,96,71,61,61,92,71,101,45,50,78,66,115,102,106,87,80,68,73,74,73
[ 633.951969] wil6210-aoa$0,1606494876.302370,04:d6:aa:ab:45:40,2,1,1,0,128,395,267,1012,976,936,993,468,756,727,1002,602,56,669,806,502,1014,468,964,676,932,604,0,694,984,630,28,612,59,90,665,103,645,70,95,66,71,84,71,57,51,62,68,47,69,90,68,63,59,86,70,99,46,51,74,69,114,100,107,87,85,69,73,75,73
[ 633.989036] wil6210-aoa$0,1606494876.339440,04:d6:aa:ab:45:40,2,1,1,0,128,876,52,1016,1001,979,1008,502,731,740,1014,603,43,748,872,1020,181,945,85,676,923,550,991,634,937,91,880,32,914,62,629,525,132,75,101,67,75,87,74,59,53,64,72,49,72,99,76,65,62,92,72,107,49,54,83,75,126,108,115,96,92,75,80,81,84
[ 634.026119] wil6210-aoa$0,1606494876.376522,04:d6:aa:ab:45:40,2,1,1,0,128,829,48,510,828,949,966,544,769,701,934,587,55,101,631,526,1,403,934,86,727,1002,835,145,815,662,61,588,75,7,620,863,335,72,100,69,76,88,74,60,53,63,72,49,72,95,72,66,62,94,73,105,50,52,76,73,123,106,112,92,87,70,78,79,77
[ 634.063345] wil6210-aoa$0,1606494876.413742,04:d6:aa:ab:45:40,2,1,1,0,128,379,221,1020,1003,924,975,444,683,786,21,672,49,725,870,30,183,965,74,667,959,493,997,636,976,649,61,619,115,1002,588,998,516,73,99,71,77,87,78,59,53,63,71,50,75,97,73,67,60,91,72,106,47,56,79,72,124,108,114,92,88,75,78,82,82
[ 634.104028] wil6210-aoa$0,1606494876.454426,04:d6:aa:ab:45:40,2,1,1,0,128,369,245,34,977,959,1000,473,693,182,763,617,59,120,586,98,258,941,59,637,918,512,983,700,1003,89,880,74,914,38,597,204,735,77,109,74,80,91,80,64,57,67,78,51,79,104,81,66,63,100,80,113,50,56,80,73,126,111,117,99,88,79,82,82,84
[ 634.143931] wil6210-aoa$0,1606494876.494333,04:d6:aa:ab:45:40,2,1,1,0,128,436,275,30,1007,934,970,475,716,651,973,594,30,144,635,63,258,458,947,155,793,561,18,622,970,723,59,586,56,54,653,526,1011,71,98,68,74,86,76,59,53,63,70,48,73,98,72,68,62,91,74,107,50,55,81,74,126,107,111,92,90,72,76,81,80
[ 634.179998] wil6210-aoa$0,1606494876.530397,04:d6:aa:ab:45:40,2,1,1,0,128,885,40,485,780,416,782,921,490,174,817,71,874,123,624,527,20,414,912,121,790,503,999,106,799,136,896,1022,893,535,455,855,458,76,107,72,79,91,77,65,56,68,76,51,78,104,77,66,62,98,79,109,48,53,79,69,118,103,107,87,78,71,74,72,73
[ 634.211483] wil6210-aoa$0,1606494876.561886,04:d6:aa:ab:45:40,2,1,1,0,128,402,239,951,920,408,816,980,575,717,990,587,8,93,599,585,72,991,138,599,890,968,785,157,824,150,915,507,1023,28,612,103,696,71,101,68,72,85,72,58,53,62,72,48,72,96,73,64,59,90,73,105,46,50,74,70,119,104,104,88,83,71,73,72,76
[ 634.242668] wil6210-aoa$0,1606494876.593071,04:d6:aa:ab:45:40,2,1,1,0,128,362,225,1021,990,999,996,509,739,670,983,616,84,668,840,59,257,1010,109,674,941,555,1009,684,1008,667,85,583,44,28,632,437,35,73,100,69,77,90,77,63,56,65,72,50,76,97,74,66,62,97,74,110,51,53,81,72,124,110,112,94,86,73,80,80,79
[ 634.274390] wil6210-aoa$0,1606494876.624792,04:d6:aa:ab:45:40,2,1,1,0,128,429,276,21,1006,915,963,469,740,673,981,556,1001,703,830,54,219,400,943,657,960,488,981,680,971,665,55,1015,868,36,601,496,1023,72,98,71,77,88,75,59,52,63,71,49,73,95,73,63,57,94,72,104,48,50,74,68,118,104,103,89,78,70,75,72,72
[ 634.311081] wil6210-aoa$0,1606494876.661484,04:d6:aa:ab:45:40,2,1,1,0,128,847,27,498,806,468,847,443,662,735,999,586,60,727,871,14,237,975,98,684,971,549,979,675,983,699,89,504,14,536,418,608,153,85,116,79,89,98,88,70,61,74,84,57,86,112,86,77,74,110,86,124,62,64,93,89,131,120,130,110,111,86,93,100,94
[ 634.342985] wil6210-aoa$0,1606494876.693389,04:d6:aa:ab:45:40,2,1,1,0,128,793,1011,475,799,421,832,503,734,742,1017,579,1,717,872,71,241,911,87,683,927,511,970,208,853,679,83,1015,853,40,589,743,268,76,101,69,75,84,73,59,53,64,72,50,75,97,75,64,60,92,74,108,48,51,80,71,122,107,111,91,88,74,77,76,79
[ 634.374053] wil6210-aoa$0,1606494876.724455,04:d6:aa:ab:45:40,2,1,1,0,128,835,44,1,967,969,1022,444,700,670,939,629,40,693,829,68,207,21,142,685,958,1003,814,661,962,692,51,35,897,479,397,509,120,73,101,69,76,87,78,61,53,62,73,49,76,99,73,67,64,94,74,108,53,56,83,78,128,112,118,96,94,77,81,84,86
[ 634.410009] wil6210-aoa$0,1606494876.760411,04:d6:aa:ab:45:40,2,1,1,0,128,382,229,21,982,879,994,449,723,704,992,598,42,719,856,32,231,413,950,657,928,537,1013,670,981,96,915,545,30,1023,627,699,269,71,101,68,73,86,75,60,52,62,71,49,74,99,75,65,63,92,71,107,49,55,79,76,126,105,109,92,88,73,77,77,78
[ 634.441358] wil6210-aoa$0,1606494876.791762,04:d6:aa:ab:45:40,2,1,1,0,128,843,51,53,1015,957,978,503,760,748,1016,622,29,665,838,524,58,972,109,669,923,1004,819,707,991,656,46,609,57,1023,617,510,4,77,108,73,80,92,77,63,57,68,76,53,76,102,79,65,61,99,78,110,47,53,80,68,120,105,107,92,83,72,80,75,74
[ 634.472412] wil6210-aoa$0,1606494876.822815,04:d6:aa:ab:45:40,2,1,1,0,128,862,42,0,957,396,797,934,536,203,841,581,15,697,847,1020,192,369,906,170,781,1020,827,118,782,179,933,540,7,67,665,997,567,71,99,71,74,86,73,59,51,62,71,49,73,98,74,62,59,93,71,105,49,50,78,70,124,104,110,88,83,72,76,75,77
[ 634.503539] wil6210-aoa$0,1606494876.853941,04:d6:aa:ab:45:40,2,1,1,0,128,843,44,456,743,480,837,474,744,723,1002,622,50,739,828,59,248,990,117,629,892,506,989,716,10,649,39,551,88,21,627,413,22,80,112,77,84,96,82,66,57,71,80,55,81,109,83,72,65,105,82,121,53,57,87,82,134,116,125,102,99,79,88,90,87
[ 634.534631] wil6210-aoa$0,1606494876.885033,04:d6:aa:ab:45:40,2,1,1,0,128,833,25,529,829,927,993,538,755,668,938,542,1017,671,858,67,247,922,66,131,784,564,0,697,3,622,10,34,895,50,640,868,470,72,100,69,73,87,75,60,53,64,70,50,73,94,73,64,59,93,73,110,48,53,79,72,122,107,109,93,90,72,79,79,78
[ 634.567172] wil6210-aoa$0,1606494876.917570,04:d6:aa:ab:45:40,2,1,1,0,128,860,52,491,805,403,820,958,525,683,1002,593,11,151,676,543,31,377,925,717,958,535,978,706,1010,107,915,1014,863,55,621,198,803,71,102,67,73,87,73,57,51,62,70,46,71,95,73,62,58,90,71,105,43,51,74,66,113,98,105,87,80,69,75,73,75
[ 634.607067] wil6210-aoa$0,1606494876.957470,04:d6:aa:ab:45:40,2,1,1,0,128,907,79,995,967,953,979,490,739,707,964,6,840,166,645,49,195,998,134,707,940,584,21,663,1002,683,75,1000,837,514,410,714,314,71,98,68,74,88,74,60,52,62,71,49,74,96,75,65,61,89,72,106,47,51,77,71,124,102,109,91,87,74,79,77,76
[ 634.643636] wil6210-aoa$0,1606494876.994040,04:d6:aa:ab:45:40,2,1,1,0,128,346,251,1,959,985,5,411,697,175,783,15,850,173,674,460,25,458,956,673,925,555,10,668,0,672,59,562,41,33,587,926,534,67,95,64,70,83,72,57,50,59,67,48,71,93,70,61,56,88,69,104,44,51,75,66,116,100,105,84,83,69,74,76,73
[ 634.674134] wil6210-aoa$0,1606494877.024537,04:d6:aa:ab:45:40,2,1,1,0,128,446,268,454,818,966,997,483,743,759,8,582,35,694,809,65,222,998,83,678,945,555,1020,691,1016,713,89,578,18,1016,624,405,951,76,103,70,76,90,76,60,52,65,72,49,77,97,73,66,64,96,73,109,49,56,81,74,124,108,115,95,92,76,81,82,81
[ 634.710669] wil6210-aoa$0,1606494877.061071,04:d6:aa:ab:45:40,2,1,1,0,128,898,60,38,984,959,8,497,719,716,990,601,25,134,646,30,225,426,914,699,995,494,992,588,952,119,901,43,909,19,647,7,559,76,105,71,77,91,79,61,55,67,76,52,76,100,77,67,62,99,76,111,50,58,84,76,127,110,116,96,95,78,82,86,85
[ 634.745357] wil6210-aoa$0,1606494877.095755,04:d6:aa:ab:45:40,2,1,1,0,128,839,23,447,788,989,1020,510,781,690,976,630,18,671,848,31,257,972,116,723,1006,559,1018,695,7,648,48,578,77,44,649,831,287,69,95,68,73,84,71,56,52,60,68,46,70,95,71,59,56,89,69,100,42,48,72,62,108,94,100,83,77,66,70,68,68
[ 634.781687] wil6210-aoa$0,1606494877.132089,04:d6:aa:ab:45:40,2,1,1,0,128,354,233,33,998,969,991,435,700,741,997,597,6,745,886,45,240,970,98,638,955,519,1004,718,1016,671,38,548,26,51,689,806,326,70,99,67,71,84,71,59,52,62,69,47,72,96,76,61,57,90,71,105,44,49,76,69,117,102,102,87,80,67,75,70,69
[ 634.812416] wil6210-aoa$0,1606494877.162820,04:d6:aa:ab:45:40,2,1,1,0,128,889,92,1023,984,957,6,471,759,691,988,37,901,679,841,98,252,948,112,110,721,4,800,147,826,732,106,18,888,1023,617,655,230,72,99,67,73,87,74,57,52,62,68,49,73,94,72,61,58,91,72,102,45,51,75,68,115,103,104,86,81,69,73,74,72
[ 634.843577] wil6210-aoa$0,1606494877.193981,04:d6:aa:ab:45:40,2,1,1,0,128,832,47,55,1010,899,961,502,741,696,997,567,22,739,861,483,984,408,951,129,763,2,827,679,1009,611,65,503,34,548,455,548,78,77,110,72,79,96,80,64,55,69,80,52,77,105,79,69,66,100,80,114,50,53,83,75,124,109,112,94,89,72,80,77,78
[ 634.874963] wil6210-aoa$0,1606494877.225366,04:d6:aa:ab:45:40,2,1,1,0,128,880,36,1020,963,358,777,478,698,151,809,579,3,653,831,14,211,366,885,120,705,996,802,149,828,108,867,77,880,531,477,713,325,80,109,71,80,95,81,63,58,68,77,52,77,101,79,65,63,98,77,112,50,52,79,70,119,109,107,92,82,75,77,72,76
[ 634.910430] wil6210-aoa$0,1606494877.260829,04:d6:aa:ab:45:40,2,1,1,0,128,372,225,21,1021,925,959,440,702,730,1019,624,48,713,852,962,187,981,124,680,976,533,1010,658,965,138,898,1020,856,72,628,438,982,78,107,74,80,93,82,66,57,69,79,52,81,106,81,69,67,102,78,116,52,57,84,76,128,115,116,100,91,77,84,78,80
[ 634.942411] wil6210-aoa$0,1606494877.292815,04:d6:aa:ab:45:40,2,1,1,0,128,419,319,18,978,1000,1005,462,738,710,996,600,41,717,853,84,238,968,87,665,974,528,1000,716,1017,691,43,623,64,70,625,741,174,81,111,76,83,96,83,64,60,68,78,52,81,105,79,68,64,98,80,116,52,55,84,76,128,113,117,96,90,77,83,82,83
[ 634.974568] wil6210-aoa$0,1606494877.324971,04:d6:aa:ab:45:40,2,1,1,0,128,855,36,21,940,963,1004,468,734,737,1007,553,22,677,827,523,55,956,97,687,967,531,999,625,942,752,123,566,34,65,673,445,90,80,112,76,84,96,83,66,59,70,76,54,81,107,82,70,68,104,82,116,52,58,84,78,129,112,119,98,96,77,86,87,86
[ 635.012123] wil6210-aoa$0,1606494877.362526,04:d6:aa:ab:45:40,2,1,1,0,128,380,192,11,951,956,997,990,538,772,7,540,20,159,658,526,42,403,915,97,737,969,812,656,977,690,66,551,17,118,672,130,668,73,98,70,76,89,76,60,54,62,71,48,73,97,75,67,62,94,72,108,51,55,81,73,125,107,112,95,93,74,79,82,81
[ 635.042791] wil6210-aoa$0,1606494877.393195,04:d6:aa:ab:45:40,2,1,1,0,128,887,94,50,1018,931,976,418,704,163,821,35,860,148,656,509,26,1001,128,137,780,1017,858,163,827,81,917,550,44,55,650,695,235,72,100,71,75,88,74,60,52,64,70,49,74,97,74,63,60,96,73,107,48,53,78,70,120,105,106,91,86,72,79,74,75
[ 635.073946] wil6210-aoa$0,1606494877.424349,04:d6:aa:ab:45:40,2,1,1,0,128,401,233,1008,992,989,22,436,743,752,993,615,51,753,896,34,230,974,93,662,931,601,5,670,1001,620,30,604,64,50,646,780,339,72,101,70,77,87,75,60,53,63,70,50,72,97,74,64,60,91,71,105,47,51,77,68,121,104,107,87,84,71,75,73,72
[ 635.104722] wil6210-aoa$0,1606494877.455124,04:d6:aa:ab:45:40,2,1,1,0,128,824,47,35,0,969,1000,917,537,677,1012,554,29,616,747,93,232,928,122,605,913,966,796,179,815,689,69,991,859,75,643,183,673,76,105,69,78,90,77,61,54,65,72,50,77,98,76,67,64,97,74,108,50,56,83,75,127,110,116,95,90,74,80,80,81
[ 635.141809] wil6210-aoa$0,1606494877.492213,04:d6:aa:ab:45:40,2,1,1,0,128,905,52,16,996,1007,996,475,723,686,978,1020,810,159,639,562,50,1001,107,660,935,19,808,648,983,728,80,600,85,9,612,820,277,72,100,70,75,85,74,61,54,62,72,50,76,97,75,68,62,93,72,109,50,57,83,76,126,107,114,95,94,77,80,84,82
[ 635.173028] wil6210-aoa$0,1606494877.523426,04:d6:aa:ab:45:40,2,1,1,0,128,913,79,452,774,433,822,952,534,166,773,40,858,711,854,5,200,908,57,140,750,16,830,645,995,125,897,40,884,550,454,408,985,76,107,74,82,95,80,63,56,68,78,54,79,103,80,68,63,100,79,114,50,53,81,76,128,111,116,93,84,75,81,80,79
[ 635.217551] wil6210-aoa$0,1606494877.567954,04:d6:aa:ab:45:40,2,1,1,0,128,858,80,12,983,929,979,478,726,670,968,621,65,768,865,22,227,947,134,672,948,990,775,697,981,717,63,610,74,55,652,614,112,73,99,67,74,87,74,60,53,63,72,47,74,97,75,66,63,94,75,107,52,57,80,78,127,105,113,95,90,74,78,84,83
[ 635.252304] wil6210-aoa$0,1606494877.602705,04:d6:aa:ab:45:40,2,1,1,0,128,878,28,12,927,990,4,478,698,194,844,548,1,690,829,5,186,424,932,100,734,53,846,99,797,115,872,1021,900,113,655,975,561,72,99,69,75,86,75,59,53,64,70,48,72,94,72,64,59,93,73,106,48,51,77,69,119,106,106,91,85,71,75,74,77
[ 635.289471] wil6210-aoa$0,1606494877.639874,04:d6:aa:ab:45:40,2,1,1,0,128,867,46,979,956,963,976,471,750,667,993,619,32,141,652,504,29,1015,102,714,976,516,963,688,985,683,58,566,16,539,446,909,509,69,98,66,74,84,71,60,52,62,70,49,72,94,70,64,59,91,72,104,48,52,74,69,119,104,101,86,81,70,74,71,74
[ 635.326441] wil6210-aoa$0,1606494877.676843,04:d6:aa:ab:45:40,2,1,1,0,128,382,264,990,1003,394,823,476,746,720,999,631,88,742,897,71,205,1014,119,592,842,525,1010,650,971,716,79,526,50,10,603,405,994,76,110,71,78,92,78,64,58,67,78,51,77,104,78,67,61,97,77,112,49,54,83,72,124,109,111,92,89,75,78,77,79
[ 635.363267] wil6210-aoa$0,1606494877.713670,04:d6:aa:ab:45:40,2,1,1,0,128,826,5,80,36,925,987,473,714,724,1001,670,135,719,887,29,208,931,85,678,944,544,977,638,969,672,63,580,68,64,612,465,969,71,95,68,72,87,72,59,52,63,70,48,73,98,73,65,59,94,73,107,49,50,75,69,120,103,108,89,87,71,77,79,76
[ 635.394545] wil6210-aoa$0,1606494877.744947,04:d6:aa:ab:45:40,2,1,1,0,128,410,243,1015,969,948,4,473,702,777,11,562,1015,180,687,80,248,429,946,117,692,6,805,179,822,705,47,551,48,1011,602,269,889,72,98,68,74,84,72,60,52,60,70,47,73,96,74,65,62,89,72,109,48,54,79,72,121,104,109,93,87,71,77,79,78
[ 635.425640] wil6210-aoa$0,1606494877.776043,04:d6:aa:ab:45:40,2,1,1,0,128,486,303,1003,973,977,1005,529,785,726,1015,620,83,718,856,13,236,970,87,663,981,571,1018,694,1004,665,60,567,49,18,647,199,681,73,100,70,75,86,74,58,53,62,70,50,74,99,74,64,61,95,73,109,49,52,80,74,124,108,112,93,89,73,78,86,79
[ 635.462487] wil6210-aoa$0,1606494877.812885,04:d6:aa:ab:45:40,2,1,1,0,128,876,37,495,793,998,1,434,693,638,940,86,887,714,854,1015,198,949,121,123,748,958,754,177,836,711,87,54,888,68,640,232,776,72,103,72,79,89,75,60,53,66,71,49,74,96,75,66,62,93,71,106,47,55,77,72,123,107,111,92,87,72,79,79,79
[ 635.498522] wil6210-aoa$0,1606494877.848924,04:d6:aa:ab:45:40,2,1,1,0,128,397,220,52,7,922,980,463,702,676,949,645,61,726,828,77,235,974,126,702,978,501,955,720,1019,673,38,548,42,45,613,56,633,84,111,78,88,99,89,71,62,73,82,56,88,111,86,79,72,107,80,124,60,67,93,87,127,121,131,110,108,85,93,99,94
[ 635.535540] wil6210-aoa$0,1606494877.885943,04:d6:aa:ab:45:40,2,1,1,0,128,887,82,471,756,969,1015,896,464,124,780,645,56,736,847,101,248,984,98,655,954,590,2,109,816,103,894,1002,856,40,620,171,751,75,105,72,78,90,78,63,56,66,74,51,77,100,77,70,65,97,75,112,52,58,82,80,133,113,117,95,95,77,80,85,83
[ 635.566651] wil6210-aoa$0,1606494877.917055,04:d6:aa:ab:45:40,2,1,1,0,128,917,116,1020,968,968,22,406,705,734,1,629,76,760,891,113,258,966,105,701,974,542,969,707,30,652,45,992,828,52,620,118,643,65,92,61,68,80,68,55,48,57,66,44,68,85,66,59,55,83,66,98,42,46,70,61,107,95,94,79,76,64,68,66,68
[ 635.601924] wil6210-aoa$0,1606494877.952322,04:d6:aa:ab:45:40,2,1,1,0,128,864,70,4,1016,977,1,487,731,715,980,612,41,706,843,81,278,926,104,714,958,538,1003,705,1002,639,49,654,100,49,642,976,444,81,111,75,80,95,82,66,58,70,81,55,82,105,82,69,66,102,80,118,53,58,87,80,129,115,121,100,92,81,86,83,84
[ 635.638879] wil6210-aoa$0,1606494877.989281,04:d6:aa:ab:45:40,2,1,1,0,128,786,1018,526,797,438,831,954,499,153,757,58,879,133,625,517,1015,378,931,161,734,14,822,649,970,106,870,1022,851,570,446,730,334,67,96,65,70,81,69,55,51,60,67,47,69,89,67,58,54,84,68,98,42,44,69,60,105,94,93,77,70,64,68,62,63
[ 635.675776] wil6210-aoa$0,1606494878.026179,04:d6:aa:ab:45:40,2,1,1,0,128,885,63,21,993,939,996,432,709,144,815,553,20,702,822,20,202,991,153,698,963,559,1002,645,992,662,46,28,891,41,647,594,197,66,98,67,73,87,72,57,51,62,70,49,72,94,70,64,59,90,72,107,46,49,79,70,120,104,107,89,85,72,76,74,73
[ 635.712453] wil6210-aoa$0,1606494878.062850,04:d6:aa:ab:45:40,2,1,1,0,128,406,264,24,1003,874,988,907,504,214,838,605,39,714,850,47,231,1005,139,656,918,489,1005,83,784,169,898,559,15,59,637,953,464,69,96,65,72,83,72,58,50,59,67,45,70,93,68,59,53,87,70,100,43,48,74,67,109,100,99,86,75,67,70,68,72
[ 635.746909] wil6210-aoa$0,1606494878.097311,04:d6:aa:ab:45:40,2,1,1,0,128,844,34,1,989,902,987,858,494,165,774,23,876,145,666,552,46,996,80,665,934,546,1001,707,1021,605,34,38,887,5,594,999,608,74,100,66,74,88,73,60,53,64,71,49,74,94,72,66,60,93,71,106,47,53,80,71,119,106,110,92,87,73,78,79,79
[ 635.782879] wil6210-aoa$0,1606494878.133282,04:d6:aa:ab:45:40,2,1,1,0,128,862,28,21,1000,412,826,926,492,185,783,592,23,701,852,537,20,418,952,128,708,35,857,622,966,127,881,1005,857,476,453,322,975,73,98,68,75,86,74,60,54,62,71,49,74,95,72,65,62,93,72,106,51,53,79,73,125,106,112,94,89,72,79,81,79
[ 635.823415] wil6210-aoa$0,1606494878.173813,04:d6:aa:ab:45:40,2,1,1,0,128,899,49,26,976,983,1006,474,683,708,985,629,91,718,834,27,190,954,78,577,871,985,804,710,1008,675,37,28,899,89,654,632,234,81,110,76,82,93,81,66,57,69,78,54,82,107,80,71,67,101,81,118,54,61,86,79,134,115,123,99,97,79,84,86,85
[ 635.861746] wil6210-aoa$0,1606494878.212150,04:d6:aa:ab:45:40,2,1,1,0,128,399,236,1008,963,5,13,469,707,687,954,673,107,735,853,34,207,953,87,685,924,566,0,687,7,611,24,551,2,87,640,850,260,76,103,71,78,90,77,63,56,65,72,50,75,101,76,67,65,96,75,111,51,57,83,75,124,112,117,98,92,76,83,86,82
[ 635.892067] wil6210-aoa$0,1606494878.242469,04:d6:aa:ab:45:40,2,1,1,0,128,857,74,10,976,940,1021,509,714,726,993,607,53,741,864,57,245,984,101,673,909,570,0,664,973,160,944,556,78,37,630,948,364,70,98,66,72,84,73,56,49,61,68,46,70,92,71,62,57,89,68,107,46,50,73,68,116,101,105,88,87,69,75,73,77
[ 635.922947] wil6210-aoa$0,1606494878.273351,04:d6:aa:ab:45:40,2,1,1,0,128,438,276,1018,990,948,1005,1001,549,151,767,49,830,725,849,529,32,467,965,164,756,585,1006,659,980,695,114,561,42,68,635,813,341,73,103,69,78,90,73,61,54,65,73,50,75,98,75,66,60,95,74,110,49,51,75,71,119,104,111,89,86,71,78,77,78
[ 635.954524] wil6210-aoa$0,1606494878.304929,04:d6:aa:ab:45:40,2,1,1,0,128,434,294,932,940,950,966,441,699,726,985,59,849,156,644,565,44,996,109,676,894,515,982,666,1011,631,60,10,905,49,641,210,809,74,103,68,76,87,75,58,52,65,72,49,74,98,75,66,62,94,74,107,51,54,81,76,125,108,114,94,93,73,80,83,81
[ 635.991506] wil6210-aoa$0,1606494878.341909,04:d6:aa:ab:45:40,2,1,1,0,128,876,25,493,762,996,26,435,683,730,1017,618,37,716,831,10,189,976,80,138,753,590,4,664,983,105,871,1,857,52,603,107,681,77,109,72,80,92,78,62,56,66,76,54,78,103,80,68,66,100,80,114,49,56,81,75,125,111,117,93,88,75,81,77,79
[ 636.022461] wil6210-aoa$0,1606494878.372864,04:d6:aa:ab:45:40,2,1,1,0,128,330,193,437,734,422,826,490,738,180,844,34,843,717,855,476,2,431,979,120,752,558,1010,706,1020,622,14,47,914,53,613,241,855,78,111,75,81,96,81,67,58,70,77,53,82,106,79,71,68,104,80,114,53,55,87,78,136,111,119,100,95,81,86,87,86
[ 636.053876] wil6210-aoa$0,1606494878.404277,04:d6:aa:ab:45:40,2,1,1,0,128,381,235,57,0,955,995,510,729,655,953,93,929,694,855,48,214,953,73,731,980,557,979,122,776,115,849,617,59,67,647,651,124,72,101,65,72,85,73,60,53,62,69,49,73,97,72,64,60,93,71,107,48,54,77,69,118,105,111,91,86,72,77,79,78
[ 636.090515] wil6210-aoa$0,1606494878.440917,04:d6:aa:ab:45:40,2,1,1,0,128,357,226,1023,970,916,973,500,770,171,833,611,26,736,866,61,236,947,79,687,941,514,990,726,1002,678,59,559,55,84,635,425,12,70,97,66,73,86,73,57,51,62,69,47,67,94,69,58,57,89,72,101,43,51,76,66,113,100,103,87,82,68,71,73,77
[ 636.127222] wil6210-aoa$0,1606494878.477625,04:d6:aa:ab:45:40,2,1,1,0,128,379,239,1019,960,979,977,943,498,764,972,543,17,748,871,996,160,406,915,163,752,27,830,630,974,661,62,589,44,39,652,318,864,72,99,67,74,88,75,57,52,63,72,49,73,98,75,65,62,93,74,106,47,56,79,73,125,104,110,91,90,72,76,82,79
[ 636.163146] wil6210-aoa$0,1606494878.513544,04:d6:aa:ab:45:40,2,1,1,0,128,415,261,15,978,423,798,517,779,673,979,618,57,697,845,77,230,989,144,732,971,483,941,638,960,681,41,1006,846,98,684,449,982,73,100,68,74,86,75,60,52,64,71,50,75,98,73,66,61,94,73,106,49,54,81,72,123,106,112,91,89,72,81,82,81
[ 636.196345] wil6210-aoa$0,1606494878.546743,04:d6:aa:ab:45:40,2,1,1,0,128,396,305,992,967,945,985,488,712,653,968,573,49,650,788,570,35,430,952,120,732,544,980,670,983,600,42,43,901,29,636,512,53,67,92,64,70,83,66,55,50,57,66,46,68,90,68,56,54,87,70,97,40,46,70,60,103,94,95,83,71,64,71,65,65
[ 636.235187] wil6210-aoa$0,1606494878.585588,04:d6:aa:ab:45:40,2,1,1,0,128,349,208,1011,952,941,976,572,761,698,963,637,72,644,805,88,257,977,114,679,969,498,998,685,1015,666,41,554,32,58,648,242,752,70,97,67,73,83,75,59,51,60,70,49,69,97,74,63,62,92,74,105,47,53,77,72,122,106,106,88,87,72,77,80,79
[ 636.272203] wil6210-aoa$0,1606494878.622605,04:d6:aa:ab:45:40,2,1,1,0,128,904,65,17,1001,419,841,995,561,77,763,86,900,146,655,571,87,380,905,176,799,963,793,98,785,153,879,44,898,493,403,147,747,75,103,72,78,90,75,61,54,63,72,51,76,100,77,66,63,97,74,109,50,56,80,73,125,107,115,93,88,75,79,83,82
[ 636.303386] wil6210-aoa$0,1606494878.653787,04:d6:aa:ab:45:40,2,1,1,0,128,874,62,13,966,403,785,485,723,168,803,606,8,728,847,47,212,404,916,663,926,531,994,667,998,109,874,598,57,543,459,104,630,75,102,70,77,90,77,62,53,63,73,50,76,101,78,65,61,94,76,110,48,52,76,70,122,107,109,93,82,71,77,74,78
[ 636.345855] wil6210-aoa$0,1606494878.696252,04:d6:aa:ab:45:40,2,1,1,0,128,817,1017,23,989,1006,1020,458,740,702,967,52,859,735,863,512,33,969,98,678,953,543,2,630,978,120,873,1007,862,514,422,89,775,75,105,72,78,90,77,62,55,66,74,50,76,99,76,67,61,95,75,110,49,54,80,70,127,107,112,92,88,73,79,78,78
[ 636.384940] wil6210-aoa$0,1606494878.735342,04:d6:aa:ab:45:40,2,1,1,0,128,386,247,1023,967,934,975,444,720,736,1014,612,41,675,852,542,55,442,971,112,738,1014,823,165,793,86,863,1021,871,529,458,421,32,82,113,75,85,97,86,67,59,72,82,55,82,105,81,74,69,104,81,122,57,60,87,85,133,119,124,106,102,81,89,92,91
[ 636.423382] wil6210-aoa$0,1606494878.773780,04:d6:aa:ab:45:40,2,1,1,0,128,838,72,42,975,1000,999,909,493,178,794,1017,858,143,642,511,11,521,977,642,929,522,953,88,786,135,893,27,896,480,378,876,451,74,102,68,76,86,74,60,53,62,73,48,74,96,74,66,62,92,73,110,49,55,79,76,128,107,113,93,89,70,79,82,82
[ 636.464146] wil6210-aoa$0,1606494878.814544,04:d6:aa:ab:45:40,2,1,1,0,128,893,57,518,790,364,782,961,520,166,838,618,16,738,858,29,188,944,109,701,934,527,976,681,1001,88,892,539,16,35,609,550,139,80,110,75,82,95,83,66,59,70,80,55,83,108,79,71,68,102,79,119,52,58,85,82,136,117,123,99,96,79,85,88,87
[ 636.504351] wil6210-aoa$0,1606494878.854753,04:d6:aa:ab:45:40,2,1,1,0,128,794,1011,523,768,1003,1020,442,734,632,937,648,48,708,826,54,204,418,935,616,923,30,851,705,994,106,885,559,33,36,630,118,695,71,97,66,72,85,72,58,50,62,70,50,72,94,72,63,60,87,70,102,45,50,78,69,119,102,107,89,85,71,78,77,77
[ 636.539513] wil6210-aoa$0,1606494878.889910,04:d6:aa:ab:45:40,2,1,1,0,128,415,267,6,970,895,983,915,492,213,832,638,48,685,833,570,35,1000,149,738,1018,535,999,708,8,674,70,542,55,7,618,200,745,70,96,67,75,87,72,60,53,61,70,48,72,95,71,65,61,93,72,106,47,50,78,71,121,106,110,89,89,71,74,77,79
[ 636.570393] wil6210-aoa$0,1606494878.920795,04:d6:aa:ab:45:40,2,1,1,0,128,890,71,452,760,990,1015,472,713,797,1019,46,864,688,868,41,209,1022,109,648,927,546,982,656,944,726,62,22,853,88,648,368,949,80,110,74,82,95,82,67,60,70,79,53,83,109,80,72,70,104,79,116,55,60,88,83,129,118,122,102,98,80,87,89,89
[ 636.608128] wil6210-aoa$0,1606494878.958530,04:d6:aa:ab:45:40,2,1,1,0,128,428,277,992,969,925,1004,503,723,746,3,583,36,671,867,7,175,1000,144,678,923,572,1009,683,974,168,925,3,850,539,440,799,352,72,101,67,74,86,76,58,51,62,70,47,72,95,74,66,60,89,71,106,48,54,80,75,124,106,111,91,90,73,76,79,81
[ 636.642628] wil6210-aoa$0,1606494878.993025,04:d6:aa:ab:45:40,2,1,1,0,128,839,52,494,814,974,1007,471,743,741,1006,643,83,678,821,52,215,945,86,726,964,1017,761,138,796,140,885,548,30,110,675,928,415,77,110,75,80,95,81,66,57,67,78,51,81,107,78,68,63,100,79,113,48,57,84,75,126,108,115,95,90,77,82,79,81
[ 636.680544] wil6210-aoa$0,1606494879.030945,04:d6:aa:ab:45:40,2,1,1,0,128,351,200,7,991,413,818,490,740,660,949,88,905,106,595,478,16,444,945,694,894,487,963,684,954,696,110,542,41,71,628,390,929,72,103,69,77,88,72,61,54,63,72,49,74,97,75,66,61,93,76,109,50,55,80,69,121,108,107,88,84,73,76,78,77
[ 636.717542] wil6210-aoa$0,1606494879.067944,04:d6:aa:ab:45:40,2,1,1,0,128,911,74,1010,953,982,1016,438,697,711,1004,25,894,703,828,10,221,1004,128,618,887,540,1009,651,985,128,888,607,44,57,647,33,659,68,97,66,72,82,67,57,51,60,67,48,69,91,70,60,56,86,69,101,44,48,74,66,110,94,100,83,78,66,71,68,69
[ 636.755448] wil6210-aoa$0,1606494879.105847,04:d6:aa:ab:45:40,2,1,1,0,128,912,90,1019,997,984,15,425,725,701,998,597,62,693,841,39,244,986,132,694,934,566,1002,723,15,649,44,1013,868,518,415,120,753,75,102,71,79,91,74,62,55,64,74,52,76,99,76,68,64,98,75,110,51,56,81,72,123,109,114,92,90,74,80,82,80
[ 636.796659] wil6210-aoa$0,1606494879.147062,04:d6:aa:ab:45:40,2,1,1,0,128,348,200,60,2,980,1011,526,787,745,7,580,23,767,891,68,241,996,123,706,1001,537,1011,648,984,710,61,525,41,14,619,696,141,68,91,65,70,83,70,55,49,59,67,46,69,90,69,63,60,86,68,103,48,50,78,69,116,100,107,89,86,70,74,81,75
[ 636.830759] wil6210-aoa$0,1606494879.181157,04:d6:aa:ab:45:40,2,1,1,0,128,429,323,1007,1005,957,1018,469,733,631,989,618,39,731,840,1022,170,982,135,113,784,549,985,673,990,706,53,556,17,56,651,31,584,82,113,75,84,97,84,67,57,69,78,53,84,109,82,69,65,102,79,116,54,60,88,81,137,117,121,100,95,82,87,90,88
[ 636.863491] wil6210-aoa$0,1606494879.213893,04:d6:aa:ab:45:40,2,1,1,0,128,365,249,11,993,954,1,501,753,635,947,625,12,703,831,520,10,458,981,679,973,467,975,659,997,697,73,561,53,75,611,991,432,74,109,73,80,94,79,64,57,70,78,53,77,104,79,69,65,99,80,112,49,56,80,74,128,108,111,94,86,78,81,76,81
[ 636.894431] wil6210-aoa$0,1606494879.244834,04:d6:aa:ab:45:40,2,1,1,0,128,841,27,35,1003,966,2,480,765,660,945,628,63,637,833,121,281,939,92,693,943,589,13,714,5,676,53,579,54,9,601,34,633,73,98,69,75,87,76,60,52,63,72,49,75,96,73,64,61,93,72,109,48,52,80,71,124,107,112,93,88,73,78,80,79
[ 636.930825] wil6210-aoa$0,1606494879.281226,04:d6:aa:ab:45:40,2,1,1,0,128,370,219,1019,1003,942,974,536,764,698,996,615,65,644,804,60,266,931,102,637,945,527,1,671,1013,678,49,587,58,3,594,424,992,66,91,62,67,78,69,54,46,60,64,46,66,87,66,58,54,84,63,98,45,49,73,65,108,96,101,84,78,66,72,70,69
[ 636.967398] wil6210-aoa$0,1606494879.317801,04:d6:aa:ab:45:40,2,1,1,0,128,397,257,7,962,905,960,434,710,695,985,50,876,737,862,38,235,930,92,671,929,511,998,697,997,672,71,609,83,71,662,997,456,76,109,76,80,94,79,63,56,67,77,54,77,105,78,68,65,99,78,115,49,58,83,74,127,112,115,97,91,77,82,82,83
[ 637.003512] wil6210-aoa$0,1606494879.353914,04:d6:aa:ab:45:40,2,1,1,0,128,875,62,416,757,411,833,503,714,700,971,645,63,695,863,28,220,403,930,83,736,1023,806,123,827,653,43,572,41,24,604,368,980,71,98,67,75,86,73,60,53,63,71,48,75,96,72,67,62,94,72,106,50,53,79,71,118,105,111,91,91,72,78,79,79
[ 637.034358] wil6210-aoa$0,1606494879.384761,04:d6:aa:ab:45:40,2,1,1,0,128,862,32,464,748,421,818,945,525,149,807,49,858,167,646,552,30,975,101,104,778,944,784,91,767,128,867,17,868,494,380,972,587,72,98,68,73,87,74,59,53,64,71,49,75,96,74,63,59,92,68,110,46,51,79,72,124,107,112,93,90,73,79,79,79
[ 637.065905] wil6210-aoa$0,1606494879.416308,04:d6:aa:ab:45:40,2,1,1,0,128,863,65,434,775,444,844,460,726,99,772,85,916,683,821,545,53,968,100,696,932,508,1011,640,967,139,889,539,1,566,440,894,486,71,100,68,74,85,72,58,51,63,68,50,72,95,71,62,58,91,72,106,47,49,77,67,118,103,107,88,84,70,76,76,73
[ 637.102856] wil6210-aoa$0,1606494879.453260,04:d6:aa:ab:45:40,2,1,1,0,128,413,268,20,984,968,30,425,684,680,1013,29,808,148,664,562,61,959,122,707,942,553,973,708,995,678,55,570,61,78,657,985,598,68,96,65,71,83,68,55,49,59,67,45,67,89,68,59,53,87,68,101,43,48,71,65,108,97,96,86,75,67,70,71,70
[ 637.134403] wil6210-aoa$0,1606494879.484800,04:d6:aa:ab:45:40,2,1,1,0,128,874,72,974,932,379,804,952,543,700,983,576,46,676,847,526,43,369,913,705,943,451,955,713,12,646,51,579,53,524,433,460,33,72,103,72,77,90,75,61,54,64,74,50,76,98,75,65,59,92,73,109,50,51,79,70,121,106,111,90,84,73,77,78,78
[ 637.174441] wil6210-aoa$0,1606494879.524843,04:d6:aa:ab:45:40,2,1,1,0,128,906,88,1020,993,1006,1023,931,511,154,811,53,856,745,842,489,32,991,120,674,922,525,1005,666,971,641,55,578,47,38,607,912,457,67,95,66,73,84,69,59,51,61,65,45,71,91,71,60,58,90,70,102,46,51,74,68,116,98,106,84,86,70,74,73,72
[ 637.210309] wil6210-aoa$0,1606494879.560707,04:d6:aa:ab:45:40,2,1,1,0,128,836,31,436,789,955,1016,465,711,709,1000,22,873,736,851,110,285,923,94,678,960,556,1007,708,11,667,57,558,28,51,627,106,649,80,112,74,81,97,83,66,59,69,80,56,81,105,81,70,65,98,80,115,51,56,82,74,128,112,116,96,91,78,82,81,83
[ 637.241638] wil6210-aoa$0,1606494879.592040,04:d6:aa:ab:45:40,2,1,1,0,128,904,77,2,968,972,1011,936,516,149,814,13,854,201,664,547,40,974,91,674,937,498,976,688,997,140,921,30,898,10,613,14,524,79,112,78,83,99,82,67,61,71,81,55,82,109,83,74,69,103,81,119,56,63,91,84,127,118,123,103,99,82,88,91,90
[ 637.272587] wil6210-aoa$0,1606494879.622989,04:d6:aa:ab:45:40,2,1,1,0,128,389,241,44,999,0,20,488,744,630,939,612,40,719,830,53,217,960,105,687,944,574,29,671,976,655,82,583,85,1012,611,236,736,79,112,76,84,96,81,64,57,70,79,53,80,107,83,71,65,101,79,118,53,58,84,77,126,113,116,97,94,77,83,84,85
[ 637.313580] wil6210-aoa$0,1606494879.663978,04:d6:aa:ab:45:40,2,1,1,0,128,832,23,9,964,393,789,0,575,688,976,598,20,689,812,575,54,1010,142,628,897,561,995,675,992,176,919,586,61,28,618,885,418,79,109,75,81,96,80,65,55,69,77,55,81,103,79,69,65,99,81,116,50,56,85,74,129,112,117,101,90,76,84,82,84
[ 637.354722] wil6210-aoa$0,1606494879.705119,04:d6:aa:ab:45:40,2,1,1,0,128,403,219,10,975,974,1020,527,760,724,1020,560,20,683,843,75,242,978,104,653,958,544,955,683,1005,110,884,66,884,38,615,564,80,72,99,67,74,86,72,60,54,61,71,48,73,97,72,63,59,91,72,107,49,50,77,70,121,105,108,88,84,71,77,78,77
[ 637.391541] wil6210-aoa$0,1606494879.741943,04:d6:aa:ab:45:40,2,1,1,0,128,396,252,12,992,938,993,479,702,670,971,610,26,645,789,549,57,957,123,718,991,542,999,675,1021,684,70,555,65,1,599,488,37,78,110,76,82,94,81,65,56,68,77,53,78,105,77,67,63,100,78,109,49,54,80,70,121,107,109,90,84,73,78,75,74
[ 637.422690] wil6210-aoa$0,1606494879.773089,04:d6:aa:ab:45:40,2,1,1,0,128,888,89,1012,977,993,1008,497,754,721,990,571,28,674,794,528,37,985,85,90,751,578,1009,678,988,79,908,20,876,1019,577,159,781,79,107,75,81,92,80,65,56,70,79,53,82,105,81,71,67,101,76,113,53,58,87,82,127,114,121,101,97,82,87,90,89
[ 637.463850] wil6210-aoa$0,1606494879.814248,04:d6:aa:ab:45:40,2,1,1,0,128,894,69,978,971,973,983,485,745,719,1020,544,11,669,826,47,229,994,103,598,882,585,31,660,955,621,11,1008,873,70,644,235,808,80,107,74,84,93,80,65,56,70,77,55,82,104,79,69,66,101,78,115,50,57,85,76,131,111,116,96,91,77,83,81,82
[ 637.504987] wil6210-aoa$0,1606494879.855385,04:d6:aa:ab:45:40,2,1,1,0,128,838,35,9,964,976,13,442,701,702,1001,638,60,706,845,1016,182,984,104,605,885,41,835,684,1007,707,107,29,850,526,461,950,525,73,103,68,77,91,74,60,53,65,73,49,74,99,73,65,60,95,74,105,47,51,78,71,120,105,109,89,86,70,77,76,78
[ 637.547112] wil6210-aoa$0,1606494879.897514,04:d6:aa:ab:45:40,2,1,1,0,128,378,259,12,963,981,1007,523,747,702,984,629,47,709,894,57,180,1014,130,663,950,564,979,679,979,664,42,537,1022,500,438,79,714,70,97,65,70,82,70,56,50,62,69,45,67,91,69,58,54,87,68,102,43,49,75,67,112,97,99,87,82,66,72,70,72
[ 637.581520] wil6210-aoa$0,1606494879.931918,04:d6:aa:ab:45:40,2,1,1,0,128,421,247,996,950,974,1002,430,715,101,756,75,869,144,634,502,41,975,143,679,925,533,971,120,791,146,877,46,874,519,415,355,10,78,105,72,77,88,79,63,54,64,73,50,78,100,76,67,62,97,73,110,52,57,81,77,131,109,115,94,91,76,81,83,83
[ 637.613743] wil6210-aoa$0,1606494879.964145,04:d6:aa:ab:45:40,2,1,1,0,128,870,33,1022,954,966,982,467,716,697,983,577,32,717,838,10,190,476,966,131,758,520,976,154,833,677,38,589,76,449,417,919,524,78,109,77,82,94,79,65,56,69,79,53,82,105,81,69,65,100,79,116,52,58,84,75,128,111,116,98,90,76,82,80,82
[ 637.645307] wil6210-aoa$0,1606494879.995708,04:d6:aa:ab:45:40,2,1,1,0,128,991,126,1015,985,415,814,974,524,719,17,546,1018,728,889,26,220,26,166,668,927,533,991,615,985,667,59,5,870,96,667,781,318,77,109,71,81,95,77,64,56,67,80,51,77,103,78,67,64,102,82,114,49,55,82,78,128,114,114,97,90,78,83,83,83
[ 637.681913] wil6210-aoa$0,1606494880.032315,04:d6:aa:ab:45:40,2,1,1,0,128,434,259,1002,991,1005,1023,479,737,783,12,617,34,745,879,10,214,994,152,675,969,538,1003,741,1008,609,36,550,52,29,592,482,92,81,110,75,81,95,81,67,57,69,80,55,82,107,82,70,67,100,79,115,51,57,85,81,132,114,117,98,94,80,83,82,85
[ 637.713811] wil6210-aoa$0,1606494880.064214,04:d6:aa:ab:45:40,2,1,1,0,128,385,278,21,1004,929,19,413,652,692,986,591,3,718,843,88,254,1,164,679,948,556,26,715,0,677,96,549,11,65,644,619,151,80,111,75,84,97,83,66,57,71,81,55,82,107,84,70,67,104,80,120,53,59,85,80,130,115,121,104,100,82,86,90,88
[ 637.748315] wil6210-aoa$0,1606494880.098714,04:d6:aa:ab:45:40,2,1,1,0,128,378,224,984,927,433,803,444,718,713,972,612,56,664,796,85,229,910,43,140,735,1009,822,681,997,676,78,534,14,8,627,941,479,71,100,68,74,84,72,58,52,63,71,49,73,95,72,63,56,90,70,103,46,50,72,66,116,103,104,87,82,70,75,72,72
[ 637.785444] wil6210-aoa$0,1606494880.135846,04:d6:aa:ab:45:40,2,1,1,0,128,910,69,462,794,438,817,913,478,249,830,564,1013,113,631,457,999,424,969,77,734,17,833,199,827,94,902,626,80,9,617,253,818,70,99,67,72,84,71,59,51,61,71,49,71,95,72,65,60,92,72,104,48,53,77,71,121,105,108,88,87,72,76,79,80
[ 637.816133] wil6210-aoa$0,1606494880.166535,04:d6:aa:ab:45:40,2,1,1,0,128,365,200,455,790,409,814,958,530,718,1008,603,41,738,822,515,1019,380,869,178,786,532,1009,675,1015,593,8,559,32,67,631,784,355,71,97,67,74,84,71,57,52,60,69,48,72,93,71,60,57,90,70,102,45,50,74,67,117,102,102,91,82,69,76,73,72
[ 637.851753] wil6210-aoa$0,1606494880.202152,04:d6:aa:ab:45:40,2,1,1,0,128,892,55,3,993,961,1013,490,738,141,799,635,58,769,864,107,281,931,102,682,969,549,974,714,22,630,40,559,33,48,620,156,682,77,109,73,81,93,81,64,59,67,77,52,77,102,77,66,63,96,77,108,48,50,79,71,121,105,109,91,82,71,78,74,74
[ 637.883449] wil6210-aoa$0,1606494880.233852,04:d6:aa:ab:45:40,2,1,1,0,128,800,1009,469,799,970,1008,900,499,217,815,115,885,698,865,79,256,424,939,667,923,993,786,723,1008,149,914,530,17,64,679,121,737,73,100,69,76,84,76,59,52,62,70,49,75,99,73,64,61,93,72,110,48,56,81,74,123,107,111,91,90,74,79,82,79
[ 637.921209] wil6210-aoa$0,1606494880.271606,04:d6:aa:ab:45:40,2,1,1,0,128,844,24,507,823,452,849,905,503,174,818,578,39,703,819,8,183,972,128,609,897,496,944,95,769,182,928,634,54,52,636,995,466,66,94,66,70,82,71,55,49,58,67,44,69,91,69,60,55,83,68,99,42,49,71,64,113,99,101,83,78,67,70,71,70
[ 637.955932] wil6210-aoa$0,1606494880.306334,04:d6:aa:ab:45:40,2,1,1,0,128,396,226,14,995,946,1006,511,773,713,946,617,51,121,648,587,65,988,99,712,969,526,983,701,1011,665,61,547,1021,1005,599,443,1019,73,100,70,77,87,77,61,55,64,74,50,76,100,75,67,64,98,75,108,51,57,80,76,127,110,114,95,91,76,83,82,81
[ 637.987568] wil6210-aoa$0,1606494880.337970,04:d6:aa:ab:45:40,2,1,1,0,128,852,22,489,802,366,778,505,744,104,787,607,28,714,842,95,266,946,86,655,939,28,837,680,973,60,868,55,916,476,433,86,688,67,95,64,71,81,68,56,49,58,65,45,66,90,67,58,56,87,69,96,42,49,71,63,108,98,99,81,73,67,69,65,65
[ 638.023058] wil6210-aoa$0,1606494880.373460,04:d6:aa:ab:45:40,2,1,1,0,128,920,94,32,983,414,842,432,712,694,965,654,90,660,848,24,221,974,101,658,929,557,1006,641,981,688,89,565,60,49,621,924,469,78,112,75,82,97,81,65,57,70,79,52,80,108,81,69,65,100,77,115,52,57,87,75,130,113,118,99,96,77,83,85,84
[ 638.054545] wil6210-aoa$0,1606494880.404948,04:d6:aa:ab:45:40,2,1,1,0,128,404,276,12,979,929,1007,405,677,739,9,555,3,763,887,22,239,48,170,650,931,565,5,702,998,640,17,551,37,47,602,459,1014,78,108,75,81,94,79,64,56,70,78,53,80,105,80,68,65,98,81,116,50,56,84,77,127,112,119,96,92,77,83,84,84
[ 638.091790] wil6210-aoa$0,1606494880.442190,04:d6:aa:ab:45:40,2,1,1,0,128,873,58,1018,1006,908,968,453,687,693,977,1022,865,207,667,550,33,430,972,656,935,964,800,683,999,705,58,563,44,11,631,429,904,74,97,69,75,89,76,61,53,62,70,51,73,96,76,67,62,94,74,108,49,56,82,72,124,108,112,94,91,75,81,81,80
[ 638.132034] wil6210-aoa$0,1606494880.482437,04:d6:aa:ab:45:40,2,1,1,0,128,378,223,1022,1018,965,1004,470,712,709,954,95,885,691,860,40,208,977,101,719,951,542,1015,668,971,647,52,623,75,1020,603,40,590,73,99,66,73,88,75,61,52,65,74,48,74,98,73,68,62,94,74,110,49,54,80,74,122,107,111,96,91,73,79,81,80
[ 638.163731] wil6210-aoa$0,1606494880.514133,04:d6:aa:ab:45:40,2,1,1,0,128,894,86,24,1019,971,1021,477,744,688,1001,630,47,673,846,35,243,995,105,672,955,550,21,701,1007,719,168,505,9,31,641,994,454,73,100,68,74,87,75,59,53,63,70,48,73,95,74,65,63,91,71,106,51,55,79,71,122,105,111,93,93,73,77,79,80
[ 638.195003] wil6210-aoa$0,1606494880.545408,04:d6:aa:ab:45:40,2,1,1,0,128,854,15,552,821,393,816,425,682,169,787,612,46,646,792,31,225,891,66,131,724,1022,829,81,770,167,934,551,19,492,409,3,625,72,99,69,75,85,73,57,52,62,69,50,72,96,74,65,61,92,73,109,48,53,79,72,122,107,111,90,86,72,76,81,79
[ 638.231901] wil6210-aoa$0,1606494880.582304,04:d6:aa:ab:45:40,2,1,1,0,128,842,60,0,934,975,998,449,677,694,962,625,28,687,811,29,215,987,133,659,959,522,957,657,955,685,64,608,88,87,681,758,249,70,100,66,74,89,76,59,53,64,72,47,74,98,75,66,61,94,75,106,51,56,80,75,125,106,112,93,90,74,79,83,81
[ 638.262604] wil6210-aoa$0,1606494880.613006,04:d6:aa:ab:45:40,2,1,1,0,128,403,281,1014,965,943,1008,907,491,177,790,8,841,711,833,75,182,965,92,128,742,601,44,647,946,659,37,1009,871,61,643,749,228,70,99,66,74,85,72,58,52,64,71,47,71,95,71,63,62,90,72,103,46,51,77,69,116,103,106,91,85,68,75,78,76
[ 638.293587] wil6210-aoa$0,1606494880.643990,04:d6:aa:ab:45:40,2,1,1,0,128,919,109,60,10,945,979,910,531,725,965,87,887,705,833,26,222,1011,120,94,716,524,984,139,814,662,67,539,55,40,656,437,4,80,111,78,84,97,82,66,59,70,79,54,82,108,83,73,68,105,82,119,54,60,88,83,137,115,120,104,98,81,88,90,87
[ 638.326562] wil6210-aoa$0,1606494880.676959,04:d6:aa:ab:45:40,2,1,1,0,128,877,63,475,792,940,955,4,561,694,986,580,23,749,873,1011,187,988,127,597,899,972,787,114,810,135,883,563,29,30,622,551,52,79,112,79,83,98,82,67,58,73,82,55,83,108,83,71,67,102,83,119,52,57,87,76,133,115,119,100,95,81,87,83,84
[ 638.365254] wil6210-aoa$0,1606494880.715656,04:d6:aa:ab:45:40,2,1,1,0,128,352,218,23,1020,994,12,443,715,783,1020,4,874,710,867,32,237,980,123,702,971,539,1022,641,964,727,109,574,32,104,691,407,850,70,95,66,72,82,71,58,51,60,68,47,69,91,70,61,59,87,68,104,46,51,74,67,115,100,101,85,80,68,71,71,72
[ 638.401868] wil6210-aoa$0,1606494880.752270,04:d6:aa:ab:45:40,2,1,1,0,128,906,72,1004,981,985,14,477,730,729,1004,576,47,715,815,24,203,956,66,36,702,51,853,663,1008,106,883,579,78,51,617,118,675,71,98,63,69,81,69,56,50,58,66,46,70,91,70,61,56,85,67,100,45,49,74,67,115,99,100,87,83,70,74,73,71
[ 638.432570] wil6210-aoa$0,1606494880.782972,04:d6:aa:ab:45:40,2,1,1,0,128,851,36,20,993,959,962,466,726,187,784,58,865,180,695,80,242,1009,99,104,734,514,995,643,955,98,860,571,42,506,427,398,928,72,99,69,75,86,73,59,52,62,71,48,73,98,74,64,61,94,73,106,48,53,79,73,120,104,110,89,88,74,78,79,80
[ 638.463525] wil6210-aoa$0,1606494880.813928,04:d6:aa:ab:45:40,2,1,1,0,128,885,48,1009,949,443,845,912,490,135,746,60,863,193,679,528,46,1005,140,651,891,1003,797,89,817,134,899,603,82,24,585,79,612,79,110,75,85,93,83,67,59,69,79,55,83,108,83,71,68,103,81,116,54,61,86,81,134,117,121,101,95,80,85,84,85
[ 638.499954] wil6210-aoa$0,1606494880.850357,04:d6:aa:ab:45:40,2,1,1,0,128,393,222,49,12,1004,1016,519,780,700,1004,611,69,727,863,24,239,963,102,717,984,579,1006,700,994,683,46,524,36,60,632,658,161,80,110,74,80,94,83,64,58,70,79,54,80,106,80,68,64,100,79,112,51,55,84,76,126,113,116,96,91,79,86,81,83
[ 638.531278] wil6210-aoa$0,1606494880.881683,04:d6:aa:ab:45:40,2,1,1,0,128,823,17,16,996,948,978,498,741,739,1011,635,48,685,807,111,240,924,101,656,922,572,1002,730,48,93,891,594,47,40,624,295,846,69,97,66,74,85,71,57,51,61,67,48,69,93,69,59,56,89,71,101,44,49,72,66,115,100,103,86,81,71,74,73,72
[ 638.568483] wil6210-aoa$0,1606494880.918889,04:d6:aa:ab:45:40,2,1,1,0,128,827,0,30,997,925,971,469,700,690,937,590,32,703,860,85,264,990,112,607,900,560,1004,685,975,621,60,68,912,514,388,409,33,72,100,69,74,85,73,59,51,62,70,49,72,93,72,64,59,93,71,108,47,51,79,71,122,102,108,89,86,73,77,79,77
[ 638.603382] wil6210-aoa$0,1606494880.953782,04:d6:aa:ab:45:40,2,1,1,0,128,835,47,453,782,388,801,465,745,154,802,608,21,123,614,540,68,1009,123,680,930,589,1007,638,1016,667,56,575,69,99,647,860,370,72,98,67,75,87,74,60,52,62,70,49,74,97,74,66,60,90,74,108,47,53,79,73,123,104,109,93,88,73,78,79,79
[ 638.643829] wil6210-aoa$0,1606494880.994229,04:d6:aa:ab:45:40,2,1,1,0,128,849,22,1021,978,992,1012,420,684,719,978,577,46,740,873,65,230,980,107,604,893,32,832,676,1009,749,84,526,38,78,621,30,499,70,96,65,71,81,69,56,49,59,68,47,71,91,69,60,56,89,69,104,45,46,71,65,113,100,99,85,78,66,71,68,69
[ 638.680860] wil6210-aoa$0,1606494881.031262,04:d6:aa:ab:45:40,2,1,1,0,128,327,223,1004,960,973,13,511,760,708,989,660,76,712,872,50,241,1002,115,722,970,536,1015,675,983,656,70,606,55,2,595,809,346,69,96,68,71,85,71,57,51,60,68,47,70,95,70,61,58,90,70,104,44,49,74,68,116,101,107,87,79,69,74,74,73
[ 638.717908] wil6210-aoa$0,1606494881.068307,04:d6:aa:ab:45:40,2,1,1,0,128,854,27,554,860,279,721,950,502,125,818,594,59,620,809,526,71,388,910,130,732,1011,802,146,805,107,873,46,911,574,461,779,269,74,103,72,78,86,76,61,54,61,72,49,73,98,74,64,60,91,71,105,46,50,75,69,117,103,107,88,81,71,74,73,71
[ 638.749691] wil6210-aoa$0,1606494881.100089,04:d6:aa:ab:45:40,2,1,1,0,128,372,219,1019,985,979,1017,474,694,701,1003,78,895,722,845,70,206,388,907,185,775,504,1015,695,1008,642,28,26,884,497,400,563,171,74,102,71,78,89,77,61,54,65,73,50,75,98,75,65,63,95,74,109,51,57,79,73,126,108,117,93,89,75,78,81,80
[ 638.785180] wil6210-aoa$0,1606494881.135582,04:d6:aa:ab:45:40,2,1,1,0,128,874,87,13,995,920,976,933,538,667,974,21,831,198,661,503,23,970,108,665,945,510,957,709,1008,693,56,536,8,18,623,653,220,75,104,70,77,89,78,61,55,65,73,50,75,100,77,66,63,95,73,108,52,56,80,74,127,109,113,95,94,76,81,83,81
[ 638.816448] wil6210-aoa$0,1606494881.166849,04:d6:aa:ab:45:40,2,1,1,0,128,383,223,26,996,976,1010,471,749,734,0,620,81,692,840,40,191,1016,162,600,868,41,876,642,1000,717,87,600,69,69,614,591,124,70,99,69,75,86,73,60,52,62,69,48,72,98,73,62,59,90,71,103,46,53,76,68,116,104,110,91,84,72,76,78,78
[ 638.853204] wil6210-aoa$0,1606494881.203602,04:d6:aa:ab:45:40,2,1,1,0,128,884,74,1023,960,958,1004,448,718,748,976,633,47,742,881,49,275,1014,147,637,938,512,947,661,982,662,40,537,15,502,445,871,473,74,112,74,82,94,81,64,54,70,78,53,80,103,79,66,64,100,77,112,49,56,82,75,126,111,113,97,89,79,82,79,81
[ 638.894112] wil6210-aoa$0,1606494881.244511,04:d6:aa:ab:45:40,2,1,1,0,128,866,50,505,769,439,816,897,491,745,1005,57,878,728,843,476,18,1012,169,633,896,566,5,657,970,108,926,1023,862,17,622,986,632,70,100,67,73,88,73,59,53,65,72,47,74,96,74,61,60,91,70,108,49,54,77,73,124,105,112,92,91,73,78,79,79
[ 638.929532] wil6210-aoa$0,1606494881.279934,04:d6:aa:ab:45:40,2,1,1,0,128,897,51,50,995,934,996,505,749,660,930,118,914,660,825,77,200,917,84,639,913,517,996,674,987,694,53,590,36,76,653,144,725,77,109,75,81,93,78,63,55,67,77,52,79,101,80,67,63,100,79,110,49,54,81,75,123,108,110,95,86,75,77,76,78
[ 638.961067] wil6210-aoa$0,1606494881.311468,04:d6:aa:ab:45:40,2,1,1,0,128,834,9,451,764,420,827,476,724,728,1023,617,69,712,829,11,184,1005,142,643,912,529,1005,676,978,113,884,64,879,517,444,712,241,80,109,76,84,96,83,68,59,71,82,55,83,106,82,75,70,105,79,120,55,60,87,82,133,116,123,103,101,80,88,90,90
