
[ 563.531187] wil6210-aoa$0,1579810015.150237,04:d6:aa:c1:38:97,2,1,1,0,128,946,373,115,481,975,992,386,220,92,924,941,509,200,711,547,193,507,222,756,513,1016,859,376,32,16,909,922,534,543,468,481,623,86,75,52,69,82,87,79,83,83,83,74,88,75,71,75,71,79,74,71,70,83,83,77,71,78,62,63,59,75,69,55,53
[ 563.566520] wil6210-aoa$0,1579810015.185574,04:d6:aa:c1:38:97,2,1,1,0,128,975,416,50,442,12,9,322,187,62,911,896,525,228,784,476,160,610,306,689,483,546,46,323,1013,26,925,954,558,564,494,927,973,88,71,52,72,82,86,77,82,84,83,72,85,73,73,75,73,81,71,69,70,84,84,76,73,77,65,64,63,76,73,58,53
[ 563.600450] wil6210-aoa$0,1579810015.219506,04:d6:aa:c1:38:97,2,1,1,0,128,929,396,71,487,939,964,378,238,43,913,888,519,198,758,515,166,614,316,709,506,22,887,312,1006,462,669,988,584,550,505,76,80,90,73,55,71,84,89,80,84,84,85,75,90,74,73,76,73,84,74,70,68,85,84,79,74,76,65,66,64,76,72,60,54
[ 563.637253] wil6210-aoa$0,1579810015.256310,04:d6:aa:c1:38:97,2,1,1,0,128,950,401,72,483,1008,1009,394,279,49,917,911,558,258,726,610,205,592,288,751,569,534,17,307,1000,1021,897,942,530,574,487,919,885,88,74,51,71,82,86,78,84,84,82,71,87,73,72,72,68,78,73,67,67,80,80,72,66,76,61,61,58,72,66,53,51
[ 563.673031] wil6210-aoa$0,1579810015.292082,04:d6:aa:c1:38:97,2,1,1,0,128,907,360,39,503,964,1006,368,254,39,887,940,528,214,749,531,157,603,261,779,579,557,40,312,978,16,899,971,600,551,485,690,680,88,70,52,70,83,89,78,81,86,87,74,88,75,74,78,71,84,70,68,71,87,88,81,77,78,66,67,67,78,76,64,58
[ 563.705824] wil6210-aoa$0,1579810015.324878,04:d6:aa:c1:38:97,2,1,1,0,128,999,422,106,512,939,953,808,18,499,665,315,280,204,689,513,132,648,339,729,540,524,5,315,1012,1019,875,961,583,523,436,718,793,87,71,52,70,84,87,77,82,83,83,72,85,73,70,71,66,78,73,70,66,81,79,72,68,72,58,60,57,70,67,53,49
[ 563.742372] wil6210-aoa$0,1579810015.361426,04:d6:aa:c1:38:97,2,1,1,0,128,950,387,132,506,0,999,383,267,1011,873,873,456,626,517,1019,987,647,316,717,524,601,50,388,1010,439,678,946,527,565,461,63,50,90,70,54,72,83,89,79,80,86,87,75,89,75,77,78,74,84,73,69,72,88,87,80,76,80,67,67,69,80,73,63,57
[ 563.773652] wil6210-aoa$0,1579810015.392711,04:d6:aa:c1:38:97,2,1,1,0,128,979,436,42,435,984,993,313,193,55,923,923,524,185,705,522,137,694,356,716,476,550,14,365,1008,48,895,959,552,582,469,827,768,86,72,52,71,83,86,75,82,81,83,70,85,71,72,73,67,77,72,68,68,78,80,72,67,74,59,59,55,72,67,51,48
[ 563.811149] wil6210-aoa$0,1579810015.430205,04:d6:aa:c1:38:97,2,1,1,0,128,350,186,44,451,957,981,830,37,510,700,359,296,607,495,952,961,101,108,160,318,974,840,767,768,494,712,905,530,1016,289,284,430,86,70,55,71,84,88,78,85,84,84,75,88,75,73,76,72,82,72,71,70,85,87,76,74,77,64,65,62,77,72,59,56
[ 563.848096] wil6210-aoa$0,1579810015.467150,04:d6:aa:c1:38:97,2,1,1,0,128,949,396,103,492,991,1011,335,198,64,885,956,543,202,737,546,178,653,313,747,526,523,1015,342,5,1011,873,972,564,586,503,426,378,88,69,52,71,83,88,80,84,85,87,76,90,76,75,76,73,83,73,69,71,85,85,79,74,77,66,64,66,78,74,62,56
[ 563.883507] wil6210-aoa$0,1579810015.502558,04:d6:aa:c1:38:97,2,1,1,0,128,0,440,70,452,1014,1013,853,20,553,715,328,306,239,748,533,160,643,309,757,536,544,52,756,805,6,843,403,364,601,513,757,741,87,72,54,71,85,88,78,85,84,86,73,86,74,73,76,68,80,72,69,67,81,82,74,71,75,61,63,59,73,68,56,51
[ 563.916779] wil6210-aoa$0,1579810015.535830,04:d6:aa:c1:38:97,2,1,1,0,128,922,373,13,455,403,839,355,216,65,911,848,465,219,779,550,168,87,136,742,522,585,33,773,788,74,931,892,495,76,351,544,637,89,70,52,73,83,88,78,82,84,83,74,89,74,75,75,72,81,71,69,70,83,83,78,74,78,63,64,63,74,72,58,53
[ 563.955407] wil6210-aoa$0,1579810015.574465,04:d6:aa:c1:38:97,2,1,1,0,128,961,415,69,472,1011,998,322,212,1,873,864,486,126,722,531,183,620,296,687,537,1002,840,322,1006,989,834,469,434,533,455,775,953,88,72,53,71,82,87,78,84,84,83,75,88,72,72,74,69,81,73,69,69,82,82,75,70,75,62,61,60,73,71,56,52
[ 563.993111] wil6210-aoa$0,1579810015.612162,04:d6:aa:c1:38:97,2,1,1,0,128,427,221,5,448,1012,1000,336,208,539,705,882,480,197,712,546,185,631,337,735,511,998,844,764,797,445,674,371,335,1020,319,387,528,88,71,53,72,82,86,79,82,82,82,71,85,71,70,71,69,75,71,67,66,76,77,72,67,72,57,60,57,72,66,51,49
[ 564.034453] wil6210-aoa$0,1579810015.653504,04:d6:aa:c1:38:97,2,1,1,0,128,977,413,81,487,1015,1,419,263,40,927,880,528,151,697,558,175,622,321,672,472,617,37,310,995,63,930,967,581,605,483,246,155,85,72,53,72,80,86,76,82,81,82,70,84,72,70,70,69,77,73,70,69,80,82,72,68,74,61,58,57,72,68,49,49
[ 564.074930] wil6210-aoa$0,1579810015.693989,04:d6:aa:c1:38:97,2,1,1,0,128,415,244,84,487,989,1017,339,236,85,937,865,500,186,743,569,198,630,344,758,533,580,37,372,26,22,911,947,576,576,526,50,76,85,70,52,72,84,86,77,83,83,83,74,89,73,75,74,71,80,71,69,71,84,85,77,75,77,66,64,63,75,73,59,55
[ 564.110294] wil6210-aoa$0,1579810015.729346,04:d6:aa:c1:38:97,2,1,1,0,128,897,383,86,537,1004,6,366,212,65,901,875,492,654,555,1015,1010,662,366,172,317,97,915,351,1016,469,692,1016,604,541,442,720,708,86,71,52,70,82,85,77,81,82,83,74,88,73,72,74,73,79,71,68,70,85,85,75,71,76,63,63,60,74,73,55,53
[ 564.148131] wil6210-aoa$0,1579810015.767190,04:d6:aa:c1:38:97,2,1,1,0,128,872,345,566,272,481,860,802,0,116,940,851,458,234,739,554,196,593,274,703,488,608,71,278,1002,13,882,961,572,573,506,216,258,87,72,50,70,83,87,76,84,83,84,69,84,72,72,70,67,78,70,67,68,80,77,72,66,72,58,58,55,68,64,50,46
[ 564.184999] wil6210-aoa$0,1579810015.804056,04:d6:aa:c1:38:97,2,1,1,0,128,412,190,83,508,965,1000,816,11,62,909,909,514,117,669,993,1002,70,114,142,276,25,830,799,817,517,687,390,372,580,460,455,575,86,70,50,70,79,85,75,80,80,84,70,82,70,70,70,66,76,70,68,66,77,79,71,65,73,58,58,55,70,65,49,48
[ 564.222526] wil6210-aoa$0,1579810015.841577,04:d6:aa:c1:38:97,2,1,1,0,128,967,443,58,461,1011,11,313,203,59,934,869,516,229,750,476,158,644,362,749,572,585,78,340,19,45,932,920,563,590,542,573,669,88,70,53,71,85,90,79,83,83,84,74,89,75,74,76,72,81,71,70,69,84,86,77,75,78,65,65,65,74,71,58,56
[ 564.257082] wil6210-aoa$0,1579810015.876138,04:d6:aa:c1:38:97,2,1,1,0,128,407,196,70,444,976,1004,800,1023,75,921,833,474,203,716,504,160,24,71,193,338,582,53,244,968,487,706,919,569,527,477,243,310,86,71,52,71,83,87,78,82,83,81,72,85,71,70,73,69,79,71,67,68,80,83,75,69,76,61,63,60,75,69,54,51
[ 564.290199] wil6210-aoa$0,1579810015.909250,04:d6:aa:c1:38:97,2,1,1,0,128,958,428,36,462,408,807,357,199,569,739,857,467,272,825,494,144,597,275,744,573,557,21,274,941,525,679,363,286,11,309,563,682,86,69,52,72,80,87,76,80,80,82,70,86,72,70,71,67,79,70,67,65,81,81,72,68,75,60,60,57,70,67,53,47
[ 564.331051] wil6210-aoa$0,1579810015.950102,04:d6:aa:c1:38:97,2,1,1,0,128,972,439,93,500,940,981,391,212,114,929,878,476,203,727,539,173,570,297,774,536,567,9,283,1000,13,870,976,541,539,472,749,784,83,71,52,71,82,88,79,83,83,83,73,88,75,74,75,72,81,71,70,69,84,82,76,73,75,61,63,61,76,71,54,53
[ 564.371129] wil6210-aoa$0,1579810015.990183,04:d6:aa:c1:38:97,2,1,1,0,128,906,362,74,452,942,987,312,175,98,882,852,461,228,736,511,143,569,292,114,252,68,881,336,979,535,713,982,568,621,524,329,391,89,71,53,71,85,88,78,82,84,84,73,88,74,73,75,70,80,72,70,70,82,80,76,71,76,61,61,60,74,70,55,52
[ 564.406878] wil6210-aoa$0,1579810016.025928,04:d6:aa:c1:38:97,2,1,1,0,128,951,419,57,449,452,781,812,7,51,891,847,456,686,542,493,142,75,109,739,488,67,907,347,27,1019,863,927,539,564,472,158,236,86,70,53,70,85,88,77,82,85,85,75,88,75,73,76,72,82,71,70,69,84,85,79,74,77,64,64,61,75,72,58,56
[ 564.443046] wil6210-aoa$0,1579810016.062101,04:d6:aa:c1:38:97,2,1,1,0,128,883,370,28,420,397,784,773,1003,570,740,927,542,185,702,524,150,607,326,714,513,535,3,302,1002,1017,879,932,547,571,513,423,465,85,71,51,70,81,85,76,81,82,82,69,84,72,69,71,66,75,71,68,66,76,75,70,63,70,54,57,54,68,62,47,46
[ 564.476629] wil6210-aoa$0,1579810016.095687,04:d6:aa:c1:38:97,2,1,1,0,128,442,261,38,466,6,1,358,198,576,700,916,520,195,685,992,978,585,274,741,493,7,853,333,1009,27,893,2,550,561,490,609,682,89,70,53,71,81,87,74,82,82,81,71,85,73,72,74,70,79,73,68,69,82,83,76,70,78,64,63,61,75,70,57,51
[ 564.513308] wil6210-aoa$0,1579810016.132363,04:d6:aa:c1:38:97,2,1,1,0,128,951,441,1001,427,994,1011,386,240,108,939,941,536,155,712,531,157,613,314,733,571,583,72,326,9,1004,855,948,578,571,518,835,811,87,70,52,72,83,88,79,83,82,85,74,87,74,72,73,71,80,71,71,69,81,82,78,72,76,63,62,61,73,71,55,53
[ 564.549704] wil6210-aoa$0,1579810016.168755,04:d6:aa:c1:38:97,2,1,1,0,128,363,179,621,341,980,982,874,38,998,828,338,268,589,471,32,1010,69,117,710,474,615,89,257,961,463,689,885,505,7,259,700,847,87,72,52,72,84,86,79,83,83,85,74,86,74,75,75,71,78,71,68,69,82,84,77,73,77,65,63,60,75,69,56,53
[ 564.581266] wil6210-aoa$0,1579810016.200325,04:d6:aa:c1:38:97,2,1,1,0,128,391,222,71,503,5,21,301,177,513,688,350,286,652,577,541,199,628,301,781,537,640,94,270,946,1015,874,975,579,576,532,119,131,84,72,52,71,84,87,78,81,84,83,72,88,73,74,73,71,81,72,70,69,82,82,75,71,75,62,61,60,71,70,53,51
[ 564.617811] wil6210-aoa$0,1579810016.236869,04:d6:aa:c1:38:97,2,1,1,0,128,942,402,1004,432,1003,14,380,247,82,911,904,516,240,773,616,218,605,305,767,523,639,112,243,935,111,928,900,538,568,478,88,88,86,72,52,71,81,85,78,83,82,83,71,86,74,72,72,70,78,72,67,68,83,83,75,71,75,60,63,61,73,68,55,53
[ 564.652253] wil6210-aoa$0,1579810016.271306,04:d6:aa:c1:38:97,2,1,1,0,128,961,392,76,460,976,973,413,208,82,920,840,437,228,724,552,160,635,317,670,489,605,73,250,952,947,833,459,413,555,491,697,721,84,69,52,71,80,85,75,82,80,81,69,84,72,67,69,67,76,70,67,66,78,78,69,65,71,56,57,55,69,66,50,47
[ 564.684128] wil6210-aoa$0,1579810016.303183,04:d6:aa:c1:38:97,2,1,1,0,128,373,157,546,278,399,809,416,248,24,897,777,433,133,669,543,153,636,316,128,314,1000,868,777,829,515,742,997,580,510,455,313,489,85,69,50,69,81,86,74,78,82,80,69,82,71,68,68,63,73,70,65,62,76,73,68,62,69,54,52,50,66,62,43,43
[ 564.722426] wil6210-aoa$0,1579810016.341484,04:d6:aa:c1:38:97,2,1,1,0,128,910,345,107,512,1010,1014,438,272,70,902,860,473,160,692,971,972,81,110,737,525,528,1019,318,977,983,861,954,560,469,430,473,655,85,72,51,71,81,86,78,83,82,83,73,85,70,69,71,67,77,72,66,66,77,76,72,68,72,58,59,56,70,66,52,50
[ 564.754321] wil6210-aoa$0,1579810016.373379,04:d6:aa:c1:38:97,2,1,1,0,128,928,382,548,300,406,789,832,34,557,711,349,309,132,706,1002,991,613,273,710,484,560,26,302,992,1002,850,985,544,1020,285,60,181,86,68,53,72,84,90,81,84,84,87,75,88,75,75,74,71,82,74,70,70,84,86,78,73,77,65,62,63,77,74,59,54
[ 564.791759] wil6210-aoa$0,1579810016.410817,04:d6:aa:c1:38:97,2,1,1,0,128,435,205,114,492,1020,4,377,229,55,913,843,487,318,796,506,144,612,292,724,524,494,0,289,1000,1010,871,883,485,566,526,256,306,85,69,52,70,83,88,79,82,83,83,74,87,73,72,74,69,81,70,69,68,85,85,76,73,77,63,64,62,76,72,57,54
[ 564.822973] wil6210-aoa$0,1579810016.442022,04:d6:aa:c1:38:97,2,1,1,0,128,394,168,119,537,927,969,396,262,12,879,890,485,189,709,526,125,98,114,167,337,1007,844,776,828,446,684,964,599,574,466,596,722,86,70,52,70,82,86,74,79,78,81,69,82,69,68,68,66,76,70,67,64,76,78,71,64,72,57,59,53,68,66,51,48
[ 564.864466] wil6210-aoa$0,1579810016.483517,04:d6:aa:c1:38:97,2,1,1,0,128,940,421,103,502,999,4,416,264,78,944,928,531,216,822,598,201,590,304,761,555,626,106,305,998,24,910,903,534,606,497,1022,936,88,72,53,71,84,88,78,82,82,83,74,86,72,72,74,69,78,71,69,70,82,80,73,69,76,62,61,59,73,71,54,52
[ 564.906239] wil6210-aoa$0,1579810016.525292,04:d6:aa:c1:38:97,2,1,1,0,128,941,387,107,488,974,1017,396,215,22,901,909,515,210,782,472,144,614,310,762,575,593,60,312,970,73,921,956,527,558,469,856,872,87,72,51,70,82,88,78,84,81,83,70,83,70,70,71,68,80,72,68,69,81,81,73,70,77,63,61,59,73,70,53,53
[ 564.940790] wil6210-aoa$0,1579810016.559842,04:d6:aa:c1:38:97,2,1,1,0,128,944,376,95,473,949,995,347,199,30,890,913,546,193,747,525,143,597,300,740,569,622,64,369,26,1022,901,942,561,556,514,758,789,84,70,51,71,81,86,76,82,81,82,72,83,71,71,71,68,80,73,67,67,79,79,73,70,76,60,61,60,73,68,53,51
[ 564.978427] wil6210-aoa$0,1579810016.597483,04:d6:aa:c1:38:97,2,1,1,0,128,429,229,78,483,1023,37,380,216,86,923,904,500,208,771,557,193,671,361,753,554,613,59,326,1001,24,868,917,516,535,459,192,222,85,72,53,71,84,89,76,81,83,83,72,86,74,73,72,70,80,72,68,67,82,81,77,71,75,61,62,61,73,70,55,50
[ 565.022589] wil6210-aoa$0,1579810016.641644,04:d6:aa:c1:38:97,2,1,1,0,128,398,227,526,242,458,856,366,257,43,882,838,456,201,718,521,184,620,357,705,513,577,77,291,991,513,717,931,550,569,456,732,804,87,71,52,70,84,86,78,83,82,83,72,86,71,70,72,68,77,71,69,68,78,82,73,71,75,60,60,56,72,67,50,49
[ 565.055489] wil6210-aoa$0,1579810016.674547,04:d6:aa:c1:38:97,2,1,1,0,128,967,418,81,442,417,803,812,1005,553,750,868,456,686,558,507,127,612,306,151,309,19,880,799,818,20,909,975,544,523,459,425,447,87,72,50,71,83,87,77,84,85,84,74,88,74,73,75,71,82,73,71,70,83,83,77,72,77,64,65,65,78,72,59,55
[ 565.095736] wil6210-aoa$0,1579810016.714785,04:d6:aa:c1:38:97,2,1,1,0,128,984,396,26,479,965,986,853,52,47,892,882,492,639,521,579,181,608,343,138,310,18,892,787,818,8,841,987,558,524,438,362,368,86,72,52,71,83,85,76,81,80,83,70,85,71,71,72,67,77,73,69,67,78,78,71,66,73,59,59,57,72,66,51,49
[ 565.135768] wil6210-aoa$0,1579810016.754823,04:d6:aa:c1:38:97,2,1,1,0,128,388,156,564,280,955,979,321,187,61,921,934,529,196,716,579,158,626,325,694,560,566,21,275,996,984,826,428,359,1007,297,245,277,86,70,52,71,83,85,77,82,82,81,70,84,72,70,73,68,77,73,69,68,82,81,75,70,75,61,60,57,74,68,55,50
[ 565.171432] wil6210-aoa$0,1579810016.790482,04:d6:aa:c1:38:97,2,1,1,0,128,973,419,118,511,1022,1002,360,205,89,927,865,494,160,671,548,153,654,330,745,529,615,66,316,1009,975,877,982,609,593,521,44,4,86,69,53,71,85,89,80,84,84,85,73,88,74,73,74,72,81,71,68,69,84,84,77,74,77,63,65,64,75,71,59,55
[ 565.202439] wil6210-aoa$0,1579810016.821494,04:d6:aa:c1:38:97,2,1,1,0,128,424,201,45,437,923,960,339,189,5,875,910,535,654,486,30,7,641,334,724,515,59,905,324,3,956,829,991,572,561,501,848,939,86,72,50,68,83,86,77,79,82,84,71,86,75,71,75,70,79,71,69,70,82,83,73,72,76,62,61,61,73,71,54,51
[ 565.233088] wil6210-aoa$0,1579810016.852143,04:d6:aa:c1:38:97,2,1,1,0,128,993,417,91,497,952,975,407,226,1021,884,829,452,160,699,539,144,52,101,676,479,121,958,256,962,1004,854,304,313,19,288,633,749,86,72,51,71,82,87,75,81,82,81,70,85,71,70,70,67,76,69,68,66,80,79,71,68,75,61,59,58,73,70,55,50
[ 565.270318] wil6210-aoa$0,1579810016.889372,04:d6:aa:c1:38:97,2,1,1,0,128,925,400,63,473,950,980,361,227,39,890,286,293,185,724,607,175,628,321,719,499,507,26,272,965,482,680,468,390,525,443,574,624,88,70,53,71,83,86,78,84,82,83,75,89,75,73,75,72,80,71,70,71,83,84,78,74,79,66,64,62,77,74,60,55
[ 565.307033] wil6210-aoa$0,1579810016.926087,04:d6:aa:c1:38:97,2,1,1,0,128,415,238,5,420,973,0,297,168,59,906,332,272,206,754,538,142,114,173,701,509,618,45,329,31,987,851,417,370,507,423,458,597,83,70,51,70,80,86,75,79,81,80,70,84,70,68,69,68,76,70,66,66,78,79,72,67,73,58,59,56,70,65,50,50
[ 565.343404] wil6210-aoa$0,1579810016.962458,04:d6:aa:c1:38:97,2,1,1,0,128,951,431,143,509,426,822,425,263,16,906,851,444,678,555,613,167,649,318,716,507,547,52,341,1002,15,891,933,495,613,494,728,763,86,71,52,70,82,86,76,81,83,85,72,87,74,74,72,69,80,70,68,67,81,80,74,70,75,61,62,60,75,70,55,51
[ 565.374541] wil6210-aoa$0,1579810016.993595,04:d6:aa:c1:38:97,2,1,1,0,128,979,414,36,441,943,996,841,1021,493,717,291,261,180,736,14,1007,591,267,82,259,21,886,871,863,11,873,984,555,515,446,383,526,86,70,52,71,83,86,78,82,83,86,74,87,74,74,76,71,81,72,69,71,81,85,78,74,76,62,63,62,75,70,58,56
[ 565.405494] wil6210-aoa$0,1579810017.024548,04:d6:aa:c1:38:97,2,1,1,0,128,421,234,102,488,459,832,816,39,596,747,848,490,624,492,1019,1002,91,129,730,515,584,63,303,995,463,684,423,374,1007,252,387,422,85,69,51,70,83,87,77,82,85,84,73,87,73,73,74,71,81,71,69,71,85,86,76,73,78,66,64,62,77,74,59,52
[ 565.442477] wil6210-aoa$0,1579810017.061533,04:d6:aa:c1:38:97,2,1,1,0,128,930,389,48,479,977,1018,302,176,108,914,894,488,226,769,543,184,599,288,719,500,578,31,765,782,494,667,946,545,549,497,418,464,86,72,51,69,80,85,76,80,81,83,70,85,70,69,71,68,75,69,68,67,80,79,73,67,73,58,58,57,69,66,49,49
[ 565.474298] wil6210-aoa$0,1579810017.093353,04:d6:aa:c1:38:97,2,1,1,0,128,923,393,70,456,10,4,358,232,67,926,890,519,158,706,533,134,595,252,794,537,588,79,306,1001,46,912,999,559,567,490,37,76,87,71,53,70,84,88,78,84,80,82,73,86,71,73,72,69,77,72,69,69,83,81,77,72,76,61,63,62,75,69,55,53
[ 565.505130] wil6210-aoa$0,1579810017.124185,04:d6:aa:c1:38:97,2,1,1,0,128,929,359,33,461,996,1004,335,217,58,920,892,503,294,777,567,193,657,356,747,570,594,53,315,1,1021,856,923,555,551,499,447,399,87,70,51,72,84,87,78,83,84,82,72,86,73,71,73,70,78,69,68,68,80,79,73,71,73,59,60,59,73,67,52,50
[ 565.541088] wil6210-aoa$0,1579810017.160138,04:d6:aa:c1:38:97,2,1,1,0,128,392,228,487,252,456,844,879,22,119,940,331,294,232,764,1000,994,105,127,745,546,7,861,763,807,484,691,372,318,7,311,210,278,86,69,52,71,82,88,77,81,83,86,73,87,75,73,73,70,79,70,69,69,82,84,76,74,79,64,64,62,76,72,59,56
[ 565.572408] wil6210-aoa$0,1579810017.191463,04:d6:aa:c1:38:97,2,1,1,0,128,921,380,89,506,999,5,318,180,100,919,932,502,183,720,564,215,648,326,766,559,595,65,294,1014,429,657,371,345,2,262,864,908,84,72,49,69,79,86,73,80,78,80,68,82,68,69,66,65,75,71,67,65,76,77,69,64,70,54,55,52,65,62,45,46
[ 565.603780] wil6210-aoa$0,1579810017.222837,04:d6:aa:c1:38:97,2,1,1,0,128,895,357,33,491,912,962,849,60,112,902,828,500,156,700,1013,1015,620,314,700,549,617,92,338,16,34,898,989,578,564,488,414,400,88,70,53,70,84,87,78,82,84,85,73,87,74,73,74,70,80,70,69,68,83,84,77,72,77,64,63,62,75,71,56,52
[ 565.637033] wil6210-aoa$0,1579810017.256082,04:d6:aa:c1:38:97,2,1,1,0,128,906,365,40,461,973,5,357,204,113,964,837,489,220,791,950,958,84,106,731,525,590,97,264,969,55,930,887,500,620,495,578,659,88,71,52,71,81,86,77,82,82,82,72,87,73,71,73,70,77,72,68,67,81,81,73,68,73,60,59,59,70,67,49,49
[ 565.675536] wil6210-aoa$0,1579810017.294592,04:d6:aa:c1:38:97,2,1,1,0,128,938,395,123,549,1016,24,347,209,29,880,347,274,702,558,13,1023,112,112,128,283,60,925,334,8,22,903,368,303,43,294,531,681,87,69,53,72,82,86,78,82,83,84,72,83,72,71,72,69,78,71,69,67,79,79,72,68,73,62,60,57,73,69,52,51
[ 565.712497] wil6210-aoa$0,1579810017.331554,04:d6:aa:c1:38:97,2,1,1,0,128,385,197,529,273,987,983,823,20,572,715,875,517,211,701,512,170,73,92,165,292,609,86,364,31,18,867,939,546,567,467,917,899,86,70,51,69,80,87,74,79,80,82,69,85,70,69,71,67,77,71,66,67,77,80,69,65,72,59,57,56,70,67,47,46
[ 565.743401] wil6210-aoa$0,1579810017.362455,04:d6:aa:c1:38:97,2,1,1,0,128,899,340,33,441,999,1003,370,216,60,908,837,499,200,770,591,212,665,365,717,489,631,80,343,0,18,874,902,519,625,517,109,116,85,72,51,69,81,84,77,82,82,82,70,84,71,69,66,66,76,70,67,66,78,78,70,67,73,58,59,57,69,66,49,47
[ 565.780401] wil6210-aoa$0,1579810017.399454,04:d6:aa:c1:38:97,2,1,1,0,128,968,395,53,451,2,1022,313,159,35,916,279,289,683,541,966,962,107,140,747,530,580,55,262,949,497,718,930,585,571,462,557,699,87,72,53,71,81,86,77,82,81,83,70,85,72,71,69,67,77,73,69,66,80,80,73,69,72,60,59,58,71,65,51,50
[ 565.816030] wil6210-aoa$0,1579810017.435086,04:d6:aa:c1:38:97,2,1,1,0,128,365,157,17,468,1020,3,362,293,74,916,841,488,165,724,536,156,647,323,707,527,645,80,323,11,992,852,1022,550,11,275,58,143,83,70,50,70,79,85,73,79,81,82,67,82,69,70,68,65,75,72,67,64,76,77,68,63,70,55,56,52,69,67,49,47
[ 565.851750] wil6210-aoa$0,1579810017.470800,04:d6:aa:c1:38:97,2,1,1,0,128,967,462,30,454,999,8,370,243,80,940,846,477,260,793,546,162,648,351,739,529,612,88,330,1020,5,877,974,540,608,517,496,553,85,70,51,71,82,87,75,83,83,84,71,86,70,70,73,70,77,72,68,67,79,81,71,65,73,59,59,59,72,67,53,51
[ 565.887368] wil6210-aoa$0,1579810017.506425,04:d6:aa:c1:38:97,2,1,1,0,128,992,391,58,456,973,976,355,250,46,907,923,515,142,731,463,175,649,352,721,531,590,72,337,1000,979,838,989,580,581,463,137,146,87,70,52,71,80,85,77,81,83,81,71,85,72,70,71,68,77,71,69,69,80,80,75,72,74,62,62,60,74,71,56,53
[ 565.920292] wil6210-aoa$0,1579810017.539342,04:d6:aa:c1:38:97,2,1,1,0,128,451,231,485,263,957,950,830,61,500,691,398,348,237,746,545,196,552,277,743,531,596,59,279,1022,1011,847,958,548,1011,249,121,280,87,69,52,71,83,88,80,83,82,83,73,88,73,71,75,71,81,71,69,69,82,83,75,73,74,63,62,60,75,71,54,52
[ 565.961572] wil6210-aoa$0,1579810017.580621,04:d6:aa:c1:38:97,2,1,1,0,128,997,462,122,490,951,971,385,236,45,902,849,451,217,741,613,227,632,320,721,513,593,54,288,946,1009,854,412,325,601,517,519,602,85,70,50,70,79,85,77,82,82,84,72,86,71,72,72,70,79,70,68,68,82,81,74,69,76,61,61,60,73,69,57,52
[ 566.002017] wil6210-aoa$0,1579810017.621071,04:d6:aa:c1:38:97,2,1,1,0,128,999,437,58,446,437,827,399,209,57,900,871,476,217,740,473,135,610,301,703,482,626,54,295,985,21,899,963,560,606,551,355,396,85,68,51,70,83,86,77,81,81,82,72,83,72,71,73,70,77,71,69,68,83,81,73,71,75,63,61,60,73,69,52,51
[ 566.033071] wil6210-aoa$0,1579810017.652127,04:d6:aa:c1:38:97,2,1,1,0,128,310,149,54,469,990,968,331,194,28,857,867,472,162,724,558,180,644,330,694,492,576,74,267,964,509,717,974,580,545,501,634,697,86,69,50,67,81,86,76,81,82,81,71,84,71,69,70,66,77,71,67,66,80,78,71,68,72,59,57,56,69,66,49,48
[ 566.072969] wil6210-aoa$0,1579810017.692017,04:d6:aa:c1:38:97,2,1,1,0,128,889,305,119,484,984,1002,405,224,49,873,857,436,217,726,495,162,685,347,706,525,537,43,327,1009,1023,885,1000,615,534,455,863,902,82,69,50,68,80,84,73,79,79,78,71,82,68,69,71,65,75,69,65,64,78,78,71,65,73,59,57,55,70,66,48,47
[ 566.110804] wil6210-aoa$0,1579810017.729864,04:d6:aa:c1:38:97,2,1,1,0,128,937,408,78,472,983,13,371,239,35,875,894,497,684,599,514,153,633,318,770,561,631,63,314,985,40,948,956,554,573,488,858,794,82,66,49,69,77,81,70,78,76,74,66,80,64,63,66,61,70,66,64,61,72,73,64,61,69,53,52,50,65,56,42,42
[ 566.148648] wil6210-aoa$0,1579810017.767703,04:d6:aa:c1:38:97,2,1,1,0,128,389,179,494,255,931,964,808,10,500,678,326,272,626,495,978,973,600,250,160,305,1012,841,756,785,491,686,404,346,976,263,18,124,83,67,47,67,79,83,74,76,79,81,70,84,69,68,70,66,74,70,67,66,76,77,70,66,71,56,56,54,69,62,49,47
[ 566.185180] wil6210-aoa$0,1579810017.804236,04:d6:aa:c1:38:97,2,1,1,0,128,384,188,532,264,447,840,360,221,55,896,885,503,183,738,523,141,650,325,732,526,511,32,265,995,489,700,417,375,574,503,110,222,86,68,50,69,80,85,74,81,81,82,70,84,69,70,71,69,76,71,67,69,81,81,72,69,74,60,60,58,72,69,52,50
[ 566.220187] wil6210-aoa$0,1579810017.839237,04:d6:aa:c1:38:97,2,1,1,0,128,414,218,581,293,454,821,334,198,79,890,303,273,680,545,533,143,615,282,187,302,558,1015,323,991,1001,840,875,481,1014,234,249,309,85,67,50,71,80,85,76,81,81,82,72,85,72,72,73,66,80,68,68,69,83,82,75,70,75,61,61,60,72,68,55,52
[ 566.251750] wil6210-aoa$0,1579810017.870804,04:d6:aa:c1:38:97,2,1,1,0,128,951,379,90,444,959,989,334,212,53,889,879,497,619,538,501,117,99,159,176,344,651,79,291,1003,27,892,922,527,549,497,477,547,83,71,50,69,79,84,75,80,80,79,68,83,69,68,68,64,76,70,65,65,78,74,68,65,71,56,55,52,67,62,45,44
[ 566.282983] wil6210-aoa$0,1579810017.902041,04:d6:aa:c1:38:97,2,1,1,0,128,351,166,575,281,985,1019,385,236,74,936,855,476,179,723,508,142,659,331,712,474,615,60,310,1009,29,913,978,612,605,551,402,423,86,70,52,69,80,87,77,81,82,83,72,85,71,70,73,69,77,72,67,68,80,81,74,69,74,59,61,61,73,71,54,49
[ 566.324043] wil6210-aoa$0,1579810017.943093,04:d6:aa:c1:38:97,2,1,1,0,128,296,107,500,247,466,803,385,224,518,685,375,343,134,682,528,172,4,62,213,367,556,80,270,995,999,854,394,385,12,292,512,663,85,70,52,71,83,87,78,81,82,82,72,86,74,72,72,70,78,71,68,68,81,80,74,71,74,62,61,61,72,70,54,52
[ 566.364810] wil6210-aoa$0,1579810017.983862,04:d6:aa:c1:38:97,2,1,1,0,128,412,230,473,258,447,839,857,31,1020,855,278,233,666,515,52,13,76,125,717,529,575,22,267,980,530,678,942,509,40,274,676,880,83,69,49,69,81,86,74,79,82,82,70,83,70,70,71,68,77,70,68,66,80,79,74,67,72,59,59,57,72,67,53,51
[ 566.403369] wil6210-aoa$0,1579810018.022423,04:d6:aa:c1:38:97,2,1,1,0,128,951,422,75,496,461,851,346,229,535,693,270,245,243,766,456,141,636,331,679,505,642,101,284,986,1006,877,867,505,614,509,990,988,84,69,52,70,82,84,76,82,81,81,70,86,71,71,72,69,77,69,68,67,80,82,73,71,74,61,62,62,72,70,57,53
[ 566.440928] wil6210-aoa$0,1579810018.059984,04:d6:aa:c1:38:97,2,1,1,0,128,947,363,74,475,1009,1003,384,237,89,927,861,479,203,757,485,107,85,139,742,527,575,41,297,970,1021,885,931,516,573,461,350,387,84,69,50,70,78,83,72,79,77,77,66,79,66,64,64,63,72,66,64,62,71,71,68,59,68,52,52,49,63,58,43,43
[ 566.480797] wil6210-aoa$0,1579810018.099847,04:d6:aa:c1:38:97,2,1,1,0,128,404,202,50,445,948,958,404,240,45,904,810,461,211,737,539,162,655,317,702,482,644,100,298,960,61,895,899,493,529,468,598,602,84,67,50,68,81,85,75,80,81,81,70,85,70,68,71,68,77,68,67,67,78,80,74,71,73,61,62,59,70,67,54,50
[ 566.521473] wil6210-aoa$0,1579810018.140523,04:d6:aa:c1:38:97,2,1,1,0,128,388,212,72,475,1002,1001,803,9,87,873,848,458,188,719,523,154,632,339,785,533,633,92,371,12,15,911,936,568,563,488,956,991,84,70,49,68,81,85,76,80,80,80,70,85,71,70,73,67,76,69,67,66,79,79,73,67,73,56,58,56,70,65,50,48
[ 566.562044] wil6210-aoa$0,1579810018.181094,04:d6:aa:c1:38:97,2,1,1,0,128,968,405,59,489,976,979,319,197,54,925,873,542,194,759,522,153,639,300,719,491,29,851,283,978,37,932,994,557,581,516,322,315,84,70,49,68,80,86,74,79,80,81,71,83,69,69,70,66,73,68,66,65,77,75,69,66,73,57,57,55,70,66,48,48
[ 566.594620] wil6210-aoa$0,1579810018.213677,04:d6:aa:c1:38:97,2,1,1,0,128,962,403,89,501,918,982,869,59,97,942,934,518,158,700,569,195,655,352,778,552,569,52,287,953,473,691,375,330,609,535,745,746,84,71,48,68,78,83,75,78,77,81,69,81,70,69,71,66,75,69,67,67,78,77,72,68,73,58,58,57,69,67,50,49
[ 566.629393] wil6210-aoa$0,1579810018.248444,04:d6:aa:c1:38:97,2,1,1,0,128,941,413,57,471,1,1016,302,175,57,913,911,520,257,748,516,159,644,338,737,547,568,52,275,951,25,867,441,380,970,271,497,542,84,69,49,67,78,82,72,78,76,78,66,80,68,65,66,65,75,69,65,65,77,76,67,63,71,57,56,56,70,65,50,48
[ 566.660527] wil6210-aoa$0,1579810018.279584,04:d6:aa:c1:38:97,2,1,1,0,128,970,414,34,476,996,1009,325,202,103,933,826,442,222,748,516,147,86,166,188,340,594,62,295,970,37,883,934,556,546,487,317,383,85,68,50,69,81,86,77,81,80,83,72,85,72,70,73,69,78,70,68,68,81,82,72,69,75,62,61,62,72,70,55,52
[ 566.699067] wil6210-aoa$0,1579810018.318122,04:d6:aa:c1:38:97,2,1,1,0,128,938,363,10,458,997,1002,378,212,47,890,891,518,183,718,563,165,618,293,686,472,640,76,287,957,24,851,959,555,603,490,369,387,84,68,50,69,80,85,73,80,79,80,64,81,67,68,66,61,72,67,66,63,74,75,67,61,71,55,56,53,69,62,46,45
[ 566.737214] wil6210-aoa$0,1579810018.356269,04:d6:aa:c1:38:97,2,1,1,0,128,337,188,470,248,389,799,848,30,503,691,319,294,192,761,482,143,658,328,687,529,526,24,310,1002,993,870,401,355,1002,271,609,768,86,72,51,70,81,85,77,81,81,82,71,85,71,71,72,68,74,70,67,66,77,79,73,66,72,58,60,56,70,66,50,50
[ 566.772297] wil6210-aoa$0,1579810018.391347,04:d6:aa:c1:38:97,2,1,1,0,128,953,369,62,476,987,33,377,236,57,900,870,464,198,724,449,101,93,120,772,522,563,68,323,12,27,899,906,535,544,509,297,314,85,69,50,67,80,85,75,81,81,79,69,82,72,69,70,66,77,69,68,66,79,78,74,69,73,60,60,59,70,67,53,51
[ 566.803813] wil6210-aoa$0,1579810018.422871,04:d6:aa:c1:38:97,2,1,1,0,128,371,173,577,271,997,1018,359,224,83,913,883,489,231,769,553,155,638,337,716,509,600,42,300,979,1008,893,932,535,553,489,306,365,83,68,51,68,80,85,75,79,81,81,70,86,71,69,72,70,78,69,68,69,82,80,74,73,75,63,62,60,75,70,58,51
[ 566.844125] wil6210-aoa$0,1579810018.463182,04:d6:aa:c1:38:97,2,1,1,0,128,974,428,43,482,935,966,830,29,26,884,929,544,130,721,539,178,598,316,703,512,515,59,307,1016,33,913,995,600,532,478,997,7,85,68,49,69,81,87,76,81,81,83,71,85,73,71,74,69,77,69,68,68,83,84,77,73,75,64,64,61,74,69,56,50
[ 566.891285] wil6210-aoa$0,1579810018.510335,04:d6:aa:c1:38:97,2,1,1,0,128,446,221,568,299,3,3,801,1017,44,927,910,499,174,709,981,965,641,318,679,456,540,11,274,998,1003,828,986,591,525,476,522,658,84,70,49,67,80,85,74,80,79,79,68,83,69,68,70,64,75,68,67,65,77,76,69,65,72,57,56,53,68,64,49,48
[ 566.924298] wil6210-aoa$0,1579810018.543353,04:d6:aa:c1:38:97,2,1,1,0,128,982,468,150,492,1003,1014,370,271,88,920,897,501,166,755,536,121,640,321,719,541,591,56,338,1,22,909,952,545,577,498,563,516,84,68,51,67,79,85,75,82,79,82,70,85,71,69,70,69,77,69,66,66,80,81,71,70,73,59,59,58,69,67,52,50
[ 566.960434] wil6210-aoa$0,1579810018.579482,04:d6:aa:c1:38:97,2,1,1,0,128,922,416,95,500,954,1015,438,276,106,938,907,544,190,739,584,168,637,339,725,551,571,50,359,1020,482,684,933,510,17,310,375,381,83,69,49,68,78,83,73,78,78,78,66,82,66,66,66,63,72,69,65,63,75,75,72,65,71,57,58,55,69,64,51,48
[ 566.996557] wil6210-aoa$0,1579810018.615613,04:d6:aa:c1:38:97,2,1,1,0,128,961,437,96,495,962,955,397,223,41,857,856,480,194,750,506,132,35,77,190,317,87,902,325,999,1006,867,969,550,574,523,416,405,82,67,50,69,79,83,74,79,81,81,69,85,71,70,70,66,76,69,65,67,78,79,72,69,75,59,59,59,72,68,53,50
[ 567.034951] wil6210-aoa$0,1579810018.654004,04:d6:aa:c1:38:97,2,1,1,2,128,961,437,96,495,962,955,397,223,41,857,856,480,194,750,506,132,35,77,190,317,87,902,325,999,1006,867,969,550,574,523,416,405,82,67,50,69,79,83,74,79,81,81,69,85,71,70,70,66,76,69,65,67,78,79,72,69,75,59,59,59,72,68,53,50
[ 567.073095] wil6210-aoa$0,1579810018.692151,04:d6:aa:c1:38:97,2,1,1,0,128,881,348,552,295,962,978,400,235,61,923,868,545,203,763,524,183,653,370,736,529,613,35,340,17,994,858,909,536,0,272,442,436,85,69,51,70,82,85,76,81,80,82,71,85,72,70,72,70,77,70,67,68,79,81,76,73,74,60,62,61,74,69,56,52
[ 567.108152] wil6210-aoa$0,1579810018.727209,04:d6:aa:c1:38:97,2,1,1,0,128,891,385,117,541,968,993,344,238,1015,878,956,539,266,810,534,162,612,302,775,545,578,52,370,18,25,896,999,597,586,493,364,313,86,69,50,69,81,86,75,81,82,79,68,84,68,68,68,66,75,71,66,65,76,76,69,65,71,56,55,52,67,63,48,47
[ 567.143743] wil6210-aoa$0,1579810018.762792,04:d6:aa:c1:38:97,2,1,1,2,128,891,385,117,541,968,993,344,238,1015,878,956,539,266,810,534,162,612,302,775,545,578,52,370,18,25,896,999,597,586,493,364,313,85,69,51,70,82,85,76,81,80,82,71,85,72,70,72,70,77,70,67,68,79,81,76,73,74,60,62,61,74,69,56,52
[ 567.184730] wil6210-aoa$0,1579810018.803781,04:d6:aa:c1:38:97,2,1,1,0,128,955,386,97,509,965,1000,373,275,45,892,931,527,241,747,597,190,602,311,722,568,594,56,360,1015,22,899,961,580,567,517,905,875,84,68,49,67,82,86,76,82,82,83,72,86,73,72,72,70,78,69,67,66,80,82,75,71,75,62,61,60,74,70,54,53
[ 567.221951] wil6210-aoa$0,1579810018.841008,04:d6:aa:c1:38:97,2,1,1,0,128,403,175,128,508,982,994,435,282,48,906,897,497,223,745,592,201,634,312,740,538,588,61,313,1019,10,894,919,552,546,477,788,743,83,70,51,69,80,83,73,78,80,77,67,80,66,66,65,62,72,70,66,64,73,74,67,61,68,53,54,51,65,62,46,44
[ 567.253882] wil6210-aoa$0,1579810018.872931,04:d6:aa:c1:38:97,2,1,1,0,128,951,432,80,487,948,991,381,209,124,955,857,479,162,692,993,992,637,308,697,501,45,873,372,1023,15,889,934,546,511,461,957,963,87,70,50,70,82,84,76,81,81,82,71,87,74,71,74,72,78,70,68,70,84,83,75,74,76,63,63,62,76,70,56,53
[ 567.295183] wil6210-aoa$0,1579810018.914233,04:d6:aa:c1:38:97,2,1,1,0,128,900,388,93,526,972,997,384,219,80,918,911,524,182,727,509,136,578,262,766,509,572,1020,286,991,958,859,394,336,581,509,560,549,85,70,52,71,82,86,76,82,82,82,71,87,72,72,74,70,77,71,69,66,81,82,77,74,73,62,61,61,74,72,57,51
[ 567.335360] wil6210-aoa$0,1579810018.954415,04:d6:aa:c1:38:97,2,1,1,0,128,947,391,554,302,1018,9,351,192,31,876,853,464,255,777,541,192,583,294,750,529,593,79,802,821,34,860,987,573,636,553,252,184,87,71,52,70,85,87,78,83,84,83,73,85,74,73,75,72,79,72,69,71,83,83,77,73,77,63,65,64,76,72,58,55
[ 567.370753] wil6210-aoa$0,1579810018.989802,04:d6:aa:c1:38:97,2,1,1,0,128,979,395,59,443,990,1011,389,221,106,914,873,470,202,733,567,159,664,337,689,503,586,36,295,1004,447,673,945,542,538,498,453,493,86,70,53,69,84,87,78,81,83,84,70,86,72,72,76,71,80,72,70,68,82,83,74,72,77,66,64,61,76,72,55,53
[ 567.402527] wil6210-aoa$0,1579810019.021581,04:d6:aa:c1:38:97,2,1,1,0,128,410,180,68,451,951,1006,378,232,61,887,323,276,660,543,980,961,108,116,183,328,5,862,760,815,494,708,980,559,556,468,152,189,88,69,50,71,84,88,78,82,83,83,74,88,75,75,76,70,84,72,70,71,85,87,77,75,78,66,64,65,77,74,59,57
[ 567.433898] wil6210-aoa$0,1579810019.052956,04:d6:aa:c1:38:97,2,1,1,0,128,406,205,121,479,45,19,395,237,25,900,878,487,166,710,562,167,600,300,678,519,505,8,354,0,1019,860,410,375,608,506,341,381,83,68,51,70,79,82,72,78,78,78,67,80,67,67,67,65,72,69,65,64,74,76,69,65,69,56,57,54,65,63,48,47
[ 567.474319] wil6210-aoa$0,1579810019.093369,04:d6:aa:c1:38:97,2,1,1,0,128,936,380,61,466,373,753,851,5,552,754,895,504,208,787,556,164,586,316,735,485,559,57,273,986,48,884,973,605,516,459,1022,94,87,70,53,70,83,88,78,81,83,82,71,84,73,72,73,68,79,69,68,67,82,82,75,69,74,61,61,61,72,70,53,51
[ 567.511027] wil6210-aoa$0,1579810019.130081,04:d6:aa:c1:38:97,2,1,1,0,128,916,357,46,476,997,999,353,238,129,940,823,487,216,743,507,151,118,122,165,311,584,65,410,19,968,863,972,567,614,544,119,140,84,71,48,68,79,82,74,78,79,79,70,81,68,66,70,65,74,69,67,65,76,76,70,64,70,56,54,52,67,62,45,46
[ 567.549297] wil6210-aoa$0,1579810019.168351,04:d6:aa:c1:38:97,2,1,1,0,128,334,155,582,282,969,982,299,179,28,862,833,465,143,699,538,154,605,324,704,532,588,73,292,972,995,858,428,402,985,267,269,416,85,70,50,70,80,84,74,80,80,79,69,83,68,68,70,66,73,68,66,65,74,76,69,66,70,56,56,54,68,64,47,46
[ 567.585788] wil6210-aoa$0,1579810019.204844,04:d6:aa:c1:38:97,2,1,1,0,128,951,396,118,494,1000,986,341,191,42,905,859,494,625,502,990,989,119,139,132,285,38,864,809,823,459,667,404,383,524,459,713,855,83,72,49,68,78,84,73,79,77,76,67,80,67,65,64,61,69,69,64,61,71,67,65,56,65,49,51,45,62,57,41,42
[ 567.623249] wil6210-aoa$0,1579810019.242298,04:d6:aa:c1:38:97,2,1,1,0,128,962,389,83,480,995,33,332,218,90,923,824,490,196,764,488,151,680,320,708,537,628,62,258,985,47,924,899,469,8,271,748,893,85,69,51,71,82,86,76,81,81,82,71,86,71,71,73,70,77,69,68,68,83,80,77,73,75,62,61,60,74,69,55,51
[ 567.657441] wil6210-aoa$0,1579810019.276496,04:d6:aa:c1:38:97,2,1,1,0,128,414,199,516,247,486,842,316,171,584,762,829,464,691,542,503,154,603,306,660,474,39,894,326,1004,1019,857,940,555,6,286,530,596,88,72,51,70,83,86,78,80,82,84,72,85,73,72,73,69,78,73,68,66,79,81,74,68,74,60,60,58,72,68,52,51
[ 567.694569] wil6210-aoa$0,1579810019.313625,04:d6:aa:c1:38:97,2,1,1,0,128,951,403,13,456,941,970,424,267,25,891,259,277,195,694,1019,993,610,270,716,500,566,56,325,1004,21,897,954,543,542,468,218,353,85,70,53,71,82,88,80,84,85,85,75,88,75,76,76,72,82,71,70,70,84,84,77,76,78,66,65,63,77,74,59,54
[ 567.726540] wil6210-aoa$0,1579810019.345598,04:d6:aa:c1:38:97,2,1,1,0,128,928,390,34,479,973,968,813,23,65,869,306,293,171,687,531,169,622,325,771,527,525,11,323,1007,999,881,996,595,500,463,665,693,86,70,52,71,83,85,77,82,83,83,74,87,73,71,76,69,80,70,70,69,85,84,78,72,75,64,63,64,76,72,57,54
[ 567.761969] wil6210-aoa$0,1579810019.381019,04:d6:aa:c1:38:97,2,1,1,0,128,964,413,123,500,11,18,330,198,55,895,342,304,206,759,527,111,111,123,709,528,549,61,289,970,25,913,947,526,630,495,548,580,87,70,51,71,82,87,77,80,82,82,72,86,71,72,71,70,79,72,68,69,81,81,75,70,76,61,61,61,75,70,57,52
[ 567.799199] wil6210-aoa$0,1579810019.418253,04:d6:aa:c1:38:97,2,1,1,0,128,968,392,22,480,976,0,386,207,540,711,943,535,202,711,1015,993,653,343,711,536,607,81,256,972,997,851,972,537,556,482,649,732,87,70,50,70,82,85,76,81,81,81,70,86,72,71,70,68,76,69,66,66,79,80,71,67,74,61,59,58,73,69,52,50
[ 567.835381] wil6210-aoa$0,1579810019.454434,04:d6:aa:c1:38:97,2,1,1,2,128,968,392,22,480,976,0,386,207,540,711,943,535,202,711,1015,993,653,343,711,536,607,81,256,972,997,851,972,537,556,482,649,732,87,70,51,71,82,87,77,80,82,82,72,86,71,72,71,70,79,72,68,69,81,81,75,70,76,61,61,61,75,70,57,52
[ 567.872458] wil6210-aoa$0,1579810019.491507,04:d6:aa:c1:38:97,2,1,1,0,128,901,356,32,464,956,975,387,192,34,910,874,471,183,724,560,159,567,278,724,538,570,46,340,4,52,915,979,608,575,507,562,577,82,69,49,69,79,84,74,79,80,79,69,84,69,68,70,65,76,68,67,65,79,80,70,68,72,59,60,58,68,66,53,51
[ 567.906753] wil6210-aoa$0,1579810019.525809,04:d6:aa:c1:38:97,2,1,1,0,128,423,237,95,496,950,993,345,245,49,910,316,301,241,743,23,1022,655,339,719,534,603,61,308,1006,1004,870,381,393,595,529,705,807,84,69,50,67,81,84,75,78,80,82,68,80,68,69,69,64,74,69,66,66,77,80,72,67,71,58,56,56,68,65,49,47
[ 567.943443] wil6210-aoa$0,1579810019.562499,04:d6:aa:c1:38:97,2,1,1,0,128,882,345,551,306,972,975,841,6,494,671,295,274,631,505,998,951,618,287,180,343,38,850,790,801,410,630,383,322,26,286,430,637,82,68,50,68,80,85,73,80,80,80,70,86,71,69,71,67,78,68,65,66,79,80,72,68,73,58,60,58,71,66,53,49
[ 567.974446] wil6210-aoa$0,1579810019.593501,04:d6:aa:c1:38:97,2,1,1,0,128,902,372,66,447,998,10,357,207,64,898,336,326,659,570,1013,1006,133,160,159,321,556,34,294,1011,7,906,926,559,619,499,436,461,84,69,50,67,79,84,73,80,78,78,65,81,68,67,68,64,74,68,66,64,75,74,69,63,69,55,58,53,69,63,50,46
[ 568.005192] wil6210-aoa$0,1579810019.624248,04:d6:aa:c1:38:97,2,1,1,0,128,938,363,81,480,946,960,363,216,31,873,877,511,227,744,984,1002,632,337,777,565,484,1,780,795,482,680,427,383,0,241,16,91,80,68,48,67,76,80,72,78,77,76,66,82,65,65,65,62,72,69,64,61,72,73,66,58,65,51,51,47,62,57,41,40
[ 568.042706] wil6210-aoa$0,1579810019.661762,04:d6:aa:c1:38:97,2,1,1,0,128,924,381,65,478,906,969,331,193,1007,850,875,500,158,732,557,206,650,325,723,535,505,27,757,802,448,686,395,347,1001,280,653,761,84,69,48,67,79,83,72,76,78,77,68,81,69,66,67,63,73,67,65,62,73,72,68,63,68,54,53,52,65,61,44,43
[ 568.079275] wil6210-aoa$0,1579810019.698329,04:d6:aa:c1:38:97,2,1,1,0,128,941,399,42,471,1007,1007,331,226,17,854,846,512,243,760,517,136,672,317,741,527,647,100,337,29,993,883,941,586,491,437,658,706,83,71,49,67,76,81,72,77,73,75,67,79,66,65,67,62,72,68,63,60,73,71,63,58,67,52,49,45,61,58,39,42
[ 568.111862] wil6210-aoa$0,1579810019.730919,04:d6:aa:c1:38:97,2,1,1,0,128,939,394,131,535,995,1020,322,200,99,923,862,490,266,766,530,158,629,284,706,513,640,78,338,3,994,893,942,554,590,534,56,113,86,70,53,70,82,87,77,81,83,82,72,85,72,70,72,68,78,70,69,68,78,79,74,69,75,60,61,59,74,70,55,51
[ 568.142743] wil6210-aoa$0,1579810019.761800,04:d6:aa:c1:38:97,2,1,1,0,128,951,355,77,453,972,1003,858,29,16,847,371,304,183,731,548,165,617,302,763,520,539,21,353,978,460,651,433,368,595,475,507,564,87,70,52,70,83,86,79,83,82,82,74,85,71,70,74,68,78,72,66,67,80,80,74,71,74,59,60,58,73,67,53,49
[ 568.180189] wil6210-aoa$0,1579810019.799239,04:d6:aa:c1:38:97,2,1,1,0,128,460,237,96,476,985,997,336,260,85,931,837,461,217,739,524,147,606,304,161,359,598,65,782,816,15,869,932,526,72,365,21,185,85,69,51,69,79,84,76,80,80,82,69,83,70,70,71,66,78,71,67,66,82,81,72,68,74,59,61,59,71,68,54,53
[ 568.219613] wil6210-aoa$0,1579810019.838666,04:d6:aa:c1:38:97,2,1,1,0,128,888,368,56,501,986,1012,391,232,52,901,842,473,173,737,530,194,697,347,777,569,534,31,377,57,992,890,893,531,542,495,736,711,85,65,52,67,81,86,78,81,83,83,74,88,73,72,78,72,82,66,67,70,84,86,78,78,76,66,66,67,78,74,63,57
[ 568.254952] wil6210-aoa$0,1579810019.874002,04:d6:aa:c1:38:97,2,1,1,0,128,451,232,76,493,58,86,360,226,96,921,894,490,155,690,543,159,648,338,734,504,577,80,311,993,430,657,948,554,566,500,646,690,83,69,50,69,80,85,74,80,81,82,70,84,71,70,71,68,78,68,67,65,80,79,74,68,72,60,59,59,71,65,52,49
[ 568.295078] wil6210-aoa$0,1579810019.914132,04:d6:aa:c1:38:97,2,1,1,0,128,293,95,495,253,421,762,873,57,29,857,851,443,625,502,550,162,592,271,178,287,60,888,282,965,431,669,412,357,27,312,659,837,85,68,50,68,79,82,74,79,78,78,69,83,67,67,69,65,76,67,66,65,78,78,69,66,72,58,57,55,68,65,52,50
[ 568.327061] wil6210-aoa$0,1579810019.946117,04:d6:aa:c1:38:97,2,1,1,0,128,385,192,43,439,1006,1013,318,159,88,920,274,263,630,504,1006,993,51,142,689,515,560,9,809,840,13,878,987,604,595,512,840,964,79,67,47,66,77,80,70,77,78,77,65,76,67,65,64,61,70,68,64,60,73,70,66,60,68,54,53,49,64,60,47,44
[ 568.364493] wil6210-aoa$0,1579810019.983544,04:d6:aa:c1:38:97,2,1,1,0,128,369,211,39,438,962,984,374,212,51,858,315,292,645,486,988,999,584,284,131,279,592,4,364,1001,450,692,941,540,12,266,998,111,85,69,51,68,80,85,75,81,81,83,71,83,71,70,72,68,78,68,68,66,80,83,76,71,74,61,62,61,74,68,53,51
[ 568.403952] wil6210-aoa$0,1579810020.023006,04:d6:aa:c1:38:97,2,1,1,0,128,899,353,71,480,395,818,865,65,440,658,301,282,664,526,3,999,593,286,785,555,520,6,334,17,454,679,894,552,564,455,560,633,83,68,50,66,80,85,74,78,81,79,70,80,71,67,71,66,76,67,67,66,77,78,72,68,70,58,59,58,70,66,51,49
[ 568.443843] wil6210-aoa$0,1579810020.062899,04:d6:aa:c1:38:97,2,1,1,0,128,889,376,42,501,1002,1023,333,221,1018,897,869,509,124,716,986,995,624,310,701,500,601,132,273,984,1013,865,958,583,592,478,766,802,82,69,49,68,77,82,71,78,78,78,66,82,69,68,70,66,73,68,67,67,79,80,70,66,71,58,58,56,68,65,51,49
[ 568.476338] wil6210-aoa$0,1579810020.095392,04:d6:aa:c1:38:97,2,1,1,0,128,935,403,123,543,931,990,368,258,127,972,926,515,248,784,593,222,637,357,768,556,596,48,341,1019,1,868,981,578,643,532,986,1018,86,67,51,70,81,85,77,81,82,82,70,87,73,70,72,68,77,71,67,67,78,81,73,72,74,62,61,60,72,69,56,52
[ 568.507534] wil6210-aoa$0,1579810020.126590,04:d6:aa:c1:38:97,2,1,1,0,128,951,414,558,292,998,1012,354,223,97,948,791,442,175,728,540,167,656,309,728,523,1020,855,357,26,3,862,987,560,590,525,790,860,81,69,50,69,80,83,73,80,80,81,68,83,69,68,68,64,75,70,67,65,75,75,70,64,67,57,57,52,68,62,49,45
[ 568.542745] wil6210-aoa$0,1579810020.161795,04:d6:aa:c1:38:97,2,1,1,0,128,923,365,1014,429,930,966,848,42,16,884,900,506,216,774,557,197,603,303,676,492,604,32,339,1007,5,862,957,541,607,540,295,332,83,70,50,68,80,82,75,79,80,80,70,83,71,68,68,66,75,70,67,64,76,77,70,64,71,57,57,55,68,65,49,49
[ 568.575106] wil6210-aoa$0,1579810020.194160,04:d6:aa:c1:38:97,2,1,1,0,128,386,212,503,260,1003,1023,302,202,105,934,840,470,196,709,993,987,57,92,191,312,604,55,286,993,1014,890,962,551,580,517,322,300,86,71,50,69,82,85,76,79,82,80,70,85,71,70,74,68,78,70,71,68,82,81,75,71,73,60,61,61,73,70,53,50
[ 568.606771] wil6210-aoa$0,1579810020.225825,04:d6:aa:c1:38:97,2,1,1,0,128,926,406,80,504,963,1021,359,216,29,910,906,488,167,730,551,186,638,316,748,528,604,81,344,1020,10,880,973,568,591,523,606,628,85,67,50,69,80,85,76,79,81,81,70,84,70,68,70,68,76,68,67,67,79,78,70,67,74,61,58,55,70,66,52,49
[ 568.651632] wil6210-aoa$0,1579810020.270681,04:d6:aa:c1:38:97,2,1,1,0,128,908,404,66,467,1004,1021,419,269,53,894,310,253,220,744,564,187,601,289,732,504,621,89,308,990,23,894,934,556,5,266,180,211,78,62,47,64,75,79,72,76,77,78,65,81,69,67,69,65,74,65,63,63,77,79,71,69,69,58,59,59,69,66,53,50
[ 568.686229] wil6210-aoa$0,1579810020.305283,04:d6:aa:c1:38:97,2,1,1,0,128,360,169,509,260,7,1016,313,185,546,718,297,280,686,552,1009,1001,601,284,172,310,1009,872,782,814,443,677,455,383,562,450,208,350,83,68,50,68,80,83,74,80,79,80,68,82,69,69,71,65,75,67,67,65,75,77,70,67,70,55,56,55,67,64,49,48
[ 568.717439] wil6210-aoa$0,1579810020.336494,04:d6:aa:c1:38:97,2,1,1,0,128,917,392,126,483,964,990,368,268,79,904,854,506,200,741,1018,1021,560,274,172,327,566,26,348,42,3,883,969,536,606,513,328,298,90,71,54,72,85,91,81,86,87,88,79,94,79,77,79,77,84,72,72,74,89,90,80,79,81,68,69,67,80,77,62,56
[ 568.753418] wil6210-aoa$0,1579810020.372473,04:d6:aa:c1:38:97,2,1,1,0,128,972,414,105,491,989,972,344,233,1018,870,314,281,172,723,1004,979,99,115,223,328,602,42,307,1017,24,901,937,518,557,475,321,245,85,68,49,68,82,85,75,81,80,80,70,84,70,69,71,69,75,67,66,66,79,77,70,66,74,60,58,55,71,68,52,49
[ 568.788167] wil6210-aoa$0,1579810020.407217,04:d6:aa:c1:38:97,2,1,1,0,128,402,172,522,274,406,795,400,241,17,893,380,314,199,714,485,162,705,353,144,291,2,864,806,831,40,875,1014,616,520,461,96,169,84,68,50,67,81,85,76,81,80,79,71,85,70,69,70,69,77,68,67,67,80,81,74,71,73,60,61,60,73,69,55,51
[ 568.825493] wil6210-aoa$0,1579810020.444549,04:d6:aa:c1:38:97,2,1,1,0,128,371,183,525,277,965,958,839,62,85,899,867,517,137,702,4,1023,61,82,242,381,44,889,792,816,4,866,425,360,565,481,46,142,83,67,51,67,81,85,78,80,81,82,73,87,73,71,72,70,80,67,67,68,82,83,75,71,76,62,60,59,73,70,57,53
[ 568.862677] wil6210-aoa$0,1579810020.481728,04:d6:aa:c1:38:97,2,1,1,0,128,968,411,47,439,947,939,834,1022,69,891,914,500,175,734,648,237,561,294,739,544,604,59,343,1013,996,865,990,572,601,507,569,611,80,67,48,67,77,81,72,77,79,78,66,80,67,67,66,63,71,67,65,61,73,74,68,62,67,52,57,54,64,61,48,47
[ 568.897684] wil6210-aoa$0,1579810020.516738,04:d6:aa:c1:38:97,2,1,1,0,128,379,169,561,275,382,811,406,285,33,888,314,298,626,498,956,975,49,82,153,281,50,922,303,992,1007,849,357,302,9,263,456,549,84,68,50,67,80,85,74,77,81,81,71,85,70,70,71,69,76,69,67,65,80,81,72,67,73,60,59,59,72,68,55,49
[ 568.942078] wil6210-aoa$0,1579810020.561133,04:d6:aa:c1:38:97,2,1,1,0,128,458,217,98,502,956,957,336,214,48,891,271,251,182,723,569,181,616,267,727,506,581,17,342,1012,22,891,947,543,549,461,254,368,84,69,51,69,81,85,75,80,80,79,69,83,71,69,71,69,76,69,66,67,80,80,75,72,74,61,61,61,72,70,53,50
[ 568.973146] wil6210-aoa$0,1579810020.592202,04:d6:aa:c1:38:97,2,1,1,0,128,969,434,91,492,1015,27,318,211,122,939,821,442,226,757,503,156,601,331,677,497,593,26,319,968,19,895,981,546,548,480,433,488,81,71,47,67,75,80,71,77,76,75,63,78,66,63,64,62,70,67,65,62,70,68,64,56,66,49,49,45,61,56,38,39
[ 569.009783] wil6210-aoa$0,1579810020.628838,04:d6:aa:c1:38:97,2,1,1,0,128,958,440,87,516,993,999,424,225,42,896,819,448,668,567,27,2,90,145,172,305,8,884,798,854,486,691,429,367,604,506,87,62,83,68,51,70,81,83,76,79,80,81,71,86,71,69,74,70,78,70,66,66,82,79,74,70,73,60,60,60,73,69,54,51
[ 569.045952] wil6210-aoa$0,1579810020.665007,04:d6:aa:c1:38:97,2,1,1,0,128,909,374,531,306,535,903,353,213,75,937,947,522,186,704,520,147,606,291,727,517,29,870,313,978,430,672,425,359,997,248,212,381,80,63,48,66,78,81,73,78,78,78,69,84,70,68,72,68,75,65,63,65,79,79,71,70,72,61,60,60,70,67,55,51
[ 569.083019] wil6210-aoa$0,1579810020.702070,04:d6:aa:c1:38:97,2,1,1,0,128,357,176,96,494,968,953,355,224,1019,874,879,496,201,725,517,145,615,304,737,543,569,68,356,21,994,848,943,536,497,469,840,964,83,68,49,67,79,83,72,78,78,79,69,82,67,66,68,65,74,68,67,65,74,77,70,65,69,56,55,52,66,63,49,47
[ 569.118666] wil6210-aoa$0,1579810020.737723,04:d6:aa:c1:38:97,2,1,1,0,128,417,222,74,483,933,940,377,194,519,668,336,296,693,520,14,997,583,287,749,538,568,45,272,965,28,891,986,577,545,502,974,947,83,66,49,68,77,82,72,78,78,77,66,80,67,65,66,61,72,66,64,62,75,74,68,64,70,56,54,52,66,62,46,45
[ 569.155477] wil6210-aoa$0,1579810020.774532,04:d6:aa:c1:38:97,2,1,1,0,128,948,416,36,453,9,28,307,216,88,926,853,458,165,733,544,190,621,343,708,527,501,1009,819,858,969,844,948,551,555,532,762,826,83,68,48,67,79,82,72,77,77,77,67,80,66,66,66,64,75,68,64,64,77,75,71,65,70,56,56,55,66,65,49,46
[ 569.196960] wil6210-aoa$0,1579810020.815985,04:d6:aa:c1:38:97,2,1,1,0,128,965,425,83,530,926,984,409,273,50,913,858,499,252,774,524,165,621,336,730,553,595,74,332,1006,1007,913,961,535,569,516,516,437,80,62,47,63,74,78,70,74,74,77,67,80,67,66,68,63,72,62,62,62,79,77,69,68,71,58,58,58,69,67,54,50
[ 569.242648] wil6210-aoa$0,1579810020.861699,04:d6:aa:c1:38:97,2,1,1,0,128,911,379,61,464,441,812,356,204,44,915,895,482,171,699,491,152,601,289,760,521,19,892,759,785,40,888,968,548,592,508,746,763,79,63,46,64,74,77,70,76,73,76,65,79,65,64,67,63,72,65,62,61,75,77,69,64,69,56,56,56,67,64,51,49
[ 569.282904] wil6210-aoa$0,1579810020.901958,04:d6:aa:c1:38:97,2,1,1,0,128,353,142,526,258,454,787,810,4,74,882,826,471,160,707,508,145,592,288,685,469,28,908,269,975,995,845,332,354,502,470,964,20,80,66,48,65,73,79,69,75,75,74,63,77,63,61,62,60,67,67,61,60,68,68,63,57,64,49,50,44,59,55,39,37
[ 569.321107] wil6210-aoa$0,1579810020.940164,04:d6:aa:c1:38:97,2,1,1,0,128,415,221,114,525,989,995,379,235,70,944,955,534,175,730,537,172,68,122,153,274,616,23,368,3,44,944,890,500,529,473,586,625,86,69,51,69,83,87,76,80,80,82,71,83,71,69,71,68,78,71,69,67,79,83,75,70,75,63,59,59,72,70,54,50
[ 569.357269] wil6210-aoa$0,1579810020.976324,04:d6:aa:c1:38:97,2,1,1,0,128,417,200,479,243,448,795,333,195,3,861,860,510,237,747,989,986,637,285,708,488,13,831,775,766,475,718,367,310,550,468,542,647,84,70,49,69,78,83,73,80,78,78,67,82,67,66,66,65,71,69,66,63,71,72,67,63,68,53,55,52,66,60,48,46
[ 569.394368] wil6210-aoa$0,1579810021.013417,04:d6:aa:c1:38:97,2,1,1,0,128,961,401,80,505,952,954,332,210,52,938,284,257,157,728,491,152,664,352,699,487,608,61,329,12,30,903,949,539,576,546,992,11,85,72,50,69,80,85,74,80,79,80,69,83,68,66,69,66,76,70,66,64,78,78,72,66,72,55,57,54,70,65,48,47
[ 569.434574] wil6210-aoa$0,1579810021.053624,04:d6:aa:c1:38:97,2,1,1,0,128,448,208,512,239,2,9,284,182,531,700,288,255,236,749,950,941,77,95,126,304,33,887,293,976,991,858,936,537,556,432,664,839,84,69,50,68,81,84,75,81,80,80,70,84,70,72,73,68,78,69,68,67,81,81,75,71,74,62,61,59,71,66,54,50
[ 569.480046] wil6210-aoa$0,1579810021.099101,04:d6:aa:c1:38:97,2,1,1,0,128,362,227,73,498,977,1010,386,229,93,935,875,500,208,747,520,135,623,306,735,533,555,17,324,998,4,855,1012,584,509,471,691,805,83,68,49,68,79,83,73,79,79,78,67,83,68,68,67,65,75,70,66,64,77,77,70,66,71,56,56,53,66,64,46,45
[ 569.510843] wil6210-aoa$0,1579810021.129900,04:d6:aa:c1:38:97,2,1,1,0,128,409,228,575,297,455,832,839,12,518,693,884,503,170,693,1023,1019,591,265,186,341,537,15,358,1023,1006,879,937,513,29,310,490,477,85,68,49,67,80,85,74,78,80,83,70,82,72,70,72,68,79,69,66,67,82,84,74,72,76,63,62,62,76,71,57,52
[ 569.548325] wil6210-aoa$0,1579810021.167379,04:d6:aa:c1:38:97,2,1,1,0,128,942,417,90,492,1023,1001,345,211,105,918,906,505,202,747,544,158,650,340,843,602,611,93,332,0,976,862,969,591,558,495,813,902,83,68,50,68,81,83,74,77,79,80,68,81,67,67,68,64,73,67,66,64,76,78,70,65,71,58,55,54,70,66,51,47
[ 569.585656] wil6210-aoa$0,1579810021.204713,04:d6:aa:c1:38:97,2,1,1,0,128,322,121,603,303,0,27,391,259,4,874,922,515,110,683,524,133,56,98,178,329,58,874,353,1014,1013,836,970,575,548,462,490,512,84,67,50,69,78,81,73,77,79,77,67,82,68,66,69,64,73,68,66,64,75,75,67,63,68,53,55,51,65,60,45,43
[ 569.620107] wil6210-aoa$0,1579810021.239158,04:d6:aa:c1:38:97,2,1,1,0,128,379,206,76,454,8,1013,376,239,23,854,825,445,165,698,600,182,630,329,759,541,565,62,250,988,990,840,436,396,570,480,690,727,85,68,49,68,80,85,74,79,81,79,68,83,70,70,73,68,76,67,66,66,81,81,73,69,72,59,60,61,73,70,55,50
[ 569.650975] wil6210-aoa$0,1579810021.270029,04:d6:aa:c1:38:97,2,1,1,0,128,932,400,87,470,452,808,349,191,73,908,881,519,168,737,592,203,115,132,773,552,73,952,313,978,17,876,917,521,639,532,357,339,83,68,47,66,75,80,71,75,74,77,65,76,65,64,64,59,69,65,63,58,71,70,65,57,66,50,51,47,61,57,44,40
[ 569.688672] wil6210-aoa$0,1579810021.307723,04:d6:aa:c1:38:97,2,1,1,0,128,412,187,580,290,20,2,336,187,97,929,881,512,177,704,512,157,603,298,798,550,599,82,298,997,46,888,949,566,601,509,254,303,90,73,52,74,85,89,81,82,84,85,75,87,72,71,73,69,80,74,70,67,80,80,74,70,75,59,59,58,72,66,51,50
[ 569.731166] wil6210-aoa$0,1579810021.350217,04:d6:aa:c1:38:97,2,1,1,0,128,403,194,72,476,420,800,373,231,1013,904,841,446,176,728,547,192,617,281,775,565,535,57,245,972,991,850,952,568,483,447,371,502,86,68,51,68,80,83,77,79,81,79,72,86,72,70,73,70,78,68,69,69,81,82,75,72,74,61,63,62,74,70,55,52
[ 569.766293] wil6210-aoa$0,1579810021.385351,04:d6:aa:c1:38:97,2,1,1,0,128,958,427,59,479,975,982,931,54,72,884,854,433,177,706,1003,994,105,105,232,365,602,63,288,1003,1004,857,370,339,958,261,475,597,82,69,49,68,80,84,74,77,79,80,67,82,68,67,68,65,74,69,67,66,77,77,71,65,71,55,57,54,68,64,51,48
[ 569.803947] wil6210-aoa$0,1579810021.423001,04:d6:aa:c1:38:97,2,1,1,0,128,937,385,67,469,961,1002,354,237,41,888,895,503,194,724,567,182,577,260,672,491,45,903,366,1,1023,862,969,567,587,503,493,554,85,69,51,70,80,85,76,80,80,81,71,87,73,70,72,68,78,71,68,67,80,79,73,68,72,59,59,58,71,67,51,50
[ 569.842971] wil6210-aoa$0,1579810021.462022,04:d6:aa:c1:38:97,2,1,1,0,128,928,396,84,490,966,1013,362,244,38,923,808,442,656,512,994,1021,124,126,262,375,555,18,358,28,35,911,986,569,553,511,689,688,84,69,50,70,80,84,74,80,81,82,72,85,72,71,72,69,77,69,67,68,79,80,73,72,74,60,58,59,73,69,54,51
[ 569.881140] wil6210-aoa$0,1579810021.500194,04:d6:aa:c1:38:97,2,1,1,0,128,908,350,75,456,950,979,353,223,580,726,887,496,191,704,537,160,636,327,688,522,581,60,262,958,48,892,951,552,582,497,736,857,83,69,48,67,79,83,73,78,77,78,67,81,68,69,69,67,74,67,66,65,77,79,71,67,71,58,58,56,70,65,51,48
[ 569.917475] wil6210-aoa$0,1579810021.536529,04:d6:aa:c1:38:97,2,1,1,0,128,913,373,93,467,986,962,376,193,75,922,340,284,189,748,507,118,639,294,723,514,582,66,287,981,3,886,960,529,556,485,76,90,78,63,47,64,74,79,72,77,76,75,68,82,67,65,70,66,73,66,63,63,75,77,69,65,69,58,57,57,68,65,53,48
[ 569.952474] wil6210-aoa$0,1579810021.571523,04:d6:aa:c1:38:97,2,1,1,0,128,342,160,481,250,453,816,864,51,76,894,866,495,642,526,1013,998,80,104,142,265,33,904,770,791,447,636,418,355,612,510,1016,100,83,69,48,69,79,84,74,77,80,80,68,85,69,69,73,67,76,68,67,66,80,81,73,70,73,59,62,60,72,69,55,53
[ 569.983789] wil6210-aoa$0,1579810021.602843,04:d6:aa:c1:38:97,2,1,1,0,128,969,420,104,505,1012,1003,303,170,88,941,810,444,693,525,988,996,692,337,691,506,545,55,265,1019,60,936,971,552,628,564,768,782,82,67,50,69,78,84,75,79,79,79,69,84,70,69,70,68,76,68,66,67,76,79,71,68,73,58,57,57,71,66,51,49
[ 570.022514] wil6210-aoa$0,1579810021.641542,04:d6:aa:c1:38:97,2,1,1,0,128,449,244,516,273,985,985,366,241,1013,862,845,489,177,707,1019,983,131,146,758,534,24,868,330,1004,1018,835,421,395,989,263,827,947,85,67,49,69,79,83,73,78,81,81,69,83,70,69,70,68,76,67,65,65,80,79,72,70,73,61,61,56,72,69,54,52
[ 570.065801] wil6210-aoa$0,1579810021.684855,04:d6:aa:c1:38:97,2,1,1,0,128,956,408,128,506,983,998,340,213,24,883,858,464,212,776,579,181,700,314,777,543,669,102,290,1019,39,921,925,525,582,487,684,676,82,69,48,68,77,82,71,76,78,80,66,82,67,67,66,63,72,68,64,64,75,74,65,62,69,55,53,51,66,63,45,45
[ 570.106938] wil6210-aoa$0,1579810021.725995,04:d6:aa:c1:38:97,2,1,1,0,128,318,159,569,294,454,792,368,231,96,948,913,532,193,727,508,104,678,296,730,532,593,55,781,767,474,689,949,541,18,289,425,494,81,67,49,67,77,79,73,78,76,78,66,80,66,65,67,63,72,66,65,62,74,73,67,62,68,53,53,51,65,60,45,44
[ 570.147649] wil6210-aoa$0,1579810021.766703,04:d6:aa:c1:38:97,2,1,1,0,128,970,416,123,510,983,1010,346,232,23,879,854,509,229,732,478,126,648,286,738,531,607,38,750,802,486,699,402,348,552,474,373,420,85,67,50,69,80,84,74,79,79,79,70,83,70,68,71,67,75,70,66,65,78,79,73,67,70,58,60,58,70,68,53,50
[ 570.184845] wil6210-aoa$0,1579810021.803897,04:d6:aa:c1:38:97,2,1,1,0,128,351,155,541,251,428,826,823,4,548,675,343,295,609,485,16,1006,38,82,183,311,35,876,786,754,440,640,431,372,1022,240,735,862,81,68,50,67,76,81,73,78,77,78,67,82,67,64,67,64,71,67,65,64,75,71,68,63,69,53,56,53,67,60,47,44
[ 570.225511] wil6210-aoa$0,1579810021.844566,04:d6:aa:c1:38:97,2,1,1,0,128,929,375,85,515,978,1014,341,207,60,962,897,492,213,762,541,213,632,301,754,517,569,34,305,0,489,677,407,342,28,277,392,458,87,70,51,70,83,87,76,81,82,82,70,82,71,71,72,68,79,69,69,69,81,81,73,69,73,60,62,57,72,67,53,51
[ 570.259722] wil6210-aoa$0,1579810021.878773,04:d6:aa:c1:38:97,2,1,1,0,128,464,229,451,253,436,807,877,73,104,932,889,500,154,713,468,118,629,316,709,462,552,32,767,831,4,876,941,550,539,442,763,877,85,70,49,68,80,84,75,77,80,80,70,83,69,66,68,66,74,70,67,65,78,73,69,64,71,56,55,54,69,64,48,47
[ 570.291115] wil6210-aoa$0,1579810021.910172,04:d6:aa:c1:38:97,2,1,1,0,128,925,392,64,481,950,971,375,175,535,742,867,485,186,722,545,184,58,124,707,509,590,54,301,999,1011,896,412,379,562,514,213,292,86,68,51,70,83,86,78,82,82,83,75,87,75,72,75,72,82,70,67,69,85,84,76,75,78,64,62,63,75,71,57,54
[ 570.327643] wil6210-aoa$0,1579810021.946698,04:d6:aa:c1:38:97,2,1,1,0,128,956,386,96,522,1019,1004,791,3,518,741,907,478,213,772,539,149,644,287,738,505,589,14,836,814,7,899,1004,577,1022,284,847,970,85,70,52,68,81,85,76,81,82,81,73,84,70,71,72,68,77,71,68,67,81,82,76,70,76,61,61,61,72,68,55,52
[ 570.362195] wil6210-aoa$0,1579810021.981245,04:d6:aa:c1:38:97,2,1,1,0,128,963,389,69,447,399,773,409,266,49,921,856,473,119,687,512,168,615,331,725,557,593,81,383,1022,38,893,948,562,483,438,367,390,85,71,50,69,79,85,74,79,79,80,71,82,70,69,71,64,77,71,68,67,77,78,72,66,72,60,58,54,69,66,51,49
[ 570.393777] wil6210-aoa$0,1579810022.012835,04:d6:aa:c1:38:97,2,1,1,0,128,934,410,89,523,1,999,392,271,70,917,899,523,203,757,542,182,689,376,678,504,594,86,246,945,24,930,940,530,563,520,648,661,86,71,52,68,81,86,78,83,83,85,71,85,75,72,75,69,80,71,68,68,81,84,75,74,73,61,63,61,73,72,54,52
[ 570.424618] wil6210-aoa$0,1579810022.043676,04:d6:aa:c1:38:97,2,1,1,0,128,350,198,93,455,990,1012,371,248,5,882,880,523,147,690,983,1020,616,322,687,526,584,27,343,22,989,878,914,507,527,470,589,738,84,70,49,70,82,84,76,80,80,81,71,85,69,69,71,69,77,71,67,66,81,80,72,69,73,60,59,59,72,69,52,50
[ 570.465463] wil6210-aoa$0,1579810022.084515,04:d6:aa:c1:38:97,2,1,1,0,128,841,354,85,496,944,995,395,233,480,678,361,308,625,474,557,182,598,290,106,285,34,891,331,987,983,858,938,551,35,296,501,560,85,71,52,71,81,86,78,82,82,81,73,87,71,71,71,70,77,71,69,68,82,85,76,73,76,64,63,61,76,70,58,52
[ 570.501879] wil6210-aoa$0,1579810022.120933,04:d6:aa:c1:38:97,2,1,1,0,128,433,231,93,520,417,827,881,71,106,965,916,477,200,778,533,188,636,347,712,519,572,51,368,1017,1021,879,3,564,545,495,527,538,86,68,54,69,84,87,81,83,84,86,77,90,76,74,76,74,83,70,69,71,86,87,80,78,79,67,67,67,78,75,61,56
[ 570.533910] wil6210-aoa$0,1579810022.152962,04:d6:aa:c1:38:97,2,1,1,0,128,970,404,117,536,933,991,828,1019,585,764,925,483,205,764,1002,1008,95,115,709,497,605,47,342,1012,1011,857,410,341,21,269,569,567,86,68,51,69,80,84,76,80,80,80,68,83,72,70,70,66,77,71,66,65,78,79,73,66,71,58,59,57,69,64,51,49
[ 570.575511] wil6210-aoa$0,1579810022.194560,04:d6:aa:c1:38:97,2,1,1,0,128,963,425,84,476,5,7,372,225,85,901,847,473,182,732,509,133,647,365,783,561,528,7,785,800,991,870,1006,605,575,507,331,378,84,71,52,70,79,84,75,82,80,81,67,82,69,68,68,66,73,69,67,64,75,75,70,62,69,54,56,52,64,60,47,47
[ 570.615031] wil6210-aoa$0,1579810022.234084,04:d6:aa:c1:38:97,2,1,1,0,128,935,384,81,459,952,965,899,44,89,960,908,512,173,753,520,145,620,253,788,537,613,69,260,998,0,880,983,536,608,515,28,0,86,71,52,70,83,87,78,82,81,81,72,87,71,70,70,67,78,72,67,67,81,81,73,72,76,62,59,59,74,70,56,52
[ 570.649468] wil6210-aoa$0,1579810022.268517,04:d6:aa:c1:38:97,2,1,1,0,128,369,175,538,270,1008,997,814,30,86,902,878,514,166,687,5,7,677,345,691,508,573,51,728,753,516,693,978,573,568,482,622,608,84,71,51,68,82,86,77,80,81,81,71,85,72,69,73,68,78,70,70,68,80,79,74,68,75,61,61,58,71,68,53,52
[ 570.686155] wil6210-aoa$0,1579810022.305210,04:d6:aa:c1:38:97,2,1,1,0,128,389,169,577,294,1003,999,373,280,60,914,848,469,634,514,35,26,619,301,692,500,71,927,325,1019,52,888,963,596,555,520,588,595,85,69,50,70,82,85,75,81,79,79,71,82,68,67,69,67,74,69,67,66,76,77,71,67,72,57,58,57,71,66,51,49
[ 570.725478] wil6210-aoa$0,1579810022.344532,04:d6:aa:c1:38:97,2,1,1,0,128,426,215,60,459,958,1022,433,278,55,907,864,514,310,854,471,140,612,309,680,488,601,46,328,964,15,896,391,381,597,475,338,350,85,71,53,70,84,86,77,80,82,81,70,83,72,71,73,69,77,71,68,68,81,82,74,70,75,61,63,60,72,67,56,52
[ 570.762504] wil6210-aoa$0,1579810022.381553,04:d6:aa:c1:38:97,2,1,1,0,128,946,385,67,458,970,990,839,30,74,936,914,555,175,704,520,154,591,302,662,492,535,13,778,795,525,691,394,341,51,292,264,326,87,72,51,70,82,85,76,80,81,79,70,84,71,68,68,64,76,70,66,64,76,77,70,65,72,58,55,54,69,65,48,46
[ 570.797024] wil6210-aoa$0,1579810022.416081,04:d6:aa:c1:38:97,2,1,1,0,128,415,160,584,287,1004,21,336,204,31,871,852,458,110,666,502,175,582,290,710,501,1008,850,764,766,483,696,399,367,558,518,493,490,85,70,51,68,79,85,75,81,79,80,70,86,69,69,72,69,78,71,67,67,81,81,74,69,74,60,61,57,71,66,51,51
[ 570.828226] wil6210-aoa$0,1579810022.447281,04:d6:aa:c1:38:97,2,1,1,0,128,950,406,37,434,933,968,373,195,109,938,895,514,154,695,569,166,590,264,719,486,602,75,294,997,1022,882,358,342,19,326,770,825,84,68,50,68,79,82,73,78,79,80,69,83,70,68,68,66,75,68,66,63,78,79,69,68,72,58,58,56,69,65,49,48
[ 570.864360] wil6210-aoa$0,1579810022.483414,04:d6:aa:c1:38:97,2,1,1,0,128,394,188,99,486,968,1020,424,260,0,871,811,426,209,731,572,185,658,340,726,504,543,16,333,10,49,918,945,549,617,504,280,332,84,68,50,68,82,87,76,79,82,81,72,86,71,72,75,70,80,67,66,68,84,85,77,74,78,64,63,63,75,73,59,54
[ 570.904811] wil6210-aoa$0,1579810022.523869,04:d6:aa:c1:38:97,2,1,1,0,128,434,232,6,429,395,819,772,23,547,743,294,257,212,784,956,975,98,143,184,333,596,36,334,970,54,899,366,294,0,247,702,912,84,69,50,68,80,86,74,79,80,80,70,81,68,67,70,66,75,67,67,66,76,76,71,69,73,59,58,57,70,67,51,50
[ 570.938247] wil6210-aoa$0,1579810022.557297,04:d6:aa:c1:38:97,2,1,1,0,128,362,170,551,253,460,847,378,210,77,892,884,498,218,759,582,174,644,332,721,528,559,28,773,812,446,678,420,323,536,439,928,42,83,68,49,70,79,84,74,80,79,80,69,84,68,69,69,66,74,69,65,65,78,78,71,66,71,57,56,55,71,66,50,47
[ 570.976650] wil6210-aoa$0,1579810022.595706,04:d6:aa:c1:38:97,2,1,1,0,128,376,166,503,239,382,769,841,49,491,692,366,310,669,536,992,1019,638,285,713,522,540,62,285,974,427,669,412,412,992,282,694,881,82,69,49,65,79,82,73,78,79,78,66,80,69,67,66,65,73,69,66,63,75,75,69,62,68,55,56,53,68,64,49,46
[ 571.014597] wil6210-aoa$0,1579810022.633648,04:d6:aa:c1:38:97,2,1,1,0,128,928,412,583,328,415,804,411,253,93,971,889,488,203,735,566,222,640,318,727,513,604,35,772,822,42,905,878,493,585,493,46,84,84,67,50,68,81,84,75,80,80,79,70,83,69,69,72,69,76,69,68,65,80,81,72,67,73,60,61,58,73,69,55,50
[ 571.054994] wil6210-aoa$0,1579810022.674045,04:d6:aa:c1:38:97,2,1,1,0,128,925,393,36,464,968,975,319,209,91,923,879,516,227,748,548,178,624,325,679,470,60,882,301,1014,1,885,931,549,573,497,692,706,86,68,52,70,82,84,76,81,81,81,72,85,72,71,71,69,79,70,66,66,81,82,76,74,75,62,61,62,73,70,57,54
[ 571.094741] wil6210-aoa$0,1579810022.713795,04:d6:aa:c1:38:97,2,1,1,0,128,394,208,133,538,975,1015,379,227,55,918,298,282,155,713,623,236,577,294,782,569,617,76,332,999,25,910,923,541,495,448,292,269,82,69,49,68,78,82,72,78,78,78,67,81,68,66,68,67,73,68,65,65,77,73,69,65,71,57,59,54,67,63,50,48
[ 571.130961] wil6210-aoa$0,1579810022.750013,04:d6:aa:c1:38:97,2,1,1,0,128,939,376,38,471,911,977,359,219,48,869,352,310,656,506,973,970,27,78,778,551,623,93,291,1014,1001,886,966,579,589,495,177,214,85,69,50,70,81,85,75,81,81,80,68,82,69,69,68,66,76,69,67,64,78,78,71,65,70,56,58,55,67,64,50,49
[ 571.162346] wil6210-aoa$0,1579810022.781401,04:d6:aa:c1:38:97,2,1,1,0,128,348,127,557,317,472,805,842,50,23,880,322,289,142,702,997,975,100,100,186,284,16,858,758,789,445,694,961,608,572,486,225,296,85,68,51,68,80,85,75,79,78,77,70,84,69,68,69,67,77,68,65,64,79,78,70,66,71,59,56,55,69,68,52,49
[ 571.193917] wil6210-aoa$0,1579810022.812972,04:d6:aa:c1:38:97,2,1,1,0,128,867,358,79,494,996,15,365,239,53,890,929,524,167,747,1001,1008,614,317,675,467,627,76,260,974,943,835,391,322,590,463,915,935,85,70,51,69,81,86,74,80,80,82,68,83,69,68,70,67,78,69,66,66,80,81,75,71,73,60,59,60,74,68,53,50
[ 571.235501] wil6210-aoa$0,1579810022.854551,04:d6:aa:c1:38:97,2,1,1,0,128,426,215,477,251,390,770,829,2,497,694,298,288,694,532,984,975,112,146,100,266,9,860,790,826,425,654,382,344,39,329,796,973,79,63,48,64,76,80,72,75,76,75,70,83,69,67,71,66,73,64,64,64,80,80,73,71,71,61,61,61,70,67,57,52
[ 571.272263] wil6210-aoa$0,1579810022.891320,04:d6:aa:c1:38:97,2,1,1,0,128,920,365,57,490,980,1019,367,257,25,891,339,303,640,500,29,998,654,352,752,565,550,52,398,15,1,867,953,542,560,462,646,765,85,67,49,69,80,85,74,80,80,81,71,85,71,71,73,68,77,68,67,67,82,84,73,71,75,61,60,62,74,71,55,51
[ 571.302868] wil6210-aoa$0,1579810022.921919,04:d6:aa:c1:38:97,2,1,1,0,128,925,391,62,455,430,806,378,196,71,909,888,500,218,711,33,6,661,322,152,303,611,65,316,965,69,922,904,529,616,522,258,345,78,67,48,67,76,80,70,76,75,75,65,78,62,61,61,60,67,67,62,58,68,67,61,58,62,49,48,46,61,53,39,39
[ 571.338083] wil6210-aoa$0,1579810022.957137,04:d6:aa:c1:38:97,2,1,1,0,128,355,191,543,252,1000,995,834,22,1013,855,327,279,680,556,567,165,634,327,697,497,566,39,731,750,558,729,450,420,483,443,813,966,85,70,48,67,81,85,75,79,81,81,70,83,68,68,70,67,78,69,66,67,80,79,72,68,72,59,59,55,69,67,51,49
[ 571.375303] wil6210-aoa$0,1579810022.994358,04:d6:aa:c1:38:97,2,1,1,0,128,405,211,81,466,976,969,793,24,54,914,874,512,181,758,520,132,631,330,737,525,538,28,784,794,447,645,415,364,5,250,208,420,84,68,50,69,78,80,74,77,77,77,66,81,66,66,66,64,74,66,64,62,75,75,67,60,69,56,56,52,65,61,48,44
[ 571.412043] wil6210-aoa$0,1579810023.031093,04:d6:aa:c1:38:97,2,1,1,0,128,977,435,88,519,19,32,335,195,47,891,857,474,642,548,9,1016,614,284,183,313,595,68,339,5,984,848,1002,570,546,482,313,278,83,68,48,67,78,84,73,78,80,80,69,83,68,68,68,65,74,68,66,64,77,73,68,64,71,55,55,53,68,64,46,44
[ 571.446591] wil6210-aoa$0,1579810023.065646,04:d6:aa:c1:38:97,2,1,1,0,128,984,425,10,459,1006,41,317,224,127,935,843,477,176,736,521,153,108,135,135,321,570,61,308,985,420,669,407,369,568,502,536,700,85,69,48,67,80,82,74,77,79,78,68,82,68,67,68,66,74,69,67,66,76,77,69,64,70,58,54,54,67,65,49,48
[ 571.477615] wil6210-aoa$0,1579810023.096669,04:d6:aa:c1:38:97,2,1,1,0,128,430,242,523,273,404,799,861,27,540,743,289,291,153,695,953,983,70,147,693,513,588,46,282,970,53,921,901,512,585,465,749,781,86,70,51,70,83,86,76,81,82,83,71,83,71,71,71,69,77,70,68,69,80,80,73,69,74,61,58,57,74,69,55,50
[ 571.514271] wil6210-aoa$0,1579810023.133321,04:d6:aa:c1:38:97,2,1,1,0,128,383,189,515,246,418,810,845,34,528,699,286,258,663,538,1023,1002,62,106,218,348,62,901,335,1018,415,697,370,356,546,454,67,118,82,71,51,68,81,85,76,80,81,82,71,84,70,71,72,67,75,70,68,66,78,81,73,69,73,59,60,60,72,67,53,50
[ 571.555407] wil6210-aoa$0,1579810023.174459,04:d6:aa:c1:38:97,2,1,1,0,128,436,223,104,462,1012,2,319,206,80,940,886,503,192,734,535,189,693,367,782,551,618,73,338,1012,33,908,983,563,565,517,407,393,85,71,49,69,80,84,75,80,80,79,69,83,69,69,70,68,73,70,66,66,74,76,71,65,69,54,56,54,68,60,48,47
[ 571.595687] wil6210-aoa$0,1579810023.214739,04:d6:aa:c1:38:97,2,1,1,0,128,903,353,43,477,965,1011,374,246,49,906,869,496,168,717,12,1004,40,89,130,315,2,898,778,799,20,921,948,535,29,315,779,869,82,68,49,68,77,81,74,78,75,77,67,80,65,64,67,62,72,69,64,62,74,73,66,61,71,53,54,52,68,62,47,46
[ 571.635923] wil6210-aoa$0,1579810023.254979,04:d6:aa:c1:38:97,2,1,1,0,128,330,106,555,294,931,956,867,61,69,925,843,452,254,775,549,148,628,303,721,457,2,876,332,995,992,847,951,542,486,450,364,453,84,67,50,69,79,82,74,80,79,79,70,85,71,70,72,67,77,69,66,65,80,82,71,70,72,59,59,59,70,66,53,50
[ 571.669728] wil6210-aoa$0,1579810023.288780,04:d6:aa:c1:38:97,2,1,1,0,128,983,393,98,499,1001,2,366,248,63,888,264,263,247,762,541,202,592,299,699,494,547,24,743,802,442,677,362,335,589,501,702,795,89,73,54,73,88,91,82,84,89,88,76,91,75,75,79,73,84,76,71,71,87,87,77,76,79,65,66,66,78,73,59,56
[ 571.706213] wil6210-aoa$0,1579810023.325267,04:d6:aa:c1:38:97,2,1,1,0,128,421,193,587,324,6,1003,361,228,40,902,301,283,204,711,985,987,74,102,129,274,607,49,333,1005,45,904,837,489,528,496,405,496,82,67,49,65,79,83,71,77,78,80,67,80,70,69,69,65,75,69,65,63,75,75,69,65,70,54,56,53,68,62,47,45
[ 571.746803] wil6210-aoa$0,1579810023.365861,04:d6:aa:c1:38:97,2,1,1,0,128,443,235,145,502,963,982,369,220,43,937,873,450,249,782,554,160,626,290,670,462,79,911,793,808,506,730,957,550,960,216,128,215,84,67,49,68,82,85,74,80,80,80,69,84,71,68,69,66,76,69,66,63,78,81,71,67,71,58,60,58,69,66,52,49
[ 571.784385] wil6210-aoa$0,1579810023.403436,04:d6:aa:c1:38:97,2,1,1,0,128,348,157,594,285,439,810,373,234,23,916,873,495,663,501,980,979,90,136,688,512,1018,853,819,826,990,852,962,606,502,421,683,819,86,68,50,68,80,83,75,82,80,82,71,85,70,69,74,69,79,69,65,68,82,82,75,73,75,62,62,62,74,70,56,54
[ 571.825059] wil6210-aoa$0,1579810023.444114,04:d6:aa:c1:38:97,2,1,1,0,128,930,378,535,312,1004,1010,313,188,94,943,902,487,187,743,554,149,8,107,710,501,21,850,762,787,43,860,412,357,534,474,191,249,85,69,50,67,79,84,73,79,80,79,68,84,69,68,69,67,73,67,66,65,75,77,68,64,70,55,57,56,68,64,49,47
[ 571.865097] wil6210-aoa$0,1579810023.484152,04:d6:aa:c1:38:97,2,1,1,0,128,968,416,51,482,944,1003,358,242,68,915,919,553,242,799,543,141,693,316,159,322,616,12,330,1012,1021,868,431,379,598,497,939,5,90,76,55,75,86,88,81,86,86,86,73,89,75,73,75,71,80,74,72,69,82,80,77,72,74,58,62,61,76,70,54,51
[ 571.906317] wil6210-aoa$0,1579810023.525371,04:d6:aa:c1:38:97,2,1,1,0,128,950,374,81,430,998,996,348,209,30,898,232,251,686,556,10,0,573,268,736,516,550,23,748,795,7,873,927,522,975,297,506,588,86,67,51,69,82,85,76,80,82,83,73,87,74,73,73,69,81,70,69,68,82,85,74,72,76,62,62,61,74,71,57,53
[ 571.942044] wil6210-aoa$0,1579810023.561095,04:d6:aa:c1:38:97,2,1,1,0,128,930,401,66,468,965,1004,306,161,81,910,799,478,175,697,555,149,561,295,127,311,12,866,331,1009,95,964,970,569,564,521,508,523,82,70,49,69,77,82,74,77,76,75,67,79,66,66,66,62,72,70,65,60,72,72,67,60,66,53,53,48,64,60,43,44
[ 571.973226] wil6210-aoa$0,1579810023.592281,04:d6:aa:c1:38:97,2,1,1,0,128,400,186,99,493,979,1018,359,213,17,868,939,513,202,740,622,224,591,264,694,497,533,25,290,980,966,849,979,550,615,517,143,103,82,67,48,67,75,82,71,78,77,76,66,79,67,67,67,63,72,69,64,61,72,73,68,60,66,53,54,51,66,60,44,46
[ 572.009156] wil6210-aoa$0,1579810023.628208,04:d6:aa:c1:38:97,2,1,1,0,128,932,419,83,514,5,11,399,242,49,897,869,494,168,707,548,187,88,138,756,528,570,8,291,993,29,873,920,546,621,533,925,958,83,67,49,66,80,84,72,76,78,78,65,80,68,66,66,63,72,69,65,63,74,73,68,61,70,55,54,50,66,62,44,45
[ 572.044208] wil6210-aoa$0,1579810023.663263,04:d6:aa:c1:38:97,2,1,1,0,128,967,371,116,488,959,996,350,235,74,905,859,474,214,753,473,137,572,291,157,318,585,53,338,1006,995,877,1000,585,520,481,306,250,84,69,49,68,79,83,73,79,80,81,69,80,70,68,70,65,76,69,64,68,81,82,74,70,74,60,60,60,72,67,54,51
[ 572.084542] wil6210-aoa$0,1579810023.703597,04:d6:aa:c1:38:97,2,1,1,0,128,967,416,83,499,961,1005,355,202,79,898,908,514,186,697,507,150,108,138,711,537,605,72,332,34,1018,878,9,627,616,547,90,1022,80,64,46,64,75,79,71,74,76,77,67,78,67,65,67,63,71,64,63,61,73,74,68,63,68,55,55,53,69,63,46,46
[ 572.116763] wil6210-aoa$0,1579810023.735819,04:d6:aa:c1:38:97,2,1,1,0,128,390,228,32,469,436,793,891,63,29,879,894,493,131,682,1023,990,632,319,746,533,487,8,829,846,8,894,967,567,541,468,703,851,84,68,52,68,82,86,75,79,82,82,71,85,73,71,72,69,81,69,67,67,81,82,76,72,77,64,62,62,74,71,57,54
[ 572.152616] wil6210-aoa$0,1579810023.771673,04:d6:aa:c1:38:97,2,1,1,0,128,938,365,124,513,1020,1007,368,223,1001,861,880,510,219,737,487,170,602,294,792,607,567,66,294,1001,1002,876,941,535,555,506,495,544,86,70,50,69,80,86,74,81,81,81,69,84,69,70,72,67,79,68,67,68,80,83,72,71,75,62,62,59,73,69,55,51
[ 572.184173] wil6210-aoa$0,1579810023.803228,04:d6:aa:c1:38:97,2,1,1,0,128,967,403,94,517,961,1000,326,204,76,916,343,355,198,758,534,179,617,343,754,546,508,2,828,856,1012,898,995,575,555,484,820,909,80,69,49,68,76,82,71,76,77,76,66,79,66,65,67,62,71,67,64,61,70,71,67,59,67,50,52,50,64,56,45,41
[ 572.220763] wil6210-aoa$0,1579810023.839817,04:d6:aa:c1:38:97,2,1,1,0,128,935,402,538,307,911,979,869,25,520,712,919,499,174,696,490,132,607,305,747,522,984,821,338,0,15,883,998,588,636,537,566,563,84,68,48,67,81,84,76,79,81,82,71,84,71,72,74,70,79,69,67,68,80,81,74,70,74,62,62,60,73,69,55,52
[ 572.258910] wil6210-aoa$0,1579810023.877966,04:d6:aa:c1:38:97,2,1,1,0,128,395,181,509,278,1008,1003,341,221,18,870,886,488,244,762,483,151,13,76,712,512,8,864,740,777,33,881,414,378,979,283,802,968,83,67,50,69,81,85,75,79,80,81,69,84,71,70,72,68,78,68,67,68,79,80,73,71,74,61,62,59,71,67,55,53
[ 572.294957] wil6210-aoa$0,1579810023.914008,04:d6:aa:c1:38:97,2,1,1,0,128,400,187,545,261,965,1001,340,227,30,885,298,267,655,544,527,156,616,294,713,502,590,48,307,947,13,881,903,484,629,534,1022,30,84,68,50,69,80,84,76,78,83,81,70,84,73,69,70,66,78,69,67,66,81,78,74,70,74,58,59,58,71,68,56,50
[ 572.335334] wil6210-aoa$0,1579810023.954385,04:d6:aa:c1:38:97,2,1,1,0,128,370,173,570,290,423,827,799,13,545,732,299,284,666,547,39,26,94,147,148,330,39,912,832,858,486,659,367,350,10,306,871,0,83,69,50,69,80,84,73,78,81,82,69,80,68,68,68,64,75,69,66,63,75,77,71,67,73,56,58,57,69,64,50,49
[ 572.371691] wil6210-aoa$0,1579810023.990746,04:d6:aa:c1:38:97,2,1,1,0,128,388,224,84,452,981,973,387,247,53,899,391,335,197,718,543,128,597,280,817,565,512,1016,296,979,1017,876,374,340,972,242,76,158,84,69,52,70,80,83,75,81,79,80,71,85,69,68,70,70,77,70,68,67,79,79,70,66,71,59,60,59,71,66,52,50
[ 572.403124] wil6210-aoa$0,1579810024.022174,04:d6:aa:c1:38:97,2,1,1,0,128,384,220,563,271,972,1013,397,247,47,905,809,436,176,703,942,965,648,320,738,524,620,39,318,1005,428,653,942,519,611,540,80,105,84,68,49,68,78,82,74,78,75,75,68,82,67,66,69,65,76,69,65,64,78,77,70,65,72,57,56,53,70,65,50,49
[ 572.444710] wil6210-aoa$0,1579810024.063764,04:d6:aa:c1:38:97,2,1,1,0,128,918,383,71,455,398,780,789,4,84,902,839,436,639,518,970,987,637,350,684,495,540,994,775,815,32,921,934,527,553,486,585,682,85,68,52,69,80,84,77,81,81,82,72,86,73,71,73,67,78,70,67,66,81,85,75,71,74,62,62,61,74,70,56,53
[ 572.479116] wil6210-aoa$0,1579810024.098169,04:d6:aa:c1:38:97,2,1,1,0,128,937,371,121,513,1003,3,332,233,62,897,319,291,668,495,554,219,689,377,777,570,618,62,269,968,7,873,957,580,518,491,134,150,84,69,50,66,79,83,73,78,79,78,68,82,67,67,69,66,74,67,65,65,75,75,69,66,72,56,58,55,68,64,48,46
[ 572.510452] wil6210-aoa$0,1579810024.129510,04:d6:aa:c1:38:97,2,1,1,0,128,346,169,16,468,422,820,800,17,543,763,266,223,628,507,978,1010,714,374,687,545,590,59,296,998,44,876,403,366,594,491,210,323,84,67,49,68,80,85,73,78,79,80,70,84,71,71,71,67,78,69,66,68,81,83,75,72,76,62,62,60,74,68,55,52
[ 572.547020] wil6210-aoa$0,1579810024.166076,04:d6:aa:c1:38:97,2,1,1,0,128,984,395,72,503,1003,990,366,241,111,940,895,542,190,747,563,210,608,292,769,554,626,86,312,991,47,917,967,561,604,528,789,806,82,67,49,67,78,83,74,78,78,79,68,83,68,67,70,65,75,69,66,65,78,79,72,67,74,59,59,56,70,67,52,48
[ 572.580880] wil6210-aoa$0,1579810024.199930,04:d6:aa:c1:38:97,2,1,1,0,128,939,409,92,485,954,968,413,265,43,878,849,503,198,752,522,154,597,282,796,558,559,26,355,3,28,896,993,566,567,483,916,849,78,63,47,64,75,79,69,74,75,76,66,80,66,66,68,66,74,64,63,64,75,78,70,67,68,57,58,57,68,64,51,49
[ 572.618442] wil6210-aoa$0,1579810024.237500,04:d6:aa:c1:38:97,2,1,1,0,128,862,317,53,443,21,9,340,207,102,906,939,547,205,735,570,197,614,329,721,494,591,1,371,1023,957,848,376,354,589,518,988,24,83,67,49,66,79,84,74,80,79,77,69,84,69,67,71,67,76,68,66,66,80,79,71,66,72,58,59,54,69,66,51,48
[ 572.655092] wil6210-aoa$0,1579810024.274150,04:d6:aa:c1:38:97,2,1,1,0,128,914,331,539,278,417,776,817,995,534,676,377,281,179,725,502,150,15,98,169,292,10,868,811,826,1020,852,410,318,970,257,198,294,90,72,53,73,86,91,82,87,85,88,76,93,78,75,76,75,86,74,71,71,90,90,79,77,82,68,66,67,80,73,61,57
[ 572.691759] wil6210-aoa$0,1579810024.310810,04:d6:aa:c1:38:97,2,1,1,0,128,389,171,511,265,404,773,834,5,533,706,870,457,182,680,953,977,623,306,702,487,28,868,758,829,508,699,434,396,26,262,745,817,85,68,52,68,81,86,78,83,82,82,74,88,74,74,76,72,82,68,67,68,85,86,77,75,78,65,63,65,76,73,59,56
[ 572.728883] wil6210-aoa$0,1579810024.347943,04:d6:aa:c1:38:97,2,1,1,0,128,944,392,611,333,978,1019,372,239,7,880,359,305,702,527,10,1019,652,325,711,500,982,824,806,834,24,868,433,384,990,272,420,488,85,68,51,70,83,85,76,80,81,82,72,85,70,70,72,68,80,71,69,68,82,82,77,72,75,63,62,60,74,71,56,52
[ 572.761543] wil6210-aoa$0,1579810024.380595,04:d6:aa:c1:38:97,2,1,1,0,128,380,201,518,286,1001,1009,851,27,504,701,322,326,150,732,993,1,75,124,748,531,564,29,374,6,37,897,956,564,606,512,816,844,84,69,51,68,79,84,75,80,79,81,70,83,69,70,71,66,76,71,65,66,78,79,71,68,71,57,57,56,66,65,50,48
[ 572.801865] wil6210-aoa$0,1579810024.420916,04:d6:aa:c1:38:97,2,1,1,0,128,919,376,120,511,980,1004,373,255,84,902,840,485,136,702,560,157,660,356,737,494,605,47,334,991,17,875,413,380,1008,281,128,201,82,69,50,69,81,86,75,80,78,81,71,84,72,68,69,67,76,69,66,66,80,80,73,69,74,58,61,60,71,68,54,50
[ 572.842349] wil6210-aoa$0,1579810024.461405,04:d6:aa:c1:38:97,2,1,1,0,128,369,144,555,254,449,827,844,5,508,703,310,285,553,454,1021,989,34,88,205,348,601,46,792,799,497,695,368,358,45,329,310,369,84,66,51,68,81,85,74,79,80,80,69,86,71,70,72,68,79,67,67,66,80,80,73,69,75,61,60,59,73,67,52,52
[ 572.873760] wil6210-aoa$0,1579810024.492814,04:d6:aa:c1:38:97,2,1,1,0,128,364,222,100,510,962,984,364,246,12,900,930,472,163,744,532,185,633,300,761,548,565,57,343,1020,6,904,952,544,540,499,296,317,84,69,52,68,81,86,77,81,82,84,72,86,74,72,73,69,78,68,68,66,80,84,76,73,74,64,63,61,73,71,57,53
[ 572.910683] wil6210-aoa$0,1579810024.529739,04:d6:aa:c1:38:97,2,1,1,0,128,385,226,64,518,1013,14,350,235,108,912,879,487,200,758,566,177,649,339,719,530,617,50,352,19,1011,864,974,582,644,541,187,143,84,67,50,67,80,83,75,79,79,82,71,83,72,70,73,68,77,69,67,68,80,81,73,70,75,60,59,60,73,70,55,52
[ 572.947072] wil6210-aoa$0,1579810024.566127,04:d6:aa:c1:38:97,2,1,1,0,128,392,176,552,245,446,830,350,185,482,702,247,242,271,763,497,129,107,123,171,286,52,902,725,778,509,693,393,348,1021,287,724,781,83,67,50,67,81,82,75,80,80,79,69,84,70,68,70,65,75,67,65,65,79,81,71,66,72,58,58,57,69,66,49,47
[ 572.982769] wil6210-aoa$0,1579810024.601821,04:d6:aa:c1:38:97,2,1,1,0,128,973,423,29,472,939,1010,842,36,107,944,896,510,250,793,572,170,670,357,760,508,630,75,343,1011,7,895,1008,606,563,512,985,977,85,67,49,67,80,84,75,81,82,81,71,86,71,71,75,69,79,69,68,67,82,82,74,73,74,62,62,60,74,69,56,51
[ 573.027203] wil6210-aoa$0,1579810024.646258,04:d6:aa:c1:38:97,2,1,1,0,128,954,427,51,458,1002,1019,388,266,10,874,327,331,184,733,541,176,654,321,775,574,570,45,384,1009,1005,854,921,500,26,310,442,517,80,69,48,67,78,82,71,77,79,76,64,77,65,63,64,60,70,66,64,59,71,70,66,60,67,51,53,49,64,60,44,42
[ 573.065789] wil6210-aoa$0,1579810024.684844,04:d6:aa:c1:38:97,2,1,1,0,128,985,432,24,409,993,1022,331,205,76,900,816,435,203,755,495,127,629,302,669,453,570,48,764,803,48,884,943,520,575,500,973,969,82,68,49,65,75,80,72,76,77,77,67,79,68,66,66,61,73,68,63,62,74,74,66,61,68,53,55,51,64,60,48,45
[ 573.115146] wil6210-aoa$0,1579810024.734200,04:d6:aa:c1:38:97,2,1,1,0,128,14,466,44,472,999,1009,379,246,1018,882,880,494,190,771,501,136,674,334,736,486,596,49,411,8,12,860,934,559,557,464,84,102,86,69,51,69,81,85,75,81,82,80,69,83,70,67,71,69,75,69,66,65,79,75,72,65,73,59,57,56,70,66,53,50
[ 573.147305] wil6210-aoa$0,1579810024.766361,04:d6:aa:c1:38:97,2,1,1,0,128,391,178,565,273,1,986,813,31,542,728,951,541,205,716,589,191,566,265,147,294,29,873,350,1009,480,683,983,577,573,483,896,949,83,68,50,70,78,84,74,82,80,80,71,85,68,68,71,68,76,70,66,65,79,74,70,66,72,57,57,55,69,64,52,48
[ 573.183928] wil6210-aoa$0,1579810024.802986,04:d6:aa:c1:38:97,2,1,1,0,128,432,230,94,514,981,1010,376,252,577,738,804,420,201,729,1014,1001,61,105,126,259,62,911,341,1006,5,861,343,335,597,492,810,957,85,69,50,71,81,85,77,80,80,82,71,86,72,72,73,68,79,71,68,70,83,81,74,72,76,63,62,62,75,71,57,52
[ 573.215181] wil6210-aoa$0,1579810024.834235,04:d6:aa:c1:38:97,2,1,1,0,128,986,409,91,519,955,2,380,222,92,939,882,499,241,778,476,109,651,323,759,490,555,55,365,29,15,885,946,527,597,480,418,318,83,68,50,67,79,84,74,80,79,81,70,85,70,69,71,68,78,67,65,66,80,82,73,70,75,62,60,59,75,70,53,51
[ 573.248802] wil6210-aoa$0,1579810024.867855,04:d6:aa:c1:38:97,2,1,1,0,128,945,358,105,470,969,965,433,237,80,902,897,486,257,766,538,184,611,289,729,530,501,1001,794,826,14,916,1013,617,546,505,888,905,83,68,50,68,78,82,74,78,79,78,68,80,67,67,70,65,75,68,67,65,76,77,71,67,73,56,58,56,68,65,49,48
[ 573.289253] wil6210-aoa$0,1579810024.908307,04:d6:aa:c1:38:97,2,1,1,0,128,376,200,144,519,985,1014,415,243,51,882,815,426,207,695,520,138,612,278,721,503,585,33,302,1022,1020,874,981,553,580,545,928,899,83,66,51,68,80,84,75,79,82,81,69,85,72,69,74,70,78,69,66,68,83,82,74,71,75,61,62,62,74,70,56,51
[ 573.328174] wil6210-aoa$0,1579810024.947227,04:d6:aa:c1:38:97,2,1,1,0,128,939,405,89,498,1010,0,392,259,98,938,870,526,259,781,513,171,606,322,727,518,604,54,304,1018,1010,853,962,619,588,492,273,288,85,69,49,68,79,85,73,79,80,81,70,83,70,69,71,68,76,69,67,67,77,78,72,69,72,57,59,54,69,65,50,48
[ 573.365143] wil6210-aoa$0,1579810024.984196,04:d6:aa:c1:38:97,2,1,1,0,128,979,432,53,470,954,984,800,27,67,888,860,496,168,726,513,166,595,316,697,487,610,84,328,7,37,915,915,523,526,438,387,492,82,69,50,70,80,84,76,80,80,80,69,84,70,67,70,66,76,70,65,63,77,77,72,66,71,56,58,54,70,66,51,48
[ 573.401910] wil6210-aoa$0,1579810025.020959,04:d6:aa:c1:38:97,2,1,1,0,128,356,174,535,250,402,798,386,242,57,881,312,296,183,706,1004,977,90,117,127,318,599,56,274,994,1019,865,439,396,28,286,305,429,84,69,49,69,79,84,76,81,79,82,70,82,70,70,72,67,76,70,67,68,81,83,75,71,75,59,61,62,73,70,54,53
[ 573.442197] wil6210-aoa$0,1579810025.061250,04:d6:aa:c1:38:97,2,1,1,0,128,914,388,74,482,918,992,356,223,55,901,847,473,198,701,502,143,617,306,689,493,636,59,276,976,989,856,358,314,38,307,768,812,84,67,50,70,79,84,75,81,80,81,73,86,72,70,75,68,79,67,67,69,83,84,76,73,75,65,63,62,77,73,56,54
[ 573.473479] wil6210-aoa$0,1579810025.092534,04:d6:aa:c1:38:97,2,1,1,0,128,932,371,137,510,990,996,379,249,3,863,849,469,149,689,493,154,92,151,687,497,615,39,716,777,490,669,940,514,1014,290,909,9,82,67,48,67,79,82,74,77,78,78,67,80,68,67,68,65,74,67,64,63,75,76,69,64,69,55,56,52,67,64,47,46
[ 573.505684] wil6210-aoa$0,1579810025.124739,04:d6:aa:c1:38:97,2,1,1,0,128,361,218,79,521,416,806,834,32,50,926,314,294,652,530,984,955,68,136,727,496,613,24,333,1000,1014,852,973,583,562,502,854,956,84,68,50,69,79,83,75,81,81,80,70,86,72,72,73,67,79,68,68,67,82,82,76,71,76,62,62,61,72,69,56,50
[ 573.542496] wil6210-aoa$0,1579810025.161551,04:d6:aa:c1:38:97,2,1,1,0,128,388,160,63,468,1018,6,387,240,36,885,894,510,247,752,509,126,52,45,739,539,614,71,303,964,22,883,915,556,615,548,643,698,81,68,49,68,78,82,72,77,80,79,67,78,67,65,64,62,70,68,63,59,70,71,66,60,66,53,53,49,64,60,45,45
[ 573.573522] wil6210-aoa$0,1579810025.192579,04:d6:aa:c1:38:97,2,1,1,0,128,467,232,555,297,453,803,366,223,59,940,902,484,198,754,521,137,625,322,734,512,43,870,369,2,392,652,448,377,568,466,403,377,86,70,51,69,82,86,77,80,80,81,72,84,71,70,72,67,77,68,68,66,80,81,74,70,73,59,61,57,70,67,53,50
[ 573.604413] wil6210-aoa$0,1579810025.223468,04:d6:aa:c1:38:97,2,1,1,0,128,430,205,584,305,544,892,308,221,88,911,829,465,180,721,538,161,639,348,166,294,6,869,772,765,462,663,384,308,1002,259,174,326,84,67,50,68,80,84,74,79,80,80,70,85,69,71,72,69,78,69,66,64,80,81,73,69,74,62,60,62,73,70,56,53
[ 573.639840] wil6210-aoa$0,1579810025.258890,04:d6:aa:c1:38:97,2,1,1,0,128,370,182,571,331,929,990,355,236,506,717,366,320,663,516,535,159,710,347,720,529,592,30,318,972,69,892,418,374,565,510,87,105,82,69,49,67,78,83,75,78,79,80,70,83,67,70,71,66,76,68,66,65,78,80,74,69,72,60,58,58,72,68,54,50
[ 573.676600] wil6210-aoa$0,1579810025.295656,04:d6:aa:c1:38:97,2,1,1,0,128,958,430,114,513,1000,8,375,242,118,951,835,486,196,748,500,114,678,343,768,566,591,63,320,995,15,851,908,508,539,473,653,673,82,67,49,67,80,83,73,79,78,77,68,81,69,69,70,66,73,68,66,64,74,77,71,68,70,57,57,54,70,67,50,49
[ 573.708096] wil6210-aoa$0,1579810025.327152,04:d6:aa:c1:38:97,2,1,1,0,128,366,200,36,444,1011,995,305,181,557,717,353,331,184,709,511,142,52,130,134,296,989,847,779,793,460,650,417,369,511,451,499,585,84,66,50,68,80,83,74,79,80,80,69,84,69,70,72,66,79,68,65,67,80,80,73,70,74,61,63,59,72,68,55,52
[ 573.743695] wil6210-aoa$0,1579810025.362745,04:d6:aa:c1:38:97,2,1,1,0,128,968,401,10,433,1000,1001,340,219,48,896,872,523,201,726,509,137,654,364,706,495,575,65,322,1020,436,705,949,563,501,467,352,496,83,67,49,68,80,83,75,77,81,82,70,83,70,69,70,67,76,68,65,65,79,80,71,66,72,59,58,55,69,67,52,50
[ 573.777475] wil6210-aoa$0,1579810025.396526,04:d6:aa:c1:38:97,2,1,1,0,128,431,220,25,418,432,817,848,9,544,737,271,240,190,720,5,1004,609,261,135,300,596,35,309,971,498,698,398,383,25,274,101,188,82,69,50,67,78,84,73,79,79,78,69,83,68,67,68,65,75,68,68,68,81,79,72,69,73,59,62,59,71,66,53,52
[ 573.815505] wil6210-aoa$0,1579810025.434562,04:d6:aa:c1:38:97,2,1,1,0,128,922,366,92,487,990,972,344,180,42,900,802,451,156,703,1016,979,659,294,713,488,82,928,396,45,988,841,1008,607,563,518,103,90,83,67,48,67,77,82,72,76,78,77,64,80,66,64,66,64,71,67,63,61,75,72,67,62,69,52,53,50,63,59,46,44
[ 573.851743] wil6210-aoa$0,1579810025.470800,04:d6:aa:c1:38:97,2,1,1,0,128,940,369,584,294,31,996,423,249,48,914,920,499,197,752,533,183,640,301,777,564,598,62,371,6,1,873,963,568,966,244,269,292,83,66,50,67,80,84,73,78,78,80,70,84,69,69,71,68,76,69,66,67,77,79,73,69,71,60,60,57,71,67,52,50
[ 573.882254] wil6210-aoa$0,1579810025.501311,04:d6:aa:c1:38:97,2,1,1,0,128,928,392,106,526,972,2,430,280,71,918,909,531,167,726,558,175,638,309,215,362,566,68,348,1022,13,864,5,573,555,481,603,681,86,70,51,73,83,88,75,83,83,84,71,87,72,68,71,69,79,73,70,68,81,81,74,69,74,62,62,59,74,68,54,51
[ 573.913003] wil6210-aoa$0,1579810025.532052,04:d6:aa:c1:38:97,2,1,1,0,128,982,440,40,482,965,1000,361,210,28,897,904,509,135,675,560,183,657,330,715,513,51,916,331,1021,47,912,931,529,564,495,759,770,84,68,49,69,81,86,74,79,80,82,68,82,68,68,70,67,75,69,67,65,77,78,72,65,73,56,58,55,69,66,49,47
[ 573.949213] wil6210-aoa$0,1579810025.568270,04:d6:aa:c1:38:97,2,1,1,0,128,379,211,578,310,952,11,370,233,33,932,936,540,218,782,567,208,583,303,757,529,14,897,367,1,22,845,967,585,544,466,292,400,83,70,50,68,81,84,75,80,80,80,70,82,69,70,72,68,78,71,66,66,82,82,75,71,74,60,62,62,73,70,56,52
[ 573.985597] wil6210-aoa$0,1579810025.604654,04:d6:aa:c1:38:97,2,1,1,0,128,986,399,17,466,975,1009,824,34,84,911,854,472,214,737,503,127,598,293,735,536,536,48,831,852,1014,865,961,602,1008,276,191,327,84,68,51,69,80,84,75,80,79,79,70,83,70,70,70,67,76,70,65,66,79,78,70,69,73,60,60,57,72,66,55,52
[ 574.022096] wil6210-aoa$0,1579810025.641150,04:d6:aa:c1:38:97,2,1,1,0,128,932,384,71,488,975,1009,328,220,85,916,307,226,700,543,18,1022,693,351,756,555,561,41,364,2,1004,888,903,543,50,324,222,234,83,69,50,68,80,85,72,78,77,80,68,83,69,68,67,64,75,69,66,64,76,78,73,67,73,58,58,55,71,66,53,50
[ 574.053218] wil6210-aoa$0,1579810025.672272,04:d6:aa:c1:38:97,2,1,1,0,128,419,252,28,432,1017,1013,377,229,83,938,886,499,165,720,1005,1011,60,122,728,517,658,78,208,950,488,700,427,361,29,313,967,1015,82,68,47,66,78,79,71,77,77,77,67,80,67,66,66,60,72,67,63,60,74,72,66,60,68,53,52,49,63,59,42,41
[ 574.092659] wil6210-aoa$0,1579810025.711709,04:d6:aa:c1:38:97,2,1,1,0,128,931,407,64,470,942,942,402,239,1023,879,848,485,217,761,499,136,610,282,788,526,589,27,300,1012,1000,873,924,587,580,507,612,571,84,68,48,69,79,85,74,81,78,79,68,83,69,67,68,66,75,67,64,63,79,78,70,67,73,59,57,54,71,67,50,49
[ 574.131250] wil6210-aoa$0,1579810025.750303,04:d6:aa:c1:38:97,2,1,1,0,128,977,417,75,497,971,999,363,256,119,918,853,452,191,739,555,210,628,311,747,543,577,48,380,13,1017,886,941,502,610,531,149,198,84,67,49,68,80,85,74,78,79,81,70,83,70,70,70,65,78,68,67,67,80,81,72,69,72,60,61,60,70,67,52,52
[ 574.167904] wil6210-aoa$0,1579810025.786950,04:d6:aa:c1:38:97,2,1,1,0,128,934,375,64,437,936,2,813,55,37,901,350,287,150,741,522,164,624,316,708,537,602,49,350,1,35,873,956,557,581,503,381,455,82,69,47,67,76,81,68,75,77,77,64,78,64,63,66,62,70,66,64,62,73,71,68,59,66,51,52,48,65,57,42,41
[ 574.208058] wil6210-aoa$0,1579810025.827113,04:d6:aa:c1:38:97,2,1,1,0,128,1014,421,119,523,974,980,369,205,46,904,861,487,234,762,543,198,627,345,693,519,572,58,330,1004,16,882,958,563,488,426,525,720,94,73,55,76,90,92,85,88,90,88,77,91,79,75,79,74,85,74,73,75,89,90,80,78,81,64,66,63,77,73,57,56
[ 574.242625] wil6210-aoa$0,1579810025.861675,04:d6:aa:c1:38:97,2,1,1,0,128,391,182,50,508,932,977,423,299,24,891,877,496,680,534,1008,981,76,111,738,510,1021,868,346,1017,35,890,991,561,535,443,424,447,82,68,49,66,79,82,71,77,77,77,66,79,66,66,67,62,71,67,64,63,74,74,67,59,68,53,52,50,64,61,45,43
[ 574.280047] wil6210-aoa$0,1579810025.899103,04:d6:aa:c1:38:97,2,1,1,0,128,951,419,24,415,1023,7,386,215,74,928,880,512,172,702,523,159,649,355,725,549,582,86,332,999,55,916,315,316,25,316,774,883,79,62,47,64,76,81,71,73,78,77,66,78,67,67,68,64,72,63,61,63,76,79,72,67,70,60,58,59,70,68,52,48
[ 574.316791] wil6210-aoa$0,1579810025.935847,04:d6:aa:c1:38:97,2,1,1,0,128,411,194,528,301,451,846,332,233,481,688,333,295,659,496,564,148,653,302,689,489,39,882,317,994,1012,855,376,332,563,458,346,383,84,68,50,67,81,86,73,78,80,80,68,85,70,68,69,66,75,68,66,64,77,76,70,67,71,58,57,57,69,66,49,47
[ 574.354014] wil6210-aoa$0,1579810025.973063,04:d6:aa:c1:38:97,2,1,1,0,128,1003,486,36,469,966,988,383,236,47,879,804,441,194,754,472,139,33,80,740,546,577,66,321,1021,1017,872,890,515,565,485,786,775,84,69,51,67,80,83,75,80,80,80,71,85,72,69,73,69,78,68,66,68,81,82,76,74,74,64,60,61,75,72,56,52
[ 574.394423] wil6210-aoa$0,1579810026.013470,04:d6:aa:c1:38:97,2,1,1,0,128,403,186,561,294,416,820,876,68,21,876,864,472,175,718,516,145,34,47,207,373,1011,850,732,772,508,699,957,534,541,495,105,147,85,69,51,68,80,83,77,82,80,80,71,84,71,71,71,69,77,70,67,67,80,78,73,71,74,59,59,59,70,67,50,52
