
[ 730.695209] [AOA] Measurement: 0,1579900607.990409,04:d6:aa:c1:38:97,2,1,1,0,128,306,975,959,317,466,789,808,915,986,1011,995,515,754,766,77,324,78,26,1004,197,249,928,755,947,51,146,559,865,362,750,166,474,48,53,49,31,45,44,21,51,36,51,46,36,32,50,49,34,33,56,37,17,25,23,34,34,25,33,24,23,33,30,31,19
[ 730.716284] [AOA] Measurement: 0,1579900608.011487,04:d6:aa:c1:38:97,2,1,1,0,128,321,965,369,60,466,791,772,892,1018,1010,919,484,813,823,86,389,89,44,895,49,283,948,769,992,203,269,53,667,623,990,821,212,52,54,48,35,51,47,26,56,39,58,50,43,37,55,53,38,37,62,35,20,33,30,38,43,29,40,28,29,39,38,40,22
[ 730.742892] [AOA] Measurement: 0,1579900608.038095,04:d6:aa:c1:38:97,2,1,1,0,128,302,977,373,57,442,793,822,938,5,1008,930,503,813,802,112,319,994,968,953,137,766,93,294,99,18,129,1,593,369,769,645,983,49,55,48,35,47,47,23,54,33,53,46,39,32,52,49,37,34,57,38,22,30,27,34,35,24,37,28,26,33,34,30,20
[ 730.779899] [AOA] Measurement: 0,1579900608.075102,04:d6:aa:c1:38:97,2,1,1,0,128,351,966,377,61,377,722,818,960,1006,1005,879,492,809,802,49,317,60,34,943,140,145,867,729,961,103,130,1001,583,412,804,107,564,44,54,48,27,44,42,18,49,33,44,44,33,24,44,43,31,29,53,32,16,22,17,28,26,20,25,17,21,26,25,24,12
[ 730.805355] [AOA] Measurement: 0,1579900608.100549,04:d6:aa:c1:38:97,2,1,1,0,128,376,985,998,289,1019,1008,769,907,65,31,920,487,814,766,177,372,65,34,522,403,799,89,300,95,644,320,537,783,386,771,334,632,46,55,48,28,42,46,18,48,36,49,46,33,27,47,47,33,31,54,34,19,28,21,32,29,23,30,21,18,25,23,25,14
[ 730.828168] [AOA] Measurement: 0,1579900608.123368,04:d6:aa:c1:38:97,2,1,1,0,128,352,982,985,330,507,805,833,943,13,20,942,503,783,804,127,341,628,230,455,349,741,85,275,99,612,340,537,832,888,960,716,987,55,29,34,33,45,46,24,35,39,57,43,44,33,46,45,34,30,41,37,21,27,24,35,41,31,45,35,35,43,52,39,22
[ 730.859696] [AOA] Measurement: 0,1579900608.154891,04:d6:aa:c1:38:97,2,1,1,0,128,318,962,395,59,497,809,892,900,70,1022,859,442,727,727,165,398,106,39,551,364,792,105,779,981,157,201,114,684,494,834,814,164,41,49,45,25,39,41,17,48,31,40,38,29,25,39,37,27,25,50,28,16,18,13,21,16,16,17,13,11,14,13,11,5
[ 730.884413] [AOA] Measurement: 0,1579900608.179615,04:d6:aa:c1:38:97,2,1,1,0,128,340,991,347,25,446,782,860,929,62,22,823,408,779,783,86,380,45,22,887,110,265,966,741,932,104,109,30,630,354,731,522,908,51,55,50,34,50,52,26,56,38,60,52,46,34,54,57,41,36,59,38,23,36,28,39,40,33,44,30,33,42,37,48,25
[ 730.907726] [AOA] Measurement: 0,1579900608.202929,04:d6:aa:c1:38:97,2,1,1,0,128,365,1001,412,104,492,794,839,949,30,26,949,520,824,827,90,327,81,44,976,161,252,942,776,967,82,142,528,803,360,761,55,360,51,56,49,31,48,48,21,56,36,57,47,41,30,51,49,35,33,59,36,19,27,23,35,35,25,36,22,24,31,29,31,14
[ 730.937932] [AOA] Measurement: 0,1579900608.233127,04:d6:aa:c1:38:97,2,1,1,0,128,352,947,407,74,451,778,823,895,42,18,926,489,815,794,119,365,35,1012,967,119,232,945,323,138,646,324,573,827,933,933,177,460,52,54,51,34,49,51,25,54,38,60,48,45,34,53,51,39,35,55,39,20,34,27,40,41,28,41,25,26,34,39,39,20
[ 730.960318] [AOA] Measurement: 0,1579900608.255520,04:d6:aa:c1:38:97,2,1,1,0,128,262,914,435,72,453,757,857,935,57,34,866,501,842,818,67,301,81,8,965,139,180,954,779,948,117,164,5,609,364,717,834,279,47,51,46,24,44,41,19,47,35,47,41,34,27,47,48,33,32,51,35,17,22,20,31,24,20,28,20,18,20,22,23,11
[ 731.002833] [AOA] Measurement: 0,1579900608.298027,04:d6:aa:c1:38:97,2,1,1,0,128,881,120,315,56,416,759,796,893,1010,1005,867,463,779,805,99,350,27,16,946,171,179,909,766,964,114,217,1013,620,368,718,186,455,48,54,46,30,46,47,23,50,35,46,45,36,31,49,48,33,36,54,33,17,24,21,31,30,24,33,22,23,31,28,31,15
[ 731.029633] [AOA] Measurement: 0,1579900608.324835,04:d6:aa:c1:38:97,2,1,1,0,128,350,1007,396,99,422,768,826,882,32,1018,962,501,800,805,135,374,93,53,488,338,833,143,237,96,650,343,568,843,872,900,564,866,56,55,49,35,52,53,29,57,40,65,51,47,36,58,55,43,43,63,41,25,39,34,44,48,34,48,30,39,45,42,46,25
[ 731.051063] [AOA] Measurement: 0,1579900608.346259,04:d6:aa:c1:38:97,2,1,1,0,128,397,1012,377,62,450,786,863,939,1004,1020,870,425,822,821,64,333,22,1018,975,190,749,89,717,922,57,131,1005,552,338,720,785,99,54,56,54,31,52,51,27,57,42,61,55,42,34,59,53,41,39,59,41,23,36,29,39,37,26,43,29,28,38,36,44,21
[ 731.083048] [AOA] Measurement: 0,1579900608.378245,04:d6:aa:c1:38:97,2,1,1,0,128,313,950,428,73,414,754,837,915,989,980,907,479,853,803,112,319,26,4,968,115,190,901,746,950,224,257,558,877,422,774,115,454,49,54,47,30,44,44,18,51,34,50,45,36,31,49,46,33,33,56,32,17,27,23,34,34,23,36,23,25,28,27,29,15
[ 731.112708] [AOA] Measurement: 0,1579900608.407903,04:d6:aa:c1:38:97,2,1,1,0,128,853,128,430,137,1,968,838,950,1004,1004,490,725,863,865,674,574,600,198,522,358,201,883,762,926,57,157,1007,581,347,688,58,446,45,50,44,29,43,42,20,51,34,48,44,33,31,46,47,34,31,53,34,16,29,19,34,32,23,30,22,22,28,27,27,19
[ 731.139358] [AOA] Measurement: 0,1579900608.434553,04:d6:aa:c1:38:97,2,1,1,0,128,323,967,310,1015,480,806,817,912,14,14,911,440,793,789,83,351,63,3,947,168,770,141,740,944,107,155,1022,624,401,782,998,477,49,56,43,29,43,45,21,51,33,51,45,35,30,48,47,31,33,54,34,19,26,19,35,31,24,29,20,17,29,28,30,15
[ 731.164483] [AOA] Measurement: 0,1579900608.459685,04:d6:aa:c1:38:97,2,1,1,0,128,295,982,421,109,482,794,831,923,41,45,420,671,351,16,626,502,56,1018,967,180,207,924,289,137,78,165,67,663,971,973,193,475,47,55,47,25,42,41,19,49,33,50,38,33,27,44,42,32,28,54,30,15,23,17,29,24,20,23,17,17,21,19,18,12
[ 731.189663] [AOA] Measurement: 0,1579900608.484859,04:d6:aa:c1:38:97,2,1,1,0,128,855,121,962,307,1015,975,811,919,1010,4,476,732,301,1010,653,572,7,1004,1016,195,687,76,285,142,42,125,11,623,356,752,426,762,48,54,45,28,42,42,23,53,35,52,44,37,29,44,47,32,29,52,35,19,27,20,32,29,22,32,23,22,25,27,29,17
[ 731.219369] [AOA] Measurement: 0,1579900608.514564,04:d6:aa:c1:38:97,2,1,1,0,128,347,1005,414,87,456,820,790,888,29,27,924,504,769,818,162,397,71,48,950,134,219,941,755,937,179,213,20,614,420,775,835,155,54,51,51,33,51,53,26,57,40,63,50,47,35,56,56,41,44,64,39,21,31,34,43,47,32,46,32,33,43,41,49,24
[ 731.244510] [AOA] Measurement: 0,1579900608.539712,04:d6:aa:c1:38:97,2,1,1,0,128,876,154,953,294,982,990,807,864,1017,1014,847,451,860,828,170,398,61,17,469,333,783,89,265,152,622,345,23,674,901,936,182,489,50,53,48,31,48,47,24,53,36,54,50,41,35,51,51,39,35,56,37,21,27,26,39,38,27,35,29,26,33,33,36,18
[ 731.269422] [AOA] Measurement: 0,1579900608.564618,04:d6:aa:c1:38:97,2,1,1,0,128,360,977,969,271,969,942,792,879,101,69,882,459,818,812,150,391,580,217,473,316,794,112,758,953,145,216,60,688,951,987,828,115,55,59,55,30,51,49,28,60,42,60,51,43,37,57,54,37,39,63,38,22,31,24,40,38,28,39,27,27,36,37,37,21
[ 731.299802] [AOA] Measurement: 0,1579900608.594997,04:d6:aa:c1:38:97,2,1,1,0,128,908,162,400,68,431,795,372,97,13,9,445,683,819,808,97,336,31,1000,911,136,230,924,833,988,623,289,980,579,326,762,359,695,45,51,49,26,42,43,17,50,32,51,42,36,28,45,43,33,28,52,32,19,23,22,32,31,22,33,18,21,25,26,22,15
[ 731.326365] [AOA] Measurement: 0,1579900608.621567,04:d6:aa:c1:38:97,2,1,1,0,128,832,129,354,120,950,961,818,948,962,1015,835,422,768,754,69,240,975,898,1020,115,736,81,275,79,917,1022,871,461,205,616,169,549,53,34,34,34,46,43,25,36,39,56,40,39,34,45,46,34,30,36,36,23,30,24,39,47,31,42,37,36,49,52,46,25
[ 731.348184] [AOA] Measurement: 0,1579900608.643385,04:d6:aa:c1:38:97,2,1,1,0,128,274,892,451,102,421,772,848,912,11,21,890,486,769,829,109,381,44,17,899,109,180,908,777,978,62,144,36,660,909,917,366,716,54,34,31,31,44,43,23,34,37,58,37,39,34,47,45,30,29,38,38,21,24,22,34,44,33,41,34,32,45,49,39,24
[ 731.376602] [AOA] Measurement: 0,1579900608.671797,04:d6:aa:c1:38:97,2,1,1,0,128,334,1017,945,292,998,985,312,68,567,199,415,654,851,854,166,406,606,194,439,341,762,88,226,91,67,160,491,743,370,770,941,239,53,62,51,31,52,53,26,59,40,59,48,39,35,52,53,37,37,63,39,21,28,21,33,32,25,35,23,18,33,28,32,16
[ 731.406494] [AOA] Measurement: 0,1579900608.701689,04:d6:aa:c1:38:97,2,1,1,0,128,338,944,404,86,430,739,873,935,0,987,909,524,828,816,54,339,20,1007,907,134,214,908,751,953,112,173,30,694,367,731,40,466,45,53,46,27,43,46,21,49,33,53,45,39,28,48,49,37,35,56,36,18,29,24,36,32,25,36,26,27,31,32,31,16
[ 731.432426] [AOA] Measurement: 0,1579900608.727625,04:d6:aa:c1:38:97,2,1,1,0,128,854,166,913,278,969,981,874,934,577,219,472,677,330,1011,112,346,996,1011,925,185,747,104,253,105,596,290,999,598,344,783,741,76,44,53,48,26,41,42,18,50,32,44,44,31,26,46,45,30,29,50,32,15,24,17,25,23,21,26,15,16,20,20,19,11
[ 731.456479] [AOA] Measurement: 0,1579900608.751674,04:d6:aa:c1:38:97,2,1,1,0,128,342,969,403,103,431,782,821,905,30,29,904,452,856,828,96,359,1010,36,954,57,167,885,765,976,168,224,18,652,490,848,702,69,50,54,48,29,49,49,24,54,36,48,47,41,31,50,48,34,33,54,34,18,28,23,36,37,24,35,25,26,33,31,31,17
[ 731.486503] [AOA] Measurement: 0,1579900608.781699,04:d6:aa:c1:38:97,2,1,1,0,128,319,974,477,144,939,966,838,942,9,43,913,483,349,1006,689,575,588,214,452,337,803,122,272,98,629,355,560,778,820,895,735,0,53,54,47,33,50,49,27,52,35,55,46,39,33,52,49,37,34,59,34,20,32,25,39,38,27,37,26,26,37,37,39,18
[ 731.513500] [AOA] Measurement: 0,1579900608.808702,04:d6:aa:c1:38:97,2,1,1,0,128,356,965,918,292,466,793,787,896,28,32,860,441,851,861,50,340,26,13,1006,189,145,888,817,954,129,216,483,788,331,765,59,322,55,33,31,32,46,43,26,33,37,56,39,40,35,45,44,31,31,40,39,22,31,23,39,42,34,41,37,33,43,48,42,21
[ 731.534986] [AOA] Measurement: 0,1579900608.830185,04:d6:aa:c1:38:97,2,1,1,0,128,320,1016,399,108,387,731,810,892,15,2,1003,536,815,794,107,334,19,46,978,124,281,986,296,117,119,170,646,939,342,729,325,627,59,61,54,31,51,54,28,61,47,61,51,41,37,57,55,40,39,63,42,21,34,28,42,46,33,46,32,33,42,39,40,26
[ 731.563539] [AOA] Measurement: 0,1579900608.858735,04:d6:aa:c1:38:97,2,1,1,0,128,326,944,394,92,454,766,850,882,32,1015,927,469,853,810,160,398,54,27,1012,100,726,36,803,960,638,355,565,778,373,737,965,298,40,49,43,25,38,41,17,46,31,45,36,28,24,37,40,31,28,50,29,13,20,16,27,18,17,23,17,17,20,21,19,14
[ 731.593656] [AOA] Measurement: 0,1579900608.888851,04:d6:aa:c1:38:97,2,1,1,0,128,862,142,386,93,489,797,847,926,593,225,377,646,799,819,82,304,38,42,474,366,740,65,769,977,37,113,22,666,268,697,692,56,47,50,42,28,43,43,20,50,33,50,41,31,30,43,43,30,30,51,37,17,25,20,30,28,23,28,21,21,24,23,22,16
[ 731.624632] [AOA] Measurement: 0,1579900608.919802,04:d6:aa:c1:38:97,2,1,1,0,128,281,923,408,50,33,1022,797,948,27,1017,920,456,779,778,89,346,71,25,935,147,275,977,768,971,687,389,2,633,944,1001,953,267,50,55,47,27,49,47,24,51,39,56,48,38,34,54,51,36,33,57,37,19,31,25,36,33,24,36,27,26,35,33,37,21
[ 731.657656] [AOA] Measurement: 0,1579900608.952852,04:d6:aa:c1:38:97,2,1,1,0,128,318,989,390,90,496,800,847,916,27,3,957,515,859,830,682,573,22,1005,502,338,170,893,765,947,108,117,61,662,290,654,413,812,55,53,49,35,52,54,28,59,42,56,51,42,33,53,56,38,40,62,39,22,33,28,39,43,30,40,31,32,37,40,44,22
[ 731.684811] [AOA] Measurement: 0,1579900608.980008,04:d6:aa:c1:38:97,2,1,1,0,128,828,124,371,72,481,761,779,894,1017,13,886,477,832,804,99,364,69,31,951,163,167,862,825,7,137,217,603,845,953,924,469,860,45,52,45,31,40,43,24,51,37,52,45,33,32,46,45,31,30,51,32,16,24,15,29,24,22,28,21,22,26,28,27,15
[ 731.711797] [AOA] Measurement: 0,1579900609.006992,04:d6:aa:c1:38:97,2,1,1,0,128,422,2,379,30,549,846,335,99,553,172,888,482,820,806,102,356,75,44,939,100,221,962,284,120,695,379,544,843,930,939,204,460,50,53,44,31,48,50,23,53,39,55,49,38,34,52,52,38,35,58,36,21,29,26,41,38,27,40,28,27,36,32,38,19
[ 731.738706] [AOA] Measurement: 0,1579900609.033901,04:d6:aa:c1:38:97,2,1,1,0,128,306,989,447,127,424,824,796,977,447,161,835,457,803,792,120,330,991,950,986,114,125,897,700,824,963,0,900,525,241,619,535,909,47,53,47,29,46,46,21,50,35,52,48,38,29,48,48,32,30,54,36,18,24,25,37,30,22,33,20,24,28,27,29,13
[ 731.766173] [AOA] Measurement: 0,1579900609.061376,04:d6:aa:c1:38:97,2,1,1,0,128,267,944,358,90,455,775,904,973,10,1,926,467,782,797,1021,313,12,998,904,83,173,925,767,940,110,156,52,646,356,731,972,288,49,54,46,30,46,45,23,51,36,53,46,40,32,51,54,32,35,57,37,18,28,24,35,35,27,34,26,29,33,32,33,17
[ 731.787754] [AOA] Measurement: 0,1579900609.082949,04:d6:aa:c1:38:97,2,1,1,0,128,359,965,936,287,494,805,803,883,36,30,878,473,838,780,101,338,81,1014,899,117,263,979,735,902,141,153,17,632,370,803,193,512,51,53,48,30,47,48,23,52,35,48,48,38,30,51,47,34,31,55,34,20,28,23,33,33,23,31,20,24,27,33,28,18
[ 731.820185] [AOA] Measurement: 0,1579900609.115380,04:d6:aa:c1:38:97,2,1,1,0,128,364,989,366,81,503,812,846,939,1023,2,408,651,837,821,119,384,568,165,412,309,790,115,242,108,57,147,539,815,349,741,306,768,45,49,42,31,41,43,23,51,33,49,44,35,28,44,45,30,31,54,34,18,25,19,32,26,22,27,21,19,25,28,26,14
[ 731.847695] [AOA] Measurement: 0,1579900609.142890,04:d6:aa:c1:38:97,2,1,1,0,128,845,98,403,76,459,825,842,936,589,177,877,468,789,766,118,331,1000,991,934,148,163,876,791,945,143,171,4,622,358,765,613,906,54,59,53,37,57,58,29,61,44,61,54,48,41,61,61,42,42,66,42,24,35,34,42,42,34,45,34,38,43,42,42,24
[ 731.873840] [AOA] Measurement: 0,1579900609.169039,04:d6:aa:c1:38:97,2,1,1,0,128,915,205,928,290,953,991,392,138,1015,35,956,553,379,1023,676,588,579,191,517,394,716,77,759,933,621,340,559,815,360,769,469,872,44,51,50,30,48,48,23,55,39,54,47,40,34,50,47,35,36,57,35,19,28,20,36,31,27,33,24,21,31,30,35,17
[ 731.896902] [AOA] Measurement: 0,1579900609.192104,04:d6:aa:c1:38:97,2,1,1,0,128,875,112,393,75,486,786,815,892,3,3,889,450,854,802,145,377,576,170,967,199,209,886,722,973,42,155,570,819,873,943,269,613,38,47,43,25,34,39,14,45,28,39,34,22,22,35,34,26,23,47,29,13,17,10,23,15,15,19,14,10,12,10,11,4
[ 731.927292] [AOA] Measurement: 0,1579900609.222488,04:d6:aa:c1:38:97,2,1,1,0,128,286,953,386,50,435,769,922,969,40,24,924,472,842,795,171,430,592,231,437,308,253,965,801,1005,124,229,648,890,940,957,854,83,46,51,45,27,41,43,20,53,33,49,40,34,28,45,46,30,28,51,31,17,24,16,27,25,20,24,18,19,23,20,22,11
[ 731.953807] [AOA] Measurement: 0,1579900609.249009,04:d6:aa:c1:38:97,2,1,1,0,128,318,1006,431,149,969,943,830,896,1011,987,979,514,810,817,170,378,38,9,981,180,156,911,739,979,132,205,542,785,351,730,686,1011,49,55,46,30,51,48,24,55,40,59,48,42,35,51,53,40,40,61,39,22,32,28,37,39,30,43,32,29,39,36,42,22
[ 731.978858] [AOA] Measurement: 0,1579900609.274054,04:d6:aa:c1:38:97,2,1,1,0,128,838,112,970,316,992,958,399,105,609,219,438,671,344,992,68,299,25,995,991,182,227,910,786,931,710,399,495,753,339,719,850,230,47,51,45,27,45,42,21,50,32,47,42,33,26,43,48,32,32,54,31,17,27,20,30,28,24,29,21,22,25,25,26,16
[ 732.008449] [AOA] Measurement: 0,1579900609.303644,04:d6:aa:c1:38:97,2,1,1,0,128,293,953,353,68,389,788,758,889,962,982,801,400,793,708,89,279,28,927,11,129,72,857,684,804,983,19,844,433,230,608,375,762,51,54,52,31,50,50,27,55,40,59,48,43,33,56,52,40,36,60,39,22,34,28,37,35,27,42,25,27,35,37,37,18
[ 732.034802] [AOA] Measurement: 0,1579900609.330003,04:d6:aa:c1:38:97,2,1,1,0,128,912,168,936,284,1019,1014,309,64,7,36,511,683,372,999,87,309,25,1013,953,171,193,895,728,876,53,141,1,629,869,924,155,460,52,55,50,32,51,47,21,55,35,58,44,39,30,50,49,36,34,58,35,19,28,23,36,33,25,35,23,23,31,31,30,17
[ 732.056554] [AOA] Measurement: 0,1579900609.351754,04:d6:aa:c1:38:97,2,1,1,0,128,367,974,406,55,476,782,809,881,42,1014,907,486,826,810,56,308,29,13,977,143,779,102,741,957,90,139,1005,594,907,926,52,284,42,50,43,23,37,40,20,47,31,43,40,26,24,41,41,29,26,53,31,15,21,15,28,24,18,26,16,19,21,22,23,13
[ 732.086623] [AOA] Measurement: 0,1579900609.381818,04:d6:aa:c1:38:97,2,1,1,0,128,365,977,398,47,482,792,793,886,89,24,447,667,824,800,139,377,55,0,497,361,783,56,719,908,17,105,16,614,338,704,328,706,43,52,43,24,38,43,19,46,32,43,38,29,26,41,43,32,29,55,32,16,24,21,31,27,24,31,22,20,31,28,28,15
[ 732.114365] [AOA] Measurement: 0,1579900609.409567,04:d6:aa:c1:38:97,2,1,1,0,128,312,976,430,118,453,752,889,927,1011,1000,962,495,805,775,130,339,7,1,959,164,167,894,751,947,114,155,584,839,889,943,230,439,47,54,46,30,44,45,23,51,34,51,45,35,29,52,49,35,33,54,35,18,27,21,34,33,24,36,23,24,27,33,32,17
[ 732.138292] [AOA] Measurement: 0,1579900609.433488,04:d6:aa:c1:38:97,2,1,1,0,128,912,158,916,259,4,997,791,909,1011,986,901,447,834,828,84,368,61,15,881,72,189,891,774,973,112,185,521,805,914,953,554,840,55,37,34,36,47,47,29,38,41,59,43,43,37,46,50,37,34,41,38,25,30,26,41,47,37,43,40,35,47,56,46,24
[ 732.168643] [AOA] Measurement: 0,1579900609.463839,04:d6:aa:c1:38:97,2,1,1,0,128,359,1009,955,307,1018,1012,859,926,19,9,936,461,746,753,44,331,64,38,961,180,166,894,788,998,81,142,1020,633,900,964,441,806,51,58,50,31,47,46,24,54,36,54,46,36,28,50,48,34,32,56,36,20,27,22,32,32,23,31,24,26,33,31,32,18
[ 732.195960] [AOA] Measurement: 0,1579900609.491159,04:d6:aa:c1:38:97,2,1,1,0,128,317,945,396,33,430,744,845,922,34,1015,926,520,768,774,132,356,23,13,972,206,729,69,753,922,55,140,1019,648,312,695,379,699,44,50,43,26,42,38,15,43,29,41,37,30,23,40,39,27,25,50,29,14,21,17,28,23,19,24,13,16,19,20,18,10
[ 732.218264] [AOA] Measurement: 0,1579900609.513463,04:d6:aa:c1:38:97,2,1,1,0,128,289,998,951,277,996,997,857,934,1021,5,467,672,829,785,148,379,54,19,931,137,220,958,760,930,616,291,606,835,331,730,311,695,50,54,48,32,50,51,25,58,40,63,52,45,34,59,57,39,39,59,39,21,34,29,40,40,29,41,30,29,42,39,40,21
[ 732.248291] [AOA] Measurement: 0,1579900609.543486,04:d6:aa:c1:38:97,2,1,1,0,128,352,1020,401,85,492,779,836,926,82,25,907,483,792,782,114,356,61,1011,998,160,222,903,742,957,134,151,87,697,389,796,147,512,41,49,39,27,37,41,16,45,32,42,39,30,22,39,40,28,26,49,29,14,19,13,25,21,21,24,19,12,20,19,18,11
[ 732.277124] [AOA] Measurement: 0,1579900609.572325,04:d6:aa:c1:38:97,2,1,1,0,128,253,930,394,76,461,775,791,893,1019,990,895,448,789,778,112,361,57,38,953,128,238,1011,702,961,167,213,35,648,459,842,538,941,53,35,33,32,44,44,23,34,40,56,38,38,31,44,47,33,30,37,39,22,28,20,38,41,29,43,36,34,43,47,35,21
[ 732.300511] [AOA] Measurement: 0,1579900609.595705,04:d6:aa:c1:38:97,2,1,1,0,128,331,989,376,93,427,777,799,869,74,42,957,516,849,839,150,360,103,41,940,126,252,925,775,987,748,431,581,849,970,971,352,640,46,49,48,29,46,46,22,53,30,47,43,34,25,46,45,34,30,52,30,17,25,22,32,31,22,31,21,21,27,28,25,14
[ 732.331913] [AOA] Measurement: 0,1579900609.627109,04:d6:aa:c1:38:97,2,1,1,0,128,293,949,414,76,490,834,354,78,593,225,435,665,749,760,123,350,27,41,936,147,831,181,755,1005,651,355,1,634,365,770,296,674,45,50,42,25,36,39,16,46,28,42,35,28,27,45,42,30,29,51,32,14,22,19,29,23,22,31,22,21,25,28,24,12
[ 732.354619] [AOA] Measurement: 0,1579900609.649819,04:d6:aa:c1:38:97,2,1,1,0,128,302,974,448,112,420,797,855,955,1007,1007,918,492,859,832,717,595,1005,0,986,168,272,944,740,894,95,121,67,664,384,761,564,909,46,54,48,28,40,42,20,50,34,48,41,31,26,44,43,32,29,52,29,16,25,15,28,21,17,22,15,14,20,20,14,9
[ 732.384858] [AOA] Measurement: 0,1579900609.680057,04:d6:aa:c1:38:97,2,1,1,0,128,288,977,435,130,478,798,375,103,609,238,410,708,338,1020,675,592,619,213,492,381,184,881,769,945,634,342,582,839,880,880,1011,247,43,52,43,29,41,41,15,48,32,45,35,29,23,40,40,30,28,56,30,15,19,14,28,24,21,24,17,15,21,23,15,9
[ 732.410811] [AOA] Measurement: 0,1579900609.706006,04:d6:aa:c1:38:97,2,1,1,0,128,243,957,410,76,481,813,829,905,20,8,468,710,350,1005,85,392,5,1007,909,146,247,958,294,153,632,408,527,805,930,948,304,584,51,55,50,31,49,51,25,57,41,60,50,45,34,56,56,40,40,61,38,21,34,33,42,45,32,47,33,34,44,45,47,23
[ 732.440180] [AOA] Measurement: 0,1579900609.735383,04:d6:aa:c1:38:97,2,1,1,0,128,322,988,325,46,438,730,857,918,24,31,930,536,787,816,131,367,33,30,1013,120,271,981,815,964,108,150,50,648,417,805,480,800,42,49,48,23,40,40,18,51,31,48,44,32,28,44,43,31,28,54,33,18,23,21,31,30,22,30,20,19,24,23,19,12
[ 732.462440] [AOA] Measurement: 0,1579900609.757637,04:d6:aa:c1:38:97,2,1,1,0,128,325,981,375,90,451,786,849,936,978,989,895,464,814,826,118,339,44,26,896,151,257,954,764,988,81,155,3,655,963,958,925,227,45,51,43,28,46,44,21,54,37,54,45,35,31,48,45,31,30,53,29,18,27,20,32,33,24,37,24,24,29,29,26,16
[ 732.495019] [AOA] Measurement: 0,1579900609.790213,04:d6:aa:c1:38:97,2,1,1,0,128,364,980,398,94,451,798,849,913,15,22,951,526,767,780,122,369,1021,5,1011,211,255,954,763,960,619,382,969,624,388,747,918,198,48,54,46,30,49,47,20,50,35,50,42,32,27,49,48,35,30,54,33,17,27,21,32,29,22,34,25,21,31,33,31,13
[ 732.524514] [AOA] Measurement: 0,1579900609.819709,04:d6:aa:c1:38:97,2,1,1,0,128,319,960,419,39,441,768,821,907,37,41,842,478,776,773,74,352,14,1017,976,89,233,914,786,982,205,195,67,654,378,772,840,241,41,46,42,25,39,38,17,47,28,38,42,27,21,40,41,28,25,48,31,13,17,14,24,21,17,19,14,12,18,17,14,10
[ 732.560633] [AOA] Measurement: 0,1579900609.855835,04:d6:aa:c1:38:97,2,1,1,0,128,833,124,932,289,992,958,849,908,47,27,852,448,874,875,75,337,31,4,929,198,201,905,802,984,652,368,561,810,296,726,353,692,44,49,45,28,44,45,19,51,37,50,45,32,28,41,44,32,30,55,30,16,25,16,31,29,20,31,22,19,31,25,31,17
[ 732.587232] [AOA] Measurement: 0,1579900609.882428,04:d6:aa:c1:38:97,2,1,1,0,128,351,993,476,100,420,772,829,914,40,15,902,448,748,767,104,334,75,48,868,128,239,900,731,923,80,144,938,604,434,755,306,640,49,56,49,34,49,49,25,55,41,58,51,42,32,52,53,37,38,58,35,21,33,27,37,39,31,40,27,28,33,35,37,20
[ 732.614835] [AOA] Measurement: 0,1579900609.910037,04:d6:aa:c1:38:97,2,1,1,0,128,292,968,369,55,418,725,813,916,54,1021,886,454,825,778,151,338,15,1,966,149,225,899,759,955,118,181,36,652,346,756,830,230,47,54,44,28,49,47,21,50,37,47,46,37,28,44,49,34,32,52,33,19,24,18,28,31,24,33,26,21,34,28,31,17
[ 732.638786] [AOA] Measurement: 0,1579900609.933981,04:d6:aa:c1:38:97,2,1,1,0,128,362,997,412,86,486,811,864,906,1014,978,907,452,818,825,155,349,1002,1001,983,196,311,969,264,95,132,166,609,823,315,729,106,655,46,53,44,28,44,45,23,56,36,57,44,38,31,46,49,35,31,55,34,18,27,20,34,34,28,35,24,22,30,34,31,17
[ 732.670454] [AOA] Measurement: 0,1579900609.965648,04:d6:aa:c1:38:97,2,1,1,0,128,317,935,415,144,992,988,821,898,1020,1012,938,514,744,749,120,380,24,1013,543,378,754,93,296,134,9,89,982,610,286,720,325,640,50,54,43,29,48,47,23,55,34,52,46,39,28,50,50,36,33,53,33,17,25,19,31,33,23,31,20,19,32,29,23,13
[ 732.693502] [AOA] Measurement: 0,1579900609.988705,04:d6:aa:c1:38:97,2,1,1,0,128,371,984,459,89,452,704,811,881,27,1023,919,458,824,817,187,420,26,10,518,382,766,135,254,79,121,193,1014,623,373,742,210,512,53,35,34,36,49,49,27,39,44,65,41,47,41,51,50,33,35,41,40,25,31,29,40,48,32,45,38,35,46,55,43,25
[ 732.724342] [AOA] Measurement: 0,1579900610.019541,04:d6:aa:c1:38:97,2,1,1,0,128,296,955,347,18,486,779,831,872,36,39,917,452,788,753,129,357,26,9,989,130,794,110,761,948,63,121,1022,616,430,796,846,68,41,52,39,24,38,38,14,47,35,47,41,29,28,47,44,31,29,53,33,17,21,15,23,23,21,27,23,17,25,22,24,11
[ 732.746984] [AOA] Measurement: 0,1579900610.042184,04:d6:aa:c1:38:97,2,1,1,0,128,324,960,398,74,383,717,867,942,55,966,888,455,749,756,100,377,35,16,920,103,200,933,820,1002,231,280,156,743,505,895,475,834,47,53,40,26,37,41,17,49,29,41,37,30,24,40,35,27,22,47,29,12,18,11,24,20,16,22,10,13,12,12,16,6
[ 732.778719] [AOA] Measurement: 0,1579900610.073915,04:d6:aa:c1:38:97,2,1,1,0,128,342,1006,406,89,491,805,406,93,11,13,965,531,378,1020,661,559,658,232,420,262,782,102,259,101,106,205,35,701,393,783,989,276,50,53,51,33,47,49,24,53,40,56,47,42,32,55,51,36,36,57,38,21,28,25,38,41,28,36,26,26,37,35,40,19
[ 732.806257] [AOA] Measurement: 0,1579900610.101458,04:d6:aa:c1:38:97,2,1,1,0,128,326,985,413,70,469,773,817,900,11,64,443,686,360,1018,641,520,34,42,457,368,218,917,752,961,48,125,936,586,384,799,204,640,49,55,45,33,45,45,23,56,38,54,46,41,34,51,52,36,34,58,34,20,29,27,37,40,29,35,26,25,31,31,34,20
[ 732.831210] [AOA] Measurement: 0,1579900610.126406,04:d6:aa:c1:38:97,2,1,1,0,128,283,935,421,110,461,775,842,927,16,0,883,453,823,798,150,403,622,226,437,299,195,912,768,952,91,177,559,820,379,770,863,147,50,55,50,30,52,49,28,57,40,53,48,43,34,52,53,37,35,58,36,20,30,27,40,39,28,39,27,28,35,36,37,21
[ 732.861619] [AOA] Measurement: 0,1579900610.156815,04:d6:aa:c1:38:97,2,1,1,0,128,332,962,414,103,481,792,873,934,595,245,416,664,363,990,115,349,101,21,470,339,206,928,296,130,611,306,572,841,886,920,433,808,53,53,50,34,46,50,25,54,36,56,44,38,34,51,52,36,36,59,34,19,30,25,34,34,27,36,30,25,33,32,34,18
[ 732.891271] [AOA] Measurement: 0,1579900610.186466,04:d6:aa:c1:38:97,2,1,1,0,128,832,114,372,56,500,814,825,919,8,1002,946,526,806,778,196,391,32,16,982,209,141,884,761,928,70,176,566,837,908,933,1017,290,50,53,47,30,49,47,25,52,37,54,46,41,34,53,49,35,36,54,34,17,27,21,34,33,24,34,25,23,29,28,31,15
[ 732.920704] [AOA] Measurement: 0,1579900610.215900,04:d6:aa:c1:38:97,2,1,1,0,128,324,985,416,77,483,790,797,920,38,2,856,454,801,821,113,383,631,239,989,157,250,972,718,942,170,203,1014,625,446,794,703,94,54,34,33,34,45,43,22,33,38,58,38,37,34,43,47,29,30,35,35,20,24,18,35,38,30,38,33,34,38,48,38,20
[ 732.944615] [AOA] Measurement: 0,1579900610.239817,04:d6:aa:c1:38:97,2,1,1,0,128,403,1007,946,267,489,792,817,919,1004,977,978,520,784,814,136,382,18,11,996,125,187,941,826,947,95,143,52,654,921,957,190,436,47,53,49,30,42,45,18,50,34,44,46,34,29,49,48,33,35,53,33,17,28,24,33,29,24,31,21,21,27,25,27,11
[ 732.974898] [AOA] Measurement: 0,1579900610.270100,04:d6:aa:c1:38:97,2,1,1,0,128,305,966,359,58,453,767,854,889,48,12,947,515,821,799,171,410,97,36,949,107,264,920,750,923,153,216,512,800,444,801,192,722,46,51,48,33,49,48,23,53,37,51,46,36,33,48,49,36,33,55,32,17,27,21,34,35,24,32,24,23,30,28,29,17
[ 733.000553] [AOA] Measurement: 0,1579900610.295748,04:d6:aa:c1:38:97,2,1,1,0,128,306,919,437,85,407,744,854,922,61,984,883,453,788,815,186,384,17,2,935,105,221,881,848,959,116,181,70,625,422,764,383,716,51,58,51,32,50,55,28,54,37,54,49,39,33,51,50,35,33,61,36,17,31,25,33,33,25,36,26,24,30,29,31,15
[ 733.030727] [AOA] Measurement: 0,1579900610.325929,04:d6:aa:c1:38:97,2,1,1,0,128,849,98,382,91,478,812,847,921,59,44,536,732,367,1010,625,521,76,27,478,381,785,115,315,149,566,326,558,805,887,920,609,921,50,53,48,33,50,48,25,55,39,59,48,37,35,53,56,38,39,59,36,25,31,28,40,42,28,40,28,25,34,34,39,23
[ 733.058788] [AOA] Measurement: 0,1579900610.353987,04:d6:aa:c1:38:97,2,1,1,0,128,890,183,927,290,455,778,420,106,515,166,461,680,352,1009,114,321,24,1016,505,375,187,941,258,92,652,342,548,774,959,992,874,119,40,51,40,25,36,34,15,41,24,37,34,22,20,37,33,21,21,46,24,12,16,7,19,16,13,18,8,10,16,12,9,6
[ 733.085151] [AOA] Measurement: 0,1579900610.380347,04:d6:aa:c1:38:97,2,1,1,0,128,369,979,467,122,1013,1011,310,50,40,4,893,459,893,824,101,340,40,43,968,101,154,906,748,920,101,188,28,612,380,717,921,308,41,50,41,25,36,39,15,43,29,44,37,29,24,36,33,27,24,47,27,13,16,12,19,19,13,21,12,15,21,22,14,9
[ 733.114631] [AOA] Measurement: 0,1579900610.409826,04:d6:aa:c1:38:97,2,1,1,0,128,922,176,369,62,446,820,787,885,16,1000,905,504,744,798,159,375,30,27,945,105,297,950,827,966,186,214,692,939,966,978,710,32,54,59,52,33,56,54,26,59,41,57,55,42,35,55,56,38,36,58,39,22,35,27,43,41,32,41,28,29,40,39,42,24
[ 733.144157] [AOA] Measurement: 0,1579900610.439353,04:d6:aa:c1:38:97,2,1,1,0,128,293,962,423,124,454,774,806,882,1006,972,931,487,869,816,116,353,553,218,947,141,173,902,807,951,121,160,1006,589,345,748,236,512,51,32,33,33,42,44,24,35,39,56,37,39,33,43,45,35,30,39,39,20,26,24,39,45,34,42,35,33,44,51,38,23
[ 733.174190] [AOA] Measurement: 0,1579900610.469384,04:d6:aa:c1:38:97,2,1,1,0,128,306,960,457,112,419,782,814,867,977,981,888,434,882,827,94,351,16,0,964,130,190,895,756,918,146,185,70,637,524,837,728,981,49,55,48,33,46,49,24,54,35,58,51,40,34,51,51,38,36,59,38,20,29,27,37,37,28,41,27,25,38,33,38,18
[ 733.202164] [AOA] Measurement: 0,1579900610.497363,04:d6:aa:c1:38:97,2,1,1,0,128,890,165,947,280,8,984,857,923,7,1010,882,449,877,821,88,353,32,8,956,152,172,906,318,116,606,295,506,826,892,946,734,21,47,54,47,28,46,47,21,52,34,49,44,32,26,46,49,34,33,56,30,18,26,22,32,28,23,31,24,24,26,29,29,15
[ 733.225365] [AOA] Measurement: 0,1579900610.520567,04:d6:aa:c1:38:97,2,1,1,0,128,351,991,407,39,417,752,784,900,994,1015,949,529,759,749,101,331,76,35,976,194,174,919,747,949,96,178,42,665,360,785,994,352,44,54,45,28,42,41,20,49,33,45,42,32,25,37,41,25,25,50,30,14,23,17,27,24,16,26,19,16,22,22,20,12
[ 733.256085] [AOA] Measurement: 0,1579900610.551280,04:d6:aa:c1:38:97,2,1,1,0,128,294,989,400,87,485,785,872,935,1007,1013,943,483,774,757,153,374,34,17,955,156,209,905,738,914,12,122,20,582,370,787,901,308,43,53,43,26,47,41,21,51,34,49,42,30,25,43,40,32,29,52,32,15,26,17,30,25,23,30,20,17,22,26,29,15
[ 733.284545] [AOA] Measurement: 0,1579900610.579747,04:d6:aa:c1:38:97,2,1,1,0,128,851,165,1000,333,966,971,859,912,26,7,902,517,809,807,649,527,57,1021,995,145,237,924,295,128,642,321,559,798,946,946,1001,308,42,51,43,24,41,41,19,46,30,46,39,29,27,44,41,31,29,55,30,17,19,18,31,28,20,29,19,16,22,23,18,11
[ 733.309698] [AOA] Measurement: 0,1579900610.604894,04:d6:aa:c1:38:97,2,1,1,0,128,348,1002,398,55,443,750,835,924,45,1004,887,486,782,777,676,548,71,55,497,354,177,864,753,963,89,131,41,658,384,753,963,303,48,52,48,28,45,43,20,51,34,50,46,33,30,48,47,32,29,55,35,19,26,20,31,30,23,35,21,22,29,29,33,17
[ 733.341207] [AOA] Measurement: 0,1579900610.636403,04:d6:aa:c1:38:97,2,1,1,0,128,900,191,395,65,24,975,811,880,74,36,907,451,812,786,103,361,22,2,890,112,177,889,768,951,130,174,561,805,969,979,883,208,45,52,43,25,41,41,18,49,33,46,39,29,25,43,42,28,30,51,31,18,25,16,27,25,19,26,21,19,28,27,29,15
[ 733.365311] [AOA] Measurement: 0,1579900610.660512,04:d6:aa:c1:38:97,2,1,1,0,128,344,994,393,86,474,775,810,891,6,999,922,470,814,812,99,356,1007,986,961,148,192,883,734,958,141,213,32,644,430,806,436,820,45,50,48,28,47,50,23,55,34,51,48,37,32,48,48,37,33,55,34,17,25,21,36,35,27,33,22,23,32,32,32,17
[ 733.392615] [AOA] Measurement: 0,1579900610.687811,04:d6:aa:c1:38:97,2,1,1,0,128,299,955,441,131,384,729,807,887,0,1004,910,469,797,816,79,306,26,958,979,140,193,896,768,957,108,127,48,603,358,756,421,844,46,51,44,29,41,43,21,49,33,47,40,33,26,45,43,32,31,54,32,20,25,18,32,27,20,28,18,16,22,23,20,14
[ 733.423519] [AOA] Measurement: 0,1579900610.718714,04:d6:aa:c1:38:97,2,1,1,0,128,344,967,356,85,449,796,821,917,1021,995,893,488,812,838,99,377,648,242,467,329,783,133,695,942,150,173,9,675,398,755,832,158,51,32,30,32,46,44,26,35,37,54,35,41,36,44,46,30,34,38,37,23,30,27,36,47,33,44,35,39,48,52,45,23
[ 733.452841] [AOA] Measurement: 0,1579900610.748043,04:d6:aa:c1:38:97,2,1,1,0,128,344,987,395,68,419,790,815,908,10,995,900,519,824,811,638,595,40,19,931,76,254,924,756,916,117,182,34,651,395,769,305,640,48,55,45,26,48,48,25,55,34,51,46,36,31,50,51,37,32,55,35,18,29,25,35,37,27,37,25,29,38,34,35,18
[ 733.478265] [AOA] Measurement: 0,1579900610.773462,04:d6:aa:c1:38:97,2,1,1,0,128,293,965,347,49,455,785,895,946,8,1015,967,519,321,974,192,422,30,28,449,374,178,946,757,970,122,165,3,673,382,783,778,128,47,53,46,29,41,45,20,49,33,47,39,31,26,44,42,31,29,48,33,16,26,16,30,29,23,29,19,20,26,25,23,15
[ 733.508488] [AOA] Measurement: 0,1579900610.803684,04:d6:aa:c1:38:97,2,1,1,0,128,256,970,439,70,1001,981,849,983,35,25,937,482,342,1015,632,542,2,1023,928,98,252,915,782,984,648,394,12,644,945,953,34,332,45,55,45,29,42,46,23,53,35,50,44,35,29,48,46,33,33,53,35,19,25,21,29,28,22,30,22,22,26,25,25,15
[ 733.535733] [AOA] Measurement: 0,1579900610.830934,04:d6:aa:c1:38:97,2,1,1,0,128,283,924,443,82,407,749,792,908,48,1020,943,500,327,971,673,556,593,234,469,364,731,49,733,888,83,160,40,686,347,775,277,739,46,51,44,28,41,44,22,55,38,52,44,36,30,48,49,34,35,57,34,17,30,25,36,37,27,39,28,25,33,34,35,20
[ 733.562486] [AOA] Measurement: 0,1579900610.857682,04:d6:aa:c1:38:97,2,1,1,0,128,276,953,348,57,449,835,743,906,923,968,790,388,719,766,22,232,1023,921,950,96,47,838,766,870,498,213,359,630,211,630,219,535,44,55,46,28,43,42,18,47,33,47,45,37,28,45,47,32,31,52,34,15,28,23,33,33,23,31,23,21,30,27,30,17
[ 733.591638] [AOA] Measurement: 0,1579900610.886839,04:d6:aa:c1:38:97,2,1,1,0,128,358,979,385,75,475,743,848,936,49,1017,934,492,808,782,177,371,620,186,518,383,194,908,728,929,64,107,8,602,350,757,1017,294,45,53,49,28,46,45,22,52,35,51,49,36,26,47,47,35,34,58,35,21,26,23,36,39,28,37,26,28,30,31,35,20
[ 733.615573] [AOA] Measurement: 0,1579900610.910776,04:d6:aa:c1:38:97,2,1,1,0,128,309,977,381,91,423,764,839,936,39,986,941,516,821,775,168,374,14,8,977,144,206,927,324,123,93,134,575,834,902,925,928,198,48,55,49,30,47,48,25,56,36,56,47,41,32,48,51,34,35,62,36,21,30,33,42,43,32,40,30,34,40,40,41,24
[ 733.641457] [AOA] Measurement: 0,1579900610.936659,04:d6:aa:c1:38:97,2,1,1,0,128,345,983,438,83,482,786,890,940,27,28,895,476,337,991,71,337,34,20,949,155,724,80,726,904,130,172,1003,635,369,744,92,383,45,49,47,26,42,42,20,48,30,47,39,31,27,44,46,33,30,51,32,17,22,16,27,26,18,26,16,15,21,25,24,12
[ 733.667758] [AOA] Measurement: 0,1579900610.962961,04:d6:aa:c1:38:97,2,1,1,0,128,302,947,426,116,450,766,857,919,8,1022,892,452,861,803,114,346,124,96,922,186,204,947,775,960,147,181,566,809,951,935,977,199,53,51,50,36,54,52,25,56,42,55,51,41,35,55,52,38,36,58,38,25,34,28,40,42,28,43,32,31,42,39,45,22
[ 733.701448] [AOA] Measurement: 0,1579900610.996643,04:d6:aa:c1:38:97,2,1,1,0,128,914,169,951,315,966,973,364,84,5,37,902,499,360,1023,625,527,16,6,556,443,749,101,234,107,650,376,538,831,869,966,358,621,40,50,41,26,42,40,20,46,32,42,38,29,21,38,38,27,22,49,26,13,22,14,25,18,16,19,13,11,16,14,18,8
[ 733.731473] [AOA] Measurement: 0,1579900611.026668,04:d6:aa:c1:38:97,2,1,1,0,128,291,959,414,55,453,810,868,955,8,985,868,458,838,790,130,376,58,37,932,49,241,915,732,896,183,218,45,686,421,747,521,928,44,54,42,26,40,39,15,47,29,42,39,30,21,39,42,29,28,51,32,13,21,12,27,23,19,22,12,17,19,20,18,11
[ 733.761422] [AOA] Measurement: 0,1579900611.056617,04:d6:aa:c1:38:97,2,1,1,0,128,882,163,366,81,413,774,835,936,10,4,888,455,790,775,68,321,9,1012,969,154,173,890,785,919,111,142,50,640,922,937,902,94,40,50,44,26,38,38,16,45,29,43,38,27,24,42,39,27,23,48,28,13,21,14,31,23,21,30,21,19,21,23,22,13
[ 733.791336] [AOA] Measurement: 0,1579900611.086532,04:d6:aa:c1:38:97,2,1,1,0,128,326,1001,443,136,358,774,848,967,981,14,796,434,814,804,104,275,983,944,1023,144,60,849,745,839,960,35,900,504,269,648,566,854,43,55,48,24,42,42,19,50,34,51,45,35,26,46,43,33,30,55,32,18,24,19,31,28,20,30,21,20,24,24,23,12
[ 733.820656] [AOA] Measurement: 0,1579900611.115858,04:d6:aa:c1:38:97,2,1,1,0,128,287,938,342,32,453,763,768,866,71,22,932,510,795,826,97,350,12,64,889,69,292,1018,312,145,156,259,113,738,455,801,128,588,44,52,43,25,43,41,20,46,31,43,38,27,25,37,38,27,26,48,27,16,22,12,24,23,18,22,18,13,19,17,14,11
[ 733.845848] [AOA] Measurement: 0,1579900611.141043,04:d6:aa:c1:38:97,2,1,1,0,128,352,967,413,42,414,761,810,880,40,1003,898,473,763,775,100,364,71,49,948,70,187,972,784,1007,196,246,77,815,572,929,416,768,41,46,41,25,39,39,14,45,31,36,38,25,23,40,37,27,23,49,28,13,20,14,27,20,14,19,11,10,15,12,9,8
[ 733.877911] [AOA] Measurement: 0,1579900611.173107,04:d6:aa:c1:38:97,2,1,1,0,128,836,141,956,318,411,753,856,931,49,15,892,503,731,777,152,367,96,30,559,442,768,133,768,978,67,114,13,609,351,756,608,961,47,54,46,27,43,42,17,51,36,49,45,32,29,48,45,36,31,59,34,18,29,20,33,32,24,35,26,23,28,28,27,16
[ 733.906822] [AOA] Measurement: 0,1579900611.202022,04:d6:aa:c1:38:97,2,1,1,0,128,354,1001,401,53,512,822,807,878,95,71,486,715,780,796,114,391,68,21,937,133,268,952,751,929,103,144,56,637,317,722,280,728,48,55,46,29,48,47,26,54,37,56,48,40,31,52,53,39,38,60,38,23,33,31,42,41,30,41,28,35,40,41,45,22
[ 733.932038] [AOA] Measurement: 0,1579900611.227233,04:d6:aa:c1:38:97,2,1,1,0,128,300,968,414,63,461,801,830,930,106,11,925,521,835,802,130,395,1007,18,874,93,222,888,804,998,159,229,135,735,478,806,814,168,47,53,47,28,44,45,28,55,37,52,47,38,32,50,48,35,36,55,34,20,28,25,38,38,26,39,29,25,36,34,33,19
[ 733.964541] [AOA] Measurement: 0,1579900611.259736,04:d6:aa:c1:38:97,2,1,1,0,128,275,943,454,111,457,789,803,865,25,13,942,472,766,807,131,386,1009,18,951,183,236,916,746,926,144,169,74,675,418,792,945,233,44,53,43,27,43,43,20,51,36,45,40,32,29,44,38,31,28,51,31,16,25,18,28,30,23,28,16,18,23,22,20,13
[ 733.995171] [AOA] Measurement: 0,1579900611.290365,04:d6:aa:c1:38:97,2,1,1,0,128,278,950,459,167,429,756,880,974,995,958,929,484,804,807,119,400,85,65,481,337,258,919,775,964,159,181,623,884,419,781,20,383,49,55,52,36,48,50,22,56,37,54,50,38,36,54,54,38,39,61,38,19,29,27,37,39,27,36,24,26,31,33,32,19
[ 734.025549] [AOA] Measurement: 0,1579900611.320744,04:d6:aa:c1:38:97,2,1,1,0,128,301,975,346,91,459,788,845,932,1018,995,857,444,384,987,40,291,43,1019,909,95,139,883,692,884,49,91,39,634,378,796,297,663,55,36,33,34,45,48,30,39,40,63,40,43,39,51,48,35,34,42,39,25,34,30,38,47,36,45,39,34,49,51,45,26
[ 734.054481] [AOA] Measurement: 0,1579900611.349680,04:d6:aa:c1:38:97,2,1,1,0,128,324,951,418,75,465,764,839,905,984,1012,934,483,819,807,125,338,1,1011,1022,209,206,883,753,937,27,130,996,577,358,756,842,197,55,56,49,30,49,50,26,57,40,56,49,41,33,51,53,38,36,58,41,22,31,24,37,33,29,38,28,27,37,31,37,19
[ 734.082168] [AOA] Measurement: 0,1579900611.377369,04:d6:aa:c1:38:97,2,1,1,0,128,353,998,443,158,1005,951,885,959,0,1,929,513,784,794,104,343,78,21,922,152,179,886,284,135,62,128,990,642,850,885,326,655,43,48,43,27,40,42,18,46,32,45,38,29,23,43,39,28,26,49,30,14,18,15,26,22,17,23,13,14,18,17,15,9
[ 734.111225] [AOA] Measurement: 0,1579900611.406427,04:d6:aa:c1:38:97,2,1,1,0,128,331,989,327,28,458,784,887,925,71,28,409,690,782,786,168,410,105,77,491,349,200,926,782,7,659,404,20,644,401,750,640,992,46,51,44,26,41,41,22,48,33,46,43,28,27,45,43,29,26,51,28,13,20,17,24,22,18,26,16,13,22,23,16,11
[ 734.135066] [AOA] Measurement: 0,1579900611.430266,04:d6:aa:c1:38:97,2,1,1,0,128,378,1001,329,74,422,802,812,936,875,922,792,359,877,836,17,209,19,956,1000,114,54,857,660,820,984,986,396,675,168,592,51,383,45,55,44,33,42,41,19,50,31,45,38,32,25,44,43,33,30,50,33,19,23,17,28,27,20,26,19,19,21,21,22,11
[ 734.164751] [AOA] Measurement: 0,1579900611.459947,04:d6:aa:c1:38:97,2,1,1,0,128,292,960,411,75,469,808,832,913,79,24,941,502,736,761,198,379,57,993,985,141,232,912,773,913,59,131,1003,626,394,740,729,69,42,48,44,24,40,38,23,48,32,44,42,30,26,46,40,31,27,50,30,17,21,18,29,25,23,25,16,19,21,21,16,10
[ 734.190474] [AOA] Measurement: 0,1579900611.485674,04:d6:aa:c1:38:97,2,1,1,0,128,352,969,957,276,983,976,772,905,24,26,940,523,831,854,154,400,589,228,930,123,214,970,780,977,118,151,1002,603,424,784,964,208,45,51,43,26,45,44,22,52,34,48,44,36,29,48,49,34,34,52,31,17,23,21,30,32,25,32,25,20,25,25,27,13
[ 734.220711] [AOA] Measurement: 0,1579900611.515911,04:d6:aa:c1:38:97,2,1,1,0,128,316,955,365,41,494,798,823,867,50,1010,881,493,769,757,91,333,1011,1015,952,75,178,920,746,951,144,181,25,698,382,786,76,383,50,34,31,32,44,43,26,34,42,61,42,42,32,45,44,32,30,39,35,23,30,21,38,43,30,41,34,33,38,46,37,21
[ 734.247819] [AOA] Measurement: 0,1579900611.543015,04:d6:aa:c1:38:97,2,1,1,0,128,377,980,412,102,396,772,761,887,78,38,914,455,781,780,158,396,132,97,519,327,299,993,793,998,147,222,113,705,528,877,578,919,52,33,33,34,44,43,27,34,44,59,43,40,34,46,46,35,31,38,35,23,25,24,38,44,30,43,30,36,42,49,42,20
[ 734.279071] [AOA] Measurement: 0,1579900611.574266,04:d6:aa:c1:38:97,2,1,1,0,128,890,149,931,251,447,769,816,929,10,1003,914,465,858,797,616,542,29,1016,962,167,247,949,712,907,625,324,996,639,401,810,533,888,42,45,43,25,41,41,20,47,32,46,42,34,30,44,42,30,30,52,29,19,25,17,28,26,20,28,17,17,26,30,27,16
[ 734.307689] [AOA] Measurement: 0,1579900611.602891,04:d6:aa:c1:38:97,2,1,1,0,128,336,972,460,158,413,742,854,933,1023,22,898,468,824,791,173,407,601,212,464,352,223,932,747,949,96,183,6,668,895,896,1004,236,49,51,47,29,44,45,20,52,36,52,46,36,25,45,49,33,32,55,33,17,25,19,29,26,20,28,20,20,26,24,24,11
[ 734.336384] [AOA] Measurement: 0,1579900611.631581,04:d6:aa:c1:38:97,2,1,1,0,128,303,970,386,69,359,741,781,916,931,959,835,416,777,763,93,227,994,930,995,127,23,835,694,858,913,986,881,470,222,644,464,802,40,51,41,27,39,42,19,50,29,41,36,33,26,44,40,31,28,50,31,14,24,20,27,25,21,28,21,20,25,24,22,10
[ 734.366039] [AOA] Measurement: 0,1579900611.661242,04:d6:aa:c1:38:97,2,1,1,0,128,957,180,930,248,477,805,367,92,555,185,515,739,387,1011,716,563,556,186,455,327,185,878,836,986,568,340,512,775,929,957,696,914,43,51,42,28,38,40,17,46,29,44,40,34,28,47,43,33,29,55,32,16,24,19,30,27,22,30,20,17,24,23,21,12
[ 734.393731] [AOA] Measurement: 0,1579900611.688925,04:d6:aa:c1:38:97,2,1,1,0,128,857,99,362,106,414,755,871,940,45,17,921,489,838,848,696,576,632,253,430,315,181,903,238,115,580,288,586,833,950,969,18,204,49,50,46,33,48,51,26,54,39,55,47,43,34,53,51,39,38,57,38,23,35,27,39,40,28,38,27,32,34,35,38,20
[ 734.418719] [AOA] Measurement: 0,1579900611.713920,04:d6:aa:c1:38:97,2,1,1,0,128,336,980,370,42,512,801,913,956,45,22,964,530,831,833,609,534,574,218,504,335,728,93,782,967,82,197,984,584,327,710,502,896,43,53,42,25,35,41,18,43,29,44,38,31,23,39,39,32,26,49,29,14,16,14,18,19,17,22,11,10,15,13,11,7
[ 734.451140] [AOA] Measurement: 0,1579900611.746335,04:d6:aa:c1:38:97,2,1,1,0,128,299,920,395,106,445,824,803,905,1009,988,950,531,333,1008,149,396,28,18,506,379,769,139,263,107,699,390,582,861,912,985,874,204,42,52,39,27,39,38,21,47,34,46,42,33,28,47,45,32,30,53,31,16,25,18,34,28,21,32,23,23,27,25,25,14
[ 734.482574] [AOA] Measurement: 0,1579900611.777770,04:d6:aa:c1:38:97,2,1,1,0,128,875,139,361,71,479,779,836,971,1003,995,930,504,814,844,111,369,33,7,962,85,228,903,786,968,127,205,630,872,480,779,926,194,43,52,41,25,43,43,20,48,32,45,38,33,28,45,46,32,33,54,35,16,27,25,34,34,23,31,23,21,30,29,30,18
[ 734.507577] [AOA] Measurement: 0,1579900611.802773,04:d6:aa:c1:38:97,2,1,1,0,128,876,130,887,237,15,1016,808,927,29,22,933,517,921,884,107,380,1018,23,987,204,219,901,319,147,637,341,586,845,368,748,584,52,42,49,43,24,40,41,18,45,29,41,42,27,24,40,36,27,25,47,27,16,20,12,25,15,17,16,10,11,15,14,10,7
[ 734.540430] [AOA] Measurement: 0,1579900611.835625,04:d6:aa:c1:38:97,2,1,1,0,128,357,14,375,83,468,798,744,839,53,29,874,462,747,741,127,367,25,31,988,181,254,950,748,944,74,183,967,588,355,746,48,397,49,53,50,28,49,47,22,53,35,51,44,32,29,48,45,31,28,55,32,17,21,18,30,26,20,25,16,13,21,21,22,12
[ 734.570863] [AOA] Measurement: 0,1579900611.866063,04:d6:aa:c1:38:97,2,1,1,0,128,898,147,328,28,471,781,873,926,90,56,868,413,870,830,68,312,21,15,946,135,167,889,687,905,102,141,26,632,442,790,376,591,42,53,45,24,42,43,21,50,32,42,38,29,20,40,41,29,24,53,31,13,22,16,28,21,16,29,18,19,18,22,20,12
[ 734.595351] [AOA] Measurement: 0,1579900611.890551,04:d6:aa:c1:38:97,2,1,1,0,128,291,973,388,89,478,803,839,916,21,39,906,478,789,761,112,312,49,13,977,205,248,947,292,100,10,69,29,614,958,977,249,472,42,48,44,25,37,43,20,50,33,45,40,31,28,42,41,30,30,51,32,18,26,18,30,24,21,27,18,24,28,30,26,13
[ 734.624680] [AOA] Measurement: 0,1579900611.919874,04:d6:aa:c1:38:97,2,1,1,0,128,364,8,358,68,59,1010,369,84,5,993,400,660,364,1002,77,371,49,9,490,297,750,101,784,924,110,118,980,610,412,756,70,383,44,56,47,27,46,45,18,50,31,47,40,30,27,44,42,29,27,50,30,14,20,14,26,21,17,19,13,14,18,18,13,10
[ 734.654357] [AOA] Measurement: 0,1579900611.949557,04:d6:aa:c1:38:97,2,1,1,0,128,324,939,368,38,497,808,891,933,1005,1016,924,447,821,811,53,312,86,93,447,307,781,76,694,918,69,144,1009,598,396,768,568,0,50,52,47,30,47,48,22,51,36,54,44,38,31,48,47,34,32,52,33,20,26,24,33,35,24,32,24,22,29,26,27,14
[ 734.678485] [AOA] Measurement: 0,1579900611.973686,04:d6:aa:c1:38:97,2,1,1,0,128,278,981,406,114,390,773,803,935,945,961,828,391,792,813,45,273,51,966,3,128,93,859,672,810,913,968,864,519,266,623,248,534,40,48,41,23,37,44,19,46,29,42,37,27,22,38,35,25,26,44,25,15,16,14,25,18,16,21,15,12,18,18,17,9
[ 734.709538] [AOA] Measurement: 0,1579900612.004734,04:d6:aa:c1:38:97,2,1,1,0,128,320,985,406,96,456,820,874,958,1006,994,884,494,855,829,92,368,60,34,953,185,151,902,742,918,142,187,38,629,4,991,868,48,45,48,44,25,44,43,20,50,34,48,45,31,26,45,44,29,29,49,34,18,25,19,31,25,22,27,20,18,25,24,24,13
[ 734.734112] [AOA] Measurement: 0,1579900612.029311,04:d6:aa:c1:38:97,2,1,1,0,128,890,131,964,349,1000,995,325,83,570,235,396,693,817,786,121,366,81,47,955,176,759,70,757,950,120,166,605,826,933,965,104,269,45,54,46,28,45,42,18,49,34,48,44,34,27,45,43,33,28,51,33,16,23,18,33,28,24,32,19,20,25,27,23,10
[ 734.762073] [AOA] Measurement: 0,1579900612.057268,04:d6:aa:c1:38:97,2,1,1,0,128,270,971,388,74,489,811,816,914,26,26,921,487,852,826,123,407,41,23,955,183,198,930,808,954,175,168,54,685,379,740,394,800,47,50,44,29,47,42,20,51,34,51,43,37,31,46,47,33,34,57,34,17,25,22,33,30,23,35,23,27,31,34,31,16
[ 734.793470] [AOA] Measurement: 0,1579900612.088666,04:d6:aa:c1:38:97,2,1,1,0,128,304,930,373,42,471,781,841,891,48,4,472,688,816,796,133,368,999,17,1000,165,726,44,775,970,107,201,10,633,343,742,197,560,54,56,50,33,52,54,29,59,43,62,54,43,36,54,61,44,42,64,40,25,33,33,42,45,33,46,29,31,41,41,45,26
[ 734.824520] [AOA] Measurement: 0,1579900612.119716,04:d6:aa:c1:38:97,2,1,1,0,128,318,946,370,62,507,824,848,904,12,1016,896,490,809,779,83,316,47,15,840,65,265,946,706,939,116,169,49,659,341,746,935,279,45,51,45,25,40,42,20,47,34,41,39,28,22,41,40,30,28,49,33,16,24,17,26,24,19,27,14,19,19,22,21,14
[ 734.855828] [AOA] Measurement: 0,1579900612.151024,04:d6:aa:c1:38:97,2,1,1,0,128,323,968,404,93,29,11,341,55,81,48,454,677,781,786,137,352,22,1013,924,91,250,914,764,906,70,160,15,620,332,747,488,941,47,52,47,31,46,45,20,49,34,49,44,36,31,50,47,33,31,55,32,15,24,20,32,27,21,27,18,18,25,26,25,12
[ 734.884791] [AOA] Measurement: 0,1579900612.179991,04:d6:aa:c1:38:97,2,1,1,0,128,305,973,391,73,452,801,869,959,627,268,379,682,827,831,140,391,36,24,973,157,203,954,756,948,710,374,7,603,406,798,486,689,47,51,45,27,43,46,20,50,33,51,43,32,29,44,42,30,27,49,32,15,21,16,28,23,19,24,13,12,18,18,23,14
[ 734.912624] [AOA] Measurement: 0,1579900612.207819,04:d6:aa:c1:38:97,2,1,1,0,128,286,940,420,102,429,794,796,905,1005,1013,886,478,780,764,113,367,14,21,925,59,238,962,721,946,113,211,1017,615,332,715,383,791,45,53,47,26,44,47,20,49,37,51,47,35,33,49,49,35,36,57,34,18,26,26,33,30,26,35,24,23,31,30,31,16
[ 734.943692] [AOA] Measurement: 0,1579900612.238893,04:d6:aa:c1:38:97,2,1,1,0,128,320,993,407,107,516,816,859,959,550,148,907,504,837,805,123,344,518,144,961,175,138,846,738,918,93,166,559,793,881,919,676,896,45,55,45,32,50,47,23,54,40,57,48,37,33,51,51,39,34,59,39,18,27,25,41,37,28,41,29,28,38,39,43,24
[ 734.968792] [AOA] Measurement: 0,1579900612.263992,04:d6:aa:c1:38:97,2,1,1,0,128,882,152,408,108,463,798,812,880,34,17,924,474,829,820,78,311,33,1014,922,95,192,902,778,952,127,154,28,633,352,723,134,383,49,56,46,32,46,50,24,54,37,55,47,38,32,51,51,37,34,57,39,18,31,21,35,35,26,41,29,26,36,35,37,18
[ 734.999785] [AOA] Measurement: 0,1579900612.294981,04:d6:aa:c1:38:97,2,1,1,0,128,354,996,427,86,481,782,762,892,9,4,866,434,814,769,109,365,97,52,889,103,247,899,723,951,138,187,1022,643,515,796,624,896,45,53,48,29,41,42,18,51,32,48,45,32,28,48,45,33,31,53,30,15,22,17,31,30,19,29,19,17,24,21,20,13
[ 735.024454] [AOA] Measurement: 0,1579900612.319654,04:d6:aa:c1:38:97,2,1,1,0,128,311,965,980,257,427,773,816,894,51,19,895,446,876,850,109,363,590,197,928,119,187,898,745,949,73,128,20,623,335,683,234,556,46,50,43,29,42,44,19,46,36,48,45,35,28,43,46,34,31,54,33,16,20,16,28,29,21,27,18,18,23,25,24,11
[ 735.053025] [AOA] Measurement: 0,1579900612.348221,04:d6:aa:c1:38:97,2,1,1,0,128,323,934,977,305,1005,980,846,934,1009,16,446,678,769,795,143,392,37,31,962,165,200,921,789,991,636,338,521,798,892,959,277,598,50,52,52,29,51,48,24,52,38,51,48,40,33,50,48,35,33,53,32,18,24,21,32,30,26,29,21,17,26,28,25,14
[ 735.084867] [AOA] Measurement: 0,1579900612.380063,04:d6:aa:c1:38:97,2,1,1,0,128,351,961,404,106,445,782,775,890,56,8,917,465,803,785,43,266,971,945,965,143,230,894,323,78,654,325,594,832,888,888,684,967,37,47,42,21,38,40,16,45,23,39,36,25,18,41,36,29,24,50,25,15,18,11,26,18,17,20,13,12,15,16,15,9
[ 735.116576] [AOA] Measurement: 0,1579900612.411771,04:d6:aa:c1:38:97,2,1,1,0,128,288,962,386,76,440,736,891,954,36,1012,874,485,814,813,139,354,53,58,948,74,237,940,745,931,149,176,566,829,966,955,631,1001,49,53,49,30,46,49,25,51,37,55,47,42,33,52,47,35,33,55,36,18,25,25,38,36,29,36,25,25,32,30,32,22
[ 735.148411] [AOA] Measurement: 0,1579900612.443604,04:d6:aa:c1:38:97,2,1,1,0,128,295,952,405,75,433,751,893,921,1023,5,946,509,327,978,684,550,534,181,983,145,122,862,771,933,83,169,53,676,939,997,763,32,49,52,47,31,47,48,23,52,37,54,48,39,30,51,51,34,33,57,33,20,28,25,33,39,27,37,29,28,35,35,35,22
[ 735.179906] [AOA] Measurement: 0,1579900612.475102,04:d6:aa:c1:38:97,2,1,1,0,128,336,976,428,85,953,978,814,898,64,55,447,666,824,802,124,330,1014,1004,11,227,793,85,318,130,663,367,547,809,319,715,421,831,48,53,47,30,46,46,19,50,35,52,50,40,34,50,49,37,34,57,32,19,27,25,37,39,27,37,22,26,30,31,31,13
[ 735.212176] [AOA] Measurement: 0,1579900612.507377,04:d6:aa:c1:38:97,2,1,1,0,128,293,998,371,71,23,4,817,938,99,47,892,508,831,806,142,401,6,32,959,156,214,925,678,886,103,132,43,674,401,791,520,844,47,53,48,25,43,43,21,50,39,52,44,33,27,48,45,34,33,52,33,17,25,18,31,31,24,32,22,20,30,27,27,16
[ 735.236713] [AOA] Measurement: 0,1579900612.531915,04:d6:aa:c1:38:97,2,1,1,0,128,383,999,393,93,504,814,787,909,69,33,898,477,814,811,149,413,622,228,396,255,193,887,748,935,84,143,1018,610,437,770,535,926,42,50,47,28,45,40,18,55,37,50,47,36,27,46,45,35,33,53,36,17,25,19,33,33,22,33,23,21,25,26,27,14
[ 735.266466] [AOA] Measurement: 0,1579900612.561662,04:d6:aa:c1:38:97,2,1,1,0,128,881,153,390,105,497,818,889,937,48,28,917,517,808,832,121,356,48,3,519,413,738,31,259,86,664,346,562,818,886,955,768,22,61,58,52,37,58,58,32,62,47,67,57,47,37,60,58,42,45,61,44,27,36,31,45,46,31,47,32,33,44,39,45,21
[ 735.297200] [AOA] Measurement: 0,1579900612.592402,04:d6:aa:c1:38:97,2,1,1,0,128,329,981,383,56,510,805,869,940,572,182,466,679,790,794,124,361,69,39,445,330,194,892,789,938,58,106,4,619,294,730,213,482,44,52,42,25,42,41,19,47,32,44,40,29,25,43,43,31,32,52,31,18,25,16,29,27,19,29,18,19,21,23,16,12
[ 735.324681] [AOA] Measurement: 0,1579900612.619878,04:d6:aa:c1:38:97,2,1,1,0,128,350,986,375,66,507,805,820,906,8,1010,895,465,819,800,92,356,12,1015,973,170,260,960,752,966,716,408,494,779,364,776,1008,227,49,52,48,30,49,50,25,58,41,56,51,42,33,54,52,40,37,56,40,22,31,27,38,39,27,39,28,31,35,38,40,19
[ 735.357414] [AOA] Measurement: 0,1579900612.652614,04:d6:aa:c1:38:97,2,1,1,0,128,314,952,410,114,469,802,393,78,553,190,955,518,826,825,685,563,38,11,970,99,223,917,757,927,84,148,573,840,912,970,173,455,47,53,47,32,49,45,24,52,37,53,47,39,32,52,51,35,35,54,36,20,29,27,37,36,24,35,26,23,31,35,37,23
[ 735.383965] [AOA] Measurement: 0,1579900612.679161,04:d6:aa:c1:38:97,2,1,1,0,128,333,978,381,66,447,758,786,865,1012,1008,890,469,777,758,109,364,990,1008,994,200,779,137,732,934,690,355,994,622,414,780,824,62,50,52,48,29,52,48,26,54,40,56,48,41,34,54,56,38,38,59,39,23,29,29,41,41,31,41,26,29,39,37,38,20
[ 735.416562] [AOA] Measurement: 0,1579900612.711758,04:d6:aa:c1:38:97,2,1,1,0,128,362,993,975,308,952,945,842,946,1015,13,962,572,816,811,87,364,49,1020,929,143,227,930,770,960,76,161,53,680,925,970,872,143,44,52,44,24,40,40,16,44,29,40,36,23,23,39,35,27,23,48,29,17,21,16,26,23,20,26,15,15,21,24,15,10
[ 735.446751] [AOA] Measurement: 0,1579900612.741953,04:d6:aa:c1:38:97,2,1,1,0,128,891,182,365,84,440,761,841,901,42,16,918,470,833,807,128,346,37,1019,988,192,191,878,738,919,74,159,996,551,328,753,259,585,43,49,43,26,39,39,17,47,28,38,33,24,21,35,35,24,23,48,28,14,19,10,17,14,11,18,12,13,10,11,8,5
[ 735.475952] [AOA] Measurement: 0,1579900612.771147,04:d6:aa:c1:38:97,2,1,1,0,128,343,998,413,66,415,760,807,900,39,12,897,507,815,790,102,339,996,1003,974,137,204,897,781,956,107,160,32,673,927,946,222,512,48,53,45,27,45,48,22,54,37,52,46,39,30,51,50,37,36,59,34,20,30,26,37,37,27,41,28,28,35,34,35,19
[ 735.507146] [AOA] Measurement: 0,1579900612.802348,04:d6:aa:c1:38:97,2,1,1,0,128,285,945,960,300,1009,1005,322,39,574,193,473,665,818,827,92,323,41,9,969,177,728,49,293,131,641,328,503,769,926,988,66,360,43,53,50,26,43,46,22,52,36,53,46,40,29,50,51,34,33,56,36,16,24,19,34,29,24,30,21,19,26,29,27,13
[ 735.535396] [AOA] Measurement: 0,1579900612.830592,04:d6:aa:c1:38:97,2,1,1,0,128,339,996,394,81,517,815,893,953,0,7,899,438,817,816,127,366,41,4,998,166,219,923,757,909,676,348,995,628,384,768,154,455,52,52,51,33,49,49,25,53,40,55,45,44,37,53,54,40,32,59,39,21,33,28,38,39,29,45,28,29,42,38,45,24
[ 735.567771] [AOA] Measurement: 0,1579900612.862974,04:d6:aa:c1:38:97,2,1,1,0,128,311,955,333,17,467,786,816,918,49,10,888,478,748,777,126,377,66,33,941,94,194,900,747,929,110,212,61,716,404,786,313,706,45,27,26,26,39,38,23,30,34,53,33,36,31,40,38,28,27,34,33,20,28,24,33,39,28,37,31,31,39,44,39,21
[ 735.594839] [AOA] Measurement: 0,1579900612.890034,04:d6:aa:c1:38:97,2,1,1,0,128,325,971,319,37,440,779,857,932,999,965,873,449,775,791,140,374,52,21,981,173,216,960,261,102,150,177,20,659,421,797,667,1013,43,47,42,26,41,41,19,49,32,44,39,29,25,41,41,28,28,52,29,14,21,14,25,21,17,20,14,13,20,16,13,9
[ 735.623224] [AOA] Measurement: 0,1579900612.918423,04:d6:aa:c1:38:97,2,1,1,0,128,884,171,933,280,455,791,843,915,19,6,878,451,842,809,106,332,1013,988,941,135,183,946,730,924,89,144,523,754,377,715,646,951,41,49,42,25,40,37,15,43,31,43,41,30,23,41,41,30,29,52,32,18,25,14,32,28,21,30,19,20,26,27,26,14
[ 735.654112] [AOA] Measurement: 0,1579900612.949314,04:d6:aa:c1:38:97,2,1,1,0,128,314,912,397,79,477,817,778,847,1021,961,913,480,780,740,48,300,1013,20,935,93,185,860,770,913,171,212,83,739,473,849,958,302,44,52,40,24,41,41,17,48,32,42,36,26,23,37,33,24,28,46,32,15,21,13,26,18,19,24,14,15,20,19,19,8
[ 735.682626] [AOA] Measurement: 0,1579900612.977821,04:d6:aa:c1:38:97,2,1,1,0,128,878,142,930,289,445,778,847,967,37,1014,959,522,775,783,154,365,24,0,516,436,746,85,258,115,575,312,997,582,384,753,210,453,49,51,41,30,44,44,22,48,35,52,42,34,30,44,45,30,29,50,29,18,25,15,28,24,22,27,21,18,23,26,21,15
[ 735.714188] [AOA] Measurement: 0,1579900613.009390,04:d6:aa:c1:38:97,2,1,1,0,128,920,170,925,250,25,994,787,885,88,42,471,718,340,2,114,358,63,11,946,141,250,959,755,956,647,376,575,847,904,939,176,480,45,50,40,26,41,37,19,47,31,43,40,31,25,42,43,29,27,50,32,16,21,18,29,26,21,26,15,15,18,19,18,14
[ 735.739307] [AOA] Measurement: 0,1579900613.034507,04:d6:aa:c1:38:97,2,1,1,0,128,867,178,415,61,438,778,818,912,71,23,443,648,308,973,654,534,562,211,455,338,286,904,729,984,123,182,643,901,348,781,549,956,44,50,47,25,43,42,21,50,31,51,40,32,28,41,47,34,31,52,32,17,28,19,33,32,26,34,21,23,32,31,34,17
[ 735.771097] [AOA] Measurement: 0,1579900613.066292,04:d6:aa:c1:38:97,2,1,1,0,128,869,117,395,76,483,826,779,873,1022,1000,881,457,767,767,119,370,5,13,852,121,154,895,749,948,53,120,541,801,298,755,25,308,50,56,51,30,48,48,25,55,38,57,51,44,34,56,49,38,38,59,36,20,32,27,36,37,28,41,29,29,38,36,42,24
[ 735.796856] [AOA] Measurement: 0,1579900613.092057,04:d6:aa:c1:38:97,2,1,1,0,128,370,1012,368,114,486,812,823,917,14,8,423,665,838,818,75,326,53,1013,967,148,203,953,793,984,151,196,535,780,863,903,711,980,45,50,48,28,43,44,21,47,34,50,43,35,32,45,45,33,29,53,31,16,27,21,33,29,22,31,22,23,28,26,26,14
[ 735.825238] [AOA] Measurement: 0,1579900613.120434,04:d6:aa:c1:38:97,2,1,1,0,128,340,966,342,25,404,728,849,925,33,32,902,503,762,778,149,400,44,36,978,140,227,981,727,919,102,179,1002,693,389,788,978,402,40,50,43,24,39,38,16,42,29,39,37,25,20,37,36,23,23,45,24,14,17,10,22,16,16,17,13,10,13,16,10,6
[ 735.857633] [AOA] Measurement: 0,1579900613.152831,04:d6:aa:c1:38:97,2,1,1,0,128,346,16,337,70,410,735,870,928,60,11,955,515,845,805,97,376,29,1004,953,115,216,905,776,968,52,153,10,633,379,720,550,972,48,54,48,24,45,45,17,52,31,47,39,32,25,43,39,32,29,51,29,14,18,14,28,20,18,21,12,11,19,19,12,7
[ 735.890858] [AOA] Measurement: 0,1579900613.186029,04:d6:aa:c1:38:97,2,1,1,0,128,369,1016,364,87,484,784,859,924,15,1010,882,439,781,749,130,360,47,17,977,146,209,925,707,933,210,205,999,627,450,768,177,501,38,50,42,24,35,34,15,45,28,36,37,23,20,38,33,23,19,42,24,12,14,8,20,12,13,16,10,9,13,13,9,8
[ 735.925892] [AOA] Measurement: 0,1579900613.221094,04:d6:aa:c1:38:97,2,1,1,0,128,313,978,456,126,466,773,777,843,993,994,905,500,812,811,90,314,65,49,954,151,227,953,727,894,120,195,533,809,319,717,645,997,43,52,44,24,44,44,20,52,36,49,42,33,27,45,43,33,29,51,33,18,23,21,31,33,25,32,21,17,26,29,22,14
[ 735.955867] [AOA] Measurement: 0,1579900613.251063,04:d6:aa:c1:38:97,2,1,1,0,128,880,126,398,97,427,767,844,889,6,998,932,480,799,802,116,339,66,44,939,134,199,901,792,1008,126,153,1016,663,407,777,877,190,45,51,46,30,45,44,21,51,36,53,45,37,29,49,49,35,32,53,34,20,28,28,37,35,27,37,23,27,32,35,32,18
[ 735.987581] [AOA] Measurement: 0,1579900613.282783,04:d6:aa:c1:38:97,2,1,1,0,128,351,995,372,76,461,771,846,956,28,28,924,466,809,829,108,333,111,60,518,382,730,67,274,119,554,267,1018,642,924,958,456,745,45,50,43,26,42,43,14,49,32,49,43,33,27,48,44,33,34,55,32,16,29,22,36,34,24,32,22,26,33,32,35,18
[ 736.016641] [AOA] Measurement: 0,1579900613.311836,04:d6:aa:c1:38:97,2,1,1,0,128,325,953,416,74,457,776,908,912,970,961,927,449,810,770,125,368,56,7,990,148,813,122,272,157,638,338,595,844,395,762,150,503,46,52,46,31,47,47,25,54,35,50,47,37,30,50,49,35,33,56,36,20,27,22,34,31,25,36,22,24,30,32,36,15
[ 736.043174] [AOA] Measurement: 0,1579900613.338376,04:d6:aa:c1:38:97,2,1,1,0,128,377,1,345,53,503,808,857,942,36,1007,952,586,766,809,66,365,40,1022,913,111,230,945,748,921,59,142,576,891,1005,991,287,489,49,55,44,31,44,44,23,50,35,51,44,35,30,45,44,29,29,51,28,13,25,16,29,22,20,26,18,19,26,26,25,15
[ 736.071003] [AOA] Measurement: 0,1579900613.366199,04:d6:aa:c1:38:97,2,1,1,0,128,369,980,380,91,486,813,845,941,596,191,882,457,833,775,125,375,56,17,1002,169,194,903,741,925,75,153,11,632,957,948,690,8,47,52,48,29,49,44,21,51,38,56,45,38,30,49,51,33,33,56,36,20,30,25,36,33,25,34,23,21,27,31,29,14
[ 736.104141] [AOA] Measurement: 0,1579900613.399334,04:d6:aa:c1:38:97,2,1,1,0,128,313,973,421,51,519,806,376,107,544,179,952,517,794,813,56,341,24,15,957,186,759,64,801,12,690,404,53,630,964,967,507,896,51,51,49,28,49,48,22,53,38,49,45,38,31,49,47,33,34,54,35,20,27,21,33,32,26,30,22,20,28,28,28,15
[ 736.136888] [AOA] Measurement: 0,1579900613.432084,04:d6:aa:c1:38:97,2,1,1,0,128,346,996,911,233,411,777,844,967,42,6,886,466,788,800,189,421,1020,1021,1008,183,221,965,748,951,25,125,1002,609,402,772,763,76,41,51,45,25,39,43,22,51,34,47,44,35,30,46,46,31,30,55,33,18,27,22,33,30,24,33,23,24,29,28,31,18
[ 736.164541] [AOA] Measurement: 0,1579900613.459743,04:d6:aa:c1:38:97,2,1,1,0,128,350,972,397,101,497,819,827,910,575,212,473,719,319,1000,67,335,68,36,524,339,786,111,236,87,650,331,557,803,835,909,809,147,48,52,46,31,45,49,27,54,39,56,48,40,33,51,51,34,35,59,34,19,30,24,35,37,30,41,28,29,36,35,34,18
[ 736.191775] [AOA] Measurement: 0,1579900613.486972,04:d6:aa:c1:38:97,2,1,1,0,128,346,981,420,92,375,747,869,921,997,1018,941,500,860,821,111,353,26,1015,977,129,159,895,783,962,90,141,32,666,418,765,336,595,44,54,43,28,38,41,18,51,34,46,43,33,26,42,44,32,31,50,32,19,25,22,32,29,21,30,21,19,23,22,22,17
[ 736.221470] [AOA] Measurement: 0,1579900613.516673,04:d6:aa:c1:38:97,2,1,1,0,128,303,1000,392,125,452,822,794,964,933,968,804,431,353,8,629,454,535,137,459,314,675,72,672,803,890,991,904,523,242,667,286,522,45,51,48,30,44,42,21,49,32,48,44,33,27,45,45,33,31,52,30,17,26,20,28,28,20,29,23,21,31,28,29,17
[ 736.247475] [AOA] Measurement: 0,1579900613.542678,04:d6:aa:c1:38:97,2,1,1,0,128,321,1001,386,67,411,755,883,954,0,997,981,538,850,839,158,386,37,15,950,192,754,77,287,86,655,378,21,652,929,973,667,972,50,52,48,29,45,50,22,52,37,51,47,41,34,53,53,34,36,57,37,21,28,25,37,33,29,41,27,23,35,31,34,21
[ 736.273711] [AOA] Measurement: 0,1579900613.568914,04:d6:aa:c1:38:97,2,1,1,0,128,351,1019,363,64,516,838,854,960,987,1,958,547,821,796,149,382,66,70,1006,173,216,913,780,987,54,143,54,644,361,781,440,708,39,49,40,26,42,40,20,47,29,41,39,29,24,42,39,29,24,48,32,15,23,17,26,21,19,27,17,22,23,28,24,14
[ 736.301613] [AOA] Measurement: 0,1579900613.596809,04:d6:aa:c1:38:97,2,1,1,0,128,268,938,399,101,478,788,842,905,74,30,967,562,738,766,132,399,62,38,933,99,270,970,304,91,142,234,111,702,455,823,750,69,42,50,42,24,39,38,17,46,30,40,36,30,23,43,40,31,29,48,29,14,20,12,21,18,12,21,14,11,16,16,15,10
[ 736.335667] [AOA] Measurement: 0,1579900613.630866,04:d6:aa:c1:38:97,2,1,1,0,128,307,948,372,98,1019,966,758,923,959,952,789,375,776,752,112,244,34,957,936,48,104,861,673,788,968,969,921,502,771,748,402,623,49,55,47,29,49,47,23,54,35,55,47,38,30,49,48,33,34,52,34,17,22,22,33,30,22,34,21,21,30,29,30,14
[ 736.363214] [AOA] Measurement: 0,1579900613.658412,04:d6:aa:c1:38:97,2,1,1,0,128,350,997,395,79,501,811,817,901,1020,1003,900,489,795,801,139,347,60,18,492,340,217,899,265,71,602,305,550,817,355,754,52,430,46,51,47,28,44,45,23,54,35,51,42,37,29,46,48,32,32,56,32,16,24,24,30,31,24,31,26,24,29,29,30,20
[ 736.396892] [AOA] Measurement: 0,1579900613.692086,04:d6:aa:c1:38:97,2,1,1,0,128,307,922,485,110,459,777,765,888,19,21,935,475,815,784,59,329,6,1020,933,102,157,905,798,961,93,151,21,633,362,760,812,171,35,47,40,25,35,37,18,47,28,41,38,26,25,41,40,30,27,50,29,15,25,17,27,21,19,24,18,16,20,23,19,9
[ 736.424162] [AOA] Measurement: 0,1579900613.719357,04:d6:aa:c1:38:97,2,1,1,0,128,305,979,400,119,449,790,760,882,12,14,850,466,825,803,86,336,64,1011,958,126,234,944,285,137,684,402,543,833,893,922,22,212,45,53,47,27,46,46,21,52,35,49,45,38,30,48,48,35,35,58,37,20,26,20,37,33,25,38,24,25,28,29,25,17
[ 736.457950] [AOA] Measurement: 0,1579900613.753144,04:d6:aa:c1:38:97,2,1,1,0,128,301,990,411,121,405,786,757,921,955,1008,784,421,763,776,58,238,1017,930,948,124,76,867,703,848,923,8,842,511,232,599,318,592,56,35,31,34,49,47,28,37,42,63,41,44,37,46,49,34,31,39,38,25,27,27,40,49,31,47,35,37,45,51,46,23
[ 736.486146] [AOA] Measurement: 0,1579900613.781343,04:d6:aa:c1:38:97,2,1,1,0,128,310,937,422,39,452,755,852,946,127,47,897,510,287,914,203,424,45,14,894,44,217,915,808,993,116,205,87,696,483,843,896,101,48,52,48,28,47,48,21,52,35,51,42,35,28,48,49,37,34,57,33,22,27,23,31,33,30,38,24,27,33,34,34,18
[ 736.519424] [AOA] Measurement: 0,1579900613.814627,04:d6:aa:c1:38:97,2,1,1,0,128,912,164,364,57,484,762,821,890,1019,1021,913,494,740,728,95,319,8,992,978,188,220,921,755,961,79,168,568,832,953,951,768,128,52,38,34,35,47,42,26,35,42,57,36,38,36,46,47,31,29,40,37,21,25,25,35,42,27,37,29,33,36,48,34,19
[ 736.545499] [AOA] Measurement: 0,1579900613.840701,04:d6:aa:c1:38:97,2,1,1,0,128,322,935,377,80,504,815,867,924,963,965,885,455,811,776,97,347,996,34,945,195,200,929,748,953,99,163,45,635,396,734,376,739,53,33,30,35,46,42,27,37,38,55,37,41,36,43,46,31,31,37,35,25,26,27,40,46,29,42,31,38,45,51,47,24
[ 736.575338] [AOA] Measurement: 0,1579900613.870534,04:d6:aa:c1:38:97,2,1,1,0,128,297,934,399,73,426,751,819,860,30,53,869,435,790,784,153,406,84,64,915,142,208,919,760,962,111,212,61,691,336,729,773,91,46,51,45,29,42,44,21,51,35,50,44,36,28,49,46,30,31,52,32,16,27,19,33,31,25,33,21,20,27,28,22,13
[ 736.607226] [AOA] Measurement: 0,1579900613.902429,04:d6:aa:c1:38:97,2,1,1,0,128,351,1004,425,90,405,765,823,886,89,35,437,668,314,985,70,347,18,996,940,162,162,902,742,973,22,119,1018,623,882,906,165,374,46,52,44,25,45,47,22,50,34,49,45,34,31,47,47,31,30,51,35,19,29,26,35,34,24,35,28,27,36,32,38,22
[ 736.637027] [AOA] Measurement: 0,1579900613.932223,04:d6:aa:c1:38:97,2,1,1,0,128,308,927,453,160,2,985,813,903,85,12,871,454,781,788,126,355,42,1,925,96,216,868,800,943,96,177,548,854,414,797,688,85,46,52,43,30,43,38,19,48,34,48,40,34,26,43,41,30,29,49,29,15,24,19,26,26,19,28,18,15,23,24,17,12
[ 736.670385] [AOA] Measurement: 0,1579900613.965581,04:d6:aa:c1:38:97,2,1,1,0,128,330,966,442,97,482,797,885,939,19,1018,901,510,796,822,88,355,32,17,990,130,218,899,707,897,73,176,1011,642,363,733,302,768,43,53,44,26,42,42,17,49,33,47,46,37,30,49,47,34,30,54,33,17,28,22,31,30,23,29,19,20,28,23,26,15
[ 736.704251] [AOA] Measurement: 0,1579900613.999444,04:d6:aa:c1:38:97,2,1,1,0,128,871,159,373,44,470,782,811,911,61,52,453,695,406,1004,736,572,561,207,487,327,729,101,267,85,618,289,1021,634,305,692,713,1006,47,56,48,31,42,43,20,49,30,46,42,29,25,42,41,31,28,55,31,15,23,15,25,23,18,24,12,13,20,23,13,10
[ 736.730693] [AOA] Measurement: 0,1579900614.025895,04:d6:aa:c1:38:97,2,1,1,0,128,327,1008,366,57,500,805,847,903,55,5,937,501,696,730,68,375,4,995,956,120,201,935,791,910,245,279,95,694,419,745,128,564,49,54,46,34,44,46,19,51,34,55,48,40,32,50,47,35,32,54,34,21,28,22,34,33,25,34,21,25,31,31,35,20
[ 736.760598] [AOA] Measurement: 0,1579900614.055793,04:d6:aa:c1:38:97,2,1,1,0,128,281,971,419,92,494,828,790,888,38,3,793,413,825,812,98,348,35,6,1023,140,162,888,771,919,54,84,81,709,491,771,837,96,44,53,49,27,47,42,19,50,34,49,42,36,32,48,47,35,31,54,32,17,26,25,30,33,24,33,20,27,33,31,29,16
[ 736.792437] [AOA] Measurement: 0,1579900614.087637,04:d6:aa:c1:38:97,2,1,1,0,128,284,973,348,54,407,815,775,931,876,932,768,376,779,782,35,258,559,130,960,133,20,822,675,847,943,1013,878,474,179,599,835,162,42,48,47,26,42,43,19,50,34,49,45,36,29,46,49,35,34,57,31,20,27,20,31,35,25,34,22,26,32,36,35,23
[ 736.819376] [AOA] Measurement: 0,1579900614.114576,04:d6:aa:c1:38:97,2,1,1,0,128,329,989,417,144,415,779,789,964,912,957,766,365,763,768,25,229,1,921,1010,120,0,816,709,838,944,10,882,447,165,567,312,670,41,50,46,28,38,42,17,47,29,48,43,30,24,42,42,31,30,53,36,19,25,20,30,29,21,31,19,22,27,27,26,15
[ 736.858457] [AOA] Measurement: 0,1579900614.153660,04:d6:aa:c1:38:97,2,1,1,0,128,370,1003,367,65,444,800,814,914,10,1019,901,491,801,783,56,331,40,30,916,108,246,960,788,997,662,386,563,845,396,756,1019,339,54,30,31,37,49,44,29,40,38,60,39,45,39,47,51,34,34,42,39,27,28,28,38,47,28,39,31,34,41,47,39,17
[ 736.890217] [AOA] Measurement: 0,1579900614.185418,04:d6:aa:c1:38:97,2,1,1,0,128,389,1016,388,98,447,778,850,940,997,1006,930,527,776,767,110,344,38,52,970,133,214,932,741,938,89,156,34,642,355,732,640,1014,47,53,46,26,43,43,20,54,30,51,46,34,28,47,48,33,32,57,33,16,24,20,30,29,25,31,21,14,24,27,23,13
[ 736.916778] [AOA] Measurement: 0,1579900614.211980,04:d6:aa:c1:38:97,2,1,1,0,128,348,1001,401,85,472,806,889,930,1018,1001,823,441,832,796,121,334,76,34,965,153,181,903,726,951,30,114,966,614,891,953,128,452,47,52,46,29,43,44,22,52,35,51,44,38,29,49,48,36,35,54,35,19,27,20,32,32,23,32,24,20,32,30,31,17
[ 736.943618] [AOA] Measurement: 0,1579900614.238818,04:d6:aa:c1:38:97,2,1,1,0,128,921,160,889,289,972,961,866,934,20,10,477,711,785,808,152,357,16,994,1022,195,755,83,279,113,8,84,983,616,949,947,747,972,40,49,41,24,41,44,17,47,34,45,40,30,25,43,42,32,30,50,29,16,24,19,29,25,19,24,17,17,19,23,23,13
[ 736.969861] [AOA] Measurement: 0,1579900614.265062,04:d6:aa:c1:38:97,2,1,1,0,128,342,945,426,92,429,762,795,932,39,1019,880,468,829,824,79,314,47,26,983,182,779,94,309,140,651,320,996,589,352,749,152,512,42,51,43,27,41,41,20,48,35,48,43,37,29,50,44,32,31,53,34,16,24,22,34,30,24,31,25,23,29,33,31,18
[ 736.996180] [AOA] Measurement: 0,1579900614.291380,04:d6:aa:c1:38:97,2,1,1,0,128,331,965,369,54,500,817,798,879,1007,10,957,513,753,777,118,353,32,1004,946,135,187,906,795,974,82,161,554,851,371,747,193,505,45,50,46,25,40,41,14,47,30,44,40,29,25,44,40,30,25,50,30,17,19,12,24,18,16,22,11,14,17,18,12,11
[ 737.024794] [AOA] Measurement: 0,1579900614.319989,04:d6:aa:c1:38:97,2,1,1,0,128,379,962,375,70,443,756,875,932,38,24,462,684,772,764,80,319,986,970,934,99,221,915,741,935,85,133,62,618,378,769,13,277,46,51,46,29,47,48,26,54,37,54,44,41,33,52,52,36,35,54,35,18,30,23,38,36,28,38,24,27,36,32,34,17
[ 737.054554] [AOA] Measurement: 0,1579900614.349754,04:d6:aa:c1:38:97,2,1,1,0,128,303,984,349,38,466,793,797,915,109,48,443,691,344,1007,106,401,100,64,951,160,319,968,719,925,123,213,539,800,365,767,920,198,53,33,31,31,46,43,27,36,45,69,44,45,37,49,49,38,37,40,39,25,31,33,45,49,36,47,41,43,51,55,56,32
[ 737.088900] [AOA] Measurement: 0,1579900614.384095,04:d6:aa:c1:38:97,2,1,1,0,128,851,104,441,94,520,790,869,932,596,198,907,455,791,798,128,359,39,13,966,163,228,969,768,934,49,116,536,758,391,759,260,519,53,53,49,29,48,48,25,53,35,54,47,39,32,48,49,37,33,54,33,18,28,22,33,36,25,38,25,24,32,32,30,20
[ 737.123357] [AOA] Measurement: 0,1579900614.418553,04:d6:aa:c1:38:97,2,1,1,0,128,277,993,398,99,403,784,844,945,933,982,835,449,831,807,638,447,572,129,504,344,633,14,184,997,466,162,384,650,149,553,514,685,50,50,49,30,45,46,22,53,38,51,44,39,32,48,50,36,35,53,34,19,26,21,34,34,25,33,22,23,29,28,26,18
[ 737.157606] [AOA] Measurement: 0,1579900614.452801,04:d6:aa:c1:38:97,2,1,1,0,128,307,1012,945,246,973,949,375,81,32,62,437,688,309,991,695,588,15,1012,495,382,191,944,771,1002,659,397,578,870,886,947,948,229,46,51,48,29,47,44,23,51,36,53,45,36,32,48,49,36,33,56,35,19,26,20,35,35,25,35,26,22,31,29,30,17
[ 737.184744] [AOA] Measurement: 0,1579900614.479945,04:d6:aa:c1:38:97,2,1,1,0,128,272,958,467,123,417,786,761,904,965,989,824,442,856,833,75,244,24,972,967,133,51,843,738,875,961,17,835,428,788,843,115,390,57,34,32,36,47,45,31,35,45,64,41,46,37,48,50,39,37,42,38,27,31,28,41,48,29,45,36,39,46,55,52,26
[ 737.214287] [AOA] Measurement: 0,1579900614.509482,04:d6:aa:c1:38:97,2,1,1,0,128,814,112,389,118,423,758,745,889,100,78,896,495,854,858,104,365,45,35,972,112,253,940,755,967,136,213,25,644,428,799,263,685,47,53,47,29,43,45,21,53,36,52,45,37,31,48,45,35,33,58,31,17,26,22,35,32,27,36,22,24,28,29,25,18
[ 737.249185] [AOA] Measurement: 0,1579900614.544380,04:d6:aa:c1:38:97,2,1,1,0,128,859,147,922,293,1012,992,834,883,975,945,938,494,788,817,123,398,607,229,412,297,206,907,792,965,184,209,4,637,358,769,541,851,53,31,31,33,47,44,28,36,41,60,42,44,38,50,50,38,34,40,40,24,31,27,36,46,23,43,40,34,44,47,47,20
[ 737.283675] [AOA] Measurement: 0,1579900614.578870,04:d6:aa:c1:38:97,2,1,1,0,128,311,943,366,54,477,826,822,908,13,1023,929,501,812,802,159,383,53,23,440,308,206,893,765,961,125,168,566,803,338,713,512,866,52,53,51,32,49,50,23,56,41,57,52,44,35,52,52,40,40,58,36,23,29,31,41,42,28,38,31,27,37,37,36,21
[ 737.318468] [AOA] Measurement: 0,1579900614.613663,04:d6:aa:c1:38:97,2,1,1,0,128,323,989,405,110,475,816,775,891,14,14,935,508,783,788,153,396,57,21,999,153,262,978,744,900,144,217,69,679,407,835,585,911,53,29,28,32,45,44,30,35,40,61,43,44,39,48,50,35,37,41,45,27,28,26,37,47,33,43,39,42,45,50,48,25
[ 737.365899] [AOA] Measurement: 0,1579900614.661101,04:d6:aa:c1:38:97,2,1,1,0,128,381,975,432,95,1000,970,824,937,19,1000,933,530,802,777,39,295,1016,1004,955,147,222,957,754,940,142,196,33,635,907,944,371,653,56,35,36,33,45,46,30,36,46,67,42,48,36,50,51,37,36,43,39,27,33,29,43,48,29,45,42,39,46,53,50,23
[ 737.393368] [AOA] Measurement: 0,1579900614.688567,04:d6:aa:c1:38:97,2,1,1,0,128,238,929,353,43,401,740,792,919,886,907,725,339,771,757,53,203,979,890,952,104,51,896,645,815,875,984,831,479,121,546,375,751,54,36,32,36,48,45,31,38,43,65,41,45,38,51,51,36,35,39,41,28,31,32,43,51,31,47,41,40,48,50,52,27
[ 737.423342] [AOA] Measurement: 0,1579900614.718537,04:d6:aa:c1:38:97,2,1,1,0,128,402,1022,351,94,964,974,804,943,913,947,813,416,781,828,69,204,963,900,455,281,584,1017,233,17,438,174,363,656,725,746,661,927,46,50,46,24,42,47,22,55,39,55,45,38,30,48,49,33,35,55,38,18,28,27,39,38,26,38,27,27,34,32,37,20
[ 737.457287] [AOA] Measurement: 0,1579900614.752487,04:d6:aa:c1:38:97,2,1,1,0,128,329,985,389,119,468,774,828,939,1017,985,929,496,775,777,81,304,39,1004,958,158,202,905,767,928,145,173,3,607,472,773,469,781,49,54,46,26,43,44,21,49,32,50,39,29,28,45,45,32,31,51,32,18,25,20,33,30,22,32,19,22,28,28,26,15
[ 737.487176] [AOA] Measurement: 0,1579900614.782371,04:d6:aa:c1:38:97,2,1,1,0,128,327,955,420,92,445,744,887,925,33,1021,909,492,819,818,133,371,547,199,417,284,779,104,255,90,84,203,540,826,935,979,469,831,55,35,32,33,46,47,32,34,45,66,43,43,39,48,50,38,35,39,38,27,29,25,40,48,29,38,38,35,41,48,44,24
[ 737.522122] [AOA] Measurement: 0,1579900614.817318,04:d6:aa:c1:38:97,2,1,1,0,128,381,2,963,269,524,833,787,901,30,1020,873,431,809,834,79,346,55,53,917,99,261,961,760,934,120,186,1015,689,945,959,53,292,42,51,42,26,41,41,17,46,30,40,38,32,26,38,41,28,25,51,28,13,19,12,25,19,18,25,12,14,19,22,21,10
[ 737.552519] [AOA] Measurement: 0,1579900614.847721,04:d6:aa:c1:38:97,2,1,1,0,128,340,969,323,1023,431,740,801,872,23,13,972,517,878,828,79,324,16,995,932,95,212,927,734,982,57,153,9,603,902,965,493,733,36,45,39,22,35,37,16,42,28,38,35,29,21,38,38,28,24,42,28,14,22,16,28,24,21,23,14,16,24,23,20,13
[ 737.579787] [AOA] Measurement: 0,1579900614.874989,04:d6:aa:c1:38:97,2,1,1,0,128,372,988,416,42,473,770,779,868,70,53,867,452,779,770,741,617,565,206,494,362,208,865,752,942,145,162,993,663,400,799,283,722,48,54,46,31,49,46,22,52,33,50,42,37,29,49,47,34,31,56,33,20,27,20,34,33,23,32,21,21,26,29,29,17
[ 737.609428] [AOA] Measurement: 0,1579900614.904623,04:d6:aa:c1:38:97,2,1,1,0,128,339,974,367,52,468,839,786,904,50,21,938,498,861,836,115,403,68,40,507,414,769,117,804,950,146,202,41,642,454,835,581,853,38,48,40,24,39,39,19,46,32,44,38,33,27,42,39,30,27,45,27,14,22,16,26,29,20,28,17,19,24,23,24,14
[ 737.644006] [AOA] Measurement: 0,1579900614.939201,04:d6:aa:c1:38:97,2,1,1,0,128,310,982,412,105,460,775,838,894,71,45,965,530,313,959,656,544,543,190,497,356,684,35,735,932,67,148,14,605,401,776,691,967,36,43,36,22,37,38,17,44,28,40,35,27,22,38,35,28,22,43,29,13,21,17,24,25,20,24,17,20,20,23,22,11
[ 737.678481] [AOA] Measurement: 0,1579900614.973676,04:d6:aa:c1:38:97,2,1,1,0,128,364,3,372,10,466,766,833,923,60,32,488,687,841,799,152,363,46,24,986,159,274,949,794,995,106,186,13,608,413,803,143,411,58,34,34,36,46,50,31,38,43,64,41,44,36,48,50,36,36,43,40,25,31,26,40,45,31,43,37,40,40,47,41,23
[ 737.705551] [AOA] Measurement: 0,1579900615.000753,04:d6:aa:c1:38:97,2,1,1,0,128,333,997,319,87,397,810,775,936,944,996,762,407,778,781,80,255,970,921,951,136,27,848,170,991,922,1015,893,446,152,602,253,558,60,32,32,34,45,47,29,38,45,67,44,46,39,50,53,36,39,43,42,28,31,30,43,51,32,43,39,41,41,51,46,26
[ 737.735871] [AOA] Measurement: 0,1579900615.031066,04:d6:aa:c1:38:97,2,1,1,0,128,236,926,340,42,430,771,848,951,72,54,878,469,753,814,138,368,1011,23,907,93,280,964,811,973,91,155,56,651,459,798,424,877,43,52,45,26,40,36,17,49,29,38,36,27,24,39,35,25,20,47,27,14,20,7,20,14,12,16,10,8,13,12,13,9
[ 737.770251] [AOA] Measurement: 0,1579900615.065447,04:d6:aa:c1:38:97,2,1,1,0,128,347,963,467,91,459,783,820,931,1007,1006,922,474,757,735,132,373,62,51,993,168,779,100,335,170,621,358,542,826,915,986,561,864,55,38,34,36,43,44,29,35,43,68,42,44,39,49,51,37,34,41,38,24,29,30,39,48,29,44,40,36,44,49,44,25
[ 737.805320] [AOA] Measurement: 0,1579900615.100515,04:d6:aa:c1:38:97,2,1,1,0,128,338,16,379,145,419,777,756,917,961,980,817,401,287,971,582,443,1000,908,13,125,603,23,200,1017,898,995,893,488,165,556,109,436,51,55,51,30,48,49,25,55,39,55,47,39,35,56,54,36,35,56,39,23,30,31,39,40,28,41,27,30,38,38,44,25
[ 737.837803] [AOA] Measurement: 0,1579900615.133006,04:d6:aa:c1:38:97,2,1,1,0,128,273,945,413,88,404,780,821,922,14,19,920,495,835,795,157,377,614,222,510,332,207,910,310,154,36,150,616,853,323,721,615,962,47,53,48,30,47,46,21,53,36,51,47,42,33,49,53,36,34,55,38,18,27,29,40,35,23,38,28,25,36,36,36,22
[ 737.870947] [AOA] Measurement: 0,1579900615.166147,04:d6:aa:c1:38:97,2,1,1,0,128,235,917,406,96,450,770,834,948,901,955,749,363,814,832,47,192,1008,910,979,143,21,806,670,796,895,988,824,425,157,575,839,190,46,51,48,29,45,44,20,51,36,50,43,34,31,49,48,34,32,53,32,17,27,21,32,32,26,31,22,24,28,25,25,16
[ 737.900117] [AOA] Measurement: 0,1579900615.195312,04:d6:aa:c1:38:97,2,1,1,0,128,290,926,368,45,489,820,857,925,1008,971,933,462,808,779,78,352,70,39,493,343,717,75,825,1017,109,205,5,632,345,763,40,409,49,50,48,26,45,47,21,52,35,51,46,38,29,51,50,39,31,53,36,19,25,22,35,38,26,35,27,21,32,32,34,17
[ 737.935150] [AOA] Measurement: 0,1579900615.230352,04:d6:aa:c1:38:97,2,1,1,0,128,340,981,933,220,495,805,840,902,970,986,898,469,822,783,99,334,86,48,974,172,216,951,780,1,97,173,31,664,441,824,288,610,56,33,33,36,46,48,32,37,41,66,38,48,38,47,52,37,35,39,41,26,28,30,38,50,29,42,36,39,39,45,46,23
[ 737.963766] [AOA] Measurement: 0,1579900615.258960,04:d6:aa:c1:38:97,2,1,1,0,128,308,967,424,94,454,792,784,870,62,18,902,491,824,790,102,361,52,35,997,161,200,924,349,183,667,391,624,893,952,973,152,432,44,53,43,29,42,38,22,50,34,49,44,34,26,45,44,30,32,50,29,15,25,20,32,32,22,31,20,20,24,27,25,12
[ 737.993856] [AOA] Measurement: 0,1579900615.289057,04:d6:aa:c1:38:97,2,1,1,0,128,336,956,411,76,460,752,849,924,25,23,454,723,332,0,669,565,590,226,498,306,220,913,703,894,96,169,24,609,368,706,256,651,58,30,31,38,49,46,31,40,42,63,40,43,39,49,51,34,38,37,42,25,28,26,38,48,30,48,35,37,43,49,51,26
[ 738.028823] [AOA] Measurement: 0,1579900615.324017,04:d6:aa:c1:38:97,2,1,1,0,128,878,192,344,68,403,785,784,931,905,975,838,398,771,758,101,232,1002,934,969,128,80,894,703,867,476,202,400,669,690,788,798,61,56,39,31,39,50,49,34,42,41,64,41,45,38,53,53,37,34,43,40,25,28,27,41,49,28,45,36,38,42,50,43,23
[ 738.063147] [AOA] Measurement: 0,1579900615.358348,04:d6:aa:c1:38:97,2,1,1,0,128,277,942,361,86,421,753,827,889,18,3,921,488,834,828,709,576,34,32,969,126,209,911,770,943,106,150,1022,620,392,765,452,711,56,33,30,37,47,48,34,40,41,62,40,48,41,53,52,38,38,42,41,28,30,27,41,49,30,46,40,39,42,50,52,26
[ 738.090663] [AOA] Measurement: 0,1579900615.385866,04:d6:aa:c1:38:97,2,1,1,0,128,295,934,399,77,509,815,805,907,606,236,467,695,330,1022,661,522,6,982,1000,189,726,97,290,102,619,354,577,846,908,967,112,376,49,52,47,27,47,46,22,52,34,51,46,36,31,49,50,34,33,56,37,20,29,23,36,31,26,38,25,24,33,32,31,17
[ 738.124893] [AOA] Measurement: 0,1579900615.420087,04:d6:aa:c1:38:97,2,1,1,0,128,305,968,402,123,26,957,845,956,39,34,466,676,363,1013,111,352,16,15,956,96,243,891,744,941,110,170,609,851,938,988,339,651,53,53,50,31,50,52,22,58,43,58,52,43,34,56,53,36,37,58,35,24,29,27,38,39,26,40,26,28,38,36,43,20
[ 738.160184] [AOA] Measurement: 0,1579900615.455380,04:d6:aa:c1:38:97,2,1,1,0,128,287,971,389,70,376,767,701,920,954,1000,326,583,775,797,73,245,983,915,1006,127,54,828,605,841,914,991,920,480,120,536,369,722,60,36,36,40,49,49,34,41,42,64,40,51,42,53,55,39,40,43,47,30,31,36,44,53,27,45,37,40,43,48,51,24
[ 738.192643] [AOA] Measurement: 0,1579900615.487843,04:d6:aa:c1:38:97,2,1,1,0,128,243,940,344,58,409,808,773,915,948,1006,801,429,821,775,618,430,522,86,970,135,606,57,234,58,418,139,372,643,733,777,531,824,58,31,36,35,51,51,36,40,45,66,43,50,45,55,55,36,41,40,42,30,28,33,43,50,29,45,40,38,42,48,55,27
[ 738.226994] [AOA] Measurement: 0,1579900615.522190,04:d6:aa:c1:38:97,2,1,1,0,128,298,948,405,85,461,787,772,894,20,5,905,480,849,813,120,372,58,13,940,159,214,914,736,957,675,376,461,737,325,741,332,748,42,46,39,27,41,41,18,48,32,47,40,34,24,43,42,31,28,49,31,16,23,20,29,30,22,30,20,22,28,26,31,17
[ 738.262643] [AOA] Measurement: 0,1579900615.557838,04:d6:aa:c1:38:97,2,1,1,0,128,868,89,939,282,443,817,836,953,65,66,433,691,398,7,608,485,628,185,477,347,768,102,267,126,573,259,553,765,874,914,686,984,47,54,47,27,42,45,20,48,33,48,39,33,23,44,39,28,28,50,26,16,23,16,28,25,23,26,14,16,21,22,22,12
[ 738.294863] [AOA] Measurement: 0,1579900615.590062,04:d6:aa:c1:38:97,2,1,1,0,128,334,954,440,100,444,793,788,891,35,1007,874,425,793,791,127,372,119,46,950,170,235,940,743,937,85,148,35,661,910,943,507,896,46,51,45,30,44,42,18,47,33,45,43,33,29,43,44,32,31,54,30,15,23,17,28,26,23,30,20,21,25,27,22,15
[ 738.322476] [AOA] Measurement: 0,1579900615.617678,04:d6:aa:c1:38:97,2,1,1,0,128,359,982,974,288,977,931,793,899,1001,11,877,495,786,775,74,355,73,10,966,171,286,991,291,131,628,324,593,827,915,946,862,137,47,51,43,27,43,44,22,50,34,47,42,34,28,46,47,32,32,56,32,17,27,21,32,31,23,29,21,20,25,27,20,11
[ 738.350235] [AOA] Measurement: 0,1579900615.645436,04:d6:aa:c1:38:97,2,1,1,0,128,892,157,983,315,1006,967,829,905,21,998,920,461,844,836,140,359,29,1022,895,115,250,940,828,1018,60,142,11,636,417,758,117,492,49,52,47,28,46,46,22,54,35,51,47,37,31,47,51,35,33,55,37,19,28,25,37,37,29,36,24,25,34,35,40,22
[ 738.383458] [AOA] Measurement: 0,1579900615.678653,04:d6:aa:c1:38:97,2,1,1,0,128,380,1006,384,128,1007,950,808,902,56,64,407,706,377,1019,33,297,91,49,943,183,169,909,735,901,89,158,13,653,925,948,709,981,57,35,31,34,48,44,30,38,39,58,38,46,39,47,49,37,35,34,38,26,26,30,34,49,27,43,39,39,42,44,48,24
[ 738.412143] [AOA] Measurement: 0,1579900615.707340,04:d6:aa:c1:38:97,2,1,1,0,128,392,1,951,277,463,788,805,875,50,31,871,474,800,784,171,373,50,37,923,141,261,936,767,959,117,202,8,618,337,732,465,915,51,55,49,34,52,51,29,56,42,59,50,44,36,53,53,39,37,58,38,21,32,26,38,41,29,43,29,26,37,36,40,21
[ 738.443384] [AOA] Measurement: 0,1579900615.738584,04:d6:aa:c1:38:97,2,1,1,0,128,354,973,338,59,506,783,865,887,74,1013,943,478,920,843,70,313,29,1,973,144,214,904,757,958,639,321,9,607,361,751,18,371,47,52,44,28,41,47,17,50,31,50,40,32,24,44,42,30,26,52,28,14,21,17,25,25,20,27,18,18,21,25,21,13
[ 738.476316] [AOA] Measurement: 0,1579900615.771517,04:d6:aa:c1:38:97,2,1,1,0,128,368,973,390,117,409,745,850,894,1,1007,933,526,777,766,123,327,34,1,924,163,199,946,768,990,52,174,25,609,361,791,6,354,43,53,46,27,37,41,18,45,32,48,42,32,26,43,44,32,29,53,31,15,26,20,27,22,20,27,18,18,25,24,28,16
[ 738.508655] [AOA] Measurement: 0,1579900615.803850,04:d6:aa:c1:38:97,2,1,1,0,128,302,948,455,35,507,824,854,916,30,46,933,527,853,790,152,427,624,254,506,350,727,91,776,977,90,180,632,886,928,974,352,597,59,36,33,39,51,49,35,39,42,63,39,44,42,51,53,38,35,40,42,24,29,27,39,46,29,40,37,35,41,49,47,23
[ 738.540944] [AOA] Measurement: 0,1579900615.836146,04:d6:aa:c1:38:97,2,1,1,0,128,332,989,380,86,491,869,827,918,5,0,937,470,809,797,89,395,55,53,958,104,243,931,739,946,177,222,981,643,406,771,810,219,59,39,33,39,55,53,32,45,41,60,38,44,46,50,56,36,37,40,44,27,24,26,35,41,24,39,35,33,38,47,39,21
[ 738.573863] [AOA] Measurement: 0,1579900615.869063,04:d6:aa:c1:38:97,2,1,1,0,128,318,981,372,92,467,808,858,959,35,68,924,482,789,797,160,446,50,36,944,162,253,939,738,935,129,207,584,859,946,971,333,658,49,53,50,34,52,51,25,56,40,56,55,40,37,54,57,39,36,59,39,23,33,29,43,45,31,47,32,32,40,39,42,25
[ 738.604007] [AOA] Measurement: 0,1579900615.899201,04:d6:aa:c1:38:97,2,1,1,0,128,884,170,975,276,488,785,807,919,29,994,945,475,872,840,644,519,27,1013,888,138,839,135,254,76,559,284,1013,627,349,764,219,483,55,34,30,38,51,46,30,42,42,60,36,44,41,51,50,34,34,35,41,25,25,27,34,41,27,41,36,34,43,44,45,26
[ 738.640632] [AOA] Measurement: 0,1579900615.935826,04:d6:aa:c1:38:97,2,1,1,0,128,839,149,398,85,473,779,837,901,1003,18,901,477,776,791,101,334,59,27,974,184,762,108,720,917,93,192,609,809,325,756,210,452,45,49,45,32,44,43,19,47,33,49,45,39,30,50,47,34,33,56,34,21,28,25,35,38,25,34,22,26,29,34,33,18
[ 738.676805] [AOA] Measurement: 0,1579900615.972006,04:d6:aa:c1:38:97,2,1,1,0,128,317,967,427,104,476,792,880,933,26,29,917,459,818,805,641,552,44,1012,945,166,788,105,273,108,19,121,6,668,904,925,295,537,56,32,34,37,49,47,32,42,41,58,41,46,41,48,51,36,29,34,41,27,27,23,36,46,29,41,35,36,39,47,43,23
[ 738.707157] [AOA] Measurement: 0,1579900616.002352,04:d6:aa:c1:38:97,2,1,1,0,128,851,167,958,296,991,994,278,90,913,987,810,401,785,734,11,182,975,923,970,99,107,902,231,26,897,985,915,546,756,801,884,152,48,53,49,27,45,44,20,49,32,50,45,38,32,47,49,32,34,51,35,17,25,19,30,27,23,30,21,18,23,22,20,12
[ 738.736765] [AOA] Measurement: 0,1579900616.031967,04:d6:aa:c1:38:97,2,1,1,0,128,381,5,347,50,437,789,747,973,971,970,806,432,837,841,56,252,1019,943,943,100,100,845,663,815,956,28,447,746,740,794,82,278,41,43,40,24,38,40,21,44,30,43,39,30,24,39,42,29,27,48,29,15,22,18,28,26,21,28,18,17,18,26,25,14
[ 738.776766] [AOA] Measurement: 0,1579900616.071965,04:d6:aa:c1:38:97,2,1,1,0,128,369,1020,392,98,419,764,810,965,922,965,828,385,802,802,100,226,993,897,14,125,85,843,752,919,449,179,775,389,214,604,968,266,52,30,27,30,44,41,31,36,37,56,36,43,37,47,47,32,29,33,38,23,25,27,33,42,25,39,32,31,34,43,41,23
[ 738.806114] [AOA] Measurement: 0,1579900616.101310,04:d6:aa:c1:38:97,2,1,1,0,128,312,957,365,54,443,743,793,880,37,1019,885,468,788,772,97,344,58,43,481,369,220,962,278,119,571,311,580,835,876,909,449,844,58,35,32,37,52,46,33,41,42,58,38,45,42,49,52,38,39,35,42,30,27,30,38,48,30,45,35,36,43,48,49,27
[ 738.842647] [AOA] Measurement: 0,1579900616.137850,04:d6:aa:c1:38:97,2,1,1,0,128,339,1010,408,122,475,812,864,945,603,233,391,625,836,809,72,304,59,25,1006,170,213,902,763,906,109,165,22,622,407,771,579,820,46,51,44,29,47,47,23,53,32,51,41,33,29,48,46,35,32,54,34,17,27,21,28,30,20,30,22,19,24,27,26,15
[ 738.870802] [AOA] Measurement: 0,1579900616.166003,04:d6:aa:c1:38:97,2,1,1,0,128,284,957,286,52,385,756,739,924,914,979,780,364,782,788,44,220,1011,915,908,71,120,896,188,14,984,1023,848,406,229,630,453,915,46,51,44,31,47,47,21,53,36,53,46,36,34,49,51,35,34,54,33,20,27,25,37,36,25,36,26,22,32,30,31,16
[ 738.904524] [AOA] Measurement: 0,1579900616.199720,04:d6:aa:c1:38:97,2,1,1,0,128,299,965,423,93,472,796,736,943,964,982,822,390,841,825,64,251,1020,893,955,106,124,915,226,34,928,1021,856,465,205,629,545,865,42,48,41,26,41,44,21,47,32,46,40,36,29,43,45,30,29,48,32,15,25,20,30,29,21,29,22,22,28,29,27,17
[ 738.941299] [AOA] Measurement: 0,1579900616.236495,04:d6:aa:c1:38:97,2,1,1,0,128,807,54,409,106,448,740,861,911,28,1019,919,496,871,848,67,328,21,1008,943,181,170,906,802,999,644,368,481,784,310,702,734,56,59,38,34,38,51,47,32,41,38,59,37,45,39,50,51,35,32,45,41,23,26,24,35,41,30,41,35,34,40,47,43,22
[ 738.970400] [AOA] Measurement: 0,1579900616.265595,04:d6:aa:c1:38:97,2,1,1,0,128,245,943,358,41,529,818,833,898,20,1015,932,478,794,780,97,369,50,44,914,78,246,910,725,940,116,153,104,685,384,740,1012,421,55,40,33,36,52,46,29,40,41,55,39,42,43,48,50,33,33,39,41,24,23,24,35,43,28,40,30,33,41,45,38,22
[ 739.007770] [AOA] Measurement: 0,1579900616.302970,04:d6:aa:c1:38:97,2,1,1,0,128,250,919,369,27,482,808,817,877,37,24,931,504,756,776,148,374,595,162,936,129,207,943,667,884,3,115,28,607,317,708,216,628,40,49,42,27,41,40,17,48,32,44,41,31,26,40,39,32,26,52,31,17,25,19,29,26,21,26,17,20,22,24,22,14
[ 739.038482] [AOA] Measurement: 0,1579900616.333678,04:d6:aa:c1:38:97,2,1,1,0,128,276,994,403,125,459,783,894,958,578,220,380,662,333,984,119,383,35,19,964,191,738,61,727,907,78,98,1019,581,373,753,274,580,42,51,47,27,41,43,21,47,36,48,49,34,29,45,43,30,38,57,38,22,29,23,37,40,27,38,26,26,36,36,37,21
[ 739.075393] [AOA] Measurement: 0,1579900616.370590,04:d6:aa:c1:38:97,2,1,1,0,128,313,929,360,18,496,838,822,912,53,20,444,652,788,779,157,400,599,198,936,101,226,890,749,919,621,340,1,662,906,965,506,826,51,57,52,27,53,53,25,58,40,57,50,43,35,53,55,41,39,62,37,21,28,26,35,41,29,38,29,27,37,32,34,21
[ 739.111819] [AOA] Measurement: 0,1579900616.407014,04:d6:aa:c1:38:97,2,1,1,0,128,344,966,441,105,429,788,828,931,73,49,881,468,828,831,68,315,71,32,969,188,174,893,780,975,623,319,571,843,928,964,1000,204,51,57,50,32,50,49,28,57,40,57,53,39,34,50,54,37,33,59,40,18,30,25,38,41,29,38,28,30,36,37,39,24
[ 739.144707] [AOA] Measurement: 0,1579900616.439905,04:d6:aa:c1:38:97,2,1,1,0,128,352,1013,386,84,18,979,344,80,0,2,893,480,860,844,103,380,593,249,511,374,751,86,793,948,114,228,1001,628,386,788,896,238,47,49,48,29,44,46,23,55,36,51,43,35,31,45,45,33,35,55,34,18,28,21,36,34,24,32,25,20,27,28,32,17
[ 739.172705] [AOA] Measurement: 0,1579900616.467903,04:d6:aa:c1:38:97,2,1,1,0,128,289,971,414,107,389,759,807,912,1020,1023,907,481,827,780,100,320,36,13,985,187,209,885,740,936,76,148,975,549,336,697,365,696,45,51,46,29,45,47,26,54,36,55,45,37,33,50,49,33,34,57,36,22,30,26,39,36,29,38,25,29,39,41,38,22
[ 739.202646] [AOA] Measurement: 0,1579900616.497847,04:d6:aa:c1:38:97,2,1,1,0,128,336,977,387,76,505,810,823,892,23,19,930,488,778,773,210,406,610,221,513,378,179,896,734,930,85,181,534,768,319,743,864,238,52,52,48,35,48,50,26,55,41,58,50,45,34,52,53,40,36,60,38,21,31,26,39,38,28,42,26,25,35,34,41,23
[ 739.236233] [AOA] Measurement: 0,1579900616.531433,04:d6:aa:c1:38:97,2,1,1,0,128,306,972,427,95,378,791,761,920,953,945,871,437,843,819,667,469,583,139,504,346,74,862,652,782,977,15,836,420,222,587,554,773,43,51,44,23,38,41,20,47,36,47,43,30,27,44,42,33,29,48,30,16,21,16,27,25,21,26,17,14,18,26,21,12
[ 739.267160] [AOA] Measurement: 0,1579900616.562356,04:d6:aa:c1:38:97,2,1,1,0,128,933,187,943,254,431,752,823,908,43,0,885,458,791,729,87,336,12,984,997,152,170,884,833,1017,626,360,510,777,906,931,764,964,41,46,36,26,38,40,20,46,29,45,40,32,28,43,44,31,31,48,30,18,26,24,32,34,24,32,22,24,27,27,33,16
[ 739.304450] [AOA] Measurement: 0,1579900616.599648,04:d6:aa:c1:38:97,2,1,1,0,128,329,935,393,72,459,769,896,940,9,1013,903,479,790,785,134,381,8,34,906,91,209,924,785,972,59,166,1023,686,349,788,472,768,46,47,43,28,42,41,21,47,34,49,43,36,28,43,45,31,28,49,33,19,26,24,33,32,24,31,24,21,27,25,35,18
[ 739.333158] [AOA] Measurement: 0,1579900616.628357,04:d6:aa:c1:38:97,2,1,1,0,128,326,986,954,277,451,809,799,929,38,34,926,507,801,844,734,597,71,29,928,167,147,852,755,971,185,233,569,837,925,946,67,347,45,46,43,31,45,46,23,49,34,51,48,37,34,48,46,36,34,52,36,19,31,25,37,41,28,42,27,29,37,35,42,21
[ 739.361540] [AOA] Measurement: 0,1579900616.656742,04:d6:aa:c1:38:97,2,1,1,0,128,299,959,386,59,463,806,811,848,20,6,878,426,783,794,68,352,64,1020,990,187,224,946,672,917,164,204,573,804,991,962,292,591,53,31,30,39,49,48,31,38,42,60,38,44,41,47,50,35,33,37,40,25,32,29,43,45,36,45,37,36,47,53,51,27
[ 739.389914] [AOA] Measurement: 0,1579900616.685113,04:d6:aa:c1:38:97,2,1,1,0,128,345,988,415,95,421,769,870,934,599,178,948,499,836,808,114,342,89,55,501,338,237,938,716,937,97,144,43,676,361,779,221,565,55,33,30,37,48,44,31,38,42,59,37,44,38,48,48,35,36,39,40,26,28,26,38,48,32,41,38,36,41,51,45,25
[ 739.422707] [AOA] Measurement: 0,1579900616.717907,04:d6:aa:c1:38:97,2,1,1,0,128,274,972,405,58,457,797,781,939,908,950,861,423,761,788,90,231,1008,895,925,85,102,844,665,822,961,23,811,439,170,607,284,640,39,46,39,22,36,35,15,40,26,35,31,23,18,35,34,21,26,40,25,11,20,13,21,20,17,25,16,16,18,16,15,10
[ 739.451561] [AOA] Measurement: 0,1579900616.746761,04:d6:aa:c1:38:97,2,1,1,0,128,355,959,369,88,512,813,373,58,50,37,494,724,788,808,681,553,618,206,498,322,789,58,773,945,658,369,552,761,420,774,374,676,52,34,31,33,48,48,31,36,47,64,41,51,38,48,49,35,34,37,42,25,27,29,43,49,30,44,38,36,43,51,50,27
[ 739.480125] [AOA] Measurement: 0,1579900616.775318,04:d6:aa:c1:38:97,2,1,1,0,128,342,1005,461,95,420,775,765,870,980,978,865,438,801,784,94,371,47,3,918,71,228,910,706,901,139,197,53,660,411,806,748,204,55,32,32,34,48,50,30,36,41,64,41,47,37,51,51,37,36,39,39,28,33,31,43,51,31,44,37,37,47,48,52,27
[ 739.513345] [AOA] Measurement: 0,1579900616.808545,04:d6:aa:c1:38:97,2,1,1,0,128,862,150,9,369,971,985,368,73,536,164,971,506,853,822,676,557,596,200,516,403,723,88,269,99,576,299,524,798,863,934,452,773,55,33,29,31,43,41,29,35,33,54,34,34,34,41,44,30,32,35,38,22,25,22,35,39,24,35,31,30,35,41,40,19
