
[ 461.940344] wil6210-aoa$0,1606497760.158577,04:d6:aa:ab:45:40,2,1,1,0,128,798,126,342,684,513,805,722,663,187,733,449,871,321,747,12,101,810,916,981,320,493,563,660,621,700,542,700,643,75,810,588,199,47,35,46,29,40,41,15,45,25,31,19,29,46,37,33,22,24,18,37,20,13,10,5,31,20,27,36,33,9,10,25,18
[ 461.976943] wil6210-aoa$0,1606497760.195177,04:d6:aa:ab:45:40,2,1,1,0,128,289,254,932,893,27,1012,216,896,675,883,460,944,776,906,99,195,790,902,585,586,79,735,212,839,622,533,334,932,543,1018,948,424,48,38,47,29,43,44,16,42,27,31,17,28,47,37,34,21,24,18,36,19,12,8,5,32,23,29,35,35,7,7,25,16
[ 462.014339] wil6210-aoa$0,1606497760.232570,04:d6:aa:ab:45:40,2,1,1,0,128,704,983,242,740,456,822,320,781,849,983,656,982,795,984,135,278,239,598,937,492,760,597,338,858,584,994,566,913,785,305,656,266,45,32,43,24,41,39,13,39,25,29,18,24,44,36,32,18,20,16,29,16,10,9,5,25,17,21,31,31,5,5,21,12
[ 462.055388] wil6210-aoa$0,1606497760.273616,04:d6:aa:ab:45:40,2,1,1,0,128,824,134,864,857,39,10,236,850,679,892,451,918,862,937,503,966,909,978,527,534,53,723,196,813,173,733,280,886,532,981,303,915,51,38,48,28,43,45,16,42,27,32,18,28,48,39,34,21,25,21,38,20,14,11,7,32,22,27,35,33,8,10,28,16
[ 462.095320] wil6210-aoa$0,1606497760.313554,04:d6:aa:ab:45:40,2,1,1,0,128,225,179,791,962,58,10,294,783,857,1,632,968,848,5,173,280,747,770,442,666,708,578,348,842,533,982,583,907,795,365,573,169,44,35,42,24,41,39,15,41,26,32,17,27,45,35,32,20,20,17,32,17,9,8,6,26,16,24,33,30,6,6,21,14
[ 462.129313] wil6210-aoa$0,1606497760.347544,04:d6:aa:ab:45:40,2,1,1,0,128,820,119,355,690,59,1020,237,865,718,930,412,902,794,864,493,948,883,932,549,575,78,732,224,832,156,735,281,885,541,1008,745,222,49,37,49,30,43,43,16,43,27,33,18,29,47,37,32,22,23,19,34,20,12,10,5,30,19,24,32,33,6,6,24,16
[ 462.160298] wil6210-aoa$0,1606497760.378531,04:d6:aa:ab:45:40,2,1,1,0,128,741,82,915,902,517,803,737,759,156,655,460,903,839,923,15,129,796,885,598,573,43,738,149,811,266,792,321,924,557,3,540,44,47,36,43,25,39,40,14,41,26,31,17,27,45,37,33,20,21,17,33,18,11,9,5,29,18,25,32,33,7,6,24,14
[ 462.195188] wil6210-aoa$0,1606497760.413420,04:d6:aa:ab:45:40,2,1,1,0,128,354,336,956,939,58,1018,329,946,742,955,476,967,838,926,41,156,838,888,554,581,92,755,226,836,181,774,256,906,611,1010,172,722,52,40,52,32,43,44,17,45,26,32,21,29,50,41,37,24,25,21,38,23,14,11,7,34,23,28,37,37,10,11,29,18
[ 462.228719] wil6210-aoa$0,1606497760.446950,04:d6:aa:ab:45:40,2,1,1,0,128,830,128,933,884,558,870,742,696,672,873,442,888,255,713,515,951,338,707,517,528,48,732,108,767,186,725,767,703,565,973,121,753,44,34,43,28,41,40,15,39,25,31,17,27,44,37,32,21,22,18,33,20,10,9,5,29,20,26,32,33,6,8,22,14
[ 462.266460] wil6210-aoa$0,1606497760.484693,04:d6:aa:ab:45:40,2,1,1,0,128,791,86,341,657,615,867,206,874,685,881,426,864,764,880,582,1005,265,708,597,561,58,779,71,837,659,545,818,783,512,991,412,23,52,41,52,33,43,46,16,47,30,36,19,31,50,40,37,24,26,20,41,24,14,11,6,35,24,29,38,38,12,12,28,18
[ 462.304248] wil6210-aoa$0,1606497760.522477,04:d6:aa:ab:45:40,2,1,1,0,128,330,321,947,902,61,1008,190,824,645,849,411,895,268,720,521,959,867,911,513,543,70,772,194,780,622,504,753,696,521,1000,768,305,48,36,48,30,43,42,15,45,27,32,17,29,47,38,34,23,24,17,38,23,14,11,7,33,24,28,34,35,9,11,28,17
[ 462.343439] wil6210-aoa$0,1606497760.561672,04:d6:aa:ab:45:40,2,1,1,0,128,298,265,926,886,38,1000,756,719,127,685,928,712,276,747,552,1010,779,848,568,583,73,719,220,798,632,576,245,856,561,952,797,393,45,35,41,23,40,38,13,41,25,32,17,25,45,37,33,20,22,20,30,18,10,11,5,28,19,25,34,32,6,5,22,13
[ 462.374142] wil6210-aoa$0,1606497760.592374,04:d6:aa:ab:45:40,2,1,1,0,128,787,74,932,917,88,5,246,919,712,898,448,921,818,905,23,117,833,840,16,391,31,710,654,618,653,562,351,940,587,1015,616,196,50,38,48,30,45,44,16,44,29,35,20,28,48,40,38,22,22,20,36,21,12,9,6,30,22,30,35,34,9,7,25,17
[ 462.404279] wil6210-aoa$0,1606497760.622512,04:d6:aa:ab:45:40,2,1,1,0,128,309,309,903,887,63,1016,156,835,115,684,491,949,864,950,14,156,830,890,524,543,38,721,131,780,222,761,287,883,568,0,360,936,49,35,47,28,43,43,16,44,30,35,20,28,47,40,34,21,22,18,34,18,10,8,6,29,20,27,34,34,5,7,26,16
[ 462.438397] wil6210-aoa$0,1606497760.656625,04:d6:aa:ab:45:40,2,1,1,0,128,785,72,370,711,492,800,690,675,140,697,402,867,840,913,504,1003,224,646,10,352,531,603,482,566,638,544,748,707,76,750,5,640,44,34,42,27,40,38,14,39,23,29,17,25,43,35,29,21,20,16,32,19,11,6,5,26,19,22,30,28,7,6,22,14
[ 462.475462] wil6210-aoa$0,1606497760.693696,04:d6:aa:ab:45:40,2,1,1,0,128,325,309,938,938,1016,969,768,707,694,887,484,956,785,897,993,98,751,865,5,397,42,720,80,755,209,773,279,877,538,9,618,192,53,40,53,34,47,46,16,47,30,37,22,32,53,44,39,24,27,22,39,22,13,9,6,35,21,28,39,36,8,8,25,17
[ 462.511588] wil6210-aoa$0,1606497760.729816,04:d6:aa:ab:45:40,2,1,1,0,128,783,95,396,744,69,9,212,866,637,862,915,698,267,685,540,981,292,734,999,344,597,597,164,806,158,738,246,840,33,829,924,532,50,39,49,32,46,45,18,45,25,33,18,30,49,39,33,21,24,21,38,19,12,11,6,32,22,27,34,34,9,10,28,18
[ 462.551508] wil6210-aoa$0,1606497760.769742,04:d6:aa:ab:45:40,2,1,1,0,128,345,299,903,883,39,1002,719,704,733,918,431,923,801,905,32,147,853,940,503,521,68,748,193,841,201,762,374,923,554,1018,974,475,46,36,44,28,42,40,13,41,25,31,17,27,45,36,31,22,23,19,33,20,11,9,5,27,19,22,32,30,7,6,21,15
[ 462.582328] wil6210-aoa$0,1606497760.800562,04:d6:aa:ab:45:40,2,1,1,0,128,675,978,226,778,483,828,751,568,346,857,673,979,859,15,574,108,809,800,934,539,224,731,873,675,569,962,606,962,242,156,709,368,46,33,45,26,41,41,14,40,25,30,20,28,45,37,34,22,22,20,35,20,11,9,4,31,21,25,34,32,9,8,25,16
[ 462.614160] wil6210-aoa$0,1606497760.832388,04:d6:aa:ab:45:40,2,1,1,0,128,801,99,889,921,23,939,233,865,701,888,461,916,832,930,47,140,819,897,968,343,561,569,717,623,700,542,358,941,594,40,512,6,48,36,47,28,41,42,14,42,26,33,17,28,47,38,33,22,22,17,35,20,12,8,7,30,22,24,33,33,10,9,25,16
[ 462.654120] wil6210-aoa$0,1606497760.872349,04:d6:aa:ab:45:40,2,1,1,0,128,834,147,934,909,42,996,227,911,677,886,454,897,274,727,544,984,302,704,940,296,567,581,95,785,661,570,788,731,40,818,670,283,47,37,48,30,43,42,17,42,24,31,18,28,45,38,33,21,24,19,35,20,12,10,6,31,20,27,34,36,10,10,27,17
[ 462.693680] wil6210-aoa$0,1606497760.911914,04:d6:aa:ab:45:40,2,1,1,0,128,280,274,941,903,55,7,232,882,661,846,419,878,849,913,495,945,883,936,503,554,58,723,199,785,205,744,280,855,579,17,960,561,48,36,50,32,43,43,15,43,25,32,19,29,46,37,33,23,25,18,35,21,12,10,6,30,22,24,33,32,11,11,26,16
[ 462.723982] wil6210-aoa$0,1606497760.942216,04:d6:aa:ab:45:40,2,1,1,0,128,777,108,941,963,10,997,228,881,669,884,433,901,795,884,56,165,828,943,516,558,16,710,111,733,662,500,761,692,582,983,987,662,46,37,45,28,39,41,13,41,26,31,17,26,44,37,30,20,20,17,33,19,11,9,7,28,19,24,33,33,7,6,20,14
[ 462.754361] wil6210-aoa$0,1606497760.972595,04:d6:aa:ab:45:40,2,1,1,0,128,735,41,335,670,562,816,278,917,692,886,468,945,786,935,44,139,805,877,992,343,86,779,35,795,176,748,244,871,64,839,792,298,51,37,50,32,44,43,17,43,25,33,18,30,48,39,36,23,28,20,40,23,13,11,8,34,25,27,34,34,10,12,30,17
[ 462.787670] wil6210-aoa$0,1606497761.005899,04:d6:aa:ab:45:40,2,1,1,0,128,748,87,345,659,534,840,226,897,759,919,492,942,755,917,87,178,833,877,498,579,998,694,177,837,201,741,338,900,569,1006,103,568,50,37,49,32,44,43,18,43,25,33,17,31,48,39,33,24,26,20,39,22,12,13,8,35,24,29,37,35,13,13,28,18
[ 462.819948] wil6210-aoa$0,1606497761.038181,04:d6:aa:ab:45:40,2,1,1,0,128,761,93,894,898,557,817,631,613,67,630,940,751,839,941,31,172,861,938,593,571,36,745,538,570,663,568,755,696,92,824,349,958,44,32,42,26,38,38,12,39,24,29,17,26,41,35,30,19,20,18,30,17,10,7,4,26,18,24,32,31,5,4,21,15
[ 462.854445] wil6210-aoa$0,1606497761.072675,04:d6:aa:ab:45:40,2,1,1,0,128,782,82,386,689,570,849,209,858,667,842,425,902,874,923,516,993,257,716,510,540,18,746,1001,753,217,738,334,907,2,808,93,711,46,36,49,30,41,41,15,43,26,31,15,28,45,38,31,22,24,17,35,21,12,10,6,30,20,26,33,32,9,9,25,16
[ 462.894930] wil6210-aoa$0,1606497761.113161,04:d6:aa:ab:45:40,2,1,1,0,128,775,78,949,934,37,996,289,917,654,875,429,881,801,937,53,131,813,884,487,521,599,613,651,558,215,779,713,650,64,844,618,226,47,36,48,31,44,44,14,44,27,33,18,30,47,38,35,21,25,19,37,22,14,10,7,33,22,27,35,34,11,10,26,18
[ 462.931656] wil6210-aoa$0,1606497761.149888,04:d6:aa:ab:45:40,2,1,1,0,128,304,287,993,1004,74,23,261,883,667,880,413,859,811,916,532,16,889,922,574,591,145,802,207,764,127,723,319,921,549,1001,133,725,46,33,45,28,40,39,14,39,25,31,17,27,43,37,32,20,22,19,30,17,10,9,5,28,21,24,33,33,6,7,25,16
[ 462.971275] wil6210-aoa$0,1606497761.189505,04:d6:aa:ab:45:40,2,1,1,0,128,342,370,981,958,78,1010,158,839,692,905,468,924,848,913,56,186,897,966,461,535,19,719,158,837,186,773,270,889,547,991,165,824,49,37,48,30,43,42,17,43,25,32,17,29,47,37,32,22,22,19,35,21,13,10,6,33,20,28,33,34,10,10,28,16
[ 463.012015] wil6210-aoa$0,1606497761.230243,04:d6:aa:ab:45:40,2,1,1,0,128,765,100,365,693,31,990,239,856,665,854,475,907,872,943,494,953,283,676,999,348,464,500,654,658,122,729,275,873,524,1018,60,578,48,37,47,33,43,43,17,43,25,33,17,29,46,39,33,23,24,18,38,21,13,11,7,32,21,29,36,32,9,11,27,17
[ 463.052732] wil6210-aoa$0,1606497761.270961,04:d6:aa:ab:45:40,2,1,1,0,128,309,321,990,971,47,1020,308,922,624,841,476,951,865,987,44,155,834,936,514,540,589,516,228,792,196,752,298,900,575,1019,256,881,55,47,46,42,43,40,38,34,22,32,25,44,42,34,25,22,62,41,59,36,51,37,59,68,44,46,39,43,50,34,60,43
[ 463.091881] wil6210-aoa$0,1606497761.310114,04:d6:aa:ab:45:40,2,1,1,0,128,777,107,940,952,1011,979,225,855,697,849,493,913,300,762,42,165,800,894,456,486,525,535,657,620,183,734,305,888,512,996,243,825,49,36,48,30,44,43,15,42,26,32,18,27,45,37,33,22,23,20,35,20,12,9,6,28,21,25,32,34,8,7,25,14
[ 463.122920] wil6210-aoa$0,1606497761.341153,04:d6:aa:ab:45:40,2,1,1,0,128,288,282,1008,974,26,988,254,892,672,865,483,925,738,864,50,166,827,907,556,610,83,735,219,789,150,704,249,852,59,849,249,846,47,35,46,27,43,40,15,42,26,32,17,28,44,37,32,20,23,20,33,18,11,10,7,30,20,23,32,33,7,6,22,15
[ 463.159234] wil6210-aoa$0,1606497761.377468,04:d6:aa:ab:45:40,2,1,1,0,128,347,330,869,858,497,783,724,687,117,684,917,721,287,755,530,992,870,936,526,535,88,819,102,746,188,763,302,904,558,1003,533,86,47,34,43,25,40,40,14,39,25,30,17,25,44,36,31,20,22,18,33,17,8,9,5,27,19,22,31,32,6,4,25,15
[ 463.202203] wil6210-aoa$0,1606497761.420436,04:d6:aa:ab:45:40,2,1,1,0,128,324,269,931,907,58,1,176,876,162,712,466,914,864,968,20,145,892,929,517,552,64,781,91,788,211,727,722,651,102,866,663,204,48,39,48,29,46,44,15,43,27,32,20,30,48,40,35,23,27,21,40,23,13,11,8,34,21,28,36,36,11,12,31,18
[ 463.232651] wil6210-aoa$0,1606497761.450884,04:d6:aa:ab:45:40,2,1,1,0,128,805,106,397,726,514,827,222,887,684,868,456,923,815,917,28,113,275,741,535,579,85,742,144,782,192,763,239,872,31,832,990,527,44,34,43,25,38,39,13,41,25,31,19,25,42,36,33,19,18,17,30,17,9,8,3,25,17,22,28,28,3,4,20,12
[ 463.263613] wil6210-aoa$0,1606497761.481846,04:d6:aa:ab:45:40,2,1,1,0,128,824,113,918,906,72,14,256,897,695,850,952,723,831,948,1022,116,280,681,933,315,76,804,184,799,191,748,784,693,606,1010,889,469,47,35,45,28,43,41,15,43,26,34,17,28,45,39,32,22,24,17,35,20,12,11,4,33,23,27,36,33,6,9,25,16
[ 463.300235] wil6210-aoa$0,1606497761.518467,04:d6:aa:ab:45:40,2,1,1,0,128,778,86,931,921,528,823,234,873,700,887,456,926,854,932,50,157,828,896,540,553,106,746,596,615,244,796,268,872,566,1015,191,755,48,35,46,28,43,42,15,42,26,31,16,29,45,38,34,22,22,18,34,18,12,9,6,30,21,26,32,33,9,7,25,16
[ 463.336811] wil6210-aoa$0,1606497761.555044,04:d6:aa:ab:45:40,2,1,1,0,128,356,321,908,887,448,779,267,894,727,907,481,975,779,902,89,161,834,926,560,553,12,699,228,839,229,774,285,869,526,979,684,210,45,34,41,23,41,39,15,38,26,32,18,27,45,37,32,20,20,18,31,19,11,9,6,29,21,26,34,32,6,8,25,15
[ 463.370870] wil6210-aoa$0,1606497761.589098,04:d6:aa:ab:45:40,2,1,1,0,128,785,118,880,897,478,770,724,672,159,724,503,924,828,934,32,124,838,925,515,528,58,762,593,604,651,559,784,704,68,846,768,263,52,45,46,40,46,38,37,35,24,31,26,44,43,34,27,22,63,44,60,41,53,39,60,68,45,44,39,44,50,34,60,45
[ 463.401807] wil6210-aoa$0,1606497761.620040,04:d6:aa:ab:45:40,2,1,1,0,128,818,117,925,912,504,795,245,867,677,849,486,941,839,984,42,178,856,911,496,526,129,809,119,759,187,749,276,882,574,1012,942,519,47,37,47,30,42,43,14,44,25,31,19,27,46,37,33,20,23,18,36,19,13,9,8,29,20,25,34,33,8,8,23,15
[ 463.432691] wil6210-aoa$0,1606497761.650924,04:d6:aa:ab:45:40,2,1,1,0,128,803,139,357,730,49,999,249,883,693,848,426,948,246,704,531,1002,889,952,536,547,533,560,650,637,675,572,316,895,532,946,433,30,42,32,40,24,40,40,13,41,25,30,18,27,45,37,33,19,20,20,32,19,10,11,5,29,18,26,31,32,6,8,25,15
[ 463.469643] wil6210-aoa$0,1606497761.687876,04:d6:aa:ab:45:40,2,1,1,0,128,807,115,922,933,82,25,230,898,650,852,436,882,816,934,22,119,825,913,473,527,92,740,637,575,706,560,307,905,595,1001,799,368,52,46,48,44,47,39,37,35,23,30,26,43,41,34,27,23,63,44,59,37,53,39,61,69,47,46,41,45,51,36,64,46
[ 463.506486] wil6210-aoa$0,1606497761.724718,04:d6:aa:ab:45:40,2,1,1,0,128,391,327,967,932,32,993,210,832,694,848,440,896,819,924,476,973,820,868,590,587,43,728,154,811,183,769,246,873,594,20,935,512,47,38,46,29,42,44,17,42,27,31,18,29,46,37,33,22,23,19,38,21,12,10,7,32,22,26,35,35,9,9,26,15
[ 463.541906] wil6210-aoa$0,1606497761.760135,04:d6:aa:ab:45:40,2,1,1,0,128,799,88,946,937,1017,992,705,681,198,711,953,753,835,898,505,997,738,830,979,353,76,701,630,602,192,761,796,699,579,975,436,48,46,35,42,26,39,39,13,41,27,32,17,28,46,37,32,19,21,19,35,17,9,9,6,28,17,26,31,31,8,8,25,16
[ 463.577369] wil6210-aoa$0,1606497761.795602,04:d6:aa:ab:45:40,2,1,1,0,128,286,294,987,922,24,999,728,686,707,903,406,909,831,902,55,166,820,901,535,558,120,777,650,571,215,762,309,887,595,1002,431,997,47,36,46,27,42,42,15,41,26,31,19,27,43,35,31,20,22,19,32,20,9,8,8,25,20,25,34,33,4,6,22,14
[ 463.613763] wil6210-aoa$0,1606497761.831997,04:d6:aa:ab:45:40,2,1,1,0,128,326,288,939,914,32,1004,227,885,672,864,417,900,890,922,993,101,260,688,524,550,499,559,175,804,192,751,291,898,483,1018,777,329,42,32,39,25,38,37,13,38,23,30,16,25,42,36,30,18,20,17,31,20,10,8,4,26,19,23,31,30,8,7,24,12
[ 463.645195] wil6210-aoa$0,1606497761.863427,04:d6:aa:ab:45:40,2,1,1,0,128,305,297,360,711,65,1000,733,703,741,903,443,877,312,764,41,137,268,725,576,536,60,741,172,809,661,565,326,914,597,3,688,248,46,35,42,25,40,39,13,42,24,31,16,26,44,37,31,20,21,17,33,20,11,6,4,28,21,23,30,29,7,9,23,15
[ 463.681662] wil6210-aoa$0,1606497761.899897,04:d6:aa:ab:45:40,2,1,1,0,128,791,110,957,978,70,6,243,912,692,882,436,908,880,982,64,153,805,904,520,560,65,685,260,855,191,736,276,903,559,1003,744,316,51,38,48,29,45,45,16,44,27,33,18,28,48,39,35,22,25,21,36,21,11,10,5,34,21,27,37,33,9,10,26,17
[ 463.712150] wil6210-aoa$0,1606497761.930379,04:d6:aa:ab:45:40,2,1,1,0,128,769,119,386,725,73,21,279,918,653,887,431,904,239,720,97,171,820,919,583,572,128,755,246,814,197,766,272,887,75,872,787,286,44,35,42,29,41,40,15,42,24,29,17,27,44,37,32,21,23,18,34,19,13,11,9,31,21,23,33,31,9,11,24,15
[ 463.747386] wil6210-aoa$0,1606497761.965620,04:d6:aa:ab:45:40,2,1,1,0,128,298,308,958,947,8,986,192,863,665,840,890,668,263,719,565,992,288,733,970,341,484,573,538,582,651,567,755,693,623,1,319,866,52,41,50,34,44,46,17,48,27,34,18,31,49,41,35,24,27,21,41,22,15,11,7,37,24,28,36,37,10,10,25,17
[ 463.780186] wil6210-aoa$0,1606497761.998414,04:d6:aa:ab:45:40,2,1,1,0,128,735,76,918,849,65,1006,298,923,673,868,462,890,837,928,55,182,818,874,528,564,504,564,215,841,188,762,277,889,593,18,256,866,53,43,52,34,48,47,18,48,28,37,19,33,52,43,36,25,28,21,43,24,13,11,8,37,27,32,39,40,12,12,30,20
[ 463.820664] wil6210-aoa$0,1606497762.038892,04:d6:aa:ab:45:40,2,1,1,0,128,308,283,945,899,35,972,257,871,627,892,960,764,840,944,35,160,817,895,483,518,569,570,535,562,648,540,312,919,535,977,402,972,51,39,48,31,46,45,16,46,31,34,19,31,49,41,37,24,25,21,38,22,13,8,8,30,21,28,35,33,9,9,27,16
[ 463.860758] wil6210-aoa$0,1606497762.078986,04:d6:aa:ab:45:40,2,1,1,0,128,269,257,854,895,41,0,275,886,705,913,441,925,825,921,9,129,832,866,559,544,467,502,632,651,676,600,296,859,56,808,719,374,56,50,49,44,49,41,38,36,25,33,27,46,44,37,28,24,67,46,63,41,56,41,64,74,50,47,43,46,53,38,64,46
[ 463.901264] wil6210-aoa$0,1606497762.119495,04:d6:aa:ab:45:40,2,1,1,0,128,797,104,332,695,555,842,716,693,685,852,886,712,828,945,75,175,769,850,996,320,466,585,555,624,142,701,718,699,48,837,362,63,56,50,49,44,48,42,38,35,25,33,26,44,42,35,26,22,66,47,62,39,53,37,60,71,49,46,40,42,51,36,63,44
[ 463.936063] wil6210-aoa$0,1606497762.154295,04:d6:aa:ab:45:40,2,1,1,0,128,251,221,972,958,3,962,325,908,679,873,466,931,831,982,35,125,856,920,962,344,530,544,696,635,682,608,280,893,528,5,696,262,50,36,49,30,43,42,15,45,25,33,18,29,48,37,33,22,24,20,37,22,13,10,6,31,19,27,34,34,10,9,24,16
[ 463.972142] wil6210-aoa$0,1606497762.190376,04:d6:aa:ab:45:40,2,1,1,0,128,344,369,929,949,79,9,224,888,739,915,441,886,808,943,68,171,903,958,567,609,82,712,157,761,213,790,330,926,556,40,379,880,58,49,49,43,48,41,40,37,24,35,26,46,45,35,28,22,65,47,63,40,53,37,62,73,48,46,43,46,53,35,62,48
[ 464.002596] wil6210-aoa$0,1606497762.220830,04:d6:aa:ab:45:40,2,1,1,0,128,264,296,901,902,36,1020,328,959,684,874,514,989,852,939,36,140,793,903,25,384,559,530,216,837,612,526,321,902,517,993,214,786,41,31,40,25,38,36,13,37,23,29,15,23,39,33,28,19,18,14,30,16,9,9,3,24,18,23,29,30,5,5,21,13
[ 464.033306] wil6210-aoa$0,1606497762.251539,04:d6:aa:ab:45:40,2,1,1,0,128,857,143,919,920,57,1014,208,872,719,899,478,915,860,971,42,172,840,897,547,564,35,747,603,608,205,749,329,878,551,1006,34,632,54,39,51,34,48,46,16,49,28,35,20,31,50,44,35,24,25,20,38,23,13,12,6,33,21,28,37,36,7,7,26,17
[ 464.070097] wil6210-aoa$0,1606497762.288330,04:d6:aa:ab:45:40,2,1,1,0,128,262,250,991,958,1017,1000,234,879,688,857,447,877,282,763,3,95,284,751,5,384,120,785,167,840,258,795,239,856,568,975,452,990,54,46,48,43,45,41,36,38,23,35,26,48,45,38,29,24,67,48,66,42,54,40,65,76,49,49,41,46,50,39,65,48
[ 464.106141] wil6210-aoa$0,1606497762.324374,04:d6:aa:ab:45:40,2,1,1,0,128,344,316,917,912,39,972,283,884,669,855,456,919,789,883,112,182,816,906,529,557,76,764,184,843,183,752,780,702,605,29,270,768,51,37,50,31,43,45,15,47,29,34,19,30,49,41,35,22,25,18,36,21,11,9,5,31,22,26,37,35,7,6,24,16
[ 464.140603] wil6210-aoa$0,1606497762.358832,04:d6:aa:ab:45:40,2,1,1,0,128,322,322,898,901,24,998,746,702,645,833,492,963,852,956,12,105,307,742,520,576,80,807,14,763,193,790,711,674,39,808,698,332,48,37,46,29,44,44,16,42,27,34,18,30,47,39,35,22,24,19,38,21,12,9,6,30,21,27,34,33,9,8,25,16
[ 464.176675] wil6210-aoa$0,1606497762.394909,04:d6:aa:ab:45:40,2,1,1,0,128,764,66,373,687,421,793,694,673,141,678,907,723,293,730,542,988,293,727,973,325,515,549,383,564,629,562,786,714,43,901,308,948,51,39,49,32,47,46,17,47,27,33,18,32,50,40,34,22,26,19,39,22,14,12,8,37,23,27,37,37,10,12,29,16
[ 464.207644] wil6210-aoa$0,1606497762.425878,04:d6:aa:ab:45:40,2,1,1,0,128,274,272,935,891,48,988,219,872,676,877,440,959,820,938,1020,128,800,891,526,514,568,579,55,776,244,743,292,881,575,6,646,256,53,39,50,32,45,44,17,45,28,35,18,31,50,42,36,24,23,22,36,21,13,8,8,32,24,27,37,35,10,8,23,17
[ 464.242408] wil6210-aoa$0,1606497762.460638,04:d6:aa:ab:45:40,2,1,1,0,128,330,266,893,900,575,835,723,697,144,686,397,891,813,908,477,953,270,711,607,581,5,712,70,790,246,767,305,918,622,10,102,564,46,36,46,29,42,41,16,43,27,31,19,28,48,39,35,21,23,18,35,20,13,10,5,29,21,26,36,35,6,8,26,14
[ 464.278436] wil6210-aoa$0,1606497762.496670,04:d6:aa:ab:45:40,2,1,1,0,128,750,92,975,957,1022,981,712,715,700,910,462,939,740,890,517,942,253,688,955,332,533,579,621,594,207,752,298,885,558,6,159,677,53,42,52,33,49,48,16,48,28,34,19,31,51,42,37,25,26,21,39,22,14,11,9,33,23,27,38,37,11,9,28,18
[ 464.315000] wil6210-aoa$0,1606497762.533234,04:d6:aa:ab:45:40,2,1,1,0,128,304,287,929,890,86,992,730,664,715,896,389,879,295,709,511,974,862,915,550,575,80,772,161,794,162,740,747,695,980,755,764,365,46,34,44,29,41,39,14,41,24,29,16,25,45,35,30,21,21,16,34,19,11,9,6,29,17,25,30,31,8,8,22,14
[ 464.345326] wil6210-aoa$0,1606497762.563563,04:d6:aa:ab:45:40,2,1,1,0,128,257,202,739,924,54,10,340,835,991,66,624,966,856,38,148,318,744,751,478,701,209,714,402,863,557,988,647,980,808,354,896,429,43,35,44,27,39,39,12,41,25,30,18,25,44,37,31,20,21,17,33,17,10,9,6,26,18,23,31,30,5,6,22,14
[ 464.375843] wil6210-aoa$0,1606497762.594078,04:d6:aa:ab:45:40,2,1,1,0,128,758,76,381,731,531,828,728,677,180,731,464,944,800,918,15,119,849,938,494,528,545,560,203,812,588,527,763,709,497,976,739,297,45,32,41,25,40,38,13,40,24,30,17,24,41,34,30,19,18,16,30,15,6,7,4,22,18,18,29,28,3,4,20,11
[ 464.412330] wil6210-aoa$0,1606497762.630564,04:d6:aa:ab:45:40,2,1,1,0,128,795,99,869,899,36,1014,316,932,752,926,525,974,870,978,82,198,809,905,508,584,72,713,222,809,168,777,291,897,547,991,204,774,49,36,47,30,44,45,14,44,26,33,18,28,49,41,35,22,24,19,38,22,13,9,8,33,22,27,36,35,10,10,27,16
[ 464.443349] wil6210-aoa$0,1606497762.661583,04:d6:aa:ab:45:40,2,1,1,0,128,262,259,417,742,31,997,213,863,761,863,507,934,789,920,49,198,856,910,542,511,86,775,154,805,640,553,729,635,1008,796,260,880,51,40,54,33,47,47,17,48,30,36,20,34,53,45,38,26,27,22,37,22,13,9,7,33,23,29,36,36,9,9,29,17
[ 464.480273] wil6210-aoa$0,1606497762.698503,04:d6:aa:ab:45:40,2,1,1,0,128,293,301,921,893,51,3,230,864,167,678,921,721,848,905,44,166,774,863,1021,310,85,765,113,760,177,756,295,892,575,1022,703,276,44,32,42,24,39,39,14,38,25,31,17,24,44,37,31,18,20,19,32,18,10,9,5,27,18,24,35,31,6,6,24,13
[ 464.520222] wil6210-aoa$0,1606497762.738454,04:d6:aa:ab:45:40,2,1,1,0,128,343,359,836,879,46,996,290,930,690,906,419,889,828,947,68,155,861,897,568,629,61,738,631,551,253,799,346,949,554,1008,157,674,52,37,50,33,45,44,17,45,27,32,18,30,49,39,34,22,26,19,39,23,15,12,8,33,22,28,37,35,13,12,28,19
[ 464.554926] wil6210-aoa$0,1606497762.773159,04:d6:aa:ab:45:40,2,1,1,0,128,794,109,947,913,40,992,238,873,675,875,843,694,255,696,533,977,858,897,1022,389,552,591,592,591,641,514,758,713,985,755,243,886,47,36,46,29,42,42,16,43,23,31,17,28,45,38,32,22,24,20,39,21,13,11,8,35,21,25,32,33,10,10,27,17
[ 464.585901] wil6210-aoa$0,1606497762.804134,04:d6:aa:ab:45:40,2,1,1,0,128,781,93,971,951,50,985,230,895,657,867,914,726,288,749,507,978,810,883,1005,303,526,540,0,783,635,543,789,704,13,808,728,361,52,39,48,30,45,45,16,47,27,34,21,30,50,40,35,22,23,19,36,20,13,12,5,32,21,27,36,35,6,8,26,16
[ 464.621699] wil6210-aoa$0,1606497762.839929,04:d6:aa:ab:45:40,2,1,1,0,128,770,127,371,722,534,845,691,631,185,678,924,729,879,984,62,175,823,920,563,528,108,786,204,811,579,527,743,702,32,824,269,878,43,32,43,26,42,40,14,38,24,30,18,25,44,37,31,21,19,17,32,17,8,7,3,26,17,21,33,30,5,3,22,15
[ 464.656917] wil6210-aoa$0,1606497762.875150,04:d6:aa:ab:45:40,2,1,1,0,128,284,285,885,868,49,11,207,863,122,696,484,943,824,957,33,167,788,908,590,607,13,722,112,829,149,736,294,864,58,814,939,485,44,30,39,23,37,38,11,36,23,30,16,22,40,34,29,17,19,15,25,15,6,7,3,20,13,20,32,27,2,3,20,11
[ 464.688407] wil6210-aoa$0,1606497762.906636,04:d6:aa:ab:45:40,2,1,1,0,128,777,90,974,944,1013,985,773,728,709,883,498,956,831,913,33,109,826,948,14,357,88,769,129,798,668,545,322,936,563,1022,528,91,52,40,52,32,47,46,16,47,27,35,20,32,50,41,35,23,25,20,40,24,14,11,8,35,26,28,38,38,10,11,28,18
[ 464.727865] wil6210-aoa$0,1606497762.946098,04:d6:aa:ab:45:40,2,1,1,0,128,803,100,892,892,1001,966,234,871,630,780,948,732,285,721,516,1004,804,897,1015,347,57,733,536,599,671,521,832,737,695,6,115,736,58,50,49,44,48,41,39,37,25,35,26,48,45,40,29,23,68,50,64,42,58,41,65,75,52,50,41,47,54,36,67,48
[ 464.763929] wil6210-aoa$0,1606497762.982160,04:d6:aa:ab:45:40,2,1,1,0,128,765,21,802,946,1013,1004,304,846,857,6,663,1004,903,42,128,332,263,614,440,690,257,766,354,846,528,946,45,728,225,158,830,502,48,37,45,27,42,43,15,43,26,32,17,27,45,37,33,19,22,18,33,19,10,8,4,27,19,24,33,33,7,5,23,14
[ 464.804148] wil6210-aoa$0,1606497763.022378,04:d6:aa:ab:45:40,2,1,1,0,128,769,62,982,925,1015,979,199,868,656,832,451,936,836,929,11,160,826,940,463,496,81,778,88,760,258,779,258,860,566,14,242,803,46,33,44,27,41,39,15,39,25,30,18,26,43,38,32,19,20,19,32,19,11,9,7,27,20,24,31,32,9,7,24,13
[ 464.840843] wil6210-aoa$0,1606497763.059075,04:d6:aa:ab:45:40,2,1,1,0,128,777,75,969,929,486,770,773,727,708,889,461,914,818,951,37,130,824,880,570,551,106,785,152,764,172,765,308,905,516,988,760,347,41,33,40,23,38,38,12,40,25,30,17,26,43,36,31,20,19,18,31,19,9,6,6,26,18,25,31,31,5,4,23,15
[ 464.875934] wil6210-aoa$0,1606497763.094168,04:d6:aa:ab:45:40,2,1,1,0,128,730,69,364,735,46,1006,269,939,670,859,467,913,855,961,0,78,824,904,982,327,569,585,621,600,669,547,310,908,1001,795,390,0,46,33,44,28,41,41,13,42,23,30,17,26,47,36,32,21,23,17,34,21,11,8,6,31,23,28,32,33,10,11,26,17
[ 464.911406] wil6210-aoa$0,1606497763.129635,04:d6:aa:ab:45:40,2,1,1,0,128,772,119,922,882,49,34,288,910,701,920,433,911,229,721,38,144,788,855,545,568,100,726,76,776,217,799,254,861,608,1017,851,374,55,43,51,33,48,48,17,48,28,34,20,32,51,42,38,25,25,20,39,21,14,11,9,33,24,29,36,37,11,11,30,20
[ 464.947015] wil6210-aoa$0,1606497763.165249,04:d6:aa:ab:45:40,2,1,1,0,128,291,328,892,900,46,17,271,921,664,879,494,945,814,906,52,172,855,923,581,612,20,720,159,806,198,744,257,923,557,991,623,128,44,34,43,26,37,38,13,41,24,29,17,25,42,35,30,19,19,17,30,18,10,9,4,25,17,23,32,30,7,5,23,15
[ 464.983292] wil6210-aoa$0,1606497763.201525,04:d6:aa:ab:45:40,2,1,1,0,128,789,122,416,732,539,824,211,856,142,706,880,663,227,690,514,986,831,883,508,526,17,744,164,807,205,757,767,706,611,19,889,465,44,32,41,24,40,39,12,38,25,32,18,24,42,36,31,20,21,17,29,16,7,9,4,25,18,22,31,32,4,4,23,12
[ 465.019480] wil6210-aoa$0,1606497763.237714,04:d6:aa:ab:45:40,2,1,1,0,128,793,96,360,705,555,834,688,640,145,667,988,767,330,765,26,159,810,904,459,523,149,801,132,771,193,753,290,886,91,818,759,243,45,32,44,26,39,39,14,37,25,30,16,25,42,36,33,20,21,18,32,17,11,8,4,27,20,24,33,30,5,6,23,14
[ 465.053839] wil6210-aoa$0,1606497763.272069,04:d6:aa:ab:45:40,2,1,1,0,128,827,155,925,936,40,9,218,874,714,921,491,965,795,905,54,204,808,887,521,521,487,563,600,572,651,553,744,696,71,852,390,945,52,40,48,30,47,46,16,47,27,35,20,31,50,41,36,22,24,18,35,22,12,10,6,30,22,25,35,35,6,8,26,15
[ 465.086107] wil6210-aoa$0,1606497763.304335,04:d6:aa:ab:45:40,2,1,1,0,128,813,131,932,938,3,993,170,842,690,861,910,695,296,737,469,958,321,765,523,548,39,803,45,795,146,744,260,871,17,790,544,128,43,34,41,28,40,39,15,41,22,29,16,26,42,35,30,20,21,16,32,19,10,8,6,29,19,23,33,32,7,8,23,15
[ 465.124705] wil6210-aoa$0,1606497763.342940,04:d6:aa:ab:45:40,2,1,1,0,128,730,15,260,751,85,1008,358,778,309,808,80,753,324,831,626,144,760,786,437,648,204,713,381,828,595,965,635,941,733,342,626,218,44,34,45,25,39,40,16,41,24,31,17,28,45,38,32,22,23,17,35,22,12,10,5,30,22,25,33,33,9,9,26,16
[ 465.161387] wil6210-aoa$0,1606497763.379619,04:d6:aa:ab:45:40,2,1,1,0,128,294,262,983,945,36,1007,300,909,677,866,519,962,836,941,20,116,808,899,567,576,85,743,162,811,186,731,817,733,558,19,656,190,45,34,45,28,41,42,15,42,25,31,18,27,44,36,32,22,23,18,34,20,12,11,6,29,20,26,33,32,8,8,24,16
[ 465.196655] wil6210-aoa$0,1606497763.414888,04:d6:aa:ab:45:40,2,1,1,0,128,292,288,897,917,20,1012,325,911,767,915,468,941,795,938,31,129,746,837,542,573,74,698,291,847,215,829,303,886,573,33,581,46,48,37,46,29,41,41,16,42,26,31,18,29,45,38,32,22,25,18,37,22,13,7,8,35,24,27,34,36,10,10,26,17
[ 465.227377] wil6210-aoa$0,1606497763.445611,04:d6:aa:ab:45:40,2,1,1,0,128,315,324,960,958,27,975,309,903,681,844,489,939,767,843,526,972,274,707,54,410,528,569,195,800,640,495,779,712,998,839,220,846,54,42,53,34,48,50,17,48,30,36,22,33,52,43,40,26,29,22,44,24,16,12,10,37,25,32,41,41,13,12,31,18
[ 465.264262] wil6210-aoa$0,1606497763.482494,04:d6:aa:ab:45:40,2,1,1,0,128,773,79,406,696,537,829,219,879,680,887,482,924,819,923,51,122,260,703,965,360,58,762,133,782,185,766,285,876,579,1001,777,365,41,33,38,24,37,36,12,40,23,30,16,23,40,33,28,17,18,15,28,17,9,8,5,24,17,22,32,29,5,5,22,13
[ 465.304346] wil6210-aoa$0,1606497763.522574,04:d6:aa:ab:45:40,2,1,1,0,128,790,96,921,902,25,974,726,688,136,635,983,769,254,717,488,972,273,684,981,336,525,575,65,771,144,708,295,925,562,25,734,373,56,45,55,36,48,49,19,50,28,36,20,34,52,42,39,26,31,23,42,25,17,13,11,40,25,33,41,41,14,17,33,23
[ 465.344869] wil6210-aoa$0,1606497763.563096,04:d6:aa:ab:45:40,2,1,1,0,128,786,118,365,702,538,794,251,917,688,827,450,925,831,913,103,147,335,705,12,352,47,712,121,759,650,561,258,870,24,794,314,960,50,37,47,30,45,42,16,43,26,32,18,29,47,38,35,23,23,18,33,21,12,11,6,29,21,25,33,29,6,8,25,15
[ 465.377906] wil6210-aoa$0,1606497763.596137,04:d6:aa:ab:45:40,2,1,1,0,128,324,306,922,916,47,1005,266,897,762,934,466,919,890,982,1023,149,823,884,536,543,67,731,121,749,175,771,320,912,555,995,334,984,42,31,39,24,37,36,13,38,23,28,17,24,42,34,29,18,19,16,29,18,10,8,3,25,19,21,27,29,6,5,19,14
[ 465.411744] wil6210-aoa$0,1606497763.629977,04:d6:aa:ab:45:40,2,1,1,0,128,791,116,954,929,40,987,291,863,709,867,496,916,786,903,1019,105,833,919,976,321,579,553,133,770,695,542,851,756,568,998,383,992,53,39,52,32,46,46,17,48,29,36,20,31,51,40,35,24,25,21,37,23,13,12,5,32,23,27,37,36,9,10,28,16
[ 465.447479] wil6210-aoa$0,1606497763.665714,04:d6:aa:ab:45:40,2,1,1,0,128,306,316,871,862,25,1014,282,910,694,868,473,954,786,894,26,147,884,960,529,578,2,689,141,784,193,754,828,716,620,2,830,420,47,37,47,26,42,41,14,43,26,34,19,28,48,40,33,22,23,20,33,20,12,11,8,29,21,25,33,33,6,6,23,15
[ 465.481066] wil6210-aoa$0,1606497763.699297,04:d6:aa:ab:45:40,2,1,1,0,128,285,313,865,874,92,1022,296,883,650,862,457,944,808,906,494,977,233,693,1020,370,557,602,126,800,161,775,777,730,551,58,134,640,54,42,54,34,48,46,19,48,27,35,22,33,51,43,38,26,28,21,38,25,14,13,7,35,25,30,39,36,12,13,29,19
[ 465.527386] wil6210-aoa$0,1606497763.745620,04:d6:aa:ab:45:40,2,1,1,0,128,715,64,384,727,584,848,246,876,708,889,393,921,295,759,36,153,813,883,554,588,97,746,212,830,269,838,259,903,583,1013,1000,535,46,35,47,31,42,41,15,42,25,30,18,29,46,38,33,20,23,19,36,21,12,11,7,33,23,28,35,33,11,10,27,16
[ 465.563379] wil6210-aoa$0,1606497763.781613,04:d6:aa:ab:45:40,2,1,1,0,128,281,294,381,723,530,862,716,714,114,673,949,764,254,716,491,975,293,731,512,516,624,607,113,801,680,567,709,666,999,751,969,596,45,35,43,25,42,40,13,40,26,31,16,26,44,39,31,19,19,18,31,17,8,8,4,26,19,24,32,31,3,3,21,15
[ 465.599976] wil6210-aoa$0,1606497763.818211,04:d6:aa:ab:45:40,2,1,1,0,128,341,303,931,916,49,980,237,902,721,897,517,973,862,976,107,211,808,875,568,597,499,527,247,864,146,740,333,884,502,990,217,779,55,43,51,33,49,46,17,47,28,37,20,31,52,43,36,22,26,19,37,22,13,10,6,31,21,27,40,36,10,7,27,17
[ 465.636444] wil6210-aoa$0,1606497763.854679,04:d6:aa:ab:45:40,2,1,1,0,128,231,124,761,922,41,20,306,790,888,10,662,997,857,7,118,303,833,829,469,754,262,755,377,841,522,919,582,912,195,130,330,960,52,40,54,31,48,48,17,48,27,36,19,34,51,43,35,24,26,20,43,24,14,10,9,36,25,29,37,36,9,10,27,17
[ 465.671146] wil6210-aoa$0,1606497763.889375,04:d6:aa:ab:45:40,2,1,1,0,128,278,270,912,927,494,812,241,866,690,864,463,925,859,951,40,149,861,910,586,615,56,731,224,831,195,765,341,921,570,988,179,774,52,39,49,30,44,44,17,45,28,34,19,30,49,41,37,22,23,20,36,22,11,10,6,31,22,28,35,34,8,9,26,14
[ 465.702134] wil6210-aoa$0,1606497763.920370,04:d6:aa:ab:45:40,2,1,1,0,128,834,158,342,699,499,814,722,681,752,913,424,956,871,919,8,110,778,878,530,569,35,714,160,810,234,751,752,708,637,998,840,383,54,42,51,32,48,48,18,49,28,36,20,32,50,42,36,25,27,21,41,23,14,10,8,34,26,30,39,37,9,9,30,18
[ 465.732600] wil6210-aoa$0,1606497763.950834,04:d6:aa:ab:45:40,2,1,1,0,128,845,106,923,889,78,0,228,861,635,820,472,913,842,925,34,118,777,820,24,363,52,771,538,598,667,593,789,711,568,963,556,128,51,39,49,32,46,46,17,47,28,34,21,31,52,41,36,24,25,21,37,23,13,10,5,33,23,29,37,37,11,11,27,18
[ 465.768955] wil6210-aoa$0,1606497763.987191,04:d6:aa:ab:45:40,2,1,1,0,128,805,147,348,745,545,796,696,655,707,867,437,911,822,897,48,138,794,880,518,540,96,795,53,773,696,538,850,786,531,1017,995,519,47,36,45,27,44,41,14,43,28,33,18,27,46,37,32,20,18,17,31,18,11,9,5,28,16,24,33,31,6,3,23,15
[ 465.812075] wil6210-aoa$0,1606497764.030309,04:d6:aa:ab:45:40,2,1,1,0,128,287,268,957,928,68,4,716,687,702,874,463,913,262,727,573,1000,812,915,552,572,68,779,161,754,138,690,340,918,585,3,772,279,50,41,49,31,45,44,16,42,25,32,19,29,48,40,34,22,25,19,37,21,13,11,6,33,21,29,36,35,9,8,25,17
[ 465.842439] wil6210-aoa$0,1606497764.060671,04:d6:aa:ab:45:40,2,1,1,0,128,783,86,389,725,46,996,205,836,703,876,428,896,274,704,526,1003,873,942,515,533,28,680,651,568,698,598,735,694,1005,793,99,803,48,35,48,30,41,42,14,46,26,33,17,28,48,38,34,21,25,20,37,20,10,9,6,29,23,26,36,34,8,8,26,16
[ 465.872707] wil6210-aoa$0,1606497764.090940,04:d6:aa:ab:45:40,2,1,1,0,128,772,134,946,929,479,793,785,743,674,870,426,922,282,758,524,1008,780,851,561,581,13,726,614,591,682,591,293,901,19,815,508,128,53,40,51,31,47,46,18,49,27,35,20,31,52,42,37,25,29,22,38,24,15,13,9,38,26,31,40,41,12,12,29,20
[ 465.904782] wil6210-aoa$0,1606497764.123013,04:d6:aa:ab:45:40,2,1,1,0,128,277,267,921,918,62,4,228,899,675,852,452,911,791,897,102,205,859,905,558,561,112,741,144,787,216,750,253,860,615,46,410,904,53,41,53,36,49,48,18,49,29,35,19,33,52,42,37,25,28,22,43,25,16,11,9,40,27,31,42,39,12,13,32,19
[ 465.944548] wil6210-aoa$0,1606497764.162780,04:d6:aa:ab:45:40,2,1,1,0,128,808,110,929,920,74,21,261,901,672,845,466,940,824,916,14,171,790,861,36,374,551,580,220,816,192,770,297,912,529,3,264,809,49,37,47,29,45,42,16,45,26,32,17,28,46,39,33,21,24,19,36,20,12,11,6,30,20,26,36,34,7,8,26,15
[ 465.978758] wil6210-aoa$0,1606497764.196987,04:d6:aa:ab:45:40,2,1,1,0,128,773,80,414,752,532,782,704,689,166,684,896,713,873,947,492,966,769,868,1003,327,45,750,580,588,637,527,742,696,14,809,763,325,50,38,50,32,47,46,17,46,27,34,19,31,48,41,36,23,26,20,39,22,13,9,6,34,23,26,37,35,9,10,27,18
[ 466.015473] wil6210-aoa$0,1606497764.233707,04:d6:aa:ab:45:40,2,1,1,0,128,337,319,914,948,49,1022,210,878,708,889,407,875,874,988,58,156,873,923,518,595,87,780,179,785,167,729,278,908,572,1023,941,392,49,39,48,30,44,44,13,44,27,33,18,30,48,40,35,22,23,18,35,20,14,11,5,32,21,26,36,35,8,9,25,15
[ 466.056877] wil6210-aoa$0,1606497764.275080,04:d6:aa:ab:45:40,2,1,1,0,128,824,127,447,798,46,997,226,890,666,871,451,952,828,922,46,148,777,899,1015,319,543,607,497,565,676,567,748,739,579,971,879,436,55,40,54,36,49,50,18,48,29,34,19,33,52,42,36,25,26,21,38,23,12,9,7,34,20,28,39,39,10,8,28,17
[ 466.102614] wil6210-aoa$0,1606497764.320845,04:d6:aa:ab:45:40,2,1,1,0,128,803,137,949,909,46,0,232,918,707,906,483,928,825,887,50,139,807,891,550,618,44,750,165,798,629,558,318,880,597,32,357,911,41,29,37,22,37,35,12,36,24,27,16,22,38,33,28,18,17,16,26,13,8,7,3,21,13,19,23,26,4,2,16,11
[ 466.134694] wil6210-aoa$0,1606497764.352922,04:d6:aa:ab:45:40,2,1,1,0,128,742,105,936,896,45,988,236,841,117,644,897,743,256,704,482,983,785,886,521,521,13,743,560,591,153,702,280,909,573,988,261,830,49,38,49,30,45,44,15,45,27,35,19,29,49,40,37,24,22,20,35,21,11,11,7,31,22,24,37,32,7,6,24,15
[ 466.174582] wil6210-aoa$0,1606497764.392815,04:d6:aa:ab:45:40,2,1,1,0,128,265,251,968,970,28,1005,245,887,672,876,489,978,853,946,25,131,262,665,1016,345,551,572,661,628,650,539,278,901,8,792,982,588,48,36,47,28,43,41,16,43,26,31,17,26,46,38,31,21,22,18,34,18,13,10,6,28,21,27,34,33,8,8,25,15
[ 466.209126] wil6210-aoa$0,1606497764.427356,04:d6:aa:ab:45:40,2,1,1,0,128,774,99,902,904,94,21,237,912,647,884,444,914,837,901,552,999,799,873,534,572,49,765,183,807,618,559,755,693,589,8,196,837,40,30,40,23,38,36,11,38,25,29,17,22,43,34,30,18,19,16,28,16,8,7,4,22,18,21,31,29,3,2,22,12
[ 466.245026] wil6210-aoa$0,1606497764.463259,04:d6:aa:ab:45:40,2,1,1,0,128,301,311,924,936,96,17,194,804,677,884,435,889,846,961,43,166,816,908,609,581,495,499,705,639,161,774,306,886,574,29,557,0,46,33,46,28,41,41,15,38,26,28,18,25,43,37,30,20,20,18,31,17,11,8,6,25,18,24,32,31,6,5,24,15
[ 466.274767] wil6210-aoa$0,1606497764.493000,04:d6:aa:ab:45:40,2,1,1,0,128,856,152,949,941,534,840,690,653,758,931,428,891,829,928,44,123,839,918,521,552,80,760,210,825,215,773,228,847,536,1,0,596,47,38,47,27,44,41,13,43,28,34,18,27,51,39,34,21,23,19,35,22,11,9,6,32,21,27,37,36,9,8,27,15
[ 466.307289] wil6210-aoa$0,1606497764.525518,04:d6:aa:ab:45:40,2,1,1,0,128,771,86,951,912,47,1021,212,852,690,884,443,914,818,912,14,137,293,730,1007,381,556,545,581,594,661,596,288,904,564,13,457,942,45,32,43,22,39,39,15,39,25,29,17,24,42,36,30,19,16,15,29,16,9,8,3,24,16,22,30,28,2,4,21,12
[ 466.345333] wil6210-aoa$0,1606497764.563566,04:d6:aa:ab:45:40,2,1,1,0,128,746,74,401,759,516,807,239,885,672,840,449,917,829,892,56,130,827,906,1007,347,502,558,548,556,654,605,745,706,69,819,734,332,42,32,41,23,37,36,12,38,23,27,18,23,41,33,29,17,18,15,28,14,9,7,6,22,17,20,28,28,5,3,21,13
[ 466.381844] wil6210-aoa$0,1606497764.600076,04:d6:aa:ab:45:40,2,1,1,0,128,774,99,349,747,109,33,258,895,670,828,431,916,290,717,512,954,851,890,519,584,72,753,191,774,146,695,270,889,545,996,417,20,46,37,45,29,41,41,15,42,24,32,17,27,43,36,32,21,21,18,34,18,11,10,4,28,21,23,32,31,6,7,22,14
[ 466.415952] wil6210-aoa$0,1606497764.634185,04:d6:aa:ab:45:40,2,1,1,0,128,289,307,937,943,45,997,201,860,737,879,471,936,849,947,36,140,829,904,543,536,90,781,185,834,204,754,278,857,600,5,797,320,46,36,42,27,40,39,13,39,25,30,18,25,42,37,31,20,21,15,32,18,10,6,5,26,20,25,31,29,7,6,23,13
[ 466.446379] wil6210-aoa$0,1606497764.664613,04:d6:aa:ab:45:40,2,1,1,0,128,779,104,932,882,68,1007,221,882,733,925,439,931,836,923,526,972,849,906,549,566,43,722,151,813,131,725,778,713,551,980,332,1004,54,40,52,32,48,47,17,49,29,37,20,31,51,44,37,25,27,22,39,22,13,12,6,32,24,26,39,37,9,6,26,18
[ 466.482171] wil6210-aoa$0,1606497764.700405,04:d6:aa:ab:45:40,2,1,1,0,128,732,87,373,714,520,805,731,725,108,672,478,921,816,931,53,163,801,921,541,572,38,738,572,609,658,589,761,738,523,1001,122,604,50,37,48,31,45,44,16,44,27,34,19,30,49,41,34,21,24,20,36,21,13,11,6,32,21,27,34,35,6,6,26,16
[ 466.513224] wil6210-aoa$0,1606497764.731456,04:d6:aa:ab:45:40,2,1,1,0,128,727,1021,276,770,31,1004,331,802,301,844,708,1001,919,85,207,368,817,836,409,696,712,558,842,645,984,759,11,728,241,162,205,906,47,36,47,27,42,42,13,43,27,31,17,26,48,38,33,21,21,17,31,18,11,7,3,26,18,22,32,29,3,1,22,14
[ 466.543754] wil6210-aoa$0,1606497764.761986,04:d6:aa:ab:45:40,2,1,1,0,128,329,290,901,902,33,1012,208,835,119,685,451,895,803,904,499,967,279,699,1013,355,497,569,121,785,659,571,769,688,64,913,50,591,49,38,49,32,44,46,16,46,28,32,18,30,50,41,35,22,27,20,41,23,13,13,7,34,26,28,36,35,11,12,26,18
[ 466.576222] wil6210-aoa$0,1606497764.794450,04:d6:aa:ab:45:40,2,1,1,0,128,276,268,358,699,473,795,722,720,194,752,432,890,801,923,26,90,800,897,502,539,38,744,115,788,176,774,322,906,978,851,308,887,49,38,47,30,45,45,17,47,29,34,22,31,52,40,36,24,27,23,41,23,14,10,6,36,24,28,36,36,12,10,30,18
[ 466.614942] wil6210-aoa$0,1606497764.833176,04:d6:aa:ab:45:40,2,1,1,0,128,302,288,989,956,34,17,259,920,693,902,494,934,851,954,995,143,817,918,516,562,9,718,726,625,683,549,767,718,640,15,592,143,54,42,56,37,48,48,20,49,30,38,20,33,51,42,38,25,31,22,46,27,16,13,11,39,28,33,41,41,12,15,33,19
[ 466.650819] wil6210-aoa$0,1606497764.869052,04:d6:aa:ab:45:40,2,1,1,0,128,766,82,333,688,522,812,729,690,155,710,932,715,303,716,541,976,262,675,1002,387,112,735,181,766,206,755,276,917,514,974,650,293,44,33,41,24,39,38,13,41,26,31,17,24,41,34,30,19,17,17,28,14,6,7,4,22,15,21,29,29,2,1,18,12
[ 466.681548] wil6210-aoa$0,1606497764.899782,04:d6:aa:ab:45:40,2,1,1,0,128,833,128,926,942,516,807,764,701,130,672,935,740,284,735,49,152,828,935,535,566,127,752,239,830,164,732,246,857,567,1007,147,746,41,33,41,24,38,38,12,38,24,28,16,24,42,35,29,18,21,17,33,19,12,10,4,27,19,22,31,31,8,8,22,14
[ 466.712488] wil6210-aoa$0,1606497764.930721,04:d6:aa:ab:45:40,2,1,1,0,128,811,128,966,944,84,6,228,858,656,839,523,966,299,746,517,1001,851,896,482,534,2,740,150,791,213,825,317,934,548,993,65,657,51,40,48,30,46,45,17,45,28,35,19,30,47,40,36,23,22,20,38,20,13,10,6,32,21,26,36,35,7,6,25,15
[ 466.743622] wil6210-aoa$0,1606497764.961855,04:d6:aa:ab:45:40,2,1,1,0,128,271,251,972,930,22,980,695,651,126,689,890,715,281,751,476,929,309,734,940,327,548,522,77,784,692,586,822,758,74,750,14,630,53,44,53,33,48,46,16,47,29,35,19,32,53,42,38,24,27,22,39,24,13,12,7,36,25,31,36,37,11,11,29,17
[ 466.780362] wil6210-aoa$0,1606497764.998594,04:d6:aa:ab:45:40,2,1,1,0,128,761,122,941,927,29,0,246,832,718,908,458,904,806,936,63,194,782,856,513,557,559,518,741,604,656,581,698,657,48,819,954,591,52,38,51,32,48,47,16,46,27,34,21,31,50,42,35,23,24,21,37,22,13,10,6,32,23,26,34,36,6,8,24,18
[ 466.815988] wil6210-aoa$0,1606497765.034221,04:d6:aa:ab:45:40,2,1,1,0,128,790,85,350,711,522,835,285,932,692,880,446,915,829,931,18,172,850,904,540,587,125,772,184,805,125,715,772,681,1006,801,273,1010,46,36,47,29,43,41,16,43,23,31,17,28,47,37,34,23,25,19,39,22,14,11,9,34,24,29,34,35,13,15,30,19
[ 466.851168] wil6210-aoa$0,1606497765.069398,04:d6:aa:ab:45:40,2,1,1,0,128,338,340,959,925,63,1021,262,910,668,871,409,927,861,970,29,134,870,905,564,564,65,745,140,787,214,822,319,919,574,1015,389,968,57,49,48,41,47,43,39,35,25,33,28,46,43,37,29,22,65,46,62,41,54,37,61,72,49,44,42,44,49,36,62,46
[ 466.888346] wil6210-aoa$0,1606497765.106578,04:d6:aa:ab:45:40,2,1,1,0,128,272,271,938,957,80,0,289,914,666,882,469,919,862,961,7,104,811,873,8,372,88,731,206,784,670,552,810,728,1021,812,776,376,52,39,50,32,47,46,16,47,28,34,20,31,50,40,37,23,24,19,40,23,12,10,5,32,23,30,37,34,7,10,26,18
[ 466.931815] wil6210-aoa$0,1606497765.150049,04:d6:aa:ab:45:40,2,1,1,0,128,316,288,338,699,567,831,673,676,675,845,928,732,264,707,511,967,870,905,949,296,558,597,84,788,622,561,318,923,594,1014,397,938,48,35,46,27,43,42,13,40,26,31,20,27,45,38,35,20,21,19,35,20,11,10,5,30,21,25,35,35,4,4,23,16
[ 466.963526] wil6210-aoa$0,1606497765.181755,04:d6:aa:ab:45:40,2,1,1,0,128,775,121,894,888,20,1000,310,889,710,864,446,920,816,938,1010,91,830,908,488,517,90,744,146,773,187,774,249,830,572,10,602,156,61,52,50,45,53,42,40,36,26,37,28,48,48,37,30,25,70,49,70,43,56,41,64,76,49,50,43,49,52,36,63,48
[ 467.003809] wil6210-aoa$0,1606497765.222039,04:d6:aa:ab:45:40,2,1,1,0,128,762,55,371,690,528,827,704,660,97,671,449,901,825,946,37,163,847,911,468,520,529,516,626,594,688,636,757,711,1023,802,877,492,42,32,39,25,39,38,13,37,23,29,15,25,41,35,29,20,20,16,31,17,9,10,3,25,17,22,29,29,5,5,21,13
[ 467.043914] wil6210-aoa$0,1606497765.262146,04:d6:aa:ab:45:40,2,1,1,0,128,810,130,958,930,32,991,206,886,124,692,876,711,854,947,30,125,773,875,953,340,557,519,605,585,750,616,288,897,526,960,324,877,50,38,48,27,45,42,17,44,26,34,19,30,49,39,34,21,23,20,37,21,12,8,6,31,21,25,37,33,9,8,26,14
[ 467.083908] wil6210-aoa$0,1606497765.302136,04:d6:aa:ab:45:40,2,1,1,0,128,743,44,361,745,564,823,718,668,727,907,442,899,822,895,46,143,847,949,544,526,51,734,126,830,186,743,713,687,74,855,789,322,49,36,49,30,43,43,14,45,28,35,19,29,48,39,35,22,24,19,36,22,12,10,8,31,23,26,36,33,8,9,25,15
[ 467.124005] wil6210-aoa$0,1606497765.342235,04:d6:aa:ab:45:40,2,1,1,0,128,344,352,950,918,19,969,269,890,699,874,462,897,816,877,26,116,810,916,979,326,526,575,602,594,296,800,258,887,24,826,9,652,43,33,41,25,38,37,12,37,24,30,17,26,43,36,30,18,19,18,34,18,10,8,6,29,19,23,34,32,6,8,23,16
[ 467.164516] wil6210-aoa$0,1606497765.382746,04:d6:aa:ab:45:40,2,1,1,0,128,356,288,959,886,8,974,257,873,682,876,471,948,832,929,100,171,773,857,566,587,18,671,167,831,167,713,786,693,27,775,24,544,46,36,47,30,41,41,16,43,24,30,17,28,45,36,32,21,23,17,36,20,13,10,5,32,20,27,33,32,10,10,25,16
[ 467.204469] wil6210-aoa$0,1606497765.422699,04:d6:aa:ab:45:40,2,1,1,0,128,333,301,938,907,11,0,236,897,699,908,497,937,828,919,114,208,858,907,548,621,92,735,253,851,210,814,323,920,578,1013,571,76,42,31,40,25,38,37,13,38,23,30,17,26,42,35,30,19,21,16,32,18,10,7,5,25,18,22,29,31,7,5,22,14
[ 467.241006] wil6210-aoa$0,1606497765.459238,04:d6:aa:ab:45:40,2,1,1,0,128,786,100,953,890,47,989,704,680,675,887,468,928,254,707,533,1017,809,926,974,327,108,764,60,793,179,762,262,902,655,0,286,860,47,38,48,30,41,44,15,43,24,30,17,27,45,37,33,22,23,17,35,22,13,10,6,32,21,26,33,33,10,12,26,18
[ 467.279334] wil6210-aoa$0,1606497765.497565,04:d6:aa:ab:45:40,2,1,1,0,128,764,86,966,937,34,987,201,841,131,681,457,889,242,719,539,978,263,701,964,318,531,586,513,651,194,762,306,897,643,34,302,935,49,35,49,31,42,43,15,45,29,33,18,29,47,39,35,21,22,20,36,20,12,9,5,30,23,26,34,32,6,7,25,15
[ 467.311274] wil6210-aoa$0,1606497765.529505,04:d6:aa:ab:45:40,2,1,1,0,128,824,152,384,706,475,764,749,669,184,746,421,915,832,944,62,178,774,894,483,515,32,761,67,802,241,808,735,691,68,827,186,797,51,38,50,29,46,45,16,46,29,35,18,30,50,42,36,23,26,18,35,19,12,12,6,34,24,28,36,35,8,9,28,18
[ 467.346231] wil6210-aoa$0,1606497765.564465,04:d6:aa:ab:45:40,2,1,1,0,128,299,290,912,902,47,1009,251,877,649,862,519,945,815,921,1,124,779,874,523,522,561,560,162,815,156,728,278,895,47,853,736,242,43,35,42,27,40,37,13,39,23,29,17,27,41,35,29,20,20,17,32,18,11,7,5,26,20,24,30,30,7,7,21,13
[ 467.376621] wil6210-aoa$0,1606497765.594854,04:d6:aa:ab:45:40,2,1,1,0,128,815,100,989,967,40,982,296,936,624,857,515,968,821,934,62,135,807,915,557,579,88,763,165,817,185,774,279,865,581,983,65,632,51,40,52,32,47,46,16,47,28,35,21,31,49,42,36,23,25,19,37,21,12,11,6,31,24,29,37,34,8,9,27,18
[ 467.411841] wil6210-aoa$0,1606497765.630070,04:d6:aa:ab:45:40,2,1,1,0,128,795,114,890,945,29,991,235,858,688,875,457,918,865,958,21,114,857,912,515,563,39,761,153,778,672,592,781,718,554,1014,256,788,52,39,52,31,46,46,17,48,28,35,20,32,51,42,37,23,27,20,40,22,13,12,6,35,24,29,37,37,11,12,28,20
[ 467.447566] wil6210-aoa$0,1606497765.665799,04:d6:aa:ab:45:40,2,1,1,0,128,327,263,894,873,534,812,219,848,675,853,443,900,820,931,483,995,797,904,527,537,50,722,565,565,650,588,726,677,34,845,68,650,49,38,48,32,43,44,15,44,26,33,17,28,47,36,32,22,24,19,36,20,11,11,6,33,22,27,34,34,9,9,26,16
[ 467.483548] wil6210-aoa$0,1606497765.701781,04:d6:aa:ab:45:40,2,1,1,0,128,275,270,980,965,43,976,227,882,638,851,934,732,798,901,60,166,869,935,546,547,43,745,160,831,151,723,317,893,637,42,982,512,52,38,49,30,46,47,17,45,27,37,19,30,51,42,36,23,25,20,38,20,14,8,6,31,24,28,37,34,9,9,27,18
[ 467.514003] wil6210-aoa$0,1606497765.732235,04:d6:aa:ab:45:40,2,1,1,0,128,314,310,907,888,1005,984,220,870,666,859,417,889,301,739,21,120,287,716,4,386,107,785,176,825,179,791,277,868,508,10,896,468,42,33,38,25,38,36,14,37,23,28,15,25,40,33,29,18,18,17,29,17,10,9,5,24,17,21,31,28,6,6,20,14
[ 467.546699] wil6210-aoa$0,1606497765.764929,04:d6:aa:ab:45:40,2,1,1,0,128,771,96,960,920,23,967,733,709,599,837,866,697,287,744,465,944,864,928,29,368,133,753,131,773,629,557,724,658,22,786,248,914,47,38,43,27,44,43,15,43,27,34,17,29,46,39,34,21,21,18,34,18,10,9,5,30,22,24,35,30,8,4,24,16
[ 467.584904] wil6210-aoa$0,1606497765.803137,04:d6:aa:ab:45:40,2,1,1,0,128,792,105,921,915,42,995,224,867,679,870,477,964,772,882,35,147,282,698,540,547,58,755,139,804,164,755,247,865,17,848,853,365,46,36,46,31,40,41,14,42,25,30,18,28,46,37,31,21,23,19,34,18,13,9,6,30,22,25,34,32,7,9,24,16
[ 467.620840] wil6210-aoa$0,1606497765.839069,04:d6:aa:ab:45:40,2,1,1,0,128,398,349,962,948,39,992,662,638,173,707,918,736,270,756,513,972,265,695,497,556,25,684,618,580,638,554,804,719,478,967,337,1017,45,35,46,28,45,42,14,42,27,34,17,27,46,39,33,20,18,17,34,20,11,8,5,28,20,24,35,31,3,5,20,15
[ 467.656034] wil6210-aoa$0,1606497765.874267,04:d6:aa:ab:45:40,2,1,1,0,128,787,117,945,956,63,15,202,874,201,704,432,875,810,926,509,958,244,720,980,332,547,584,93,827,667,553,263,890,10,798,184,837,44,33,41,26,41,41,13,42,24,29,18,25,43,35,30,19,20,17,32,18,10,8,5,26,18,23,30,30,4,5,21,13
[ 467.686242] wil6210-aoa$0,1606497765.904476,04:d6:aa:ab:45:40,2,1,1,0,128,297,333,898,932,23,973,251,877,636,869,928,726,884,950,19,129,223,698,8,354,34,746,127,791,654,561,830,757,543,1015,629,110,42,33,42,24,38,38,13,38,23,28,17,26,42,34,30,20,20,16,32,17,10,8,3,25,20,22,30,30,6,6,22,13
[ 467.721779] wil6210-aoa$0,1606497765.940008,04:d6:aa:ab:45:40,2,1,1,0,128,300,274,404,713,32,1023,681,666,180,737,479,942,260,712,53,134,808,872,3,361,63,746,136,793,595,523,332,889,523,984,442,1012,51,37,48,30,44,45,15,47,28,35,18,30,50,40,35,21,23,21,34,19,13,10,6,30,19,25,36,34,6,6,25,16
[ 467.757246] wil6210-aoa$0,1606497765.975480,04:d6:aa:ab:45:40,2,1,1,0,128,706,44,946,893,27,1005,726,675,741,910,432,909,309,768,63,156,820,889,544,549,104,790,71,748,697,575,298,883,570,7,591,199,52,40,53,34,49,49,17,49,28,35,20,33,53,43,37,24,26,21,42,25,14,12,9,38,23,29,42,38,12,13,31,20
[ 467.789264] wil6210-aoa$0,1606497766.007492,04:d6:aa:ab:45:40,2,1,1,0,128,766,88,370,705,578,866,258,903,650,881,465,935,795,881,92,156,833,887,579,596,39,687,187,800,226,772,232,871,972,819,221,743,47,35,47,28,41,41,14,42,25,31,18,26,44,35,32,21,19,16,32,18,10,7,4,26,19,23,30,30,4,5,22,11
[ 467.829263] wil6210-aoa$0,1606497766.047491,04:d6:aa:ab:45:40,2,1,1,0,128,263,274,939,904,64,1011,177,847,650,840,472,926,879,968,1023,131,841,902,520,536,80,736,165,820,237,775,256,893,639,13,755,296,50,39,49,30,47,45,16,47,27,35,20,28,50,41,34,23,25,20,38,21,12,11,5,34,22,28,35,34,8,9,27,17
[ 467.869571] wil6210-aoa$0,1606497766.087798,04:d6:aa:ab:45:40,2,1,1,0,128,820,133,882,899,86,1015,230,858,679,879,457,927,790,855,521,980,824,899,462,483,34,695,179,811,175,746,757,694,527,1011,920,552,44,34,43,26,39,40,13,40,25,28,16,25,43,34,28,20,22,18,33,18,11,8,6,28,20,23,31,31,7,8,23,14
[ 467.909811] wil6210-aoa$0,1606497766.128039,04:d6:aa:ab:45:40,2,1,1,0,128,750,45,355,730,499,799,734,672,723,856,491,964,822,961,28,154,815,892,511,528,85,740,166,810,655,543,735,699,42,824,187,785,53,42,51,35,48,47,17,50,28,36,20,32,51,43,38,25,29,20,42,24,15,11,8,37,24,30,40,39,12,12,31,19
[ 467.944739] wil6210-aoa$0,1606497766.162972,04:d6:aa:ab:45:40,2,1,1,0,128,314,306,944,917,39,1017,269,909,655,828,456,928,779,924,1015,113,818,911,548,543,90,751,143,806,259,814,271,890,561,16,908,471,52,38,52,30,47,46,17,46,28,36,19,33,51,42,36,25,27,20,41,22,13,11,10,34,22,31,36,38,9,10,27,18
[ 467.975526] wil6210-aoa$0,1606497766.193759,04:d6:aa:ab:45:40,2,1,1,0,128,312,309,916,888,56,985,242,879,760,947,409,903,885,951,1019,127,931,975,523,515,56,746,227,814,170,765,341,947,557,1023,896,424,46,35,46,28,41,42,14,41,26,32,20,27,45,36,33,21,23,19,36,20,12,10,6,31,21,27,35,34,8,7,23,16
[ 468.012117] wil6210-aoa$0,1606497766.230348,04:d6:aa:ab:45:40,2,1,1,0,128,765,80,408,715,529,805,288,953,674,882,383,845,238,713,497,961,278,723,2,370,83,771,600,607,726,582,780,691,1022,781,248,878,46,36,43,27,40,39,13,41,24,29,17,25,42,35,29,19,20,18,32,18,11,8,6,29,17,22,31,29,6,9,24,13
[ 468.047577] wil6210-aoa$0,1606497766.265809,04:d6:aa:ab:45:40,2,1,1,0,128,778,94,363,690,127,10,210,862,115,685,888,732,838,920,448,938,269,717,533,545,90,780,71,766,655,551,849,724,532,994,798,329,56,48,48,43,47,41,37,36,24,35,25,47,41,37,28,24,66,47,64,39,55,40,65,73,48,46,42,46,52,37,65,46
[ 468.079955] wil6210-aoa$0,1606497766.298185,04:d6:aa:ab:45:40,2,1,1,0,128,798,118,891,869,514,824,203,884,116,650,501,952,794,895,75,205,850,923,512,557,76,752,82,844,234,756,309,919,545,965,5,574,48,36,45,27,44,42,14,42,28,32,18,27,47,38,32,21,21,19,32,19,10,9,4,26,17,24,32,33,5,3,23,14
[ 468.120084] wil6210-aoa$0,1606497766.338312,04:d6:aa:ab:45:40,2,1,1,0,128,338,319,873,913,98,27,268,944,689,857,434,936,788,922,32,158,822,918,444,464,117,773,121,772,264,839,287,897,615,0,264,879,53,46,45,43,45,40,36,34,23,32,23,44,43,35,26,21,61,43,59,38,54,38,61,72,45,46,36,45,51,36,66,45
[ 468.160484] wil6210-aoa$0,1606497766.378713,04:d6:aa:ab:45:40,2,1,1,0,128,334,321,327,707,57,984,225,854,753,923,447,916,813,901,0,135,834,946,568,594,82,754,209,841,156,714,291,892,603,36,403,14,42,34,41,23,40,38,13,39,27,32,17,23,44,37,31,18,22,21,33,17,9,7,5,28,20,25,34,32,8,5,24,14
[ 468.201133] wil6210-aoa$0,1606497766.419364,04:d6:aa:ab:45:40,2,1,1,0,128,692,5,200,705,510,845,343,814,849,3,682,982,312,834,681,177,807,800,427,687,678,564,820,593,5,754,27,713,258,198,418,42,53,44,51,32,49,48,18,48,29,35,19,32,53,42,35,26,27,23,42,24,17,14,10,38,23,29,40,37,12,13,29,17
[ 468.241135] wil6210-aoa$0,1606497766.459363,04:d6:aa:ab:45:40,2,1,1,0,128,299,302,907,894,1006,977,302,922,703,896,467,937,818,929,71,139,834,911,556,607,81,767,226,832,182,769,281,862,576,0,688,196,49,38,51,31,44,43,16,45,26,32,19,31,50,39,35,23,26,22,39,20,14,12,8,35,21,29,34,34,10,9,27,17
[ 468.275841] wil6210-aoa$0,1606497766.494075,04:d6:aa:ab:45:40,2,1,1,0,128,713,2,779,967,69,11,289,768,875,1013,610,958,289,805,620,124,858,819,903,458,199,730,322,844,600,997,582,940,823,365,555,210,49,38,46,29,44,43,15,44,26,31,18,31,48,40,34,23,25,20,35,21,11,11,6,33,21,26,37,34,9,10,29,18
[ 468.306421] wil6210-aoa$0,1606497766.524653,04:d6:aa:ab:45:40,2,1,1,0,128,314,306,972,917,75,1014,685,682,730,878,904,722,272,709,540,999,248,686,556,577,4,758,554,593,183,743,789,723,609,955,713,271,53,40,51,34,46,46,16,47,28,34,20,33,53,43,37,25,27,22,43,23,14,12,7,36,24,29,38,39,11,12,27,20
[ 468.342546] wil6210-aoa$0,1606497766.560778,04:d6:aa:ab:45:40,2,1,1,0,128,794,95,995,953,1020,971,317,937,649,878,507,967,839,946,20,134,876,943,528,561,478,550,210,843,198,775,215,820,575,25,279,820,51,39,51,34,48,47,17,47,29,35,20,32,52,42,37,26,28,23,41,25,13,12,8,37,25,32,38,38,12,14,31,19
[ 468.378153] wil6210-aoa$0,1606497766.596382,04:d6:aa:ab:45:40,2,1,1,0,128,299,352,963,923,20,995,225,879,695,882,499,934,887,992,3,135,894,927,554,558,43,709,130,809,156,752,756,714,590,20,985,564,50,35,47,30,43,41,15,42,27,33,17,29,47,39,32,21,23,18,32,19,10,6,3,28,18,25,33,33,3,6,22,13
[ 468.414525] wil6210-aoa$0,1606497766.632758,04:d6:aa:ab:45:40,2,1,1,0,128,331,273,888,890,30,983,199,863,683,856,465,943,842,941,8,119,833,874,990,377,94,792,75,783,189,799,272,864,975,790,575,137,50,37,47,30,44,44,16,45,26,32,17,28,46,37,32,22,24,18,38,20,15,11,7,35,22,27,35,36,12,11,28,17
[ 468.445045] wil6210-aoa$0,1606497766.663278,04:d6:aa:ab:45:40,2,1,1,0,128,290,284,868,859,101,1006,244,847,694,897,422,904,808,926,84,181,811,899,534,524,4,683,201,823,222,796,264,843,24,842,810,308,47,37,48,28,44,43,16,46,28,33,18,30,49,40,35,23,25,21,36,21,13,10,9,34,24,27,37,34,9,11,29,17
[ 468.476083] wil6210-aoa$0,1606497766.694316,04:d6:aa:ab:45:40,2,1,1,0,128,293,179,730,921,9,16,382,796,879,997,658,949,887,11,116,276,769,785,435,649,662,526,850,621,42,803,97,789,754,327,725,319,48,35,46,29,42,41,16,40,25,30,17,26,47,37,32,20,23,20,35,20,12,9,8,30,19,24,32,32,10,10,26,17
[ 468.512373] wil6210-aoa$0,1606497766.730602,04:d6:aa:ab:45:40,2,1,1,0,128,778,112,385,731,500,789,736,700,678,895,422,887,274,732,35,141,818,900,507,541,28,722,92,768,198,751,767,652,986,769,981,659,45,33,42,25,40,40,13,41,25,32,18,27,43,37,32,19,19,18,29,18,10,8,2,28,18,26,31,32,5,4,23,13
[ 468.546426] wil6210-aoa$0,1606497766.764659,04:d6:aa:ab:45:40,2,1,1,0,128,330,292,904,909,12,994,264,888,741,934,387,830,248,726,479,970,262,740,44,425,55,749,109,812,133,712,756,726,1022,794,378,60,44,34,44,25,41,41,13,41,27,32,17,27,44,36,32,20,22,18,34,18,11,9,5,27,19,25,33,33,6,5,23,13
[ 468.582630] wil6210-aoa$0,1606497766.800863,04:d6:aa:ab:45:40,2,1,1,0,128,202,165,820,1003,434,777,292,769,322,843,630,966,868,6,96,333,763,751,936,517,140,722,350,800,548,953,616,941,785,337,157,777,52,38,47,31,43,44,14,44,27,33,19,29,47,39,34,23,22,20,34,21,13,11,4,29,19,27,34,34,5,6,23,14
[ 468.613744] wil6210-aoa$0,1606497766.831974,04:d6:aa:ab:45:40,2,1,1,0,128,359,283,930,946,61,1006,235,871,697,863,467,933,809,859,501,964,801,929,623,589,7,713,179,791,709,614,707,650,630,34,866,484,48,37,46,27,44,43,15,43,27,33,19,28,45,39,34,22,22,20,35,20,14,9,4,30,19,28,34,32,8,6,23,15
[ 468.653831] wil6210-aoa$0,1606497766.872062,04:d6:aa:ab:45:40,2,1,1,0,128,773,132,904,892,564,852,253,883,676,861,435,917,787,857,522,990,281,705,511,543,586,560,556,607,708,575,769,660,535,16,890,393,44,31,42,25,40,37,13,39,24,31,17,23,43,36,30,20,20,17,30,17,8,8,4,24,19,22,32,29,5,4,22,13
[ 468.694159] wil6210-aoa$0,1606497766.912385,04:d6:aa:ab:45:40,2,1,1,0,128,682,969,280,775,459,787,324,791,880,6,668,973,800,985,604,141,224,610,899,501,689,566,813,649,17,795,48,725,224,155,218,962,49,36,46,26,43,42,13,43,26,33,18,28,47,38,33,21,23,18,33,18,10,10,5,30,21,26,34,33,6,6,24,14
[ 468.734079] wil6210-aoa$0,1606497766.952307,04:d6:aa:ab:45:40,2,1,1,0,128,360,342,977,957,41,1018,272,931,638,879,944,731,850,944,1,159,787,917,532,550,76,745,129,770,199,792,247,894,515,974,152,712,51,37,50,32,43,43,17,44,25,33,19,31,47,39,35,23,27,19,42,23,17,12,10,34,22,31,38,37,13,14,29,19
[ 468.774647] wil6210-aoa$0,1606497766.992877,04:d6:aa:ab:45:40,2,1,1,0,128,764,95,916,936,42,994,216,838,194,706,912,702,857,940,58,164,854,934,550,548,61,728,184,802,168,731,277,876,563,981,368,972,46,34,43,24,41,38,14,40,26,32,16,24,44,36,32,20,18,18,27,17,7,8,4,25,16,22,31,32,2,3,21,11
[ 468.808155] wil6210-aoa$0,1606497767.026384,04:d6:aa:ab:45:40,2,1,1,0,128,282,310,995,926,510,801,227,908,686,875,505,934,827,937,12,147,821,925,514,549,54,736,147,800,685,577,277,889,577,1004,512,60,49,37,43,27,42,42,15,43,27,32,18,27,46,36,33,20,24,20,33,18,9,9,6,29,20,23,35,34,6,8,25,13
[ 468.846320] wil6210-aoa$0,1606497767.064553,04:d6:aa:ab:45:40,2,1,1,0,128,815,98,977,927,1010,996,730,721,153,675,513,944,857,962,37,174,809,880,494,517,511,561,150,790,185,774,755,673,0,810,978,685,41,31,39,23,37,37,14,37,22,29,15,22,40,33,27,17,18,15,29,14,9,6,6,23,16,20,29,27,3,4,19,11
[ 468.882335] wil6210-aoa$0,1606497767.100568,04:d6:aa:ab:45:40,2,1,1,0,128,326,294,344,705,88,14,178,824,115,704,939,743,853,930,504,958,781,861,526,565,70,760,132,791,138,754,774,710,614,1022,198,782,47,35,47,30,42,41,15,41,25,31,17,27,45,37,31,21,23,17,34,19,11,9,7,29,19,24,31,32,9,8,24,16
[ 468.912871] wil6210-aoa$0,1606497767.131104,04:d6:aa:ab:45:40,2,1,1,0,128,829,147,951,946,49,35,208,845,698,893,475,917,851,958,32,115,818,888,926,314,521,510,154,810,190,773,329,905,579,1022,609,216,48,38,48,31,44,44,15,44,29,35,21,29,49,41,35,21,23,21,37,22,11,9,7,32,21,26,35,33,8,7,26,17
[ 468.943238] wil6210-aoa$0,1606497767.161470,04:d6:aa:ab:45:40,2,1,1,0,128,223,273,993,961,1005,993,228,887,666,861,457,916,774,886,531,1005,744,869,537,576,56,791,103,813,164,757,752,693,8,825,134,753,52,41,53,35,47,49,19,47,26,36,20,34,53,42,36,24,25,22,40,23,13,9,7,34,26,31,39,37,11,11,30,19
[ 468.979685] wil6210-aoa$0,1606497767.197918,04:d6:aa:ab:45:40,2,1,1,0,128,290,310,888,905,86,29,235,860,733,853,891,723,853,905,108,158,772,891,625,584,62,727,256,849,125,770,276,877,570,990,338,978,41,31,41,25,39,37,13,37,23,30,18,24,41,33,30,19,20,17,32,19,10,8,7,27,21,23,31,29,7,6,22,13
[ 469.015309] wil6210-aoa$0,1606497767.233542,04:d6:aa:ab:45:40,2,1,1,0,128,788,105,979,958,982,985,319,906,673,877,557,1004,851,915,134,204,794,913,583,606,110,740,233,808,145,759,240,853,493,971,435,1001,50,39,52,34,49,48,18,49,29,35,20,32,52,42,37,25,28,22,44,23,15,11,10,39,26,32,35,37,13,11,29,18
[ 469.051492] wil6210-aoa$0,1606497767.269724,04:d6:aa:ab:45:40,2,1,1,0,128,773,48,410,738,489,789,747,734,104,687,456,894,812,898,30,140,843,916,955,296,473,525,494,600,651,573,745,701,640,11,444,26,53,42,50,32,47,47,16,48,27,36,20,32,51,40,38,23,28,19,41,25,16,11,8,35,25,30,39,36,13,12,31,19
[ 469.082256] wil6210-aoa$0,1606497767.300489,04:d6:aa:ab:45:40,2,1,1,0,128,310,296,925,927,65,1005,230,903,673,868,494,940,231,704,530,990,802,892,571,600,64,795,155,839,157,743,268,878,563,974,646,168,49,37,48,30,45,44,16,44,25,33,17,28,47,36,34,21,23,19,35,21,11,9,7,32,18,28,33,33,8,7,25,16
[ 469.113216] wil6210-aoa$0,1606497767.331448,04:d6:aa:ab:45:40,2,1,1,0,128,790,133,969,953,1010,971,220,865,125,704,471,878,341,773,48,145,833,902,514,571,100,832,203,777,225,816,293,899,531,978,220,791,48,37,47,30,45,43,15,45,27,33,19,29,48,39,36,22,22,18,37,20,12,8,6,30,22,27,35,34,7,8,27,14
[ 469.144244] wil6210-aoa$0,1606497767.362476,04:d6:aa:ab:45:40,2,1,1,0,128,285,263,934,987,17,0,240,885,680,875,445,911,820,918,72,125,814,888,430,531,69,761,194,811,141,722,816,720,533,8,831,363,45,36,44,26,41,41,13,43,25,32,16,26,42,35,32,18,18,16,28,16,8,7,5,23,18,21,31,29,3,1,20,12
[ 469.174196] wil6210-aoa$0,1606497767.392429,04:d6:aa:ab:45:40,2,1,1,0,128,394,335,895,887,46,1022,280,877,731,894,435,902,797,927,31,165,784,893,527,564,56,707,737,679,657,542,723,647,34,844,89,704,46,35,45,28,41,42,14,40,26,31,18,28,45,36,32,20,22,20,34,18,13,8,7,29,24,25,34,34,9,6,25,14
[ 469.210776] wil6210-aoa$0,1606497767.429009,04:d6:aa:ab:45:40,2,1,1,0,128,814,106,349,709,32,1013,701,672,130,644,941,750,278,718,520,944,331,740,552,531,44,754,120,737,639,594,720,677,3,790,403,21,45,33,42,28,39,39,12,39,23,30,18,26,42,35,30,21,21,18,34,18,10,10,6,28,19,25,32,31,8,9,25,16
[ 469.246384] wil6210-aoa$0,1606497767.464616,04:d6:aa:ab:45:40,2,1,1,0,128,372,314,924,916,27,968,254,881,759,930,441,907,847,943,22,165,816,938,503,542,92,779,183,806,195,748,259,883,499,976,274,862,51,41,50,32,47,44,16,47,27,34,19,31,50,41,37,25,24,21,38,22,12,11,4,30,25,28,37,38,8,8,25,17
[ 469.281147] wil6210-aoa$0,1606497767.499376,04:d6:aa:ab:45:40,2,1,1,0,128,774,105,389,727,466,796,674,670,702,853,395,887,789,894,538,948,809,855,960,319,518,571,586,602,640,509,739,687,28,797,987,692,45,34,43,28,41,39,13,40,25,33,17,26,45,37,32,20,24,19,33,19,12,9,8,31,19,26,34,32,9,8,26,16
[ 469.312126] wil6210-aoa$0,1606497767.530359,04:d6:aa:ab:45:40,2,1,1,0,128,758,63,916,898,63,15,224,881,690,824,472,966,872,933,31,159,791,905,542,571,531,550,88,803,206,784,318,931,613,19,785,263,52,40,51,33,47,45,17,47,27,33,19,32,51,41,36,24,27,20,40,22,13,10,7,35,24,27,36,37,10,11,28,17
[ 469.342351] wil6210-aoa$0,1606497767.560584,04:d6:aa:ab:45:40,2,1,1,0,128,267,292,382,732,497,777,726,671,123,660,933,725,290,711,448,937,877,880,551,562,95,728,179,829,169,765,317,919,564,965,972,590,55,42,52,33,47,47,18,48,28,35,20,33,50,42,38,26,28,23,41,25,13,9,10,36,24,30,41,39,12,13,29,19
[ 469.378945] wil6210-aoa$0,1606497767.597178,04:d6:aa:ab:45:40,2,1,1,0,128,749,72,423,763,481,779,712,710,64,655,939,720,796,910,562,11,819,869,988,324,512,577,587,564,667,537,763,716,198,847,939,521,42,32,43,27,37,38,14,37,22,28,16,25,43,34,29,19,21,18,31,18,12,9,5,26,18,23,31,29,7,6,22,14
[ 469.421814] wil6210-aoa$0,1606497767.640046,04:d6:aa:ab:45:40,2,1,1,0,128,790,109,946,940,41,0,209,882,672,871,485,951,204,659,530,949,861,916,565,594,88,740,146,785,242,784,269,869,20,815,490,160,50,41,49,30,44,46,15,44,27,34,18,30,49,41,34,23,21,18,34,20,12,10,4,31,22,27,35,33,8,6,26,16
[ 469.453090] wil6210-aoa$0,1606497767.671319,04:d6:aa:ab:45:40,2,1,1,0,128,825,132,976,928,89,21,179,821,652,825,364,850,869,958,550,1019,864,886,517,542,510,553,136,795,619,595,259,915,1013,762,927,533,53,42,48,30,45,44,15,44,28,36,19,29,48,38,36,21,25,19,34,21,12,10,5,28,21,23,32,32,6,8,22,14
[ 469.487137] wil6210-aoa$0,1606497767.705371,04:d6:aa:ab:45:40,2,1,1,0,128,316,320,928,885,37,995,273,890,686,873,405,917,821,939,481,934,738,833,988,332,539,598,607,657,204,785,302,886,579,1021,165,768,44,32,44,25,40,39,12,38,24,29,17,25,41,36,29,18,19,17,29,17,6,8,2,26,19,22,32,31,5,5,21,12
[ 469.523576] wil6210-aoa$0,1606497767.741808,04:d6:aa:ab:45:40,2,1,1,0,128,283,287,911,892,38,17,238,905,663,842,403,935,820,959,49,149,888,928,505,562,129,777,187,845,188,765,726,730,1008,771,1012,603,47,38,47,29,43,42,13,44,27,34,19,28,47,39,33,22,21,20,34,21,12,9,7,31,19,27,36,34,6,7,23,15
[ 469.554166] wil6210-aoa$0,1606497767.772399,04:d6:aa:ab:45:40,2,1,1,0,128,794,105,877,921,52,0,228,865,682,859,466,907,260,726,0,129,842,930,551,536,8,722,62,745,671,524,771,687,7,784,997,699,50,40,49,31,45,45,15,45,28,34,18,31,50,41,35,24,25,19,37,21,12,11,4,32,23,26,36,35,7,8,24,17
[ 469.584329] wil6210-aoa$0,1606497767.802563,04:d6:aa:ab:45:40,2,1,1,0,128,687,1002,782,935,489,810,766,563,870,5,621,993,858,1022,522,43,304,632,895,492,745,585,361,801,548,998,77,771,207,135,558,244,50,34,45,27,44,42,16,44,28,33,18,27,49,39,37,20,21,19,36,21,12,9,6,29,20,27,37,33,8,8,25,14
[ 469.620994] wil6210-aoa$0,1606497767.839224,04:d6:aa:ab:45:40,2,1,1,0,128,800,94,397,718,520,808,229,856,673,830,949,721,257,744,72,156,765,825,989,345,80,789,139,822,117,704,336,937,591,6,868,322,50,39,51,31,45,45,14,46,28,34,19,29,48,39,36,22,21,20,36,20,11,10,6,28,23,27,34,36,8,7,24,17
[ 469.661060] wil6210-aoa$0,1606497767.879291,04:d6:aa:ab:45:40,2,1,1,0,128,311,342,959,930,32,966,274,920,620,837,505,975,855,953,66,182,882,969,522,547,117,809,123,761,195,785,284,903,576,991,816,362,42,35,43,24,42,39,14,41,26,31,17,26,44,35,31,20,21,16,32,17,10,8,4,28,17,24,32,30,6,5,24,13
[ 469.696018] wil6210-aoa$0,1606497767.914251,04:d6:aa:ab:45:40,2,1,1,0,128,248,261,908,900,28,1014,255,893,666,880,463,909,765,888,11,149,840,886,970,343,79,719,84,780,167,728,790,695,570,980,122,720,48,36,47,31,42,41,15,42,26,32,18,28,46,37,34,22,24,19,35,19,12,9,6,31,19,26,34,33,8,10,26,16
[ 469.732157] wil6210-aoa$0,1606497767.950391,04:d6:aa:ab:45:40,2,1,1,0,128,806,116,880,915,89,30,228,872,661,876,405,926,839,943,470,947,786,903,963,353,78,733,164,788,246,810,307,934,544,3,933,535,54,40,53,35,48,48,18,48,28,35,19,33,50,42,37,25,25,21,37,21,16,11,7,34,23,31,37,41,10,9,28,17
[ 469.763003] wil6210-aoa$0,1606497767.981232,04:d6:aa:ab:45:40,2,1,1,0,128,778,100,422,736,29,982,224,832,689,853,452,954,803,941,57,155,861,901,564,590,21,683,135,771,205,754,731,672,22,795,746,360,50,39,51,32,45,44,17,46,25,30,17,31,49,39,34,23,25,19,38,21,14,13,8,33,24,28,37,36,9,10,27,18
[ 469.797858] wil6210-aoa$0,1606497768.016090,04:d6:aa:ab:45:40,2,1,1,0,128,305,293,947,946,1012,961,220,890,635,823,923,733,869,958,13,142,824,922,1016,364,480,481,644,609,133,744,291,911,526,6,39,630,53,41,50,31,46,45,15,48,30,36,20,31,51,40,36,22,25,20,40,22,12,11,7,32,23,28,37,35,10,8,29,15
[ 469.830291] wil6210-aoa$0,1606497768.048520,04:d6:aa:ab:45:40,2,1,1,0,128,799,164,894,864,43,994,200,844,718,883,873,704,831,899,112,159,851,910,502,527,548,587,121,789,179,767,255,895,639,41,476,1017,51,41,48,32,47,45,16,47,30,34,18,31,51,41,35,22,26,22,37,23,12,10,6,34,22,29,36,35,9,9,27,18
[ 469.871195] wil6210-aoa$0,1606497768.089424,04:d6:aa:ab:45:40,2,1,1,0,128,335,328,932,903,38,1007,667,659,768,888,438,928,838,898,25,178,832,898,547,571,54,747,629,595,199,785,723,667,984,762,168,942,51,40,52,34,46,45,16,46,27,33,20,32,49,41,36,23,26,20,41,22,16,12,9,36,23,29,36,36,13,13,28,20
[ 469.911665] wil6210-aoa$0,1606497768.129894,04:d6:aa:ab:45:40,2,1,1,0,128,312,255,910,929,53,1023,216,881,650,849,923,713,810,926,37,154,836,907,1010,345,547,577,196,808,659,576,338,945,552,970,860,442,55,44,52,34,47,50,19,48,28,37,22,32,54,45,39,26,29,22,44,24,15,15,10,40,27,33,39,41,13,14,33,22
[ 469.946568] wil6210-aoa$0,1606497768.164801,04:d6:aa:ab:45:40,2,1,1,0,128,774,142,920,918,63,1012,297,931,703,880,413,941,879,955,1023,101,805,898,488,520,536,560,647,585,670,571,778,734,25,834,168,712,52,41,56,34,48,49,18,49,26,36,19,34,54,45,36,24,28,20,43,25,14,13,10,36,23,32,39,38,14,13,33,19
[ 469.982790] wil6210-aoa$0,1606497768.201023,04:d6:aa:ab:45:40,2,1,1,0,128,800,121,926,902,89,28,192,797,710,849,437,945,811,930,44,156,827,902,974,379,77,724,195,823,144,684,315,892,651,54,555,78,46,35,44,28,41,42,14,44,28,33,18,27,44,38,34,21,21,17,32,19,9,9,5,28,20,23,34,34,4,6,24,13
[ 470.013089] wil6210-aoa$0,1606497768.231318,04:d6:aa:ab:45:40,2,1,1,0,128,831,97,390,671,518,800,276,855,742,914,458,930,866,943,17,129,795,902,581,588,27,721,87,735,633,539,831,714,17,785,742,316,47,34,47,26,42,40,14,43,26,33,18,27,47,39,35,22,23,18,33,20,11,9,5,30,21,25,37,32,6,8,24,17
[ 470.048171] wil6210-aoa$0,1606497768.266404,04:d6:aa:ab:45:40,2,1,1,0,128,315,306,990,968,64,1,302,928,669,862,431,907,339,771,32,153,841,930,567,569,78,746,171,801,217,794,279,892,565,1020,460,30,46,35,43,27,42,41,15,41,24,30,18,26,45,37,32,21,23,18,33,19,11,9,5,29,21,24,32,33,7,7,24,15
[ 470.084362] wil6210-aoa$0,1606497768.302595,04:d6:aa:ab:45:40,2,1,1,0,128,298,285,369,733,510,798,743,710,140,695,499,996,870,928,73,168,876,930,515,550,106,748,128,823,198,784,320,928,537,1002,813,286,44,34,43,25,40,39,13,40,26,30,18,24,42,35,29,19,19,16,31,16,10,8,3,25,19,24,32,29,5,4,20,12
[ 470.114933] wil6210-aoa$0,1606497768.333166,04:d6:aa:ab:45:40,2,1,1,0,128,301,257,942,885,54,997,724,693,117,697,441,896,858,911,57,164,837,912,533,529,31,686,193,798,138,738,741,687,45,878,396,984,53,39,50,31,47,45,16,48,29,36,18,33,51,42,38,23,24,22,37,22,12,11,7,34,23,28,39,34,8,9,28,17
[ 470.146958] wil6210-aoa$0,1606497768.365187,04:d6:aa:ab:45:40,2,1,1,0,128,644,968,231,776,1011,985,814,574,941,35,636,981,839,10,102,312,821,807,858,469,658,528,833,600,1021,757,628,925,256,196,982,640,42,34,43,25,40,41,13,41,27,32,18,28,47,40,34,22,23,18,34,19,12,10,9,30,20,24,35,33,9,8,27,14
[ 470.185160] wil6210-aoa$0,1606497768.403394,04:d6:aa:ab:45:40,2,1,1,0,128,352,351,954,965,78,1006,254,905,678,901,498,967,808,942,62,164,838,927,523,528,111,770,200,785,191,755,285,922,532,994,896,376,48,37,45,28,42,42,14,43,25,32,18,26,44,39,33,21,24,20,34,19,11,10,6,32,24,27,35,35,9,7,25,15
[ 470.222963] wil6210-aoa$0,1606497768.441192,04:d6:aa:ab:45:40,2,1,1,2,128,352,351,954,965,78,1006,254,905,678,901,498,967,808,942,62,164,838,927,523,528,111,770,200,785,191,755,285,922,532,994,896,376,42,34,43,25,40,41,13,41,27,32,18,28,47,40,34,22,23,18,34,19,12,10,9,30,20,24,35,33,9,8,27,14
[ 470.257436] wil6210-aoa$0,1606497768.475669,04:d6:aa:ab:45:40,2,1,1,0,128,792,84,905,897,20,1,217,907,634,826,970,738,292,759,498,967,238,697,977,346,491,544,580,608,683,563,789,712,89,833,860,503,53,39,49,32,45,47,16,46,29,35,20,30,49,41,37,23,26,21,38,21,15,11,7,34,22,28,37,37,11,7,28,17
[ 470.293457] wil6210-aoa$0,1606497768.511690,04:d6:aa:ab:45:40,2,1,1,0,128,759,80,400,720,550,804,210,860,110,642,916,748,826,940,32,136,227,655,974,327,486,543,595,625,633,575,383,962,442,984,404,964,55,40,54,35,48,48,17,49,28,36,21,32,54,42,37,25,27,21,42,26,15,12,9,37,25,30,39,37,10,13,32,16
[ 470.332279] wil6210-aoa$0,1606497768.550508,04:d6:aa:ab:45:40,2,1,1,0,128,288,254,974,942,29,985,296,880,715,835,467,946,796,898,64,162,852,954,571,635,18,692,241,825,160,757,326,903,533,1010,877,441,55,48,50,44,49,43,38,35,24,35,27,47,45,37,29,23,66,46,64,39,55,40,62,74,51,48,40,46,52,36,64,47
[ 470.364757] wil6210-aoa$0,1606497768.582989,04:d6:aa:ab:45:40,2,1,1,0,128,739,66,921,889,512,823,235,857,653,825,894,691,846,954,28,152,816,920,559,528,67,774,204,850,187,735,250,882,584,1015,424,0,54,44,53,36,50,47,18,48,29,34,21,33,52,43,38,26,30,23,44,24,16,14,9,38,25,32,37,39,14,16,32,21
[ 470.399299] wil6210-aoa$0,1606497768.617529,04:d6:aa:ab:45:40,2,1,1,0,128,296,297,892,882,31,987,226,861,698,834,945,738,833,926,59,139,857,948,526,518,53,744,150,822,174,761,282,890,569,18,195,761,51,39,51,33,47,46,17,46,25,35,18,31,50,43,35,24,26,22,39,22,14,10,7,34,22,29,34,35,10,11,28,18
[ 470.430165] wil6210-aoa$0,1606497768.648398,04:d6:aa:ab:45:40,2,1,1,0,128,282,281,898,903,37,976,728,686,147,696,871,652,879,936,51,147,860,926,488,525,81,720,669,577,688,574,816,711,25,826,984,549,50,39,45,31,46,45,16,43,28,34,17,29,49,39,32,21,21,19,33,19,12,8,5,29,21,26,33,33,6,6,24,16
[ 470.465375] wil6210-aoa$0,1606497768.683603,04:d6:aa:ab:45:40,2,1,1,0,128,751,55,966,936,10,999,232,874,696,884,439,909,795,879,562,997,249,673,6,356,477,516,588,586,657,513,801,707,40,857,621,241,40,31,41,24,38,35,12,37,24,29,16,25,42,34,29,19,21,17,31,16,10,8,5,26,18,21,30,29,6,6,22,14
[ 470.499599] wil6210-aoa$0,1606497768.717831,04:d6:aa:ab:45:40,2,1,1,0,128,821,129,335,693,538,818,190,863,709,887,413,874,237,707,507,944,278,733,10,345,536,543,585,640,637,559,795,726,33,860,542,165,58,53,52,46,51,41,42,38,27,35,28,49,46,40,29,24,70,50,66,42,57,39,64,75,52,50,44,47,53,36,68,49
[ 470.540162] wil6210-aoa$0,1606497768.758390,04:d6:aa:ab:45:40,2,1,1,0,128,812,118,390,716,540,834,255,901,159,718,946,739,869,966,49,183,829,935,465,510,96,745,597,596,649,561,774,703,590,971,115,745,52,39,51,31,45,43,14,47,29,34,18,29,49,42,35,22,22,19,37,20,11,10,6,32,24,28,37,32,8,6,24,16
[ 470.580379] wil6210-aoa$0,1606497768.798608,04:d6:aa:ab:45:40,2,1,1,0,128,311,307,909,935,61,3,294,910,677,885,508,955,809,953,1019,97,840,947,577,609,103,793,209,836,225,775,353,937,506,983,211,846,48,34,46,27,43,39,14,42,26,31,18,27,46,37,34,23,23,19,36,21,12,9,7,31,24,25,34,34,11,10,25,16
[ 470.620811] wil6210-aoa$0,1606497768.839039,04:d6:aa:ab:45:40,2,1,1,0,128,290,264,984,951,13,991,276,886,633,856,409,901,287,759,76,151,776,875,474,522,513,499,158,789,211,759,256,862,602,983,588,145,49,36,49,27,43,42,13,41,26,32,18,28,45,38,34,23,20,19,32,18,11,10,5,29,19,25,36,33,6,6,24,14
[ 470.661025] wil6210-aoa$0,1606497768.879256,04:d6:aa:ab:45:40,2,1,1,0,128,766,77,347,750,500,832,745,711,703,878,462,884,242,750,498,938,932,1001,483,549,537,547,645,593,614,497,778,748,546,6,775,334,49,38,49,32,45,44,14,44,27,34,18,29,49,38,35,21,25,19,39,21,12,11,6,32,24,26,36,35,11,10,26,17
[ 470.699524] wil6210-aoa$0,1606497768.917757,04:d6:aa:ab:45:40,2,1,1,0,128,871,144,889,914,37,29,196,887,749,928,459,920,840,926,88,183,847,897,513,536,127,778,594,581,738,623,309,902,583,7,579,172,52,39,48,28,45,44,16,44,27,33,19,30,50,41,34,23,24,21,36,21,14,9,8,30,21,28,38,36,6,8,26,15
[ 470.736486] wil6210-aoa$0,1606497768.954720,04:d6:aa:ab:45:40,2,1,1,0,128,771,81,383,730,538,817,265,872,133,684,458,903,822,942,72,93,842,872,535,533,83,715,656,645,662,590,278,905,578,14,721,324,54,44,52,34,47,48,18,47,29,35,19,31,51,42,38,25,29,22,40,25,13,11,8,36,23,31,38,36,12,13,31,19
[ 470.771507] wil6210-aoa$0,1606497768.989738,04:d6:aa:ab:45:40,2,1,1,0,128,306,295,339,734,519,840,709,682,134,668,922,707,280,735,54,137,245,734,957,312,548,620,148,821,180,781,267,897,599,978,635,269,49,41,46,29,45,44,15,45,28,35,18,28,50,41,37,22,24,19,37,20,15,8,6,31,24,28,37,34,8,9,24,15
[ 470.802482] wil6210-aoa$0,1606497769.020717,04:d6:aa:ab:45:40,2,1,1,0,128,333,314,941,921,54,8,188,884,715,915,438,922,878,961,1005,97,829,906,533,549,517,541,615,640,219,824,264,903,559,16,248,850,51,39,49,30,46,45,14,45,28,33,19,29,49,40,36,23,24,20,35,20,11,9,3,32,21,25,37,35,7,9,27,16
[ 470.832913] wil6210-aoa$0,1606497769.051146,04:d6:aa:ab:45:40,2,1,1,0,128,772,114,948,915,29,1022,168,831,736,895,470,932,820,927,968,110,253,686,942,330,507,528,575,608,679,536,731,701,1021,789,5,680,50,39,53,32,45,45,15,47,27,34,21,29,48,38,36,22,24,19,34,20,11,8,5,29,20,27,32,32,9,7,24,15
[ 470.869533] wil6210-aoa$0,1606497769.087766,04:d6:aa:ab:45:40,2,1,1,0,128,365,327,955,975,57,998,703,655,154,717,470,929,218,708,557,1000,824,892,575,539,56,745,223,848,181,745,277,867,565,1003,811,376,45,36,44,25,42,39,14,42,26,32,17,28,46,36,32,21,19,20,32,18,11,8,6,29,17,24,34,31,7,6,23,13
[ 470.914498] wil6210-aoa$0,1606497769.132732,04:d6:aa:ab:45:40,2,1,1,0,128,828,146,888,894,498,786,279,912,647,892,456,951,783,897,523,1020,219,671,22,369,547,544,507,556,678,619,284,887,543,946,772,263,47,36,46,28,42,40,14,42,23,30,17,26,43,35,31,20,23,16,31,20,10,9,5,27,19,24,33,30,7,9,24,15
[ 470.945360] wil6210-aoa$0,1606497769.163593,04:d6:aa:ab:45:40,2,1,1,0,128,280,256,339,653,86,1023,213,889,698,857,385,923,758,886,472,963,271,701,1008,335,1018,707,514,580,683,587,278,936,578,961,336,1010,47,35,43,27,39,41,15,41,25,32,16,26,46,34,31,20,24,18,34,19,10,8,5,28,21,25,34,32,7,8,24,16
[ 470.981949] wil6210-aoa$0,1606497769.200179,04:d6:aa:ab:45:40,2,1,1,0,128,239,267,895,899,509,794,716,697,150,662,437,931,770,905,994,113,854,921,566,561,79,768,71,793,241,794,285,880,555,22,575,29,47,34,45,28,43,41,15,40,28,32,18,27,45,36,31,20,22,20,32,18,11,8,3,26,21,25,33,33,4,3,26,13
[ 471.017071] wil6210-aoa$0,1606497769.235304,04:d6:aa:ab:45:40,2,1,1,0,128,287,284,950,914,23,987,253,874,688,869,902,716,310,759,52,107,883,952,492,544,11,751,585,578,664,550,310,896,565,1022,841,403,53,40,52,31,45,47,14,46,28,34,18,31,50,41,35,25,27,21,37,23,14,9,6,33,22,28,37,36,8,10,26,18
[ 471.047735] wil6210-aoa$0,1606497769.265969,04:d6:aa:ab:45:40,2,1,1,0,128,814,119,359,691,532,835,285,913,667,907,506,944,741,890,71,148,839,926,979,361,89,819,57,758,679,583,263,874,531,0,449,52,50,39,47,28,44,43,15,46,28,35,20,30,48,42,35,23,25,21,35,22,13,10,8,35,23,28,34,35,10,7,25,16
[ 471.083026] wil6210-aoa$0,1606497769.301259,04:d6:aa:ab:45:40,2,1,1,0,128,826,126,890,917,514,788,251,891,724,893,434,893,863,901,99,175,877,916,544,596,79,730,173,743,202,829,255,909,563,994,189,827,52,41,50,30,42,44,15,44,27,34,18,29,48,40,36,23,25,20,34,20,12,10,6,32,18,27,35,34,10,7,27,17
[ 471.114491] wil6210-aoa$0,1606497769.332725,04:d6:aa:ab:45:40,2,1,1,0,128,823,125,379,754,50,1004,296,910,757,933,449,900,807,931,55,177,792,904,512,550,73,713,236,851,155,714,308,883,520,1,29,568,52,39,52,33,47,46,17,47,27,35,21,32,52,40,36,24,26,19,39,23,14,10,8,33,24,30,37,38,13,10,28,17
[ 471.146038] wil6210-aoa$0,1606497769.364270,04:d6:aa:ab:45:40,2,1,1,0,128,800,131,891,894,26,957,259,875,720,854,467,911,217,739,523,1003,312,780,522,531,545,583,129,815,170,738,734,718,569,945,58,686,53,39,51,33,47,46,17,47,26,35,20,31,50,41,37,24,28,22,41,22,15,13,10,35,25,30,38,39,13,12,28,20
[ 471.182321] wil6210-aoa$0,1606497769.400554,04:d6:aa:ab:45:40,2,1,1,0,128,844,131,859,851,63,23,286,906,670,868,474,906,815,926,531,970,850,936,507,560,26,717,627,584,687,588,294,874,1015,782,263,954,50,39,50,32,45,46,14,45,28,35,18,30,52,40,35,22,25,20,36,21,13,12,6,33,21,28,34,34,10,10,27,17
[ 471.213147] wil6210-aoa$0,1606497769.431380,04:d6:aa:ab:45:40,2,1,1,0,128,328,296,958,955,23,982,302,944,663,845,511,983,824,905,74,143,804,892,516,518,536,558,196,842,116,710,748,704,574,17,414,968,47,36,45,27,45,45,13,43,26,33,18,28,48,39,33,22,24,18,34,20,12,9,6,31,19,25,34,33,8,7,27,16
[ 471.243628] wil6210-aoa$0,1606497769.461862,04:d6:aa:ab:45:40,2,1,1,0,128,331,312,924,897,50,998,265,854,111,688,470,927,820,919,73,148,821,903,526,554,82,768,159,817,132,731,259,871,630,53,599,157,48,38,46,30,44,44,14,43,28,34,19,30,48,39,35,22,22,18,35,21,13,9,6,30,22,27,35,35,8,6,25,18
[ 471.274293] wil6210-aoa$0,1606497769.492526,04:d6:aa:ab:45:40,2,1,1,0,128,328,322,898,926,63,12,248,880,720,907,441,929,785,883,557,3,822,907,594,589,53,734,125,813,208,798,312,893,547,985,535,120,45,34,43,27,39,40,14,40,24,29,18,25,42,35,30,21,20,16,32,18,13,9,6,25,18,23,32,31,6,8,22,15
[ 471.309517] wil6210-aoa$0,1606497769.527745,04:d6:aa:ab:45:40,2,1,1,0,128,799,119,961,935,5,979,253,883,657,840,524,962,288,711,543,976,801,861,994,369,545,595,542,605,243,786,340,902,508,951,853,469,60,52,53,46,52,44,40,37,27,36,28,48,47,37,28,24,67,48,63,40,56,39,64,75,49,47,42,47,53,36,65,45
[ 471.340426] wil6210-aoa$0,1606497769.558659,04:d6:aa:ab:45:40,2,1,1,0,128,337,293,926,941,84,1010,220,938,691,874,461,933,825,934,4,152,767,845,10,406,75,678,218,825,203,762,321,910,543,991,256,788,43,35,42,27,41,40,15,39,24,30,18,26,43,35,32,22,22,18,33,19,11,9,5,26,19,23,30,31,6,6,20,14
[ 471.375833] wil6210-aoa$0,1606497769.594061,04:d6:aa:ab:45:40,2,1,1,0,128,246,163,785,940,1012,984,300,799,264,822,157,835,279,821,151,294,830,830,450,701,235,795,340,817,516,969,675,952,172,101,223,859,51,39,50,33,46,46,16,47,28,35,20,32,50,42,34,22,25,20,37,22,15,11,6,34,25,29,39,36,8,9,26,16
[ 471.409424] wil6210-aoa$0,1606497769.627652,04:d6:aa:ab:45:40,2,1,1,0,128,316,275,939,908,1023,1005,225,869,733,865,441,965,823,926,79,153,867,910,591,600,61,709,231,847,164,771,759,706,571,1013,1004,608,50,38,46,29,45,46,16,45,27,34,20,30,46,40,36,23,23,21,34,20,12,9,6,31,21,24,35,35,6,6,26,16
[ 471.447397] wil6210-aoa$0,1606497769.665631,04:d6:aa:ab:45:40,2,1,1,0,128,317,335,921,936,49,4,248,911,635,846,966,747,833,930,532,988,816,901,598,567,82,741,193,812,231,796,312,922,572,1002,974,428,53,41,53,34,46,46,17,47,28,36,20,32,51,42,38,25,28,22,40,23,14,11,8,35,24,30,38,37,11,13,30,18
[ 471.483698] wil6210-aoa$0,1606497769.701931,04:d6:aa:ab:45:40,2,1,1,0,128,327,309,955,925,55,27,209,844,701,905,408,906,837,917,35,132,801,908,510,539,63,718,201,828,212,757,258,862,624,5,516,94,49,39,48,29,44,44,14,45,27,34,18,29,50,40,35,21,22,18,35,21,10,9,4,30,20,26,34,35,7,7,24,16
[ 471.514032] wil6210-aoa$0,1606497769.732267,04:d6:aa:ab:45:40,2,1,1,0,128,852,152,354,722,50,992,706,722,706,865,427,927,264,733,1018,129,864,938,526,573,122,752,134,767,696,556,810,717,542,986,90,761,52,39,52,34,47,47,17,47,27,34,19,32,51,43,37,26,26,21,40,23,15,12,8,37,25,31,36,37,12,10,27,19
[ 471.544944] wil6210-aoa$0,1606497769.763177,04:d6:aa:ab:45:40,2,1,1,0,128,814,107,969,973,67,10,199,860,702,903,451,943,867,945,24,148,247,714,979,293,507,526,742,673,210,774,331,944,501,1018,109,692,49,37,48,28,44,44,14,45,28,33,19,27,50,40,37,23,25,19,36,20,14,11,6,31,24,26,35,33,9,9,28,16
[ 471.579710] wil6210-aoa$0,1606497769.797940,04:d6:aa:ab:45:40,2,1,1,0,128,783,91,978,955,52,1012,231,881,722,921,432,891,274,742,527,969,862,938,543,537,74,736,15,768,264,770,281,912,597,995,269,775,45,32,41,25,41,37,12,38,24,30,14,24,42,34,30,18,20,18,29,14,9,8,3,23,17,20,31,28,3,2,20,11
[ 471.610429] wil6210-aoa$0,1606497769.828662,04:d6:aa:ab:45:40,2,1,1,0,128,738,95,953,937,85,1019,252,900,696,883,451,922,779,903,514,1014,846,924,486,525,60,756,114,776,154,736,349,915,563,1008,322,782,48,36,48,28,44,42,13,44,27,34,17,28,47,39,35,23,21,18,33,19,11,9,6,29,19,26,34,33,6,7,25,16
[ 471.646357] wil6210-aoa$0,1606497769.864591,04:d6:aa:ab:45:40,2,1,1,0,128,772,106,389,774,31,990,308,936,621,835,445,923,297,698,482,947,270,712,997,345,69,772,122,834,188,774,735,719,534,982,176,736,49,38,49,29,44,45,16,43,28,32,20,29,48,39,35,21,22,19,33,19,11,9,6,26,19,24,34,30,6,5,24,14
[ 471.679955] wil6210-aoa$0,1606497769.898183,04:d6:aa:ab:45:40,2,1,1,0,128,782,138,922,911,55,993,259,882,734,921,394,916,797,901,500,955,286,718,4,386,543,531,566,593,735,604,289,891,511,994,37,630,45,32,43,24,40,39,13,39,27,30,17,26,44,35,31,20,20,18,31,18,9,9,4,26,18,25,35,32,6,6,23,13
[ 471.717538] wil6210-aoa$0,1606497769.935771,04:d6:aa:ab:45:40,2,1,1,0,128,736,47,943,884,51,988,253,873,94,631,903,696,325,760,503,965,236,675,568,550,86,761,160,841,664,572,715,648,102,831,154,789,56,41,54,35,48,50,17,50,29,35,20,33,51,43,38,25,27,22,43,25,15,13,7,36,27,32,37,37,12,13,32,18
[ 471.755160] wil6210-aoa$0,1606497769.973388,04:d6:aa:ab:45:40,2,1,1,0,128,230,165,792,962,49,10,292,790,849,980,61,751,330,847,154,324,756,746,452,710,210,759,325,823,513,930,580,914,806,332,339,954,45,34,44,27,43,41,15,42,25,32,17,27,44,36,33,22,25,18,36,20,13,10,8,31,21,27,32,32,10,11,25,17
[ 471.795322] wil6210-aoa$0,1606497770.013550,04:d6:aa:ab:45:40,2,1,1,0,128,791,99,371,762,34,0,258,903,735,891,468,933,866,953,1018,145,834,892,514,542,75,717,618,556,235,776,318,912,1001,790,29,596,54,44,53,35,49,49,19,49,28,35,21,34,51,43,38,25,30,21,42,24,14,12,8,37,28,33,37,40,12,14,31,21
[ 471.834579] wil6210-aoa$0,1606497770.052812,04:d6:aa:ab:45:40,2,1,1,0,128,358,314,970,914,61,10,268,862,744,898,444,921,901,991,28,131,826,924,511,552,48,711,251,811,206,793,266,897,1005,770,915,550,51,38,51,32,45,48,16,44,28,33,19,31,50,42,36,25,25,20,40,24,13,9,6,34,21,27,34,35,9,10,27,17
[ 471.868717] wil6210-aoa$0,1606497770.086947,04:d6:aa:ab:45:40,2,1,1,0,128,772,89,898,911,498,794,734,676,82,644,890,718,820,922,52,182,835,919,518,563,31,697,594,560,674,583,732,702,1007,777,582,249,50,38,49,31,47,47,16,45,29,34,20,31,50,42,35,23,22,20,36,19,13,9,6,32,21,27,37,33,9,7,26,17
[ 471.905775] wil6210-aoa$0,1606497770.124009,04:d6:aa:ab:45:40,2,1,1,0,128,331,322,941,942,46,1023,203,893,724,903,445,917,895,978,33,142,880,939,563,600,9,717,112,824,199,787,225,877,65,832,855,359,61,55,56,49,53,46,44,41,29,40,30,52,49,41,33,25,72,52,73,45,57,42,67,77,51,52,44,49,56,39,69,50
[ 471.942418] wil6210-aoa$0,1606497770.160651,04:d6:aa:ab:45:40,2,1,1,0,128,809,124,394,747,57,1011,238,871,128,697,530,959,817,931,1022,97,880,917,7,335,101,746,59,790,144,717,724,698,1020,828,844,533,54,45,46,42,45,40,36,35,25,31,23,44,42,34,27,21,62,44,60,40,53,39,63,72,44,44,40,45,53,34,62,46
[ 471.973386] wil6210-aoa$0,1606497770.191620,04:d6:aa:ab:45:40,2,1,1,0,128,301,258,908,922,18,983,291,912,660,863,463,959,869,949,54,159,853,954,559,587,56,710,170,785,181,778,296,885,484,962,417,1017,50,36,47,31,46,42,15,45,27,32,18,28,47,40,34,22,26,21,35,20,13,11,7,33,23,29,34,34,10,8,27,16
[ 472.009688] wil6210-aoa$0,1606497770.227922,04:d6:aa:ab:45:40,2,1,1,0,128,752,70,422,764,5,971,288,902,703,881,423,872,850,952,38,144,834,887,496,533,46,727,116,788,205,784,279,868,565,24,434,66,53,42,53,35,47,48,16,49,30,34,19,34,51,43,37,26,29,21,43,25,16,12,7,38,25,31,41,38,12,13,29,21
[ 472.044722] wil6210-aoa$0,1606497770.262954,04:d6:aa:ab:45:40,2,1,1,0,128,807,94,927,926,51,1014,317,952,635,829,430,908,296,737,541,989,247,679,468,505,504,537,108,809,697,557,773,709,538,1008,596,164,52,39,51,33,46,45,16,45,28,35,18,32,53,41,37,24,26,21,39,23,13,11,8,38,25,30,38,37,13,12,29,19
[ 472.081773] wil6210-aoa$0,1606497770.300001,04:d6:aa:ab:45:40,2,1,1,0,128,327,319,960,938,0,973,758,705,706,910,486,938,824,898,18,149,804,848,29,378,59,700,128,786,675,594,781,686,536,25,146,712,41,31,38,21,37,36,12,37,24,28,16,23,40,33,29,18,19,15,27,15,8,6,4,23,17,20,29,27,4,3,20,12
[ 472.115886] wil6210-aoa$0,1606497770.334119,04:d6:aa:ab:45:40,2,1,1,0,128,341,314,872,894,56,1017,243,870,661,863,460,921,840,929,33,174,781,835,511,558,61,751,70,761,675,583,298,900,585,2,743,218,43,35,43,23,41,38,13,40,26,30,18,25,45,37,31,17,20,17,29,15,9,8,4,24,17,22,32,30,4,3,21,13
[ 472.145916] wil6210-aoa$0,1606497770.364149,04:d6:aa:ab:45:40,2,1,1,0,128,348,318,893,929,523,833,760,677,218,737,424,901,249,719,54,189,820,893,562,592,1001,691,290,869,151,737,312,898,562,5,619,168,56,49,50,43,50,43,39,35,24,35,25,46,43,34,28,22,63,45,65,40,50,37,60,69,50,46,42,43,50,34,62,45
[ 472.182790] wil6210-aoa$0,1606497770.401023,04:d6:aa:ab:45:40,2,1,1,0,128,185,171,810,967,980,990,356,824,941,65,674,999,900,47,134,353,813,816,453,729,207,740,411,858,537,977,637,940,796,309,754,275,43,34,42,23,40,38,14,39,23,30,17,24,42,36,31,19,20,17,31,19,9,6,6,27,20,23,31,30,4,6,21,13
[ 472.213101] wil6210-aoa$0,1606497770.431334,04:d6:aa:ab:45:40,2,1,1,0,128,788,110,312,677,530,805,218,864,725,884,440,898,812,893,539,1016,843,892,552,557,27,742,30,784,204,735,804,764,601,1020,213,720,50,40,48,31,47,46,16,47,28,35,20,30,49,43,34,22,25,21,38,21,11,9,7,33,23,26,37,34,9,10,27,16
[ 472.244098] wil6210-aoa$0,1606497770.462332,04:d6:aa:ab:45:40,2,1,1,0,128,777,84,963,947,994,971,238,876,681,897,441,913,834,979,1017,138,825,926,504,532,88,756,559,566,677,551,296,855,96,841,444,0,53,40,50,32,48,46,17,48,29,36,18,32,52,40,35,22,24,19,37,22,13,11,7,32,22,27,37,35,11,8,27,16
[ 472.276002] wil6210-aoa$0,1606497770.494230,04:d6:aa:ab:45:40,2,1,1,0,128,225,171,798,997,4,996,321,803,895,1019,648,957,853,1002,128,289,842,835,477,687,225,753,323,824,560,1017,649,968,774,339,106,746,48,33,46,26,42,41,15,43,26,31,17,28,46,38,32,21,23,18,36,18,12,9,6,32,20,27,34,33,7,7,28,16
[ 472.314663] wil6210-aoa$0,1606497770.532895,04:d6:aa:ab:45:40,2,1,1,0,128,749,74,960,945,47,8,240,870,664,890,930,722,851,944,25,134,804,896,579,586,21,697,61,734,233,783,255,860,564,993,755,277,50,34,47,29,44,44,14,44,27,32,18,29,48,40,33,23,23,18,35,20,10,10,4,30,20,26,35,33,8,8,25,16
[ 472.350651] wil6210-aoa$0,1606497770.568883,04:d6:aa:ab:45:40,2,1,1,0,128,362,290,949,953,53,1012,275,881,175,730,818,641,275,732,582,1013,762,873,974,310,577,581,24,775,678,567,308,880,607,1004,963,569,48,36,47,28,43,43,15,43,27,34,19,29,50,41,36,22,25,18,38,21,13,12,8,32,25,28,37,34,9,8,27,18
[ 472.381229] wil6210-aoa$0,1606497770.599462,04:d6:aa:ab:45:40,2,1,1,0,128,776,107,981,965,27,1003,237,887,137,698,441,913,827,960,71,184,790,928,559,573,542,522,233,847,172,784,310,937,518,978,256,854,44,34,42,25,40,39,14,40,24,30,16,26,47,38,32,19,23,17,33,18,12,8,6,29,22,24,31,32,6,7,23,15
[ 472.417534] wil6210-aoa$0,1606497770.635767,04:d6:aa:ab:45:40,2,1,1,0,128,737,1014,225,792,12,1010,282,729,938,13,647,952,867,3,133,326,781,794,508,728,165,707,784,589,1019,819,19,731,778,363,592,268,49,34,47,28,44,42,14,44,28,33,19,28,48,38,34,22,24,21,34,19,13,9,5,31,22,26,38,33,7,8,27,14
[ 472.452121] wil6210-aoa$0,1606497770.670349,04:d6:aa:ab:45:40,2,1,1,0,128,310,312,960,985,1017,972,231,860,135,705,405,907,823,931,63,181,877,922,601,630,53,731,171,864,237,814,263,892,539,2,952,524,47,35,46,27,43,43,15,45,27,34,17,29,47,40,33,21,20,19,35,18,10,9,5,29,19,27,35,33,6,7,24,15
[ 472.482756] wil6210-aoa$0,1606497770.700990,04:d6:aa:ab:45:40,2,1,1,0,128,312,303,948,901,2,1000,255,924,641,841,527,990,861,958,52,162,258,710,548,553,48,653,275,856,148,719,273,919,544,1011,4,499,49,38,49,30,45,44,16,43,28,33,18,28,49,41,36,22,25,20,35,20,13,9,7,30,22,27,35,35,8,8,27,15
