
[ 252.965450] wil6210-aoa$0,1579164797.982170,04:d6:aa:c1:38:97,2,1,1,2,128,0,0,0,0,0,0,0,0,0,0,0,0,0,0,0,0,0,0,0,0,0,0,0,0,0,0,0,0,0,0,0,0,0,0,0,0,0,0,0,0,0,0,0,0,0,0,0,0,0,0,0,0,0,0,0,0,0,0,0,0,0,0,0,0
[ 252.995108] wil6210-aoa$0,1579164798.011828,04:d6:aa:c1:38:97,2,1,1,2,128,0,0,0,0,0,0,0,0,0,0,0,0,0,0,0,0,0,0,0,0,0,0,0,0,0,0,0,0,0,0,0,0,0,0,0,0,0,0,0,0,0,0,0,0,0,0,0,0,0,0,0,0,0,0,0,0,0,0,0,0,0,0,0,0
[ 253.023216] wil6210-aoa$0,1579164798.039937,04:d6:aa:c1:38:97,2,1,1,0,128,903,338,674,914,404,811,724,730,282,644,479,659,6,366,855,938,575,284,891,906,455,885,694,912,162,705,42,775,760,94,594,183,65,43,48,48,67,65,38,64,40,54,22,61,59,42,66,49,43,32,59,16,29,29,27,49,33,40,36,53,48,30,48,38
[ 253.054277] wil6210-aoa$0,1579164798.070997,04:d6:aa:c1:38:97,2,1,1,0,128,935,351,731,952,487,835,767,724,792,478,501,665,34,357,323,721,137,469,837,885,418,825,750,941,68,603,1013,805,764,77,725,253,61,38,45,47,61,63,34,60,38,51,21,58,56,39,62,46,40,29,53,16,26,27,24,46,29,37,36,50,45,30,47,37
[ 253.088709] wil6210-aoa$0,1579164798.105425,04:d6:aa:c1:38:97,2,1,1,0,128,952,399,671,862,429,847,311,952,258,617,479,641,88,374,886,972,610,295,828,847,496,906,689,941,128,656,518,624,163,889,455,136,70,48,55,54,72,71,41,69,46,59,23,67,63,46,70,51,48,37,64,20,31,31,30,52,35,42,40,56,53,36,52,40
[ 253.127430] wil6210-aoa$0,1579164798.144150,04:d6:aa:c1:38:97,2,1,1,0,128,441,589,251,100,991,1016,288,980,290,633,22,869,63,367,297,755,617,296,893,890,453,870,90,696,679,517,54,834,809,154,517,44,65,46,51,51,69,68,40,66,41,57,23,66,63,44,70,50,45,34,60,17,30,30,28,50,35,42,39,55,51,34,50,39
[ 253.164254] wil6210-aoa$0,1579164798.180975,04:d6:aa:c1:38:97,2,1,1,0,128,472,581,221,50,931,964,326,941,264,647,1012,828,501,492,300,766,592,270,848,839,460,891,688,940,126,666,5,789,742,109,476,77,68,47,53,53,71,69,39,68,44,57,23,66,62,44,71,50,47,36,64,20,30,31,28,52,34,42,40,53,54,36,51,40
[ 253.201550] wil6210-aoa$0,1579164798.218266,04:d6:aa:c1:38:97,2,1,1,0,128,960,397,701,902,973,999,737,740,788,443,453,626,999,284,350,741,604,262,303,652,872,677,147,700,620,446,532,606,683,35,292,905,65,45,50,51,69,68,39,66,43,56,21,65,61,43,68,51,45,33,62,16,30,29,29,50,34,40,39,56,49,32,52,38
[ 253.236614] wil6210-aoa$0,1579164798.253334,04:d6:aa:c1:38:97,2,1,1,0,128,459,606,286,102,978,993,277,947,760,432,20,853,18,328,891,971,73,423,908,883,427,867,633,886,580,454,491,592,756,120,45,548,60,40,46,47,62,62,35,60,38,52,20,59,55,40,64,48,41,29,55,17,27,27,24,47,30,38,35,50,45,31,47,37
[ 253.273629] wil6210-aoa$0,1579164798.290349,04:d6:aa:c1:38:97,2,1,1,0,128,477,594,225,75,964,999,277,929,281,636,29,887,556,548,367,807,117,458,816,852,448,874,125,721,661,471,86,858,723,111,410,939,63,44,48,48,67,67,38,65,42,55,22,62,58,44,67,49,42,28,58,17,27,29,25,50,32,41,36,53,44,29,51,39
[ 253.312752] wil6210-aoa$0,1579164798.329469,04:d6:aa:c1:38:97,2,1,1,0,128,490,615,212,69,18,5,273,913,342,659,72,854,553,518,890,954,147,438,851,869,461,886,667,903,124,646,31,764,708,66,339,916,66,42,49,50,65,65,40,65,40,54,22,64,60,43,69,51,43,31,59,17,29,30,26,49,31,41,36,52,47,29,50,38
[ 253.344946] wil6210-aoa$0,1579164798.361668,04:d6:aa:c1:38:97,2,1,1,0,128,448,543,718,909,458,834,270,913,689,390,534,690,8,310,873,959,90,443,822,813,447,884,55,672,564,428,483,601,789,94,525,56,59,39,46,46,63,63,36,61,38,52,20,60,56,40,64,47,41,30,54,17,26,27,26,48,30,37,36,51,45,29,47,36
[ 253.378316] wil6210-aoa$0,1579164798.395033,04:d6:aa:c1:38:97,2,1,1,0,128,450,557,719,928,422,800,263,930,272,598,535,726,571,552,872,964,93,418,294,682,428,871,114,723,619,476,536,587,202,939,669,292,63,43,48,49,64,64,37,64,39,53,21,61,57,42,65,46,42,33,58,17,29,28,25,47,32,38,36,52,49,33,48,36
[ 253.416433] wil6210-aoa$0,1579164798.433154,04:d6:aa:c1:38:97,2,1,1,0,128,898,351,748,973,938,978,252,916,274,638,1002,808,60,335,909,969,91,465,810,778,483,895,621,873,576,457,498,566,773,128,418,1013,65,43,50,51,67,66,39,69,40,54,22,63,60,43,69,51,43,34,61,17,28,29,26,49,32,41,38,54,49,33,50,39
[ 253.453950] wil6210-aoa$0,1579164798.470665,04:d6:aa:c1:38:97,2,1,1,0,128,454,558,204,34,9,8,313,970,267,612,53,908,539,507,892,958,128,483,867,884,393,869,728,946,79,604,534,611,223,993,490,3,65,43,48,50,68,66,39,65,41,55,21,64,61,44,69,51,45,33,60,18,29,31,27,49,33,40,39,56,51,32,51,38
[ 253.494226] wil6210-aoa$0,1579164798.510945,04:d6:aa:c1:38:97,2,1,1,0,128,973,442,713,902,439,786,713,699,815,467,506,665,583,514,299,769,585,269,299,662,914,688,682,935,185,649,33,818,739,77,779,304,65,43,48,49,66,68,38,63,40,55,22,62,60,43,69,48,43,31,58,18,28,31,27,51,32,40,37,55,47,31,51,38
[ 253.533661] wil6210-aoa$0,1579164798.550382,04:d6:aa:c1:38:97,2,1,1,0,128,495,624,227,94,1013,26,292,897,320,680,15,894,565,553,855,949,144,459,877,929,416,858,686,929,99,660,3,780,811,115,612,80,60,37,47,47,63,62,38,63,39,53,21,62,58,40,69,50,43,32,57,16,28,31,25,49,32,42,39,55,49,33,49,39
[ 253.564374] wil6210-aoa$0,1579164798.581094,04:d6:aa:c1:38:97,2,1,1,0,128,479,604,227,105,967,982,780,756,769,488,1015,861,510,512,928,1000,93,461,849,872,476,907,635,910,51,623,37,748,847,200,972,416,69,46,51,51,72,71,40,67,41,58,22,65,62,45,69,51,46,37,62,17,31,30,30,53,35,43,40,55,54,35,48,38
[ 253.595679] wil6210-aoa$0,1579164798.612400,04:d6:aa:c1:38:97,2,1,1,0,128,419,559,768,922,14,1019,758,750,308,616,559,714,553,498,896,973,147,461,892,902,463,869,649,900,121,645,59,806,769,96,285,797,67,44,50,51,68,67,39,68,43,55,22,65,62,45,71,50,46,34,59,17,31,31,27,51,35,41,39,54,52,35,51,38
[ 253.632415] wil6210-aoa$0,1579164798.649134,04:d6:aa:c1:38:97,2,1,1,0,128,946,413,296,79,956,1015,254,916,714,422,1011,841,1009,327,333,760,611,294,840,830,450,860,94,707,585,428,1015,762,759,121,427,880,65,44,48,49,67,66,38,67,41,56,22,62,60,42,68,49,45,33,58,17,30,30,27,50,31,41,39,55,49,33,52,39
[ 253.667981] wil6210-aoa$0,1579164798.684704,04:d6:aa:c1:38:97,2,1,1,0,128,519,612,270,120,974,973,270,936,295,656,469,651,608,552,899,940,116,461,888,891,450,851,653,909,100,612,34,779,732,109,926,456,66,44,51,51,69,69,41,67,43,59,22,64,63,45,69,49,46,33,61,17,29,31,27,52,34,41,38,55,51,34,52,38
[ 253.700892] wil6210-aoa$0,1579164798.717612,04:d6:aa:c1:38:97,2,1,1,0,128,961,389,756,958,986,1008,297,952,752,447,467,667,67,341,882,942,78,441,885,894,416,836,707,937,109,623,51,814,757,127,23,503,71,51,53,52,70,69,37,68,43,56,21,63,61,44,66,49,46,40,64,17,32,29,29,49,36,39,37,50,55,37,46,34
[ 253.741856] wil6210-aoa$0,1579164798.758575,04:d6:aa:c1:38:97,2,1,1,0,128,929,429,298,125,935,1003,270,912,316,680,1015,820,25,331,867,933,574,237,277,637,906,691,643,879,140,633,476,590,192,923,122,725,60,39,45,44,65,62,38,62,39,52,20,59,57,41,65,47,38,25,53,15,24,28,23,45,27,39,35,51,40,25,48,37
[ 253.783666] wil6210-aoa$0,1579164798.800381,04:d6:aa:c1:38:97,2,1,1,0,128,506,592,225,75,973,960,748,724,765,461,34,881,587,515,900,966,71,460,896,937,391,813,678,916,589,436,530,626,163,925,544,120,59,37,46,47,64,63,36,61,41,53,21,61,58,41,67,49,41,28,54,16,25,30,24,48,29,40,37,55,43,27,48,37
[ 253.823304] wil6210-aoa$0,1579164798.840024,04:d6:aa:c1:38:97,2,1,1,0,128,975,416,261,108,958,989,250,920,749,423,997,827,1020,357,953,997,104,489,877,879,384,828,666,901,119,662,51,800,736,95,934,448,71,51,55,53,69,71,38,69,44,57,23,65,62,44,67,50,48,39,66,19,32,30,30,51,34,41,38,52,56,37,49,37
[ 253.859310] wil6210-aoa$0,1579164798.876027,04:d6:aa:c1:38:97,2,1,1,0,128,478,603,233,103,972,1019,233,916,314,654,1011,836,6,385,350,781,559,262,847,845,473,883,616,884,556,417,568,643,767,142,409,927,65,42,50,48,68,66,38,66,41,55,22,65,62,43,68,50,43,33,60,18,30,31,28,50,34,41,39,54,52,34,50,37
[ 253.895469] wil6210-aoa$0,1579164798.912188,04:d6:aa:c1:38:97,2,1,1,0,128,960,397,689,929,429,827,786,747,257,641,32,876,578,537,900,965,64,421,856,912,375,845,120,722,601,462,474,603,183,909,324,829,67,44,48,49,67,65,37,65,41,56,22,65,61,44,68,49,47,37,64,18,30,31,28,49,35,40,39,53,52,36,50,36
[ 253.926346] wil6210-aoa$0,1579164798.943067,04:d6:aa:c1:38:97,2,1,1,0,128,468,584,724,936,5,973,227,909,334,687,11,873,525,452,329,731,150,458,853,876,911,687,642,921,71,629,494,602,181,915,893,467,65,44,49,48,67,67,38,66,42,56,22,63,60,43,68,50,45,34,60,17,29,29,29,50,33,41,37,52,49,34,48,36
[ 253.962342] wil6210-aoa$0,1579164798.979060,04:d6:aa:c1:38:97,2,1,1,0,128,460,567,752,951,996,999,282,937,258,623,49,885,17,324,370,810,132,484,905,910,393,816,714,928,103,629,8,775,739,89,637,80,61,39,43,46,63,63,37,63,40,52,20,61,58,40,66,48,41,29,55,17,26,28,23,49,30,39,36,51,45,30,48,37
[ 253.997595] wil6210-aoa$0,1579164799.014316,04:d6:aa:c1:38:97,2,1,1,0,128,467,617,251,94,994,1011,240,946,384,691,25,866,630,575,904,986,120,478,854,893,481,908,643,868,111,624,47,827,754,121,649,113,52,30,37,40,54,54,33,53,34,46,18,52,50,34,58,40,34,23,44,12,21,26,19,42,23,34,30,45,34,22,42,33
[ 254.028375] wil6210-aoa$0,1579164799.045097,04:d6:aa:c1:38:97,2,1,1,0,128,442,557,729,923,955,976,311,970,330,663,70,911,498,477,935,1004,120,434,851,865,399,855,625,878,120,641,75,831,757,114,58,517,64,44,48,49,66,65,38,64,42,55,21,63,59,41,67,48,43,34,60,18,30,29,27,50,33,40,37,53,51,34,48,38
[ 254.064788] wil6210-aoa$0,1579164799.081508,04:d6:aa:c1:38:97,2,1,1,0,128,929,391,710,973,1022,1022,273,926,302,623,25,835,578,537,873,945,92,443,847,850,916,686,660,881,119,621,23,771,769,98,375,939,69,47,53,53,70,72,38,67,44,59,22,66,64,44,72,50,45,34,64,18,30,30,29,51,34,42,39,57,52,34,53,41
[ 254.098903] wil6210-aoa$0,1579164799.115620,04:d6:aa:c1:38:97,2,1,1,0,128,494,605,269,129,976,971,295,922,298,636,6,875,573,539,936,2,111,447,871,871,396,841,707,948,100,646,10,757,225,940,460,20,64,40,48,48,65,65,38,64,39,53,22,60,58,41,64,47,43,33,59,16,28,28,25,49,32,38,36,52,48,31,48,37
[ 254.136721] wil6210-aoa$0,1579164799.153443,04:d6:aa:c1:38:97,2,1,1,0,128,443,570,230,77,7,29,285,938,286,640,29,892,627,619,890,970,152,474,902,907,426,898,654,922,86,653,31,791,704,71,244,777,66,45,51,51,69,69,40,67,42,57,22,65,59,43,68,50,46,34,60,18,30,31,28,51,33,42,39,53,52,34,52,38
[ 254.172451] wil6210-aoa$0,1579164799.189171,04:d6:aa:c1:38:97,2,1,1,0,128,445,558,235,69,966,995,741,731,234,596,1002,848,586,475,922,958,63,393,856,847,397,852,159,729,106,622,72,822,742,78,25,636,66,44,50,50,68,68,37,67,42,55,21,64,61,43,67,49,45,35,60,17,31,30,27,51,35,41,37,54,51,35,50,38
[ 254.203515] wil6210-aoa$0,1579164799.220236,04:d6:aa:c1:38:97,2,1,1,0,128,960,389,740,958,452,812,283,934,295,608,75,856,562,502,914,1007,98,430,922,888,388,829,689,901,126,622,53,804,205,916,128,735,67,45,51,51,69,67,37,66,43,55,22,64,60,42,69,51,46,34,61,17,31,28,29,51,34,40,38,53,51,33,49,39
[ 254.234703] wil6210-aoa$0,1579164799.251425,04:d6:aa:c1:38:97,2,1,1,0,128,917,377,740,966,985,998,258,903,343,686,7,874,588,565,921,1023,116,481,898,915,402,848,649,889,43,639,458,612,207,932,13,528,65,43,47,49,67,68,37,63,42,55,21,62,59,43,66,49,44,33,57,16,29,28,27,49,32,39,36,52,50,33,50,37
[ 254.270088] wil6210-aoa$0,1579164799.286805,04:d6:aa:c1:38:97,2,1,1,0,128,968,400,738,927,0,1015,338,981,303,635,973,804,562,524,895,979,109,446,800,861,437,881,642,900,81,623,497,567,212,941,33,582,64,44,49,49,65,64,38,65,40,53,22,62,59,42,67,48,43,31,56,16,26,29,25,49,32,38,37,53,44,28,49,38
[ 254.301468] wil6210-aoa$0,1579164799.318190,04:d6:aa:c1:38:97,2,1,1,0,128,424,548,191,74,399,788,802,785,729,448,34,887,560,547,901,993,105,477,905,897,388,836,700,943,107,655,36,805,745,97,628,136,68,45,50,51,70,67,39,67,42,56,23,65,59,42,67,50,46,35,60,18,31,30,28,51,34,41,37,55,51,33,51,38
[ 254.332194] wil6210-aoa$0,1579164799.348915,04:d6:aa:c1:38:97,2,1,1,0,128,949,403,252,104,956,961,282,942,326,650,1018,831,505,494,874,959,545,236,912,906,400,851,631,868,77,610,462,574,217,967,487,66,58,38,42,44,61,61,35,59,39,49,20,58,54,38,61,44,36,25,49,14,24,25,20,44,27,36,33,48,37,24,44,34
[ 254.363838] wil6210-aoa$0,1579164799.380558,04:d6:aa:c1:38:97,2,1,1,0,128,1002,431,228,106,423,785,727,728,726,402,483,656,4,299,366,753,544,215,834,813,910,657,114,732,607,492,45,772,777,117,81,739,66,45,51,52,67,67,38,68,41,57,22,64,61,44,68,51,44,37,62,18,30,29,28,50,34,41,39,56,52,34,51,39
[ 254.400088] wil6210-aoa$0,1579164799.416806,04:d6:aa:c1:38:97,2,1,1,0,128,417,570,209,60,960,985,304,954,277,630,29,880,538,518,929,1015,82,408,865,875,389,835,682,952,544,422,502,548,223,958,96,653,69,45,51,51,71,69,38,66,43,56,21,65,62,44,69,50,46,34,62,18,30,30,27,52,33,41,39,53,52,33,50,38
[ 254.435131] wil6210-aoa$0,1579164799.451851,04:d6:aa:c1:38:97,2,1,1,0,128,493,616,206,103,1012,1018,268,930,298,672,57,884,632,587,876,961,108,463,846,869,442,900,674,919,119,659,14,787,783,112,562,111,63,43,47,50,65,66,37,64,41,55,23,61,60,44,66,48,43,30,56,16,27,29,26,49,32,40,37,51,48,30,49,38
[ 254.466256] wil6210-aoa$0,1579164799.482976,04:d6:aa:c1:38:97,2,1,1,0,128,455,559,242,92,948,947,276,910,712,400,537,688,555,507,318,767,95,432,856,902,425,858,668,909,96,638,33,824,795,189,840,253,64,42,49,49,68,66,38,65,41,54,23,62,59,42,68,48,44,33,60,18,29,31,27,50,34,41,38,56,50,33,49,38
[ 254.501946] wil6210-aoa$0,1579164799.518664,04:d6:aa:c1:38:97,2,1,1,0,128,962,406,322,155,980,997,247,927,320,678,22,852,579,542,860,939,91,432,823,846,464,898,739,932,78,641,48,801,704,71,554,67,65,43,50,49,67,66,40,66,42,55,22,62,60,42,68,49,44,32,60,17,29,31,27,50,33,42,40,54,50,32,51,39
[ 254.537782] wil6210-aoa$0,1579164799.554503,04:d6:aa:c1:38:97,2,1,1,0,128,986,475,177,43,428,812,769,771,346,715,57,893,651,601,917,1001,80,436,871,896,440,847,93,731,160,681,1014,777,236,956,467,996,58,36,43,46,62,62,36,58,39,52,20,58,55,38,63,47,36,25,49,13,24,28,22,46,27,37,34,48,40,27,46,35
[ 254.574456] wil6210-aoa$0,1579164799.591177,04:d6:aa:c1:38:97,2,1,1,0,128,456,564,708,912,3,1000,283,933,361,713,23,834,598,549,889,988,117,478,819,875,464,872,624,885,85,630,36,840,698,60,481,47,65,42,49,49,67,66,39,63,42,54,21,62,59,43,65,49,44,32,57,17,27,28,25,50,31,40,38,52,45,30,49,38
[ 254.604989] wil6210-aoa$0,1579164799.621709,04:d6:aa:c1:38:97,2,1,1,0,128,467,582,209,54,914,961,765,753,789,431,29,851,527,484,942,950,70,450,846,844,400,855,670,938,79,625,56,811,757,115,313,924,67,47,52,52,68,68,38,67,41,57,22,64,61,43,68,50,45,35,59,18,30,30,28,50,34,41,40,55,50,34,50,37
[ 254.641624] wil6210-aoa$0,1579164799.658345,04:d6:aa:c1:38:97,2,1,1,0,128,901,359,728,922,488,836,296,950,276,608,16,871,653,588,916,1002,90,438,840,839,883,665,678,872,586,456,32,779,164,929,596,112,65,42,49,49,68,65,37,65,43,55,21,63,61,42,67,49,46,33,61,17,29,29,28,48,33,39,37,54,50,31,52,40
[ 254.672352] wil6210-aoa$0,1579164799.689073,04:d6:aa:c1:38:97,2,1,1,0,128,476,588,235,64,992,996,314,953,310,659,43,829,575,555,889,963,104,456,831,854,451,884,708,925,95,635,1015,789,760,102,118,716,61,40,46,46,61,62,36,60,38,51,21,60,57,41,67,47,42,29,55,16,27,29,26,48,30,39,36,51,46,29,48,39
[ 254.703039] wil6210-aoa$0,1579164799.719759,04:d6:aa:c1:38:97,2,1,1,0,128,504,629,197,81,1014,3,268,920,258,624,989,834,20,341,890,971,94,438,886,879,427,862,736,958,129,654,75,829,735,102,924,352,59,38,44,46,62,62,36,63,39,50,21,59,58,41,66,49,41,30,54,15,24,29,23,46,28,38,35,51,42,29,49,37
[ 254.734412] wil6210-aoa$0,1579164799.751133,04:d6:aa:c1:38:97,2,1,1,0,128,939,395,683,858,1017,1007,291,937,247,603,897,803,540,467,852,924,98,449,869,817,425,837,677,882,598,442,35,815,728,109,512,25,69,48,55,51,70,67,38,69,42,56,22,64,61,43,67,49,47,38,64,20,31,31,31,51,36,41,39,55,53,35,50,38
[ 254.771841] wil6210-aoa$0,1579164799.788563,04:d6:aa:c1:38:97,2,1,1,0,128,472,584,184,39,953,984,319,938,258,605,461,624,9,298,905,955,71,425,279,680,470,863,122,698,581,418,19,814,753,95,918,521,63,41,46,47,63,64,38,64,40,54,22,61,58,43,66,49,42,30,56,17,27,30,25,49,31,40,37,53,46,29,49,38
[ 254.802137] wil6210-aoa$0,1579164799.818856,04:d6:aa:c1:38:97,2,1,1,0,128,944,368,270,106,944,1000,281,946,744,456,34,877,49,359,915,1019,48,413,902,901,382,826,116,701,575,435,513,603,182,919,128,716,65,43,49,49,68,65,37,65,42,56,23,65,61,43,67,50,43,33,59,17,29,31,27,51,34,41,38,54,51,33,51,39
[ 254.834309] wil6210-aoa$0,1579164799.851030,04:d6:aa:c1:38:97,2,1,1,0,128,470,571,255,49,952,986,339,969,299,649,40,891,533,498,901,983,141,439,895,898,433,828,721,952,83,632,30,805,770,102,697,176,67,47,51,52,69,69,40,69,43,57,23,65,59,44,70,50,45,34,61,17,30,31,29,50,35,43,38,55,52,35,51,38
[ 254.870889] wil6210-aoa$0,1579164799.887608,04:d6:aa:c1:38:97,2,1,1,0,128,432,558,214,71,988,999,231,897,291,661,33,889,588,570,931,977,164,496,868,903,495,902,712,943,123,668,65,795,775,142,428,930,64,43,47,47,66,66,39,63,41,56,21,64,59,43,69,49,45,33,60,16,29,29,26,50,32,42,38,54,50,32,50,39
[ 254.905940] wil6210-aoa$0,1579164799.922659,04:d6:aa:c1:38:97,2,1,1,0,128,959,429,204,57,10,990,299,919,331,666,11,860,568,523,867,958,201,513,839,838,877,660,68,683,591,464,501,578,165,920,659,253,59,37,45,47,63,61,37,62,39,53,20,60,58,41,65,47,40,29,54,16,28,28,23,48,32,39,36,52,45,27,50,37
[ 254.938296] wil6210-aoa$0,1579164799.955012,04:d6:aa:c1:38:97,2,1,1,0,128,974,404,718,923,26,7,284,949,346,681,48,889,584,570,864,928,179,484,875,846,424,856,91,711,585,441,510,592,761,92,999,603,66,44,49,50,67,68,38,64,42,55,23,63,60,43,66,49,44,32,60,17,28,30,26,50,32,40,38,54,46,31,50,38
[ 254.977345] wil6210-aoa$0,1579164799.994065,04:d6:aa:c1:38:97,2,1,1,0,128,917,368,741,897,1007,1016,259,909,313,667,984,846,597,572,911,961,144,449,894,919,438,849,699,939,85,609,514,635,199,922,1002,553,68,45,51,53,69,69,39,67,42,57,21,65,61,46,69,50,47,36,62,18,31,30,28,50,35,40,39,54,52,34,51,40
[ 255.013270] wil6210-aoa$0,1579164800.029989,04:d6:aa:c1:38:97,2,1,1,0,128,460,594,239,73,1009,1,236,933,283,597,15,885,560,513,860,936,90,473,882,895,402,845,753,922,116,612,17,787,776,136,1008,465,57,37,42,44,60,60,35,60,37,51,20,56,56,38,62,45,37,26,51,14,24,28,23,46,27,37,35,48,40,26,46,36
[ 255.053866] wil6210-aoa$0,1579164800.070584,04:d6:aa:c1:38:97,2,1,1,0,128,517,594,202,66,4,6,341,966,266,637,5,882,614,588,849,964,138,444,905,893,425,816,131,757,138,683,49,842,714,102,202,753,60,38,45,46,60,60,35,61,37,49,22,58,57,40,63,46,42,31,54,15,28,29,24,46,31,39,35,51,46,30,47,36
[ 255.093932] wil6210-aoa$0,1579164800.110650,04:d6:aa:c1:38:97,2,1,1,0,128,487,596,265,153,951,975,306,966,278,636,94,919,542,519,917,997,118,461,866,900,421,865,635,878,98,612,86,845,735,102,842,291,64,41,48,50,66,66,37,65,42,56,22,65,61,43,68,51,44,33,58,17,28,32,27,51,32,41,39,55,49,32,50,38
[ 255.134815] wil6210-aoa$0,1579164800.151532,04:d6:aa:c1:38:97,2,1,1,0,128,453,618,270,128,970,994,305,971,260,620,1022,880,576,562,913,1000,82,431,911,963,401,837,718,969,69,637,67,841,740,115,822,330,65,43,51,52,67,68,39,66,42,56,21,63,61,44,67,49,45,33,58,17,30,31,28,50,34,41,39,54,52,31,50,39
[ 255.168393] wil6210-aoa$0,1579164800.185109,04:d6:aa:c1:38:97,2,1,1,0,128,494,622,179,69,977,1023,335,963,319,650,50,871,634,643,925,976,104,470,839,886,408,853,138,746,614,491,33,771,230,940,1015,518,65,42,49,51,67,66,39,66,42,54,22,64,61,43,66,49,45,33,57,17,29,29,27,49,32,40,37,55,47,29,49,37
[ 255.220793] wil6210-aoa$0,1579164800.237512,04:d6:aa:c1:38:97,2,1,1,0,128,501,615,229,102,1014,27,253,918,302,650,13,873,556,532,934,991,50,392,858,871,432,895,670,918,98,620,25,802,727,77,334,852,63,42,48,48,66,65,36,64,40,53,19,61,58,42,65,48,41,31,55,16,27,29,25,48,31,38,35,50,45,29,47,36
[ 255.256361] wil6210-aoa$0,1579164800.273082,04:d6:aa:c1:38:97,2,1,1,0,128,387,564,688,921,427,798,358,981,320,672,56,883,540,527,887,953,186,482,835,907,505,940,668,933,131,690,49,814,733,91,935,512,62,41,47,47,65,64,36,62,39,53,20,62,56,39,64,45,39,32,55,16,26,28,26,45,30,38,35,51,44,28,47,37
[ 255.293373] wil6210-aoa$0,1579164800.310094,04:d6:aa:c1:38:97,2,1,1,0,128,898,363,758,943,978,1001,274,907,735,409,485,647,978,270,376,799,547,222,322,650,881,643,174,752,611,455,462,554,206,916,399,964,58,37,43,44,59,59,35,57,35,48,20,55,53,39,60,42,38,26,50,15,23,27,23,45,27,34,32,47,39,25,43,34
[ 255.330977] wil6210-aoa$0,1579164800.347694,04:d6:aa:c1:38:97,2,1,1,0,128,901,341,250,115,948,985,311,958,264,637,66,894,557,518,856,930,572,217,842,871,465,907,664,878,138,654,23,772,768,105,503,957,69,48,53,52,69,69,39,68,44,58,22,65,63,44,69,51,45,36,63,19,32,30,30,51,35,42,39,55,53,34,51,38
[ 255.370749] wil6210-aoa$0,1579164800.387469,04:d6:aa:c1:38:97,2,1,1,0,128,974,397,694,897,502,855,268,942,276,632,989,833,556,486,889,947,160,489,873,837,477,926,632,906,574,457,519,595,788,118,226,794,63,41,47,45,64,65,37,61,39,55,20,62,59,43,67,49,41,30,58,17,26,31,24,49,31,41,38,53,46,28,49,38
[ 255.407082] wil6210-aoa$0,1579164800.423801,04:d6:aa:c1:38:97,2,1,1,0,128,394,520,217,80,956,995,300,960,277,631,68,874,642,608,879,953,93,464,852,862,436,854,722,945,139,647,50,792,743,89,358,896,66,44,47,49,69,69,38,65,43,55,22,64,63,44,68,50,44,32,58,18,30,30,26,52,33,41,39,54,51,32,53,40
[ 255.443349] wil6210-aoa$0,1579164800.460071,04:d6:aa:c1:38:97,2,1,1,0,128,913,370,713,912,384,769,846,817,704,416,440,659,1014,337,898,955,574,266,889,871,431,835,132,744,122,637,2,778,220,935,934,488,68,46,52,51,67,69,37,67,44,57,23,64,61,43,68,48,45,36,61,17,30,30,28,50,34,41,40,55,53,35,49,38
[ 255.482564] wil6210-aoa$0,1579164800.499282,04:d6:aa:c1:38:97,2,1,1,0,128,961,406,672,845,978,1002,216,919,274,615,478,643,1020,316,262,719,563,216,344,670,934,707,182,787,132,638,1020,782,182,946,246,876,62,42,47,48,64,64,37,63,40,53,20,60,57,41,66,49,44,32,58,16,28,30,27,48,34,40,37,53,49,32,50,37
[ 255.521376] wil6210-aoa$0,1579164800.538096,04:d6:aa:c1:38:97,2,1,1,0,128,428,584,188,75,969,1010,296,925,264,651,467,675,17,308,370,781,86,436,913,902,415,838,728,935,111,629,54,809,769,88,103,607,68,44,50,52,70,70,40,68,43,57,23,66,60,43,70,52,45,34,63,18,29,30,28,53,34,41,39,55,51,35,53,39
[ 255.552146] wil6210-aoa$0,1579164800.568866,04:d6:aa:c1:38:97,2,1,1,0,128,483,622,264,84,1018,12,180,869,304,635,40,883,583,547,848,928,153,473,938,909,444,861,670,902,18,581,501,630,747,90,493,38,58,38,44,46,61,62,35,59,39,52,21,61,59,41,66,49,41,28,52,15,27,29,24,47,29,39,37,55,43,28,49,39
[ 255.582753] wil6210-aoa$0,1579164800.599475,04:d6:aa:c1:38:97,2,1,1,0,128,972,376,768,962,445,806,759,706,766,411,465,663,603,569,270,726,618,290,853,901,426,848,609,902,104,635,1020,775,767,137,797,348,55,35,40,42,62,60,35,56,35,48,19,55,53,39,60,43,35,23,47,13,22,26,21,44,25,35,32,46,38,24,43,34
[ 255.614378] wil6210-aoa$0,1579164800.631100,04:d6:aa:c1:38:97,2,1,1,0,128,989,419,721,941,379,806,309,943,304,659,1021,840,14,325,850,933,127,470,848,850,889,694,98,693,148,646,429,512,211,937,330,1010,66,45,49,48,68,68,36,64,42,56,21,62,61,44,67,49,45,36,62,18,29,30,29,50,34,41,38,52,53,36,47,37
[ 255.651379] wil6210-aoa$0,1579164800.668100,04:d6:aa:c1:38:97,2,1,1,0,128,454,568,230,68,923,956,295,965,308,666,47,882,562,552,906,947,557,290,883,894,405,864,683,925,134,684,20,791,719,102,899,465,58,37,44,44,62,60,36,61,39,51,21,59,56,40,66,46,41,30,55,16,26,29,24,46,30,36,37,51,45,27,49,36
[ 255.682169] wil6210-aoa$0,1579164800.698891,04:d6:aa:c1:38:97,2,1,1,0,128,936,389,722,899,993,984,314,944,347,687,44,821,604,572,857,938,101,454,856,851,453,867,655,864,83,625,478,592,211,947,162,717,68,45,51,50,69,68,37,67,42,56,21,64,60,42,68,49,45,35,62,18,30,29,28,51,34,41,39,54,51,35,52,38
[ 255.713006] wil6210-aoa$0,1579164800.729726,04:d6:aa:c1:38:97,2,1,1,0,128,988,413,215,85,960,1020,338,943,258,629,2,826,72,368,896,973,61,399,855,882,437,887,716,961,156,672,32,793,785,110,547,39,61,41,45,46,63,62,37,62,38,51,21,62,59,41,65,48,42,28,55,15,28,28,26,48,30,40,36,51,45,29,48,36
[ 255.744539] wil6210-aoa$0,1579164800.761255,04:d6:aa:c1:38:97,2,1,1,0,128,447,530,275,123,965,971,259,923,308,659,1020,865,534,506,915,981,64,487,881,915,377,849,698,938,22,618,5,817,747,127,161,722,67,44,50,50,68,67,39,65,43,54,21,64,61,43,67,50,44,33,61,18,30,31,28,50,34,41,36,51,51,34,51,39
[ 255.784861] wil6210-aoa$0,1579164800.801581,04:d6:aa:c1:38:97,2,1,1,0,128,428,552,255,73,1005,7,247,931,273,631,985,815,493,485,891,943,125,493,841,882,486,898,623,876,147,672,43,832,775,139,940,441,67,45,50,50,67,67,38,66,42,55,22,62,61,42,66,48,44,36,59,17,30,30,27,49,34,40,39,51,52,34,51,38
[ 255.818719] wil6210-aoa$0,1579164800.835436,04:d6:aa:c1:38:97,2,1,1,0,128,495,629,252,91,944,970,770,712,355,647,16,853,576,503,340,744,599,232,264,617,478,871,55,642,581,424,465,569,191,925,857,442,57,35,42,43,60,60,36,58,37,50,19,57,55,40,61,45,39,27,49,12,24,28,22,45,25,36,34,50,40,24,45,36
[ 255.856776] wil6210-aoa$0,1579164800.873498,04:d6:aa:c1:38:97,2,1,1,0,128,978,436,234,56,1005,999,317,947,214,597,946,816,519,455,835,917,561,243,913,862,387,857,90,708,122,630,96,818,765,126,188,775,67,45,50,50,68,66,39,65,40,55,23,63,60,43,68,51,45,35,60,18,29,31,27,51,33,43,40,55,51,34,50,39
[ 255.892896] wil6210-aoa$0,1579164800.909617,04:d6:aa:c1:38:97,2,1,1,0,128,502,615,264,148,3,21,286,973,301,677,23,869,590,536,866,974,154,470,828,880,414,848,733,958,111,661,503,596,240,953,781,333,64,43,49,49,66,65,38,65,41,55,20,63,60,43,67,50,43,31,59,16,28,31,25,50,33,41,38,53,47,31,49,38
[ 255.923586] wil6210-aoa$0,1579164800.940307,04:d6:aa:c1:38:97,2,1,1,0,128,477,625,236,116,967,972,300,915,262,605,1003,845,1020,334,846,976,130,460,862,849,416,866,689,910,120,667,55,794,771,101,809,283,61,40,47,47,65,66,38,62,40,52,21,60,58,43,65,48,42,29,54,16,26,29,25,48,30,40,35,53,45,29,49,37
[ 255.954654] wil6210-aoa$0,1579164800.971376,04:d6:aa:c1:38:97,2,1,1,0,128,945,350,679,890,417,836,251,931,248,595,469,654,591,570,830,961,134,493,862,892,882,674,128,718,588,475,1002,770,185,927,448,5,61,38,45,48,64,65,38,64,40,54,20,62,59,42,67,48,43,31,58,17,29,32,27,50,32,39,36,54,50,30,50,39
[ 255.991546] wil6210-aoa$0,1579164801.008263,04:d6:aa:c1:38:97,2,1,1,0,128,486,613,250,79,987,1014,318,922,249,614,1023,830,984,303,893,935,581,236,356,711,379,843,704,938,157,665,80,810,756,98,706,188,65,44,49,50,67,67,38,67,42,57,23,63,60,44,67,50,43,32,59,16,30,31,28,51,32,40,38,56,52,34,52,40
[ 256.027096] wil6210-aoa$0,1579164801.043817,04:d6:aa:c1:38:97,2,1,1,0,128,496,623,258,115,994,1014,304,933,285,635,1012,870,558,536,915,1003,120,450,891,882,444,864,700,930,547,392,529,604,835,171,327,708,60,37,44,47,64,61,37,63,40,52,20,61,60,43,65,49,43,30,56,15,27,29,24,49,31,40,37,53,48,31,51,39
[ 256.060524] wil6210-aoa$0,1579164801.077243,04:d6:aa:c1:38:97,2,1,1,0,128,530,612,251,109,960,979,279,914,309,639,1011,825,587,523,320,770,564,246,326,670,903,660,175,713,647,492,43,769,766,120,434,960,64,43,50,50,66,67,37,65,41,56,21,63,62,44,69,50,44,34,60,19,30,30,28,51,35,40,39,54,51,34,49,39
[ 256.100727] wil6210-aoa$0,1579164801.117448,04:d6:aa:c1:38:97,2,1,1,0,128,468,643,205,85,1009,5,234,877,743,402,55,877,600,529,878,948,106,441,858,893,447,865,633,895,155,684,1020,771,718,90,676,87,54,35,42,42,59,60,35,57,36,49,19,55,56,39,63,44,38,26,49,15,24,28,22,46,28,38,35,49,41,28,46,36
[ 256.135387] wil6210-aoa$0,1579164801.152105,04:d6:aa:c1:38:97,2,1,1,0,128,420,577,264,72,390,784,757,750,266,650,1019,840,1018,303,905,952,58,440,881,880,410,874,683,908,108,653,30,850,689,63,195,815,64,41,47,49,66,65,39,66,41,52,21,64,61,42,67,48,43,33,57,17,28,29,25,49,31,39,36,50,48,31,48,38
[ 256.173697] wil6210-aoa$0,1579164801.190418,04:d6:aa:c1:38:97,2,1,1,0,128,481,570,219,71,1019,1018,253,920,267,617,18,830,586,535,883,944,115,453,776,818,437,833,719,944,104,625,33,815,745,81,542,147,63,41,49,49,67,65,38,67,42,56,23,62,60,44,69,50,41,29,58,16,26,31,24,49,31,40,36,51,46,30,48,39
[ 256.212451] wil6210-aoa$0,1579164801.229168,04:d6:aa:c1:38:97,2,1,1,0,128,439,541,713,923,394,780,755,715,789,454,451,659,556,506,295,760,576,275,848,870,400,865,133,714,126,648,1011,773,203,901,724,322,63,43,46,49,66,66,37,63,40,52,21,61,60,41,65,49,44,30,57,17,28,29,26,48,30,39,36,53,48,30,50,38
[ 256.251425] wil6210-aoa$0,1579164801.268146,04:d6:aa:c1:38:97,2,1,1,0,128,494,598,207,74,975,973,749,720,330,660,950,798,22,352,322,747,532,179,325,686,922,706,687,917,125,657,18,775,711,70,476,97,66,43,51,50,70,68,37,67,42,57,22,65,61,43,69,50,46,35,62,17,32,31,28,51,34,42,39,54,53,34,52,38
[ 256.282166] wil6210-aoa$0,1579164801.298886,04:d6:aa:c1:38:97,2,1,1,0,128,534,644,238,94,990,8,298,945,329,630,12,818,610,544,297,756,523,227,850,847,460,854,679,911,119,643,35,806,759,83,859,333,64,41,49,49,66,66,36,66,41,56,23,63,60,45,67,49,42,32,56,17,29,30,26,50,33,41,37,52,50,32,49,38
[ 256.318411] wil6210-aoa$0,1579164801.335132,04:d6:aa:c1:38:97,2,1,1,0,128,528,600,226,103,1022,1018,261,897,363,703,43,848,569,545,898,974,78,428,865,903,413,830,654,904,107,643,8,766,756,95,270,879,57,37,43,44,61,61,35,59,38,50,21,60,55,39,64,46,40,26,52,15,24,26,25,44,27,38,34,52,43,28,47,36
[ 256.354875] wil6210-aoa$0,1579164801.371596,04:d6:aa:c1:38:97,2,1,1,0,128,438,609,275,120,985,1001,285,937,324,665,32,876,564,519,348,772,124,430,348,716,944,708,669,883,116,641,33,814,734,80,405,922,61,40,47,48,63,63,35,61,40,52,21,60,58,40,64,46,40,29,53,14,25,28,24,47,29,39,34,52,44,27,47,36
[ 256.385624] wil6210-aoa$0,1579164801.402346,04:d6:aa:c1:38:97,2,1,1,0,128,943,387,245,98,400,789,744,703,813,459,5,877,561,497,314,764,613,254,321,671,946,710,172,726,560,415,479,569,167,901,450,112,68,46,53,52,69,68,39,68,45,58,22,66,61,45,70,51,46,37,62,18,33,30,30,52,35,42,39,55,54,37,51,38
[ 256.421727] wil6210-aoa$0,1579164801.438448,04:d6:aa:c1:38:97,2,1,1,0,128,520,646,232,81,1,1023,285,900,255,602,475,673,599,539,918,991,126,470,926,869,424,863,735,951,137,665,45,814,754,99,538,88,59,39,44,46,62,63,37,62,37,52,20,61,58,41,66,47,42,31,55,17,28,29,24,48,32,39,37,53,46,30,48,37
[ 256.453673] wil6210-aoa$0,1579164801.470388,04:d6:aa:c1:38:97,2,1,1,0,128,493,564,729,920,1013,1001,317,948,266,618,991,828,617,536,888,956,37,416,838,877,403,874,670,926,96,636,5,789,745,81,82,550,63,43,48,49,64,65,37,63,40,52,20,61,56,41,65,47,41,34,58,17,28,28,26,49,32,40,37,52,50,32,48,36
[ 256.494224] wil6210-aoa$0,1579164801.510941,04:d6:aa:c1:38:97,2,1,1,0,128,905,375,296,103,966,985,283,943,271,637,1004,870,555,490,908,981,69,379,358,713,418,852,673,929,567,408,516,632,803,147,134,640,67,44,50,50,68,67,38,65,41,54,21,62,59,42,68,48,45,34,60,17,29,30,27,49,32,40,37,53,52,34,50,36
[ 256.534993] wil6210-aoa$0,1579164801.551710,04:d6:aa:c1:38:97,2,1,1,0,128,494,618,245,76,976,1021,263,919,703,399,20,853,554,531,916,950,555,237,368,725,396,824,165,713,95,630,61,791,735,64,491,991,67,45,49,51,68,67,36,67,43,56,22,65,60,42,68,48,44,36,61,18,30,29,28,51,35,40,38,54,51,33,49,37
[ 256.575256] wil6210-aoa$0,1579164801.591978,04:d6:aa:c1:38:97,2,1,1,0,128,911,401,685,937,404,795,779,769,744,431,460,666,23,347,336,772,594,255,297,674,377,826,80,702,628,483,467,588,203,943,872,392,61,50,46,42,57,54,30,57,38,44,16,50,45,35,50,38,41,38,59,14,29,23,26,39,30,29,29,37,49,34,35,27
[ 256.610665] wil6210-aoa$0,1579164801.627382,04:d6:aa:c1:38:97,2,1,1,0,128,999,424,249,52,989,963,731,732,766,451,10,856,606,554,902,969,107,413,342,698,907,695,96,692,107,618,432,539,202,920,598,215,63,42,48,48,64,64,40,64,40,54,21,63,59,43,67,48,41,30,57,16,27,29,25,48,30,41,37,53,46,29,49,38
[ 256.641758] wil6210-aoa$0,1579164801.658480,04:d6:aa:c1:38:97,2,1,1,0,128,925,379,197,91,968,987,735,721,770,432,467,639,66,374,387,828,580,276,843,879,489,916,729,950,134,704,35,815,778,147,236,731,65,42,48,49,65,66,39,64,43,54,21,62,60,43,67,50,43,31,56,17,27,30,25,48,31,41,38,54,46,31,50,40
[ 256.672451] wil6210-aoa$0,1579164801.689171,04:d6:aa:c1:38:97,2,1,1,0,128,429,572,225,100,996,1005,335,929,284,615,1022,867,559,553,868,918,578,266,848,854,929,668,134,716,561,458,1,780,771,108,345,885,58,36,44,46,62,61,35,62,39,53,20,60,58,41,63,48,40,29,51,16,26,29,25,47,31,38,37,53,44,30,48,36
[ 256.709343] wil6210-aoa$0,1579164801.726062,04:d6:aa:c1:38:97,2,1,1,0,128,484,580,294,131,969,1012,325,951,254,643,51,896,570,509,876,937,138,484,342,715,413,846,695,902,94,623,68,813,212,944,614,85,67,43,50,49,67,66,38,66,41,54,20,61,59,42,69,48,45,33,60,17,31,30,28,48,33,41,38,53,50,35,50,38
[ 256.752008] wil6210-aoa$0,1579164801.768728,04:d6:aa:c1:38:97,2,1,1,0,128,454,633,264,95,975,1001,246,949,268,615,44,873,511,488,911,966,615,298,869,883,450,858,137,731,110,642,45,824,811,173,378,858,63,43,47,48,64,65,37,63,40,53,22,60,59,42,64,48,42,32,56,16,28,29,26,47,32,39,36,52,47,31,48,36
[ 256.783807] wil6210-aoa$0,1579164801.800527,04:d6:aa:c1:38:97,2,1,1,2,128,454,633,264,95,975,1001,246,949,268,615,44,873,511,488,911,966,615,298,869,883,450,858,137,731,110,642,45,824,811,173,378,858,67,43,50,49,67,66,38,66,41,54,20,61,59,42,69,48,45,33,60,17,31,30,28,48,33,41,38,53,50,35,50,38
[ 256.819998] wil6210-aoa$0,1579164801.836717,04:d6:aa:c1:38:97,2,1,1,0,128,463,575,675,932,437,800,777,725,837,456,456,623,20,314,364,733,607,272,864,866,454,875,636,866,639,481,1020,759,141,880,256,851,66,45,49,51,68,68,39,66,41,55,22,65,59,43,71,51,44,32,59,17,29,30,27,52,33,43,38,54,50,33,50,41
[ 256.855288] wil6210-aoa$0,1579164801.872009,04:d6:aa:c1:38:97,2,1,1,0,128,997,380,286,100,3,995,331,973,233,595,43,857,547,514,921,971,48,398,887,894,454,924,675,901,44,605,506,626,742,90,478,1007,60,39,46,45,63,63,37,61,39,53,20,61,58,40,65,47,41,29,56,16,27,29,26,49,31,39,36,53,47,31,50,38
[ 256.888145] wil6210-aoa$0,1579164801.904865,04:d6:aa:c1:38:97,2,1,1,0,128,967,407,246,108,977,977,308,952,307,672,14,875,541,508,863,948,120,447,853,874,874,612,124,728,559,432,52,792,778,104,292,776,66,44,49,49,67,67,39,66,41,55,21,63,58,44,67,49,46,35,61,18,31,29,27,50,33,40,39,52,52,34,50,36
[ 256.918722] wil6210-aoa$0,1579164801.935442,04:d6:aa:c1:38:97,2,1,1,0,128,554,647,250,133,991,999,289,934,357,669,34,883,568,529,923,966,111,458,876,856,938,698,681,915,85,635,9,770,733,76,873,388,62,40,47,48,65,67,38,64,40,53,22,62,59,41,66,49,42,30,56,17,28,29,27,51,32,41,36,53,48,32,50,39
[ 256.955042] wil6210-aoa$0,1579164801.971762,04:d6:aa:c1:38:97,2,1,1,0,128,471,599,267,121,902,946,295,917,228,606,17,854,563,535,919,971,108,462,869,911,415,851,681,935,568,454,15,795,785,163,329,815,59,40,45,46,62,63,39,64,39,52,21,60,56,40,65,47,40,29,57,16,25,29,25,48,30,37,35,53,45,29,49,37
[ 256.992971] wil6210-aoa$0,1579164802.009693,04:d6:aa:c1:38:97,2,1,1,0,128,912,356,756,944,449,815,267,912,265,612,31,872,5,322,826,913,585,282,329,655,926,685,665,900,93,632,464,562,226,956,757,369,67,45,49,49,67,68,39,66,42,56,21,63,59,42,65,48,45,33,59,17,29,29,28,48,33,40,37,52,50,33,50,37
[ 257.023626] wil6210-aoa$0,1579164802.040347,04:d6:aa:c1:38:97,2,1,1,0,128,486,602,247,88,979,1006,272,913,287,640,22,838,554,554,915,930,115,452,836,866,895,668,145,746,582,431,32,779,754,107,718,195,59,39,45,46,62,63,36,60,38,53,21,57,56,40,65,46,40,29,55,14,28,28,24,48,30,38,34,53,44,27,49,36
[ 257.056348] wil6210-aoa$0,1579164802.073064,04:d6:aa:c1:38:97,2,1,1,0,128,466,575,253,119,992,980,270,934,289,628,81,909,559,538,915,975,115,472,886,931,484,911,701,956,124,655,33,797,731,67,807,339,61,40,44,47,64,64,37,63,41,53,21,61,58,41,65,48,41,29,56,15,27,31,23,47,29,38,36,53,45,29,48,38
[ 257.094871] wil6210-aoa$0,1579164802.111592,04:d6:aa:c1:38:97,2,1,1,0,128,453,580,266,86,927,978,275,914,746,435,1006,832,593,511,901,977,125,474,843,881,415,803,171,726,584,454,471,597,695,65,357,880,64,42,47,48,64,64,35,63,40,52,21,62,58,40,66,47,42,32,58,17,27,28,26,47,32,39,36,52,49,32,49,37
[ 257.131892] wil6210-aoa$0,1579164802.148608,04:d6:aa:c1:38:97,2,1,1,0,128,451,581,274,116,986,1016,198,865,703,409,459,654,983,297,896,964,107,461,803,825,413,858,110,685,175,679,64,845,755,112,283,816,64,41,48,48,65,66,38,64,42,53,21,61,59,42,67,47,42,29,57,16,26,30,25,49,30,40,37,52,47,30,50,37
[ 257.166721] wil6210-aoa$0,1579164802.183442,04:d6:aa:c1:38:97,2,1,1,0,128,465,603,232,110,992,1004,378,1020,288,636,30,889,595,544,920,997,98,457,850,830,451,883,657,909,146,676,985,751,708,77,714,259,64,42,47,48,66,66,38,66,39,54,21,64,59,41,69,50,42,31,57,16,28,31,26,49,29,40,37,54,47,30,51,38
[ 257.199458] wil6210-aoa$0,1579164802.216175,04:d6:aa:c1:38:97,2,1,1,0,128,901,358,701,895,441,783,763,756,783,476,989,826,596,532,854,924,622,297,310,739,382,826,731,964,92,623,30,777,198,939,634,184,59,37,45,47,63,63,35,63,39,52,19,60,57,40,65,47,40,28,56,15,25,29,25,47,29,39,35,51,45,28,48,37
[ 257.239783] wil6210-aoa$0,1579164802.256502,04:d6:aa:c1:38:97,2,1,1,0,128,931,382,245,79,970,966,270,923,273,648,13,832,621,541,938,984,93,447,910,933,467,885,704,929,57,641,42,796,740,120,292,820,62,39,47,47,65,65,37,62,40,53,20,62,59,41,67,48,42,32,58,17,27,29,26,48,30,41,37,53,48,32,51,39
[ 257.280155] wil6210-aoa$0,1579164802.296871,04:d6:aa:c1:38:97,2,1,1,0,128,480,580,286,140,1007,1020,267,942,335,673,10,868,573,554,924,991,141,472,870,943,401,827,740,963,121,657,72,825,792,115,583,82,68,46,52,51,69,67,37,67,45,58,21,65,60,44,68,47,46,39,63,17,32,30,29,50,35,39,39,51,54,38,50,35
[ 257.315478] wil6210-aoa$0,1579164802.332199,04:d6:aa:c1:38:97,2,1,1,0,128,917,400,700,936,377,783,744,747,759,443,529,708,600,550,871,960,550,221,427,754,442,855,696,924,165,646,26,801,725,84,741,284,66,44,50,51,69,68,38,66,43,55,22,65,60,44,69,50,44,34,63,18,28,30,27,51,34,42,39,53,50,33,51,39
[ 257.346210] wil6210-aoa$0,1579164802.362932,04:d6:aa:c1:38:97,2,1,1,0,128,486,603,227,64,1008,23,255,965,270,629,1020,876,534,518,909,1002,49,420,313,670,466,904,696,945,126,669,1019,792,754,105,137,636,61,40,46,48,65,64,35,60,41,53,21,61,59,42,65,49,41,28,53,15,27,28,24,49,29,40,36,53,46,28,49,39
[ 257.382656] wil6210-aoa$0,1579164802.399377,04:d6:aa:c1:38:97,2,1,1,0,128,915,366,286,139,930,969,332,1021,240,610,7,895,552,513,917,966,74,402,843,848,451,858,674,898,583,465,549,617,698,78,571,113,58,37,44,46,62,61,37,61,38,50,20,58,53,38,64,45,36,24,49,14,22,27,21,43,26,36,32,48,37,25,43,34
[ 257.413623] wil6210-aoa$0,1579164802.430343,04:d6:aa:c1:38:97,2,1,1,0,128,466,590,240,132,1000,968,280,883,370,697,7,828,597,544,857,952,117,461,838,859,851,644,648,846,515,379,516,578,767,95,404,862,65,43,51,50,68,66,38,66,42,54,22,63,58,42,69,48,42,31,60,17,29,30,26,49,32,40,38,55,49,31,51,37
[ 257.450599] wil6210-aoa$0,1579164802.467315,04:d6:aa:c1:38:97,2,1,1,0,128,937,396,702,915,440,831,314,975,696,368,505,648,576,524,353,804,77,409,868,883,400,839,103,731,61,637,460,577,208,933,26,632,66,44,52,50,69,68,39,66,43,56,21,63,60,43,69,50,47,36,60,18,29,30,28,51,34,41,38,55,52,34,52,39
[ 257.490991] wil6210-aoa$0,1579164802.507710,04:d6:aa:c1:38:97,2,1,1,0,128,906,404,721,938,947,1013,805,760,281,631,461,654,15,304,410,790,561,196,339,706,902,661,197,762,85,611,528,600,146,877,896,388,65,43,47,49,67,65,39,64,42,55,22,63,60,43,68,50,43,33,61,18,30,30,27,50,34,41,39,54,52,33,49,39
[ 257.526012] wil6210-aoa$0,1579164802.542732,04:d6:aa:c1:38:97,2,1,1,0,128,447,553,261,112,992,1015,298,951,282,639,1023,831,40,402,910,982,110,480,875,905,433,894,662,867,547,427,79,841,763,90,144,667,66,43,49,50,69,69,39,66,43,56,23,66,62,43,70,50,44,31,60,18,31,31,26,51,33,43,39,58,49,31,51,40
[ 257.558693] wil6210-aoa$0,1579164802.575409,04:d6:aa:c1:38:97,2,1,1,0,128,437,590,231,114,954,981,257,901,274,625,30,875,614,552,879,977,84,462,901,860,411,883,753,976,58,608,57,798,803,154,679,151,59,37,43,43,60,60,36,60,36,49,20,58,54,39,62,44,37,26,51,14,23,27,23,45,26,36,34,48,41,27,44,36
[ 257.598303] wil6210-aoa$0,1579164802.615023,04:d6:aa:c1:38:97,2,1,1,0,128,935,358,716,916,406,792,259,890,738,398,1023,849,545,482,922,974,540,244,874,845,850,661,697,908,85,610,27,772,765,125,1011,584,60,39,45,47,62,63,36,61,39,52,21,60,57,41,65,47,41,28,54,15,26,29,25,47,30,38,36,51,44,28,47,39
[ 257.633290] wil6210-aoa$0,1579164802.650007,04:d6:aa:c1:38:97,2,1,1,0,128,933,363,715,964,969,981,276,915,283,634,1020,861,587,525,867,963,116,468,872,889,454,893,645,874,634,475,469,601,791,102,940,532,67,45,50,48,70,68,38,66,42,56,21,64,62,43,67,49,46,37,63,17,30,31,29,51,33,40,39,53,54,35,51,37
[ 257.666509] wil6210-aoa$0,1579164802.683225,04:d6:aa:c1:38:97,2,1,1,0,128,953,397,749,939,400,808,290,943,282,607,488,667,599,547,900,952,582,218,318,652,459,881,727,942,81,631,28,785,685,44,172,697,65,42,47,49,65,65,38,66,40,53,21,63,59,42,67,49,44,33,57,17,27,29,25,49,32,40,37,52,48,32,48,38
[ 257.707136] wil6210-aoa$0,1579164802.723857,04:d6:aa:c1:38:97,2,1,1,0,128,449,612,228,81,982,1009,346,993,280,672,46,912,563,549,912,962,73,446,300,674,898,690,716,899,108,638,4,772,752,101,420,1018,61,43,49,47,66,67,37,63,41,55,22,63,59,41,67,48,43,32,59,17,29,29,28,50,33,41,39,55,50,32,50,39
[ 257.745391] wil6210-aoa$0,1579164802.762107,04:d6:aa:c1:38:97,2,1,1,0,128,944,392,666,874,466,856,274,942,274,599,23,865,557,543,875,981,70,409,872,868,408,856,654,891,587,455,5,775,157,938,896,475,65,43,49,48,65,65,38,66,41,52,22,63,59,42,65,48,42,32,59,17,28,29,27,48,33,40,37,52,48,32,50,38
[ 257.785503] wil6210-aoa$0,1579164802.802220,04:d6:aa:c1:38:97,2,1,1,0,128,451,569,226,80,957,999,253,913,310,655,1016,859,554,535,934,999,74,436,321,692,1016,752,686,925,121,652,49,820,729,74,579,70,65,42,50,49,68,67,37,67,42,55,20,63,60,41,67,48,42,32,59,18,27,31,28,51,33,41,38,56,51,32,51,38
[ 257.825773] wil6210-aoa$0,1579164802.842494,04:d6:aa:c1:38:97,2,1,1,0,128,938,371,743,943,410,822,694,691,816,455,30,853,546,527,866,963,577,299,868,863,423,879,696,945,607,496,17,769,197,954,992,517,67,46,51,51,67,65,38,69,42,55,21,63,61,44,67,48,46,36,61,17,32,30,27,51,35,41,37,54,50,36,49,37
[ 257.860155] wil6210-aoa$0,1579164802.876871,04:d6:aa:c1:38:97,2,1,1,0,128,479,585,235,43,428,839,782,782,249,611,1013,843,596,540,902,966,131,484,855,890,823,656,46,693,568,464,516,631,783,109,369,950,67,45,52,50,66,65,37,66,42,55,20,62,59,43,64,47,44,37,63,18,30,28,28,46,35,36,37,51,52,34,48,34
[ 257.891725] wil6210-aoa$0,1579164802.908445,04:d6:aa:c1:38:97,2,1,1,0,128,519,628,309,160,960,979,278,939,289,654,416,629,986,288,303,790,567,227,327,695,423,847,675,915,56,607,22,809,750,121,460,993,63,42,47,48,65,66,39,64,39,55,22,62,61,43,67,49,41,31,57,16,28,29,26,48,31,40,37,53,48,31,50,38
[ 257.922813] wil6210-aoa$0,1579164802.939533,04:d6:aa:c1:38:97,2,1,1,0,128,443,577,262,107,946,977,277,943,313,633,7,864,542,492,892,973,101,456,851,865,409,860,101,687,634,490,1,746,792,131,685,278,54,44,44,36,53,49,28,51,34,38,13,45,39,30,44,33,35,33,54,13,26,19,23,35,27,24,25,34,43,31,31,21
[ 257.953638] wil6210-aoa$0,1579164802.970358,04:d6:aa:c1:38:97,2,1,1,0,128,988,440,233,72,997,1001,326,955,288,673,43,882,583,507,933,1006,115,436,889,889,389,798,709,902,118,606,68,816,713,85,360,935,59,38,44,45,61,63,35,60,38,49,20,59,56,38,64,48,38,27,50,16,26,28,23,46,29,38,35,51,41,25,47,36
[ 257.984202] wil6210-aoa$0,1579164803.000923,04:d6:aa:c1:38:97,2,1,1,0,128,951,380,745,941,411,821,305,950,257,611,1015,853,581,525,373,826,117,458,860,883,434,841,723,909,543,415,502,607,696,66,517,46,53,33,37,42,57,57,34,57,36,48,20,56,55,38,62,46,37,26,51,15,23,28,23,44,27,37,33,48,42,27,45,35
[ 258.021159] wil6210-aoa$0,1579164803.037878,04:d6:aa:c1:38:97,2,1,1,0,128,952,398,224,78,951,990,244,942,327,685,18,867,545,558,902,957,60,447,866,879,901,717,697,928,138,661,7,792,769,118,616,158,68,48,52,50,70,68,38,69,44,56,23,66,60,45,68,49,44,37,64,17,32,30,29,50,37,41,39,54,55,36,49,36
[ 258.060407] wil6210-aoa$0,1579164803.077123,04:d6:aa:c1:38:97,2,1,1,0,128,956,394,699,914,1016,14,206,929,300,663,1020,867,36,356,334,783,144,478,919,922,412,886,143,716,127,655,568,640,215,937,285,920,72,49,54,55,73,72,41,72,45,59,24,68,66,47,72,52,49,38,67,17,34,33,31,54,38,45,43,58,58,38,52,39
[ 258.101599] wil6210-aoa$0,1579164803.118315,04:d6:aa:c1:38:97,2,1,1,0,128,905,375,702,928,958,954,768,712,783,436,3,823,571,548,867,924,130,451,295,648,883,672,158,755,108,598,532,606,807,148,862,395,63,41,49,49,66,65,37,65,41,54,19,62,59,42,65,47,44,35,59,16,30,29,27,48,33,40,36,50,52,33,46,34
[ 258.139333] wil6210-aoa$0,1579164803.156053,04:d6:aa:c1:38:97,2,1,1,0,128,952,419,310,123,928,963,326,981,284,621,3,870,551,541,872,950,81,465,815,863,904,661,672,882,589,452,60,808,173,933,899,432,59,36,42,44,63,62,36,58,37,49,20,57,56,40,63,47,38,27,51,15,24,28,23,48,28,38,35,50,43,26,45,35
[ 258.175893] wil6210-aoa$0,1579164803.192613,04:d6:aa:c1:38:97,2,1,1,0,128,507,619,348,131,955,1005,280,918,345,662,24,880,581,545,928,1010,102,444,882,913,432,872,681,945,97,633,56,799,747,129,470,883,67,46,53,51,67,67,38,67,42,55,21,64,59,43,65,46,46,36,62,19,29,29,28,50,35,39,37,54,53,35,51,36
[ 258.211089] wil6210-aoa$0,1579164803.227808,04:d6:aa:c1:38:97,2,1,1,0,128,466,581,207,33,975,1008,243,902,283,624,1019,857,572,573,902,962,108,425,315,700,447,888,161,790,82,603,32,810,224,959,662,215,64,44,49,48,68,66,37,66,41,56,22,63,59,44,66,47,46,35,60,16,30,30,26,49,33,40,37,53,50,33,49,36
[ 258.242145] wil6210-aoa$0,1579164803.258866,04:d6:aa:c1:38:97,2,1,1,0,128,492,592,262,87,913,970,276,952,281,645,6,849,581,537,860,925,117,468,845,823,407,855,652,886,74,630,1021,727,765,86,869,372,59,39,44,45,59,60,36,60,38,52,19,58,58,41,64,46,40,26,54,14,25,29,23,46,29,39,34,50,42,26,46,35
[ 258.272920] wil6210-aoa$0,1579164803.289640,04:d6:aa:c1:38:97,2,1,1,0,128,925,376,269,94,1000,1002,289,924,317,641,6,830,2,319,376,792,590,237,331,736,448,897,651,904,152,676,55,812,723,125,165,675,60,38,44,44,61,61,34,59,39,51,20,59,57,40,65,46,40,28,51,15,24,29,23,47,28,36,35,52,43,29,48,37
[ 258.309660] wil6210-aoa$0,1579164803.326381,04:d6:aa:c1:38:97,2,1,1,0,128,490,607,287,115,877,949,272,915,720,419,57,855,591,527,933,956,564,234,355,680,917,646,97,700,117,637,4,811,786,162,725,190,65,44,48,48,66,66,38,64,41,54,21,62,60,43,68,50,44,33,59,19,28,30,27,50,33,38,39,54,49,32,50,38
[ 258.346326] wil6210-aoa$0,1579164803.363047,04:d6:aa:c1:38:97,2,1,1,0,128,965,409,682,920,424,796,811,753,826,476,521,701,596,565,855,911,570,251,332,672,440,857,104,707,551,396,482,566,211,940,318,888,63,39,47,48,63,64,36,62,39,51,20,61,59,41,65,49,43,30,58,16,28,29,26,48,32,41,36,55,49,32,50,38
[ 258.383816] wil6210-aoa$0,1579164803.400532,04:d6:aa:c1:38:97,2,1,1,0,128,501,600,287,121,992,12,311,946,268,615,88,878,985,328,290,747,563,240,335,679,902,643,113,700,631,475,41,781,791,147,66,558,67,48,52,50,70,67,37,67,44,56,20,64,60,43,66,47,46,37,65,17,31,28,31,49,36,40,37,52,52,37,48,37
[ 258.423790] wil6210-aoa$0,1579164803.440511,04:d6:aa:c1:38:97,2,1,1,0,128,422,529,703,879,404,776,775,718,763,419,469,659,978,262,910,967,78,428,868,878,420,869,633,882,582,462,495,610,730,114,835,404,61,40,44,46,65,65,37,64,40,53,20,61,57,41,64,48,42,29,56,16,27,28,26,47,32,39,36,52,48,32,49,37
[ 258.459918] wil6210-aoa$0,1579164803.476634,04:d6:aa:c1:38:97,2,1,1,0,128,955,440,719,939,449,851,253,925,797,482,1019,857,599,538,843,966,565,295,314,676,922,698,138,765,590,441,79,835,750,137,372,884,55,33,38,40,58,58,34,55,36,48,18,56,52,37,62,45,36,25,50,15,24,27,21,44,27,38,34,49,42,24,46,35
[ 258.495558] wil6210-aoa$0,1579164803.512279,04:d6:aa:c1:38:97,2,1,1,0,128,938,372,734,935,398,787,792,759,685,358,491,679,28,309,316,792,622,293,881,891,862,671,123,710,555,433,510,606,237,985,161,751,61,38,45,46,64,64,36,61,38,53,21,59,58,40,65,47,40,28,55,16,27,28,23,47,30,39,36,52,45,28,47,37
[ 258.533009] wil6210-aoa$0,1579164803.549729,04:d6:aa:c1:38:97,2,1,1,0,128,916,365,690,893,386,758,750,709,724,399,505,699,526,496,336,789,595,245,313,666,959,712,655,921,112,647,491,600,140,902,63,691,62,38,44,45,63,62,35,60,39,51,20,60,55,41,66,47,42,31,55,16,28,29,26,48,32,38,36,52,45,31,49,37
[ 258.564180] wil6210-aoa$0,1579164803.580901,04:d6:aa:c1:38:97,2,1,1,0,128,434,588,253,74,943,972,298,950,299,628,96,883,594,551,843,930,144,465,911,952,410,861,653,890,130,673,46,829,806,156,967,430,54,35,40,43,55,59,34,55,36,47,19,56,52,37,61,45,35,23,46,13,21,27,19,43,25,35,33,47,36,25,42,35
[ 258.599053] wil6210-aoa$0,1579164803.615773,04:d6:aa:c1:38:97,2,1,1,0,128,880,350,237,88,437,792,308,946,298,659,1012,856,567,542,891,986,110,481,831,866,419,865,679,928,93,660,24,799,210,954,304,872,61,39,45,48,64,64,39,63,40,53,20,63,59,40,66,49,43,29,55,16,28,29,25,48,31,39,37,54,47,31,49,38
[ 258.631315] wil6210-aoa$0,1579164803.648035,04:d6:aa:c1:38:97,2,1,1,0,128,523,600,193,65,939,974,742,744,804,464,7,873,553,530,322,751,104,433,289,668,388,838,103,743,586,477,498,621,714,93,924,535,62,40,47,48,64,65,39,62,42,54,22,63,60,43,68,49,42,32,56,17,28,30,27,49,31,39,39,55,46,28,48,39
[ 258.667586] wil6210-aoa$0,1579164803.684307,04:d6:aa:c1:38:97,2,1,1,0,128,445,573,249,125,953,973,260,920,325,650,33,890,570,524,814,927,152,493,840,859,423,858,724,949,65,614,1007,736,252,993,738,356,67,46,50,50,70,67,37,66,42,57,20,64,59,42,68,50,45,33,62,19,31,30,27,50,32,42,39,55,49,34,50,38
[ 258.702503] wil6210-aoa$0,1579164803.719219,04:d6:aa:c1:38:97,2,1,1,0,128,448,576,767,956,400,795,776,773,248,619,432,630,1021,324,267,717,627,264,312,668,937,690,88,743,544,407,491,603,734,90,425,38,67,45,50,51,68,69,39,66,43,57,21,64,60,44,69,49,45,35,62,17,29,30,29,49,34,42,39,54,52,34,49,38
[ 258.739515] wil6210-aoa$0,1579164803.756236,04:d6:aa:c1:38:97,2,1,1,0,128,885,359,731,937,957,972,769,753,798,473,454,648,10,319,289,760,586,237,306,696,901,689,203,760,565,425,511,594,172,898,458,5,66,46,52,51,69,67,38,66,44,55,21,63,61,45,67,50,44,36,63,18,31,29,29,51,35,42,37,53,52,35,50,36
[ 258.775639] wil6210-aoa$0,1579164803.792360,04:d6:aa:c1:38:97,2,1,1,0,128,959,390,697,848,429,818,736,748,201,576,914,851,959,235,302,774,610,259,864,801,409,876,129,748,600,445,492,614,192,941,451,67,62,39,45,46,63,63,36,64,39,51,20,61,56,40,67,49,42,31,57,17,26,29,25,46,31,40,37,52,47,31,48,37
[ 258.812230] wil6210-aoa$0,1579164803.828951,04:d6:aa:c1:38:97,2,1,1,0,128,467,625,228,87,979,965,273,933,252,635,992,816,499,456,308,742,541,238,867,876,916,684,679,917,87,616,481,614,742,112,116,704,62,42,48,48,65,64,36,62,41,53,20,62,57,42,66,47,45,34,59,16,29,29,26,46,33,38,36,52,50,32,48,38
[ 258.842971] wil6210-aoa$0,1579164803.859691,04:d6:aa:c1:38:97,2,1,1,0,128,456,581,219,97,953,979,332,979,310,654,60,897,576,548,350,770,168,466,864,882,454,876,674,895,102,611,13,761,792,174,552,1002,65,44,49,47,66,64,37,65,41,53,22,62,59,41,64,46,45,36,59,18,30,29,27,49,33,37,39,51,50,34,47,36
[ 258.881996] wil6210-aoa$0,1579164803.898712,04:d6:aa:c1:38:97,2,1,1,0,128,889,345,284,116,984,994,300,947,250,604,36,868,602,541,932,985,106,479,844,871,339,792,165,764,540,386,610,667,137,900,292,883,62,38,47,48,64,65,37,65,40,54,22,63,58,42,68,49,42,30,58,16,28,28,26,49,32,41,38,53,48,31,49,37
[ 258.921975] wil6210-aoa$0,1579164803.938696,04:d6:aa:c1:38:97,2,1,1,0,128,429,565,272,88,1006,1020,298,938,264,596,7,837,45,356,957,1017,96,419,866,872,479,888,631,866,119,666,43,813,769,134,759,192,61,41,45,46,66,64,37,61,40,51,21,59,56,41,64,48,40,28,54,16,28,30,24,48,30,40,36,52,45,29,48,37
[ 258.952769] wil6210-aoa$0,1579164803.969490,04:d6:aa:c1:38:97,2,1,1,0,128,984,414,310,126,961,962,271,898,283,637,45,908,545,490,366,800,87,441,900,878,463,870,663,906,23,554,467,592,185,913,15,594,60,40,44,47,65,63,36,63,40,52,21,61,58,41,66,48,41,28,55,16,27,29,25,48,31,40,35,52,45,29,49,39
[ 258.984328] wil6210-aoa$0,1579164804.001048,04:d6:aa:c1:38:97,2,1,1,0,128,495,593,259,120,962,2,283,919,256,604,7,845,1021,313,303,758,578,227,893,840,434,868,667,903,80,601,497,598,765,113,368,974,65,43,48,49,66,67,38,64,40,54,21,63,60,44,66,50,44,32,58,17,28,30,27,49,32,40,37,54,49,32,50,37
[ 259.019968] wil6210-aoa$0,1579164804.036682,04:d6:aa:c1:38:97,2,1,1,0,128,447,613,232,82,6,0,235,886,348,703,986,822,609,555,869,948,137,457,869,863,428,859,687,949,147,707,1004,749,809,137,649,140,66,47,51,50,68,68,39,66,43,56,23,62,60,43,66,48,46,37,62,17,30,29,28,48,33,39,40,52,52,34,49,37
[ 259.055718] wil6210-aoa$0,1579164804.072439,04:d6:aa:c1:38:97,2,1,1,0,128,426,568,726,929,981,981,251,893,291,636,1020,854,557,523,871,1003,90,456,865,900,463,945,700,894,112,645,15,791,760,96,525,73,57,37,44,45,58,62,36,57,37,51,19,56,54,42,64,46,37,26,52,15,25,28,22,46,28,38,35,49,43,27,47,37
[ 259.092450] wil6210-aoa$0,1579164804.109171,04:d6:aa:c1:38:97,2,1,1,0,128,465,574,211,75,967,994,268,914,311,655,1020,835,586,527,832,938,571,279,274,656,909,689,150,741,105,672,38,800,804,114,444,1008,56,36,42,42,58,61,33,58,37,50,18,56,54,37,62,46,37,26,51,13,24,27,21,46,27,36,34,48,40,25,44,36
[ 259.123693] wil6210-aoa$0,1579164804.140414,04:d6:aa:c1:38:97,2,1,1,0,128,927,378,704,938,978,1014,303,936,279,653,33,863,524,516,898,984,102,442,867,883,366,833,133,732,101,656,530,612,752,96,414,972,65,43,48,50,66,66,37,65,40,55,22,61,61,43,68,49,43,31,58,17,28,29,27,50,33,40,39,55,50,32,50,38
[ 259.156893] wil6210-aoa$0,1579164804.173609,04:d6:aa:c1:38:97,2,1,1,0,128,895,359,273,104,1004,986,283,925,755,418,474,649,69,379,862,949,72,426,282,663,921,690,730,920,96,644,22,792,737,92,413,1007,67,45,49,49,67,66,38,65,42,53,23,64,61,43,67,49,44,34,61,18,29,31,28,51,34,40,40,54,53,36,50,39
[ 259.195668] wil6210-aoa$0,1579164804.212388,04:d6:aa:c1:38:97,2,1,1,0,128,903,346,698,917,385,751,724,731,775,434,519,732,536,475,311,748,569,211,303,667,928,652,101,679,617,461,524,605,272,910,101,735,66,44,49,50,67,66,38,65,41,55,22,64,61,43,67,50,42,33,60,17,28,30,25,49,33,41,39,54,52,34,51,37
[ 259.232141] wil6210-aoa$0,1579164804.248862,04:d6:aa:c1:38:97,2,1,1,0,128,950,391,722,909,486,833,261,888,356,673,34,857,616,537,877,930,103,446,855,889,444,873,606,859,61,609,29,819,737,80,828,428,66,44,48,48,64,65,36,64,41,54,20,60,60,42,66,46,43,34,60,18,29,28,27,47,32,38,37,50,49,33,49,35
[ 259.262927] wil6210-aoa$0,1579164804.279648,04:d6:aa:c1:38:97,2,1,1,0,128,454,585,241,58,1019,1019,353,949,266,609,1017,837,604,541,877,978,137,476,851,862,434,876,643,923,66,612,44,848,715,125,313,884,64,42,49,47,65,64,36,62,41,53,20,58,57,40,65,46,44,33,59,17,28,28,26,49,32,39,36,50,48,32,48,35
[ 259.300351] wil6210-aoa$0,1579164804.317071,04:d6:aa:c1:38:97,2,1,1,0,128,420,571,258,106,1001,1012,284,931,287,644,12,867,540,540,906,966,121,468,900,881,432,872,712,968,118,659,108,856,845,192,97,546,61,40,43,45,63,62,34,59,39,52,20,60,57,39,63,45,40,29,53,14,28,27,24,46,31,38,34,53,44,30,49,36
[ 259.336736] wil6210-aoa$0,1579164804.353457,04:d6:aa:c1:38:97,2,1,1,0,128,900,381,696,895,984,995,740,722,292,663,974,826,554,511,827,927,131,466,830,820,434,880,678,938,96,612,970,729,217,974,48,656,66,43,46,48,67,66,35,66,41,55,23,60,60,41,68,49,44,32,60,18,28,29,27,49,33,41,37,54,48,35,50,39
[ 259.371485] wil6210-aoa$0,1579164804.388203,04:d6:aa:c1:38:97,2,1,1,0,128,467,605,261,86,11,13,279,964,354,666,75,841,612,548,954,1001,162,508,840,897,387,818,723,957,145,683,1021,782,760,99,567,99,57,36,40,41,58,60,33,57,36,48,18,53,53,37,60,43,34,23,46,13,22,25,19,41,24,32,30,46,37,21,42,34
[ 259.408383] wil6210-aoa$0,1579164804.425104,04:d6:aa:c1:38:97,2,1,1,0,128,465,559,213,60,1011,19,272,922,333,692,946,821,625,574,891,930,125,454,840,876,882,704,683,942,113,647,478,584,244,980,948,471,66,44,50,50,66,65,37,64,41,54,21,63,60,43,66,47,44,35,61,17,29,30,26,50,34,40,37,51,51,35,49,36
[ 259.446842] wil6210-aoa$0,1579164804.463564,04:d6:aa:c1:38:97,2,1,1,2,128,465,559,213,60,1011,19,272,922,333,692,946,821,625,574,891,930,125,454,840,876,882,704,683,942,113,647,478,584,244,980,948,471,66,43,46,48,67,66,35,66,41,55,23,60,60,41,68,49,44,32,60,18,28,29,27,49,33,41,37,54,48,35,50,39
[ 259.484208] wil6210-aoa$0,1579164804.500924,04:d6:aa:c1:38:97,2,1,1,0,128,992,420,282,107,979,979,267,933,325,701,3,853,599,578,881,968,107,436,850,887,524,928,616,863,101,618,22,770,717,92,232,686,67,45,49,50,68,69,39,65,43,55,22,64,58,41,67,49,45,33,60,17,29,30,28,51,33,41,39,55,51,34,52,38
[ 259.523626] wil6210-aoa$0,1579164804.540347,04:d6:aa:c1:38:97,2,1,1,0,128,431,554,255,116,968,1020,234,913,312,657,1013,826,24,308,884,976,129,493,897,891,440,851,713,919,98,626,31,802,750,111,827,289,61,39,47,45,64,65,36,62,39,51,21,60,58,41,64,49,40,29,52,17,26,29,24,47,31,39,35,51,43,29,50,37
[ 259.559502] wil6210-aoa$0,1579164804.576217,04:d6:aa:c1:38:97,2,1,1,0,128,899,352,266,79,942,988,316,961,262,627,1012,831,1016,323,876,960,136,475,809,852,447,875,622,883,581,466,5,781,229,972,476,61,62,39,45,44,62,62,38,62,38,51,21,61,57,41,64,46,42,31,57,17,27,28,25,46,31,39,35,50,47,31,49,35
[ 259.590535] wil6210-aoa$0,1579164804.607255,04:d6:aa:c1:38:97,2,1,1,0,128,972,418,727,934,975,1017,263,950,279,646,1016,824,552,491,902,966,88,473,315,640,957,664,124,746,110,637,999,760,753,94,79,664,62,42,46,46,65,64,36,63,40,52,21,61,57,41,67,49,40,30,55,16,26,29,25,48,31,40,36,53,45,29,49,38
[ 259.621848] wil6210-aoa$0,1579164804.638565,04:d6:aa:c1:38:97,2,1,1,0,128,444,583,205,49,950,960,260,910,258,627,29,871,567,550,910,964,151,516,843,857,439,865,689,914,154,665,63,840,753,81,245,717,58,37,46,45,60,60,36,63,38,51,20,61,55,40,65,47,41,28,53,15,26,30,23,48,30,39,35,52,45,29,49,38
[ 259.657010] wil6210-aoa$0,1579164804.673731,04:d6:aa:c1:38:97,2,1,1,0,128,441,592,230,69,425,836,257,888,733,461,416,624,21,311,363,833,108,472,830,858,435,881,689,930,113,660,464,594,202,919,170,771,62,40,48,48,64,63,37,65,40,53,20,62,56,40,65,48,42,31,56,16,29,29,27,48,32,40,38,54,49,32,49,37
[ 259.689381] wil6210-aoa$0,1579164804.706100,04:d6:aa:c1:38:97,2,1,1,0,128,935,436,250,102,1014,11,328,935,240,618,1011,799,49,356,886,970,133,476,826,849,884,648,144,730,585,464,501,572,204,949,303,908,67,44,49,50,67,66,37,65,41,54,21,63,60,42,67,49,43,34,60,17,29,31,27,49,33,40,37,53,49,34,50,38
[ 259.730428] wil6210-aoa$0,1579164804.747145,04:d6:aa:c1:38:97,2,1,1,0,128,926,415,271,137,983,1021,264,946,328,648,1009,844,512,463,329,741,659,291,310,671,902,682,109,694,552,435,505,597,254,981,198,774,64,41,48,48,65,64,36,66,39,54,21,61,59,41,67,48,44,33,59,16,27,30,27,49,32,39,37,53,49,32,49,38
[ 259.771395] wil6210-aoa$0,1579164804.788113,04:d6:aa:c1:38:97,2,1,1,0,128,396,569,244,107,911,934,795,770,740,456,39,887,598,562,977,1006,82,476,931,937,406,848,694,917,118,641,117,861,704,58,14,482,73,50,56,55,74,74,42,73,45,60,24,68,67,48,73,53,50,37,66,18,32,33,30,55,36,45,42,56,54,36,55,41
[ 259.811459] wil6210-aoa$0,1579164804.828181,04:d6:aa:c1:38:97,2,1,1,0,128,476,551,346,149,977,996,279,901,317,638,44,863,577,537,943,987,64,402,284,674,876,633,164,722,557,437,48,800,707,73,944,409,59,38,45,45,63,62,36,61,39,52,20,59,57,41,66,46,38,28,54,16,27,29,23,47,29,38,36,50,41,26,47,36
[ 259.842239] wil6210-aoa$0,1579164804.858960,04:d6:aa:c1:38:97,2,1,1,0,128,928,385,703,907,454,828,768,766,312,651,37,878,574,512,875,945,535,226,382,698,388,809,101,683,625,451,455,535,273,962,455,958,67,45,49,50,69,67,39,66,42,56,21,63,60,41,66,48,46,34,62,17,31,28,28,50,32,39,37,53,49,34,49,37
[ 259.873329] wil6210-aoa$0,1579164804.890051,04:d6:aa:c1:38:97,2,1,1,0,128,492,609,227,74,1012,979,328,979,291,643,986,829,595,550,884,949,33,407,284,617,954,693,657,899,581,482,444,594,193,922,795,350,60,38,45,46,63,63,37,62,40,52,21,61,59,42,65,48,41,29,56,16,25,29,25,48,30,39,38,51,44,29,49,38
[ 259.908701] wil6210-aoa$0,1579164804.925418,04:d6:aa:c1:38:97,2,1,1,0,128,461,590,167,33,990,1017,256,932,306,675,17,828,587,545,834,902,99,471,965,915,430,879,668,931,135,690,111,846,750,113,74,572,65,42,49,49,65,67,38,66,40,56,21,62,59,43,66,49,42,32,58,17,29,30,26,50,34,40,38,53,50,32,50,37
[ 259.945348] wil6210-aoa$0,1579164804.962070,04:d6:aa:c1:38:97,2,1,1,0,128,465,592,257,90,981,1017,307,959,726,414,53,877,637,587,811,930,536,252,339,675,952,692,134,701,571,451,487,579,200,966,122,719,59,38,43,45,62,61,35,59,37,51,20,57,56,40,65,46,39,29,52,15,25,27,24,45,27,36,34,51,43,28,47,36
[ 259.982529] wil6210-aoa$0,1579164804.999249,04:d6:aa:c1:38:97,2,1,1,0,128,902,403,705,936,416,816,795,750,779,447,468,647,18,294,374,792,638,287,882,853,436,867,677,910,603,440,473,581,169,932,542,183,68,47,50,50,68,68,36,66,42,54,21,64,62,42,68,49,45,35,61,17,30,29,29,50,34,42,39,55,51,34,50,39
[ 260.014771] wil6210-aoa$0,1579164805.031492,04:d6:aa:c1:38:97,2,1,1,0,128,931,378,686,896,965,986,311,965,226,573,1018,847,6,339,336,760,631,305,292,657,893,685,660,936,138,681,2,797,757,119,902,405,69,45,51,50,67,65,36,67,42,55,22,63,62,42,68,51,45,36,61,18,31,30,28,50,36,40,39,55,52,35,50,38
[ 260.050961] wil6210-aoa$0,1579164805.067683,04:d6:aa:c1:38:97,2,1,1,0,128,914,381,760,973,443,828,313,959,331,677,0,836,645,563,855,938,160,500,916,914,458,897,680,908,182,697,39,818,752,94,823,314,64,42,48,48,64,65,38,65,39,54,21,60,58,43,65,49,42,29,55,15,27,29,24,48,30,38,36,53,48,30,47,35
[ 260.090302] wil6210-aoa$0,1579164805.107020,04:d6:aa:c1:38:97,2,1,1,0,128,482,588,255,119,987,999,284,941,318,632,89,895,585,563,918,978,92,428,854,901,495,909,618,881,123,666,1013,773,165,922,825,379,70,48,54,54,71,71,40,70,45,60,23,68,65,46,73,53,47,36,67,20,33,33,30,53,34,43,39,55,54,36,51,40
[ 260.131019] wil6210-aoa$0,1579164805.147736,04:d6:aa:c1:38:97,2,1,1,0,128,458,585,188,46,469,823,809,742,329,665,987,802,27,357,842,919,575,212,351,696,467,863,651,872,622,445,52,809,780,139,125,633,60,39,46,48,66,66,37,63,41,53,20,60,60,40,67,51,40,27,54,15,26,30,23,47,28,39,37,52,42,26,50,39
[ 260.171441] wil6210-aoa$0,1579164805.188159,04:d6:aa:c1:38:97,2,1,1,0,128,921,372,698,918,995,991,295,922,253,608,999,830,549,473,862,984,32,395,337,678,923,703,666,912,551,462,15,803,704,82,596,210,62,41,47,47,64,64,35,63,39,53,20,60,59,42,66,45,42,31,56,17,28,29,25,47,31,38,36,52,48,30,49,38
[ 260.212123] wil6210-aoa$0,1579164805.228840,04:d6:aa:c1:38:97,2,1,1,0,128,479,607,208,32,1021,1017,313,939,268,599,1001,861,546,525,894,973,116,436,882,908,437,902,698,918,98,625,1012,787,735,90,870,415,71,48,54,53,73,73,42,70,45,58,25,70,63,47,74,54,47,36,64,19,33,32,31,52,35,43,43,60,54,36,55,42
[ 260.252721] wil6210-aoa$0,1579164805.269438,04:d6:aa:c1:38:97,2,1,1,0,128,477,595,288,98,972,1000,299,918,725,434,535,733,539,471,398,790,589,250,863,869,433,835,725,950,119,618,44,827,750,107,790,230,62,42,47,46,65,64,37,64,39,54,20,60,57,40,65,47,42,29,54,16,26,28,25,47,29,38,37,52,44,28,47,37
[ 260.293451] wil6210-aoa$0,1579164805.310168,04:d6:aa:c1:38:97,2,1,1,0,128,426,563,210,35,978,991,278,900,277,622,3,881,620,555,914,987,137,478,842,871,429,873,690,926,134,681,18,794,704,100,47,515,59,39,44,45,60,59,36,61,37,51,20,59,54,40,62,45,39,30,53,15,25,27,23,46,30,37,34,50,44,27,46,36
[ 260.334025] wil6210-aoa$0,1579164805.350743,04:d6:aa:c1:38:97,2,1,1,0,128,951,396,669,919,420,834,784,779,281,629,1013,855,1002,335,302,722,625,312,286,651,900,712,664,869,128,625,36,777,744,61,254,787,60,38,45,47,63,61,35,61,39,51,20,59,57,41,66,46,42,31,55,16,28,28,24,46,30,39,35,51,46,30,49,36
[ 260.373854] wil6210-aoa$0,1579164805.390574,04:d6:aa:c1:38:97,2,1,1,0,128,951,418,252,74,1004,3,339,980,288,657,53,917,571,528,964,973,87,466,898,889,894,680,165,747,600,499,519,641,745,109,271,754,64,44,48,49,66,65,39,65,42,56,22,63,59,44,66,49,44,33,60,18,29,30,28,49,34,40,38,55,51,33,50,38
[ 260.408745] wil6210-aoa$0,1579164805.425463,04:d6:aa:c1:38:97,2,1,1,0,128,443,577,254,120,967,999,311,933,306,650,60,922,572,551,921,979,15,377,880,913,425,863,688,892,121,657,73,829,806,160,798,159,56,33,40,41,59,59,34,54,37,49,19,56,54,37,61,45,37,26,50,14,24,27,22,44,28,35,33,49,42,27,46,33
[ 260.445977] wil6210-aoa$0,1579164805.462698,04:d6:aa:c1:38:97,2,1,1,0,128,959,397,216,85,350,761,756,753,762,432,475,642,1001,305,363,785,552,231,293,677,914,666,136,721,576,440,61,831,161,894,267,904,58,37,43,46,63,63,35,58,38,52,18,59,55,39,63,46,39,27,53,16,26,29,24,46,29,37,35,52,40,25,46,37
[ 260.477035] wil6210-aoa$0,1579164805.493757,04:d6:aa:c1:38:97,2,1,1,0,128,940,376,688,928,425,794,784,763,750,465,995,851,533,485,351,795,596,252,276,666,968,711,158,759,103,646,494,584,234,967,73,636,64,42,47,50,68,68,39,66,43,55,21,66,62,43,69,50,42,30,58,16,27,31,27,50,31,41,37,54,47,31,50,38
[ 260.511965] wil6210-aoa$0,1579164805.528681,04:d6:aa:c1:38:97,2,1,1,0,128,929,378,687,894,434,788,828,807,703,388,438,627,10,302,317,726,553,246,389,721,378,853,667,861,533,382,424,516,190,902,327,958,57,34,41,42,58,58,34,58,36,48,20,54,52,38,59,45,35,22,49,15,23,26,20,42,23,36,32,47,36,23,42,34
[ 260.543165] wil6210-aoa$0,1579164805.559885,04:d6:aa:c1:38:97,2,1,1,0,128,456,605,249,103,982,1019,298,962,280,618,25,878,549,481,911,988,140,487,840,840,444,843,701,930,117,639,473,588,767,111,286,851,62,42,46,45,66,64,36,63,41,53,21,62,57,43,66,48,43,33,58,17,28,30,26,49,32,41,38,53,49,33,49,38
[ 260.579740] wil6210-aoa$0,1579164805.596462,04:d6:aa:c1:38:97,2,1,1,0,128,874,325,727,938,953,994,770,736,744,455,534,680,60,369,899,981,103,460,868,885,451,887,657,879,592,422,516,593,180,894,720,368,64,41,49,50,67,65,39,66,40,55,22,62,62,44,68,49,44,33,57,17,28,30,27,49,33,40,38,55,48,31,51,39
[ 260.610665] wil6210-aoa$0,1579164805.627386,04:d6:aa:c1:38:97,2,1,1,0,128,467,609,260,105,976,0,303,959,361,725,1006,825,578,509,891,972,181,512,850,874,478,864,694,924,110,632,20,776,725,88,589,143,60,39,43,45,61,61,34,59,37,50,21,58,55,40,65,47,39,28,53,17,25,28,21,46,29,37,34,48,42,26,47,37
[ 260.646038] wil6210-aoa$0,1579164805.662760,04:d6:aa:c1:38:97,2,1,1,0,128,922,375,735,933,410,788,768,751,775,446,55,884,546,523,366,779,594,274,846,883,447,851,163,704,581,432,505,579,162,931,233,787,60,40,45,45,65,64,35,61,39,52,20,61,59,40,67,50,41,29,55,17,27,29,26,49,31,40,39,53,49,29,51,39
[ 260.682603] wil6210-aoa$0,1579164805.699322,04:d6:aa:c1:38:97,2,1,1,0,128,911,379,254,69,932,963,779,734,299,632,11,838,578,532,865,946,81,426,888,884,843,652,93,704,567,437,514,617,755,79,222,794,67,44,49,49,68,68,37,65,40,55,21,64,61,43,69,49,45,32,60,17,30,31,26,51,34,41,38,54,50,33,51,41
[ 260.717971] wil6210-aoa$0,1579164805.734690,04:d6:aa:c1:38:97,2,1,1,0,128,414,527,681,900,400,804,720,702,756,405,520,680,20,339,341,783,584,271,868,878,435,879,656,919,128,653,19,764,217,945,193,768,61,41,47,48,63,62,36,63,40,53,21,61,57,41,65,49,43,31,58,16,28,28,25,50,32,39,38,54,49,31,50,38
[ 260.750185] wil6210-aoa$0,1579164805.766901,04:d6:aa:c1:38:97,2,1,1,0,128,517,622,250,116,994,958,293,938,262,616,983,811,615,533,876,939,153,449,875,890,376,811,722,923,79,607,42,788,773,129,146,655,61,40,46,47,64,63,37,62,39,51,20,62,58,41,66,48,41,30,56,17,27,29,26,50,31,40,38,52,47,32,50,39
[ 260.789974] wil6210-aoa$0,1579164805.806694,04:d6:aa:c1:38:97,2,1,1,0,128,417,564,671,897,439,829,281,921,244,573,1015,828,624,560,929,991,12,415,870,898,904,692,707,949,150,677,80,850,733,108,70,523,62,41,47,48,66,64,37,64,41,54,21,61,58,40,68,50,41,30,56,17,28,28,26,47,29,40,36,52,45,29,51,39
[ 260.824464] wil6210-aoa$0,1579164805.841182,04:d6:aa:c1:38:97,2,1,1,0,128,447,542,276,88,977,1018,311,934,268,628,31,854,595,552,911,994,104,464,833,874,437,863,701,956,85,633,19,774,787,126,652,176,59,38,43,45,60,60,35,61,38,51,22,59,58,41,64,49,42,28,53,16,27,28,24,47,31,39,38,51,45,29,48,37
[ 260.860933] wil6210-aoa$0,1579164805.877654,04:d6:aa:c1:38:97,2,1,1,0,128,935,359,721,930,464,820,337,958,315,644,462,649,1023,310,345,779,76,431,918,885,402,844,662,898,118,650,1002,783,704,89,531,180,67,45,50,52,70,71,40,68,42,59,23,68,63,45,71,53,46,32,63,17,30,31,27,53,34,43,40,57,50,32,53,40
[ 260.900749] wil6210-aoa$0,1579164805.917466,04:d6:aa:c1:38:97,2,1,1,0,128,925,373,269,125,936,980,770,773,707,356,515,657,12,340,926,973,141,454,869,867,379,799,690,898,98,606,46,777,768,125,899,408,64,43,48,49,67,67,38,65,41,57,23,64,63,45,69,51,45,32,61,17,29,32,28,53,35,43,40,57,53,35,54,41
[ 260.938308] wil6210-aoa$0,1579164805.955029,04:d6:aa:c1:38:97,2,1,1,0,128,506,627,218,57,939,961,379,991,246,634,939,851,519,475,303,744,590,292,825,765,910,694,173,758,174,667,462,621,239,968,158,705,68,46,52,53,71,71,40,70,43,58,23,67,64,44,71,53,46,33,61,18,29,32,28,53,33,41,41,57,50,33,54,41
[ 260.974704] wil6210-aoa$0,1579164805.991425,04:d6:aa:c1:38:97,2,1,1,0,128,911,387,727,921,463,812,290,971,374,698,16,845,610,567,914,969,553,248,311,646,898,671,703,907,128,650,45,812,157,913,308,925,57,48,48,41,59,55,30,55,37,45,16,49,45,36,48,37,40,37,59,14,29,23,26,39,29,31,30,42,47,35,36,26
[ 261.009524] wil6210-aoa$0,1579164806.026243,04:d6:aa:c1:38:97,2,1,1,0,128,917,373,234,86,979,979,757,727,761,435,438,653,13,326,321,744,612,274,262,629,445,876,102,683,129,636,59,791,789,120,787,222,62,41,47,50,67,66,38,65,42,55,22,62,60,44,68,49,43,32,58,18,27,30,27,51,31,41,39,54,48,29,52,39
[ 261.046091] wil6210-aoa$0,1579164806.062813,04:d6:aa:c1:38:97,2,1,1,0,128,1010,444,243,77,1015,1017,213,872,282,607,1008,845,56,382,838,934,88,435,861,864,483,929,707,947,91,646,994,761,745,124,1000,461,65,46,51,49,68,65,39,66,42,55,21,63,59,42,68,47,43,34,62,17,30,29,28,49,33,39,36,53,51,36,48,35
[ 261.077574] wil6210-aoa$0,1579164806.094294,04:d6:aa:c1:38:97,2,1,1,0,128,944,393,223,70,429,822,356,997,247,620,42,877,532,532,879,977,104,471,866,896,434,875,676,931,616,482,494,610,743,64,961,464,65,42,48,48,66,66,37,66,40,54,21,62,59,42,66,48,43,33,57,17,29,30,25,50,32,39,37,56,49,33,49,38
[ 261.112382] wil6210-aoa$0,1579164806.129101,04:d6:aa:c1:38:97,2,1,1,0,128,504,605,242,74,996,13,248,920,333,661,1005,847,607,551,878,955,131,463,288,661,912,651,171,741,134,688,1,765,753,107,177,704,65,44,51,52,68,68,39,67,43,56,21,64,61,45,68,49,45,36,62,17,31,29,28,50,34,40,40,52,53,37,50,37
[ 261.148947] wil6210-aoa$0,1579164806.165668,04:d6:aa:c1:38:97,2,1,1,0,128,948,395,710,931,951,976,278,931,257,614,1005,815,593,508,881,968,58,379,312,704,897,690,100,710,119,644,477,574,206,927,613,143,58,37,42,44,61,61,36,61,38,50,21,59,56,40,63,45,41,29,54,16,26,28,24,46,31,40,36,51,46,30,49,37
[ 261.187013] wil6210-aoa$0,1579164806.203734,04:d6:aa:c1:38:97,2,1,1,2,128,948,395,710,931,951,976,278,931,257,614,1005,815,593,508,881,968,58,379,312,704,897,690,100,710,119,644,477,574,206,927,613,143,65,44,51,52,68,68,39,67,43,56,21,64,61,45,68,49,45,36,62,17,31,29,28,50,34,40,40,52,53,37,50,37
[ 261.224346] wil6210-aoa$0,1579164806.241063,04:d6:aa:c1:38:97,2,1,1,0,128,439,564,725,932,1008,1007,282,924,258,606,990,823,556,503,834,930,106,436,887,877,417,883,705,922,87,619,1023,787,760,144,849,339,70,47,53,52,71,70,39,70,46,59,23,64,63,45,70,50,49,37,65,17,33,31,30,52,35,42,40,56,56,37,52,38
[ 261.264917] wil6210-aoa$0,1579164806.281633,04:d6:aa:c1:38:97,2,1,1,0,128,468,584,248,84,956,984,735,734,368,657,7,843,590,548,886,935,611,272,891,918,405,825,158,748,560,443,488,588,204,916,331,896,57,47,46,41,56,53,28,53,36,43,14,48,43,34,48,34,37,36,55,13,26,20,23,35,28,29,27,37,47,33,31,23
[ 261.305157] wil6210-aoa$0,1579164806.321878,04:d6:aa:c1:38:97,2,1,1,0,128,502,599,279,116,971,965,325,976,281,620,1019,829,626,537,922,972,168,471,910,910,413,850,737,949,123,660,40,818,689,70,488,985,51,32,37,41,55,55,32,55,34,46,16,51,50,36,60,42,34,21,44,12,21,24,20,40,24,33,29,46,34,21,40,33
[ 261.340726] wil6210-aoa$0,1579164806.357446,04:d6:aa:c1:38:97,2,1,1,0,128,428,559,312,146,1022,6,269,918,288,657,61,869,508,496,866,946,111,443,866,878,481,923,637,887,175,652,31,791,765,119,1003,479,66,44,53,52,69,69,40,70,43,57,23,65,64,45,69,52,47,36,64,19,31,31,27,52,34,43,41,58,53,35,53,40
[ 261.377305] wil6210-aoa$0,1579164806.394027,04:d6:aa:c1:38:97,2,1,1,0,128,491,606,233,96,382,775,311,930,758,481,47,889,566,545,888,982,121,461,883,895,459,884,673,913,131,667,1022,774,733,100,67,590,64,40,46,48,66,67,37,65,41,55,22,63,60,43,69,50,45,31,58,17,28,30,26,51,31,40,37,52,47,31,50,40
[ 261.421509] wil6210-aoa$0,1579164806.438229,04:d6:aa:c1:38:97,2,1,1,0,128,458,594,208,63,1004,1004,244,915,275,610,9,888,598,559,322,750,131,458,823,921,468,911,661,930,103,648,1002,766,776,93,896,376,59,36,45,45,60,61,35,59,39,50,21,58,55,39,64,47,37,27,50,16,24,28,21,44,27,37,35,51,40,25,45,36
[ 261.452645] wil6210-aoa$0,1579164806.469366,04:d6:aa:c1:38:97,2,1,1,0,128,963,386,694,874,1016,997,812,751,330,664,989,825,599,522,901,939,52,371,835,862,850,627,174,747,582,384,491,554,178,914,689,253,60,41,45,46,63,61,36,61,39,52,20,61,56,41,65,48,42,31,55,16,28,28,24,48,32,40,37,53,47,31,49,37
[ 261.483957] wil6210-aoa$0,1579164806.500678,04:d6:aa:c1:38:97,2,1,1,0,128,982,410,733,932,977,987,278,920,306,642,11,840,569,499,865,936,74,393,849,880,436,870,650,890,174,708,63,818,777,128,811,336,62,41,46,47,67,65,36,63,40,54,20,62,59,42,67,48,43,34,59,17,28,29,27,48,32,39,37,52,48,32,49,37
[ 261.514725] wil6210-aoa$0,1579164806.531446,04:d6:aa:c1:38:97,2,1,1,0,128,560,645,235,103,982,970,279,950,290,611,25,854,617,570,937,1016,145,460,860,890,428,850,690,917,104,628,57,828,700,83,134,619,62,39,46,46,64,64,37,60,40,54,19,59,57,43,65,47,41,29,54,17,25,28,25,48,30,38,36,52,45,29,48,36
[ 261.550783] wil6210-aoa$0,1579164806.567501,04:d6:aa:c1:38:97,2,1,1,0,128,952,403,224,71,960,971,291,946,293,630,51,863,1018,308,906,949,556,240,883,900,420,832,687,924,101,645,37,801,151,871,711,275,64,44,49,49,68,67,38,65,41,55,22,63,59,43,67,49,44,33,59,17,29,31,26,50,32,40,37,53,50,33,50,39
[ 261.586256] wil6210-aoa$0,1579164806.602977,04:d6:aa:c1:38:97,2,1,1,0,128,507,603,269,88,991,1001,269,933,323,694,1018,862,597,563,892,978,119,468,896,913,418,920,645,925,112,660,17,806,751,108,343,945,65,42,51,51,69,70,39,66,43,59,22,66,61,45,71,52,45,35,61,18,30,32,28,53,33,43,39,58,49,33,54,41
[ 261.617569] wil6210-aoa$0,1579164806.634290,04:d6:aa:c1:38:97,2,1,1,0,128,964,411,703,921,956,1016,258,907,293,632,994,805,583,524,936,980,141,500,904,891,425,871,681,918,112,680,39,802,748,139,567,96,63,42,47,49,64,65,38,64,40,55,22,63,59,43,68,48,43,33,59,17,29,31,27,49,34,39,37,52,50,31,49,37
[ 261.654109] wil6210-aoa$0,1579164806.670828,04:d6:aa:c1:38:97,2,1,1,0,128,966,394,200,67,992,982,268,923,760,435,999,853,584,533,841,944,175,449,799,863,926,706,659,905,533,442,32,834,765,133,317,986,57,37,44,44,62,61,35,60,37,52,20,60,57,41,63,47,41,29,55,17,27,28,26,47,31,39,37,50,46,31,48,37
[ 261.694331] wil6210-aoa$0,1579164806.711051,04:d6:aa:c1:38:97,2,1,1,0,128,482,600,286,150,959,1016,282,921,242,624,987,832,593,584,911,990,111,461,860,875,486,927,691,945,112,631,42,805,777,149,667,145,58,38,42,45,61,62,34,56,38,50,20,57,54,40,62,45,37,25,49,13,23,26,22,45,26,36,33,48,38,25,46,36
[ 261.728903] wil6210-aoa$0,1579164806.745619,04:d6:aa:c1:38:97,2,1,1,0,128,956,398,213,91,981,974,832,785,331,648,63,929,556,548,879,948,177,467,815,867,426,864,639,901,82,596,46,783,699,56,757,256,60,39,47,47,63,63,36,63,39,52,19,60,57,41,67,47,42,31,56,17,28,29,25,49,29,40,35,51,45,29,49,38
[ 261.760080] wil6210-aoa$0,1579164806.776801,04:d6:aa:c1:38:97,2,1,1,0,128,459,615,270,97,913,923,338,956,726,411,1,876,537,495,911,958,97,460,847,859,379,862,667,904,128,676,32,803,754,118,775,308,68,47,51,51,66,66,39,69,43,55,20,63,61,43,66,47,46,37,61,18,31,29,28,50,35,39,38,54,52,33,51,37
[ 261.795611] wil6210-aoa$0,1579164806.812323,04:d6:aa:c1:38:97,2,1,1,0,128,496,597,266,106,948,983,741,749,280,640,1014,851,7,292,360,769,634,248,380,711,396,858,668,896,607,443,3,792,780,111,275,860,72,50,53,54,72,73,42,71,46,61,21,68,66,48,71,53,49,39,65,19,33,32,29,54,38,44,40,58,56,36,54,42
[ 261.829640] wil6210-aoa$0,1579164806.846355,04:d6:aa:c1:38:97,2,1,1,0,128,512,631,234,94,990,1000,758,741,324,651,19,892,566,484,350,803,108,434,925,917,455,882,642,890,64,628,39,810,755,106,288,820,66,43,51,50,66,66,36,64,41,55,20,64,60,42,66,48,44,35,59,16,29,29,27,48,31,39,38,54,48,32,49,36
[ 261.867455] wil6210-aoa$0,1579164806.884175,04:d6:aa:c1:38:97,2,1,1,0,128,957,428,220,74,975,1016,256,918,319,659,1011,844,592,527,290,717,582,236,290,647,859,653,109,690,650,441,496,583,269,948,887,435,64,42,48,48,68,65,37,63,39,55,21,61,58,42,64,46,42,31,56,16,28,28,25,48,31,40,35,52,46,29,50,37
[ 261.908169] wil6210-aoa$0,1579164806.924888,04:d6:aa:c1:38:97,2,1,1,0,128,454,589,185,23,979,1002,265,902,280,599,38,861,563,489,855,928,598,261,323,638,896,650,688,903,130,626,515,623,735,97,188,763,69,46,51,52,70,67,40,67,42,58,22,65,62,45,69,51,45,33,58,18,29,31,27,51,34,41,38,54,51,31,49,39
[ 261.944567] wil6210-aoa$0,1579164806.961287,04:d6:aa:c1:38:97,2,1,1,0,128,453,590,230,71,977,996,776,762,251,587,1002,830,548,506,866,980,99,488,835,843,471,894,130,741,82,627,46,802,214,953,497,997,65,42,48,48,65,65,38,63,40,53,21,62,60,42,68,49,43,33,59,17,28,28,25,49,31,39,37,53,49,31,50,39
[ 261.979567] wil6210-aoa$0,1579164806.996286,04:d6:aa:c1:38:97,2,1,1,0,128,914,379,712,934,441,786,781,735,290,628,1022,838,2,294,298,735,550,231,297,652,453,872,648,906,50,579,453,578,230,946,619,148,63,40,47,47,63,63,35,63,39,52,21,60,58,40,66,49,42,30,56,17,28,29,25,48,31,40,37,54,48,32,50,39
[ 262.010469] wil6210-aoa$0,1579164807.027189,04:d6:aa:c1:38:97,2,1,1,0,128,517,621,214,108,949,956,767,727,750,433,515,655,23,332,301,734,578,221,354,706,459,879,652,885,126,685,11,766,231,941,46,655,69,47,54,54,73,71,42,70,46,60,23,69,66,47,73,53,48,38,64,18,32,32,30,55,36,44,42,57,57,37,56,40
[ 262.046377] wil6210-aoa$0,1579164807.063097,04:d6:aa:c1:38:97,2,1,1,0,128,447,584,246,70,965,994,774,740,778,446,486,671,38,343,954,999,75,406,875,875,429,821,694,924,60,601,38,806,746,75,915,367,72,51,56,56,73,73,42,72,47,60,23,69,64,46,73,53,47,38,67,20,33,32,30,56,37,43,42,56,59,38,52,39
[ 262.079581] wil6210-aoa$0,1579164807.096299,04:d6:aa:c1:38:97,2,1,1,0,128,970,424,244,124,984,996,752,740,715,415,470,639,28,364,296,741,648,313,883,844,935,691,109,685,586,448,490,612,725,74,704,248,66,45,49,50,67,67,39,67,42,55,20,65,59,44,70,48,45,34,59,18,30,30,26,50,34,41,38,53,51,32,50,38
[ 262.117369] wil6210-aoa$0,1579164807.134089,04:d6:aa:c1:38:97,2,1,1,0,128,973,400,313,130,1005,1002,260,928,308,628,4,844,599,559,861,913,569,221,302,668,925,678,665,902,77,610,28,796,754,94,1005,512,67,43,51,51,72,70,41,68,43,59,22,66,63,46,71,51,48,34,60,18,32,32,29,53,35,45,40,57,52,35,52,41
[ 262.153982] wil6210-aoa$0,1579164807.170702,04:d6:aa:c1:38:97,2,1,1,0,128,957,407,249,119,985,1010,258,906,287,653,100,917,572,543,929,982,90,439,280,689,857,626,710,945,548,406,51,775,801,115,100,604,55,34,40,41,57,58,33,57,36,47,19,53,53,37,60,46,34,24,46,14,21,26,19,43,25,34,33,47,38,24,43,35
[ 262.190291] wil6210-aoa$0,1579164807.207007,04:d6:aa:c1:38:97,2,1,1,0,128,900,386,225,92,991,986,783,774,687,410,466,673,596,567,925,1000,106,435,892,880,440,845,647,902,72,653,529,636,765,124,450,26,64,41,49,49,66,65,37,63,41,53,23,61,59,42,67,49,44,31,58,17,29,30,26,48,32,41,38,53,49,33,48,38
[ 262.225692] wil6210-aoa$0,1579164807.242412,04:d6:aa:c1:38:97,2,1,1,0,128,498,625,214,42,948,983,740,780,273,619,977,916,509,472,892,967,146,493,882,818,422,907,651,921,168,690,57,826,792,159,216,788,62,41,47,48,66,64,36,62,41,55,20,61,59,41,65,47,41,31,57,17,27,29,26,48,31,39,35,49,47,30,48,36
[ 262.262337] wil6210-aoa$0,1579164807.279057,04:d6:aa:c1:38:97,2,1,1,0,128,973,404,661,898,966,1000,248,898,307,663,993,858,1010,318,338,769,556,261,277,667,909,685,109,748,592,440,500,625,197,948,199,829,69,48,54,52,70,71,39,69,46,58,21,65,62,45,69,51,47,37,64,19,32,31,29,52,33,41,40,55,53,36,49,36
[ 262.293385] wil6210-aoa$0,1579164807.310106,04:d6:aa:c1:38:97,2,1,1,0,128,955,399,251,107,978,1004,325,943,248,594,25,863,53,310,897,962,592,248,293,691,429,859,703,906,93,635,455,564,228,976,691,227,67,45,51,51,67,69,39,67,42,57,21,65,63,44,68,50,45,33,59,17,30,31,28,50,33,41,38,53,51,33,52,39
[ 262.334067] wil6210-aoa$0,1579164807.350785,04:d6:aa:c1:38:97,2,1,1,0,128,902,350,711,894,481,834,294,932,290,674,98,909,650,608,889,967,62,413,872,904,431,859,705,941,82,605,16,778,124,870,232,888,67,44,50,50,66,66,39,68,42,56,23,63,61,42,67,50,45,36,60,17,29,29,28,50,35,40,38,52,50,34,48,38
[ 262.374728] wil6210-aoa$0,1579164807.391445,04:d6:aa:c1:38:97,2,1,1,0,128,422,554,279,101,1007,1,313,953,307,629,5,886,546,549,887,968,137,505,840,882,886,663,742,955,605,482,61,812,765,119,357,815,68,44,51,52,70,69,40,68,44,58,23,67,64,45,70,51,46,34,61,18,30,31,27,54,34,42,42,56,51,32,51,42
[ 262.411668] wil6210-aoa$0,1579164807.428389,04:d6:aa:c1:38:97,2,1,1,0,128,957,392,734,979,956,961,305,949,253,624,38,859,499,500,884,932,106,428,882,913,445,859,669,923,97,625,1011,792,749,95,365,988,69,45,50,51,70,71,41,69,42,58,23,67,62,45,73,52,47,33,63,19,29,32,28,51,33,43,41,57,52,33,52,40
[ 262.442258] wil6210-aoa$0,1579164807.458978,04:d6:aa:c1:38:97,2,1,1,0,128,455,577,190,44,454,820,359,960,333,666,55,893,609,567,940,1011,118,470,874,918,428,860,745,919,104,634,1017,778,710,88,507,44,63,41,48,47,66,66,36,64,41,54,21,62,60,42,64,49,44,30,59,17,29,30,27,50,33,41,39,54,49,33,50,39
[ 262.473042] wil6210-aoa$0,1579164807.489764,04:d6:aa:c1:38:97,2,1,1,0,128,429,584,255,90,971,992,771,728,299,650,1,853,543,494,915,1002,79,448,827,806,898,642,667,906,89,619,35,775,210,943,413,982,64,43,50,51,68,66,36,66,41,55,22,64,59,42,67,50,44,33,60,18,31,29,28,50,34,40,40,55,51,34,49,36
[ 262.509267] wil6210-aoa$0,1579164807.525988,04:d6:aa:c1:38:97,2,1,1,0,128,916,373,793,935,946,978,774,743,258,589,37,876,620,570,922,975,172,439,774,805,917,693,41,700,554,425,499,615,254,979,46,592,65,42,50,51,68,68,38,66,44,56,22,65,62,44,70,51,45,34,60,18,29,32,27,52,34,42,39,56,50,31,51,39
[ 262.544128] wil6210-aoa$0,1579164807.560847,04:d6:aa:c1:38:97,2,1,1,0,128,930,400,260,87,938,990,323,964,257,651,26,892,24,322,875,971,58,427,367,686,904,682,138,727,159,671,30,792,750,103,332,834,66,43,50,50,68,69,40,67,44,56,22,67,64,45,70,52,45,32,59,17,29,31,28,52,33,41,39,56,50,33,53,42
[ 262.584249] wil6210-aoa$0,1579164807.600968,04:d6:aa:c1:38:97,2,1,1,0,128,453,604,248,100,929,970,262,902,249,597,470,653,578,523,915,995,140,471,914,867,417,864,674,889,92,631,8,809,695,68,353,916,64,42,48,48,67,67,38,65,41,55,21,62,60,42,67,49,44,34,59,17,29,30,26,49,33,41,37,54,52,34,50,38
[ 262.622265] wil6210-aoa$0,1579164807.638986,04:d6:aa:c1:38:97,2,1,1,0,128,463,552,197,24,434,801,765,723,750,407,58,865,531,510,912,978,595,254,905,896,431,846,660,877,120,623,1001,758,727,100,770,262,65,43,50,49,66,66,37,66,41,55,22,62,61,43,68,48,43,33,58,16,27,30,27,49,33,40,37,54,49,32,51,38
[ 262.659524] wil6210-aoa$0,1579164807.676245,04:d6:aa:c1:38:97,2,1,1,0,128,505,604,237,109,959,5,288,950,379,694,30,893,580,584,921,968,106,464,854,895,358,805,127,711,614,460,53,804,747,97,265,924,58,38,42,44,61,62,36,59,37,51,21,58,56,40,63,46,40,28,53,16,25,27,23,45,29,37,35,50,43,27,48,36
[ 262.696090] wil6210-aoa$0,1579164807.712811,04:d6:aa:c1:38:97,2,1,1,0,128,436,595,237,93,404,809,767,722,750,434,50,886,596,536,893,975,126,440,818,808,931,690,677,928,97,616,466,575,241,977,182,830,57,35,42,44,61,61,37,60,39,50,21,60,58,40,63,46,38,26,50,14,25,29,22,46,27,38,34,49,41,26,45,37
[ 262.730601] wil6210-aoa$0,1579164807.747317,04:d6:aa:c1:38:97,2,1,1,0,128,934,419,717,977,26,1010,277,951,350,702,16,871,603,567,940,994,86,488,832,851,942,672,109,705,120,635,21,777,829,116,301,789,66,43,51,50,67,66,38,66,41,54,22,61,60,43,66,48,45,33,60,17,29,29,26,48,32,39,37,53,49,32,49,37
[ 262.761476] wil6210-aoa$0,1579164807.778197,04:d6:aa:c1:38:97,2,1,1,0,128,896,339,689,893,433,794,768,748,722,395,20,871,510,462,895,971,80,427,855,895,878,654,680,892,74,634,54,806,805,189,369,869,62,41,46,47,65,64,38,63,40,53,21,62,58,42,67,48,41,31,57,18,28,29,26,50,31,42,38,54,48,32,50,37
[ 262.792159] wil6210-aoa$0,1579164807.808880,04:d6:aa:c1:38:97,2,1,1,0,128,478,608,290,127,948,977,297,917,363,678,20,869,550,519,933,987,79,412,902,867,441,904,662,912,129,660,4,752,741,97,783,247,61,41,44,46,63,63,35,62,39,51,22,59,56,41,65,47,42,29,56,16,26,28,26,46,30,38,34,51,46,30,48,35
[ 262.823283] wil6210-aoa$0,1579164807.840004,04:d6:aa:c1:38:97,2,1,1,0,128,507,605,247,36,978,996,277,906,268,579,1017,818,529,437,364,772,149,490,858,864,432,882,646,913,109,635,44,857,743,100,905,372,65,43,50,49,66,64,38,66,40,55,21,63,60,43,67,50,43,33,59,17,29,31,26,50,32,40,37,51,49,33,49,37
[ 262.860189] wil6210-aoa$0,1579164807.876905,04:d6:aa:c1:38:97,2,1,1,0,128,511,596,225,43,974,986,713,731,751,460,477,679,4,344,365,786,97,449,847,914,456,880,97,716,598,481,487,578,757,138,526,1015,66,44,50,50,67,64,37,65,41,55,20,61,60,44,66,48,45,35,60,19,29,29,26,50,33,41,39,53,50,34,50,38
[ 262.895226] wil6210-aoa$0,1579164807.911947,04:d6:aa:c1:38:97,2,1,1,0,128,942,401,218,80,991,1023,269,953,371,659,57,921,577,546,932,1011,109,461,931,950,458,866,640,916,592,456,5,769,205,947,258,813,65,41,47,49,64,64,35,66,39,54,21,62,58,41,66,47,41,31,56,17,28,29,27,48,32,40,37,52,48,30,49,36
[ 262.931719] wil6210-aoa$0,1579164807.948440,04:d6:aa:c1:38:97,2,1,1,0,128,942,367,237,77,973,990,300,929,755,439,26,834,1021,297,904,947,583,248,880,849,379,832,750,962,45,585,15,810,701,92,159,759,57,36,44,45,61,63,36,61,38,52,21,59,58,42,67,49,40,28,54,14,26,30,23,50,31,40,38,54,46,31,50,38
[ 262.963367] wil6210-aoa$0,1579164807.980083,04:d6:aa:c1:38:97,2,1,1,0,128,422,568,278,119,984,995,331,951,271,627,24,872,559,498,930,977,106,433,874,931,432,844,732,935,81,656,52,799,712,98,263,801,63,42,48,47,68,66,38,64,42,56,23,64,60,45,68,51,43,30,57,15,27,29,25,49,31,39,37,53,45,29,51,38
[ 263.003437] wil6210-aoa$0,1579164808.020152,04:d6:aa:c1:38:97,2,1,1,0,128,443,555,211,89,1008,1023,283,921,302,642,7,883,539,524,280,757,602,288,889,906,465,906,65,689,643,504,1019,760,744,96,970,506,72,50,54,51,74,73,40,70,46,61,23,68,65,47,71,53,47,37,64,19,32,31,29,54,35,44,40,57,53,35,53,42
[ 263.043574] wil6210-aoa$0,1579164808.060290,04:d6:aa:c1:38:97,2,1,1,0,128,922,351,295,109,983,0,291,948,274,623,41,915,550,527,977,1013,147,491,831,863,875,668,711,943,38,595,11,772,786,138,365,951,53,35,40,42,59,58,35,56,35,48,18,56,54,39,61,45,37,24,48,15,23,26,22,43,26,36,33,48,39,26,46,35
[ 263.084029] wil6210-aoa$0,1579164808.100745,04:d6:aa:c1:38:97,2,1,1,0,128,993,441,229,105,1018,1014,308,929,285,667,34,883,553,546,847,970,67,480,833,873,436,885,659,932,136,673,1005,731,741,129,980,444,63,41,49,49,67,66,39,65,41,55,21,63,60,42,66,48,43,31,59,17,28,29,25,49,32,40,37,54,46,31,49,38
[ 263.124646] wil6210-aoa$0,1579164808.141360,04:d6:aa:c1:38:97,2,1,1,0,128,466,586,234,89,919,964,798,742,759,439,90,863,605,547,918,956,557,230,900,944,479,868,633,894,591,453,26,760,743,115,912,359,55,37,43,44,59,60,36,59,38,49,19,58,54,39,63,46,37,25,51,13,23,28,21,45,27,37,33,50,42,26,45,34
[ 263.158316] wil6210-aoa$0,1579164808.175035,04:d6:aa:c1:38:97,2,1,1,0,128,920,355,278,105,929,952,273,926,315,648,999,867,587,542,806,921,69,421,308,701,895,697,656,910,177,688,997,764,197,940,292,831,54,43,46,39,54,51,28,51,34,39,14,42,39,29,41,32,33,30,52,12,26,17,20,33,26,26,24,32,41,30,29,20
[ 263.197259] wil6210-aoa$0,1579164808.213980,04:d6:aa:c1:38:97,2,1,1,0,128,529,623,222,54,1023,18,265,932,242,627,971,828,551,477,864,929,119,453,247,586,960,683,107,708,80,591,18,773,752,77,485,983,66,42,48,49,66,65,38,65,42,53,21,63,59,41,68,47,42,31,57,16,27,30,25,49,31,40,38,51,48,31,50,37
[ 263.236562] wil6210-aoa$0,1579164808.253281,04:d6:aa:c1:38:97,2,1,1,0,128,931,422,252,109,985,3,340,981,287,651,40,892,525,490,897,979,99,456,889,927,417,839,655,906,569,449,507,611,784,134,847,396,61,40,46,47,65,64,35,61,39,53,21,60,57,41,65,48,42,30,56,17,27,29,26,48,30,39,36,52,46,29,50,37
[ 263.274936] wil6210-aoa$0,1579164808.291656,04:d6:aa:c1:38:97,2,1,1,0,128,960,402,184,73,450,853,293,940,304,651,1012,829,591,578,880,966,616,303,855,878,459,891,671,882,608,441,473,589,191,931,193,771,56,35,40,42,58,61,36,56,36,49,19,56,53,38,59,43,37,24,49,14,24,26,22,45,27,37,33,49,41,25,45,35
[ 263.311435] wil6210-aoa$0,1579164808.328155,04:d6:aa:c1:38:97,2,1,1,0,128,900,394,693,926,498,813,727,731,763,415,496,671,13,327,354,761,587,233,330,675,465,910,733,940,105,618,41,816,701,63,322,900,59,38,41,44,63,63,36,58,39,51,19,57,56,40,64,46,40,27,53,16,25,29,23,47,28,36,36,50,44,27,47,36
[ 263.342172] wil6210-aoa$0,1579164808.358892,04:d6:aa:c1:38:97,2,1,1,0,128,483,616,254,103,1014,1015,316,943,322,671,54,856,572,529,344,777,145,513,884,874,486,902,678,890,112,651,47,784,707,74,314,852,60,39,47,48,67,64,37,62,41,52,21,61,59,42,66,47,41,30,55,17,27,28,26,48,30,38,36,54,45,30,50,36
[ 263.373463] wil6210-aoa$0,1579164808.390179,04:d6:aa:c1:38:97,2,1,1,0,128,928,365,715,943,405,800,782,738,809,465,1023,838,573,512,907,956,64,397,376,725,881,634,174,723,114,649,468,547,256,958,743,305,62,40,46,48,64,64,36,62,39,54,20,61,60,43,66,49,44,33,57,17,28,29,26,50,32,39,39,52,49,33,49,38
[ 263.414015] wil6210-aoa$0,1579164808.430733,04:d6:aa:c1:38:97,2,1,1,0,128,447,618,238,87,993,4,314,934,307,701,32,871,598,572,952,988,122,465,843,873,474,898,730,960,122,663,16,791,745,73,800,323,63,41,47,48,66,64,36,62,41,54,21,60,59,42,66,46,43,32,58,17,27,29,26,49,30,39,37,50,48,30,49,37
[ 263.454173] wil6210-aoa$0,1579164808.470893,04:d6:aa:c1:38:97,2,1,1,0,128,489,580,231,90,994,1003,291,937,343,687,1020,853,564,504,866,971,72,417,302,681,468,866,734,950,152,668,38,799,730,65,616,132,57,36,41,43,59,60,34,58,36,49,19,57,53,37,62,44,37,26,50,15,24,27,22,44,27,37,34,50,41,27,46,36
[ 263.487739] wil6210-aoa$0,1579164808.504455,04:d6:aa:c1:38:97,2,1,1,0,128,446,603,226,76,982,1013,308,973,302,642,5,868,13,324,314,758,161,487,858,852,445,878,679,907,116,639,485,590,182,917,69,712,70,49,54,53,70,71,39,70,45,57,22,64,62,44,69,50,46,38,64,19,33,30,30,51,36,42,40,54,54,37,50,38
[ 263.520272] wil6210-aoa$0,1579164808.536993,04:d6:aa:c1:38:97,2,1,1,0,128,464,537,281,140,962,979,309,914,299,628,81,914,601,544,909,968,112,431,873,881,367,824,77,704,577,428,534,660,776,114,583,83,57,43,43,37,55,51,27,52,35,40,12,44,41,30,44,33,35,33,51,13,25,19,22,34,26,27,27,34,43,30,30,22
[ 263.555253] wil6210-aoa$0,1579164808.571972,04:d6:aa:c1:38:97,2,1,1,0,128,455,606,278,107,984,1006,287,904,255,640,5,845,53,340,887,958,94,431,943,915,875,683,684,908,75,600,35,794,759,114,983,444,64,43,50,50,66,67,40,67,41,55,22,65,60,42,68,49,44,32,59,17,29,30,28,51,33,41,38,55,49,33,50,39
[ 263.591666] wil6210-aoa$0,1579164808.608387,04:d6:aa:c1:38:97,2,1,1,0,128,533,612,274,120,951,974,294,934,294,661,15,837,587,517,916,965,112,485,848,874,472,889,693,923,114,630,967,724,750,95,331,864,60,38,46,44,63,61,36,61,39,52,21,61,57,40,65,48,41,27,54,16,26,29,24,47,29,38,35,52,44,28,48,36
[ 263.622269] wil6210-aoa$0,1579164808.638991,04:d6:aa:c1:38:97,2,1,1,0,128,978,375,752,938,375,773,810,774,282,646,2,826,601,540,810,894,600,269,854,832,453,867,103,703,141,638,443,569,239,940,546,93,63,40,46,47,64,66,37,63,39,53,21,62,59,41,65,49,43,31,58,17,28,29,26,49,33,39,37,54,48,31,49,37
